#type:G;
#time  Rt  Nm  Tt  Nc  Rx  Gz  Pc  Pf  Ra  Te  Pm  Fp  Fc  Ta  Fm  Om  Lm  Oc  Sm  Sc  Em  Af  Ea  Cf  Ec  Gd  Zt  Et  Ep  dedup_put_diff  total_eph_put_diff  dedup_factor  dedup_curr  compression_saving  tze_saving  
1441338131  0  0  5  0  0  0  0  0  0  0  0  0  0  0  0  0  0  0  0  0  0  0  0  0  0  0  0  0  0  0  0  0 0 0 0 
1441338131  0  0  6  0  0  0  0  0  0  0  0  0  0  0  0  0  0  0  0  0  0  0  0  0  0  0  0  0  0  0  0  0 0 0 0 
1441338132  0  0  6  0  0  0  0  0  0  0  0  0  0  0  0  0  0  0  0  0  0  0  0  0  0  0  0  0  0  0  0  0 0 0 0 
1441338132  0  0  7  0  0  0  0  0  0  0  0  0  0  0  0  0  0  0  0  0  0  0  0  0  0  0  0  0  0  0  0  0 0 0 0 
1441338133  0  0  8  0  0  0  0  0  0  0  0  0  0  0  0  0  0  0  0  0  0  0  0  0  0  0  0  0  0  0  0  0 0 0 0 
1441338133  0  0  9  0  0  0  0  0  0  0  0  0  0  0  0  0  0  0  0  0  0  0  0  0  0  0  0  0  0  0  0  0 0 0 0 
1441338134  0  0  10  0  0  0  0  0  0  0  0  0  0  0  0  0  0  0  0  0  0  0  0  0  0  0  0  0  0  0  0  0 0 0 0 
1441338134  0  0  11  0  0  0  0  0  0  0  0  0  0  0  0  0  0  0  0  0  0  0  0  0  0  0  0  0  0  0  0  0 0 0 0 
1441338135  0  0  12  0  0  0  0  0  0  0  0  0  0  0  0  0  0  0  0  0  0  0  0  0  0  0  0  0  0  0  0  0 0 0 0 
1441338135  0  0  13  0  0  0  0  0  0  0  0  0  0  0  0  0  0  0  0  0  0  0  0  0  0  0  0  0  0  0  0  0 0 0 0 
1441338136  0  0  13  0  0  0  0  0  0  0  0  0  0  0  0  0  0  0  0  0  0  0  0  0  0  0  0  0  0  0  0  0 0 0 0 
1441338136  0  0  14  0  0  0  0  0  0  0  0  0  0  0  0  0  0  0  0  0  0  0  0  0  0  0  0  0  0  0  0  0 0 0 0 
1441338137  0  0  15  0  0  0  0  0  0  0  0  0  0  0  0  0  0  0  0  0  0  0  0  0  0  0  0  0  0  0  0  0 0 0 0 
1441338137  0  0  16  0  0  0  0  0  0  0  0  0  0  0  0  0  0  0  0  0  0  0  0  0  0  0  0  0  0  0  0  0 0 0 0 
1441338138  0  0  17  0  0  0  0  0  0  0  0  0  0  0  0  0  0  0  0  0  0  0  0  0  0  0  0  0  0  0  0  0 0 0 0 
1441338139  0  0  18  0  0  0  0  0  0  0  0  0  0  0  0  0  0  0  0  0  0  0  0  0  0  0  0  0  0  0  0  0 0 0 0 
1441338139  0  0  19  0  0  0  0  0  0  0  0  0  0  0  0  0  0  0  0  0  0  0  0  0  0  0  0  0  0  0  0  0 0 0 0 
1441338140  0  0  19  0  0  0  0  0  0  0  0  0  0  0  0  0  0  0  0  0  0  0  0  0  0  0  0  0  0  0  0  0 0 0 0 
1441338140  0  0  20  0  0  0  0  0  0  0  0  0  0  0  0  0  0  0  0  0  0  0  0  0  0  0  0  0  0  0  0  0 0 0 0 
1441338141  0  0  21  0  0  0  0  0  0  0  0  0  0  0  0  0  0  0  0  0  0  0  0  0  0  0  0  0  0  0  0  0 0 0 0 
1441338141  0  0  22  0  0  0  0  0  0  0  0  0  0  0  0  0  0  0  0  0  0  0  0  0  0  0  0  0  0  0  0  0 0 0 0 
1441338142  0  0  23  0  0  0  0  0  0  0  0  0  0  0  0  0  0  0  0  0  0  0  0  0  0  0  0  0  0  0  0  0 0 0 0 
1441338142  0  0  24  0  0  0  0  0  0  0  0  0  0  0  0  0  0  0  0  0  0  0  0  0  0  0  0  0  0  0  0  0 0 0 0 
1441338143  0  0  25  0  0  0  0  0  0  0  0  0  0  0  0  0  0  0  0  0  0  0  0  0  0  0  0  0  0  0  0  0 0 0 0 
1441338143  0  0  25  0  0  0  0  0  0  0  0  0  0  0  0  0  0  0  0  0  0  0  0  0  0  0  0  0  0  0  0  0 0 0 0 
1441338144  0  0  26  0  0  0  0  0  0  0  0  0  0  0  0  0  0  0  0  0  0  0  0  0  0  0  0  0  0  0  0  0 0 0 0 
1441338144  0  0  27  0  0  0  0  0  0  0  0  0  0  0  0  0  0  0  0  0  0  0  0  0  0  0  0  0  0  0  0  0 0 0 0 
1441338145  0  0  28  0  0  0  0  0  0  0  0  0  0  0  0  0  0  0  0  0  0  0  0  0  0  0  0  0  0  0  0  0 0 0 0 
1441338145  0  0  29  0  0  0  0  0  0  0  0  0  0  0  0  0  0  0  0  0  0  0  0  0  0  0  0  0  0  0  0  0 0 0 0 
1441338146  0  0  30  0  0  0  0  0  0  0  0  0  0  0  0  0  0  0  0  0  0  0  0  0  0  0  0  0  0  0  0  0 0 0 0 
1441338146  0  0  31  0  0  0  0  0  0  0  0  0  0  0  0  0  0  0  0  0  0  0  0  0  0  0  0  0  0  0  0  0 0 0 0 
1441338147  0  0  32  0  0  0  0  0  0  0  0  0  0  0  0  0  0  0  0  0  0  0  0  0  0  0  0  0  0  0  0  0 0 0 0 
1441338147  0  0  32  0  0  0  0  0  0  0  0  0  0  0  0  0  0  0  0  0  0  0  0  0  0  0  0  0  0  0  0  0 0 0 0 
1441338148  0  0  33  0  0  0  0  0  0  0  0  0  0  0  0  0  0  0  0  0  0  0  0  0  0  0  0  0  0  0  0  0 0 0 0 
1441338148  0  0  34  0  0  0  0  0  0  0  0  0  0  0  0  0  0  0  0  0  0  0  0  0  0  0  0  0  0  0  0  0 0 0 0 
1441338149  0  0  35  0  0  0  0  0  0  0  0  0  0  0  0  0  0  0  0  0  0  0  0  0  0  0  0  0  0  0  0  0 0 0 0 
1441338149  0  0  36  0  0  0  0  0  0  0  0  0  0  0  0  0  0  0  0  0  0  0  0  0  0  0  0  0  0  0  0  0 0 0 0 
1441338150  0  0  37  0  0  0  0  0  0  0  0  0  0  0  0  0  0  0  0  0  0  0  0  0  0  0  0  0  0  0  0  0 0 0 0 
1441338150  0  0  38  0  0  0  0  0  0  0  0  0  0  0  0  0  0  0  0  0  0  0  0  0  0  0  0  0  0  0  0  0 0 0 0 
1441338151  0  0  39  0  0  0  0  0  0  0  0  0  0  0  0  0  0  0  0  0  0  0  0  0  0  0  0  0  0  0  0  0 0 0 0 
1441338151  0  0  39  0  0  0  0  0  0  0  0  0  0  0  0  0  0  0  0  0  0  0  0  0  0  0  0  0  0  0  0  0 0 0 0 
1441338152  0  0  40  0  0  0  0  0  0  0  0  0  0  0  0  0  0  0  0  0  0  0  0  0  0  0  0  0  0  0  0  0 0 0 0 
1441338152  0  0  41  0  0  0  0  0  0  0  0  0  0  0  0  0  0  0  0  0  0  0  0  0  0  0  0  0  0  0  0  0 0 0 0 
1441338153  0  0  42  0  0  0  0  0  0  0  0  0  0  0  0  0  0  0  0  0  0  0  0  0  0  0  0  0  0  0  0  0 0 0 0 
1441338153  0  0  43  0  0  0  0  0  0  0  0  0  0  0  0  0  0  0  0  0  0  0  0  0  0  0  0  0  0  0  0  0 0 0 0 
1441338154  0  0  44  0  0  0  0  0  0  0  0  0  0  0  0  0  0  0  0  0  0  0  0  0  0  0  0  0  0  0  0  0 0 0 0 
1441338154  0  0  45  0  0  0  0  0  0  0  0  0  0  0  0  0  0  0  0  0  0  0  0  0  0  0  0  0  0  0  0  0 0 0 0 
1441338155  0  0  45  0  0  0  0  0  0  0  0  0  0  0  0  0  0  0  0  0  0  0  0  0  0  0  0  0  0  0  0  0 0 0 0 
1441338155  0  0  46  0  0  0  0  0  0  0  0  0  0  0  0  0  0  0  0  0  0  0  0  0  0  0  0  0  0  0  0  0 0 0 0 
1441338156  0  0  47  0  0  0  0  0  0  0  0  0  0  0  0  0  0  0  0  0  0  0  0  0  0  0  0  0  0  0  0  0 0 0 0 
1441338156  0  0  48  0  0  0  0  0  0  0  0  0  0  0  0  0  0  0  0  0  0  0  0  0  0  0  0  0  0  0  0  0 0 0 0 
1441338157  0  0  49  0  0  0  0  0  0  0  0  0  0  0  0  0  0  0  0  0  0  0  0  0  0  0  0  0  0  0  0  0 0 0 0 
1441338157  0  0  50  0  0  0  0  0  0  0  0  0  0  0  0  0  0  0  0  0  0  0  0  0  0  0  0  0  0  0  0  0 0 0 0 
1441338158  0  0  51  0  0  0  0  0  0  0  0  0  0  0  0  0  0  0  0  0  0  0  0  0  0  0  0  0  0  0  0  0 0 0 0 
1441338158  0  0  51  0  0  0  0  0  0  0  0  0  0  0  0  0  0  0  0  0  0  0  0  0  0  0  0  0  0  0  0  0 0 0 0 
1441338159  0  0  52  0  0  0  0  0  0  0  0  0  0  0  0  0  0  0  0  0  0  0  0  0  0  0  0  0  0  0  0  0 0 0 0 
1441338159  0  0  53  0  0  0  0  0  0  0  0  0  0  0  0  0  0  0  0  0  0  0  0  0  0  0  0  0  0  0  0  0 0 0 0 
1441338160  0  0  54  0  0  0  0  0  0  0  0  0  0  0  0  0  0  0  0  0  0  0  0  0  0  0  0  0  0  0  0  0 0 0 0 
1441338160  0  0  55  0  0  0  0  0  0  0  0  0  0  0  0  0  0  0  0  0  0  0  0  0  0  0  0  0  0  0  0  0 0 0 0 
1441338161  0  0  56  0  0  0  0  0  0  0  0  0  0  0  0  0  0  0  0  0  0  0  0  0  0  0  0  0  0  0  0  0 0 0 0 
1441338161  0  0  57  0  0  0  0  0  0  0  0  0  0  0  0  0  0  0  0  0  0  0  0  0  0  0  0  0  0  0  0  0 0 0 0 
1441338162  0  0  57  0  0  0  0  0  0  0  0  0  0  0  0  0  0  0  0  0  0  0  0  0  0  0  0  0  0  0  0  0 0 0 0 
1441338162  0  0  58  0  0  0  0  0  0  0  0  0  0  0  0  0  0  0  0  0  0  0  0  0  0  0  0  0  0  0  0  0 0 0 0 
1441338163  0  0  59  0  0  0  0  0  0  0  0  0  0  0  0  0  0  0  0  0  0  0  0  0  0  0  0  0  0  0  0  0 0 0 0 
1441338163  0  0  60  0  0  0  0  0  0  0  0  0  0  0  0  0  0  0  0  0  0  0  0  0  0  0  0  0  0  0  0  0 0 0 0 
1441338164  0  0  61  0  0  0  0  0  0  0  0  0  0  0  0  0  0  0  0  0  0  0  0  0  0  0  0  0  0  0  0  0 0 0 0 
1441338164  0  0  62  0  0  0  0  0  0  0  0  0  0  0  0  0  0  0  0  0  0  0  0  0  0  0  0  0  0  0  0  0 0 0 0 
1441338165  0  0  63  0  0  0  0  0  0  0  0  0  0  0  0  0  0  0  0  0  0  0  0  0  0  0  0  0  0  0  0  0 0 0 0 
1441338165  0  0  63  0  0  0  0  0  0  0  0  0  0  0  0  0  0  0  0  0  0  0  0  0  0  0  0  0  0  0  0  0 0 0 0 
1441338166  0  0  64  0  0  0  0  0  0  0  0  0  0  0  0  0  0  0  0  0  0  0  0  0  0  0  0  0  0  0  0  0 0 0 0 
1441338166  0  0  65  0  0  0  0  0  0  0  0  0  0  0  0  0  0  0  0  0  0  0  0  0  0  0  0  0  0  0  0  0 0 0 0 
1441338167  0  0  66  0  0  0  0  0  0  0  0  0  0  0  0  0  0  0  0  0  0  0  0  0  0  0  0  0  0  0  0  0 0 0 0 
1441338167  0  0  67  0  0  0  0  0  0  0  0  0  0  0  0  0  0  0  0  0  0  0  0  0  0  0  0  0  0  0  0  0 0 0 0 
1441338168  0  0  68  0  0  0  0  0  0  0  0  0  0  0  0  0  0  0  0  0  0  0  0  0  0  0  0  0  0  0  0  0 0 0 0 
1441338168  0  0  69  0  0  0  0  0  0  0  0  0  0  0  0  0  0  0  0  0  0  0  0  0  0  0  0  0  0  0  0  0 0 0 0 
1441338169  0  0  69  0  0  0  0  0  0  0  0  0  0  0  0  0  0  0  0  0  0  0  0  0  0  0  0  0  0  0  0  0 0 0 0 
1441338169  0  0  70  0  0  0  0  0  0  0  0  0  0  0  0  0  0  0  0  0  0  0  0  0  0  0  0  0  0  0  0  0 0 0 0 
1441338170  0  0  71  0  0  0  0  0  0  0  0  0  0  0  0  0  0  0  0  0  0  0  0  0  0  0  0  0  0  0  0  0 0 0 0 
1441338170  0  0  72  0  0  0  0  0  0  0  0  0  0  0  0  0  0  0  0  0  0  0  0  0  0  0  0  0  0  0  0  0 0 0 0 
1441338171  0  0  73  0  0  0  0  0  0  0  0  0  0  0  0  0  0  0  0  0  0  0  0  0  0  0  0  0  0  0  0  0 0 0 0 
1441338171  0  0  74  0  0  0  0  0  0  0  0  0  0  0  0  0  0  0  0  0  0  0  0  0  0  0  0  0  0  0  0  0 0 0 0 
1441338172  0  0  75  0  0  0  0  0  0  0  0  0  0  0  0  0  0  0  0  0  0  0  0  0  0  0  0  0  0  0  0  0 0 0 0 
1441338172  0  0  75  0  0  0  0  0  0  0  0  0  0  0  0  0  0  0  0  0  0  0  0  0  0  0  0  0  0  0  0  0 0 0 0 
1441338173  0  0  76  0  0  0  0  0  0  0  0  0  0  0  0  0  0  0  0  0  0  0  0  0  0  0  0  0  0  0  0  0 0 0 0 
1441338173  0  0  77  0  0  0  0  0  0  0  0  0  0  0  0  0  0  0  0  0  0  0  0  0  0  0  0  0  0  0  0  0 0 0 0 
1441338174  0  0  78  0  0  0  0  0  0  0  0  0  0  0  0  0  0  0  0  0  0  0  0  0  0  0  0  0  0  0  0  0 0 0 0 
1441338174  0  0  79  0  0  0  0  0  0  0  0  0  0  0  0  0  0  0  0  0  0  0  0  0  0  0  0  0  0  0  0  0 0 0 0 
1441338175  0  0  80  0  0  0  0  0  0  0  0  0  0  0  0  0  0  0  0  0  0  0  0  0  0  0  0  0  0  0  0  0 0 0 0 
1441338176  0  0  80  0  0  0  0  0  0  0  0  0  0  0  0  0  0  0  0  0  0  0  0  0  0  0  0  0  0  0  0  0 0 0 0 
1441338176  0  0  81  0  0  0  0  0  0  0  0  0  0  0  0  0  0  0  0  0  0  0  0  0  0  0  0  0  0  0  0  0 0 0 0 
1441338177  0  0  82  0  0  0  0  0  0  0  0  0  0  0  0  0  0  0  0  0  0  0  0  0  0  0  0  0  0  0  0  0 0 0 0 
1441338177  0  0  83  0  0  0  0  0  0  0  0  0  0  0  0  0  0  0  0  0  0  0  0  0  0  0  0  0  0  0  0  0 0 0 0 
1441338178  0  0  84  0  0  0  0  0  0  0  0  0  0  0  0  0  0  0  0  0  0  0  0  0  0  0  0  0  0  0  0  0 0 0 0 
1441338178  0  0  85  0  0  0  0  0  0  0  0  0  0  0  0  0  0  0  0  0  0  0  0  0  0  0  0  0  0  0  0  0 0 0 0 
1441338179  0  0  86  0  0  0  0  0  0  0  0  0  0  0  0  0  0  0  0  0  0  0  0  0  0  0  0  0  0  0  0  0 0 0 0 
1441338179  0  0  86  0  0  0  0  0  0  0  0  0  0  0  0  0  0  0  0  0  0  0  0  0  0  0  0  0  0  0  0  0 0 0 0 
1441338180  0  0  87  0  0  0  0  0  0  0  0  0  0  0  0  0  0  0  0  0  0  0  0  0  0  0  0  0  0  0  0  0 0 0 0 
1441338180  0  0  88  0  0  0  0  0  0  0  0  0  0  0  0  0  0  0  0  0  0  0  0  0  0  0  0  0  0  0  0  0 0 0 0 
1441338181  0  0  89  0  0  0  0  0  0  0  0  0  0  0  0  0  0  0  0  0  0  0  0  0  0  0  0  0  0  0  0  0 0 0 0 
1441338181  0  0  90  0  0  0  0  0  0  0  0  0  0  0  0  0  0  0  0  0  0  0  0  0  0  0  0  0  0  0  0  0 0 0 0 
1441338182  0  0  91  0  0  0  0  0  0  0  0  0  0  0  0  0  0  0  0  0  0  0  0  0  0  0  0  0  0  0  0  0 0 0 0 
1441338182  0  0  92  0  0  0  0  0  0  0  0  0  0  0  0  0  0  0  0  0  0  0  0  0  0  0  0  0  0  0  0  0 0 0 0 
1441338183  0  0  92  0  0  0  0  0  0  0  0  0  0  0  0  0  0  0  0  0  0  0  0  0  0  0  0  0  0  0  0  0 0 0 0 
1441338183  0  0  93  0  0  0  0  0  0  0  0  0  0  0  0  0  0  0  0  0  0  0  0  0  0  0  0  0  0  0  0  0 0 0 0 
1441338184  0  0  94  0  0  0  0  0  0  0  0  0  0  0  0  0  0  0  0  0  0  0  0  0  0  0  0  0  0  0  0  0 0 0 0 
1441338184  0  0  95  0  0  0  0  0  0  0  0  0  0  0  0  0  0  0  0  0  0  0  0  0  0  0  0  0  0  0  0  0 0 0 0 
1441338185  0  0  96  0  0  0  0  0  0  0  0  0  0  0  0  0  0  0  0  0  0  0  0  0  0  0  0  0  0  0  0  0 0 0 0 
1441338185  0  0  97  0  0  0  0  0  0  0  0  0  0  0  0  0  0  0  0  0  0  0  0  0  0  0  0  0  0  0  0  0 0 0 0 
1441338186  0  0  98  0  0  0  0  0  0  0  0  0  0  0  0  0  0  0  0  0  0  0  0  0  0  0  0  0  0  0  0  0 0 0 0 
1441338186  0  0  98  0  0  0  0  0  0  0  0  0  0  0  0  0  0  0  0  0  0  0  0  0  0  0  0  0  0  0  0  0 0 0 0 
1441338187  0  0  99  0  0  0  0  0  0  0  0  0  0  0  0  0  0  0  0  0  0  0  0  0  0  0  0  0  0  0  0  0 0 0 0 
1441338187  0  0  100  0  0  0  0  0  0  0  0  0  0  0  0  0  0  0  0  0  0  0  0  0  0  0  0  0  0  0  0  0 0 0 0 
1441338188  0  0  101  0  0  0  0  0  0  0  0  0  0  0  0  0  0  0  0  0  0  0  0  0  0  0  0  0  0  0  0  0 0 0 0 
1441338188  0  0  102  0  0  0  0  0  0  0  0  0  0  0  0  0  0  0  0  0  0  0  0  0  0  0  0  0  0  0  0  0 0 0 0 
1441338189  0  0  103  0  0  0  0  0  0  0  0  0  0  0  0  0  0  0  0  0  0  0  0  0  0  0  0  0  0  0  0  0 0 0 0 
1441338189  0  0  104  0  0  0  0  0  0  0  0  0  0  0  0  0  0  0  0  0  0  0  0  0  0  0  0  0  0  0  0  0 0 0 0 
1441338190  0  0  104  0  0  0  0  0  0  0  0  0  0  0  0  0  0  0  0  0  0  0  0  0  0  0  0  0  0  0  0  0 0 0 0 
1441338190  0  0  105  0  0  0  0  0  0  0  0  0  0  0  0  0  0  0  0  0  0  0  0  0  0  0  0  0  0  0  0  0 0 0 0 
1441338191  0  0  106  0  0  0  0  0  0  0  0  0  0  0  0  0  0  0  0  0  0  0  0  0  0  0  0  0  0  0  0  0 0 0 0 
1441338191  0  0  107  0  0  0  0  0  0  0  0  0  0  0  0  0  0  0  0  0  0  0  0  0  0  0  0  0  0  0  0  0 0 0 0 
1441338192  0  0  108  0  0  0  0  0  0  0  0  0  0  0  0  0  0  0  0  0  0  0  0  0  0  0  0  0  0  0  0  0 0 0 0 
1441338192  0  0  109  0  0  0  0  0  0  0  0  0  0  0  0  0  0  0  0  0  0  0  0  0  0  0  0  0  0  0  0  0 0 0 0 
1441338193  0  0  110  0  0  0  0  0  0  0  0  0  0  0  0  0  0  0  0  0  0  0  0  0  0  0  0  0  0  0  0  0 0 0 0 
1441338193  0  0  110  0  0  0  0  0  0  0  0  0  0  0  0  0  0  0  0  0  0  0  0  0  0  0  0  0  0  0  0  0 0 0 0 
1441338194  0  0  111  0  0  0  0  0  0  0  0  0  0  0  0  0  0  0  0  0  0  0  0  0  0  0  0  0  0  0  0  0 0 0 0 
1441338194  0  0  112  0  0  0  0  0  0  0  0  0  0  0  0  0  0  0  0  0  0  0  0  0  0  0  0  0  0  0  0  0 0 0 0 
1441338195  0  0  113  0  0  0  0  0  0  0  0  0  0  0  0  0  0  0  0  0  0  0  0  0  0  0  0  0  0  0  0  0 0 0 0 
1441338195  0  0  114  0  0  0  0  0  0  0  0  0  0  0  0  0  0  0  0  0  0  0  0  0  0  0  0  0  0  0  0  0 0 0 0 
1441338196  0  0  115  0  0  0  0  0  0  0  0  0  0  0  0  0  0  0  0  0  0  0  0  0  0  0  0  0  0  0  0  0 0 0 0 
1441338196  0  0  116  0  0  0  0  0  0  0  0  0  0  0  0  0  0  0  0  0  0  0  0  0  0  0  0  0  0  0  0  0 0 0 0 
1441338197  0  0  116  0  0  0  0  0  0  0  0  0  0  0  0  0  0  0  0  0  0  0  0  0  0  0  0  0  0  0  0  0 0 0 0 
1441338197  0  0  117  0  0  0  0  0  0  0  0  0  0  0  0  0  0  0  0  0  0  0  0  0  0  0  0  0  0  0  0  0 0 0 0 
1441338198  0  0  118  0  0  0  0  0  0  0  0  0  0  0  0  0  0  0  0  0  0  0  0  0  0  0  0  0  0  0  0  0 0 0 0 
1441338198  0  0  119  0  0  0  0  0  0  0  0  0  0  0  0  0  0  0  0  0  0  0  0  0  0  0  0  0  0  0  0  0 0 0 0 
1441338199  0  0  120  0  0  0  0  0  0  0  0  0  0  0  0  0  0  0  0  0  0  0  0  0  0  0  0  0  0  0  0  0 0 0 0 
1441338199  0  0  123  0  0  0  0  0  0  0  0  0  0  0  0  0  0  0  0  0  0  0  0  0  0  0  0  0  0  0  0  0 0 0 0 
1441338200  0  0  124  0  0  0  0  0  0  0  0  0  0  0  0  0  0  0  0  0  0  0  0  0  0  0  0  0  0  0  0  0 0 0 0 
1441338200  0  0  124  0  0  0  0  0  0  0  0  0  0  0  0  0  0  0  0  0  0  0  0  0  0  0  0  0  0  0  0  0 0 0 0 
1441338201  0  0  125  0  0  0  0  0  0  0  0  0  0  0  0  0  0  0  0  0  0  0  0  0  0  0  0  0  0  0  0  0 0 0 0 
1441338202  0  0  128  0  0  0  0  0  0  0  0  0  0  0  0  0  0  0  0  0  0  0  0  0  0  0  0  0  0  0  0  0 0 0 0 
1441338203  0  0  128  0  0  0  0  0  0  0  0  0  0  0  0  0  0  0  0  0  0  0  0  0  0  0  0  0  0  0  0  0 0 0 0 
1441338203  0  0  129  0  0  0  0  0  0  0  0  0  0  0  0  0  0  0  0  0  0  0  0  0  0  0  0  0  0  0  0  0 0 0 0 
1441338204  0  0  130  0  0  0  0  0  0  0  0  0  0  0  0  0  0  0  0  0  0  0  0  0  0  0  0  0  0  0  0  0 0 0 0 
1441338204  0  0  131  0  0  0  0  0  0  0  0  0  0  0  0  0  0  0  0  0  0  0  0  0  0  0  0  0  0  0  0  0 0 0 0 
1441338205  0  0  132  0  0  0  0  0  0  0  0  0  0  0  0  0  0  0  0  0  0  0  0  0  0  0  0  0  0  0  0  0 0 0 0 
1441338205  0  0  133  0  0  0  0  0  0  0  0  0  0  0  0  0  0  0  0  0  0  0  0  0  0  0  0  0  0  0  0  0 0 0 0 
1441338206  0  0  134  0  0  0  0  0  0  0  0  0  0  0  0  0  0  0  0  0  0  0  0  0  0  0  0  0  0  0  0  0 0 0 0 
1441338206  0  0  134  0  0  0  0  0  0  0  0  0  0  0  0  0  0  0  0  0  0  0  0  0  0  0  0  0  0  0  0  0 0 0 0 
1441338207  0  0  524  0  0  0  0  0  0  388  0  0  0  0  0  0  0  0  0  0  0  0  0  0  0  0  0  0  0  0  0  0 0 0 0 
1441338207  0  0  1260  0  0  0  0  0  0  1123  0  0  0  0  0  0  0  0  0  0  0  0  0  0  0  0  0  0  0  0  0  0 0 0 0 
1441338208  0  0  1741  0  0  0  0  0  0  1603  0  0  0  0  0  0  0  0  0  0  0  0  0  0  0  0  0  0  0  0  0  0 0 0 0 
1441338208  0  0  2152  0  0  0  0  0  0  2013  0  0  0  0  0  0  0  0  0  0  0  0  0  0  0  0  0  0  0  0  0  0 0 0 0 
1441338209  0  0  2525  0  0  0  0  0  0  2385  0  0  0  0  0  0  0  0  0  0  0  0  0  0  0  0  0  0  0  0  0  0 0 0 0 
1441338209  0  0  3234  0  0  0  0  0  0  3040  0  0  0  0  0  0  0  0  0  0  0  0  0  0  0  0  0  0  0  0  0  0 0 0 0 
1441338210  0  0  3234  0  0  0  0  0  0  3040  0  0  0  0  0  0  0  0  0  0  0  0  0  0  0  0  0  0  0  0  0  0 0 0 0 
1441338210  0  0  4264  0  0  0  0  0  0  4065  0  0  0  0  0  0  0  0  0  0  0  0  0  0  0  0  0  0  0  0  0  0 0 0 0 
1441338211  0  0  5040  0  0  0  0  0  0  4829  0  0  0  0  0  0  0  0  0  0  0  0  0  0  0  0  0  0  0  0  0  0 0 0 0 
1441338211  0  0  5116  0  0  0  0  0  0  4904  0  0  0  0  0  0  0  0  0  0  0  0  0  0  0  0  0  0  0  0  0  0 0 0 0 
1441338212  0  0  5117  0  0  0  0  0  0  4904  0  0  0  0  0  0  0  0  0  0  0  0  0  0  0  0  0  0  0  0  0  0 0 0 0 
1441338212  0  0  5118  0  0  0  0  0  0  4904  0  0  0  0  0  0  0  0  0  0  0  0  0  0  0  0  0  0  0  0  0  0 0 0 0 
1441338213  0  0  5119  0  0  0  0  0  0  4904  0  0  0  0  0  0  0  0  0  0  0  0  0  0  0  0  0  0  0  0  0  0 0 0 0 
1441338213  0  0  5119  0  0  0  0  0  0  4904  0  0  0  0  0  0  0  0  0  0  0  0  0  0  0  0  0  0  0  0  0  0 0 0 0 
1441338214  0  0  5120  0  0  0  0  0  0  4904  0  0  0  0  0  0  0  0  0  0  0  0  0  0  0  0  0  0  0  0  0  0 0 0 0 
1441338214  0  0  5121  0  0  0  0  0  0  4904  0  0  0  0  0  0  0  0  0  0  0  0  0  0  0  0  0  0  0  0  0  0 0 0 0 
1441338215  0  0  5122  0  0  0  0  0  0  4904  0  0  0  0  0  0  0  0  0  0  0  0  0  0  0  0  0  0  0  0  0  0 0 0 0 
1441338215  0  0  5123  0  0  0  0  0  0  4904  0  0  0  0  0  0  0  0  0  0  0  0  0  0  0  0  0  0  0  0  0  0 0 0 0 
1441338216  0  0  5124  0  0  0  0  0  0  4904  0  0  0  0  0  0  0  0  0  0  0  0  0  0  0  0  0  0  0  0  0  0 0 0 0 
1441338216  0  0  5125  0  0  0  0  0  0  4904  0  0  0  0  0  0  0  0  0  0  0  0  0  0  0  0  0  0  0  0  0  0 0 0 0 
1441338217  0  0  5125  0  0  0  0  0  0  4904  0  0  0  0  0  0  0  0  0  0  0  0  0  0  0  0  0  0  0  0  0  0 0 0 0 
1441338217  0  0  5126  0  0  0  0  0  0  4904  0  0  0  0  0  0  0  0  0  0  0  0  0  0  0  0  0  0  0  0  0  0 0 0 0 
1441338218  0  0  5127  0  0  0  0  0  0  4904  0  0  0  0  0  0  0  0  0  0  0  0  0  0  0  0  0  0  0  0  0  0 0 0 0 
1441338218  0  0  5128  0  0  0  0  0  0  4904  0  0  0  0  0  0  0  0  0  0  0  0  0  0  0  0  0  0  0  0  0  0 0 0 0 
1441338219  0  0  5129  0  0  0  0  0  0  4904  0  0  0  0  0  0  0  0  0  0  0  0  0  0  0  0  0  0  0  0  0  0 0 0 0 
1441338219  0  0  5130  0  0  0  0  0  0  4904  0  0  0  0  0  0  0  0  0  0  0  0  0  0  0  0  0  0  0  0  0  0 0 0 0 
1441338220  0  0  5131  0  0  0  0  0  0  4904  0  0  0  0  0  0  0  0  0  0  0  0  0  0  0  0  0  0  0  0  0  0 0 0 0 
1441338220  0  0  5131  0  0  0  0  0  0  4904  0  0  0  0  0  0  0  0  0  0  0  0  0  0  0  0  0  0  0  0  0  0 0 0 0 
1441338221  0  0  5132  0  0  0  0  0  0  4904  0  0  0  0  0  0  0  0  0  0  0  0  0  0  0  0  0  0  0  0  0  0 0 0 0 
1441338221  0  0  5133  0  0  0  0  0  0  4904  0  0  0  0  0  0  0  0  0  0  0  0  0  0  0  0  0  0  0  0  0  0 0 0 0 
1441338222  0  0  5134  0  0  0  0  0  0  4904  0  0  0  0  0  0  0  0  0  0  0  0  0  0  0  0  0  0  0  0  0  0 0 0 0 
1441338222  0  0  5135  0  0  0  0  0  0  4904  0  0  0  0  0  0  0  0  0  0  0  0  0  0  0  0  0  0  0  0  0  0 0 0 0 
1441338223  0  0  5136  0  0  0  0  0  0  4904  0  0  0  0  0  0  0  0  0  0  0  0  0  0  0  0  0  0  0  0  0  0 0 0 0 
1441338223  0  0  5137  0  0  0  0  0  0  4904  0  0  0  0  0  0  0  0  0  0  0  0  0  0  0  0  0  0  0  0  0  0 0 0 0 
1441338224  0  0  5137  0  0  0  0  0  0  4904  0  0  0  0  0  0  0  0  0  0  0  0  0  0  0  0  0  0  0  0  0  0 0 0 0 
1441338224  0  0  5138  0  0  0  0  0  0  4904  0  0  0  0  0  0  0  0  0  0  0  0  0  0  0  0  0  0  0  0  0  0 0 0 0 
1441338225  0  0  5139  0  0  0  0  0  0  4904  0  0  0  0  0  0  0  0  0  0  0  0  0  0  0  0  0  0  0  0  0  0 0 0 0 
1441338225  0  0  5140  0  0  0  0  0  0  4904  0  0  0  0  0  0  0  0  0  0  0  0  0  0  0  0  0  0  0  0  0  0 0 0 0 
1441338226  0  0  5141  0  0  0  0  0  0  4904  0  0  0  0  0  0  0  0  0  0  0  0  0  0  0  0  0  0  0  0  0  0 0 0 0 
1441338226  0  0  5142  0  0  0  0  0  0  4904  0  0  0  0  0  0  0  0  0  0  0  0  0  0  0  0  0  0  0  0  0  0 0 0 0 
1441338227  0  0  5143  0  0  0  0  0  0  4904  0  0  0  0  0  0  0  0  0  0  0  0  0  0  0  0  0  0  0  0  0  0 0 0 0 
1441338227  0  0  5143  0  0  0  0  0  0  4904  0  0  0  0  0  0  0  0  0  0  0  0  0  0  0  0  0  0  0  0  0  0 0 0 0 
1441338228  0  0  5144  0  0  0  0  0  0  4904  0  0  0  0  0  0  0  0  0  0  0  0  0  0  0  0  0  0  0  0  0  0 0 0 0 
1441338228  0  0  5145  0  0  0  0  0  0  4904  0  0  0  0  0  0  0  0  0  0  0  0  0  0  0  0  0  0  0  0  0  0 0 0 0 
1441338229  0  0  5146  0  0  0  0  0  0  4904  0  0  0  0  0  0  0  0  0  0  0  0  0  0  0  0  0  0  0  0  0  0 0 0 0 
1441338229  0  0  5147  0  0  0  0  0  0  4904  0  0  0  0  0  0  0  0  0  0  0  0  0  0  0  0  0  0  0  0  0  0 0 0 0 
1441338230  0  0  5148  0  0  0  0  0  0  4904  0  0  0  0  0  0  0  0  0  0  0  0  0  0  0  0  0  0  0  0  0  0 0 0 0 
1441338230  0  0  5149  0  0  0  0  0  0  4904  0  0  0  0  0  0  0  0  0  0  0  0  0  0  0  0  0  0  0  0  0  0 0 0 0 
1441338231  0  0  5149  0  0  0  0  0  0  4904  0  0  0  0  0  0  0  0  0  0  0  0  0  0  0  0  0  0  0  0  0  0 0 0 0 
1441338231  0  0  5150  0  0  0  0  0  0  4904  0  0  0  0  0  0  0  0  0  0  0  0  0  0  0  0  0  0  0  0  0  0 0 0 0 
1441338232  0  0  5151  0  0  0  0  0  0  4904  0  0  0  0  0  0  0  0  0  0  0  0  0  0  0  0  0  0  0  0  0  0 0 0 0 
1441338232  0  0  5152  0  0  0  0  0  0  4904  0  0  0  0  0  0  0  0  0  0  0  0  0  0  0  0  0  0  0  0  0  0 0 0 0 
1441338233  0  0  5153  0  0  0  0  0  0  4904  0  0  0  0  0  0  0  0  0  0  0  0  0  0  0  0  0  0  0  0  0  0 0 0 0 
1441338233  0  0  5154  0  0  0  0  0  0  4904  0  0  0  0  0  0  0  0  0  0  0  0  0  0  0  0  0  0  0  0  0  0 0 0 0 
1441338234  0  0  5155  0  0  0  0  0  0  4904  0  0  0  0  0  0  0  0  0  0  0  0  0  0  0  0  0  0  0  0  0  0 0 0 0 
1441338234  0  0  5155  0  0  0  0  0  0  4904  0  0  0  0  0  0  0  0  0  0  0  0  0  0  0  0  0  0  0  0  0  0 0 0 0 
1441338235  0  0  5156  0  0  0  0  0  0  4904  0  0  0  0  0  0  0  0  0  0  0  0  0  0  0  0  0  0  0  0  0  0 0 0 0 
1441338235  0  0  5157  0  0  0  0  0  0  4904  0  0  0  0  0  0  0  0  0  0  0  0  0  0  0  0  0  0  0  0  0  0 0 0 0 
1441338236  0  0  5158  0  0  0  0  0  0  4904  0  0  0  0  0  0  0  0  0  0  0  0  0  0  0  0  0  0  0  0  0  0 0 0 0 
1441338236  0  0  5159  0  0  0  0  0  0  4904  0  0  0  0  0  0  0  0  0  0  0  0  0  0  0  0  0  0  0  0  0  0 0 0 0 
1441338237  0  0  5160  0  0  0  0  0  0  4904  0  0  0  0  0  0  0  0  0  0  0  0  0  0  0  0  0  0  0  0  0  0 0 0 0 
1441338238  0  0  5161  0  0  0  0  0  0  4904  0  0  0  0  0  0  0  0  0  0  0  0  0  0  0  0  0  0  0  0  0  0 0 0 0 
1441338238  0  0  5161  0  0  0  0  0  0  4904  0  0  0  0  0  0  0  0  0  0  0  0  0  0  0  0  0  0  0  0  0  0 0 0 0 
1441338239  0  0  5162  0  0  0  0  0  0  4904  0  0  0  0  0  0  0  0  0  0  0  0  0  0  0  0  0  0  0  0  0  0 0 0 0 
1441338239  0  0  5163  0  0  0  0  0  0  4904  0  0  0  0  0  0  0  0  0  0  0  0  0  0  0  0  0  0  0  0  0  0 0 0 0 
1441338240  0  0  5164  0  0  0  0  0  0  4904  0  0  0  0  0  0  0  0  0  0  0  0  0  0  0  0  0  0  0  0  0  0 0 0 0 
1441338240  0  0  5165  0  0  0  0  0  0  4904  0  0  0  0  0  0  0  0  0  0  0  0  0  0  0  0  0  0  0  0  0  0 0 0 0 
1441338241  0  0  5166  0  0  0  0  0  0  4904  0  0  0  0  0  0  0  0  0  0  0  0  0  0  0  0  0  0  0  0  0  0 0 0 0 
1441338241  0  0  5167  0  0  0  0  0  0  4904  0  0  0  0  0  0  0  0  0  0  0  0  0  0  0  0  0  0  0  0  0  0 0 0 0 
1441338242  0  0  5167  0  0  0  0  0  0  4904  0  0  0  0  0  0  0  0  0  0  0  0  0  0  0  0  0  0  0  0  0  0 0 0 0 
1441338242  0  0  5168  0  0  0  0  0  0  4904  0  0  0  0  0  0  0  0  0  0  0  0  0  0  0  0  0  0  0  0  0  0 0 0 0 
1441338243  0  0  5169  0  0  0  0  0  0  4904  0  0  0  0  0  0  0  0  0  0  0  0  0  0  0  0  0  0  0  0  0  0 0 0 0 
1441338243  0  0  5170  0  0  0  0  0  0  4904  0  0  0  0  0  0  0  0  0  0  0  0  0  0  0  0  0  0  0  0  0  0 0 0 0 
1441338244  0  0  5171  0  0  0  0  0  0  4904  0  0  0  0  0  0  0  0  0  0  0  0  0  0  0  0  0  0  0  0  0  0 0 0 0 
1441338244  0  0  5172  0  0  0  0  0  0  4904  0  0  0  0  0  0  0  0  0  0  0  0  0  0  0  0  0  0  0  0  0  0 0 0 0 
1441338245  0  0  5173  0  0  0  0  0  0  4904  0  0  0  0  0  0  0  0  0  0  0  0  0  0  0  0  0  0  0  0  0  0 0 0 0 
1441338245  0  0  5173  0  0  0  0  0  0  4904  0  0  0  0  0  0  0  0  0  0  0  0  0  0  0  0  0  0  0  0  0  0 0 0 0 
1441338246  0  0  5174  0  0  0  0  0  0  4904  0  0  0  0  0  0  0  0  0  0  0  0  0  0  0  0  0  0  0  0  0  0 0 0 0 
1441338246  0  0  5175  0  0  0  0  0  0  4904  0  0  0  0  0  0  0  0  0  0  0  0  0  0  0  0  0  0  0  0  0  0 0 0 0 
1441338247  0  0  5176  0  0  0  0  0  0  4904  0  0  0  0  0  0  0  0  0  0  0  0  0  0  0  0  0  0  0  0  0  0 0 0 0 
1441338247  0  0  5177  0  0  0  0  0  0  4904  0  0  0  0  0  0  0  0  0  0  0  0  0  0  0  0  0  0  0  0  0  0 0 0 0 
1441338248  0  0  5178  0  0  0  0  0  0  4904  0  0  0  0  0  0  0  0  0  0  0  0  0  0  0  0  0  0  0  0  0  0 0 0 0 
1441338248  0  0  5179  0  0  0  0  0  0  4904  0  0  0  0  0  0  0  0  0  0  0  0  0  0  0  0  0  0  0  0  0  0 0 0 0 
1441338249  0  0  5179  0  0  0  0  0  0  4904  0  0  0  0  0  0  0  0  0  0  0  0  0  0  0  0  0  0  0  0  0  0 0 0 0 
1441338249  0  0  5180  0  0  0  0  0  0  4904  0  0  0  0  0  0  0  0  0  0  0  0  0  0  0  0  0  0  0  0  0  0 0 0 0 
1441338250  0  0  5181  0  0  0  0  0  0  4904  0  0  0  0  0  0  0  0  0  0  0  0  0  0  0  0  0  0  0  0  0  0 0 0 0 
1441338250  0  0  5182  0  0  0  0  0  0  4904  0  0  0  0  0  0  0  0  0  0  0  0  0  0  0  0  0  0  0  0  0  0 0 0 0 
1441338251  0  0  5183  0  0  0  0  0  0  4904  0  0  0  0  0  0  0  0  0  0  0  0  0  0  0  0  0  0  0  0  0  0 0 0 0 
1441338251  0  0  5184  0  0  0  0  0  0  4904  0  0  0  0  0  0  0  0  0  0  0  0  0  0  0  0  0  0  0  0  0  0 0 0 0 
1441338252  0  0  5185  0  0  0  0  0  0  4904  0  0  0  0  0  0  0  0  0  0  0  0  0  0  0  0  0  0  0  0  0  0 0 0 0 
1441338252  0  0  5185  0  0  0  0  0  0  4904  0  0  0  0  0  0  0  0  0  0  0  0  0  0  0  0  0  0  0  0  0  0 0 0 0 
1441338253  0  0  5186  0  0  0  0  0  0  4904  0  0  0  0  0  0  0  0  0  0  0  0  0  0  0  0  0  0  0  0  0  0 0 0 0 
1441338253  0  0  5187  0  0  0  0  0  0  4904  0  0  0  0  0  0  0  0  0  0  0  0  0  0  0  0  0  0  0  0  0  0 0 0 0 
1441338254  0  0  5188  0  0  0  0  0  0  4904  0  0  0  0  0  0  0  0  0  0  0  0  0  0  0  0  0  0  0  0  0  0 0 0 0 
1441338254  0  0  5189  0  0  0  0  0  0  4904  0  0  0  0  0  0  0  0  0  0  0  0  0  0  0  0  0  0  0  0  0  0 0 0 0 
1441338255  0  0  5190  0  0  0  0  0  0  4904  0  0  0  0  0  0  0  0  0  0  0  0  0  0  0  0  0  0  0  0  0  0 0 0 0 
1441338255  0  0  5191  0  0  0  0  0  0  4904  0  0  0  0  0  0  0  0  0  0  0  0  0  0  0  0  0  0  0  0  0  0 0 0 0 
1441338256  0  0  5191  0  0  0  0  0  0  4904  0  0  0  0  0  0  0  0  0  0  0  0  0  0  0  0  0  0  0  0  0  0 0 0 0 
1441338256  0  0  5192  0  0  0  0  0  0  4904  0  0  0  0  0  0  0  0  0  0  0  0  0  0  0  0  0  0  0  0  0  0 0 0 0 
1441338257  0  0  5193  0  0  0  0  0  0  4904  0  0  0  0  0  0  0  0  0  0  0  0  0  0  0  0  0  0  0  0  0  0 0 0 0 
1441338257  0  0  5194  0  0  0  0  0  0  4904  0  0  0  0  0  0  0  0  0  0  0  0  0  0  0  0  0  0  0  0  0  0 0 0 0 
1441338258  0  0  5195  0  0  0  0  0  0  4904  0  0  0  0  0  0  0  0  0  0  0  0  0  0  0  0  0  0  0  0  0  0 0 0 0 
1441338258  0  0  5196  0  0  0  0  0  0  4904  0  0  0  0  0  0  0  0  0  0  0  0  0  0  0  0  0  0  0  0  0  0 0 0 0 
1441338259  0  0  5197  0  0  0  0  0  0  4904  0  0  0  0  0  0  0  0  0  0  0  0  0  0  0  0  0  0  0  0  0  0 0 0 0 
1441338259  0  0  5197  0  0  0  0  0  0  4904  0  0  0  0  0  0  0  0  0  0  0  0  0  0  0  0  0  0  0  0  0  0 0 0 0 
1441338260  0  0  5198  0  0  0  0  0  0  4904  0  0  0  0  0  0  0  0  0  0  0  0  0  0  0  0  0  0  0  0  0  0 0 0 0 
1441338260  0  0  5199  0  0  0  0  0  0  4904  0  0  0  0  0  0  0  0  0  0  0  0  0  0  0  0  0  0  0  0  0  0 0 0 0 
1441338261  0  0  5200  0  0  0  0  0  0  4904  0  0  0  0  0  0  0  0  0  0  0  0  0  0  0  0  0  0  0  0  0  0 0 0 0 
1441338261  0  0  5201  0  0  0  0  0  0  4904  0  0  0  0  0  0  0  0  0  0  0  0  0  0  0  0  0  0  0  0  0  0 0 0 0 
1441338262  0  0  5202  0  0  0  0  0  0  4904  0  0  0  0  0  0  0  0  0  0  0  0  0  0  0  0  0  0  0  0  0  0 0 0 0 
1441338262  0  0  5203  0  0  0  0  0  0  4904  0  0  0  0  0  0  0  0  0  0  0  0  0  0  0  0  0  0  0  0  0  0 0 0 0 
1441338263  0  0  5203  0  0  0  0  0  0  4904  0  0  0  0  0  0  0  0  0  0  0  0  0  0  0  0  0  0  0  0  0  0 0 0 0 
1441338263  0  0  5206  0  0  0  0  0  0  4905  0  0  0  0  0  0  0  0  0  0  0  0  0  0  0  0  0  0  0  0  0  0 0 0 0 
1441338264  0  0  5207  0  0  0  0  0  0  4905  0  0  0  0  0  0  0  0  0  0  0  0  0  0  0  0  0  0  0  0  0  0 0 0 0 
1441338264  0  0  5208  0  0  0  0  0  0  4905  0  0  0  0  0  0  0  0  0  0  0  0  0  0  0  0  0  0  0  0  0  0 0 0 0 
1441338265  0  0  5209  0  0  0  0  0  0  4905  0  0  0  0  0  0  0  0  0  0  0  0  0  0  0  0  0  0  0  0  0  0 0 0 0 
1441338265  0  0  5210  0  0  0  0  0  0  4905  0  0  0  0  0  0  0  0  0  0  0  0  0  0  0  0  0  0  0  0  0  0 0 0 0 
1441338266  0  0  5211  0  0  0  0  0  0  4905  0  0  0  0  0  0  0  0  0  0  0  0  0  0  0  0  0  0  0  0  0  0 0 0 0 
1441338266  0  0  5211  0  0  0  0  0  0  4905  0  0  0  0  0  0  0  0  0  0  0  0  0  0  0  0  0  0  0  0  0  0 0 0 0 
1441338267  0  0  5212  0  0  0  0  0  0  4905  0  0  0  0  0  0  0  0  0  0  0  0  0  0  0  0  0  0  0  0  0  0 0 0 0 
1441338267  0  0  5213  0  0  0  0  0  0  4905  0  0  0  0  0  0  0  0  0  0  0  0  0  0  0  0  0  0  0  0  0  0 0 0 0 
1441338268  0  0  5214  0  0  0  0  0  0  4905  0  0  0  0  0  0  0  0  0  0  0  0  0  0  0  0  0  0  0  0  0  0 0 0 0 
1441338268  0  0  5215  0  0  0  0  0  0  4905  0  0  0  0  0  0  0  0  0  0  0  0  0  0  0  0  0  0  0  0  0  0 0 0 0 
1441338269  0  0  5216  0  0  0  0  0  0  4905  0  0  0  0  0  0  0  0  0  0  0  0  0  0  0  0  0  0  0  0  0  0 0 0 0 
1441338269  0  0  5217  0  0  0  0  0  0  4905  0  0  0  0  0  0  0  0  0  0  0  0  0  0  0  0  0  0  0  0  0  0 0 0 0 
1441338270  0  0  5217  0  0  0  0  0  0  4905  0  0  0  0  0  0  0  0  0  0  0  0  0  0  0  0  0  0  0  0  0  0 0 0 0 
1441338270  0  0  5218  0  0  0  0  0  0  4905  0  0  0  0  0  0  0  0  0  0  0  0  0  0  0  0  0  0  0  0  0  0 0 0 0 
1441338271  0  0  5219  0  0  0  0  0  0  4905  0  0  0  0  0  0  0  0  0  0  0  0  0  0  0  0  0  0  0  0  0  0 0 0 0 
1441338271  0  0  5220  0  0  0  0  0  0  4905  0  0  0  0  0  0  0  0  0  0  0  0  0  0  0  0  0  0  0  0  0  0 0 0 0 
1441338272  0  0  5221  0  0  0  0  0  0  4905  0  0  0  0  0  0  0  0  0  0  0  0  0  0  0  0  0  0  0  0  0  0 0 0 0 
1441338272  0  0  5222  0  0  0  0  0  0  4905  0  0  0  0  0  0  0  0  0  0  0  0  0  0  0  0  0  0  0  0  0  0 0 0 0 
1441338273  0  0  5433  0  0  0  0  0  0  5018  0  0  0  0  0  0  0  0  0  0  0  0  0  0  0  0  0  0  0  0  0  0 0 0 0 
1441338273  0  0  5433  0  0  0  0  0  0  5018  0  0  0  0  0  0  0  0  0  0  0  0  0  0  0  0  0  0  0  0  0  0 0 0 0 
1441338274  0  234  9463  182  0  0  2682  0  0  5023  3435  0  9  307  13  354  0  190  0  0  3435  5  0  0  2682  0  0  0  3435  0  3435  0.0  100.0  0 0 
1441338274  0  234  9645  178  0  0  2606  0  0  5023  3435  0  6  367  13  354  0  188  0  0  3435  5  0  0  2606  0  0  0  3435  0  0  0.0  100.0  0 0 
1441338275  0  234  9646  178  0  0  2606  0  0  5023  3435  0  6  367  13  354  0  188  0  0  3435  5  0  0  2606  0  0  0  3435  0  0  0.0  100.0  0 0 
1441338275  0  234  9647  178  0  0  2606  0  0  5023  3435  0  6  367  13  354  0  188  0  0  3435  5  0  0  2606  0  0  0  3435  0  0  0.0  100.0  0 0 
1441338276  0  234  9648  178  0  0  2606  0  0  5023  3435  0  6  367  13  354  0  188  0  0  3435  5  0  0  2606  0  0  0  3435  0  0  0.0  100.0  0 0 
1441338277  0  234  9649  178  0  0  2606  0  0  5023  3435  0  6  367  13  354  0  188  0  0  3435  5  0  0  2606  0  0  0  3435  0  0  0.0  100.0  0 0 
1441338277  0  234  9650  178  0  0  2606  0  0  5023  3435  0  6  367  13  354  0  188  0  0  3435  5  0  0  2606  0  0  0  3435  0  0  0.0  100.0  0 0 
1441338278  0  234  9651  178  0  0  2606  0  0  5023  3435  0  6  367  13  354  0  188  0  0  3435  5  0  0  2606  0  0  0  3435  0  0  0.0  100.0  0 0 
1441338278  0  234  9651  178  0  0  2606  0  0  5023  3435  0  6  367  13  354  0  188  0  0  3435  5  0  0  2606  0  0  0  3435  0  0  0.0  100.0  0 0 
1441338279  0  234  9652  178  0  0  2606  0  0  5023  3435  0  6  367  13  354  0  188  0  0  3435  5  0  0  2606  0  0  0  3435  0  0  0.0  100.0  0 0 
1441338279  0  234  9653  178  0  0  2606  0  0  5023  3435  0  6  367  13  354  0  188  0  0  3435  5  0  0  2606  0  0  0  3435  0  0  0.0  100.0  0 0 
1441338280  0  234  11628  208  0  0  3015  0  0  5035  3435  0  25  183  25  354  0  225  0  0  3435  17  0  0  3015  0  0  0  3844  0  409  0.0  100.0  0 0 
1441338280  0  234  20772  208  0  0  3015  0  0  5035  3435  0  25  183  25  354  0  225  0  0  3435  17  0  0  3015  0  0  0  3844  0  0  0.0  100.0  0 0 
1441338281  0  234  20772  208  0  0  3015  0  0  5035  3435  0  25  183  25  354  0  225  0  0  3435  17  0  0  3015  0  0  0  3844  0  0  0.0  100.0  0 0 
1441338281  0  234  29401  208  0  0  3015  0  0  5035  3435  0  25  183  25  354  0  225  0  0  3435  17  0  0  3015  0  0  0  3844  0  0  0.0  100.0  0 0 
1441338282  0  234  34129  208  0  0  3015  0  0  5035  3435  0  25  183  25  354  0  225  0  0  3435  17  0  0  3015  0  0  0  3844  0  0  0.0  100.0  0 0 
1441338282  0  234  45854  208  0  0  3015  0  0  5035  3435  0  25  183  25  354  0  225  0  0  3435  17  0  0  3015  0  0  0  3844  0  0  0.0  100.0  0 0 
1441338283  0  234  45854  208  0  0  3015  0  0  5035  3435  0  25  183  25  354  0  225  0  0  3435  17  0  0  3015  0  0  0  3844  0  0  0.0  100.0  0 0 
1441338283  0  234  54506  208  0  0  3015  0  0  5035  3435  0  25  183  25  354  0  225  0  0  3435  17  0  0  3015  0  0  0  3844  0  0  0.0  100.0  0 0 
1441338284  0  234  60032  208  0  0  3015  0  0  5035  3435  0  25  183  25  354  0  225  0  0  3435  17  0  0  3015  0  0  0  3844  0  0  0.0  100.0  0 0 
1441338284  0  234  67716  208  0  0  3015  0  0  5035  3435  0  25  183  25  354  0  225  0  0  3435  17  0  0  3015  0  0  0  3844  0  0  0.0  100.0  0 0 
1441338285  0  234  77194  208  0  0  3015  0  0  5035  3435  0  25  183  25  354  0  225  0  0  3435  17  0  0  3015  0  0  0  3844  0  0  0.0  100.0  0 0 
1441338285  0  234  77194  208  0  0  3015  0  0  5035  3435  0  25  183  25  354  0  225  0  0  3435  17  0  0  3015  0  0  0  3844  0  0  0.0  100.0  0 0 
1441338286  0  234  107276  207  0  0  3686  0  0  5036  3686  0  30  0  30  354  0  222  0  0  3686  18  0  0  3686  0  0  0  4596  0  752  0.0  100.0  0 0 
1441338286  0  234  107277  207  0  0  3686  0  0  5036  3686  0  30  0  30  354  0  222  0  0  3686  18  0  0  3686  0  0  0  4596  0  0  0.0  100.0  0 0 
1441338287  0  234  122669  207  0  0  3670  0  0  5036  3686  0  30  11  30  354  0  222  0  0  3686  18  0  0  3670  0  0  0  4596  0  0  0.0  100.0  0 0 
1441338290  0  234  130473  212  0  0  3775  0  0  5036  3775  0  135  0  135  354  0  224  0  0  3775  18  0  0  3775  0  0  0  4701  0  105  0.0  100.0  0 0 
1441338291  0  262  181060  262  0  0  4575  0  0  5036  4575  0  937  0  937  354  0  231  0  0  4575  18  0  0  4575  0  0  0  5517  0  816  0.0  100.0  0 0 
1441338291  0  262  181060  262  0  0  4575  0  0  5036  4575  0  937  0  937  354  0  231  0  0  4575  18  0  0  4575  0  0  0  5517  0  0  0.0  100.0  0 0 
1441338292  0  284  190618  284  0  0  4958  0  0  5037  4958  0  1227  0  1227  354  0  237  0  0  4958  19  0  0  4958  0  0  0  5900  0  383  0.0  100.0  0 0 
1441338292  0  299  198760  299  0  0  5213  0  0  5037  5213  0  1482  0  1482  354  0  237  0  0  5213  19  0  0  5213  0  0  0  6155  0  255  0.0  100.0  0 0 
1441338293  0  313  208511  313  0  0  5539  0  0  5037  5539  0  1808  0  1808  354  0  237  0  0  5539  19  0  0  5539  0  0  0  6481  0  326  0.0  100.0  0 0 
1441338293  0  338  217158  338  0  0  6018  0  0  5037  6018  0  2243  0  2243  354  0  239  0  0  6018  19  0  0  6018  0  0  0  6960  0  479  0.0  100.0  0 0 
1441338294  0  366  224997  366  0  0  7155  0  0  5037  7155  0  3310  0  3310  354  0  241  0  0  7155  19  0  0  7155  0  0  0  8097  0  1137  0.0  100.0  0 0 
1441338294  0  436  235090  436  0  0  10706  0  0  5037  10706  0  6725  0  6725  354  0  241  0  0  10706  19  0  0  10706  0  0  0  11648  0  3551  0.0  100.0  0 0 
1441338295  0  436  235090  436  0  0  10706  0  0  5037  10706  0  6725  0  6725  354  0  241  0  0  10706  19  0  0  10706  0  0  0  11648  0  0  0.0  100.0  0 0 
1441338295  0  486  245548  486  0  0  13870  0  0  5037  13870  0  9862  0  9862  354  0  241  0  0  13870  19  0  0  13870  0  0  0  14812  0  3164  0.0  100.0  0 0 
1441338296  0  540  254721  540  0  0  17167  0  0  5037  17167  0  13157  0  13157  354  0  244  0  0  17167  19  0  0  17167  0  0  0  18109  0  3297  0.0  100.0  0 0 
1441338296  0  601  264240  601  0  0  21040  0  0  5037  21040  0  17005  0  17005  354  0  245  0  0  21040  19  0  0  21040  0  0  0  21982  0  3873  0.0  100.0  0 0 
1441338297  0  634  271494  634  0  0  23464  0  0  5037  23464  0  19429  0  19429  354  0  245  0  0  23464  19  0  0  23464  0  0  0  24406  0  2424  0.0  100.0  0 0 
1441338297  0  680  279174  680  0  0  26682  0  0  5037  26682  0  22646  0  22646  354  0  245  0  0  26682  19  0  0  26682  0  0  0  27624  0  3218  0.0  100.0  0 0 
1441338298  0  687  294086  584  0  0  21866  0  0  5037  27185  0  17816  5393  23148  354  0  244  0  0  27185  19  0  0  21866  0  0  0  32838  0  5214  0.0  100.0  0 0 
1441338299  0  687  300873  611  0  0  24193  0  0  5037  27185  0  19706  3503  23148  354  0  244  0  0  27185  19  0  0  24193  0  0  0  35165  0  2327  0.0  100.0  0 0 
1441338299  0  687  300873  611  0  0  24193  0  0  5037  27185  0  19706  3503  23148  354  0  244  0  0  27185  19  0  0  24193  0  0  0  35165  0  0  0.0  100.0  0 0 
1441338300  0  687  307890  649  0  0  27386  0  0  5037  27386  0  22341  802  23148  354  0  245  0  0  27386  19  0  0  27386  0  0  0  38358  0  3193  0.0  100.0  0 0 
1441338300  0  694  317358  692  0  0  29684  0  0  5037  29684  0  23962  0  23962  354  0  247  0  0  29684  19  0  0  29684  0  0  0  41597  0  3239  0.0  100.0  0 0 
1441338301  0  732  331418  732  0  0  31515  0  0  5037  31515  0  24900  0  24916  354  0  249  0  0  31515  19  0  0  31515  0  0  0  46019  0  4422  0.0  100.0  0 0 
1441338301  0  783  340581  783  0  0  34533  0  0  5037  34533  0  27084  0  27084  354  0  250  0  0  34533  19  0  0  34533  0  0  0  49041  0  3022  0.0  100.0  0 0 
1441338302  0  798  355485  797  0  0  34693  0  0  5037  35449  0  30472  0  30472  354  0  250  0  0  35449  19  0  0  34693  0  0  0  52801  0  3760  0.0  100.0  0 0 
1441338302  0  831  363800  831  0  0  36532  0  0  5037  36532  0  32155  0  32155  354  0  250  0  0  36532  19  0  0  36532  0  0  0  54640  0  1839  0.0  100.0  0 0 
1441338303  0  831  363800  831  0  0  36532  0  0  5037  36532  0  32155  0  32155  354  0  250  0  0  36532  19  0  0  36532  0  0  0  54640  0  0  0.0  100.0  0 0 
1441338303  0  888  371556  888  0  0  40129  0  0  5037  40129  0  35656  0  35656  354  0  251  0  0  40129  19  0  0  40129  0  0  0  58245  0  3605  0.0  100.0  0 0 
1441338304  0  944  379240  944  0  0  42610  0  0  5037  42610  0  38039  0  38039  354  0  252  0  0  42610  19  0  0  42610  0  0  0  60726  0  2481  0.0  100.0  0 0 
1441338304  0  978  388973  965  0  0  43662  0  0  5037  44558  0  39086  900  39981  354  0  252  0  0  44558  19  0  0  43662  0  0  0  63475  0  2749  0.0  100.0  0 0 
1441338305  0  978  401213  960  0  0  44414  0  0  5037  44558  0  39517  470  39981  354  0  252  0  0  44558  19  0  0  44414  0  0  0  67609  0  4134  0.0  100.0  0 0 
1441338305  0  1037  411014  1037  0  0  49326  0  0  5037  49326  0  43755  0  43755  354  0  252  0  0  49326  19  0  0  49326  0  0  0  72522  0  4913  0.0  100.0  0 0 
1441338306  0  1091  419281  1091  0  0  53095  0  0  5037  53095  0  45817  0  45817  354  0  253  0  0  53095  19  0  0  53095  0  0  0  76291  0  3769  0.0  100.0  0 0 
1441338306  0  1091  419281  1091  0  0  53095  0  0  5037  53095  0  45817  0  45817  354  0  253  0  0  53095  19  0  0  53095  0  0  0  76291  0  0  0.0  100.0  0 0 
1441338307  0  1159  427401  1159  0  0  58225  0  0  5037  58225  0  46609  0  46609  354  0  254  0  0  58225  19  0  0  58225  0  0  0  81421  0  5130  0.0  100.0  0 0 
1441338307  0  1181  443212  1142  0  0  56721  0  0  5037  59479  0  43233  3925  47158  354  0  254  0  0  59479  19  0  0  56721  0  0  0  84361  0  2940  0.0  100.0  0 0 
1441338308  0  1181  454410  1179  0  0  58708  0  0  5037  59479  0  43562  3584  47158  354  0  255  0  0  59479  19  0  0  58708  0  0  0  87142  0  2781  0.0  100.0  0 0 
1441338308  0  1206  462534  1206  0  0  60337  0  0  5037  60337  0  44541  2549  47158  354  0  256  0  0  60337  19  0  0  60337  0  0  0  88787  0  1645  0.0  100.0  0 0 
1441338309  0  1251  476514  1230  0  0  60953  0  0  5037  62932  0  45011  2042  47158  354  0  256  0  0  62932  19  0  0  60953  0  0  0  95319  0  6532  0.0  100.0  0 0 
1441338309  0  1251  488180  1199  0  0  58399  0  0  5037  62932  0  42600  4465  47158  354  0  256  0  0  62932  19  0  0  58399  0  0  0  97295  0  1976  0.0  100.0  0 0 
1441338310  0  1251  488180  1199  0  0  58399  0  0  5037  62932  0  42600  4465  47158  354  0  256  0  0  62932  19  0  0  58399  0  0  0  97295  0  0  0.0  100.0  0 0 
1441338310  0  1251  493162  1081  0  0  51228  0  0  5037  62932  0  38543  8655  47158  354  0  254  0  0  62932  19  0  0  51228  0  0  0  98189  0  894  0.0  100.0  0 0 
1441338311  0  1251  506132  1112  0  0  52740  0  0  5037  62932  0  40830  6381  47158  354  0  257  0  0  62932  19  0  0  52740  0  0  0  101749  0  3560  0.0  100.0  0 0 
1441338311  0  1251  518412  1126  0  0  54263  0  0  5037  62932  0  44053  3160  47158  354  0  257  0  0  62932  19  0  0  54263  0  0  0  105302  0  3553  0.0  100.0  0 0 
1441338312  0  1251  528450  1158  0  0  56434  0  0  5037  62932  0  46177  1037  47158  354  0  259  0  0  62932  19  0  0  56434  0  0  0  109541  0  4239  0.0  100.0  0 0 
1441338312  0  1251  535020  1185  0  0  57812  0  0  5037  62932  0  47555  0  47555  354  0  262  0  0  62932  19  0  0  57812  0  0  0  111795  0  2254  0.0  100.0  0 0 
1441338313  0  1251  541881  1223  0  0  59879  0  0  5037  62932  0  49591  0  49591  354  0  262  0  0  62932  19  0  0  59879  0  0  0  113863  0  2068  0.0  100.0  0 0 
1441338313  0  1273  554595  1273  0  0  63209  0  0  5038  63209  0  52835  0  52835  354  0  262  0  0  63209  20  0  0  63209  0  0  0  119854  0  5991  0.0  100.0  0 0 
1441338314  0  1326  567887  1307  0  0  65211  0  0  5038  66748  0  52796  2357  55158  354  0  262  0  0  66748  20  0  0  65211  0  0  0  124416  0  4562  0.0  100.0  0 0 
1441338315  0  1326  576406  1255  0  0  61638  0  0  5038  66748  0  44424  10729  55158  354  0  260  0  0  66748  20  0  0  61638  0  0  0  129714  0  5298  0.0  100.0  0 0 
1441338315  0  1326  576406  1255  0  0  61638  0  0  5038  66748  0  44424  10729  55158  354  0  260  0  0  66748  20  0  0  61638  0  0  0  129714  0  0  0.0  100.0  0 0 
1441338316  0  1326  583147  1293  0  0  63824  0  0  5038  66748  0  45170  9983  55158  354  0  260  0  0  66748  20  0  0  63824  0  0  0  132822  0  3108  0.0  100.0  0 0 
1441338316  0  1326  596304  1310  0  0  64662  0  0  5038  66748  0  49263  5879  55158  354  0  261  0  0  66748  20  0  0  64662  0  0  0  137500  0  4678  0.0  100.0  0 0 
1441338317  0  1343  606618  1343  0  0  65890  0  0  5038  66748  0  51135  4001  55158  354  0  261  0  0  66748  20  0  0  65890  0  0  0  140763  0  3263  0.0  100.0  0 0 
1441338317  0  1396  616113  1383  0  0  68345  0  0  5038  69240  0  53172  1860  55158  354  0  263  0  0  69240  20  0  0  68345  0  0  0  144326  0  3563  0.0  100.0  0 0 
1441338318  0  1405  625587  1328  0  0  64741  0  0  5038  69240  0  49191  5836  55158  354  0  263  0  0  69240  20  0  0  64741  0  0  0  147170  0  2844  0.0  100.0  0 0 
1441338318  0  1405  631443  1305  0  0  63333  0  0  5038  69240  0  47555  7473  55158  354  0  261  0  0  69240  20  0  0  63333  0  0  0  148060  0  890  0.0  100.0  0 0 
1441338319  0  1405  631443  1305  0  0  63333  0  0  5038  69240  0  47555  7473  55158  354  0  261  0  0  69240  20  0  0  63333  0  0  0  148060  0  0  0.0  100.0  0 0 
1441338319  0  1405  640700  1302  0  0  63184  0  0  5038  69240  0  46742  8286  55158  354  0  262  0  0  69240  20  0  0  63184  0  0  0  148788  0  728  0.0  100.0  0 0 
1441338320  0  1405  649687  1352  0  0  66081  0  0  5038  69240  0  47906  7122  55158  354  0  264  0  0  69240  20  0  0  66081  0  0  0  151687  0  2899  0.0  100.0  0 0 
1441338320  0  1405  656102  1390  0  0  69160  0  0  5038  69240  0  48090  6873  55158  354  0  264  0  0  69240  20  0  0  69160  0  0  0  154766  0  3079  0.0  100.0  0 0 
1441338325  0  1436  663064  1436  0  0  71961  0  0  5038  71961  0  48418  6433  55158  354  0  264  0  0  71961  20  0  0  71961  0  0  0  157568  0  2802  0.0  100.0  0 0 
1441338326  0  1441  750003  1375  0  0  68212  0  0  5039  72245  0  47159  7819  55158  354  0  266  0  0  72245  21  0  0  68212  0  0  0  176764  0  19196  0.0  100.0  0 0 
1441338326  0  1441  760345  1438  0  0  71455  0  0  5039  72245  0  50267  4610  55158  354  0  266  0  0  72245  21  0  0  71455  0  0  0  180008  0  3244  0.0  100.0  0 0 
1441338327  0  1505  781652  1405  0  0  71192  0  0  5039  74896  0  48309  6443  55158  354  0  263  0  0  74896  21  0  0  71192  0  0  0  184115  0  4107  0.0  100.0  0 0 
1441338327  0  1505  781652  1405  0  0  71192  0  0  5039  74896  0  48309  6443  55158  354  0  263  0  0  74896  21  0  0  71192  0  0  0  184115  0  0  0.0  100.0  0 0 
1441338328  0  1505  787526  1421  0  0  71894  0  0  5039  74896  0  49332  5421  55158  354  0  263  0  0  74896  21  0  0  71894  0  0  0  185874  0  1759  0.0  100.0  0 0 
1441338328  0  1505  796283  1445  0  0  73612  0  0  5039  74896  0  49486  5267  55158  354  0  262  0  0  74896  21  0  0  73612  0  0  0  189608  0  3734  0.0  100.0  0 0 
1441338329  0  1505  800923  1485  0  0  76602  0  0  5039  76602  0  52408  2277  55158  354  0  262  0  0  76602  21  0  0  76602  0  0  0  192598  0  2990  0.0  100.0  0 0 
1441338329  0  1505  808474  1501  0  0  77771  0  0  5039  77771  0  52916  1728  55158  354  0  262  0  0  77771  21  0  0  77771  0  0  0  194561  0  1963  0.0  100.0  0 0 
1441338330  0  1530  814523  1492  0  0  77481  0  0  5039  79721  0  51724  2853  55158  354  0  262  0  0  79721  21  0  0  77481  0  0  0  196831  0  2270  0.0  100.0  0 0 
1441338330  0  1530  823149  1525  0  0  79765  0  0  5039  79765  0  52332  2223  55158  354  0  263  0  0  79765  21  0  0  79765  0  0  0  201167  0  4336  0.0  100.0  0 0 
1441338331  0  1572  843163  1572  0  0  83780  0  0  5039  83780  0  53408  997  55158  354  0  264  0  0  83780  21  0  0  83780  0  0  0  212332  0  11165  0.0  100.0  0 0 
1441338331  0  1572  843163  1572  0  0  83780  0  0  5039  83780  0  53408  997  55158  354  0  264  0  0  83780  21  0  0  83780  0  0  0  212332  0  0  0.0  100.0  0 0 
1441338332  0  1597  857433  1577  0  0  83545  0  0  5039  85070  0  54846  0  55158  354  0  265  0  0  85070  21  0  0  83545  0  0  0  214894  0  2562  0.0  100.0  0 0 
1441338332  0  1597  878335  1555  0  0  80871  0  0  5039  85070  0  54822  643  55464  354  0  266  0  0  85070  21  0  0  80871  0  0  0  218252  0  3358  0.0  100.0  0 0 
1441338333  0  1597  898571  1343  0  0  66019  0  0  5039  85070  0  42575  12932  55464  354  0  264  0  0  85070  21  0  0  66019  0  0  0  220240  0  1988  0.0  100.0  0 0 
1441338333  0  1597  919130  1381  0  0  67485  0  0  5039  85070  0  44690  10851  55464  354  0  264  0  0  85070  21  0  0  67485  0  0  0  227602  0  7362  0.0  100.0  0 0 
1441338334  0  1597  933495  1447  0  0  71932  0  0  5039  85070  0  47674  7867  55464  354  0  265  0  0  85070  21  0  0  71932  0  0  0  232775  0  5173  0.0  100.0  0 0 
1441338334  0  1597  933495  1447  0  0  71932  0  0  5039  85070  0  47674  7867  55464  354  0  265  0  0  85070  21  0  0  71932  0  0  0  232775  0  0  0.0  100.0  0 0 
1441338335  0  1597  945636  1481  0  0  73632  0  0  5039  85070  0  45522  10019  55464  354  0  265  0  0  85070  21  0  0  73632  0  0  0  237135  0  4360  0.0  100.0  0 0 
1441338335  0  1597  951930  1528  0  0  77278  0  0  5039  85070  0  45776  9765  55464  354  0  265  0  0  85070  21  0  0  77278  0  0  0  240783  0  3648  0.0  100.0  0 0 
1441338336  0  1597  954422  1538  0  0  78191  0  0  5039  85070  0  46545  8996  55464  354  0  265  0  0  85070  21  0  0  78191  0  0  0  241696  0  913  0.0  100.0  0 0 
1441338337  0  1597  984576  1511  0  0  78489  0  0  5039  85070  0  43925  11605  55464  354  0  263  0  0  85070  21  0  0  78489  0  0  0  254859  0  13163  0.0  100.0  0 0 
1441338337  0  1597  992714  1581  0  0  83423  0  0  5039  85070  0  47577  7801  55464  354  0  263  0  0  85070  21  0  0  83423  0  0  0  260149  0  5290  0.0  100.0  0 0 
1441338338  0  1597  1011981  1548  0  0  80379  0  0  5039  85070  0  51060  4306  55464  354  0  264  0  0  85070  21  0  0  80379  0  0  0  264532  0  4383  0.0  100.0  0 0 
1441338338  0  1597  1011981  1548  0  0  80379  0  0  5039  85070  0  51060  4306  55464  354  0  264  0  0  85070  21  0  0  80379  0  0  0  264532  0  0  0.0  100.0  0 0 
1441338339  0  1597  1014945  1532  0  0  79758  0  0  5039  85070  0  51659  3727  55464  354  0  263  0  0  85070  21  0  0  79758  0  0  0  265194  0  662  0.0  100.0  0 0 
1441338339  0  1597  1035700  1475  0  0  75609  0  0  5039  85070  0  46258  9131  55464  354  0  263  0  0  85070  21  0  0  75609  0  0  0  268786  0  3592  0.0  100.0  0 0 
1441338340  0  1597  1047393  1426  0  0  73382  0  0  5040  85070  0  43712  11677  55464  354  0  264  0  0  85070  22  0  0  73382  0  0  0  271846  0  3060  0.0  100.0  0 0 
1441338340  0  1597  1061017  1462  0  0  74473  0  0  5040  85070  0  45905  9554  55464  354  0  263  0  0  85070  22  0  0  74473  0  0  0  276014  0  4168  0.0  100.0  0 0 
1441338341  0  1597  1070154  1507  0  0  77304  0  0  5040  85070  0  46156  9303  55464  354  0  264  0  0  85070  22  0  0  77304  0  0  0  278845  0  2831  0.0  100.0  0 0 
1441338341  0  1597  1075568  1516  0  0  77690  0  0  5040  85070  0  46308  9151  55464  354  0  264  0  0  85070  22  0  0  77690  0  0  0  279232  0  387  0.0  100.0  0 0 
1441338342  0  1597  1075568  1516  0  0  77690  0  0  5040  85070  0  46308  9151  55464  354  0  264  0  0  85070  22  0  0  77690  0  0  0  279232  0  0  0.0  100.0  0 0 
1441338342  0  1597  1084167  1586  0  0  81489  0  0  5040  85070  0  46874  8573  55464  354  0  266  0  0  85070  22  0  0  81489  0  0  0  283031  0  3799  0.0  100.0  0 0 
1441338343  0  1678  1093265  1678  0  0  86849  0  0  5040  86849  0  47966  7268  55464  354  0  266  0  0  86849  22  0  0  86849  0  0  0  288391  0  5360  0.0  100.0  0 0 
1441338343  0  1730  1102014  1730  0  0  90081  0  0  5040  90081  0  50976  4148  55464  354  0  267  0  0  90081  22  0  0  90081  0  0  0  292258  0  3867  0.0  100.0  0 0 
1441338344  0  1794  1109684  1794  0  0  94384  0  0  5040  94384  0  55001  0  55464  354  0  267  0  0  94384  22  0  0  94384  0  0  0  296561  0  4303  0.0  100.0  0 0 
1441338344  0  1808  1123272  1669  0  0  87769  0  0  5040  95453  0  48014  7756  55769  354  0  264  0  0  95453  22  0  0  87769  0  0  0  298150  0  1589  0.0  100.0  0 0 
1441338345  0  1808  1146490  1594  0  0  83103  0  0  5040  95453  0  48506  7367  55769  354  0  265  0  0  95453  22  0  0  83103  0  0  0  305691  0  7541  0.0  100.0  0 0 
1441338345  0  1808  1146490  1594  0  0  83103  0  0  5040  95453  0  48506  7367  55769  354  0  265  0  0  95453  22  0  0  83103  0  0  0  305691  0  0  0.0  100.0  0 0 
1441338346  0  1808  1162931  1551  0  0  80971  0  0  5040  95453  0  47072  8865  55769  354  0  264  0  0  95453  22  0  0  80971  0  0  0  310176  0  4485  0.0  100.0  0 0 
1441338346  0  1808  1167262  1569  0  0  82697  0  0  5040  95453  0  48317  7620  55769  354  0  264  0  0  95453  22  0  0  82697  0  0  0  311902  0  1726  0.0  100.0  0 0 
1441338347  0  1808  1176057  1604  0  0  84665  0  0  5040  95453  0  49888  6049  55769  354  0  268  0  0  95453  22  0  0  84665  0  0  0  313870  0  1968  0.0  100.0  0 0 
1441338347  0  1808  1184284  1633  0  0  86453  0  0  5041  95453  0  51584  4353  55769  354  0  268  0  0  95453  23  0  0  86453  0  0  0  315658  0  1788  0.0  100.0  0 0 
1441338348  0  1808  1195572  1662  0  0  87400  0  0  5041  95453  0  53455  2482  55769  354  0  269  0  0  95453  23  0  0  87400  0  0  0  317885  0  2227  0.0  100.0  0 0 
1441338348  0  1808  1195572  1662  0  0  87400  0  0  5041  95453  0  53455  2482  55769  354  0  269  0  0  95453  23  0  0  87400  0  0  0  317885  0  0  0.0  100.0  0 0 
1441338349  0  1808  1218583  1649  0  0  86481  0  0  5041  95453  0  48959  6978  55769  354  0  266  0  0  95453  23  0  0  86481  0  0  0  326731  0  8846  0.0  100.0  0 0 
1441338349  0  1808  1227730  1728  0  0  91431  0  0  5041  95453  0  50186  5676  55769  354  0  267  0  0  95453  23  0  0  91431  0  0  0  331681  0  4950  0.0  100.0  0 0 
1441338350  0  1808  1247399  1591  0  0  83000  0  0  5041  95453  0  48303  7507  55769  354  0  266  0  0  95453  23  0  0  83000  0  0  0  336051  0  4370  0.0  100.0  0 0 
1441338350  0  1808  1254757  1596  0  0  82818  0  0  5041  95453  0  47355  8455  55769  354  0  265  0  0  95453  23  0  0  82818  0  0  0  337920  0  1869  0.0  100.0  0 0 
1441338351  0  1808  1262814  1627  0  0  84997  0  0  5041  95453  0  48154  7656  55769  354  0  265  0  0  95453  23  0  0  84997  0  0  0  340099  0  2179  0.0  100.0  0 0 
1441338351  0  1808  1266669  1639  0  0  85662  0  0  5041  95453  0  48464  7346  55769  354  0  267  0  0  95453  23  0  0  85662  0  0  0  340765  0  666  0.0  100.0  0 0 
1441338352  0  1808  1266669  1639  0  0  85662  0  0  5041  95453  0  48464  7346  55769  354  0  267  0  0  95453  23  0  0  85662  0  0  0  340765  0  0  0.0  100.0  0 0 
1441338352  0  1808  1278516  1683  0  0  88574  0  0  5041  95453  0  48922  6888  55769  354  0  269  0  0  95453  23  0  0  88574  0  0  0  345044  0  4279  0.0  100.0  0 0 
1441338353  0  1808  1293962  1723  0  0  91419  0  0  5042  95453  0  51873  3940  55769  354  0  268  0  0  95453  24  0  0  91419  0  0  0  351761  0  6717  0.0  100.0  0 0 
1441338353  0  1808  1303209  1777  0  0  94114  0  0  5044  95453  0  53489  2283  55769  354  0  269  0  0  95453  26  0  0  94114  0  0  0  354456  0  2695  0.0  100.0  0 0 
1441338354  0  1815  1311600  1815  0  0  96197  0  0  5045  96197  0  54478  1215  55769  354  0  270  0  0  96197  27  0  0  96197  0  0  0  356547  0  2091  0.0  100.0  0 0 
1441338354  0  1827  1319111  1782  0  0  94607  0  0  5045  96767  0  52747  2925  55769  354  0  269  0  0  96767  27  0  0  94607  0  0  0  357245  0  698  0.0  100.0  0 0 
1441338355  0  1842  1331919  1803  0  0  95305  0  0  5046  97539  0  55928  631  56553  354  0  268  0  0  97539  28  0  0  95305  0  0  0  363331  0  6086  0.0  100.0  0 0 
1441338355  0  1842  1331919  1803  0  0  95305  0  0  5046  97539  0  55928  631  56553  354  0  268  0  0  97539  28  0  0  95305  0  0  0  363331  0  0  0.0  100.0  0 0 
1441338356  0  1842  1339531  1750  0  0  91650  0  0  5046  97539  0  52213  4893  57061  354  0  266  0  0  97539  28  0  0  91650  0  0  0  365027  0  1696  0.0  100.0  0 0 
1441338356  0  1842  1353735  1708  0  0  88336  0  0  5048  97539  0  53934  3246  57061  354  0  264  0  0  97539  30  0  0  88336  0  0  0  369156  0  4129  0.0  100.0  0 0 
1441338357  0  1842  1359545  1750  0  0  91343  0  0  5053  97539  0  56541  639  57061  354  0  264  0  0  97539  35  0  0  91343  0  0  0  372163  0  3007  0.0  100.0  0 0 
1441338357  0  1842  1376618  1791  0  0  93934  0  0  5056  97539  0  58702  241  58943  354  0  264  0  0  97539  38  0  0  93934  0  0  0  379198  0  7035  0.0  100.0  0 0 
1441338358  0  1842  1392172  1819  0  0  95899  0  0  5058  97539  0  59799  0  59799  354  0  264  0  0  97539  40  0  0  95899  0  0  0  383965  0  4767  0.0  100.0  0 0 
1441338358  0  1842  1401619  1821  0  0  96457  0  0  5063  97539  0  60302  46  60348  354  0  265  0  0  97539  45  0  0  96457  0  0  0  388203  0  4238  0.0  100.0  0 0 
1441338359  0  1842  1416559  1814  0  0  96711  0  0  5070  97539  0  57811  2586  60425  354  0  262  0  0  97539  52  0  0  96711  0  0  0  394255  0  6052  0.0  100.0  0 0 
1441338359  0  1842  1416559  1814  0  0  96711  0  0  5070  97539  0  57811  2586  60425  354  0  262  0  0  97539  52  0  0  96711  0  0  0  394255  0  0  0.0  100.0  0 0 
1441338360  0  1855  1426266  1786  0  0  95558  0  0  5074  99314  0  54018  6286  60425  354  0  263  0  0  99314  56  0  0  95558  0  0  0  400189  0  5934  0.0  100.0  0 0 
1441338360  0  1855  1451297  1759  0  0  86547  0  0  5081  99314  0  47218  13105  60425  354  0  264  0  0  99314  63  0  0  86547  0  0  0  404917  0  4728  0.0  100.0  0 0 
1441338361  0  1855  1466844  1606  0  0  78905  0  0  5082  99314  0  50267  10149  60425  354  0  263  0  0  99314  64  0  0  78905  0  0  0  410686  0  5769  0.0  100.0  0 0 
1441338361  0  1855  1472697  1630  0  0  81302  0  0  5082  99314  0  52647  7769  60425  354  0  262  0  0  99314  64  0  0  81302  0  0  0  413087  0  2401  0.0  100.0  0 0 
1441338362  0  1855  1482395  1630  0  0  80765  0  0  5085  99314  0  53929  6520  60425  354  0  262  0  0  99314  67  0  0  80765  0  0  0  414603  0  1516  0.0  100.0  0 0 
1441338363  0  1855  1489896  1683  0  0  85334  0  0  5085  99314  0  58441  2008  60425  354  0  262  0  0  99314  67  0  0  85334  0  0  0  419172  0  4569  0.0  100.0  0 0 
1441338363  0  1855  1489896  1683  0  0  85334  0  0  5085  99314  0  58441  2008  60425  354  0  262  0  0  99314  67  0  0  85334  0  0  0  419172  0  0  0.0  100.0  0 0 
1441338364  0  1855  1510691  1635  0  0  85034  0  0  5093  99314  0  58425  2029  60425  354  0  261  0  0  99314  75  0  0  85034  0  0  0  425839  0  6667  0.0  100.0  0 0 
1441338364  0  1855  1519654  1654  0  0  88195  0  0  5095  99314  0  61547  0  61547  354  0  260  0  0  99314  77  0  0  88195  0  0  0  430877  0  5038  0.0  100.0  0 0 
1441338365  0  1855  1525960  1703  0  0  91840  0  0  5097  99314  0  62772  0  62772  354  0  261  0  0  99314  79  0  0  91840  0  0  0  434522  0  3645  0.0  100.0  0 0 
1441338365  0  1855  1559969  1554  0  0  81418  0  0  5107  99314  0  48162  15311  63455  354  0  260  0  0  99314  89  0  0  81418  0  0  0  444507  0  9985  0.0  100.0  0 0 
1441338366  0  1855  1568160  1572  0  0  82268  0  0  5109  99314  0  48254  15219  63455  354  0  261  0  0  99314  91  0  0  82268  0  0  0  446392  0  1885  0.0  100.0  0 0 
1441338366  0  1855  1587631  1450  0  0  74904  0  0  5113  99314  0  50627  13003  63455  354  0  260  0  0  99314  95  0  0  74904  0  0  0  453522  0  7130  0.0  100.0  0 0 
1441338367  0  1855  1587631  1450  0  0  74904  0  0  5113  99314  0  50627  13003  63455  354  0  260  0  0  99314  95  0  0  74904  0  0  0  453522  0  0  0.0  100.0  0 0 
1441338367  0  1855  1607747  1299  0  0  65996  0  0  5115  99314  0  49362  14372  63455  354  0  258  0  0  99314  97  0  0  65996  0  0  0  456164  0  2642  0.0  100.0  0 0 
1441338368  0  1855  1620304  1260  0  0  62742  0  0  5117  99314  0  46076  17669  63455  354  0  259  0  0  99314  99  0  0  62742  0  0  0  459042  0  2878  0.0  100.0  0 0 
1441338368  0  1855  1630838  1324  0  0  67331  0  0  5119  99314  0  50415  13332  63455  354  0  261  0  0  99314  101  0  0  67331  0  0  0  465556  0  6514  0.0  100.0  0 0 
1441338369  0  1855  1641293  1393  0  0  72004  0  0  5122  99314  0  54899  8854  63455  354  0  262  0  0  99314  104  0  0  72004  0  0  0  471249  0  5693  0.0  100.0  0 0 
1441338369  0  1855  1649824  1409  0  0  73202  0  0  5125  99314  0  55755  8000  63455  354  0  262  0  0  99314  107  0  0  73202  0  0  0  473930  0  2681  0.0  100.0  0 0 
1441338370  0  1855  1656833  1462  0  0  76524  0  0  5127  99314  0  58853  4902  63455  354  0  262  0  0  99314  109  0  0  76524  0  0  0  477252  0  3322  0.0  100.0  0 0 
1441338370  0  1855  1663408  1470  0  0  76986  0  0  5134  99314  0  59167  4587  63455  354  0  261  0  0  99314  116  0  0  76986  0  0  0  479784  0  2532  0.0  100.0  0 0 
1441338371  0  1855  1663408  1470  0  0  76986  0  0  5134  99314  0  59167  4587  63455  354  0  261  0  0  99314  116  0  0  76986  0  0  0  479784  0  0  0.0  100.0  0 0 
1441338371  0  1855  1669743  1529  0  0  80745  0  0  5136  99314  0  59763  3991  63455  354  0  261  0  0  99314  118  0  0  80745  0  0  0  483543  0  3759  0.0  100.0  0 0 
1441338372  0  1855  1674496  1578  0  0  84032  0  0  5138  99314  0  60363  3391  63455  354  0  261  0  0  99314  120  0  0  84032  0  0  0  486830  0  3287  0.0  100.0  0 0 
1441338372  0  1855  1686323  1536  0  0  81151  0  0  5139  99314  0  57476  6281  63455  354  0  260  0  0  99314  121  0  0  81151  0  0  0  490056  0  3226  0.0  100.0  0 0 
1441338373  0  1855  1701374  1296  0  0  66126  0  0  5148  99314  0  43580  20191  63455  354  0  257  0  0  99314  130  0  0  66126  0  0  0  493051  0  2995  0.0  100.0  0 0 
1441338373  0  1855  1711779  1337  0  0  68838  0  0  5155  99314  0  47027  16751  63455  354  0  257  0  0  99314  137  0  0  68838  0  0  0  497087  0  4036  0.0  100.0  0 0 
1441338374  0  1855  1718600  1332  0  0  68434  0  0  5158  99314  0  46597  17182  63455  354  0  257  0  0  99314  140  0  0  68434  0  0  0  499406  0  2319  0.0  100.0  0 0 
1441338374  0  1855  1718600  1332  0  0  68434  0  0  5158  99314  0  46597  17182  63455  354  0  257  0  0  99314  140  0  0  68434  0  0  0  499406  0  0  0.0  100.0  0 0 
1441338375  0  1855  1740482  1310  0  0  66570  0  0  5162  99314  0  50278  13503  63455  354  0  258  0  0  99314  144  0  0  66570  0  0  0  503945  0  4539  0.0  100.0  0 0 
1441338375  0  1855  1748844  1275  0  0  64185  0  0  5165  99314  0  47875  15911  63455  354  0  258  0  0  99314  147  0  0  64185  0  0  0  505687  0  1742  0.0  100.0  0 0 
1441338376  0  1855  1756500  1302  0  0  65448  0  0  5166  99314  0  48920  14868  63455  354  0  258  0  0  99314  148  0  0  65448  0  0  0  507754  0  2067  0.0  100.0  0 0 
1441338376  0  1855  1772630  1109  0  0  53858  0  0  5167  99314  0  39412  24433  63455  354  0  256  0  0  99314  149  0  0  53858  0  0  0  512314  0  4560  0.0  100.0  0 0 
1441338377  0  1855  1779783  1156  0  0  57071  0  0  5167  99314  0  41526  22322  63455  354  0  257  0  0  99314  149  0  0  57071  0  0  0  516642  0  4328  0.0  100.0  0 0 
1441338377  0  1855  1787162  1198  0  0  59623  0  0  5167  99314  0  43707  20141  63455  354  0  259  0  0  99314  149  0  0  59623  0  0  0  519194  0  2552  0.0  100.0  0 0 
1441338378  0  1855  1793205  1306  0  0  60651  0  0  5167  99314  0  44284  19564  63455  354  0  259  0  0  99314  149  0  0  60651  0  0  0  520230  0  1036  0.0  100.0  0 0 
1441338378  0  1855  1793205  1306  0  0  60651  0  0  5167  99314  0  44284  19564  63455  354  0  259  0  0  99314  149  0  0  60651  0  0  0  520230  0  0  0.0  100.0  0 0 
1441338379  0  1855  1801206  1271  0  0  58179  0  0  5167  99314  0  41440  22411  63455  354  0  257  0  0  99314  149  0  0  58179  0  0  0  521816  0  1586  0.0  100.0  0 0 
1441338379  0  1855  1824437  1273  0  0  59651  0  0  5169  99314  0  37223  26635  63455  354  0  259  0  0  99314  151  0  0  59651  0  0  0  530963  0  9147  0.0  100.0  0 0 
1441338380  0  1855  1833429  1314  0  0  62717  0  0  5171  99314  0  40157  23701  63455  354  0  260  0  0  99314  153  0  0  62717  0  0  0  534029  0  3066  0.0  100.0  0 0 
1441338380  0  1855  1839785  1291  0  0  61698  0  0  5174  99314  0  39122  24737  63455  354  0  260  0  0  99314  156  0  0  61698  0  0  0  535601  0  1572  0.0  100.0  0 0 
1441338381  0  1855  1848620  1317  0  0  64736  0  0  5179  99314  0  42159  21701  63455  354  0  259  0  0  99314  161  0  0  64736  0  0  0  540436  0  4835  0.0  100.0  0 0 
1441338381  0  1855  1860368  1214  0  0  58452  0  0  5182  99314  0  35790  28083  63455  354  0  257  0  0  99314  164  0  0  58452  0  0  0  543902  0  3466  0.0  100.0  0 0 
1441338382  0  1855  1871872  1209  0  0  58009  0  0  5185  99314  0  38046  26107  63455  354  0  258  0  0  99314  167  0  0  58009  0  0  0  546283  0  2381  0.0  100.0  0 0 
1441338383  0  1855  1871872  1209  0  0  58009  0  0  5185  99314  0  38046  26107  63455  354  0  258  0  0  99314  167  0  0  58009  0  0  0  546283  0  0  0.0  100.0  0 0 
1441338383  0  1855  1879844  1254  0  0  61231  0  0  5190  99314  0  41217  22936  63455  354  0  259  0  0  99314  172  0  0  61231  0  0  0  549505  0  3222  0.0  100.0  0 0 
1441338384  0  1855  1884509  1264  0  0  62075  0  0  5190  99314  0  42061  22092  63455  354  0  259  0  0  99314  172  0  0  62075  0  0  0  550350  0  845  0.0  100.0  0 0 
1441338384  0  1855  1892502  1265  0  0  62714  0  0  5190  99314  0  45775  18429  63455  354  0  259  0  0  99314  172  0  0  62714  0  0  0  554834  0  4484  0.0  100.0  0 0 
1441338385  0  1855  1908123  1266  0  0  63343  0  0  5190  99314  0  46997  17219  63455  354  0  259  0  0  99314  172  0  0  63343  0  0  0  560496  0  5662  0.0  100.0  0 0 
1441338385  0  1855  1913596  1292  0  0  65219  0  0  5190  99314  0  48836  15380  63455  354  0  259  0  0  99314  172  0  0  65219  0  0  0  562372  0  1876  0.0  100.0  0 0 
1441338386  0  1855  1920800  1323  0  0  67230  0  0  5191  99314  0  50841  13375  63455  354  0  260  0  0  99314  173  0  0  67230  0  0  0  564384  0  2012  0.0  100.0  0 0 
1441338386  0  1855  1920800  1323  0  0  67230  0  0  5191  99314  0  50841  13375  63455  354  0  260  0  0  99314  173  0  0  67230  0  0  0  564384  0  0  0.0  100.0  0 0 
1441338387  0  1855  1926982  1348  0  0  69031  0  0  5191  99314  0  52637  11579  63455  354  0  260  0  0  99314  173  0  0  69031  0  0  0  566185  0  1801  0.0  100.0  0 0 
1441338387  0  1855  1942351  1231  0  0  61533  0  0  5191  99314  0  46104  18192  63455  354  0  258  0  0  99314  173  0  0  61533  0  0  0  570515  0  4330  0.0  100.0  0 0 
1441338388  0  1855  1951016  1193  0  0  59375  0  0  5192  99314  0  42056  22240  63455  354  0  258  0  0  99314  174  0  0  59375  0  0  0  573994  0  3479  0.0  100.0  0 0 
1441338388  0  1855  1963895  1204  0  0  59510  0  0  5195  99314  0  42250  22047  63455  354  0  260  0  0  99314  177  0  0  59510  0  0  0  576172  0  2178  0.0  100.0  0 0 
1441338389  0  1855  1973958  1204  0  0  59375  0  0  5199  99314  0  44355  19974  63455  354  0  260  0  0  99314  181  0  0  59375  0  0  0  578345  0  2173  0.0  100.0  0 0 
1441338389  0  1855  1982100  1269  0  0  62717  0  0  5199  99314  0  47577  16752  63455  354  0  260  0  0  99314  181  0  0  62717  0  0  0  581911  0  3566  0.0  100.0  0 0 
1441338390  0  1855  1982100  1269  0  0  62717  0  0  5199  99314  0  47577  16752  63455  354  0  260  0  0  99314  181  0  0  62717  0  0  0  581911  0  0  0.0  100.0  0 0 
1441338390  0  1855  1993361  1264  0  0  62258  0  0  5202  99314  0  47596  16744  63455  354  0  260  0  0  99314  184  0  0  62258  0  0  0  585614  0  3703  0.0  100.0  0 0 
1441338391  0  1855  2004278  1126  0  0  53739  0  0  5203  99314  0  47856  16567  63455  354  0  258  0  0  99314  185  0  0  53739  0  0  0  587351  0  1737  0.0  100.0  0 0 
1441338391  0  1855  2021795  1098  0  0  51789  0  0  5206  99314  0  45876  18601  63455  354  0  257  0  0  99314  188  0  0  51789  0  0  0  592057  0  4706  0.0  100.0  0 0 
1441338392  0  1855  2029855  1109  0  0  53137  0  0  5206  99314  0  47051  17437  63455  354  0  256  0  0  99314  188  0  0  53137  0  0  0  596465  0  4408  0.0  100.0  0 0 
1441338392  0  1855  2042256  1110  0  0  53736  0  0  5206  99314  0  47142  17363  63455  354  0  257  0  0  99314  188  0  0  53736  0  0  0  600457  0  3992  0.0  100.0  0 0 
1441338393  0  1855  2052889  1137  0  0  55533  0  0  5206  99314  0  48838  15689  63455  354  0  257  0  0  99314  188  0  0  55533  0  0  0  603761  0  3304  0.0  100.0  0 0 
1441338393  0  1855  2062129  1220  0  0  61188  0  0  5206  99314  0  50559  13968  63455  354  0  258  0  0  99314  188  0  0  61188  0  0  0  609416  0  5655  0.0  100.0  0 0 
1441338394  0  1855  2062129  1220  0  0  61188  0  0  5206  99314  0  50559  13968  63455  354  0  258  0  0  99314  188  0  0  61188  0  0  0  609416  0  0  0.0  100.0  0 0 
1441338394  0  1855  2070019  1196  0  0  59869  0  0  5206  99314  0  48553  15986  63455  354  0  258  0  0  99314  188  0  0  59869  0  0  0  611724  0  2308  0.0  100.0  0 0 
1441338395  0  1855  2075004  1217  0  0  61021  0  0  5206  99314  0  49608  14931  63455  354  0  258  0  0  99314  188  0  0  61021  0  0  0  612876  0  1152  0.0  100.0  0 0 
1441338395  0  1855  2084209  1259  0  0  63471  0  0  5206  99314  0  51220  13319  63455  354  0  258  0  0  99314  188  0  0  63471  0  0  0  616350  0  3474  0.0  100.0  0 0 
1441338396  0  1855  2090591  1093  0  0  53160  0  0  5206  99314  0  40697  23845  63455  354  0  256  0  0  99314  188  0  0  53160  0  0  0  618583  0  2233  0.0  100.0  0 0 
1441338396  0  1855  2107118  1072  0  0  52078  0  0  5206  99314  0  39405  25140  63455  354  0  256  0  0  99314  188  0  0  52078  0  0  0  623031  0  4448  0.0  100.0  0 0 
1441338397  0  1855  2116701  1105  0  0  53473  0  0  5206  99314  0  40442  24105  63455  354  0  258  0  0  99314  188  0  0  53473  0  0  0  625446  0  2415  0.0  100.0  0 0 
1441338397  0  1855  2116701  1105  0  0  53473  0  0  5206  99314  0  40442  24105  63455  354  0  258  0  0  99314  188  0  0  53473  0  0  0  625446  0  0  0.0  100.0  0 0 
1441338398  0  1855  2134009  1083  0  0  52099  0  0  5206  99314  0  40266  24303  63455  354  0  257  0  0  99314  188  0  0  52099  0  0  0  632003  0  6557  0.0  100.0  0 0 
1441338398  0  1855  2151129  1080  0  0  51507  0  0  5210  99314  0  41761  22830  63455  354  0  257  0  0  99314  192  0  0  51507  0  0  0  636265  0  4262  0.0  100.0  0 0 
1441338399  0  1855  2164977  1076  0  0  51178  0  0  5211  99314  0  41077  23520  63455  354  0  256  0  0  99314  193  0  0  51178  0  0  0  639578  0  3313  0.0  100.0  0 0 
1441338399  0  1855  2191508  1069  0  0  49857  0  0  5219  99314  0  38843  25762  63455  354  0  256  0  0  99314  201  0  0  49857  0  0  0  647874  0  8296  0.0  100.0  0 0 
1441338400  0  1855  2200558  1095  0  0  50751  0  0  5223  99314  0  39772  24834  63455  354  0  255  0  0  99314  205  0  0  50751  0  0  0  651424  0  3550  0.0  100.0  0 0 
1441338400  0  1855  2215572  1278  0  0  53850  0  0  5228  99314  0  42382  22231  63455  354  0  256  0  0  99314  210  0  0  53850  0  0  0  658109  0  6685  0.0  100.0  0 0 
1441338401  0  1855  2226136  1308  0  0  57616  0  0  5232  99314  0  44518  20097  63455  354  0  255  0  0  99314  214  0  0  57616  0  0  0  663160  0  5051  0.0  100.0  0 0 
1441338401  0  1855  2226136  1308  0  0  57616  0  0  5232  99314  0  44518  20097  63455  354  0  255  0  0  99314  214  0  0  57616  0  0  0  663160  0  0  0.0  100.0  0 0 
1441338402  0  1855  2232348  1339  0  0  60321  0  0  5235  99314  0  47049  17566  63455  354  0  256  0  0  99314  217  0  0  60321  0  0  0  665866  0  2706  0.0  100.0  0 0 
1441338403  0  1855  2246319  1229  0  0  57488  0  0  5236  99314  0  45790  18829  63455  354  0  254  0  0  99314  218  0  0  57488  0  0  0  671611  0  5745  0.0  100.0  0 0 
1441338403  0  1855  2253766  1216  0  0  57847  0  0  5238  99314  0  46835  17796  63455  354  0  255  0  0  99314  220  0  0  57847  0  0  0  675205  0  3594  0.0  100.0  0 0 
1441338404  0  1855  2261695  1223  0  0  59101  0  0  5241  99314  0  48038  16593  63455  354  0  255  0  0  99314  223  0  0  59101  0  0  0  677479  0  2274  0.0  100.0  0 0 
1441338404  0  1855  2268075  1203  0  0  58871  0  0  5241  99314  0  47760  16871  63455  354  0  254  0  0  99314  223  0  0  58871  0  0  0  679295  0  1816  0.0  100.0  0 0 
1441338405  0  1855  2285542  1174  0  0  57904  0  0  5241  99314  0  46787  17845  63455  354  0  255  0  0  99314  223  0  0  57904  0  0  0  683430  0  4135  0.0  100.0  0 0 
1441338405  0  1855  2285542  1174  0  0  57904  0  0  5241  99314  0  46787  17845  63455  354  0  255  0  0  99314  223  0  0  57904  0  0  0  683430  0  0  0.0  100.0  0 0 
1441338406  0  1855  2297899  1156  0  0  55978  0  0  5242  99314  0  44658  19985  63455  354  0  256  0  0  99314  224  0  0  55978  0  0  0  684819  0  1389  0.0  100.0  0 0 
1441338406  0  1855  2306564  1149  0  0  55497  0  0  5242  99314  0  43233  21412  63455  354  0  255  0  0  99314  224  0  0  55497  0  0  0  687149  0  2330  0.0  100.0  0 0 
1441338407  0  1855  2317548  1204  0  0  58932  0  0  5242  99314  0  45128  19517  63455  354  0  256  0  0  99314  224  0  0  58932  0  0  0  692115  0  4966  0.0  100.0  0 0 
1441338407  0  1855  2333443  1096  0  0  53627  0  0  5247  99314  0  39152  25493  63455  354  0  254  0  0  99314  229  0  0  53627  0  0  0  695189  0  3074  0.0  100.0  0 0 
1441338408  0  1855  2342608  1129  0  0  54644  0  0  5252  99314  0  40127  24518  63455  354  0  257  0  0  99314  234  0  0  54644  0  0  0  697227  0  2038  0.0  100.0  0 0 
1441338408  0  1855  2352994  1166  0  0  56957  0  0  5255  99314  0  42435  22209  63455  354  0  258  0  0  99314  237  0  0  56957  0  0  0  700923  0  3696  0.0  100.0  0 0 
1441338409  0  1855  2352994  1166  0  0  56957  0  0  5255  99314  0  42435  22209  63455  354  0  258  0  0  99314  237  0  0  56957  0  0  0  700923  0  0  0.0  100.0  0 0 
1441338409  0  1855  2359082  1198  0  0  58914  0  0  5257  99314  0  44379  20265  63455  354  0  259  0  0  99314  239  0  0  58914  0  0  0  702880  0  1957  0.0  100.0  0 0 
1441338410  0  1855  2367817  1210  0  0  60024  0  0  5263  99314  0  46940  17704  63455  354  0  259  0  0  99314  245  0  0  60024  0  0  0  705534  0  2654  0.0  100.0  0 0 
1441338410  0  1855  2378276  1276  0  0  64137  0  0  5274  99314  0  51626  12915  63455  354  0  259  0  0  99314  256  0  0  64137  0  0  0  710420  0  4886  0.0  100.0  0 0 
1441338411  0  1855  2384457  1299  0  0  65505  0  0  5277  99314  0  52561  11937  63455  354  0  259  0  0  99314  259  0  0  65505  0  0  0  711793  0  1373  0.0  100.0  0 0 
1441338411  0  1855  2395473  1267  0  0  63204  0  0  5281  99314  0  49500  14983  63455  354  0  258  0  0  99314  263  0  0  63204  0  0  0  714310  0  2517  0.0  100.0  0 0 
1441338412  0  1855  2407222  1319  0  0  66767  0  0  5282  99314  0  52423  12035  63455  354  0  259  0  0  99314  264  0  0  66767  0  0  0  719665  0  5355  0.0  100.0  0 0 
1441338412  0  1855  2407222  1319  0  0  66767  0  0  5282  99314  0  52423  12035  63455  354  0  259  0  0  99314  264  0  0  66767  0  0  0  719665  0  0  0.0  100.0  0 0 
1441338413  0  1855  2418228  1355  0  0  69111  0  0  5286  99314  0  54878  9483  63455  354  0  260  0  0  99314  268  0  0  69111  0  0  0  722969  0  3304  0.0  100.0  0 0 
1441338413  0  1855  2430645  1305  0  0  65998  0  0  5287  99314  0  53423  10967  63455  354  0  260  0  0  99314  269  0  0  65998  0  0  0  725725  0  2756  0.0  100.0  0 0 
1441338414  0  1855  2440697  1350  0  0  69153  0  0  5287  99314  0  55094  9261  63455  354  0  261  0  0  99314  269  0  0  69153  0  0  0  728881  0  3156  0.0  100.0  0 0 
1441338414  0  1855  2446014  1366  0  0  70194  0  0  5287  99314  0  56104  8212  63455  354  0  261  0  0  99314  269  0  0  70194  0  0  0  729922  0  1041  0.0  100.0  0 0 
1441338415  0  1855  2465635  1355  0  0  68918  0  0  5287  99314  0  54068  10173  63455  354  0  262  0  0  99314  269  0  0  68918  0  0  0  734959  0  5037  0.0  100.0  0 0 
1441338415  0  1855  2480831  1342  0  0  68756  0  0  5287  99314  0  55184  9095  63455  354  0  259  0  0  99314  269  0  0  68756  0  0  0  739846  0  4887  0.0  100.0  0 0 
1441338416  0  1855  2480831  1342  0  0  68756  0  0  5287  99314  0  55184  9095  63455  354  0  259  0  0  99314  269  0  0  68756  0  0  0  739846  0  0  0.0  100.0  0 0 
1441338416  0  1855  2494728  1335  0  0  67882  0  0  5287  99314  0  53539  10742  63455  354  0  260  0  0  99314  269  0  0  67882  0  0  0  742848  0  3002  0.0  100.0  0 0 
1441338417  0  1855  2504716  1326  0  0  67464  0  0  5287  99314  0  50306  13983  63455  354  0  259  0  0  99314  269  0  0  67464  0  0  0  746369  0  3521  0.0  100.0  0 0 
1441338417  0  1855  2516236  1335  0  0  67769  0  0  5287  99314  0  53233  11132  63455  354  0  260  0  0  99314  269  0  0  67769  0  0  0  751042  0  4673  0.0  100.0  0 0 
1441338418  0  1855  2530636  1314  0  0  67071  0  0  5287  99314  0  55117  9249  63455  354  0  260  0  0  99314  269  0  0  67071  0  0  0  753987  0  2945  0.0  100.0  0 0 
1441338418  0  1855  2539975  1344  0  0  69335  0  0  5287  99314  0  58006  6355  63455  354  0  260  0  0  99314  269  0  0  69335  0  0  0  758782  0  4795  0.0  100.0  0 0 
1441338419  0  1855  2550315  1409  0  0  74186  0  0  5287  99314  0  62275  1921  63455  354  0  260  0  0  99314  269  0  0  74186  0  0  0  764322  0  5540  0.0  100.0  0 0 
1441338419  0  1855  2550315  1409  0  0  74186  0  0  5287  99314  0  62275  1921  63455  354  0  260  0  0  99314  269  0  0  74186  0  0  0  764322  0  0  0.0  100.0  0 0 
1441338420  0  1855  2566084  1420  0  0  74734  0  0  5287  99314  0  61830  2337  63455  354  0  261  0  0  99314  269  0  0  74734  0  0  0  769035  0  4713  0.0  100.0  0 0 
1441338420  0  1855  2575219  1400  0  0  74024  0  0  5287  99314  0  60923  3525  64448  354  0  260  0  0  99314  269  0  0  74024  0  0  0  774169  0  5134  0.0  100.0  0 0 
1441338421  0  1855  2583732  1398  0  0  73664  0  0  5287  99314  0  60501  3950  64448  354  0  261  0  0  99314  269  0  0  73664  0  0  0  774577  0  408  0.0  100.0  0 0 
1441338421  0  1855  2596573  1407  0  0  73794  0  0  5287  99314  0  56580  7877  64448  354  0  260  0  0  99314  269  0  0  73794  0  0  0  780350  0  5773  0.0  100.0  0 0 
1441338422  0  1855  2601127  1438  0  0  75437  0  0  5287  99314  0  57861  6596  64448  354  0  260  0  0  99314  269  0  0  75437  0  0  0  781993  0  1643  0.0  100.0  0 0 
1441338422  0  1855  2611627  1454  0  0  76297  0  0  5287  99314  0  59777  4639  64448  354  0  258  0  0  99314  269  0  0  76297  0  0  0  784442  0  2449  0.0  100.0  0 0 
1441338423  0  1855  2611627  1454  0  0  76297  0  0  5287  99314  0  59777  4639  64448  354  0  258  0  0  99314  269  0  0  76297  0  0  0  784442  0  0  0.0  100.0  0 0 
1441338423  0  1855  2620361  1490  0  0  78334  0  0  5287  99314  0  61785  2616  64448  354  0  250  0  0  99314  269  0  0  78334  0  0  0  786512  0  2070  0.0  100.0  0 0 
1441338424  0  1855  2628364  1564  0  0  82144  0  0  5287  99314  0  65441  0  65441  354  0  252  0  0  99314  269  0  0  82144  0  0  0  790324  0  3812  0.0  100.0  0 0 
1441338424  0  1855  2639089  1488  0  0  77357  0  0  5287  99314  0  60671  5038  65706  354  0  250  0  0  99314  269  0  0  77357  0  0  0  792972  0  2648  0.0  100.0  0 0 
1441338425  0  1855  2646065  1457  0  0  74931  0  0  5287  99314  0  58197  7512  65706  354  0  249  0  0  99314  269  0  0  74931  0  0  0  794118  0  1146  0.0  100.0  0 0 
1441338425  0  1855  2653601  1485  0  0  76789  0  0  5288  99314  0  60002  5707  65706  354  0  249  0  0  99314  270  0  0  76789  0  0  0  795976  0  1858  0.0  100.0  0 0 
1441338426  0  1855  2663713  1331  0  0  68138  0  0  5289  99314  0  59575  6162  65706  354  0  243  0  0  99314  271  0  0  68138  0  0  0  797883  0  1907  0.0  100.0  0 0 
1441338426  0  1855  2663713  1331  0  0  68138  0  0  5289  99314  0  59575  6162  65706  354  0  243  0  0  99314  271  0  0  68138  0  0  0  797883  0  0  0.0  100.0  0 0 
1441338427  0  1855  2688868  1334  0  0  67187  0  0  5293  99314  0  56519  9232  65706  354  0  252  0  0  99314  275  0  0  67187  0  0  0  805385  0  7502  0.0  100.0  0 0 
1441338427  0  1855  2701346  1332  0  0  67570  0  0  5298  99314  0  55478  10299  65706  354  0  264  0  0  99314  280  0  0  67570  0  0  0  809177  0  3792  0.0  100.0  0 0 
1441338428  0  1855  2712395  1337  0  0  67860  0  0  5298  99314  0  54316  11482  65706  354  0  262  0  0  99314  280  0  0  67860  0  0  0  813567  0  4390  0.0  100.0  0 0 
1441338428  0  1855  2719764  1350  0  0  68701  0  0  5298  99314  0  54940  10858  65706  354  0  263  0  0  99314  280  0  0  68701  0  0  0  814408  0  841  0.0  100.0  0 0 
1441338429  0  1855  2728223  1393  0  0  71329  0  0  5298  99314  0  56993  8805  65706  354  0  264  0  0  99314  280  0  0  71329  0  0  0  817288  0  2880  0.0  100.0  0 0 
1441338430  0  1855  2751155  1357  0  0  68340  0  0  5298  99314  0  53587  12226  65706  354  0  267  0  0  99314  280  0  0  68340  0  0  0  824032  0  6744  0.0  100.0  0 0 
1441338430  0  1855  2751155  1357  0  0  68340  0  0  5298  99314  0  53587  12226  65706  354  0  267  0  0  99314  280  0  0  68340  0  0  0  824032  0  0  0.0  100.0  0 0 
1441338431  0  1855  2772205  1401  0  0  70369  0  0  5298  99314  0  56324  9619  65706  354  0  268  0  0  99314  280  0  0  70369  0  0  0  831755  0  7723  0.0  100.0  0 0 
1441338431  0  1855  2780812  1450  0  0  72679  0  0  5299  99314  0  57939  8004  65706  354  0  268  0  0  99314  281  0  0  72679  0  0  0  834575  0  2820  0.0  100.0  0 0 
1441338432  0  1855  2789360  1442  0  0  72464  0  0  5300  99314  0  56084  9859  65706  354  0  267  0  0  99314  282  0  0  72464  0  0  0  837377  0  2802  0.0  100.0  0 0 
1441338432  0  1855  2795931  1410  0  0  70435  0  0  5300  99314  0  53684  12259  65706  354  0  266  0  0  99314  282  0  0  70435  0  0  0  838417  0  1040  0.0  100.0  0 0 
1441338433  0  1855  2803843  1471  0  0  74629  0  0  5300  99314  0  57702  8212  65706  354  0  268  0  0  99314  282  0  0  74629  0  0  0  843644  0  5227  0.0  100.0  0 0 
1441338433  0  1855  2803843  1471  0  0  74629  0  0  5300  99314  0  57702  8212  65706  354  0  268  0  0  99314  282  0  0  74629  0  0  0  843644  0  0  0.0  100.0  0 0 
1441338434  0  1855  2810775  1497  0  0  76639  0  0  5300  99314  0  59264  6579  65706  354  0  267  0  0  99314  282  0  0  76639  0  0  0  846749  0  3105  0.0  100.0  0 0 
