#Type:X;CI:3;ww:0;ca:0;co:1;fr:0;Type:X;CI:3;PI:0;PT:EP;U0:0;U1:0;
#time  Pp  gt  gs  cn  cm  cb  Nc  Pc  cp  Tc  Nm  pr  ps  pt  px  pd  Pm  Om  fs  ft  Oc  Em  Gp  Ec  Ge  ot  os  Total_cycles_diff  Successful_get_diff  Total_get_diff  succ_put_diff  total_put_diff  get_hit  
1441656319  0  0  0  0  0  0  0  0  0  45224  0  0  0  0  0  0  0  0  0  0  0  0  0  0  0  0  0  45224  0  0  0  0  
1441656320  0  0  0  0  0  0  0  0  0  870248  0  0  0  0  0  0  0  0  0  0  0  0  0  0  0  0  0  825024  0  0  0  0  0 
1441656320  0  0  0  0  0  0  0  0  0  1332389  0  0  0  0  0  0  0  0  0  0  0  0  0  0  0  0  0  462141  0  0  0  0  0 
1441656321  0  0  0  0  0  0  0  0  0  1559380  0  0  0  0  0  0  0  0  0  0  0  0  0  0  0  0  0  226991  0  0  0  0  0 
1441656321  0  0  0  0  0  0  0  0  0  1866715  0  0  0  0  0  0  0  0  0  0  0  0  0  0  0  0  0  307335  0  0  0  0  0 
1441656322  0  0  0  0  0  0  0  0  0  1866715  0  0  0  0  0  0  0  0  0  0  0  0  0  0  0  0  0  0  0  0  0  0  0 
1441656322  0  0  0  0  0  0  0  0  0  2294713  0  0  0  0  0  0  0  0  0  13  0  0  0  0  0  39  0  427998  0  0  0  0  0 
1441656323  0  0  0  0  0  0  0  0  0  3155191  0  0  0  0  0  0  0  0  0  15  0  0  0  0  0  41  0  860478  0  0  0  0  0 
1441656323  0  0  0  0  0  0  0  0  0  3750749  0  0  0  0  0  0  0  0  0  21  0  0  0  0  0  46  0  595558  0  0  0  0  0 
1441656324  0  0  0  0  0  0  0  0  0  3893728  0  0  0  0  0  0  0  0  0  21  0  0  0  0  0  46  0  142979  0  0  0  0  0 
1441656324  0  0  0  0  0  0  0  0  0  3893728  0  0  0  0  0  0  0  0  0  21  0  0  0  0  0  46  0  0  0  0  0  0  0 
1441656325  0  0  0  0  0  0  0  0  0  3893728  0  0  0  0  0  0  0  0  0  21  0  0  0  0  0  46  0  0  0  0  0  0  0 
1441656325  0  0  0  0  0  0  0  0  0  3893728  0  0  0  0  0  0  0  0  0  21  0  0  0  0  0  46  0  0  0  0  0  0  0 
1441656326  0  0  0  0  0  0  0  0  0  3893728  0  0  0  0  0  0  0  0  0  21  0  0  0  0  0  46  0  0  0  0  0  0  0 
1441656326  0  0  0  0  0  0  0  0  0  3893728  0  0  0  0  0  0  0  0  0  21  0  0  0  0  0  46  0  0  0  0  0  0  0 
1441656327  0  0  0  0  0  0  0  0  0  3893728  0  0  0  0  0  0  0  0  0  21  0  0  0  0  0  46  0  0  0  0  0  0  0 
1441656327  0  0  0  0  0  0  0  0  0  3893728  0  0  0  0  0  0  0  0  0  21  0  0  0  0  0  46  0  0  0  0  0  0  0 
1441656328  0  0  0  0  0  0  0  0  0  3893728  0  0  0  0  0  0  0  0  0  21  0  0  0  0  0  46  0  0  0  0  0  0  0 
1441656328  0  0  0  0  0  0  0  0  0  3893728  0  0  0  0  0  0  0  0  0  21  0  0  0  0  0  46  0  0  0  0  0  0  0 
1441656329  0  0  0  0  0  0  0  0  0  3893728  0  0  0  0  0  0  0  0  0  21  0  0  0  0  0  46  0  0  0  0  0  0  0 
1441656329  0  0  0  0  0  0  0  0  0  3893728  0  0  0  0  0  0  0  0  0  21  0  0  0  0  0  46  0  0  0  0  0  0  0 
1441656330  0  0  0  0  0  0  0  0  0  3893728  0  0  0  0  0  0  0  0  0  21  0  0  0  0  0  46  0  0  0  0  0  0  0 
1441656330  0  0  0  0  0  0  0  0  0  3893728  0  0  0  0  0  0  0  0  0  21  0  0  0  0  0  46  0  0  0  0  0  0  0 
1441656331  0  0  0  0  0  0  0  0  0  3893728  0  0  0  0  0  0  0  0  0  21  0  0  0  0  0  46  0  0  0  0  0  0  0 
1441656331  0  0  0  0  0  0  0  0  0  3893728  0  0  0  0  0  0  0  0  0  21  0  0  0  0  0  46  0  0  0  0  0  0  0 
1441656332  0  0  0  0  0  0  0  0  0  3893728  0  0  0  0  0  0  0  0  0  21  0  0  0  0  0  46  0  0  0  0  0  0  0 
1441656332  0  0  0  0  0  0  0  0  0  3893728  0  0  0  0  0  0  0  0  0  21  0  0  0  0  0  46  0  0  0  0  0  0  0 
1441656333  0  0  0  0  0  0  0  0  0  3893728  0  0  0  0  0  0  0  0  0  21  0  0  0  0  0  46  0  0  0  0  0  0  0 
1441656333  0  0  0  0  0  0  0  0  0  3893728  0  0  0  0  0  0  0  0  0  21  0  0  0  0  0  46  0  0  0  0  0  0  0 
1441656334  0  0  0  0  0  0  0  0  0  3893728  0  0  0  0  0  0  0  0  0  21  0  0  0  0  0  46  0  0  0  0  0  0  0 
1441656334  0  0  0  0  0  0  0  0  0  3893728  0  0  0  0  0  0  0  0  0  21  0  0  0  0  0  46  0  0  0  0  0  0  0 
1441656335  0  0  0  0  0  0  0  0  0  3893728  0  0  0  0  0  0  0  0  0  21  0  0  0  0  0  46  0  0  0  0  0  0  0 
1441656335  0  0  0  0  0  0  0  0  0  3893728  0  0  0  0  0  0  0  0  0  21  0  0  0  0  0  46  0  0  0  0  0  0  0 
1441656336  0  0  0  0  0  0  0  0  0  3893728  0  0  0  0  0  0  0  0  0  21  0  0  0  0  0  46  0  0  0  0  0  0  0 
1441656336  0  0  0  0  0  0  0  0  0  3893728  0  0  0  0  0  0  0  0  0  21  0  0  0  0  0  46  0  0  0  0  0  0  0 
1441656337  0  0  0  0  0  0  0  0  0  3893728  0  0  0  0  0  0  0  0  0  21  0  0  0  0  0  46  0  0  0  0  0  0  0 
1441656337  0  0  0  0  0  0  0  0  0  3893728  0  0  0  0  0  0  0  0  0  21  0  0  0  0  0  46  0  0  0  0  0  0  0 
1441656338  0  0  0  0  0  0  0  0  0  3893728  0  0  0  0  0  0  0  0  0  21  0  0  0  0  0  46  0  0  0  0  0  0  0 
1441656338  0  0  0  0  0  0  0  0  0  3893728  0  0  0  0  0  0  0  0  0  21  0  0  0  0  0  46  0  0  0  0  0  0  0 
1441656339  0  0  0  0  0  0  0  0  0  3893728  0  0  0  0  0  0  0  0  0  21  0  0  0  0  0  46  0  0  0  0  0  0  0 
1441656340  0  0  0  0  0  0  0  0  0  3893728  0  0  0  0  0  0  0  0  0  21  0  0  0  0  0  46  0  0  0  0  0  0  0 
1441656340  0  0  0  0  0  0  0  0  0  3893728  0  0  0  0  0  0  0  0  0  21  0  0  0  0  0  46  0  0  0  0  0  0  0 
1441656341  0  0  0  0  0  0  0  0  0  3893728  0  0  0  0  0  0  0  0  0  21  0  0  0  0  0  46  0  0  0  0  0  0  0 
1441656341  0  0  0  0  0  0  0  0  0  3893728  0  0  0  0  0  0  0  0  0  21  0  0  0  0  0  46  0  0  0  0  0  0  0 
1441656342  0  0  0  0  0  0  0  0  0  3893728  0  0  0  0  0  0  0  0  0  21  0  0  0  0  0  46  0  0  0  0  0  0  0 
1441656342  0  0  0  0  0  0  0  0  0  3893728  0  0  0  0  0  0  0  0  0  21  0  0  0  0  0  46  0  0  0  0  0  0  0 
1441656343  0  0  0  0  0  0  0  0  0  3893728  0  0  0  0  0  0  0  0  0  21  0  0  0  0  0  46  0  0  0  0  0  0  0 
1441656343  0  0  0  0  0  0  0  0  0  3893728  0  0  0  0  0  0  0  0  0  21  0  0  0  0  0  46  0  0  0  0  0  0  0 
1441656344  0  0  0  0  0  0  0  0  0  3893728  0  0  0  0  0  0  0  0  0  21  0  0  0  0  0  46  0  0  0  0  0  0  0 
1441656344  0  0  0  0  0  0  0  0  0  3893728  0  0  0  0  0  0  0  0  0  21  0  0  0  0  0  46  0  0  0  0  0  0  0 
1441656345  0  0  0  0  0  0  0  0  0  3893728  0  0  0  0  0  0  0  0  0  21  0  0  0  0  0  46  0  0  0  0  0  0  0 
1441656345  0  0  0  0  0  0  0  0  0  3893728  0  0  0  0  0  0  0  0  0  21  0  0  0  0  0  46  0  0  0  0  0  0  0 
1441656346  0  0  0  0  0  0  0  0  0  3893728  0  0  0  0  0  0  0  0  0  21  0  0  0  0  0  46  0  0  0  0  0  0  0 
1441656346  0  0  0  0  0  0  0  0  0  3893728  0  0  0  0  0  0  0  0  0  21  0  0  0  0  0  46  0  0  0  0  0  0  0 
1441656347  0  0  0  0  0  0  0  0  0  3893728  0  0  0  0  0  0  0  0  0  21  0  0  0  0  0  46  0  0  0  0  0  0  0 
1441656347  0  0  0  0  0  0  0  0  0  3893728  0  0  0  0  0  0  0  0  0  21  0  0  0  0  0  46  0  0  0  0  0  0  0 
1441656348  0  0  0  0  0  0  0  0  0  3893728  0  0  0  0  0  0  0  0  0  21  0  0  0  0  0  46  0  0  0  0  0  0  0 
1441656348  0  0  0  0  0  0  0  0  0  3893728  0  0  0  0  0  0  0  0  0  21  0  0  0  0  0  46  0  0  0  0  0  0  0 
1441656349  0  0  0  0  0  0  0  0  0  3893728  0  0  0  0  0  0  0  0  0  21  0  0  0  0  0  46  0  0  0  0  0  0  0 
1441656349  0  0  0  0  0  0  0  0  0  3893728  0  0  0  0  0  0  0  0  0  21  0  0  0  0  0  46  0  0  0  0  0  0  0 
1441656350  0  0  0  0  0  0  0  0  0  3893728  0  0  0  0  0  0  0  0  0  21  0  0  0  0  0  46  0  0  0  0  0  0  0 
1441656350  0  0  0  0  0  0  0  0  0  3893728  0  0  0  0  0  0  0  0  0  21  0  0  0  0  0  46  0  0  0  0  0  0  0 
1441656351  0  0  0  0  0  0  0  0  0  3893728  0  0  0  0  0  0  0  0  0  21  0  0  0  0  0  46  0  0  0  0  0  0  0 
1441656351  0  0  0  0  0  0  0  0  0  3893728  0  0  0  0  0  0  0  0  0  21  0  0  0  0  0  46  0  0  0  0  0  0  0 
1441656352  0  0  0  0  0  0  0  0  0  3893728  0  0  0  0  0  0  0  0  0  21  0  0  0  0  0  46  0  0  0  0  0  0  0 
1441656352  0  0  0  0  0  0  0  0  0  3893728  0  0  0  0  0  0  0  0  0  21  0  0  0  0  0  46  0  0  0  0  0  0  0 
1441656353  0  0  0  0  0  0  0  0  0  3893728  0  0  0  0  0  0  0  0  0  21  0  0  0  0  0  46  0  0  0  0  0  0  0 
1441656353  0  0  0  0  0  0  0  0  0  3893728  0  0  0  0  0  0  0  0  0  21  0  0  0  0  0  46  0  0  0  0  0  0  0 
1441656354  0  0  0  0  0  0  0  0  0  3893728  0  0  0  0  0  0  0  0  0  21  0  0  0  0  0  46  0  0  0  0  0  0  0 
1441656354  0  0  0  0  0  0  0  0  0  3893728  0  0  0  0  0  0  0  0  0  21  0  0  0  0  0  46  0  0  0  0  0  0  0 
1441656355  0  0  0  0  0  0  0  0  0  3893728  0  0  0  0  0  0  0  0  0  21  0  0  0  0  0  46  0  0  0  0  0  0  0 
1441656355  0  0  0  0  0  0  0  0  0  3893728  0  0  0  0  0  0  0  0  0  21  0  0  0  0  0  46  0  0  0  0  0  0  0 
1441656356  0  0  0  0  0  0  0  0  0  3893728  0  0  0  0  0  0  0  0  0  21  0  0  0  0  0  46  0  0  0  0  0  0  0 
1441656356  0  0  0  0  0  0  0  0  0  3893728  0  0  0  0  0  0  0  0  0  21  0  0  0  0  0  46  0  0  0  0  0  0  0 
1441656357  0  0  0  0  0  0  0  0  0  3893728  0  0  0  0  0  0  0  0  0  21  0  0  0  0  0  46  0  0  0  0  0  0  0 
1441656357  0  0  0  0  0  0  0  0  0  3893728  0  0  0  0  0  0  0  0  0  21  0  0  0  0  0  46  0  0  0  0  0  0  0 
1441656358  0  0  0  0  0  0  0  0  0  3893728  0  0  0  0  0  0  0  0  0  21  0  0  0  0  0  46  0  0  0  0  0  0  0 
1441656358  0  0  0  0  0  0  0  0  0  3893728  0  0  0  0  0  0  0  0  0  21  0  0  0  0  0  46  0  0  0  0  0  0  0 
1441656359  0  0  0  0  0  0  0  0  0  3893728  0  0  0  0  0  0  0  0  0  21  0  0  0  0  0  46  0  0  0  0  0  0  0 
1441656359  0  0  0  0  0  0  0  0  0  3893728  0  0  0  0  0  0  0  0  0  21  0  0  0  0  0  46  0  0  0  0  0  0  0 
1441656360  0  0  0  0  0  0  0  0  0  3893728  0  0  0  0  0  0  0  0  0  21  0  0  0  0  0  46  0  0  0  0  0  0  0 
1441656360  0  0  0  0  0  0  0  0  0  3893728  0  0  0  0  0  0  0  0  0  21  0  0  0  0  0  46  0  0  0  0  0  0  0 
1441656361  0  0  0  0  0  0  0  0  0  3893728  0  0  0  0  0  0  0  0  0  21  0  0  0  0  0  46  0  0  0  0  0  0  0 
1441656361  0  0  0  0  0  0  0  0  0  3893728  0  0  0  0  0  0  0  0  0  21  0  0  0  0  0  46  0  0  0  0  0  0  0 
1441656362  0  0  0  0  0  0  0  0  0  3893728  0  0  0  0  0  0  0  0  0  21  0  0  0  0  0  46  0  0  0  0  0  0  0 
1441656362  0  0  0  0  0  0  0  0  0  3893728  0  0  0  0  0  0  0  0  0  21  0  0  0  0  0  46  0  0  0  0  0  0  0 
1441656363  0  0  0  0  0  0  0  0  0  3893728  0  0  0  0  0  0  0  0  0  21  0  0  0  0  0  46  0  0  0  0  0  0  0 
1441656363  0  0  0  0  0  0  0  0  0  3893728  0  0  0  0  0  0  0  0  0  21  0  0  0  0  0  46  0  0  0  0  0  0  0 
1441656364  0  0  0  0  0  0  0  0  0  3893728  0  0  0  0  0  0  0  0  0  21  0  0  0  0  0  46  0  0  0  0  0  0  0 
1441656364  0  0  0  0  0  0  0  0  0  3893728  0  0  0  0  0  0  0  0  0  21  0  0  0  0  0  46  0  0  0  0  0  0  0 
1441656365  0  0  0  0  0  0  0  0  0  3893728  0  0  0  0  0  0  0  0  0  21  0  0  0  0  0  46  0  0  0  0  0  0  0 
1441656365  0  0  0  0  0  0  0  0  0  3893728  0  0  0  0  0  0  0  0  0  21  0  0  0  0  0  46  0  0  0  0  0  0  0 
1441656366  0  0  0  0  0  0  0  0  0  3893728  0  0  0  0  0  0  0  0  0  21  0  0  0  0  0  46  0  0  0  0  0  0  0 
1441656366  0  0  0  0  0  0  0  0  0  3893728  0  0  0  0  0  0  0  0  0  21  0  0  0  0  0  46  0  0  0  0  0  0  0 
1441656367  0  0  0  0  0  0  0  0  0  3893728  0  0  0  0  0  0  0  0  0  21  0  0  0  0  0  46  0  0  0  0  0  0  0 
1441656367  0  0  0  0  0  0  0  0  0  3893728  0  0  0  0  0  0  0  0  0  21  0  0  0  0  0  46  0  0  0  0  0  0  0 
1441656368  0  0  0  0  0  0  0  0  0  3893728  0  0  0  0  0  0  0  0  0  21  0  0  0  0  0  46  0  0  0  0  0  0  0 
1441656368  0  0  0  0  0  0  0  0  0  3893728  0  0  0  0  0  0  0  0  0  21  0  0  0  0  0  46  0  0  0  0  0  0  0 
1441656369  0  0  0  0  0  0  0  0  0  3893728  0  0  0  0  0  0  0  0  0  21  0  0  0  0  0  46  0  0  0  0  0  0  0 
1441656369  0  0  0  0  0  0  0  0  0  3893728  0  0  0  0  0  0  0  0  0  21  0  0  0  0  0  46  0  0  0  0  0  0  0 
1441656370  0  0  0  0  0  0  0  0  0  3893728  0  0  0  0  0  0  0  0  0  21  0  0  0  0  0  46  0  0  0  0  0  0  0 
1441656370  0  0  0  0  0  0  0  0  0  3893728  0  0  0  0  0  0  0  0  0  21  0  0  0  0  0  46  0  0  0  0  0  0  0 
1441656371  0  0  0  0  0  0  0  0  0  3893728  0  0  0  0  0  0  0  0  0  21  0  0  0  0  0  46  0  0  0  0  0  0  0 
1441656371  0  0  0  0  0  0  0  0  0  3893728  0  0  0  0  0  0  0  0  0  21  0  0  0  0  0  46  0  0  0  0  0  0  0 
1441656372  0  0  0  0  0  0  0  0  0  3893728  0  0  0  0  0  0  0  0  0  21  0  0  0  0  0  46  0  0  0  0  0  0  0 
1441656372  0  0  0  0  0  0  0  0  0  3893728  0  0  0  0  0  0  0  0  0  21  0  0  0  0  0  46  0  0  0  0  0  0  0 
1441656373  0  0  0  0  0  0  0  0  0  3893728  0  0  0  0  0  0  0  0  0  21  0  0  0  0  0  46  0  0  0  0  0  0  0 
1441656373  0  0  0  0  0  0  0  0  0  3893728  0  0  0  0  0  0  0  0  0  21  0  0  0  0  0  46  0  0  0  0  0  0  0 
1441656374  0  0  0  0  0  0  0  0  0  3893728  0  0  0  0  0  0  0  0  0  21  0  0  0  0  0  46  0  0  0  0  0  0  0 
1441656374  0  0  0  0  0  0  0  0  0  3893728  0  0  0  0  0  0  0  0  0  21  0  0  0  0  0  46  0  0  0  0  0  0  0 
1441656375  0  0  0  0  0  0  0  0  0  3893728  0  0  0  0  0  0  0  0  0  21  0  0  0  0  0  46  0  0  0  0  0  0  0 
1441656375  0  0  0  0  0  0  0  0  0  3901715  0  0  0  0  0  0  0  0  0  21  0  0  0  0  0  47  0  7987  0  0  0  0  0 
1441656376  0  0  0  0  0  0  0  0  0  3901715  0  0  0  0  0  0  0  0  0  21  0  0  0  0  0  47  0  0  0  0  0  0  0 
1441656376  0  0  0  0  0  0  0  0  0  3901715  0  0  0  0  0  0  0  0  0  21  0  0  0  0  0  47  0  0  0  0  0  0  0 
1441656377  0  0  0  0  0  0  0  0  0  3901715  0  0  0  0  0  0  0  0  0  21  0  0  0  0  0  47  0  0  0  0  0  0  0 
1441656377  0  0  0  0  0  0  0  0  0  3901715  0  0  0  0  0  0  0  0  0  21  0  0  0  0  0  47  0  0  0  0  0  0  0 
1441656378  0  0  0  0  0  0  0  0  0  3901715  0  0  0  0  0  0  0  0  0  21  0  0  0  0  0  47  0  0  0  0  0  0  0 
1441656379  0  0  0  0  0  0  0  0  0  3901715  0  0  0  0  0  0  0  0  0  21  0  0  0  0  0  47  0  0  0  0  0  0  0 
1441656379  0  0  0  0  0  0  0  0  0  3901715  0  0  0  0  0  0  0  0  0  21  0  0  0  0  0  47  0  0  0  0  0  0  0 
1441656380  0  0  0  0  0  0  0  0  0  3901715  0  0  0  0  0  0  0  0  0  21  0  0  0  0  0  47  0  0  0  0  0  0  0 
1441656380  0  0  0  0  0  0  0  0  0  3901715  0  0  0  0  0  0  0  0  0  21  0  0  0  0  0  47  0  0  0  0  0  0  0 
1441656381  0  0  0  0  0  0  0  0  0  3901715  0  0  0  0  0  0  0  0  0  21  0  0  0  0  0  47  0  0  0  0  0  0  0 
1441656381  0  0  0  0  0  0  0  0  0  3901715  0  0  0  0  0  0  0  0  0  21  0  0  0  0  0  47  0  0  0  0  0  0  0 
1441656382  0  0  0  0  0  0  0  0  0  3901715  0  0  0  0  0  0  0  0  0  21  0  0  0  0  0  47  0  0  0  0  0  0  0 
1441656382  0  0  0  0  0  0  0  0  0  3901715  0  0  0  0  0  0  0  0  0  21  0  0  0  0  0  47  0  0  0  0  0  0  0 
1441656383  0  0  0  0  0  0  0  0  0  3901715  0  0  0  0  0  0  0  0  0  21  0  0  0  0  0  47  0  0  0  0  0  0  0 
1441656383  0  0  0  0  0  0  0  0  0  3901715  0  0  0  0  0  0  0  0  0  21  0  0  0  0  0  47  0  0  0  0  0  0  0 
1441656384  0  0  0  0  0  0  0  0  0  3901715  0  0  0  0  0  0  0  0  0  21  0  0  0  0  0  47  0  0  0  0  0  0  0 
1441656384  0  0  0  0  0  0  0  0  0  3901715  0  0  0  0  0  0  0  0  0  21  0  0  0  0  0  47  0  0  0  0  0  0  0 
1441656385  0  0  0  0  0  0  0  0  0  3901715  0  0  0  0  0  0  0  0  0  21  0  0  0  0  0  47  0  0  0  0  0  0  0 
1441656385  0  0  0  0  0  0  0  0  0  3904325  0  0  0  0  0  0  0  0  0  21  0  0  0  0  0  48  0  2610  0  0  0  0  0 
1441656386  0  0  0  0  0  0  0  0  0  3904325  0  0  0  0  0  0  0  0  0  21  0  0  0  0  0  48  0  0  0  0  0  0  0 
1441656386  0  0  0  0  0  0  0  0  0  3904325  0  0  0  0  0  0  0  0  0  21  0  0  0  0  0  48  0  0  0  0  0  0  0 
1441656387  0  0  0  0  0  0  0  0  0  3904325  0  0  0  0  0  0  0  0  0  21  0  0  0  0  0  48  0  0  0  0  0  0  0 
1441656387  0  0  0  0  0  0  0  0  0  3904325  0  0  0  0  0  0  0  0  0  21  0  0  0  0  0  48  0  0  0  0  0  0  0 
1441656388  0  0  0  0  0  0  0  0  0  3904325  0  0  0  0  0  0  0  0  0  21  0  0  0  0  0  48  0  0  0  0  0  0  0 
1441656388  0  0  0  0  0  0  0  0  0  3904325  0  0  0  0  0  0  0  0  0  21  0  0  0  0  0  48  0  0  0  0  0  0  0 
1441656389  0  0  0  0  0  0  0  0  0  3904325  0  0  0  0  0  0  0  0  0  21  0  0  0  0  0  48  0  0  0  0  0  0  0 
1441656389  0  0  0  0  0  0  0  0  0  3904325  0  0  0  0  0  0  0  0  0  21  0  0  0  0  0  48  0  0  0  0  0  0  0 
1441656390  0  0  0  0  0  0  0  0  0  3904325  0  0  0  0  0  0  0  0  0  21  0  0  0  0  0  48  0  0  0  0  0  0  0 
1441656390  0  0  0  0  0  0  0  0  0  3904325  0  0  0  0  0  0  0  0  0  21  0  0  0  0  0  48  0  0  0  0  0  0  0 
1441656391  0  0  0  0  0  0  0  0  0  3904325  0  0  0  0  0  0  0  0  0  21  0  0  0  0  0  48  0  0  0  0  0  0  0 
1441656391  0  0  0  0  0  0  0  0  0  3904325  0  0  0  0  0  0  0  0  0  21  0  0  0  0  0  48  0  0  0  0  0  0  0 
1441656392  0  0  0  0  0  0  0  0  0  3904325  0  0  0  0  0  0  0  0  0  21  0  0  0  0  0  48  0  0  0  0  0  0  0 
1441656392  0  0  0  0  0  0  0  0  0  3904325  0  0  0  0  0  0  0  0  0  21  0  0  0  0  0  48  0  0  0  0  0  0  0 
1441656393  0  0  0  0  0  0  0  0  0  3904325  0  0  0  0  0  0  0  0  0  21  0  0  0  0  0  48  0  0  0  0  0  0  0 
1441656393  0  0  0  0  0  0  0  0  0  3904325  0  0  0  0  0  0  0  0  0  21  0  0  0  0  0  48  0  0  0  0  0  0  0 
1441656394  0  0  0  0  0  0  0  0  0  3904325  0  0  0  0  0  0  0  0  0  21  0  0  0  0  0  48  0  0  0  0  0  0  0 
1441656394  0  0  0  0  0  0  0  0  0  3904325  0  0  0  0  0  0  0  0  0  21  0  0  0  0  0  48  0  0  0  0  0  0  0 
1441656395  0  0  0  0  0  0  0  0  0  3904325  0  0  0  0  0  0  0  0  0  21  0  0  0  0  0  48  0  0  0  0  0  0  0 
1441656395  0  0  0  0  0  0  0  0  0  3906847  0  0  0  0  0  0  0  0  0  21  0  0  0  0  0  49  0  2522  0  0  0  0  0 
1441656396  0  0  0  0  0  0  0  0  0  3906847  0  0  0  0  0  0  0  0  0  21  0  0  0  0  0  49  0  0  0  0  0  0  0 
1441656396  0  0  0  0  0  0  0  0  0  3906847  0  0  0  0  0  0  0  0  0  21  0  0  0  0  0  49  0  0  0  0  0  0  0 
1441656397  0  0  0  0  0  0  0  0  0  3906847  0  0  0  0  0  0  0  0  0  21  0  0  0  0  0  49  0  0  0  0  0  0  0 
1441656397  0  0  0  0  0  0  0  0  0  3906847  0  0  0  0  0  0  0  0  0  21  0  0  0  0  0  49  0  0  0  0  0  0  0 
1441656398  0  0  0  0  0  0  0  0  0  3906847  0  0  0  0  0  0  0  0  0  21  0  0  0  0  0  49  0  0  0  0  0  0  0 
1441656398  0  0  0  0  0  0  0  0  0  3906847  0  0  0  0  0  0  0  0  0  21  0  0  0  0  0  49  0  0  0  0  0  0  0 
1441656399  0  0  0  0  0  0  0  0  0  3906847  0  0  0  0  0  0  0  0  0  21  0  0  0  0  0  49  0  0  0  0  0  0  0 
1441656399  0  0  0  0  0  0  0  0  0  3906847  0  0  0  0  0  0  0  0  0  21  0  0  0  0  0  49  0  0  0  0  0  0  0 
1441656400  0  0  0  0  0  0  0  0  0  3906847  0  0  0  0  0  0  0  0  0  21  0  0  0  0  0  49  0  0  0  0  0  0  0 
1441656400  0  0  0  0  0  0  0  0  0  3906847  0  0  0  0  0  0  0  0  0  21  0  0  0  0  0  49  0  0  0  0  0  0  0 
1441656401  0  0  0  0  0  0  0  0  0  3906847  0  0  0  0  0  0  0  0  0  21  0  0  0  0  0  49  0  0  0  0  0  0  0 
1441656401  0  0  0  0  0  0  0  0  0  3906847  0  0  0  0  0  0  0  0  0  21  0  0  0  0  0  49  0  0  0  0  0  0  0 
1441656402  0  0  0  0  0  0  0  0  0  3906847  0  0  0  0  0  0  0  0  0  21  0  0  0  0  0  49  0  0  0  0  0  0  0 
1441656402  0  0  0  0  0  0  0  0  0  3906847  0  0  0  0  0  0  0  0  0  21  0  0  0  0  0  49  0  0  0  0  0  0  0 
1441656403  0  0  0  0  0  0  0  0  0  3906847  0  0  0  0  0  0  0  0  0  21  0  0  0  0  0  49  0  0  0  0  0  0  0 
1441656403  0  0  0  0  0  0  0  0  0  3906847  0  0  0  0  0  0  0  0  0  21  0  0  0  0  0  49  0  0  0  0  0  0  0 
1441656404  0  0  0  0  0  0  0  0  0  3906847  0  0  0  0  0  0  0  0  0  21  0  0  0  0  0  49  0  0  0  0  0  0  0 
1441656404  0  0  0  0  0  0  0  0  0  3906847  0  0  0  0  0  0  0  0  0  21  0  0  0  0  0  49  0  0  0  0  0  0  0 
1441656405  0  0  0  0  0  0  0  0  0  3906847  0  0  0  0  0  0  0  0  0  21  0  0  0  0  0  49  0  0  0  0  0  0  0 
1441656405  0  0  0  0  0  0  0  0  0  3909678  0  0  0  0  0  0  0  0  0  21  0  0  0  0  0  50  0  2831  0  0  0  0  0 
1441656406  0  0  0  0  0  0  0  0  0  3909678  0  0  0  0  0  0  0  0  0  21  0  0  0  0  0  50  0  0  0  0  0  0  0 
1441656406  0  0  0  0  0  0  0  0  0  3909678  0  0  0  0  0  0  0  0  0  21  0  0  0  0  0  50  0  0  0  0  0  0  0 
1441656407  0  0  0  0  0  0  0  0  0  3909678  0  0  0  0  0  0  0  0  0  21  0  0  0  0  0  50  0  0  0  0  0  0  0 
1441656407  0  0  0  0  0  0  0  0  0  3909678  0  0  0  0  0  0  0  0  0  21  0  0  0  0  0  50  0  0  0  0  0  0  0 
1441656408  0  0  0  0  0  0  0  0  0  3909678  0  0  0  0  0  0  0  0  0  21  0  0  0  0  0  50  0  0  0  0  0  0  0 
1441656408  0  0  0  0  0  0  0  0  0  3909678  0  0  0  0  0  0  0  0  0  21  0  0  0  0  0  50  0  0  0  0  0  0  0 
1441656409  0  0  0  0  0  0  0  0  0  3909678  0  0  0  0  0  0  0  0  0  21  0  0  0  0  0  50  0  0  0  0  0  0  0 
1441656409  0  0  0  0  0  0  0  0  0  3909678  0  0  0  0  0  0  0  0  0  21  0  0  0  0  0  50  0  0  0  0  0  0  0 
1441656410  0  0  0  0  0  0  0  0  0  3909678  0  0  0  0  0  0  0  0  0  21  0  0  0  0  0  50  0  0  0  0  0  0  0 
1441656410  0  0  0  0  0  0  0  0  0  3909678  0  0  0  0  0  0  0  0  0  21  0  0  0  0  0  50  0  0  0  0  0  0  0 
1441656411  0  0  0  0  0  0  0  0  0  3909678  0  0  0  0  0  0  0  0  0  21  0  0  0  0  0  50  0  0  0  0  0  0  0 
1441656411  0  0  0  0  0  0  0  0  0  3909678  0  0  0  0  0  0  0  0  0  21  0  0  0  0  0  50  0  0  0  0  0  0  0 
1441656412  0  0  0  0  0  0  0  0  0  3909678  0  0  0  0  0  0  0  0  0  21  0  0  0  0  0  50  0  0  0  0  0  0  0 
1441656412  0  0  0  0  0  0  0  0  0  3909678  0  0  0  0  0  0  0  0  0  21  0  0  0  0  0  50  0  0  0  0  0  0  0 
1441656413  0  0  0  0  0  0  0  0  0  3909678  0  0  0  0  0  0  0  0  0  21  0  0  0  0  0  50  0  0  0  0  0  0  0 
1441656413  0  0  0  0  0  0  0  0  0  3909678  0  0  0  0  0  0  0  0  0  21  0  0  0  0  0  50  0  0  0  0  0  0  0 
1441656414  0  0  0  0  0  0  0  0  0  3909678  0  0  0  0  0  0  0  0  0  21  0  0  0  0  0  50  0  0  0  0  0  0  0 
1441656414  0  0  0  0  0  0  0  0  0  3909678  0  0  0  0  0  0  0  0  0  21  0  0  0  0  0  50  0  0  0  0  0  0  0 
1441656415  0  0  0  0  0  0  0  0  0  3909678  0  0  0  0  0  0  0  0  0  21  0  0  0  0  0  50  0  0  0  0  0  0  0 
1441656416  0  0  0  0  0  0  0  0  0  3912784  0  0  0  0  0  0  0  0  0  21  0  0  0  0  0  51  0  3106  0  0  0  0  0 
1441656416  0  0  0  0  0  0  0  0  0  3912784  0  0  0  0  0  0  0  0  0  21  0  0  0  0  0  51  0  0  0  0  0  0  0 
1441656417  0  0  0  0  0  0  0  0  0  3912784  0  0  0  0  0  0  0  0  0  21  0  0  0  0  0  51  0  0  0  0  0  0  0 
1441656417  0  0  0  0  0  0  0  0  0  3912784  0  0  0  0  0  0  0  0  0  21  0  0  0  0  0  51  0  0  0  0  0  0  0 
1441656418  0  0  0  0  0  0  0  0  0  3912784  0  0  0  0  0  0  0  0  0  21  0  0  0  0  0  51  0  0  0  0  0  0  0 
1441656418  0  0  0  0  0  0  0  0  0  3912784  0  0  0  0  0  0  0  0  0  21  0  0  0  0  0  51  0  0  0  0  0  0  0 
1441656419  0  0  0  0  0  0  0  0  0  3912784  0  0  0  0  0  0  0  0  0  21  0  0  0  0  0  51  0  0  0  0  0  0  0 
1441656419  0  0  0  0  0  0  0  0  0  3912784  0  0  0  0  0  0  0  0  0  21  0  0  0  0  0  51  0  0  0  0  0  0  0 
1441656420  0  0  0  0  0  0  0  0  0  3912784  0  0  0  0  0  0  0  0  0  21  0  0  0  0  0  51  0  0  0  0  0  0  0 
1441656420  0  0  0  0  0  0  0  0  0  3912784  0  0  0  0  0  0  0  0  0  21  0  0  0  0  0  51  0  0  0  0  0  0  0 
1441656421  0  0  0  0  0  0  0  0  0  3912784  0  0  0  0  0  0  0  0  0  21  0  0  0  0  0  51  0  0  0  0  0  0  0 
1441656421  0  0  0  0  0  0  0  0  0  3912784  0  0  0  0  0  0  0  0  0  21  0  0  0  0  0  51  0  0  0  0  0  0  0 
1441656422  0  0  0  0  0  0  0  0  0  3912784  0  0  0  0  0  0  0  0  0  21  0  0  0  0  0  51  0  0  0  0  0  0  0 
1441656422  0  0  0  0  0  0  0  0  0  3912784  0  0  0  0  0  0  0  0  0  21  0  0  0  0  0  51  0  0  0  0  0  0  0 
1441656423  0  0  0  0  0  0  0  0  0  3912784  0  0  0  0  0  0  0  0  0  21  0  0  0  0  0  51  0  0  0  0  0  0  0 
1441656423  0  0  0  0  0  0  0  0  0  3912784  0  0  0  0  0  0  0  0  0  21  0  0  0  0  0  51  0  0  0  0  0  0  0 
1441656424  0  0  0  0  0  0  0  0  0  3912784  0  0  0  0  0  0  0  0  0  21  0  0  0  0  0  51  0  0  0  0  0  0  0 
1441656424  0  0  0  0  0  0  0  0  0  3912784  0  0  0  0  0  0  0  0  0  21  0  0  0  0  0  51  0  0  0  0  0  0  0 
1441656425  0  0  0  0  0  0  0  0  0  3912784  0  0  0  0  0  0  0  0  0  21  0  0  0  0  0  51  0  0  0  0  0  0  0 
1441656425  0  0  0  0  0  0  0  0  0  3912784  0  0  0  0  0  0  0  0  0  21  0  0  0  0  0  51  0  0  0  0  0  0  0 
1441656426  0  0  0  0  0  0  0  0  0  3967396  0  0  0  0  0  0  0  0  0  23  0  0  0  0  0  55  0  54612  0  0  0  0  0 
1441656426  0  0  0  0  0  0  0  0  0  4004197  0  0  0  0  0  0  0  0  0  25  0  0  0  0  0  64  0  36801  0  0  0  0  0 
1441656427  0  0  0  0  0  0  0  0  0  4004197  0  0  0  0  0  0  0  0  0  25  0  0  0  0  0  64  0  0  0  0  0  0  0 
1441656427  0  0  0  0  0  0  0  0  0  4004197  0  0  0  0  0  0  0  0  0  25  0  0  0  0  0  64  0  0  0  0  0  0  0 
