#type:T;
#time  gt  cn  Pt  Px  gx  cx  gn  gm  Pn  Pm  Ft  cm  pt  Fx  px  ct  pn  Fm  Fn  pm  dn  On  Om  dm  dx  Ox  dt  Ot  Gt  Cn  Cm  Gx  Cx  Gn  Gm  Ct  
1441319379  3908026  0  0  0  6820  0  4904  154  0  2147483647  20086  2147483647  0  2232  0  0  0  351  21  2147483647  0  46  242  2147483647  0  4604  0  50077  0  0  2147483647  0  0  0  2147483647  0  
1441319380  3912006  0  0  0  6820  0  4905  154  0  2147483647  20086  2147483647  0  2232  0  0  0  351  21  2147483647  0  47  242  2147483647  0  4604  0  52188  0  0  2147483647  0  0  0  2147483647  0  
1441319380  3912006  0  0  0  6820  0  4905  154  0  2147483647  20086  2147483647  0  2232  0  0  0  351  21  2147483647  0  47  242  2147483647  0  4604  0  52188  0  0  2147483647  0  0  0  2147483647  0  
1441319381  3912006  0  0  0  6820  0  4905  154  0  2147483647  20086  2147483647  0  2232  0  0  0  351  21  2147483647  0  47  242  2147483647  0  4604  0  52188  0  0  2147483647  0  0  0  2147483647  0  
1441319381  3912006  0  0  0  6820  0  4905  154  0  2147483647  20086  2147483647  0  2232  0  0  0  351  21  2147483647  0  47  242  2147483647  0  4604  0  52188  0  0  2147483647  0  0  0  2147483647  0  
1441319382  3912006  0  0  0  6820  0  4905  154  0  2147483647  20086  2147483647  0  2232  0  0  0  351  21  2147483647  0  47  242  2147483647  0  4604  0  52188  0  0  2147483647  0  0  0  2147483647  0  
1441319382  3912006  0  0  0  6820  0  4905  154  0  2147483647  20086  2147483647  0  2232  0  0  0  351  21  2147483647  0  47  242  2147483647  0  4604  0  52188  0  0  2147483647  0  0  0  2147483647  0  
1441319383  3912006  0  0  0  6820  0  4905  154  0  2147483647  20086  2147483647  0  2232  0  0  0  351  21  2147483647  0  47  242  2147483647  0  4604  0  52188  0  0  2147483647  0  0  0  2147483647  0  
1441319383  3912006  0  0  0  6820  0  4905  154  0  2147483647  20086  2147483647  0  2232  0  0  0  351  21  2147483647  0  47  242  2147483647  0  4604  0  52188  0  0  2147483647  0  0  0  2147483647  0  
1441319384  3912006  0  0  0  6820  0  4905  154  0  2147483647  20086  2147483647  0  2232  0  0  0  351  21  2147483647  0  47  242  2147483647  0  4604  0  52188  0  0  2147483647  0  0  0  2147483647  0  
1441319385  3912006  0  0  0  6820  0  4905  154  0  2147483647  20086  2147483647  0  2232  0  0  0  351  21  2147483647  0  47  242  2147483647  0  4604  0  52188  0  0  2147483647  0  0  0  2147483647  0  
1441319385  3912006  0  0  0  6820  0  4905  154  0  2147483647  20086  2147483647  0  2232  0  0  0  351  21  2147483647  0  47  242  2147483647  0  4604  0  52188  0  0  2147483647  0  0  0  2147483647  0  
1441319386  3912006  0  0  0  6820  0  4905  154  0  2147483647  20086  2147483647  0  2232  0  0  0  351  21  2147483647  0  47  242  2147483647  0  4604  0  52188  0  0  2147483647  0  0  0  2147483647  0  
1441319386  3912006  0  0  0  6820  0  4905  154  0  2147483647  20086  2147483647  0  2232  0  0  0  351  21  2147483647  0  47  242  2147483647  0  4604  0  52188  0  0  2147483647  0  0  0  2147483647  0  
1441319387  3912006  0  0  0  6820  0  4905  154  0  2147483647  20086  2147483647  0  2232  0  0  0  351  21  2147483647  0  47  242  2147483647  0  4604  0  52188  0  0  2147483647  0  0  0  2147483647  0  
1441319387  3912006  0  0  0  6820  0  4905  154  0  2147483647  20086  2147483647  0  2232  0  0  0  351  21  2147483647  0  47  242  2147483647  0  4604  0  52188  0  0  2147483647  0  0  0  2147483647  0  
1441319388  3912006  0  0  0  6820  0  4905  154  0  2147483647  20086  2147483647  0  2232  0  0  0  351  21  2147483647  0  47  242  2147483647  0  4604  0  52188  0  0  2147483647  0  0  0  2147483647  0  
1441319388  3912006  0  0  0  6820  0  4905  154  0  2147483647  20086  2147483647  0  2232  0  0  0  351  21  2147483647  0  47  242  2147483647  0  4604  0  52188  0  0  2147483647  0  0  0  2147483647  0  
1441319389  3912006  0  0  0  6820  0  4905  154  0  2147483647  20086  2147483647  0  2232  0  0  0  351  21  2147483647  0  47  242  2147483647  0  4604  0  52188  0  0  2147483647  0  0  0  2147483647  0  
1441319389  3912006  0  0  0  6820  0  4905  154  0  2147483647  20086  2147483647  0  2232  0  0  0  351  21  2147483647  0  47  242  2147483647  0  4604  0  52188  0  0  2147483647  0  0  0  2147483647  0  
1441319390  3920956  0  0  0  6820  0  4907  154  0  2147483647  20086  2147483647  0  2232  0  0  0  351  21  2147483647  0  47  242  2147483647  0  4604  0  52188  0  0  2147483647  0  0  0  2147483647  0  
1441319390  4044804  0  11952039  64290  6820  0  5030  154  3431  2362  44715  2147483647  0  3191  0  0  0  233  98  2147483647  0  249  242  2147483647  0  26923  0  422250  856403  3575  562  25172  30740  144  1576  6465533  
1441319391  4154740  0  11952039  64290  6820  0  5176  154  3431  2362  44715  2147483647  0  3191  0  0  0  233  98  2147483647  0  249  242  2147483647  0  26923  0  422250  1718673  3723  562  25172  30740  292  1576  6794455  
1441319391  4184019  0  11952039  64290  6820  0  5200  154  3431  2362  44715  2147483647  0  3191  0  0  0  233  98  2147483647  0  249  242  2147483647  0  26923  0  422250  2033433  3753  562  26288  30740  322  1576  6907804  
1441319392  4184019  0  11952039  64290  6820  0  5200  154  3431  2362  44715  2147483647  0  3191  0  0  0  233  98  2147483647  0  249  242  2147483647  0  26923  0  422250  2033433  3753  562  26288  30740  322  1576  6907804  
1441319392  4184019  0  11952039  64290  6820  0  5200  154  3431  2362  44715  2147483647  0  3191  0  0  0  233  98  2147483647  0  249  242  2147483647  0  26923  0  422250  2033433  3753  562  26288  30740  322  1576  6907804  
1441319393  4184019  0  11952039  64290  6820  0  5200  154  3431  2362  44715  2147483647  0  3191  0  0  0  233  98  2147483647  0  249  242  2147483647  0  26923  0  422250  2033433  3753  562  26288  30740  322  1576  6907804  
1441319393  4184019  0  11952039  64290  6820  0  5200  154  3431  2362  44715  2147483647  0  3191  0  0  0  233  98  2147483647  0  249  242  2147483647  0  26923  0  422250  2033433  3753  562  26288  30740  322  1576  6907804  
1441319394  4184019  0  11952039  64290  6820  0  5200  154  3431  2362  44715  2147483647  0  3191  0  0  0  233  98  2147483647  0  249  242  2147483647  0  26923  0  422250  2033433  3753  562  26288  30740  322  1576  6907804  
1441319394  4184019  0  11952039  64290  6820  0  5200  154  3431  2362  44715  2147483647  0  3191  0  0  0  233  98  2147483647  0  249  242  2147483647  0  26923  0  422250  2033433  3753  562  26288  30740  322  1576  6907804  
1441319395  4184019  0  11952039  64290  6820  0  5200  154  3431  2362  44715  2147483647  0  3191  0  0  0  233  98  2147483647  0  249  242  2147483647  0  26923  0  422250  2033433  3753  562  26288  30740  322  1576  6907804  
1441319395  4184019  0  11952039  64290  6820  0  5200  154  3431  2362  44715  2147483647  0  3191  0  0  0  233  98  2147483647  0  249  242  2147483647  0  26923  0  422250  2033433  3753  562  26288  30740  322  1576  6907804  
1441319396  4184019  0  11952039  64290  6820  0  5200  154  3431  2362  44715  2147483647  0  3191  0  0  0  233  98  2147483647  0  249  242  2147483647  0  26923  0  422250  2033433  3753  562  26288  30740  322  1576  6907804  
1441319396  4184019  0  11952039  64290  6820  0  5200  154  3431  2362  44715  2147483647  0  3191  0  0  0  233  98  2147483647  0  249  242  2147483647  0  26923  0  422250  2033433  3753  562  26288  30740  322  1576  6907804  
1441319397  4184019  0  11952039  64290  6820  0  5200  154  3431  2362  44715  2147483647  0  3191  0  0  0  233  98  2147483647  0  249  242  2147483647  0  26923  0  422250  2033433  3753  562  26288  30740  322  1576  6907804  
1441319397  4184019  0  11952039  64290  6820  0  5200  154  3431  2362  44715  2147483647  0  3191  0  0  0  233  98  2147483647  0  249  242  2147483647  0  26923  0  422250  2033433  3753  562  26288  30740  322  1576  6907804  
1441319398  4184019  0  13533876  64290  6820  0  5200  154  3881  2362  2703823  2147483647  0  3448  0  0  0  205  10979  2147483647  0  249  242  2147483647  0  26923  0  422250  2055926  4211  562  26288  30740  330  1576  7673792  
1441319398  4184019  0  13533876  64290  6820  0  5200  154  3881  2362  5382266  2147483647  0  4730  0  0  0  205  21889  2147483647  0  249  242  2147483647  0  26923  0  422250  2055926  4211  562  26288  30740  330  1576  7673792  
1441319399  4184019  0  13533876  64290  6820  0  5200  154  3881  2362  6913650  2147483647  0  23929  0  0  0  205  26726  2147483647  0  249  242  2147483647  0  26923  0  422250  2055926  4211  562  26288  30740  330  1576  7673792  
1441319399  4184019  0  13609519  64290  6820  0  5200  154  3903  2362  14338754  2147483647  0  23929  0  0  0  205  57364  2147483647  0  249  242  2147483647  0  26923  0  422250  2376166  4315  562  26288  30740  412  1576  7853597  
1441319400  4184019  0  13609519  64290  6820  0  5200  154  3903  2362  14684123  2147483647  0  23929  0  0  0  205  57709  2147483647  0  249  242  2147483647  0  26923  0  422250  2376166  4315  562  26288  30740  412  1576  7853597  
1441319400  4184019  0  13609519  64290  6820  0  5200  154  3903  2362  14684123  2147483647  0  23929  0  0  0  205  57709  2147483647  0  249  242  2147483647  0  26923  0  422250  2376166  4315  562  26288  30740  412  1576  7853597  
1441319401  4452355  0  17305659  72247  6820  0  5552  154  4585  2362  20383691  2147483647  0  23929  0  0  0  205  76293  2147483647  0  249  242  2147483647  0  26923  0  422250  2403632  4998  562  27466  30740  413  1576  9522137  
1441319401  8103934  0  18312017  72247  8231  0  8964  154  4692  2362  26085686  2147483647  0  23929  0  0  0  205  82329  2147483647  0  250  242  2147483647  0  26923  0  426032  2403632  5105  562  27466  30740  413  1576  9839712  
1441319402  9736008  0  20251460  72247  10850  0  10503  154  4894  2362  32844364  2147483647  0  23929  0  0  0  205  89579  2147483647  0  255  242  2147483647  0  26923  0  446585  2454099  5311  562  27466  30740  417  1576  10537416  
1441319402  12900001  0  20522203  72247  10850  0  13647  154  4919  2241  38686442  2147483647  0  54684  0  0  0  205  96090  2147483647  0  256  242  2147483647  0  26923  0  450631  2454099  5336  562  27466  30740  417  1576  10607299  
1441319403  14249883  0  21250927  72247  10850  0  14927  154  5020  2241  44026249  2147483647  0  54684  0  0  0  205  102130  2147483647  0  257  242  2147483647  0  26923  0  456165  2454099  5437  562  27466  30740  417  1576  10841938  
1441319403  16117293  0  22000702  72247  10850  0  16610  154  5093  2241  48807859  2147483647  0  54684  0  0  0  205  107299  2147483647  0  257  242  2147483647  0  26923  0  456165  2454099  5510  562  27466  30740  417  1576  11061137  
1441319404  16117293  0  22000702  72247  10850  0  16610  154  5093  2241  48807859  2147483647  0  54684  0  0  0  205  107299  2147483647  0  257  242  2147483647  0  26923  0  456165  2454099  5510  562  27466  30740  417  1576  11061137  
1441319404  19650363  0  22551394  72247  18213  0  19991  154  5153  1887  53269512  2147483647  0  54684  0  0  0  205  112419  2147483647  0  257  242  2147483647  0  26923  0  456165  2454099  5570  562  27466  30740  417  1576  11232375  
1441319405  23124941  0  23486078  72247  18213  0  23328  154  5303  1787  60051036  2147483647  0  54684  0  0  0  205  119707  2147483647  0  260  242  2147483647  0  26923  0  466412  3541022  5838  562  27466  30740  535  1576  12041147  
1441319405  25542963  0  24334154  72247  18213  0  25760  154  5402  1787  61999145  2147483647  0  54684  0  0  0  205  121877  2147483647  0  260  242  2147483647  0  26923  0  466412  3541022  5937  562  27466  30740  535  1576  12332559  
1441319406  29544825  0  27082943  72247  18213  0  29436  154  5712  1787  64778332  2147483647  0  54684  0  0  0  205  125083  2147483647  0  260  242  2147483647  0  26923  0  466412  3541022  6247  562  27466  30740  535  1576  13284754  
1441319406  32352283  0  41635979  109414  18213  0  32092  154  7931  1787  67994138  2147483647  0  54684  0  0  0  205  128850  2147483647  0  262  242  2147483647  0  516507  0  984252  3648788  8528  496  27466  30740  597  1518  19374892  
1441319407  36498419  0  66797076  109414  18213  0  35693  154  10845  1787  74483725  2147483647  0  54684  0  0  0  205  135229  2147483647  0  264  242  2147483647  0  516507  0  992374  3648788  11442  496  27466  30740  597  1518  29335732  
1441319407  36498419  0  66797076  109414  18213  0  35693  154  10845  1787  74483725  2147483647  0  54684  0  0  0  205  135229  2147483647  0  264  242  2147483647  0  516507  0  992374  3648788  11442  496  27466  30740  597  1518  29335732  
1441319408  37315386  0  73160944  109414  18213  0  36653  154  11586  1787  76758251  2147483647  0  54684  0  0  0  205  140307  2147483647  0  266  242  2147483647  0  516507  0  1240190  3648788  12183  496  27466  30740  597  1518  32108508  
1441319408  37481853  0  85670494  109414  18213  0  36970  154  13236  1787  82115878  2147483647  0  54684  0  0  0  205  145912  2147483647  0  273  242  2147483647  0  529749  0  1786749  3806175  13849  496  27466  30740  613  1518  37703637  
1441319409  38075712  0  100964331  109414  18213  0  37566  154  15029  1787  85751804  2147483647  0  54684  0  0  0  205  152930  2147483647  0  277  242  2147483647  0  529749  0  1802098  7310413  16058  496  27466  30740  1029  1518  45435451  
1441319409  39472297  0  125271020  109414  18213  0  38822  154  18145  1787  88728113  2147483647  0  54684  0  0  0  205  155827  2147483647  0  279  242  2147483647  0  529749  0  1809182  7310413  19174  496  27466  30740  1029  1518  55275695  
1441319410  40185463  0  181874615  109414  18213  0  39493  154  25614  1787  89873295  2147483647  0  54684  0  0  0  205  157240  2147483647  0  281  242  2147483647  0  529749  0  1812978  20768026  28841  496  41301  38705  3227  1518  84791368  
1441319410  40185463  0  181874615  109414  18213  0  39493  154  25614  1787  89873295  2147483647  0  54684  0  0  0  205  157240  2147483647  0  281  242  2147483647  0  529749  0  1812978  20768026  28841  496  41301  38705  3227  1518  84791368  
1441319411  40562874  0  189511286  109414  18213  0  39905  154  26572  1787  92185698  2147483647  0  54684  0  0  0  205  161447  2147483647  0  285  242  2147483647  0  529749  0  1820656  28124283  30715  496  41301  38705  4143  1518  91317290  
1441319412  43556858  0  211766802  109414  18213  0  43602  154  29606  1518  103083439  2147483647  0  54684  0  0  0  205  176167  2147483647  0  289  242  2147483647  0  529749  0  1836450  54670894  39188  490  41301  38705  9582  1518  113297527  
1441319412  44651065  0  230700307  109414  18213  0  44712  154  32080  1518  108543502  2147483647  0  54684  0  0  0  205  181858  2147483647  0  291  242  2147483647  0  529749  0  1840402  59386639  42209  490  41301  38705  10129  1518  123654256  
1441319413  44651065  0  230700307  109414  18213  0  44712  154  32080  1518  108543502  2147483647  0  54684  0  0  0  205  181858  2147483647  0  291  242  2147483647  0  529749  0  1840402  59386639  42209  490  41301  38705  10129  1518  123654256  
1441319413  46863476  0  246431557  109414  18213  0  46794  154  33877  1518  113022519  2147483647  0  54684  0  0  0  205  186307  2147483647  0  291  242  2147483647  0  529749  0  1840402  59386639  44006  490  41301  38705  10129  1518  130223965  
1441319414  47246409  0  272446163  109414  18213  0  47146  154  36776  1518  114551057  2147483647  0  54684  0  0  0  205  187966  2147483647  0  291  242  2147483647  0  529749  0  1840402  59386639  46905  490  41301  38705  10129  1518  140578161  
1441319414  48839972  0  295167091  109414  18213  0  48433  154  39153  1518  116580230  2147483647  0  54684  0  0  0  205  190082  2147483647  0  291  242  2147483647  0  529749  0  1840402  59540555  49298  490  41301  38705  10145  1518  149527892  
1441319415  50147720  0  318034114  109414  18213  0  49982  154  42174  1518  122196500  2147483647  0  54684  0  0  0  205  199047  2147483647  0  299  242  2147483647  0  566169  0  2500205  87377428  57857  490  42681  39674  15683  1518  172430243  
1441319415  52840423  0  327576102  109414  18213  0  52511  154  43292  1518  127371693  2147483647  0  54684  0  0  0  205  204307  2147483647  0  299  242  2147483647  0  566169  0  2500205  87377428  58975  490  42681  39674  15683  1518  176519944  
1441319416  55794040  0  348017769  109414  18213  0  55281  154  45889  1518  132661516  2147483647  0  54684  0  0  0  205  209451  2147483647  0  301  242  2147483647  0  990496  0  3492848  110144617  64254  490  42681  39674  18365  1518  195273299  
1441319416  55794040  0  348017769  109414  18213  0  55281  154  45889  1518  132661516  2147483647  0  54684  0  0  0  205  209451  2147483647  0  301  242  2147483647  0  990496  0  3492848  110144617  64254  490  42681  39674  18365  1518  195273299  
1441319417  59698837  0  355939461  109414  18213  0  58993  154  46880  1518  136849639  2147483647  0  54684  0  0  0  205  213618  2147483647  0  302  242  2147483647  0  990496  0  3497529  110383284  65270  490  42681  39674  18390  1518  198678155  
1441319417  62388940  0  369545186  109414  18213  0  61469  154  49107  1518  139419036  2147483647  0  54684  0  0  0  205  216704  2147483647  0  305  242  2147483647  0  6647283  0  10148024  110612847  67520  490  42681  39674  18413  1518  204867434  
1441319418  64477837  0  416973282  109414  18213  0  63684  154  55667  1518  139531840  2147483647  0  54684  0  0  0  205  216845  2147483647  0  306  242  2147483647  0  6647283  0  10151186  110771456  74097  490  42681  39674  18430  1518  225936389  
1441319418  67942781  0  457805949  109414  18213  0  67005  154  60463  1518  139762984  2147483647  0  54684  0  0  0  205  217055  2147483647  0  306  242  2147483647  0  6647283  0  10151186  110842106  78900  490  42681  39674  18437  1518  242091962  
1441319419  71631013  0  508142131  109414  18213  0  70280  154  66304  1518  139877346  2147483647  0  54684  0  0  0  205  217179  2147483647  0  309  242  2147483647  0  6647283  0  10161229  110842106  84741  490  42681  39674  18437  1518  262129910  
1441319419  74969382  0  537441378  109414  18213  0  73260  154  70168  1518  143965566  2147483647  0  54684  0  0  0  205  221379  2147483647  0  310  242  2147483647  0  6647283  0  10164556  125635211  90650  490  42681  39674  20482  1518  280873377  
1441319420  74969382  0  537441378  109414  18213  0  73260  154  70168  1518  143965566  2147483647  0  54684  0  0  0  205  221379  2147483647  0  310  242  2147483647  0  6647283  0  10164556  125635211  90650  490  42681  39674  20482  1518  280873377  
1441319420  77044551  0  546438050  109414  18213  0  75075  154  71400  1518  148682780  2147483647  0  54684  0  0  0  205  226527  2147483647  0  312  242  2147483647  0  6647283  0  12924053  125635211  91882  490  42681  39674  20482  1518  284765947  
1441319421  78045768  0  578116947  109414  18213  0  76035  154  77289  1518  152039096  2147483647  0  54684  0  0  0  205  231378  2147483647  0  317  242  2147483647  0  6647283  0  15157366  145366664  102991  490  42681  39674  25702  1518  309398506  
1441319421  79928789  0  589643051  109414  18213  0  77667  154  78672  1518  155022134  2147483647  0  54684  0  0  0  205  234615  2147483647  0  317  242  2147483647  0  6647283  0  15157366  145366664  104374  490  42681  39674  25702  1518  314362484  
1441319422  80035063  0  603724458  109414  18213  0  77894  154  80876  1518  157253685  2147483647  0  54684  0  0  0  205  237252  2147483647  0  319  242  2147483647  0  6647283  0  15160097  145366664  106578  490  42681  39674  25702  1518  320811309  
1441319422  81352353  0  627373939  109414  18213  0  79142  154  83876  1518  161351115  2147483647  0  54684  0  0  0  205  241607  2147483647  0  322  242  2147483647  0  6647283  0  15172698  145366664  109578  490  42681  39674  25702  1518  330901892  
1441319423  82575074  0  638088152  109414  18213  0  80188  154  85313  1518  166262794  2147483647  0  54684  0  0  0  205  246493  2147483647  0  324  242  2147483647  0  6647283  0  15178712  145366664  111015  490  42681  39674  25702  1518  335661090  
1441319423  82575074  0  638088152  109414  18213  0  80188  154  85313  1518  166262794  2147483647  0  54684  0  0  0  205  246493  2147483647  0  324  242  2147483647  0  6647283  0  15178712  145366664  111015  490  42681  39674  25702  1518  335661090  
1441319424  84095378  0  672352596  109414  18213  0  81821  154  89495  1518  168669085  2147483647  0  54684  0  0  0  205  249116  2147483647  0  327  242  2147483647  0  6647283  0  15190647  145366664  115197  490  42681  39674  25702  1518  349411139  
1441319424  84224713  0  685656877  109414  18213  0  82003  154  91093  1518  172081672  2147483647  0  54684  0  0  0  205  252663  2147483647  0  327  242  2147483647  0  6647283  0  15190647  152841311  117683  490  42681  39674  26590  1518  358111229  
1441319425  84437605  0  686584725  109414  18213  0  82171  154  91223  1518  176809971  2147483647  0  54684  0  0  0  205  257338  2147483647  0  327  242  2147483647  0  6647283  0  15190647  153340411  117869  490  42681  39674  26646  1518  358694365  
1441319425  85615000  0  698021488  109414  18213  0  83425  154  94145  1506  184069175  2147483647  0  54684  0  0  0  205  275294  2147483647  0  331  242  2147483647  0  6647283  0  18706259  212964197  134120  490  43284  40862  39975  1518  393296470  
1441319426  87445647  0  721144677  109414  18213  0  85356  154  98413  1506  191210065  2147483647  0  54684  0  0  0  205  286302  2147483647  0  342  242  2147483647  0  6647283  0  20313419  249708003  145517  490  43284  40862  47104  1518  420935080  
1441319427  88799924  0  750851737  109414  18213  0  86732  154  102414  1506  192956155  2147483647  0  54684  0  0  0  205  288101  2147483647  0  342  242  2147483647  0  6647283  0  20313419  249708003  149518  490  43284  40862  47104  1518  434027964  
1441319427  88799924  0  750851737  109414  18213  0  86732  154  102414  1506  192956155  2147483647  0  54684  0  0  0  205  288101  2147483647  0  342  242  2147483647  0  6647283  0  20313419  249708003  149518  490  43284  40862  47104  1518  434027964  
1441319428  90460006  0  766275287  109414  18213  0  88396  154  104433  1506  197734211  2147483647  0  54684  0  0  0  205  292883  2147483647  0  344  242  2147483647  0  6647283  0  20320999  249708003  151537  490  43284  40862  47104  1518  440726247  
1441319428  92927108  0  780629803  109414  18213  0  90648  154  106293  1506  199249809  2147483647  0  54684  0  0  0  205  294602  2147483647  0  344  242  2147483647  0  6647283  0  20320999  249708003  153397  490  43284  40862  47104  1518  446974357  
1441319429  94956307  0  794933600  109414  18213  0  92471  154  108183  1506  202140159  2147483647  0  54684  0  0  0  205  297699  2147483647  0  344  242  2147483647  0  6647283  0  20320999  249708003  155287  490  43284  40862  47104  1518  453303243  
1441319429  95725688  0  814838862  109414  18213  0  93371  154  111024  1506  203138631  2147483647  0  54684  0  0  0  205  298792  2147483647  0  344  242  2147483647  0  6647283  0  20320999  249708003  158128  490  43284  40862  47104  1518  462197161  
1441319430  98100435  0  854237512  109414  18213  0  95806  154  116082  1506  204446503  2147483647  0  54684  0  0  0  205  300792  2147483647  0  346  242  2147483647  0  6647283  0  20679181  266688505  165501  490  110655  40862  49419  1518  486680129  
1441319430  100805745  0  874127253  109414  18213  0  98148  154  118590  1506  206181456  2147483647  0  54684  0  0  0  205  302643  2147483647  0  347  242  2147483647  0  6647283  0  20682978  268622616  168238  490  110655  40862  49648  1518  496217629  
1441319431  100805745  0  874127253  109414  18213  0  98148  154  118590  1506  206181456  2147483647  0  54684  0  0  0  205  302643  2147483647  0  347  242  2147483647  0  6647283  0  20682978  268622616  168238  490  110655  40862  49648  1518  496217629  
1441319431  104146329  0  886897762  109414  18213  0  101265  154  120305  1506  211241195  2147483647  0  54684  0  0  0  205  311859  2147483647  0  350  242  2147483647  0  6647283  0  20687234  268645066  169963  490  110655  40862  49658  1518  501842841  
1441319432  106807089  0  910967669  109414  18213  0  103601  154  123186  1506  213003450  2147483647  0  54684  0  0  0  205  313754  2147483647  0  352  242  2147483647  0  6647283  0  24031227  275597397  173671  490  110655  40862  50485  1518  515248358  
1441319432  109679447  0  919409456  109414  18213  0  106126  154  124209  1506  217846823  2147483647  0  54684  0  0  0  205  318783  2147483647  0  355  242  2147483647  0  6647283  0  27194979  275597397  174694  490  110655  40862  50485  1518  518858080  
1441319433  111949456  0  926421824  109414  18213  0  108160  154  125107  1506  218841555  2147483647  0  54684  0  0  0  205  319882  2147483647  0  355  242  2147483647  0  6647283  0  27194979  275597397  175592  490  110655  40862  50485  1518  521873078  
1441319433  112064123  0  976233648  109414  18213  0  108280  154  131819  1506  222249609  2147483647  0  54684  0  0  0  205  323957  2147483647  0  365  242  2147483647  0  8904316  0  37366209  276045619  182439  490  110655  40862  50620  1518  543997279  
1441319434  112083825  0  1025414102  109414  18213  0  108344  154  138417  1506  226458021  2147483647  0  54684  0  0  0  205  330248  2147483647  0  368  242  2147483647  0  8904316  0  37549865  295540526  192695  490  110655  40862  54278  1518  574719510  
1441319434  112083825  0  1025414102  109414  18213  0  108344  154  138417  1506  226458021  2147483647  0  54684  0  0  0  205  330248  2147483647  0  368  242  2147483647  0  8904316  0  37549865  295540526  192695  490  110655  40862  54278  1518  574719510  
1441319435  112996243  0  1042286921  109414  18213  0  109304  154  140412  1506  232145137  2147483647  0  54684  0  0  0  205  336808  2147483647  0  370  242  2147483647  0  8904316  0  38222875  311246594  196505  490  110655  40862  56093  1518  588670845  
1441319435  113495549  0  1058990355  109414  18213  0  109747  154  142384  1506  235361059  2147483647  0  54684  0  0  0  205  340489  2147483647  0  370  242  2147483647  0  8904316  0  38222875  311568191  198514  490  110655  40862  56130  1518  596043014  
1441319436  114504728  0  1060455715  109414  18213  0  110653  154  142544  1506  240102001  2147483647  0  54684  0  0  0  205  345488  2147483647  0  370  242  2147483647  0  8904316  0  38222875  311805153  198699  490  110655  40862  56155  1518  596716538  
1441319436  115641422  0  1061214689  109414  18213  0  111899  154  142643  1506  247671916  2147483647  0  54684  0  0  0  205  355673  2147483647  0  374  242  2147483647  0  8904316  0  42883815  330555509  200982  490  110655  40862  58339  1518  605146673  
1441319437  118956833  0  1063176594  109414  18213  0  115034  154  143070  1506  249778968  2147483647  0  54684  0  0  0  205  357985  2147483647  0  376  242  2147483647  0  8904316  0  42895797  331791955  201569  490  110655  40862  58499  1518  606534792  
1441319437  123355439  0  1088887301  109414  18213  0  119514  154  146500  1506  253528321  2147483647  0  54684  0  0  0  205  362151  2147483647  0  376  242  2147483647  0  8904316  0  42895797  331791955  204999  490  110655  40862  58499  1518  617884473  
1441319438  123355439  0  1088887301  109414  18213  0  119514  154  146500  1506  253528321  2147483647  0  54684  0  0  0  205  362151  2147483647  0  376  242  2147483647  0  8904316  0  42895797  331791955  204999  490  110655  40862  58499  1518  617884473  
1441319438  126609647  0  1107896924  109414  18213  0  122330  154  148753  1506  255977621  2147483647  0  54684  0  0  0  205  364830  2147483647  0  378  242  2147483647  0  8904316  0  42903081  331791955  207252  490  110655  40862  58499  1518  626185559  
1441319439  128985564  0  1120734381  109414  18213  0  124474  154  150551  1506  261363575  2147483647  0  54684  0  0  0  205  370905  2147483647  0  382  242  2147483647  0  8904316  0  43478405  345339985  211517  490  110655  40862  60966  1518  637964595  
1441319439  131235097  0  1143789396  109414  18213  0  126495  154  153284  1506  265496041  2147483647  0  54684  0  0  0  205  375272  2147483647  0  384  242  2147483647  0  10306229  0  53786076  350771968  214877  490  110655  40862  61593  1518  650254336  
1441319440  133613327  0  1156256425  109414  18213  0  128446  154  154992  1506  268739670  2147483647  0  54684  0  0  0  205  378502  2147483647  0  384  242  2147483647  0  10306229  0  53786076  350771968  216585  490  110655  40862  61593  1518  655763985  
1441319440  135599874  0  1179933446  109414  18213  0  130302  154  157990  1506  270145229  2147483647  0  54684  0  0  0  205  379831  2147483647  0  385  242  2147483647  0  10306229  0  54995572  350771968  219583  490  110655  40862  61593  1518  666110982  
1441319441  138355784  0  1201003052  109414  18213  0  132876  154  161370  1506  273380123  2147483647  0  54684  0  0  0  205  383644  2147483647  0  388  242  2147483647  0  10306229  0  56380140  357329087  225033  490  110655  40862  63663  1500  678874339  
1441319441  138355784  0  1201003052  109414  18213  0  132876  154  161370  1506  273380123  2147483647  0  54684  0  0  0  205  383644  2147483647  0  388  242  2147483647  0  10306229  0  56380140  357329087  225033  490  110655  40862  63663  1500  678874339  
1441319442  141327556  0  1225173374  109414  18213  0  135588  154  164862  1506  275448264  2147483647  0  54684  0  0  0  205  385936  2147483647  0  388  242  2147483647  0  10306229  0  56380140  362175524  229577  490  110655  40862  64715  1500  691759425  
1441319443  144475151  0  1252817814  109414  32240  0  138568  154  168472  1506  284377195  2147483647  0  54684  0  0  0  205  395351  2147483647  0  396  242  2147483647  0  10306229  0  57236564  362175524  233187  490  110655  40862  64715  1500  703933644  
1441319443  146826897  0  1269131344  109414  32240  0  140612  154  170443  1506  287617287  2147483647  0  54684  0  0  0  205  399497  2147483647  0  396  242  2147483647  0  10306229  0  57236564  362175524  235158  490  110655  40862  64715  1500  710966273  
1441319444  147649063  0  1299928142  109414  32240  0  141349  154  174198  1506  292296388  2147483647  0  54684  0  0  0  205  404465  2147483647  0  399  242  2147483647  0  10306229  0  57243228  384701672  241577  490  110655  40862  67379  1500  734080544  
1441319444  148897907  0  1348856866  109414  32240  0  143205  154  181188  1506  295493379  2147483647  0  54684  0  0  0  205  408588  2147483647  0  403  242  2147483647  0  10306229  0  57249002  415860378  253025  490  112731  107524  71837  1500  769450295  
1441319445  149612746  0  1358169148  109414  32240  0  143877  154  182228  1506  299452373  2147483647  0  54684  0  0  0  205  412787  2147483647  0  403  242  2147483647  0  10306229  0  57249002  415860378  254065  490  112731  107524  71837  1500  773092229  
1441319445  149774655  0  1368747811  109414  32240  0  144041  154  183515  1506  304095058  2147483647  0  54684  0  0  0  205  418942  2147483647  0  403  242  2147483647  0  10306229  0  57249002  422349522  257167  490  112731  107524  73652  1500  780642730  
1441319446  151064758  0  1387319235  109414  32240  0  145216  154  185847  1506  307436825  2147483647  0  54684  0  0  0  205  422920  2147483647  0  409  242  2147483647  0  10306229  0  60574414  429175833  260766  490  112731  107524  74919  1500  791604337  
1441319447  151064758  0  1387319235  109414  32240  0  145216  154  185847  1506  307436825  2147483647  0  54684  0  0  0  205  422920  2147483647  0  409  242  2147483647  0  10306229  0  60574414  429175833  260766  490  112731  107524  74919  1500  791604337  
1441319447  152525313  0  1419853583  109414  32240  0  146863  154  190737  1506  312184770  2147483647  0  54684  0  0  0  205  428811  2147483647  0  413  242  2147483647  0  10306229  0  69542076  450817912  269240  490  112731  107524  78503  1500  815884408  
1441319448  153095236  0  1442439491  109414  32240  0  147439  154  193890  1506  314951736  2147483647  0  54684  0  0  0  205  431379  2147483647  0  413  242  2147483647  0  10306229  0  69542076  450817912  272393  490  112731  107524  78503  1500  826036383  
1441319448  153250170  0  1455075225  109414  32240  0  147567  154  195502  1506  317854607  2147483647  0  54684  0  0  0  205  434488  2147483647  0  413  242  2147483647  0  10306229  0  69542076  450817912  274005  490  112731  107524  78503  1500  831567935  
1441319449  153626010  0  1457743825  109414  32240  0  148271  154  196173  1506  322775312  2147483647  0  54684  0  0  0  205  442536  2147483647  0  417  242  2147483647  0  10306229  0  72861857  461347035  277357  490  112731  107524  81184  1500  837969995  
1441319449  155106493  0  1482633606  109414  32240  0  149615  154  199886  1506  326649973  2147483647  0  54684  0  0  0  205  446807  2147483647  0  418  242  2147483647  0  10306229  0  72863248  477601193  283537  490  112731  107524  83651  1500  856274787  
1441319450  155538138  0  1496862621  109414  32240  0  150068  154  202685  1506  331057603  2147483647  0  54684  0  0  0  205  451636  2147483647  0  420  242  2147483647  0  10306229  0  72867619  490855435  289272  490  112731  107524  86587  1500  869322048  
1441319450  155538138  0  1496862621  109414  32240  0  150068  154  202685  1506  331057603  2147483647  0  54684  0  0  0  205  451636  2147483647  0  420  242  2147483647  0  10306229  0  72867619  490855435  289272  490  112731  107524  86587  1500  869322048  
1441319451  157040619  0  1515955511  109414  32240  0  151506  154  205198  1506  334314459  2147483647  0  54684  0  0  0  205  455176  2147483647  0  423  242  2147483647  0  10306229  0  83922359  490855435  291785  490  112731  107524  86587  1500  877829067  
1441319451  158297130  0  1520309100  109414  32240  0  153234  154  205750  1506  339618456  2147483647  0  54684  0  0  0  205  461165  2147483647  0  424  242  2147483647  0  10306229  0  83925738  503325106  293776  490  112731  107524  88026  1500  885037945  
1441319452  161069800  0  1531051316  109414  32240  0  155881  154  207001  1506  346516345  2147483647  0  54684  0  0  0  205  468764  2147483647  0  427  242  2147483647  0  10306229  0  86587285  507928488  295549  490  112731  107524  88548  1500  891597628  
1441319452  162159225  0  1548075218  109414  32240  0  157129  154  209075  1506  348916600  2147483647  0  54684  0  0  0  205  471450  2147483647  0  428  242  2147483647  0  10306229  0  86588782  515182589  299772  490  112731  107524  90697  1500  902898507  
1441319453  163424813  0  1578341589  109414  32240  0  158281  154  212672  1506  350822318  2147483647  0  54684  0  0  0  205  474512  2147483647  0  429  242  2147483647  0  10306229  0  86590222  517831834  304196  490  112731  107524  91524  1500  917517667  
1441319453  164450616  0  1579599740  109414  32240  0  159177  154  212854  1506  355100258  2147483647  0  54684  0  0  0  205  478860  2147483647  0  429  242  2147483647  0  10306229  0  86590222  517831834  304378  490  112731  107524  91524  1500  918053617  
1441319454  164450616  0  1579599740  109414  32240  0  159177  154  212854  1506  355100258  2147483647  0  54684  0  0  0  205  478860  2147483647  0  429  242  2147483647  0  10306229  0  86590222  517831834  304378  490  112731  107524  91524  1500  918053617  
1441319454  166210451  0  1609519763  109414  32240  0  160618  154  216601  1506  358151444  2147483647  0  54684  0  0  0  205  482365  2147483647  0  432  242  2147483647  0  10306229  0  86599584  517831834  308125  490  112731  107524  91524  1500  931037285  
1441319455  166444849  0  1631138334  109414  32240  0  160842  154  219154  1506  362746904  2147483647  0  54684  0  0  0  205  487572  2147483647  0  433  242  2147483647  0  10306229  0  86603009  517831834  310678  490  112731  107524  91524  1500  940458590  
1441319455  166638485  0  1660089253  109414  32240  0  161034  154  222857  1506  365311201  2147483647  0  54684  0  0  0  205  490311  2147483647  0  433  242  2147483647  0  10306229  0  86603009  517831834  314381  490  112731  107524  91524  1500  953180789  
1441319456  166814181  0  1686033913  109414  32240  0  161163  154  226013  1506  366689113  2147483647  0  54684  0  0  0  205  491945  2147483647  0  433  242  2147483647  0  10306229  0  86603009  519533643  317743  490  112731  107524  91730  1500  965265504  
1441319456  166814181  0  1686811113  109414  32240  0  161163  154  226100  1506  366838908  2147483647  0  54684  0  0  0  205  492087  2147483647  0  433  242  2147483647  0  10306229  0  86603009  519533643  317830  490  112731  107524  91730  1500  965590363  
1441319457  166885705  0  1686811113  109414  32240  0  161237  154  226100  1506  366838908  2147483647  0  54684  0  0  0  205  492087  2147483647  0  433  242  2147483647  0  10306229  0  86603009  519548257  317832  490  112731  107524  91732  1500  965593660  
