#type:G;
#time  Rt  Nm  Tt  Nc  Rx  Gz  Pc  Pf  Ra  Te  Pm  Fp  Fc  Ta  Fm  Om  Lm  Oc  Sm  Sc  Em  Af  Ea  Cf  Ec  Gd  Zt  Et  Ep  dedup_put_diff  total_eph_put_diff  dedup_factor  dedup_curr  compression_saving  tze_saving  
1441319379  0  0  4978  0  0  0  0  0  0  4904  0  0  0  0  0  0  0  0  0  0  0  0  0  0  0  0  0  0  0  0  0  0 0 0 0 
1441319380  0  0  4981  0  0  0  0  0  0  4905  0  0  0  0  0  0  0  0  0  0  0  0  0  0  0  0  0  0  0  0  0  0 0 0 0 
1441319380  0  0  4982  0  0  0  0  0  0  4905  0  0  0  0  0  0  0  0  0  0  0  0  0  0  0  0  0  0  0  0  0  0 0 0 0 
1441319381  0  0  4982  0  0  0  0  0  0  4905  0  0  0  0  0  0  0  0  0  0  0  0  0  0  0  0  0  0  0  0  0  0 0 0 0 
1441319381  0  0  4983  0  0  0  0  0  0  4905  0  0  0  0  0  0  0  0  0  0  0  0  0  0  0  0  0  0  0  0  0  0 0 0 0 
1441319382  0  0  4984  0  0  0  0  0  0  4905  0  0  0  0  0  0  0  0  0  0  0  0  0  0  0  0  0  0  0  0  0  0 0 0 0 
1441319382  0  0  4985  0  0  0  0  0  0  4905  0  0  0  0  0  0  0  0  0  0  0  0  0  0  0  0  0  0  0  0  0  0 0 0 0 
1441319383  0  0  4986  0  0  0  0  0  0  4905  0  0  0  0  0  0  0  0  0  0  0  0  0  0  0  0  0  0  0  0  0  0 0 0 0 
1441319383  0  0  4987  0  0  0  0  0  0  4905  0  0  0  0  0  0  0  0  0  0  0  0  0  0  0  0  0  0  0  0  0  0 0 0 0 
1441319384  0  0  4988  0  0  0  0  0  0  4905  0  0  0  0  0  0  0  0  0  0  0  0  0  0  0  0  0  0  0  0  0  0 0 0 0 
1441319385  0  0  4988  0  0  0  0  0  0  4905  0  0  0  0  0  0  0  0  0  0  0  0  0  0  0  0  0  0  0  0  0  0 0 0 0 
1441319385  0  0  4989  0  0  0  0  0  0  4905  0  0  0  0  0  0  0  0  0  0  0  0  0  0  0  0  0  0  0  0  0  0 0 0 0 
1441319386  0  0  4990  0  0  0  0  0  0  4905  0  0  0  0  0  0  0  0  0  0  0  0  0  0  0  0  0  0  0  0  0  0 0 0 0 
1441319386  0  0  4991  0  0  0  0  0  0  4905  0  0  0  0  0  0  0  0  0  0  0  0  0  0  0  0  0  0  0  0  0  0 0 0 0 
1441319387  0  0  4992  0  0  0  0  0  0  4905  0  0  0  0  0  0  0  0  0  0  0  0  0  0  0  0  0  0  0  0  0  0 0 0 0 
1441319387  0  0  4993  0  0  0  0  0  0  4905  0  0  0  0  0  0  0  0  0  0  0  0  0  0  0  0  0  0  0  0  0  0 0 0 0 
1441319388  0  0  4994  0  0  0  0  0  0  4905  0  0  0  0  0  0  0  0  0  0  0  0  0  0  0  0  0  0  0  0  0  0 0 0 0 
1441319388  0  0  4994  0  0  0  0  0  0  4905  0  0  0  0  0  0  0  0  0  0  0  0  0  0  0  0  0  0  0  0  0  0 0 0 0 
1441319389  0  0  4995  0  0  0  0  0  0  4905  0  0  0  0  0  0  0  0  0  0  0  0  0  0  0  0  0  0  0  0  0  0 0 0 0 
1441319389  0  0  4996  0  0  0  0  0  0  4905  0  0  0  0  0  0  0  0  0  0  0  0  0  0  0  0  0  0  0  0  0  0 0 0 0 
1441319390  0  0  4999  0  0  0  0  0  0  4907  0  0  0  0  0  0  0  0  0  0  0  0  0  0  0  0  0  0  0  0  0  0 0 0 0 
1441319390  0  234  8977  194  0  0  2796  0  0  5018  3431  0  2796  646  3431  354  0  217  0  0  3431  0  0  0  2796  0  0  0  3431  0  3431  0.0  100.0  0 0 
1441319391  0  234  9272  183  0  0  2648  0  0  5018  3431  0  2648  797  3431  354  0  192  0  0  3431  0  0  0  2648  0  0  0  3431  0  0  0.0  100.0  0 0 
1441319391  0  234  9327  179  0  0  2618  0  0  5018  3431  0  2618  828  3431  354  0  190  0  0  3431  0  0  0  2618  0  0  0  3431  0  0  0.0  100.0  0 0 
1441319392  0  234  9327  179  0  0  2618  0  0  5018  3431  0  2618  828  3431  354  0  190  0  0  3431  0  0  0  2618  0  0  0  3431  0  0  0.0  100.0  0 0 
1441319392  0  234  9328  179  0  0  2618  0  0  5018  3431  0  2618  828  3431  354  0  190  0  0  3431  0  0  0  2618  0  0  0  3431  0  0  0.0  100.0  0 0 
1441319393  0  234  9329  179  0  0  2618  0  0  5018  3431  0  2618  828  3431  354  0  190  0  0  3431  0  0  0  2618  0  0  0  3431  0  0  0.0  100.0  0 0 
1441319393  0  234  9330  179  0  0  2618  0  0  5018  3431  0  2618  828  3431  354  0  190  0  0  3431  0  0  0  2618  0  0  0  3431  0  0  0.0  100.0  0 0 
1441319394  0  234  9331  179  0  0  2618  0  0  5018  3431  0  2618  828  3431  354  0  190  0  0  3431  0  0  0  2618  0  0  0  3431  0  0  0.0  100.0  0 0 
1441319394  0  234  9332  179  0  0  2618  0  0  5018  3431  0  2618  828  3431  354  0  190  0  0  3431  0  0  0  2618  0  0  0  3431  0  0  0.0  100.0  0 0 
1441319395  0  234  9332  179  0  0  2618  0  0  5018  3431  0  2618  828  3431  354  0  190  0  0  3431  0  0  0  2618  0  0  0  3431  0  0  0.0  100.0  0 0 
1441319395  0  234  9333  179  0  0  2618  0  0  5018  3431  0  2618  828  3431  354  0  190  0  0  3431  0  0  0  2618  0  0  0  3431  0  0  0.0  100.0  0 0 
1441319396  0  234  9334  179  0  0  2618  0  0  5018  3431  0  2618  828  3431  354  0  190  0  0  3431  0  0  0  2618  0  0  0  3431  0  0  0.0  100.0  0 0 
1441319396  0  234  9335  179  0  0  2618  0  0  5018  3431  0  2618  828  3431  354  0  190  0  0  3431  0  0  0  2618  0  0  0  3431  0  0  0.0  100.0  0 0 
1441319397  0  234  9336  179  0  0  2618  0  0  5018  3431  0  2618  828  3431  354  0  190  0  0  3431  0  0  0  2618  0  0  0  3431  0  0  0.0  100.0  0 0 
1441319397  0  234  9336  179  0  0  2618  0  0  5018  3431  0  2618  828  3431  354  0  190  0  0  3431  0  0  0  2618  0  0  0  3431  0  0  0.0  100.0  0 0 
1441319398  0  234  20676  210  0  0  3060  0  0  5018  3431  0  3060  386  3431  354  0  227  0  0  3431  0  0  0  3060  0  0  0  3881  0  450  0.0  100.0  0 0 
1441319398  0  234  31587  210  0  0  3060  0  0  5018  3431  0  3060  386  3431  354  0  227  0  0  3431  0  0  0  3060  0  0  0  3881  0  0  0.0  100.0  0 0 
1441319399  0  234  36425  210  0  0  3060  0  0  5018  3431  0  3060  386  3431  354  0  227  0  0  3431  0  0  0  3060  0  0  0  3881  0  0  0.0  100.0  0 0 
1441319399  0  234  67168  208  0  0  3000  0  0  5018  3431  0  3000  446  3431  354  0  225  0  0  3431  0  0  0  3000  0  0  0  3903  0  22  0.0  100.0  0 0 
1441319400  0  234  67514  208  0  0  3000  0  0  5018  3431  0  3000  446  3431  354  0  225  0  0  3431  0  0  0  3000  0  0  0  3903  0  0  0.0  100.0  0 0 
1441319400  0  234  67514  208  0  0  3000  0  0  5018  3431  0  3000  446  3431  354  0  225  0  0  3431  0  0  0  3000  0  0  0  3903  0  0  0.0  100.0  0 0 
1441319401  0  234  87134  210  0  0  3681  0  0  5018  3681  0  3681  0  3681  354  0  227  0  0  3681  0  0  0  3681  0  0  0  4585  0  682  0.0  100.0  0 0 
1441319401  0  234  96691  219  0  0  3788  0  0  5018  3788  0  3788  0  3788  354  0  230  0  0  3788  0  0  0  3788  0  0  0  4692  0  107  0.0  100.0  0 0 
1441319402  0  234  105692  230  0  0  3986  0  0  5018  3986  0  3986  0  3986  354  0  231  0  0  3986  0  0  0  3986  0  0  0  4894  0  202  0.0  100.0  0 0 
1441319402  0  234  115374  234  0  0  4011  0  0  5018  4011  0  4011  0  4011  354  0  232  0  0  4011  0  0  0  4011  0  0  0  4919  0  25  0.0  100.0  0 0 
1441319403  0  239  122797  239  0  0  4112  0  0  5018  4112  0  4112  0  4112  354  0  232  0  0  4112  0  0  0  4112  0  0  0  5020  0  101  0.0  100.0  0 0 
1441319403  0  244  129723  244  0  0  4185  0  0  5018  4185  0  4185  0  4185  354  0  232  0  0  4185  0  0  0  4185  0  0  0  5093  0  73  0.0  100.0  0 0 
1441319404  0  244  129723  244  0  0  4185  0  0  5018  4185  0  4185  0  4185  354  0  232  0  0  4185  0  0  0  4185  0  0  0  5093  0  0  0.0  100.0  0 0 
1441319404  0  254  138285  254  0  0  4245  0  0  5018  4245  0  4245  0  4245  354  0  235  0  0  4245  0  0  0  4245  0  0  0  5153  0  60  0.0  100.0  0 0 
1441319405  0  255  149182  255  0  0  4277  0  0  5018  4307  0  4277  30  4307  354  0  237  0  0  4307  0  0  0  4277  0  0  0  5303  0  150  0.0  100.0  0 0 
1441319405  0  262  153884  262  0  0  4376  0  0  5018  4376  0  4376  0  4376  354  0  238  0  0  4376  0  0  0  4376  0  0  0  5402  0  99  0.0  100.0  0 0 
1441319406  0  277  161077  277  0  0  4686  0  0  5018  4686  0  4686  0  4686  354  0  238  0  0  4686  0  0  0  4686  0  0  0  5712  0  310  0.0  100.0  0 0 
1441319406  0  312  169784  312  0  0  6457  0  0  5018  6457  0  6457  0  6457  354  0  237  0  0  6457  0  0  0  6457  0  0  0  7931  0  2219  0.0  100.0  0 0 
1441319407  0  365  182681  365  0  0  9371  0  0  5018  9371  0  9371  0  9371  354  0  238  0  0  9371  0  0  0  9371  0  0  0  10845  0  2914  0.0  100.0  0 0 
1441319407  0  365  182681  365  0  0  9371  0  0  5018  9371  0  9371  0  9371  354  0  238  0  0  9371  0  0  0  9371  0  0  0  10845  0  0  0.0  100.0  0 0 
1441319408  0  365  189463  359  0  0  9405  0  0  5018  9405  0  9405  0  9405  354  0  238  0  0  9405  0  0  0  9405  0  0  0  11586  0  741  0.0  100.0  0 0 
1441319408  0  365  197059  364  0  0  9471  0  0  5018  9471  0  9471  0  9471  354  0  238  0  0  9471  0  0  0  9471  0  0  0  13236  0  1650  0.0  100.0  0 0 
1441319409  0  389  206887  387  0  0  10848  0  0  5018  10935  0  10848  88  10935  354  0  237  0  0  10935  0  0  0  10848  0  0  0  15029  0  1793  0.0  100.0  0 0 
1441319409  0  433  214159  433  0  0  13964  0  0  5018  13964  0  13964  0  13964  354  0  238  0  0  13964  0  0  0  13964  0  0  0  18145  0  3116  0.0  100.0  0 0 
1441319410  0  485  225914  485  0  0  19235  0  0  5018  19235  0  19235  0  19235  354  0  238  0  0  19235  0  0  0  19235  0  0  0  25614  0  7469  0.0  100.0  0 0 
1441319410  0  485  225914  485  0  0  19235  0  0  5018  19235  0  19235  0  19235  354  0  238  0  0  19235  0  0  0  19235  0  0  0  25614  0  0  0.0  100.0  0 0 
1441319411  0  485  232411  477  0  0  19277  0  0  5018  19277  0  19277  0  19277  354  0  237  0  0  19277  0  0  0  19277  0  0  0  26572  0  958  0.0  100.0  0 0 
1441319412  0  504  259307  460  0  0  16872  0  0  5018  20107  0  16872  3292  20107  354  0  240  0  0  20107  0  0  0  16872  0  0  0  29606  0  3034  0.0  100.0  0 0 
1441319412  0  510  269132  501  0  0  18799  0  0  5018  20107  0  18799  1333  20107  354  0  239  0  0  20107  0  0  0  18799  0  0  0  32080  0  2474  0.0  100.0  0 0 
1441319413  0  510  269132  501  0  0  18799  0  0  5018  20107  0  18799  1333  20107  354  0  239  0  0  20107  0  0  0  18799  0  0  0  32080  0  0  0.0  100.0  0 0 
1441319413  0  546  277461  546  0  0  20595  0  0  5018  20595  0  20595  0  20595  354  0  244  0  0  20595  0  0  0  20595  0  0  0  33877  0  1797  0.0  100.0  0 0 
1441319414  0  584  282372  584  0  0  23494  0  0  5018  23494  0  23494  0  23494  354  0  244  0  0  23494  0  0  0  23494  0  0  0  36776  0  2899  0.0  100.0  0 0 
1441319414  0  615  288169  615  0  0  25855  0  0  5018  25855  0  25855  0  25855  354  0  244  0  0  25855  0  0  0  25855  0  0  0  39153  0  2377  0.0  100.0  0 0 
1441319415  0  631  307251  550  0  0  22870  0  0  5018  27076  0  22870  4264  27076  354  0  242  0  0  27076  0  0  0  22870  0  0  0  42174  0  3021  0.0  100.0  0 0 
1441319415  0  631  316159  572  0  0  23988  0  0  5018  27076  0  23988  3146  27076  354  0  244  0  0  27076  0  0  0  23988  0  0  0  43292  0  1118  0.0  100.0  0 0 
1441319416  0  631  329355  571  0  0  23105  0  0  5018  27076  0  23105  4061  27076  354  0  244  0  0  27076  0  0  0  23105  0  0  0  45889  0  2597  0.0  100.0  0 0 
1441319416  0  631  329355  571  0  0  23105  0  0  5018  27076  0  23105  4061  27076  354  0  244  0  0  27076  0  0  0  23105  0  0  0  45889  0  0  0.0  100.0  0 0 
1441319417  0  631  338252  602  0  0  24071  0  0  5018  27076  0  24071  3092  27076  354  0  245  0  0  27076  0  0  0  24071  0  0  0  46880  0  991  0.0  100.0  0 0 
1441319417  0  641  346068  577  0  0  20836  0  0  5018  27076  0  20836  6412  27076  354  0  245  0  0  27076  0  0  0  20836  0  0  0  49107  0  2227  0.0  100.0  0 0 
1441319418  0  702  355003  702  0  0  27379  0  0  5018  27379  0  27379  0  27379  354  0  248  0  0  27379  0  0  0  27379  0  0  0  55667  0  6560  0.0  100.0  0 0 
1441319418  0  775  363338  775  0  0  32168  0  0  5018  32168  0  32168  0  32168  354  0  248  0  0  32168  0  0  0  32168  0  0  0  60463  0  4796  0.0  100.0  0 0 
1441319419  0  844  372582  844  0  0  38009  0  0  5018  38009  0  38009  0  38009  354  0  250  0  0  38009  0  0  0  38009  0  0  0  66304  0  5841  0.0  100.0  0 0 
1441319419  0  887  385673  880  0  0  39828  0  0  5018  40066  0  39828  244  40066  354  0  257  0  0  40066  0  0  0  39828  0  0  0  70168  0  3864  0.0  100.0  0 0 
1441319420  0  887  385673  880  0  0  39828  0  0  5018  40066  0  39828  244  40066  354  0  257  0  0  40066  0  0  0  39828  0  0  0  70168  0  0  0.0  100.0  0 0 
1441319420  0  887  393871  865  0  0  38874  0  0  5018  40108  0  38874  1248  40108  354  0  256  0  0  40108  0  0  0  38874  0  0  0  71400  0  1232  0.0  100.0  0 0 
1441319421  0  887  410797  748  0  0  32785  0  0  5018  40856  0  32785  8237  40856  354  0  254  0  0  40856  0  0  0  32785  0  0  0  77289  0  5889  0.0  100.0  0 0 
1441319421  0  887  417050  766  0  0  34167  0  0  5018  40856  0  34167  6855  40856  354  0  254  0  0  40856  0  0  0  34167  0  0  0  78672  0  1383  0.0  100.0  0 0 
1441319422  0  887  422121  792  0  0  36371  0  0  5018  40856  0  36371  4622  40856  354  0  254  0  0  40856  0  0  0  36371  0  0  0  80876  0  2204  0.0  100.0  0 0 
1441319422  0  887  430728  840  0  0  39370  0  0  5018  40856  0  39370  1533  40856  354  0  255  0  0  40856  0  0  0  39370  0  0  0  83876  0  3000  0.0  100.0  0 0 
1441319423  0  887  438100  866  0  0  40807  0  0  5018  40856  0  40807  52  40856  354  0  255  0  0  40856  0  0  0  40807  0  0  0  85313  0  1437  0.0  100.0  0 0 
1441319423  0  887  438100  866  0  0  40807  0  0  5018  40856  0  40807  52  40856  354  0  255  0  0  40856  0  0  0  40807  0  0  0  85313  0  0  0.0  100.0  0 0 
1441319424  0  930  446542  930  0  0  44989  0  0  5018  44989  0  44989  0  44989  354  0  255  0  0  44989  0  0  0  44989  0  0  0  89495  0  4182  0.0  100.0  0 0 
1441319424  0  945  452758  945  0  0  45699  0  0  5018  45699  0  45699  0  45699  354  0  255  0  0  45699  0  0  0  45699  0  0  0  91093  0  1598  0.0  100.0  0 0 
1441319425  0  946  457788  946  0  0  45773  0  0  5018  45773  0  45773  0  45773  354  0  255  0  0  45773  0  0  0  45773  0  0  0  91223  0  130  0.0  100.0  0 0 
1441319425  0  946  493254  754  0  0  32548  0  0  5018  45773  0  32548  13418  45773  354  0  254  0  0  45773  0  0  0  32548  0  0  0  94145  0  2922  0.0  100.0  0 0 
1441319426  0  946  517602  658  0  0  26405  0  0  5018  45773  0  26405  19790  45773  354  0  254  0  0  45773  0  0  0  26405  0  0  0  98413  0  4268  0.0  100.0  0 0 
1441319427  0  946  524779  712  0  0  30406  0  0  5018  45773  0  30406  15789  45773  354  0  256  0  0  45773  0  0  0  30406  0  0  0  102414  0  4001  0.0  100.0  0 0 
1441319427  0  946  524779  712  0  0  30406  0  0  5018  45773  0  30406  15789  45773  354  0  256  0  0  45773  0  0  0  30406  0  0  0  102414  0  0  0.0  100.0  0 0 
1441319428  0  946  533247  744  0  0  32424  0  0  5018  45773  0  32424  13748  45773  354  0  256  0  0  45773  0  0  0  32424  0  0  0  104433  0  2019  0.0  100.0  0 0 
1441319428  0  946  539079  771  0  0  34284  0  0  5018  45773  0  34284  11832  45773  354  0  256  0  0  45773  0  0  0  34284  0  0  0  106293  0  1860  0.0  100.0  0 0 
1441319429  0  946  545890  806  0  0  36174  0  0  5018  45773  0  36174  9885  45773  354  0  257  0  0  45773  0  0  0  36174  0  0  0  108183  0  1890  0.0  100.0  0 0 
1441319429  0  946  550725  855  0  0  39015  0  0  5018  45773  0  39015  6958  45773  354  0  257  0  0  45773  0  0  0  39015  0  0  0  111024  0  2841  0.0  100.0  0 0 
1441319430  0  946  562536  878  0  0  40691  0  0  5018  45773  0  40691  5233  45773  354  0  255  0  0  45773  0  0  0  40691  0  0  0  116082  0  5058  0.0  100.0  0 0 
1441319430  0  946  569468  918  0  0  42970  0  0  5018  45773  0  42970  2885  45773  354  0  257  0  0  45773  0  0  0  42970  0  0  0  118590  0  2508  0.0  100.0  0 0 
1441319431  0  946  569468  918  0  0  42970  0  0  5018  45773  0  42970  2885  45773  354  0  257  0  0  45773  0  0  0  42970  0  0  0  118590  0  0  0.0  100.0  0 0 
1441319431  0  952  583530  952  0  0  44675  0  0  5018  45773  0  44675  1128  45773  354  0  258  0  0  45773  0  0  0  44675  0  0  0  120305  0  1715  0.0  100.0  0 0 
1441319432  0  952  591472  892  0  0  40709  0  0  5018  45773  0  40709  5212  45773  354  0  256  0  0  45773  0  0  0  40709  0  0  0  123186  0  2881  0.0  100.0  0 0 
1441319432  0  952  600053  872  0  0  39211  0  0  5018  45773  0  39211  6754  45773  354  0  255  0  0  45773  0  0  0  39211  0  0  0  124209  0  1023  0.0  100.0  0 0 
1441319433  0  952  604085  890  0  0  40109  0  0  5018  45773  0  40109  5829  45773  354  0  256  0  0  45773  0  0  0  40109  0  0  0  125107  0  898  0.0  100.0  0 0 
1441319433  0  952  615138  859  0  0  38587  0  0  5018  45773  0  38587  7372  45773  354  0  254  0  0  45773  0  0  0  38587  0  0  0  131819  0  6712  0.0  100.0  0 0 
1441319434  0  952  631753  883  0  0  40981  0  0  5018  45773  0  40981  4918  45773  354  0  253  0  0  45773  0  0  0  40981  0  0  0  138417  0  6598  0.0  100.0  0 0 
1441319434  0  952  631753  883  0  0  40981  0  0  5018  45773  0  40981  4918  45773  354  0  253  0  0  45773  0  0  0  40981  0  0  0  138417  0  0  0.0  100.0  0 0 
1441319435  0  952  643086  861  0  0  40642  0  0  5018  45773  0  40642  5277  45773  354  0  251  0  0  45773  0  0  0  40642  0  0  0  140412  0  1995  0.0  100.0  0 0 
1441319435  0  952  649220  892  0  0  42577  0  0  5018  45773  0  42577  3291  45773  354  0  252  0  0  45773  0  0  0  42577  0  0  0  142384  0  1972  0.0  100.0  0 0 
1441319436  0  952  655311  913  0  0  42712  0  0  5018  45773  0  42712  3149  45773  354  0  256  0  0  45773  0  0  0  42712  0  0  0  142544  0  160  0.0  100.0  0 0 
1441319436  0  952  669030  782  0  0  35360  0  0  5018  45773  0  35360  10581  45773  354  0  254  0  0  45773  0  0  0  35360  0  0  0  142643  0  99  0.0  100.0  0 0 
1441319437  0  952  675068  785  0  0  35627  0  0  5018  45773  0  35627  10318  45773  354  0  255  0  0  45773  0  0  0  35627  0  0  0  143070  0  427  0.0  100.0  0 0 
1441319437  0  952  687144  856  0  0  39057  0  0  5018  45773  0  39057  6888  45773  354  0  257  0  0  45773  0  0  0  39057  0  0  0  146500  0  3430  0.0  100.0  0 0 
1441319438  0  952  687144  856  0  0  39057  0  0  5018  45773  0  39057  6888  45773  354  0  257  0  0  45773  0  0  0  39057  0  0  0  146500  0  0  0.0  100.0  0 0 
1441319438  0  952  694895  903  0  0  41310  0  0  5018  45773  0  41310  4592  45773  354  0  257  0  0  45773  0  0  0  41310  0  0  0  148753  0  2253  0.0  100.0  0 0 
1441319439  0  952  707384  871  0  0  39100  0  0  5018  45773  0  39100  6837  45773  354  0  258  0  0  45773  0  0  0  39100  0  0  0  150551  0  1798  0.0  100.0  0 0 
1441319439  0  952  717135  765  0  0  32914  0  0  5018  45773  0  32914  13112  45773  354  0  256  0  0  45773  0  0  0  32914  0  0  0  153284  0  2733  0.0  100.0  0 0 
1441319440  0  952  724025  796  0  0  34622  0  0  5018  45773  0  34622  11404  45773  354  0  257  0  0  45773  0  0  0  34622  0  0  0  154992  0  1708  0.0  100.0  0 0 
1441319440  0  952  730210  834  0  0  36691  0  0  5018  45773  0  36691  9349  45773  354  0  257  0  0  45773  0  0  0  36691  0  0  0  157990  0  2998  0.0  100.0  0 0 
1441319441  0  952  742051  835  0  0  36968  0  0  5018  45773  0  36968  9041  45773  354  0  256  0  0  45773  0  0  0  36968  0  0  0  161370  0  3380  0.0  100.0  0 0 
1441319441  0  952  742051  835  0  0  36968  0  0  5018  45773  0  36968  9041  45773  354  0  256  0  0  45773  0  0  0  36968  0  0  0  161370  0  0  0.0  100.0  0 0 
1441319442  0  952  751600  856  0  0  39408  0  0  5018  45773  0  39408  6553  45773  354  0  254  0  0  45773  0  0  0  39408  0  0  0  164862  0  3492  0.0  100.0  0 0 
1441319443  0  952  767615  874  0  0  40643  0  0  5018  45773  0  40643  5224  45773  354  0  254  0  0  45773  0  0  0  40643  0  0  0  168472  0  3610  0.0  100.0  0 0 
1441319443  0  952  775777  908  0  0  42614  0  0  5018  45773  0  42614  3250  45773  354  0  256  0  0  45773  0  0  0  42614  0  0  0  170443  0  1971  0.0  100.0  0 0 
1441319444  0  952  787905  917  0  0  43705  0  0  5018  45773  0  43705  2128  45773  354  0  256  0  0  45773  0  0  0  43705  0  0  0  174198  0  3755  0.0  100.0  0 0 
1441319444  0  962  805337  962  0  0  46237  0  0  5018  46237  0  46237  0  46237  354  0  258  0  0  46237  0  0  0  46237  0  0  0  181188  0  6990  0.0  100.0  0 0 
1441319445  0  989  811249  989  0  0  47277  0  0  5018  47277  0  47277  0  47277  354  0  259  0  0  47277  0  0  0  47277  0  0  0  182228  0  1040  0.0  100.0  0 0 
1441319445  0  1002  820671  972  0  0  46749  0  0  5018  48280  0  46749  1558  48280  354  0  259  0  0  48280  0  0  0  46749  0  0  0  183515  0  1287  0.0  100.0  0 0 
1441319446  0  1002  829430  911  0  0  43858  0  0  5018  48585  0  43858  4758  48585  354  0  255  0  0  48585  0  0  0  43858  0  0  0  185847  0  2332  0.0  100.0  0 0 
1441319447  0  1002  829430  911  0  0  43858  0  0  5018  48585  0  43858  4758  48585  354  0  255  0  0  48585  0  0  0  43858  0  0  0  185847  0  0  0.0  100.0  0 0 
1441319447  0  1002  845447  823  0  0  38005  0  0  5018  48585  0  38005  10718  48585  354  0  255  0  0  48585  0  0  0  38005  0  0  0  190737  0  4890  0.0  100.0  0 0 
1441319448  0  1002  851745  872  0  0  41158  0  0  5018  48585  0  41158  7565  48585  354  0  255  0  0  48585  0  0  0  41158  0  0  0  193890  0  3153  0.0  100.0  0 0 
1441319448  0  1002  856595  900  0  0  42770  0  0  5018  48585  0  42770  5953  48585  354  0  255  0  0  48585  0  0  0  42770  0  0  0  195502  0  1612  0.0  100.0  0 0 
1441319449  0  1002  868704  826  0  0  38141  0  0  5018  48585  0  38141  10600  48585  354  0  256  0  0  48585  0  0  0  38141  0  0  0  196173  0  671  0.0  100.0  0 0 
1441319449  0  1002  880501  858  0  0  39387  0  0  5018  48585  0  39387  9416  48585  354  0  259  0  0  48585  0  0  0  39387  0  0  0  199886  0  3713  0.0  100.0  0 0 
1441319450  0  1002  891521  861  0  0  39250  0  0  5018  48585  0  39250  9574  48585  354  0  260  0  0  48585  0  0  0  39250  0  0  0  202685  0  2799  0.0  100.0  0 0 
1441319450  0  1002  891521  861  0  0  39250  0  0  5018  48585  0  39250  9574  48585  354  0  260  0  0  48585  0  0  0  39250  0  0  0  202685  0  0  0.0  100.0  0 0 
1441319451  0  1002  899017  751  0  0  32849  0  0  5018  48585  0  32849  16005  48585  354  0  259  0  0  48585  0  0  0  32849  0  0  0  205198  0  2513  0.0  100.0  0 0 
1441319451  0  1002  908726  748  0  0  31962  0  0  5018  48585  0  31962  16895  48585  354  0  260  0  0  48585  0  0  0  31962  0  0  0  205750  0  552  0.0  100.0  0 0 
1441319452  0  1002  920749  735  0  0  30621  0  0  5018  48585  0  30621  18269  48585  354  0  259  0  0  48585  0  0  0  30621  0  0  0  207001  0  1251  0.0  100.0  0 0 
1441319452  0  1002  928908  734  0  0  30546  0  0  5018  48585  0  30546  18384  48585  354  0  259  0  0  48585  0  0  0  30546  0  0  0  209075  0  2074  0.0  100.0  0 0 
1441319453  0  1002  937548  774  0  0  33316  0  0  5018  48585  0  33316  15618  48585  354  0  259  0  0  48585  0  0  0  33316  0  0  0  212672  0  3597  0.0  100.0  0 0 
1441319453  0  1002  942975  775  0  0  33498  0  0  5018  48585  0  33498  15436  48585  354  0  259  0  0  48585  0  0  0  33498  0  0  0  212854  0  182  0.0  100.0  0 0 
1441319454  0  1002  942975  775  0  0  33498  0  0  5018  48585  0  33498  15436  48585  354  0  259  0  0  48585  0  0  0  33498  0  0  0  212854  0  0  0.0  100.0  0 0 
1441319454  0  1002  951672  833  0  0  37245  0  0  5018  48585  0  37245  11678  48585  354  0  259  0  0  48585  0  0  0  37245  0  0  0  216601  0  3747  0.0  100.0  0 0 
1441319455  0  1002  959658  863  0  0  39797  0  0  5018  48585  0  39797  9051  48585  354  0  259  0  0  48585  0  0  0  39797  0  0  0  219154  0  2553  0.0  100.0  0 0 
1441319455  0  1002  966293  912  0  0  43500  0  0  5018  48585  0  43500  5239  48585  354  0  259  0  0  48585  0  0  0  43500  0  0  0  222857  0  3703  0.0  100.0  0 0 
1441319456  0  1002  971419  964  0  0  46450  0  0  5018  48585  0  46450  2199  48585  354  0  259  0  0  48585  0  0  0  46450  0  0  0  226013  0  3156  0.0  100.0  0 0 
1441319456  0  1002  971649  965  0  0  46537  0  0  5018  48585  0  46537  2110  48585  354  0  259  0  0  48585  0  0  0  46537  0  0  0  226100  0  87  0.0  100.0  0 0 
1441319457  0  1002  971726  965  0  0  46535  0  0  5018  48585  0  46535  2112  48585  354  0  259  0  0  48585  0  0  0  46535  0  0  0  226100  0  0  0.0  100.0  0 0 
