#Type:X;CI:3;ww:0;ca:0;co:1;fr:0;Type:X;CI:3;PI:0;PT:EP;U0:0;U1:0;
#time  Pp  gt  gs  cn  cm  cb  Nc  Pc  cp  Tc  Nm  pr  ps  pt  px  pd  Pm  Om  fs  ft  Oc  Em  Gp  Ec  Ge  ot  os  Total_cycles_diff  Successful_get_diff  Total_get_diff  succ_put_diff  total_put_diff  get_hit  
1441661812  0  0  0  0  0  0  0  0  0  0  0  0  0  0  0  0  0  0  0  0  0  0  0  0  0  0  0  0  0  0  0  0  
1441661812  0  0  0  0  0  0  0  0  0  696333  0  0  0  0  0  0  0  0  0  0  0  0  0  0  0  0  0  696333  0  0  0  0  0 
1441661813  0  0  0  0  0  0  0  0  0  696333  0  0  0  0  0  0  0  0  0  0  0  0  0  0  0  0  0  0  0  0  0  0  0 
1441661813  0  0  0  0  0  0  0  0  0  1237634  0  0  0  0  0  0  0  0  0  0  0  0  0  0  0  0  0  541301  0  0  0  0  0 
1441661814  0  0  0  0  0  0  0  0  0  1525335  0  0  0  0  0  0  0  0  0  0  0  0  0  0  0  0  0  287701  0  0  0  0  0 
1441661814  0  0  0  0  0  0  0  0  0  1719461  0  0  0  0  0  0  0  0  0  0  0  0  0  0  0  0  0  194126  0  0  0  0  0 
1441661815  0  0  0  0  0  0  0  0  0  2251406  0  0  0  0  0  0  0  0  0  13  0  0  0  0  0  38  0  531945  0  0  0  0  0 
1441661815  0  0  0  0  0  0  0  0  0  3150377  0  0  0  0  0  0  0  0  0  15  0  0  0  0  0  41  0  898971  0  0  0  0  0 
1441661816  0  0  0  0  0  0  0  0  0  3616936  0  0  0  0  0  0  0  0  0  21  0  0  0  0  0  46  0  466559  0  0  0  0  0 
1441661816  0  0  0  0  0  0  0  0  0  3616936  0  0  0  0  0  0  0  0  0  21  0  0  0  0  0  46  0  0  0  0  0  0  0 
1441661817  0  0  0  0  0  0  0  0  0  3802143  0  0  0  0  0  0  0  0  0  21  0  0  0  0  0  46  0  185207  0  0  0  0  0 
1441661817  0  0  0  0  0  0  0  0  0  3802143  0  0  0  0  0  0  0  0  0  21  0  0  0  0  0  46  0  0  0  0  0  0  0 
1441661818  0  0  0  0  0  0  0  0  0  3802143  0  0  0  0  0  0  0  0  0  21  0  0  0  0  0  46  0  0  0  0  0  0  0 
1441661818  0  0  0  0  0  0  0  0  0  3802143  0  0  0  0  0  0  0  0  0  21  0  0  0  0  0  46  0  0  0  0  0  0  0 
1441661819  0  0  0  0  0  0  0  0  0  3802143  0  0  0  0  0  0  0  0  0  21  0  0  0  0  0  46  0  0  0  0  0  0  0 
1441661819  0  0  0  0  0  0  0  0  0  3802143  0  0  0  0  0  0  0  0  0  21  0  0  0  0  0  46  0  0  0  0  0  0  0 
1441661820  0  0  0  0  0  0  0  0  0  3802143  0  0  0  0  0  0  0  0  0  21  0  0  0  0  0  46  0  0  0  0  0  0  0 
1441661820  0  0  0  0  0  0  0  0  0  3802143  0  0  0  0  0  0  0  0  0  21  0  0  0  0  0  46  0  0  0  0  0  0  0 
1441661821  0  0  0  0  0  0  0  0  0  3802143  0  0  0  0  0  0  0  0  0  21  0  0  0  0  0  46  0  0  0  0  0  0  0 
1441661821  0  0  0  0  0  0  0  0  0  3802143  0  0  0  0  0  0  0  0  0  21  0  0  0  0  0  46  0  0  0  0  0  0  0 
1441661822  0  0  0  0  0  0  0  0  0  3802143  0  0  0  0  0  0  0  0  0  21  0  0  0  0  0  46  0  0  0  0  0  0  0 
1441661822  0  0  0  0  0  0  0  0  0  3802143  0  0  0  0  0  0  0  0  0  21  0  0  0  0  0  46  0  0  0  0  0  0  0 
1441661823  0  0  0  0  0  0  0  0  0  3802143  0  0  0  0  0  0  0  0  0  21  0  0  0  0  0  46  0  0  0  0  0  0  0 
1441661823  0  0  0  0  0  0  0  0  0  3802143  0  0  0  0  0  0  0  0  0  21  0  0  0  0  0  46  0  0  0  0  0  0  0 
1441661824  0  0  0  0  0  0  0  0  0  3802143  0  0  0  0  0  0  0  0  0  21  0  0  0  0  0  46  0  0  0  0  0  0  0 
1441661825  0  0  0  0  0  0  0  0  0  3802143  0  0  0  0  0  0  0  0  0  21  0  0  0  0  0  46  0  0  0  0  0  0  0 
1441661825  0  0  0  0  0  0  0  0  0  3802143  0  0  0  0  0  0  0  0  0  21  0  0  0  0  0  46  0  0  0  0  0  0  0 
1441661826  0  0  0  0  0  0  0  0  0  3802143  0  0  0  0  0  0  0  0  0  21  0  0  0  0  0  46  0  0  0  0  0  0  0 
1441661826  0  0  0  0  0  0  0  0  0  3802143  0  0  0  0  0  0  0  0  0  21  0  0  0  0  0  46  0  0  0  0  0  0  0 
1441661827  0  0  0  0  0  0  0  0  0  3802143  0  0  0  0  0  0  0  0  0  21  0  0  0  0  0  46  0  0  0  0  0  0  0 
1441661827  0  0  0  0  0  0  0  0  0  3802143  0  0  0  0  0  0  0  0  0  21  0  0  0  0  0  46  0  0  0  0  0  0  0 
1441661828  0  0  0  0  0  0  0  0  0  3802143  0  0  0  0  0  0  0  0  0  21  0  0  0  0  0  46  0  0  0  0  0  0  0 
1441661828  0  0  0  0  0  0  0  0  0  3802143  0  0  0  0  0  0  0  0  0  21  0  0  0  0  0  46  0  0  0  0  0  0  0 
1441661829  0  0  0  0  0  0  0  0  0  3802143  0  0  0  0  0  0  0  0  0  21  0  0  0  0  0  46  0  0  0  0  0  0  0 
1441661829  0  0  0  0  0  0  0  0  0  3802143  0  0  0  0  0  0  0  0  0  21  0  0  0  0  0  46  0  0  0  0  0  0  0 
1441661830  0  0  0  0  0  0  0  0  0  3802143  0  0  0  0  0  0  0  0  0  21  0  0  0  0  0  46  0  0  0  0  0  0  0 
1441661830  0  0  0  0  0  0  0  0  0  3802143  0  0  0  0  0  0  0  0  0  21  0  0  0  0  0  46  0  0  0  0  0  0  0 
1441661831  0  0  0  0  0  0  0  0  0  3802143  0  0  0  0  0  0  0  0  0  21  0  0  0  0  0  46  0  0  0  0  0  0  0 
1441661831  0  0  0  0  0  0  0  0  0  3802143  0  0  0  0  0  0  0  0  0  21  0  0  0  0  0  46  0  0  0  0  0  0  0 
1441661832  0  0  0  0  0  0  0  0  0  3802143  0  0  0  0  0  0  0  0  0  21  0  0  0  0  0  46  0  0  0  0  0  0  0 
1441661832  0  0  0  0  0  0  0  0  0  3802143  0  0  0  0  0  0  0  0  0  21  0  0  0  0  0  46  0  0  0  0  0  0  0 
1441661833  0  0  0  0  0  0  0  0  0  3802143  0  0  0  0  0  0  0  0  0  21  0  0  0  0  0  46  0  0  0  0  0  0  0 
1441661833  0  0  0  0  0  0  0  0  0  3802143  0  0  0  0  0  0  0  0  0  21  0  0  0  0  0  46  0  0  0  0  0  0  0 
1441661834  0  0  0  0  0  0  0  0  0  3802143  0  0  0  0  0  0  0  0  0  21  0  0  0  0  0  46  0  0  0  0  0  0  0 
1441661834  0  0  0  0  0  0  0  0  0  3802143  0  0  0  0  0  0  0  0  0  21  0  0  0  0  0  46  0  0  0  0  0  0  0 
1441661835  0  0  0  0  0  0  0  0  0  3802143  0  0  0  0  0  0  0  0  0  21  0  0  0  0  0  46  0  0  0  0  0  0  0 
1441661835  0  0  0  0  0  0  0  0  0  3802143  0  0  0  0  0  0  0  0  0  21  0  0  0  0  0  46  0  0  0  0  0  0  0 
1441661836  0  0  0  0  0  0  0  0  0  3802143  0  0  0  0  0  0  0  0  0  21  0  0  0  0  0  46  0  0  0  0  0  0  0 
1441661836  0  0  0  0  0  0  0  0  0  3802143  0  0  0  0  0  0  0  0  0  21  0  0  0  0  0  46  0  0  0  0  0  0  0 
1441661837  0  0  0  0  0  0  0  0  0  3802143  0  0  0  0  0  0  0  0  0  21  0  0  0  0  0  46  0  0  0  0  0  0  0 
1441661837  0  0  0  0  0  0  0  0  0  3802143  0  0  0  0  0  0  0  0  0  21  0  0  0  0  0  46  0  0  0  0  0  0  0 
1441661838  0  0  0  0  0  0  0  0  0  3802143  0  0  0  0  0  0  0  0  0  21  0  0  0  0  0  46  0  0  0  0  0  0  0 
1441661838  0  0  0  0  0  0  0  0  0  3802143  0  0  0  0  0  0  0  0  0  21  0  0  0  0  0  46  0  0  0  0  0  0  0 
1441661839  0  0  0  0  0  0  0  0  0  3802143  0  0  0  0  0  0  0  0  0  21  0  0  0  0  0  46  0  0  0  0  0  0  0 
1441661839  0  0  0  0  0  0  0  0  0  3802143  0  0  0  0  0  0  0  0  0  21  0  0  0  0  0  46  0  0  0  0  0  0  0 
1441661840  0  0  0  0  0  0  0  0  0  3802143  0  0  0  0  0  0  0  0  0  21  0  0  0  0  0  46  0  0  0  0  0  0  0 
1441661840  0  0  0  0  0  0  0  0  0  3802143  0  0  0  0  0  0  0  0  0  21  0  0  0  0  0  46  0  0  0  0  0  0  0 
1441661841  0  0  0  0  0  0  0  0  0  3802143  0  0  0  0  0  0  0  0  0  21  0  0  0  0  0  46  0  0  0  0  0  0  0 
1441661841  0  0  0  0  0  0  0  0  0  3802143  0  0  0  0  0  0  0  0  0  21  0  0  0  0  0  46  0  0  0  0  0  0  0 
1441661842  0  0  0  0  0  0  0  0  0  3802143  0  0  0  0  0  0  0  0  0  21  0  0  0  0  0  46  0  0  0  0  0  0  0 
1441661842  0  0  0  0  0  0  0  0  0  3802143  0  0  0  0  0  0  0  0  0  21  0  0  0  0  0  46  0  0  0  0  0  0  0 
1441661843  0  0  0  0  0  0  0  0  0  3802143  0  0  0  0  0  0  0  0  0  21  0  0  0  0  0  46  0  0  0  0  0  0  0 
1441661843  0  0  0  0  0  0  0  0  0  3802143  0  0  0  0  0  0  0  0  0  21  0  0  0  0  0  46  0  0  0  0  0  0  0 
1441661844  0  0  0  0  0  0  0  0  0  3802143  0  0  0  0  0  0  0  0  0  21  0  0  0  0  0  46  0  0  0  0  0  0  0 
1441661844  0  0  0  0  0  0  0  0  0  3802143  0  0  0  0  0  0  0  0  0  21  0  0  0  0  0  46  0  0  0  0  0  0  0 
1441661845  0  0  0  0  0  0  0  0  0  3802143  0  0  0  0  0  0  0  0  0  21  0  0  0  0  0  46  0  0  0  0  0  0  0 
1441661845  0  0  0  0  0  0  0  0  0  3802143  0  0  0  0  0  0  0  0  0  21  0  0  0  0  0  46  0  0  0  0  0  0  0 
1441661846  0  0  0  0  0  0  0  0  0  3802143  0  0  0  0  0  0  0  0  0  21  0  0  0  0  0  46  0  0  0  0  0  0  0 
1441661846  0  0  0  0  0  0  0  0  0  3802143  0  0  0  0  0  0  0  0  0  21  0  0  0  0  0  46  0  0  0  0  0  0  0 
1441661847  0  0  0  0  0  0  0  0  0  3802143  0  0  0  0  0  0  0  0  0  21  0  0  0  0  0  46  0  0  0  0  0  0  0 
1441661847  0  0  0  0  0  0  0  0  0  3802143  0  0  0  0  0  0  0  0  0  21  0  0  0  0  0  46  0  0  0  0  0  0  0 
1441661848  0  0  0  0  0  0  0  0  0  3802143  0  0  0  0  0  0  0  0  0  21  0  0  0  0  0  46  0  0  0  0  0  0  0 
1441661848  0  0  0  0  0  0  0  0  0  3802143  0  0  0  0  0  0  0  0  0  21  0  0  0  0  0  46  0  0  0  0  0  0  0 
1441661849  0  0  0  0  0  0  0  0  0  3802143  0  0  0  0  0  0  0  0  0  21  0  0  0  0  0  46  0  0  0  0  0  0  0 
1441661849  0  0  0  0  0  0  0  0  0  3802143  0  0  0  0  0  0  0  0  0  21  0  0  0  0  0  46  0  0  0  0  0  0  0 
1441661850  0  0  0  0  0  0  0  0  0  3802143  0  0  0  0  0  0  0  0  0  21  0  0  0  0  0  46  0  0  0  0  0  0  0 
1441661850  0  0  0  0  0  0  0  0  0  3802143  0  0  0  0  0  0  0  0  0  21  0  0  0  0  0  46  0  0  0  0  0  0  0 
1441661851  0  0  0  0  0  0  0  0  0  3802143  0  0  0  0  0  0  0  0  0  21  0  0  0  0  0  46  0  0  0  0  0  0  0 
1441661851  0  0  0  0  0  0  0  0  0  3802143  0  0  0  0  0  0  0  0  0  21  0  0  0  0  0  46  0  0  0  0  0  0  0 
1441661852  0  0  0  0  0  0  0  0  0  3802143  0  0  0  0  0  0  0  0  0  21  0  0  0  0  0  46  0  0  0  0  0  0  0 
1441661852  0  0  0  0  0  0  0  0  0  3802143  0  0  0  0  0  0  0  0  0  21  0  0  0  0  0  46  0  0  0  0  0  0  0 
1441661853  0  0  0  0  0  0  0  0  0  3802143  0  0  0  0  0  0  0  0  0  21  0  0  0  0  0  46  0  0  0  0  0  0  0 
1441661853  0  0  0  0  0  0  0  0  0  3802143  0  0  0  0  0  0  0  0  0  21  0  0  0  0  0  46  0  0  0  0  0  0  0 
1441661854  0  0  0  0  0  0  0  0  0  3802143  0  0  0  0  0  0  0  0  0  21  0  0  0  0  0  46  0  0  0  0  0  0  0 
1441661854  0  0  0  0  0  0  0  0  0  3802143  0  0  0  0  0  0  0  0  0  21  0  0  0  0  0  46  0  0  0  0  0  0  0 
1441661855  0  0  0  0  0  0  0  0  0  3802143  0  0  0  0  0  0  0  0  0  21  0  0  0  0  0  46  0  0  0  0  0  0  0 
1441661855  0  0  0  0  0  0  0  0  0  3802143  0  0  0  0  0  0  0  0  0  21  0  0  0  0  0  46  0  0  0  0  0  0  0 
1441661856  0  0  0  0  0  0  0  0  0  3802143  0  0  0  0  0  0  0  0  0  21  0  0  0  0  0  46  0  0  0  0  0  0  0 
1441661856  0  0  0  0  0  0  0  0  0  3802143  0  0  0  0  0  0  0  0  0  21  0  0  0  0  0  46  0  0  0  0  0  0  0 
1441661857  0  0  0  0  0  0  0  0  0  3802143  0  0  0  0  0  0  0  0  0  21  0  0  0  0  0  46  0  0  0  0  0  0  0 
1441661857  0  0  0  0  0  0  0  0  0  3802143  0  0  0  0  0  0  0  0  0  21  0  0  0  0  0  46  0  0  0  0  0  0  0 
1441661858  0  0  0  0  0  0  0  0  0  3802143  0  0  0  0  0  0  0  0  0  21  0  0  0  0  0  46  0  0  0  0  0  0  0 
1441661858  0  0  0  0  0  0  0  0  0  3802143  0  0  0  0  0  0  0  0  0  21  0  0  0  0  0  46  0  0  0  0  0  0  0 
1441661859  0  0  0  0  0  0  0  0  0  3802143  0  0  0  0  0  0  0  0  0  21  0  0  0  0  0  46  0  0  0  0  0  0  0 
1441661859  0  0  0  0  0  0  0  0  0  3802143  0  0  0  0  0  0  0  0  0  21  0  0  0  0  0  46  0  0  0  0  0  0  0 
1441661860  0  0  0  0  0  0  0  0  0  3802143  0  0  0  0  0  0  0  0  0  21  0  0  0  0  0  46  0  0  0  0  0  0  0 
1441661860  0  0  0  0  0  0  0  0  0  3802143  0  0  0  0  0  0  0  0  0  21  0  0  0  0  0  46  0  0  0  0  0  0  0 
1441661861  0  0  0  0  0  0  0  0  0  3802143  0  0  0  0  0  0  0  0  0  21  0  0  0  0  0  46  0  0  0  0  0  0  0 
1441661861  0  0  0  0  0  0  0  0  0  3802143  0  0  0  0  0  0  0  0  0  21  0  0  0  0  0  46  0  0  0  0  0  0  0 
1441661862  0  0  0  0  0  0  0  0  0  3802143  0  0  0  0  0  0  0  0  0  21  0  0  0  0  0  46  0  0  0  0  0  0  0 
1441661862  0  0  0  0  0  0  0  0  0  3802143  0  0  0  0  0  0  0  0  0  21  0  0  0  0  0  46  0  0  0  0  0  0  0 
1441661863  0  0  0  0  0  0  0  0  0  3802143  0  0  0  0  0  0  0  0  0  21  0  0  0  0  0  46  0  0  0  0  0  0  0 
1441661863  0  0  0  0  0  0  0  0  0  3802143  0  0  0  0  0  0  0  0  0  21  0  0  0  0  0  46  0  0  0  0  0  0  0 
1441661864  0  0  0  0  0  0  0  0  0  3802143  0  0  0  0  0  0  0  0  0  21  0  0  0  0  0  46  0  0  0  0  0  0  0 
1441661864  0  0  0  0  0  0  0  0  0  3802143  0  0  0  0  0  0  0  0  0  21  0  0  0  0  0  46  0  0  0  0  0  0  0 
1441661865  0  0  0  0  0  0  0  0  0  3802143  0  0  0  0  0  0  0  0  0  21  0  0  0  0  0  46  0  0  0  0  0  0  0 
1441661865  0  0  0  0  0  0  0  0  0  3802143  0  0  0  0  0  0  0  0  0  21  0  0  0  0  0  46  0  0  0  0  0  0  0 
1441661866  0  0  0  0  0  0  0  0  0  3802143  0  0  0  0  0  0  0  0  0  21  0  0  0  0  0  46  0  0  0  0  0  0  0 
1441661866  0  0  0  0  0  0  0  0  0  3802143  0  0  0  0  0  0  0  0  0  21  0  0  0  0  0  46  0  0  0  0  0  0  0 
1441661867  0  0  0  0  0  0  0  0  0  3802143  0  0  0  0  0  0  0  0  0  21  0  0  0  0  0  46  0  0  0  0  0  0  0 
1441661868  0  0  0  0  0  0  0  0  0  3802143  0  0  0  0  0  0  0  0  0  21  0  0  0  0  0  46  0  0  0  0  0  0  0 
1441661868  0  0  0  0  0  0  0  0  0  3802143  0  0  0  0  0  0  0  0  0  21  0  0  0  0  0  46  0  0  0  0  0  0  0 
1441661869  0  0  0  0  0  0  0  0  0  3802143  0  0  0  0  0  0  0  0  0  21  0  0  0  0  0  46  0  0  0  0  0  0  0 
1441661869  0  0  0  0  0  0  0  0  0  3802143  0  0  0  0  0  0  0  0  0  21  0  0  0  0  0  46  0  0  0  0  0  0  0 
1441661870  0  0  0  0  0  0  0  0  0  3802143  0  0  0  0  0  0  0  0  0  21  0  0  0  0  0  46  0  0  0  0  0  0  0 
1441661870  0  0  0  0  0  0  0  0  0  3808524  0  0  0  0  0  0  0  0  0  21  0  0  0  0  0  47  0  6381  0  0  0  0  0 
1441661871  0  0  0  0  0  0  0  0  0  3808524  0  0  0  0  0  0  0  0  0  21  0  0  0  0  0  47  0  0  0  0  0  0  0 
1441661871  0  0  0  0  0  0  0  0  0  3808524  0  0  0  0  0  0  0  0  0  21  0  0  0  0  0  47  0  0  0  0  0  0  0 
1441661872  0  0  0  0  0  0  0  0  0  3808524  0  0  0  0  0  0  0  0  0  21  0  0  0  0  0  47  0  0  0  0  0  0  0 
1441661872  0  0  0  0  0  0  0  0  0  3808524  0  0  0  0  0  0  0  0  0  21  0  0  0  0  0  47  0  0  0  0  0  0  0 
1441661873  0  0  0  0  0  0  0  0  0  3808524  0  0  0  0  0  0  0  0  0  21  0  0  0  0  0  47  0  0  0  0  0  0  0 
1441661873  0  0  0  0  0  0  0  0  0  3808524  0  0  0  0  0  0  0  0  0  21  0  0  0  0  0  47  0  0  0  0  0  0  0 
1441661874  0  0  0  0  0  0  0  0  0  3808524  0  0  0  0  0  0  0  0  0  21  0  0  0  0  0  47  0  0  0  0  0  0  0 
1441661874  0  0  0  0  0  0  0  0  0  3808524  0  0  0  0  0  0  0  0  0  21  0  0  0  0  0  47  0  0  0  0  0  0  0 
1441661875  0  0  0  0  0  0  0  0  0  3808524  0  0  0  0  0  0  0  0  0  21  0  0  0  0  0  47  0  0  0  0  0  0  0 
1441661875  0  0  0  0  0  0  0  0  0  3808524  0  0  0  0  0  0  0  0  0  21  0  0  0  0  0  47  0  0  0  0  0  0  0 
1441661876  0  0  0  0  0  0  0  0  0  3808524  0  0  0  0  0  0  0  0  0  21  0  0  0  0  0  47  0  0  0  0  0  0  0 
1441661876  0  0  0  0  0  0  0  0  0  3808524  0  0  0  0  0  0  0  0  0  21  0  0  0  0  0  47  0  0  0  0  0  0  0 
1441661877  0  0  0  0  0  0  0  0  0  3808524  0  0  0  0  0  0  0  0  0  21  0  0  0  0  0  47  0  0  0  0  0  0  0 
1441661877  0  0  0  0  0  0  0  0  0  3808524  0  0  0  0  0  0  0  0  0  21  0  0  0  0  0  47  0  0  0  0  0  0  0 
1441661878  0  0  0  0  0  0  0  0  0  3808524  0  0  0  0  0  0  0  0  0  21  0  0  0  0  0  47  0  0  0  0  0  0  0 
1441661878  0  0  0  0  0  0  0  0  0  3808524  0  0  0  0  0  0  0  0  0  21  0  0  0  0  0  47  0  0  0  0  0  0  0 
1441661879  0  0  0  0  0  0  0  0  0  3808524  0  0  0  0  0  0  0  0  0  21  0  0  0  0  0  47  0  0  0  0  0  0  0 
1441661879  0  0  0  0  0  0  0  0  0  3808524  0  0  0  0  0  0  0  0  0  21  0  0  0  0  0  47  0  0  0  0  0  0  0 
1441661880  0  0  0  0  0  0  0  0  0  3811322  0  0  0  0  0  0  0  0  0  21  0  0  0  0  0  48  0  2798  0  0  0  0  0 
1441661880  0  0  0  0  0  0  0  0  0  3811322  0  0  0  0  0  0  0  0  0  21  0  0  0  0  0  48  0  0  0  0  0  0  0 
1441661881  0  0  0  0  0  0  0  0  0  3811322  0  0  0  0  0  0  0  0  0  21  0  0  0  0  0  48  0  0  0  0  0  0  0 
1441661881  0  0  0  0  0  0  0  0  0  3811322  0  0  0  0  0  0  0  0  0  21  0  0  0  0  0  48  0  0  0  0  0  0  0 
1441661882  0  0  0  0  0  0  0  0  0  3811322  0  0  0  0  0  0  0  0  0  21  0  0  0  0  0  48  0  0  0  0  0  0  0 
1441661882  0  0  0  0  0  0  0  0  0  3811322  0  0  0  0  0  0  0  0  0  21  0  0  0  0  0  48  0  0  0  0  0  0  0 
1441661883  0  0  0  0  0  0  0  0  0  3811322  0  0  0  0  0  0  0  0  0  21  0  0  0  0  0  48  0  0  0  0  0  0  0 
1441661883  0  0  0  0  0  0  0  0  0  3811322  0  0  0  0  0  0  0  0  0  21  0  0  0  0  0  48  0  0  0  0  0  0  0 
1441661884  0  0  0  0  0  0  0  0  0  3811322  0  0  0  0  0  0  0  0  0  21  0  0  0  0  0  48  0  0  0  0  0  0  0 
1441661884  0  0  0  0  0  0  0  0  0  3811322  0  0  0  0  0  0  0  0  0  21  0  0  0  0  0  48  0  0  0  0  0  0  0 
1441661885  0  0  0  0  0  0  0  0  0  3811322  0  0  0  0  0  0  0  0  0  21  0  0  0  0  0  48  0  0  0  0  0  0  0 
1441661885  0  0  0  0  0  0  0  0  0  3811322  0  0  0  0  0  0  0  0  0  21  0  0  0  0  0  48  0  0  0  0  0  0  0 
1441661886  0  0  0  0  0  0  0  0  0  3811322  0  0  0  0  0  0  0  0  0  21  0  0  0  0  0  48  0  0  0  0  0  0  0 
1441661886  0  0  0  0  0  0  0  0  0  3811322  0  0  0  0  0  0  0  0  0  21  0  0  0  0  0  48  0  0  0  0  0  0  0 
1441661887  0  0  0  0  0  0  0  0  0  3811322  0  0  0  0  0  0  0  0  0  21  0  0  0  0  0  48  0  0  0  0  0  0  0 
1441661887  0  0  0  0  0  0  0  0  0  3811322  0  0  0  0  0  0  0  0  0  21  0  0  0  0  0  48  0  0  0  0  0  0  0 
1441661888  0  0  0  0  0  0  0  0  0  3811322  0  0  0  0  0  0  0  0  0  21  0  0  0  0  0  48  0  0  0  0  0  0  0 
1441661888  0  0  0  0  0  0  0  0  0  3811322  0  0  0  0  0  0  0  0  0  21  0  0  0  0  0  48  0  0  0  0  0  0  0 
1441661889  0  0  0  0  0  0  0  0  0  3811322  0  0  0  0  0  0  0  0  0  21  0  0  0  0  0  48  0  0  0  0  0  0  0 
1441661889  0  0  0  0  0  0  0  0  0  3811322  0  0  0  0  0  0  0  0  0  21  0  0  0  0  0  48  0  0  0  0  0  0  0 
1441661890  0  0  0  0  0  0  0  0  0  3813968  0  0  0  0  0  0  0  0  0  21  0  0  0  0  0  49  0  2646  0  0  0  0  0 
1441661890  0  0  0  0  0  0  0  0  0  3813968  0  0  0  0  0  0  0  0  0  21  0  0  0  0  0  49  0  0  0  0  0  0  0 
1441661891  0  0  0  0  0  0  0  0  0  3813968  0  0  0  0  0  0  0  0  0  21  0  0  0  0  0  49  0  0  0  0  0  0  0 
1441661891  0  0  0  0  0  0  0  0  0  3813968  0  0  0  0  0  0  0  0  0  21  0  0  0  0  0  49  0  0  0  0  0  0  0 
1441661892  0  0  0  0  0  0  0  0  0  3813968  0  0  0  0  0  0  0  0  0  21  0  0  0  0  0  49  0  0  0  0  0  0  0 
1441661892  0  0  0  0  0  0  0  0  0  3813968  0  0  0  0  0  0  0  0  0  21  0  0  0  0  0  49  0  0  0  0  0  0  0 
1441661893  0  0  0  0  0  0  0  0  0  3813968  0  0  0  0  0  0  0  0  0  21  0  0  0  0  0  49  0  0  0  0  0  0  0 
1441661893  0  0  0  0  0  0  0  0  0  3813968  0  0  0  0  0  0  0  0  0  21  0  0  0  0  0  49  0  0  0  0  0  0  0 
1441661894  0  0  0  0  0  0  0  0  0  3813968  0  0  0  0  0  0  0  0  0  21  0  0  0  0  0  49  0  0  0  0  0  0  0 
1441661894  0  0  0  0  0  0  0  0  0  3813968  0  0  0  0  0  0  0  0  0  21  0  0  0  0  0  49  0  0  0  0  0  0  0 
1441661895  0  0  0  0  0  0  0  0  0  3813968  0  0  0  0  0  0  0  0  0  21  0  0  0  0  0  49  0  0  0  0  0  0  0 
1441661895  0  0  0  0  0  0  0  0  0  3813968  0  0  0  0  0  0  0  0  0  21  0  0  0  0  0  49  0  0  0  0  0  0  0 
1441661896  0  0  0  0  0  0  0  0  0  3813968  0  0  0  0  0  0  0  0  0  21  0  0  0  0  0  49  0  0  0  0  0  0  0 
1441661896  0  0  0  0  0  0  0  0  0  3813968  0  0  0  0  0  0  0  0  0  21  0  0  0  0  0  49  0  0  0  0  0  0  0 
1441661897  0  0  0  0  0  0  0  0  0  3813968  0  0  0  0  0  0  0  0  0  21  0  0  0  0  0  49  0  0  0  0  0  0  0 
1441661897  0  0  0  0  0  0  0  0  0  3813968  0  0  0  0  0  0  0  0  0  21  0  0  0  0  0  49  0  0  0  0  0  0  0 
1441661898  0  0  0  0  0  0  0  0  0  3813968  0  0  0  0  0  0  0  0  0  21  0  0  0  0  0  49  0  0  0  0  0  0  0 
1441661898  0  0  0  0  0  0  0  0  0  3813968  0  0  0  0  0  0  0  0  0  21  0  0  0  0  0  49  0  0  0  0  0  0  0 
1441661899  0  0  0  0  0  0  0  0  0  3813968  0  0  0  0  0  0  0  0  0  21  0  0  0  0  0  49  0  0  0  0  0  0  0 
1441661899  0  0  0  0  0  0  0  0  0  3813968  0  0  0  0  0  0  0  0  0  21  0  0  0  0  0  49  0  0  0  0  0  0  0 
1441661900  0  0  0  0  0  0  0  0  0  3813968  0  0  0  0  0  0  0  0  0  21  0  0  0  0  0  49  0  0  0  0  0  0  0 
1441661900  0  0  0  0  0  0  0  0  0  3817401  0  0  0  0  0  0  0  0  0  21  0  0  0  0  0  50  0  3433  0  0  0  0  0 
1441661901  0  0  0  0  0  0  0  0  0  3817401  0  0  0  0  0  0  0  0  0  21  0  0  0  0  0  50  0  0  0  0  0  0  0 
1441661901  0  0  0  0  0  0  0  0  0  3817401  0  0  0  0  0  0  0  0  0  21  0  0  0  0  0  50  0  0  0  0  0  0  0 
1441661902  0  0  0  0  0  0  0  0  0  3817401  0  0  0  0  0  0  0  0  0  21  0  0  0  0  0  50  0  0  0  0  0  0  0 
1441661902  0  0  0  0  0  0  0  0  0  3817401  0  0  0  0  0  0  0  0  0  21  0  0  0  0  0  50  0  0  0  0  0  0  0 
1441661903  0  0  0  0  0  0  0  0  0  3817401  0  0  0  0  0  0  0  0  0  21  0  0  0  0  0  50  0  0  0  0  0  0  0 
1441661903  0  0  0  0  0  0  0  0  0  3817401  0  0  0  0  0  0  0  0  0  21  0  0  0  0  0  50  0  0  0  0  0  0  0 
1441661904  0  0  0  0  0  0  0  0  0  3817401  0  0  0  0  0  0  0  0  0  21  0  0  0  0  0  50  0  0  0  0  0  0  0 
1441661904  0  0  0  0  0  0  0  0  0  3817401  0  0  0  0  0  0  0  0  0  21  0  0  0  0  0  50  0  0  0  0  0  0  0 
1441661905  0  0  0  0  0  0  0  0  0  3817401  0  0  0  0  0  0  0  0  0  21  0  0  0  0  0  50  0  0  0  0  0  0  0 
1441661905  0  0  0  0  0  0  0  0  0  3817401  0  0  0  0  0  0  0  0  0  21  0  0  0  0  0  50  0  0  0  0  0  0  0 
1441661906  0  0  0  0  0  0  0  0  0  3817401  0  0  0  0  0  0  0  0  0  21  0  0  0  0  0  50  0  0  0  0  0  0  0 
1441661907  0  0  0  0  0  0  0  0  0  3817401  0  0  0  0  0  0  0  0  0  21  0  0  0  0  0  50  0  0  0  0  0  0  0 
1441661907  0  0  0  0  0  0  0  0  0  3817401  0  0  0  0  0  0  0  0  0  21  0  0  0  0  0  50  0  0  0  0  0  0  0 
1441661908  0  0  0  0  0  0  0  0  0  3817401  0  0  0  0  0  0  0  0  0  21  0  0  0  0  0  50  0  0  0  0  0  0  0 
1441661908  0  0  0  0  0  0  0  0  0  3817401  0  0  0  0  0  0  0  0  0  21  0  0  0  0  0  50  0  0  0  0  0  0  0 
1441661909  0  0  0  0  0  0  0  0  0  3817401  0  0  0  0  0  0  0  0  0  21  0  0  0  0  0  50  0  0  0  0  0  0  0 
1441661909  0  0  0  0  0  0  0  0  0  3817401  0  0  0  0  0  0  0  0  0  21  0  0  0  0  0  50  0  0  0  0  0  0  0 
1441661910  0  0  0  0  0  0  0  0  0  3817401  0  0  0  0  0  0  0  0  0  21  0  0  0  0  0  50  0  0  0  0  0  0  0 
1441661910  0  0  0  0  0  0  0  0  0  3820383  0  0  0  0  0  0  0  0  0  21  0  0  0  0  0  51  0  2982  0  0  0  0  0 
1441661911  0  0  0  0  0  0  0  0  0  3820383  0  0  0  0  0  0  0  0  0  21  0  0  0  0  0  51  0  0  0  0  0  0  0 
1441661911  0  0  0  0  0  0  0  0  0  3820383  0  0  0  0  0  0  0  0  0  21  0  0  0  0  0  51  0  0  0  0  0  0  0 
1441661912  0  0  0  0  0  0  0  0  0  3820383  0  0  0  0  0  0  0  0  0  21  0  0  0  0  0  51  0  0  0  0  0  0  0 
1441661912  0  0  0  0  0  0  0  0  0  3820383  0  0  0  0  0  0  0  0  0  21  0  0  0  0  0  51  0  0  0  0  0  0  0 
1441661913  0  0  0  0  0  0  0  0  0  3820383  0  0  0  0  0  0  0  0  0  21  0  0  0  0  0  51  0  0  0  0  0  0  0 
1441661913  0  0  0  0  0  0  0  0  0  3820383  0  0  0  0  0  0  0  0  0  21  0  0  0  0  0  51  0  0  0  0  0  0  0 
1441661914  0  0  0  0  0  0  0  0  0  3820383  0  0  0  0  0  0  0  0  0  21  0  0  0  0  0  51  0  0  0  0  0  0  0 
1441661914  0  0  0  0  0  0  0  0  0  3820383  0  0  0  0  0  0  0  0  0  21  0  0  0  0  0  51  0  0  0  0  0  0  0 
1441661915  0  0  0  0  0  0  0  0  0  3820383  0  0  0  0  0  0  0  0  0  21  0  0  0  0  0  51  0  0  0  0  0  0  0 
1441661915  0  0  0  0  0  0  0  0  0  3820383  0  0  0  0  0  0  0  0  0  21  0  0  0  0  0  51  0  0  0  0  0  0  0 
1441661916  0  0  0  0  0  0  0  0  0  3820383  0  0  0  0  0  0  0  0  0  21  0  0  0  0  0  51  0  0  0  0  0  0  0 
1441661916  0  0  0  0  0  0  0  0  0  3820383  0  0  0  0  0  0  0  0  0  21  0  0  0  0  0  51  0  0  0  0  0  0  0 
1441661917  0  0  0  0  0  0  0  0  0  3820383  0  0  0  0  0  0  0  0  0  21  0  0  0  0  0  51  0  0  0  0  0  0  0 
1441661917  0  0  0  0  0  0  0  0  0  3820383  0  0  0  0  0  0  0  0  0  21  0  0  0  0  0  51  0  0  0  0  0  0  0 
1441661918  0  0  0  0  0  0  0  0  0  3820383  0  0  0  0  0  0  0  0  0  21  0  0  0  0  0  51  0  0  0  0  0  0  0 
1441661918  0  0  0  0  0  0  0  0  0  3820383  0  0  0  0  0  0  0  0  0  21  0  0  0  0  0  51  0  0  0  0  0  0  0 
1441661919  0  0  0  0  0  0  0  0  0  3820383  0  0  0  0  0  0  0  0  0  21  0  0  0  0  0  51  0  0  0  0  0  0  0 
1441661919  0  0  0  0  0  0  0  0  0  3820383  0  0  0  0  0  0  0  0  0  21  0  0  0  0  0  51  0  0  0  0  0  0  0 
1441661920  0  0  0  0  0  0  0  0  0  3820383  0  0  0  0  0  0  0  0  0  21  0  0  0  0  0  51  0  0  0  0  0  0  0 
1441661920  0  0  0  0  0  0  0  0  0  3871681  0  0  0  0  0  0  0  0  0  22  0  0  0  0  0  53  0  51298  0  0  0  0  0 
1441661921  0  0  0  0  0  0  0  0  0  3924520  0  0  0  0  0  0  0  0  0  25  0  0  0  0  0  64  0  52839  0  0  0  0  0 
1441661921  0  0  0  0  0  0  0  0  0  3924520  0  0  0  0  0  0  0  0  0  25  0  0  0  0  0  64  0  0  0  0  0  0  0 
1441661922  0  0  0  0  0  0  0  0  0  3924520  0  0  0  0  0  0  0  0  0  25  0  0  0  0  0  64  0  0  0  0  0  0  0 
