#Type:X;CI:7;ww:0;ca:0;co:0;fr:0;Type:X;CI:7;PI:0;PT:EP;U0:0;U1:0;
#time  Pp  gt  gs  cn  cm  cb  Nc  Pc  cp  Tc  Nm  pr  ps  pt  px  pd  Pm  Om  fs  ft  Oc  Em  Gp  Ec  Ge  ot  os  Total_cycles_diff  Successful_get_diff  Total_get_diff  succ_put_diff  total_put_diff  get_hit  
1441638559  0  0  0  0  0  0  0  0  0  2792  0  0  0  0  0  0  0  0  0  0  0  0  0  0  0  0  0  2792  0  0  0  0  
1441638559  0  0  0  0  0  0  0  0  0  701214  0  0  0  0  0  0  0  0  0  0  0  0  0  0  0  0  0  698422  0  0  0  0  0 
1441638560  0  0  0  0  0  0  0  0  0  1282094  0  0  0  0  0  0  0  0  0  0  0  0  0  0  0  0  0  580880  0  0  0  0  0 
1441638561  0  0  0  0  0  0  0  0  0  1516283  0  0  0  0  0  0  0  0  0  0  0  0  0  0  0  0  0  234189  0  0  0  0  0 
1441638561  0  0  0  0  0  0  0  0  0  1739332  0  0  0  0  0  0  0  0  0  0  0  0  0  0  0  0  0  223049  0  0  0  0  0 
1441638562  0  0  0  0  0  0  0  0  0  2033048  0  0  0  0  0  0  0  0  0  13  0  0  0  0  0  38  0  293716  0  0  0  0  0 
1441638562  0  0  0  0  0  0  0  0  0  2033048  0  0  0  0  0  0  0  0  0  13  0  0  0  0  0  38  0  0  0  0  0  0  0 
1441638563  0  0  0  0  0  0  0  0  0  2887142  0  0  0  0  0  0  0  0  0  15  0  0  0  0  0  41  0  854094  0  0  0  0  0 
1441638563  0  0  0  0  0  0  0  0  0  3713439  0  0  0  0  0  0  0  0  0  21  0  0  0  0  0  46  0  826297  0  0  0  0  0 
1441638564  0  0  0  0  0  0  0  0  0  3974178  0  0  0  0  0  0  0  0  0  21  0  0  0  0  0  46  0  260739  0  0  0  0  0 
1441638564  0  0  0  0  0  0  0  0  0  3974178  0  0  0  0  0  0  0  0  0  21  0  0  0  0  0  46  0  0  0  0  0  0  0 
1441638565  0  0  0  0  0  0  0  0  0  3974178  0  0  0  0  0  0  0  0  0  21  0  0  0  0  0  46  0  0  0  0  0  0  0 
1441638565  0  0  0  0  0  0  0  0  0  3974178  0  0  0  0  0  0  0  0  0  21  0  0  0  0  0  46  0  0  0  0  0  0  0 
1441638566  0  0  0  0  0  0  0  0  0  3974178  0  0  0  0  0  0  0  0  0  21  0  0  0  0  0  46  0  0  0  0  0  0  0 
1441638566  0  0  0  0  0  0  0  0  0  3974178  0  0  0  0  0  0  0  0  0  21  0  0  0  0  0  46  0  0  0  0  0  0  0 
1441638567  0  0  0  0  0  0  0  0  0  3974178  0  0  0  0  0  0  0  0  0  21  0  0  0  0  0  46  0  0  0  0  0  0  0 
1441638567  0  0  0  0  0  0  0  0  0  3974178  0  0  0  0  0  0  0  0  0  21  0  0  0  0  0  46  0  0  0  0  0  0  0 
1441638568  0  0  0  0  0  0  0  0  0  3974178  0  0  0  0  0  0  0  0  0  21  0  0  0  0  0  46  0  0  0  0  0  0  0 
1441638568  0  0  0  0  0  0  0  0  0  3974178  0  0  0  0  0  0  0  0  0  21  0  0  0  0  0  46  0  0  0  0  0  0  0 
1441638569  0  0  0  0  0  0  0  0  0  3974178  0  0  0  0  0  0  0  0  0  21  0  0  0  0  0  46  0  0  0  0  0  0  0 
1441638569  0  0  0  0  0  0  0  0  0  3974178  0  0  0  0  0  0  0  0  0  21  0  0  0  0  0  46  0  0  0  0  0  0  0 
1441638570  0  0  0  0  0  0  0  0  0  3974178  0  0  0  0  0  0  0  0  0  21  0  0  0  0  0  46  0  0  0  0  0  0  0 
1441638570  0  0  0  0  0  0  0  0  0  3974178  0  0  0  0  0  0  0  0  0  21  0  0  0  0  0  46  0  0  0  0  0  0  0 
1441638571  0  0  0  0  0  0  0  0  0  3974178  0  0  0  0  0  0  0  0  0  21  0  0  0  0  0  46  0  0  0  0  0  0  0 
1441638571  0  0  0  0  0  0  0  0  0  3974178  0  0  0  0  0  0  0  0  0  21  0  0  0  0  0  46  0  0  0  0  0  0  0 
1441638572  0  0  0  0  0  0  0  0  0  3974178  0  0  0  0  0  0  0  0  0  21  0  0  0  0  0  46  0  0  0  0  0  0  0 
1441638572  0  0  0  0  0  0  0  0  0  3974178  0  0  0  0  0  0  0  0  0  21  0  0  0  0  0  46  0  0  0  0  0  0  0 
1441638573  0  0  0  0  0  0  0  0  0  3974178  0  0  0  0  0  0  0  0  0  21  0  0  0  0  0  46  0  0  0  0  0  0  0 
1441638573  0  0  0  0  0  0  0  0  0  3974178  0  0  0  0  0  0  0  0  0  21  0  0  0  0  0  46  0  0  0  0  0  0  0 
1441638574  0  0  0  0  0  0  0  0  0  3974178  0  0  0  0  0  0  0  0  0  21  0  0  0  0  0  46  0  0  0  0  0  0  0 
1441638574  0  0  0  0  0  0  0  0  0  3974178  0  0  0  0  0  0  0  0  0  21  0  0  0  0  0  46  0  0  0  0  0  0  0 
1441638575  0  0  0  0  0  0  0  0  0  3974178  0  0  0  0  0  0  0  0  0  21  0  0  0  0  0  46  0  0  0  0  0  0  0 
1441638575  0  0  0  0  0  0  0  0  0  3974178  0  0  0  0  0  0  0  0  0  21  0  0  0  0  0  46  0  0  0  0  0  0  0 
1441638576  0  0  0  0  0  0  0  0  0  3974178  0  0  0  0  0  0  0  0  0  21  0  0  0  0  0  46  0  0  0  0  0  0  0 
1441638576  0  0  0  0  0  0  0  0  0  3974178  0  0  0  0  0  0  0  0  0  21  0  0  0  0  0  46  0  0  0  0  0  0  0 
1441638577  0  0  0  0  0  0  0  0  0  3974178  0  0  0  0  0  0  0  0  0  21  0  0  0  0  0  46  0  0  0  0  0  0  0 
1441638577  0  0  0  0  0  0  0  0  0  3974178  0  0  0  0  0  0  0  0  0  21  0  0  0  0  0  46  0  0  0  0  0  0  0 
1441638578  0  0  0  0  0  0  0  0  0  3974178  0  0  0  0  0  0  0  0  0  21  0  0  0  0  0  46  0  0  0  0  0  0  0 
1441638578  0  0  0  0  0  0  0  0  0  3974178  0  0  0  0  0  0  0  0  0  21  0  0  0  0  0  46  0  0  0  0  0  0  0 
1441638579  0  0  0  0  0  0  0  0  0  3974178  0  0  0  0  0  0  0  0  0  21  0  0  0  0  0  46  0  0  0  0  0  0  0 
1441638579  0  0  0  0  0  0  0  0  0  3974178  0  0  0  0  0  0  0  0  0  21  0  0  0  0  0  46  0  0  0  0  0  0  0 
1441638580  0  0  0  0  0  0  0  0  0  3974178  0  0  0  0  0  0  0  0  0  21  0  0  0  0  0  46  0  0  0  0  0  0  0 
1441638580  0  0  0  0  0  0  0  0  0  3974178  0  0  0  0  0  0  0  0  0  21  0  0  0  0  0  46  0  0  0  0  0  0  0 
1441638581  0  0  0  0  0  0  0  0  0  3974178  0  0  0  0  0  0  0  0  0  21  0  0  0  0  0  46  0  0  0  0  0  0  0 
1441638581  0  0  0  0  0  0  0  0  0  3974178  0  0  0  0  0  0  0  0  0  21  0  0  0  0  0  46  0  0  0  0  0  0  0 
1441638582  0  0  0  0  0  0  0  0  0  3974178  0  0  0  0  0  0  0  0  0  21  0  0  0  0  0  46  0  0  0  0  0  0  0 
1441638582  0  0  0  0  0  0  0  0  0  3974178  0  0  0  0  0  0  0  0  0  21  0  0  0  0  0  46  0  0  0  0  0  0  0 
1441638583  0  0  0  0  0  0  0  0  0  3974178  0  0  0  0  0  0  0  0  0  21  0  0  0  0  0  46  0  0  0  0  0  0  0 
1441638583  0  0  0  0  0  0  0  0  0  3974178  0  0  0  0  0  0  0  0  0  21  0  0  0  0  0  46  0  0  0  0  0  0  0 
1441638584  0  0  0  0  0  0  0  0  0  3974178  0  0  0  0  0  0  0  0  0  21  0  0  0  0  0  46  0  0  0  0  0  0  0 
1441638584  0  0  0  0  0  0  0  0  0  3974178  0  0  0  0  0  0  0  0  0  21  0  0  0  0  0  46  0  0  0  0  0  0  0 
1441638585  0  0  0  0  0  0  0  0  0  3974178  0  0  0  0  0  0  0  0  0  21  0  0  0  0  0  46  0  0  0  0  0  0  0 
1441638585  0  0  0  0  0  0  0  0  0  3974178  0  0  0  0  0  0  0  0  0  21  0  0  0  0  0  46  0  0  0  0  0  0  0 
1441638586  0  0  0  0  0  0  0  0  0  3974178  0  0  0  0  0  0  0  0  0  21  0  0  0  0  0  46  0  0  0  0  0  0  0 
1441638586  0  0  0  0  0  0  0  0  0  3974178  0  0  0  0  0  0  0  0  0  21  0  0  0  0  0  46  0  0  0  0  0  0  0 
1441638587  0  0  0  0  0  0  0  0  0  3974178  0  0  0  0  0  0  0  0  0  21  0  0  0  0  0  46  0  0  0  0  0  0  0 
1441638587  0  0  0  0  0  0  0  0  0  3974178  0  0  0  0  0  0  0  0  0  21  0  0  0  0  0  46  0  0  0  0  0  0  0 
1441638588  0  0  0  0  0  0  0  0  0  3974178  0  0  0  0  0  0  0  0  0  21  0  0  0  0  0  46  0  0  0  0  0  0  0 
1441638588  0  0  0  0  0  0  0  0  0  3974178  0  0  0  0  0  0  0  0  0  21  0  0  0  0  0  46  0  0  0  0  0  0  0 
1441638589  0  0  0  0  0  0  0  0  0  3974178  0  0  0  0  0  0  0  0  0  21  0  0  0  0  0  46  0  0  0  0  0  0  0 
1441638589  0  0  0  0  0  0  0  0  0  3974178  0  0  0  0  0  0  0  0  0  21  0  0  0  0  0  46  0  0  0  0  0  0  0 
1441638590  0  0  0  0  0  0  0  0  0  3974178  0  0  0  0  0  0  0  0  0  21  0  0  0  0  0  46  0  0  0  0  0  0  0 
1441638590  0  0  0  0  0  0  0  0  0  3974178  0  0  0  0  0  0  0  0  0  21  0  0  0  0  0  46  0  0  0  0  0  0  0 
1441638591  0  0  0  0  0  0  0  0  0  3974178  0  0  0  0  0  0  0  0  0  21  0  0  0  0  0  46  0  0  0  0  0  0  0 
1441638591  0  0  0  0  0  0  0  0  0  3974178  0  0  0  0  0  0  0  0  0  21  0  0  0  0  0  46  0  0  0  0  0  0  0 
1441638592  0  0  0  0  0  0  0  0  0  3974178  0  0  0  0  0  0  0  0  0  21  0  0  0  0  0  46  0  0  0  0  0  0  0 
1441638592  0  0  0  0  0  0  0  0  0  3974178  0  0  0  0  0  0  0  0  0  21  0  0  0  0  0  46  0  0  0  0  0  0  0 
1441638593  0  0  0  0  0  0  0  0  0  3974178  0  0  0  0  0  0  0  0  0  21  0  0  0  0  0  46  0  0  0  0  0  0  0 
1441638593  0  0  0  0  0  0  0  0  0  3974178  0  0  0  0  0  0  0  0  0  21  0  0  0  0  0  46  0  0  0  0  0  0  0 
1441638594  0  0  0  0  0  0  0  0  0  3974178  0  0  0  0  0  0  0  0  0  21  0  0  0  0  0  46  0  0  0  0  0  0  0 
1441638594  0  0  0  0  0  0  0  0  0  3974178  0  0  0  0  0  0  0  0  0  21  0  0  0  0  0  46  0  0  0  0  0  0  0 
1441638595  0  0  0  0  0  0  0  0  0  3974178  0  0  0  0  0  0  0  0  0  21  0  0  0  0  0  46  0  0  0  0  0  0  0 
1441638595  0  0  0  0  0  0  0  0  0  3974178  0  0  0  0  0  0  0  0  0  21  0  0  0  0  0  46  0  0  0  0  0  0  0 
1441638596  0  0  0  0  0  0  0  0  0  3974178  0  0  0  0  0  0  0  0  0  21  0  0  0  0  0  46  0  0  0  0  0  0  0 
1441638596  0  0  0  0  0  0  0  0  0  3974178  0  0  0  0  0  0  0  0  0  21  0  0  0  0  0  46  0  0  0  0  0  0  0 
1441638597  0  0  0  0  0  0  0  0  0  3974178  0  0  0  0  0  0  0  0  0  21  0  0  0  0  0  46  0  0  0  0  0  0  0 
1441638597  0  0  0  0  0  0  0  0  0  3974178  0  0  0  0  0  0  0  0  0  21  0  0  0  0  0  46  0  0  0  0  0  0  0 
1441638598  0  0  0  0  0  0  0  0  0  3974178  0  0  0  0  0  0  0  0  0  21  0  0  0  0  0  46  0  0  0  0  0  0  0 
1441638598  0  0  0  0  0  0  0  0  0  3974178  0  0  0  0  0  0  0  0  0  21  0  0  0  0  0  46  0  0  0  0  0  0  0 
1441638599  0  0  0  0  0  0  0  0  0  3974178  0  0  0  0  0  0  0  0  0  21  0  0  0  0  0  46  0  0  0  0  0  0  0 
1441638600  0  0  0  0  0  0  0  0  0  3974178  0  0  0  0  0  0  0  0  0  21  0  0  0  0  0  46  0  0  0  0  0  0  0 
1441638600  0  0  0  0  0  0  0  0  0  3974178  0  0  0  0  0  0  0  0  0  21  0  0  0  0  0  46  0  0  0  0  0  0  0 
1441638601  0  0  0  0  0  0  0  0  0  3974178  0  0  0  0  0  0  0  0  0  21  0  0  0  0  0  46  0  0  0  0  0  0  0 
1441638601  0  0  0  0  0  0  0  0  0  3974178  0  0  0  0  0  0  0  0  0  21  0  0  0  0  0  46  0  0  0  0  0  0  0 
1441638602  0  0  0  0  0  0  0  0  0  3974178  0  0  0  0  0  0  0  0  0  21  0  0  0  0  0  46  0  0  0  0  0  0  0 
1441638602  0  0  0  0  0  0  0  0  0  3974178  0  0  0  0  0  0  0  0  0  21  0  0  0  0  0  46  0  0  0  0  0  0  0 
1441638603  0  0  0  0  0  0  0  0  0  3974178  0  0  0  0  0  0  0  0  0  21  0  0  0  0  0  46  0  0  0  0  0  0  0 
1441638603  0  0  0  0  0  0  0  0  0  3974178  0  0  0  0  0  0  0  0  0  21  0  0  0  0  0  46  0  0  0  0  0  0  0 
1441638604  0  0  0  0  0  0  0  0  0  3974178  0  0  0  0  0  0  0  0  0  21  0  0  0  0  0  46  0  0  0  0  0  0  0 
1441638604  0  0  0  0  0  0  0  0  0  3974178  0  0  0  0  0  0  0  0  0  21  0  0  0  0  0  46  0  0  0  0  0  0  0 
1441638605  0  0  0  0  0  0  0  0  0  3974178  0  0  0  0  0  0  0  0  0  21  0  0  0  0  0  46  0  0  0  0  0  0  0 
1441638605  0  0  0  0  0  0  0  0  0  3974178  0  0  0  0  0  0  0  0  0  21  0  0  0  0  0  46  0  0  0  0  0  0  0 
1441638606  0  0  0  0  0  0  0  0  0  3974178  0  0  0  0  0  0  0  0  0  21  0  0  0  0  0  46  0  0  0  0  0  0  0 
1441638606  0  0  0  0  0  0  0  0  0  3974178  0  0  0  0  0  0  0  0  0  21  0  0  0  0  0  46  0  0  0  0  0  0  0 
1441638607  0  0  0  0  0  0  0  0  0  3974178  0  0  0  0  0  0  0  0  0  21  0  0  0  0  0  46  0  0  0  0  0  0  0 
1441638607  0  0  0  0  0  0  0  0  0  3974178  0  0  0  0  0  0  0  0  0  21  0  0  0  0  0  46  0  0  0  0  0  0  0 
1441638608  0  0  0  0  0  0  0  0  0  3974178  0  0  0  0  0  0  0  0  0  21  0  0  0  0  0  46  0  0  0  0  0  0  0 
1441638608  0  0  0  0  0  0  0  0  0  3974178  0  0  0  0  0  0  0  0  0  21  0  0  0  0  0  46  0  0  0  0  0  0  0 
1441638609  0  0  0  0  0  0  0  0  0  3974178  0  0  0  0  0  0  0  0  0  21  0  0  0  0  0  46  0  0  0  0  0  0  0 
1441638609  0  0  0  0  0  0  0  0  0  3974178  0  0  0  0  0  0  0  0  0  21  0  0  0  0  0  46  0  0  0  0  0  0  0 
1441638610  0  0  0  0  0  0  0  0  0  3974178  0  0  0  0  0  0  0  0  0  21  0  0  0  0  0  46  0  0  0  0  0  0  0 
1441638610  0  0  0  0  0  0  0  0  0  3974178  0  0  0  0  0  0  0  0  0  21  0  0  0  0  0  46  0  0  0  0  0  0  0 
1441638611  0  0  0  0  0  0  0  0  0  3974178  0  0  0  0  0  0  0  0  0  21  0  0  0  0  0  46  0  0  0  0  0  0  0 
1441638611  0  0  0  0  0  0  0  0  0  3974178  0  0  0  0  0  0  0  0  0  21  0  0  0  0  0  46  0  0  0  0  0  0  0 
1441638612  0  0  0  0  0  0  0  0  0  3974178  0  0  0  0  0  0  0  0  0  21  0  0  0  0  0  46  0  0  0  0  0  0  0 
1441638612  0  0  0  0  0  0  0  0  0  3974178  0  0  0  0  0  0  0  0  0  21  0  0  0  0  0  46  0  0  0  0  0  0  0 
1441638613  0  0  0  0  0  0  0  0  0  3974178  0  0  0  0  0  0  0  0  0  21  0  0  0  0  0  46  0  0  0  0  0  0  0 
1441638613  0  0  0  0  0  0  0  0  0  3974178  0  0  0  0  0  0  0  0  0  21  0  0  0  0  0  46  0  0  0  0  0  0  0 
1441638614  0  0  0  0  0  0  0  0  0  3974178  0  0  0  0  0  0  0  0  0  21  0  0  0  0  0  46  0  0  0  0  0  0  0 
1441638614  0  0  0  0  0  0  0  0  0  3974178  0  0  0  0  0  0  0  0  0  21  0  0  0  0  0  46  0  0  0  0  0  0  0 
1441638615  0  0  0  0  0  0  0  0  0  3974178  0  0  0  0  0  0  0  0  0  21  0  0  0  0  0  46  0  0  0  0  0  0  0 
1441638615  0  0  0  0  0  0  0  0  0  3974178  0  0  0  0  0  0  0  0  0  21  0  0  0  0  0  46  0  0  0  0  0  0  0 
1441638616  0  0  0  0  0  0  0  0  0  3982192  0  0  0  0  0  0  0  0  0  21  0  0  0  0  0  47  0  8014  0  0  0  0  0 
1441638616  0  0  0  0  0  0  0  0  0  3982192  0  0  0  0  0  0  0  0  0  21  0  0  0  0  0  47  0  0  0  0  0  0  0 
1441638617  0  0  0  0  0  0  0  0  0  3982192  0  0  0  0  0  0  0  0  0  21  0  0  0  0  0  47  0  0  0  0  0  0  0 
1441638617  0  0  0  0  0  0  0  0  0  3982192  0  0  0  0  0  0  0  0  0  21  0  0  0  0  0  47  0  0  0  0  0  0  0 
1441638618  0  0  0  0  0  0  0  0  0  3982192  0  0  0  0  0  0  0  0  0  21  0  0  0  0  0  47  0  0  0  0  0  0  0 
1441638618  0  0  0  0  0  0  0  0  0  3982192  0  0  0  0  0  0  0  0  0  21  0  0  0  0  0  47  0  0  0  0  0  0  0 
1441638619  0  0  0  0  0  0  0  0  0  3982192  0  0  0  0  0  0  0  0  0  21  0  0  0  0  0  47  0  0  0  0  0  0  0 
1441638619  0  0  0  0  0  0  0  0  0  3982192  0  0  0  0  0  0  0  0  0  21  0  0  0  0  0  47  0  0  0  0  0  0  0 
1441638620  0  0  0  0  0  0  0  0  0  3982192  0  0  0  0  0  0  0  0  0  21  0  0  0  0  0  47  0  0  0  0  0  0  0 
1441638620  0  0  0  0  0  0  0  0  0  3982192  0  0  0  0  0  0  0  0  0  21  0  0  0  0  0  47  0  0  0  0  0  0  0 
1441638621  0  0  0  0  0  0  0  0  0  3982192  0  0  0  0  0  0  0  0  0  21  0  0  0  0  0  47  0  0  0  0  0  0  0 
1441638621  0  0  0  0  0  0  0  0  0  3982192  0  0  0  0  0  0  0  0  0  21  0  0  0  0  0  47  0  0  0  0  0  0  0 
1441638622  0  0  0  0  0  0  0  0  0  3982192  0  0  0  0  0  0  0  0  0  21  0  0  0  0  0  47  0  0  0  0  0  0  0 
1441638622  0  0  0  0  0  0  0  0  0  3982192  0  0  0  0  0  0  0  0  0  21  0  0  0  0  0  47  0  0  0  0  0  0  0 
1441638623  0  0  0  0  0  0  0  0  0  3982192  0  0  0  0  0  0  0  0  0  21  0  0  0  0  0  47  0  0  0  0  0  0  0 
1441638623  0  0  0  0  0  0  0  0  0  3982192  0  0  0  0  0  0  0  0  0  21  0  0  0  0  0  47  0  0  0  0  0  0  0 
1441638624  0  0  0  0  0  0  0  0  0  3982192  0  0  0  0  0  0  0  0  0  21  0  0  0  0  0  47  0  0  0  0  0  0  0 
1441638624  0  0  0  0  0  0  0  0  0  3982192  0  0  0  0  0  0  0  0  0  21  0  0  0  0  0  47  0  0  0  0  0  0  0 
1441638625  0  0  0  0  0  0  0  0  0  3982192  0  0  0  0  0  0  0  0  0  21  0  0  0  0  0  47  0  0  0  0  0  0  0 
1441638625  0  0  0  0  0  0  0  0  0  3985150  0  0  0  0  0  0  0  0  0  21  0  0  0  0  0  48  0  2958  0  0  0  0  0 
1441638626  0  0  0  0  0  0  0  0  0  3985150  0  0  0  0  0  0  0  0  0  21  0  0  0  0  0  48  0  0  0  0  0  0  0 
1441638626  0  0  0  0  0  0  0  0  0  3985150  0  0  0  0  0  0  0  0  0  21  0  0  0  0  0  48  0  0  0  0  0  0  0 
1441638627  0  0  0  0  0  0  0  0  0  3985150  0  0  0  0  0  0  0  0  0  21  0  0  0  0  0  48  0  0  0  0  0  0  0 
1441638627  0  0  0  0  0  0  0  0  0  3985150  0  0  0  0  0  0  0  0  0  21  0  0  0  0  0  48  0  0  0  0  0  0  0 
1441638628  0  0  0  0  0  0  0  0  0  3985150  0  0  0  0  0  0  0  0  0  21  0  0  0  0  0  48  0  0  0  0  0  0  0 
1441638628  0  0  0  0  0  0  0  0  0  3985150  0  0  0  0  0  0  0  0  0  21  0  0  0  0  0  48  0  0  0  0  0  0  0 
1441638629  0  0  0  0  0  0  0  0  0  3985150  0  0  0  0  0  0  0  0  0  21  0  0  0  0  0  48  0  0  0  0  0  0  0 
1441638629  0  0  0  0  0  0  0  0  0  3985150  0  0  0  0  0  0  0  0  0  21  0  0  0  0  0  48  0  0  0  0  0  0  0 
1441638630  0  0  0  0  0  0  0  0  0  3985150  0  0  0  0  0  0  0  0  0  21  0  0  0  0  0  48  0  0  0  0  0  0  0 
1441638630  0  0  0  0  0  0  0  0  0  3985150  0  0  0  0  0  0  0  0  0  21  0  0  0  0  0  48  0  0  0  0  0  0  0 
1441638631  0  0  0  0  0  0  0  0  0  3985150  0  0  0  0  0  0  0  0  0  21  0  0  0  0  0  48  0  0  0  0  0  0  0 
1441638631  0  0  0  0  0  0  0  0  0  3985150  0  0  0  0  0  0  0  0  0  21  0  0  0  0  0  48  0  0  0  0  0  0  0 
1441638632  0  0  0  0  0  0  0  0  0  3985150  0  0  0  0  0  0  0  0  0  21  0  0  0  0  0  48  0  0  0  0  0  0  0 
1441638632  0  0  0  0  0  0  0  0  0  3985150  0  0  0  0  0  0  0  0  0  21  0  0  0  0  0  48  0  0  0  0  0  0  0 
1441638633  0  0  0  0  0  0  0  0  0  3985150  0  0  0  0  0  0  0  0  0  21  0  0  0  0  0  48  0  0  0  0  0  0  0 
1441638634  0  0  0  0  0  0  0  0  0  3985150  0  0  0  0  0  0  0  0  0  21  0  0  0  0  0  48  0  0  0  0  0  0  0 
1441638634  0  0  0  0  0  0  0  0  0  3985150  0  0  0  0  0  0  0  0  0  21  0  0  0  0  0  48  0  0  0  0  0  0  0 
1441638635  0  0  0  0  0  0  0  0  0  3985150  0  0  0  0  0  0  0  0  0  21  0  0  0  0  0  48  0  0  0  0  0  0  0 
1441638635  0  0  0  0  0  0  0  0  0  3985150  0  0  0  0  0  0  0  0  0  21  0  0  0  0  0  48  0  0  0  0  0  0  0 
1441638636  0  0  0  0  0  0  0  0  0  3987881  0  0  0  0  0  0  0  0  0  21  0  0  0  0  0  49  0  2731  0  0  0  0  0 
1441638636  0  0  0  0  0  0  0  0  0  3987881  0  0  0  0  0  0  0  0  0  21  0  0  0  0  0  49  0  0  0  0  0  0  0 
1441638637  0  0  0  0  0  0  0  0  0  3987881  0  0  0  0  0  0  0  0  0  21  0  0  0  0  0  49  0  0  0  0  0  0  0 
1441638637  0  0  0  0  0  0  0  0  0  3987881  0  0  0  0  0  0  0  0  0  21  0  0  0  0  0  49  0  0  0  0  0  0  0 
1441638638  0  0  0  0  0  0  0  0  0  3987881  0  0  0  0  0  0  0  0  0  21  0  0  0  0  0  49  0  0  0  0  0  0  0 
1441638638  0  0  0  0  0  0  0  0  0  3987881  0  0  0  0  0  0  0  0  0  21  0  0  0  0  0  49  0  0  0  0  0  0  0 
1441638639  0  0  0  0  0  0  0  0  0  3987881  0  0  0  0  0  0  0  0  0  21  0  0  0  0  0  49  0  0  0  0  0  0  0 
1441638639  0  0  0  0  0  0  0  0  0  3987881  0  0  0  0  0  0  0  0  0  21  0  0  0  0  0  49  0  0  0  0  0  0  0 
1441638640  0  0  0  0  0  0  0  0  0  3987881  0  0  0  0  0  0  0  0  0  21  0  0  0  0  0  49  0  0  0  0  0  0  0 
1441638640  0  0  0  0  0  0  0  0  0  3987881  0  0  0  0  0  0  0  0  0  21  0  0  0  0  0  49  0  0  0  0  0  0  0 
1441638641  0  0  0  0  0  0  0  0  0  3987881  0  0  0  0  0  0  0  0  0  21  0  0  0  0  0  49  0  0  0  0  0  0  0 
1441638641  0  0  0  0  0  0  0  0  0  3987881  0  0  0  0  0  0  0  0  0  21  0  0  0  0  0  49  0  0  0  0  0  0  0 
1441638642  0  0  0  0  0  0  0  0  0  3987881  0  0  0  0  0  0  0  0  0  21  0  0  0  0  0  49  0  0  0  0  0  0  0 
1441638642  0  0  0  0  0  0  0  0  0  3987881  0  0  0  0  0  0  0  0  0  21  0  0  0  0  0  49  0  0  0  0  0  0  0 
1441638643  0  0  0  0  0  0  0  0  0  3987881  0  0  0  0  0  0  0  0  0  21  0  0  0  0  0  49  0  0  0  0  0  0  0 
1441638643  0  0  0  0  0  0  0  0  0  3987881  0  0  0  0  0  0  0  0  0  21  0  0  0  0  0  49  0  0  0  0  0  0  0 
1441638644  0  0  0  0  0  0  0  0  0  3987881  0  0  0  0  0  0  0  0  0  21  0  0  0  0  0  49  0  0  0  0  0  0  0 
1441638644  0  0  0  0  0  0  0  0  0  3987881  0  0  0  0  0  0  0  0  0  21  0  0  0  0  0  49  0  0  0  0  0  0  0 
1441638645  0  0  0  0  0  0  0  0  0  3987881  0  0  0  0  0  0  0  0  0  21  0  0  0  0  0  49  0  0  0  0  0  0  0 
1441638645  0  0  0  0  0  0  0  0  0  3987881  0  0  0  0  0  0  0  0  0  21  0  0  0  0  0  49  0  0  0  0  0  0  0 
1441638646  0  0  0  0  0  0  0  0  0  3990292  0  0  0  0  0  0  0  0  0  21  0  0  0  0  0  50  0  2411  0  0  0  0  0 
1441638646  0  0  0  0  0  0  0  0  0  3990292  0  0  0  0  0  0  0  0  0  21  0  0  0  0  0  50  0  0  0  0  0  0  0 
1441638647  0  0  0  0  0  0  0  0  0  3990292  0  0  0  0  0  0  0  0  0  21  0  0  0  0  0  50  0  0  0  0  0  0  0 
1441638647  0  0  0  0  0  0  0  0  0  3990292  0  0  0  0  0  0  0  0  0  21  0  0  0  0  0  50  0  0  0  0  0  0  0 
1441638648  0  0  0  0  0  0  0  0  0  3990292  0  0  0  0  0  0  0  0  0  21  0  0  0  0  0  50  0  0  0  0  0  0  0 
1441638648  0  0  0  0  0  0  0  0  0  3990292  0  0  0  0  0  0  0  0  0  21  0  0  0  0  0  50  0  0  0  0  0  0  0 
1441638649  0  0  0  0  0  0  0  0  0  3990292  0  0  0  0  0  0  0  0  0  21  0  0  0  0  0  50  0  0  0  0  0  0  0 
1441638649  0  0  0  0  0  0  0  0  0  3990292  0  0  0  0  0  0  0  0  0  21  0  0  0  0  0  50  0  0  0  0  0  0  0 
1441638650  0  0  0  0  0  0  0  0  0  3990292  0  0  0  0  0  0  0  0  0  21  0  0  0  0  0  50  0  0  0  0  0  0  0 
1441638650  0  0  0  0  0  0  0  0  0  3990292  0  0  0  0  0  0  0  0  0  21  0  0  0  0  0  50  0  0  0  0  0  0  0 
1441638651  0  0  0  0  0  0  0  0  0  3990292  0  0  0  0  0  0  0  0  0  21  0  0  0  0  0  50  0  0  0  0  0  0  0 
1441638651  0  0  0  0  0  0  0  0  0  3990292  0  0  0  0  0  0  0  0  0  21  0  0  0  0  0  50  0  0  0  0  0  0  0 
1441638652  0  0  0  0  0  0  0  0  0  3990292  0  0  0  0  0  0  0  0  0  21  0  0  0  0  0  50  0  0  0  0  0  0  0 
1441638652  0  0  0  0  0  0  0  0  0  3990292  0  0  0  0  0  0  0  0  0  21  0  0  0  0  0  50  0  0  0  0  0  0  0 
1441638653  0  0  0  0  0  0  0  0  0  3990292  0  0  0  0  0  0  0  0  0  21  0  0  0  0  0  50  0  0  0  0  0  0  0 
1441638653  0  0  0  0  0  0  0  0  0  3990292  0  0  0  0  0  0  0  0  0  21  0  0  0  0  0  50  0  0  0  0  0  0  0 
1441638654  0  0  0  0  0  0  0  0  0  3990292  0  0  0  0  0  0  0  0  0  21  0  0  0  0  0  50  0  0  0  0  0  0  0 
1441638654  0  0  0  0  0  0  0  0  0  3990292  0  0  0  0  0  0  0  0  0  21  0  0  0  0  0  50  0  0  0  0  0  0  0 
1441638655  0  0  0  0  0  0  0  0  0  3990292  0  0  0  0  0  0  0  0  0  21  0  0  0  0  0  50  0  0  0  0  0  0  0 
1441638655  0  0  0  0  0  0  0  0  0  3990292  0  0  0  0  0  0  0  0  0  21  0  0  0  0  0  50  0  0  0  0  0  0  0 
1441638656  0  0  0  0  0  0  0  0  0  3993223  0  0  0  0  0  0  0  0  0  21  0  0  0  0  0  51  0  2931  0  0  0  0  0 
1441638656  0  0  0  0  0  0  0  0  0  3993223  0  0  0  0  0  0  0  0  0  21  0  0  0  0  0  51  0  0  0  0  0  0  0 
1441638657  0  0  0  0  0  0  0  0  0  3993223  0  0  0  0  0  0  0  0  0  21  0  0  0  0  0  51  0  0  0  0  0  0  0 
1441638657  0  0  0  0  0  0  0  0  0  3993223  0  0  0  0  0  0  0  0  0  21  0  0  0  0  0  51  0  0  0  0  0  0  0 
1441638658  0  0  0  0  0  0  0  0  0  3993223  0  0  0  0  0  0  0  0  0  21  0  0  0  0  0  51  0  0  0  0  0  0  0 
1441638658  0  0  0  0  0  0  0  0  0  3993223  0  0  0  0  0  0  0  0  0  21  0  0  0  0  0  51  0  0  0  0  0  0  0 
1441638659  0  0  0  0  0  0  0  0  0  3993223  0  0  0  0  0  0  0  0  0  21  0  0  0  0  0  51  0  0  0  0  0  0  0 
1441638659  0  0  0  0  0  0  0  0  0  3993223  0  0  0  0  0  0  0  0  0  21  0  0  0  0  0  51  0  0  0  0  0  0  0 
1441638660  0  0  0  0  0  0  0  0  0  3993223  0  0  0  0  0  0  0  0  0  21  0  0  0  0  0  51  0  0  0  0  0  0  0 
1441638660  0  0  0  0  0  0  0  0  0  3993223  0  0  0  0  0  0  0  0  0  21  0  0  0  0  0  51  0  0  0  0  0  0  0 
1441638661  0  0  0  0  0  0  0  0  0  3993223  0  0  0  0  0  0  0  0  0  21  0  0  0  0  0  51  0  0  0  0  0  0  0 
1441638661  0  0  0  0  0  0  0  0  0  3993223  0  0  0  0  0  0  0  0  0  21  0  0  0  0  0  51  0  0  0  0  0  0  0 
1441638662  0  0  0  0  0  0  0  0  0  3993223  0  0  0  0  0  0  0  0  0  21  0  0  0  0  0  51  0  0  0  0  0  0  0 
1441638662  0  0  0  0  0  0  0  0  0  3993223  0  0  0  0  0  0  0  0  0  21  0  0  0  0  0  51  0  0  0  0  0  0  0 
1441638663  0  0  0  0  0  0  0  0  0  3993223  0  0  0  0  0  0  0  0  0  21  0  0  0  0  0  51  0  0  0  0  0  0  0 
1441638663  0  0  0  0  0  0  0  0  0  3993223  0  0  0  0  0  0  0  0  0  21  0  0  0  0  0  51  0  0  0  0  0  0  0 
1441638664  0  0  0  0  0  0  0  0  0  3993223  0  0  0  0  0  0  0  0  0  21  0  0  0  0  0  51  0  0  0  0  0  0  0 
1441638664  0  0  0  0  0  0  0  0  0  3993223  0  0  0  0  0  0  0  0  0  21  0  0  0  0  0  51  0  0  0  0  0  0  0 
1441638665  0  0  0  0  0  0  0  0  0  3993223  0  0  0  0  0  0  0  0  0  21  0  0  0  0  0  51  0  0  0  0  0  0  0 
1441638665  0  0  0  0  0  0  0  0  0  3993223  0  0  0  0  0  0  0  0  0  21  0  0  0  0  0  51  0  0  0  0  0  0  0 
1441638666  0  0  0  0  0  0  0  0  0  4048854  0  0  0  0  0  0  0  0  0  23  0  0  0  0  0  55  0  55631  0  0  0  0  0 
1441638666  0  0  0  0  0  0  0  0  0  4071273  0  0  0  0  0  0  0  0  0  25  0  0  0  0  0  64  0  22419  0  0  0  0  0 
1441638667  0  0  0  0  0  0  0  0  0  4071273  0  0  0  0  0  0  0  0  0  25  0  0  0  0  0  64  0  0  0  0  0  0  0 
1441638667  0  0  0  0  0  0  0  0  0  4071273  0  0  0  0  0  0  0  0  0  25  0  0  0  0  0  64  0  0  0  0  0  0  0 
