#Type:X;CI:5;ww:0;ca:0;co:0;fr:0;Type:X;CI:5;PI:0;PT:EP;U0:0;U1:0;
#time  Pp  gt  gs  cn  cm  cb  Nc  Pc  cp  Tc  Nm  pr  ps  pt  px  pd  Pm  Om  fs  ft  Oc  Em  Gp  Ec  Ge  ot  os  Total_cycles_diff  Successful_get_diff  Total_get_diff  succ_put_diff  total_put_diff  get_hit  
1441638417  0  0  0  0  0  0  0  0  0  378376  0  0  0  0  0  0  0  0  0  0  0  0  0  0  0  0  0  378376  0  0  0  0  
1441638418  0  0  0  0  0  0  0  0  0  918357  0  0  0  0  0  0  0  0  0  0  0  0  0  0  0  0  0  539981  0  0  0  0  0 
1441638418  0  0  0  0  0  0  0  0  0  1345639  0  0  0  0  0  0  0  0  0  0  0  0  0  0  0  0  0  427282  0  0  0  0  0 
1441638419  0  0  0  0  0  0  0  0  0  1590283  0  0  0  0  0  0  0  0  0  0  0  0  0  0  0  0  0  244644  0  0  0  0  0 
1441638419  0  0  0  0  0  0  0  0  0  1918167  0  0  0  0  0  0  0  0  0  0  0  0  0  0  0  0  0  327884  0  0  0  0  0 
1441638420  0  0  0  0  0  0  0  0  0  2395129  0  0  0  0  0  0  0  0  0  13  0  0  0  0  0  39  0  476962  0  0  0  0  0 
1441638420  0  0  0  0  0  0  0  0  0  2395129  0  0  0  0  0  0  0  0  0  13  0  0  0  0  0  39  0  0  0  0  0  0  0 
1441638421  0  0  0  0  0  0  0  0  0  3127010  0  0  0  0  0  0  0  0  0  15  0  0  0  0  0  41  0  731881  0  0  0  0  0 
1441638421  0  0  0  0  0  0  0  0  0  3686236  0  0  0  0  0  0  0  0  0  21  0  0  0  0  0  46  0  559226  0  0  0  0  0 
1441638422  0  0  0  0  0  0  0  0  0  3794655  0  0  0  0  0  0  0  0  0  21  0  0  0  0  0  46  0  108419  0  0  0  0  0 
1441638422  0  0  0  0  0  0  0  0  0  3794655  0  0  0  0  0  0  0  0  0  21  0  0  0  0  0  46  0  0  0  0  0  0  0 
1441638423  0  0  0  0  0  0  0  0  0  3794655  0  0  0  0  0  0  0  0  0  21  0  0  0  0  0  46  0  0  0  0  0  0  0 
1441638423  0  0  0  0  0  0  0  0  0  3794655  0  0  0  0  0  0  0  0  0  21  0  0  0  0  0  46  0  0  0  0  0  0  0 
1441638424  0  0  0  0  0  0  0  0  0  3794655  0  0  0  0  0  0  0  0  0  21  0  0  0  0  0  46  0  0  0  0  0  0  0 
1441638424  0  0  0  0  0  0  0  0  0  3794655  0  0  0  0  0  0  0  0  0  21  0  0  0  0  0  46  0  0  0  0  0  0  0 
1441638425  0  0  0  0  0  0  0  0  0  3794655  0  0  0  0  0  0  0  0  0  21  0  0  0  0  0  46  0  0  0  0  0  0  0 
1441638425  0  0  0  0  0  0  0  0  0  3794655  0  0  0  0  0  0  0  0  0  21  0  0  0  0  0  46  0  0  0  0  0  0  0 
1441638426  0  0  0  0  0  0  0  0  0  3794655  0  0  0  0  0  0  0  0  0  21  0  0  0  0  0  46  0  0  0  0  0  0  0 
1441638426  0  0  0  0  0  0  0  0  0  3794655  0  0  0  0  0  0  0  0  0  21  0  0  0  0  0  46  0  0  0  0  0  0  0 
1441638427  0  0  0  0  0  0  0  0  0  3794655  0  0  0  0  0  0  0  0  0  21  0  0  0  0  0  46  0  0  0  0  0  0  0 
1441638427  0  0  0  0  0  0  0  0  0  3794655  0  0  0  0  0  0  0  0  0  21  0  0  0  0  0  46  0  0  0  0  0  0  0 
1441638428  0  0  0  0  0  0  0  0  0  3794655  0  0  0  0  0  0  0  0  0  21  0  0  0  0  0  46  0  0  0  0  0  0  0 
1441638428  0  0  0  0  0  0  0  0  0  3794655  0  0  0  0  0  0  0  0  0  21  0  0  0  0  0  46  0  0  0  0  0  0  0 
1441638429  0  0  0  0  0  0  0  0  0  3794655  0  0  0  0  0  0  0  0  0  21  0  0  0  0  0  46  0  0  0  0  0  0  0 
1441638429  0  0  0  0  0  0  0  0  0  3794655  0  0  0  0  0  0  0  0  0  21  0  0  0  0  0  46  0  0  0  0  0  0  0 
1441638430  0  0  0  0  0  0  0  0  0  3794655  0  0  0  0  0  0  0  0  0  21  0  0  0  0  0  46  0  0  0  0  0  0  0 
1441638430  0  0  0  0  0  0  0  0  0  3794655  0  0  0  0  0  0  0  0  0  21  0  0  0  0  0  46  0  0  0  0  0  0  0 
1441638431  0  0  0  0  0  0  0  0  0  3794655  0  0  0  0  0  0  0  0  0  21  0  0  0  0  0  46  0  0  0  0  0  0  0 
1441638431  0  0  0  0  0  0  0  0  0  3794655  0  0  0  0  0  0  0  0  0  21  0  0  0  0  0  46  0  0  0  0  0  0  0 
1441638432  0  0  0  0  0  0  0  0  0  3794655  0  0  0  0  0  0  0  0  0  21  0  0  0  0  0  46  0  0  0  0  0  0  0 
1441638432  0  0  0  0  0  0  0  0  0  3794655  0  0  0  0  0  0  0  0  0  21  0  0  0  0  0  46  0  0  0  0  0  0  0 
1441638433  0  0  0  0  0  0  0  0  0  3794655  0  0  0  0  0  0  0  0  0  21  0  0  0  0  0  46  0  0  0  0  0  0  0 
1441638433  0  0  0  0  0  0  0  0  0  3794655  0  0  0  0  0  0  0  0  0  21  0  0  0  0  0  46  0  0  0  0  0  0  0 
1441638434  0  0  0  0  0  0  0  0  0  3794655  0  0  0  0  0  0  0  0  0  21  0  0  0  0  0  46  0  0  0  0  0  0  0 
1441638434  0  0  0  0  0  0  0  0  0  3794655  0  0  0  0  0  0  0  0  0  21  0  0  0  0  0  46  0  0  0  0  0  0  0 
1441638435  0  0  0  0  0  0  0  0  0  3794655  0  0  0  0  0  0  0  0  0  21  0  0  0  0  0  46  0  0  0  0  0  0  0 
1441638435  0  0  0  0  0  0  0  0  0  3794655  0  0  0  0  0  0  0  0  0  21  0  0  0  0  0  46  0  0  0  0  0  0  0 
1441638436  0  0  0  0  0  0  0  0  0  3794655  0  0  0  0  0  0  0  0  0  21  0  0  0  0  0  46  0  0  0  0  0  0  0 
1441638436  0  0  0  0  0  0  0  0  0  3794655  0  0  0  0  0  0  0  0  0  21  0  0  0  0  0  46  0  0  0  0  0  0  0 
1441638437  0  0  0  0  0  0  0  0  0  3794655  0  0  0  0  0  0  0  0  0  21  0  0  0  0  0  46  0  0  0  0  0  0  0 
1441638437  0  0  0  0  0  0  0  0  0  3794655  0  0  0  0  0  0  0  0  0  21  0  0  0  0  0  46  0  0  0  0  0  0  0 
1441638438  0  0  0  0  0  0  0  0  0  3794655  0  0  0  0  0  0  0  0  0  21  0  0  0  0  0  46  0  0  0  0  0  0  0 
1441638438  0  0  0  0  0  0  0  0  0  3794655  0  0  0  0  0  0  0  0  0  21  0  0  0  0  0  46  0  0  0  0  0  0  0 
1441638439  0  0  0  0  0  0  0  0  0  3794655  0  0  0  0  0  0  0  0  0  21  0  0  0  0  0  46  0  0  0  0  0  0  0 
1441638439  0  0  0  0  0  0  0  0  0  3794655  0  0  0  0  0  0  0  0  0  21  0  0  0  0  0  46  0  0  0  0  0  0  0 
1441638440  0  0  0  0  0  0  0  0  0  3794655  0  0  0  0  0  0  0  0  0  21  0  0  0  0  0  46  0  0  0  0  0  0  0 
1441638441  0  0  0  0  0  0  0  0  0  3794655  0  0  0  0  0  0  0  0  0  21  0  0  0  0  0  46  0  0  0  0  0  0  0 
1441638441  0  0  0  0  0  0  0  0  0  3794655  0  0  0  0  0  0  0  0  0  21  0  0  0  0  0  46  0  0  0  0  0  0  0 
1441638442  0  0  0  0  0  0  0  0  0  3794655  0  0  0  0  0  0  0  0  0  21  0  0  0  0  0  46  0  0  0  0  0  0  0 
1441638442  0  0  0  0  0  0  0  0  0  3794655  0  0  0  0  0  0  0  0  0  21  0  0  0  0  0  46  0  0  0  0  0  0  0 
1441638443  0  0  0  0  0  0  0  0  0  3794655  0  0  0  0  0  0  0  0  0  21  0  0  0  0  0  46  0  0  0  0  0  0  0 
1441638443  0  0  0  0  0  0  0  0  0  3794655  0  0  0  0  0  0  0  0  0  21  0  0  0  0  0  46  0  0  0  0  0  0  0 
1441638444  0  0  0  0  0  0  0  0  0  3794655  0  0  0  0  0  0  0  0  0  21  0  0  0  0  0  46  0  0  0  0  0  0  0 
1441638444  0  0  0  0  0  0  0  0  0  3794655  0  0  0  0  0  0  0  0  0  21  0  0  0  0  0  46  0  0  0  0  0  0  0 
1441638445  0  0  0  0  0  0  0  0  0  3794655  0  0  0  0  0  0  0  0  0  21  0  0  0  0  0  46  0  0  0  0  0  0  0 
1441638445  0  0  0  0  0  0  0  0  0  3794655  0  0  0  0  0  0  0  0  0  21  0  0  0  0  0  46  0  0  0  0  0  0  0 
1441638446  0  0  0  0  0  0  0  0  0  3794655  0  0  0  0  0  0  0  0  0  21  0  0  0  0  0  46  0  0  0  0  0  0  0 
1441638446  0  0  0  0  0  0  0  0  0  3794655  0  0  0  0  0  0  0  0  0  21  0  0  0  0  0  46  0  0  0  0  0  0  0 
1441638447  0  0  0  0  0  0  0  0  0  3794655  0  0  0  0  0  0  0  0  0  21  0  0  0  0  0  46  0  0  0  0  0  0  0 
1441638447  0  0  0  0  0  0  0  0  0  3794655  0  0  0  0  0  0  0  0  0  21  0  0  0  0  0  46  0  0  0  0  0  0  0 
1441638448  0  0  0  0  0  0  0  0  0  3794655  0  0  0  0  0  0  0  0  0  21  0  0  0  0  0  46  0  0  0  0  0  0  0 
1441638448  0  0  0  0  0  0  0  0  0  3794655  0  0  0  0  0  0  0  0  0  21  0  0  0  0  0  46  0  0  0  0  0  0  0 
1441638449  0  0  0  0  0  0  0  0  0  3794655  0  0  0  0  0  0  0  0  0  21  0  0  0  0  0  46  0  0  0  0  0  0  0 
1441638449  0  0  0  0  0  0  0  0  0  3794655  0  0  0  0  0  0  0  0  0  21  0  0  0  0  0  46  0  0  0  0  0  0  0 
1441638450  0  0  0  0  0  0  0  0  0  3794655  0  0  0  0  0  0  0  0  0  21  0  0  0  0  0  46  0  0  0  0  0  0  0 
1441638450  0  0  0  0  0  0  0  0  0  3794655  0  0  0  0  0  0  0  0  0  21  0  0  0  0  0  46  0  0  0  0  0  0  0 
1441638451  0  0  0  0  0  0  0  0  0  3794655  0  0  0  0  0  0  0  0  0  21  0  0  0  0  0  46  0  0  0  0  0  0  0 
1441638451  0  0  0  0  0  0  0  0  0  3794655  0  0  0  0  0  0  0  0  0  21  0  0  0  0  0  46  0  0  0  0  0  0  0 
1441638452  0  0  0  0  0  0  0  0  0  3794655  0  0  0  0  0  0  0  0  0  21  0  0  0  0  0  46  0  0  0  0  0  0  0 
1441638452  0  0  0  0  0  0  0  0  0  3794655  0  0  0  0  0  0  0  0  0  21  0  0  0  0  0  46  0  0  0  0  0  0  0 
1441638453  0  0  0  0  0  0  0  0  0  3794655  0  0  0  0  0  0  0  0  0  21  0  0  0  0  0  46  0  0  0  0  0  0  0 
1441638453  0  0  0  0  0  0  0  0  0  3794655  0  0  0  0  0  0  0  0  0  21  0  0  0  0  0  46  0  0  0  0  0  0  0 
1441638454  0  0  0  0  0  0  0  0  0  3794655  0  0  0  0  0  0  0  0  0  21  0  0  0  0  0  46  0  0  0  0  0  0  0 
1441638454  0  0  0  0  0  0  0  0  0  3794655  0  0  0  0  0  0  0  0  0  21  0  0  0  0  0  46  0  0  0  0  0  0  0 
1441638455  0  0  0  0  0  0  0  0  0  3794655  0  0  0  0  0  0  0  0  0  21  0  0  0  0  0  46  0  0  0  0  0  0  0 
1441638455  0  0  0  0  0  0  0  0  0  3794655  0  0  0  0  0  0  0  0  0  21  0  0  0  0  0  46  0  0  0  0  0  0  0 
1441638456  0  0  0  0  0  0  0  0  0  3794655  0  0  0  0  0  0  0  0  0  21  0  0  0  0  0  46  0  0  0  0  0  0  0 
1441638456  0  0  0  0  0  0  0  0  0  3794655  0  0  0  0  0  0  0  0  0  21  0  0  0  0  0  46  0  0  0  0  0  0  0 
1441638457  0  0  0  0  0  0  0  0  0  3794655  0  0  0  0  0  0  0  0  0  21  0  0  0  0  0  46  0  0  0  0  0  0  0 
1441638457  0  0  0  0  0  0  0  0  0  3794655  0  0  0  0  0  0  0  0  0  21  0  0  0  0  0  46  0  0  0  0  0  0  0 
1441638458  0  0  0  0  0  0  0  0  0  3794655  0  0  0  0  0  0  0  0  0  21  0  0  0  0  0  46  0  0  0  0  0  0  0 
1441638458  0  0  0  0  0  0  0  0  0  3794655  0  0  0  0  0  0  0  0  0  21  0  0  0  0  0  46  0  0  0  0  0  0  0 
1441638459  0  0  0  0  0  0  0  0  0  3794655  0  0  0  0  0  0  0  0  0  21  0  0  0  0  0  46  0  0  0  0  0  0  0 
1441638459  0  0  0  0  0  0  0  0  0  3794655  0  0  0  0  0  0  0  0  0  21  0  0  0  0  0  46  0  0  0  0  0  0  0 
1441638460  0  0  0  0  0  0  0  0  0  3794655  0  0  0  0  0  0  0  0  0  21  0  0  0  0  0  46  0  0  0  0  0  0  0 
1441638460  0  0  0  0  0  0  0  0  0  3794655  0  0  0  0  0  0  0  0  0  21  0  0  0  0  0  46  0  0  0  0  0  0  0 
1441638461  0  0  0  0  0  0  0  0  0  3794655  0  0  0  0  0  0  0  0  0  21  0  0  0  0  0  46  0  0  0  0  0  0  0 
1441638461  0  0  0  0  0  0  0  0  0  3794655  0  0  0  0  0  0  0  0  0  21  0  0  0  0  0  46  0  0  0  0  0  0  0 
1441638462  0  0  0  0  0  0  0  0  0  3794655  0  0  0  0  0  0  0  0  0  21  0  0  0  0  0  46  0  0  0  0  0  0  0 
1441638462  0  0  0  0  0  0  0  0  0  3794655  0  0  0  0  0  0  0  0  0  21  0  0  0  0  0  46  0  0  0  0  0  0  0 
1441638463  0  0  0  0  0  0  0  0  0  3794655  0  0  0  0  0  0  0  0  0  21  0  0  0  0  0  46  0  0  0  0  0  0  0 
1441638463  0  0  0  0  0  0  0  0  0  3794655  0  0  0  0  0  0  0  0  0  21  0  0  0  0  0  46  0  0  0  0  0  0  0 
1441638464  0  0  0  0  0  0  0  0  0  3794655  0  0  0  0  0  0  0  0  0  21  0  0  0  0  0  46  0  0  0  0  0  0  0 
1441638464  0  0  0  0  0  0  0  0  0  3794655  0  0  0  0  0  0  0  0  0  21  0  0  0  0  0  46  0  0  0  0  0  0  0 
1441638465  0  0  0  0  0  0  0  0  0  3794655  0  0  0  0  0  0  0  0  0  21  0  0  0  0  0  46  0  0  0  0  0  0  0 
1441638465  0  0  0  0  0  0  0  0  0  3794655  0  0  0  0  0  0  0  0  0  21  0  0  0  0  0  46  0  0  0  0  0  0  0 
1441638466  0  0  0  0  0  0  0  0  0  3794655  0  0  0  0  0  0  0  0  0  21  0  0  0  0  0  46  0  0  0  0  0  0  0 
1441638466  0  0  0  0  0  0  0  0  0  3794655  0  0  0  0  0  0  0  0  0  21  0  0  0  0  0  46  0  0  0  0  0  0  0 
1441638467  0  0  0  0  0  0  0  0  0  3794655  0  0  0  0  0  0  0  0  0  21  0  0  0  0  0  46  0  0  0  0  0  0  0 
1441638467  0  0  0  0  0  0  0  0  0  3794655  0  0  0  0  0  0  0  0  0  21  0  0  0  0  0  46  0  0  0  0  0  0  0 
1441638468  0  0  0  0  0  0  0  0  0  3794655  0  0  0  0  0  0  0  0  0  21  0  0  0  0  0  46  0  0  0  0  0  0  0 
1441638468  0  0  0  0  0  0  0  0  0  3794655  0  0  0  0  0  0  0  0  0  21  0  0  0  0  0  46  0  0  0  0  0  0  0 
1441638469  0  0  0  0  0  0  0  0  0  3794655  0  0  0  0  0  0  0  0  0  21  0  0  0  0  0  46  0  0  0  0  0  0  0 
1441638470  0  0  0  0  0  0  0  0  0  3794655  0  0  0  0  0  0  0  0  0  21  0  0  0  0  0  46  0  0  0  0  0  0  0 
1441638470  0  0  0  0  0  0  0  0  0  3794655  0  0  0  0  0  0  0  0  0  21  0  0  0  0  0  46  0  0  0  0  0  0  0 
1441638471  0  0  0  0  0  0  0  0  0  3794655  0  0  0  0  0  0  0  0  0  21  0  0  0  0  0  46  0  0  0  0  0  0  0 
1441638471  0  0  0  0  0  0  0  0  0  3794655  0  0  0  0  0  0  0  0  0  21  0  0  0  0  0  46  0  0  0  0  0  0  0 
1441638472  0  0  0  0  0  0  0  0  0  3794655  0  0  0  0  0  0  0  0  0  21  0  0  0  0  0  46  0  0  0  0  0  0  0 
1441638472  0  0  0  0  0  0  0  0  0  3794655  0  0  0  0  0  0  0  0  0  21  0  0  0  0  0  46  0  0  0  0  0  0  0 
1441638473  0  0  0  0  0  0  0  0  0  3794655  0  0  0  0  0  0  0  0  0  21  0  0  0  0  0  46  0  0  0  0  0  0  0 
1441638473  0  0  0  0  0  0  0  0  0  3794655  0  0  0  0  0  0  0  0  0  21  0  0  0  0  0  46  0  0  0  0  0  0  0 
1441638474  0  0  0  0  0  0  0  0  0  3794655  0  0  0  0  0  0  0  0  0  21  0  0  0  0  0  46  0  0  0  0  0  0  0 
1441638474  0  0  0  0  0  0  0  0  0  3799739  0  0  0  0  0  0  0  0  0  21  0  0  0  0  0  47  0  5084  0  0  0  0  0 
1441638475  0  0  0  0  0  0  0  0  0  3799739  0  0  0  0  0  0  0  0  0  21  0  0  0  0  0  47  0  0  0  0  0  0  0 
1441638475  0  0  0  0  0  0  0  0  0  3799739  0  0  0  0  0  0  0  0  0  21  0  0  0  0  0  47  0  0  0  0  0  0  0 
1441638476  0  0  0  0  0  0  0  0  0  3799739  0  0  0  0  0  0  0  0  0  21  0  0  0  0  0  47  0  0  0  0  0  0  0 
1441638476  0  0  0  0  0  0  0  0  0  3799739  0  0  0  0  0  0  0  0  0  21  0  0  0  0  0  47  0  0  0  0  0  0  0 
1441638477  0  0  0  0  0  0  0  0  0  3799739  0  0  0  0  0  0  0  0  0  21  0  0  0  0  0  47  0  0  0  0  0  0  0 
1441638477  0  0  0  0  0  0  0  0  0  3799739  0  0  0  0  0  0  0  0  0  21  0  0  0  0  0  47  0  0  0  0  0  0  0 
1441638478  0  0  0  0  0  0  0  0  0  3799739  0  0  0  0  0  0  0  0  0  21  0  0  0  0  0  47  0  0  0  0  0  0  0 
1441638478  0  0  0  0  0  0  0  0  0  3799739  0  0  0  0  0  0  0  0  0  21  0  0  0  0  0  47  0  0  0  0  0  0  0 
1441638479  0  0  0  0  0  0  0  0  0  3799739  0  0  0  0  0  0  0  0  0  21  0  0  0  0  0  47  0  0  0  0  0  0  0 
1441638479  0  0  0  0  0  0  0  0  0  3799739  0  0  0  0  0  0  0  0  0  21  0  0  0  0  0  47  0  0  0  0  0  0  0 
1441638480  0  0  0  0  0  0  0  0  0  3799739  0  0  0  0  0  0  0  0  0  21  0  0  0  0  0  47  0  0  0  0  0  0  0 
1441638480  0  0  0  0  0  0  0  0  0  3799739  0  0  0  0  0  0  0  0  0  21  0  0  0  0  0  47  0  0  0  0  0  0  0 
1441638481  0  0  0  0  0  0  0  0  0  3799739  0  0  0  0  0  0  0  0  0  21  0  0  0  0  0  47  0  0  0  0  0  0  0 
1441638481  0  0  0  0  0  0  0  0  0  3799739  0  0  0  0  0  0  0  0  0  21  0  0  0  0  0  47  0  0  0  0  0  0  0 
1441638482  0  0  0  0  0  0  0  0  0  3799739  0  0  0  0  0  0  0  0  0  21  0  0  0  0  0  47  0  0  0  0  0  0  0 
1441638482  0  0  0  0  0  0  0  0  0  3799739  0  0  0  0  0  0  0  0  0  21  0  0  0  0  0  47  0  0  0  0  0  0  0 
1441638483  0  0  0  0  0  0  0  0  0  3799739  0  0  0  0  0  0  0  0  0  21  0  0  0  0  0  47  0  0  0  0  0  0  0 
1441638483  0  0  0  0  0  0  0  0  0  3799739  0  0  0  0  0  0  0  0  0  21  0  0  0  0  0  47  0  0  0  0  0  0  0 
1441638484  0  0  0  0  0  0  0  0  0  3802694  0  0  0  0  0  0  0  0  0  21  0  0  0  0  0  48  0  2955  0  0  0  0  0 
1441638484  0  0  0  0  0  0  0  0  0  3802694  0  0  0  0  0  0  0  0  0  21  0  0  0  0  0  48  0  0  0  0  0  0  0 
1441638485  0  0  0  0  0  0  0  0  0  3802694  0  0  0  0  0  0  0  0  0  21  0  0  0  0  0  48  0  0  0  0  0  0  0 
1441638485  0  0  0  0  0  0  0  0  0  3802694  0  0  0  0  0  0  0  0  0  21  0  0  0  0  0  48  0  0  0  0  0  0  0 
1441638486  0  0  0  0  0  0  0  0  0  3802694  0  0  0  0  0  0  0  0  0  21  0  0  0  0  0  48  0  0  0  0  0  0  0 
1441638486  0  0  0  0  0  0  0  0  0  3802694  0  0  0  0  0  0  0  0  0  21  0  0  0  0  0  48  0  0  0  0  0  0  0 
1441638487  0  0  0  0  0  0  0  0  0  3802694  0  0  0  0  0  0  0  0  0  21  0  0  0  0  0  48  0  0  0  0  0  0  0 
1441638487  0  0  0  0  0  0  0  0  0  3802694  0  0  0  0  0  0  0  0  0  21  0  0  0  0  0  48  0  0  0  0  0  0  0 
1441638488  0  0  0  0  0  0  0  0  0  3802694  0  0  0  0  0  0  0  0  0  21  0  0  0  0  0  48  0  0  0  0  0  0  0 
1441638488  0  0  0  0  0  0  0  0  0  3802694  0  0  0  0  0  0  0  0  0  21  0  0  0  0  0  48  0  0  0  0  0  0  0 
1441638489  0  0  0  0  0  0  0  0  0  3802694  0  0  0  0  0  0  0  0  0  21  0  0  0  0  0  48  0  0  0  0  0  0  0 
1441638489  0  0  0  0  0  0  0  0  0  3802694  0  0  0  0  0  0  0  0  0  21  0  0  0  0  0  48  0  0  0  0  0  0  0 
1441638490  0  0  0  0  0  0  0  0  0  3802694  0  0  0  0  0  0  0  0  0  21  0  0  0  0  0  48  0  0  0  0  0  0  0 
1441638490  0  0  0  0  0  0  0  0  0  3802694  0  0  0  0  0  0  0  0  0  21  0  0  0  0  0  48  0  0  0  0  0  0  0 
1441638491  0  0  0  0  0  0  0  0  0  3802694  0  0  0  0  0  0  0  0  0  21  0  0  0  0  0  48  0  0  0  0  0  0  0 
1441638491  0  0  0  0  0  0  0  0  0  3802694  0  0  0  0  0  0  0  0  0  21  0  0  0  0  0  48  0  0  0  0  0  0  0 
1441638492  0  0  0  0  0  0  0  0  0  3802694  0  0  0  0  0  0  0  0  0  21  0  0  0  0  0  48  0  0  0  0  0  0  0 
1441638492  0  0  0  0  0  0  0  0  0  3802694  0  0  0  0  0  0  0  0  0  21  0  0  0  0  0  48  0  0  0  0  0  0  0 
1441638493  0  0  0  0  0  0  0  0  0  3802694  0  0  0  0  0  0  0  0  0  21  0  0  0  0  0  48  0  0  0  0  0  0  0 
1441638493  0  0  0  0  0  0  0  0  0  3802694  0  0  0  0  0  0  0  0  0  21  0  0  0  0  0  48  0  0  0  0  0  0  0 
1441638494  0  0  0  0  0  0  0  0  0  3804987  0  0  0  0  0  0  0  0  0  21  0  0  0  0  0  49  0  2293  0  0  0  0  0 
1441638494  0  0  0  0  0  0  0  0  0  3804987  0  0  0  0  0  0  0  0  0  21  0  0  0  0  0  49  0  0  0  0  0  0  0 
1441638495  0  0  0  0  0  0  0  0  0  3804987  0  0  0  0  0  0  0  0  0  21  0  0  0  0  0  49  0  0  0  0  0  0  0 
1441638495  0  0  0  0  0  0  0  0  0  3804987  0  0  0  0  0  0  0  0  0  21  0  0  0  0  0  49  0  0  0  0  0  0  0 
1441638496  0  0  0  0  0  0  0  0  0  3804987  0  0  0  0  0  0  0  0  0  21  0  0  0  0  0  49  0  0  0  0  0  0  0 
1441638496  0  0  0  0  0  0  0  0  0  3804987  0  0  0  0  0  0  0  0  0  21  0  0  0  0  0  49  0  0  0  0  0  0  0 
1441638497  0  0  0  0  0  0  0  0  0  3804987  0  0  0  0  0  0  0  0  0  21  0  0  0  0  0  49  0  0  0  0  0  0  0 
1441638497  0  0  0  0  0  0  0  0  0  3804987  0  0  0  0  0  0  0  0  0  21  0  0  0  0  0  49  0  0  0  0  0  0  0 
1441638498  0  0  0  0  0  0  0  0  0  3804987  0  0  0  0  0  0  0  0  0  21  0  0  0  0  0  49  0  0  0  0  0  0  0 
1441638498  0  0  0  0  0  0  0  0  0  3804987  0  0  0  0  0  0  0  0  0  21  0  0  0  0  0  49  0  0  0  0  0  0  0 
1441638499  0  0  0  0  0  0  0  0  0  3804987  0  0  0  0  0  0  0  0  0  21  0  0  0  0  0  49  0  0  0  0  0  0  0 
1441638499  0  0  0  0  0  0  0  0  0  3804987  0  0  0  0  0  0  0  0  0  21  0  0  0  0  0  49  0  0  0  0  0  0  0 
1441638500  0  0  0  0  0  0  0  0  0  3804987  0  0  0  0  0  0  0  0  0  21  0  0  0  0  0  49  0  0  0  0  0  0  0 
1441638500  0  0  0  0  0  0  0  0  0  3804987  0  0  0  0  0  0  0  0  0  21  0  0  0  0  0  49  0  0  0  0  0  0  0 
1441638501  0  0  0  0  0  0  0  0  0  3804987  0  0  0  0  0  0  0  0  0  21  0  0  0  0  0  49  0  0  0  0  0  0  0 
1441638501  0  0  0  0  0  0  0  0  0  3804987  0  0  0  0  0  0  0  0  0  21  0  0  0  0  0  49  0  0  0  0  0  0  0 
1441638502  0  0  0  0  0  0  0  0  0  3804987  0  0  0  0  0  0  0  0  0  21  0  0  0  0  0  49  0  0  0  0  0  0  0 
1441638502  0  0  0  0  0  0  0  0  0  3804987  0  0  0  0  0  0  0  0  0  21  0  0  0  0  0  49  0  0  0  0  0  0  0 
1441638503  0  0  0  0  0  0  0  0  0  3804987  0  0  0  0  0  0  0  0  0  21  0  0  0  0  0  49  0  0  0  0  0  0  0 
1441638503  0  0  0  0  0  0  0  0  0  3807975  0  0  0  0  0  0  0  0  0  21  0  0  0  0  0  50  0  2988  0  0  0  0  0 
1441638504  0  0  0  0  0  0  0  0  0  3807975  0  0  0  0  0  0  0  0  0  21  0  0  0  0  0  50  0  0  0  0  0  0  0 
1441638504  0  0  0  0  0  0  0  0  0  3807975  0  0  0  0  0  0  0  0  0  21  0  0  0  0  0  50  0  0  0  0  0  0  0 
1441638505  0  0  0  0  0  0  0  0  0  3807975  0  0  0  0  0  0  0  0  0  21  0  0  0  0  0  50  0  0  0  0  0  0  0 
1441638505  0  0  0  0  0  0  0  0  0  3807975  0  0  0  0  0  0  0  0  0  21  0  0  0  0  0  50  0  0  0  0  0  0  0 
1441638506  0  0  0  0  0  0  0  0  0  3807975  0  0  0  0  0  0  0  0  0  21  0  0  0  0  0  50  0  0  0  0  0  0  0 
1441638507  0  0  0  0  0  0  0  0  0  3807975  0  0  0  0  0  0  0  0  0  21  0  0  0  0  0  50  0  0  0  0  0  0  0 
1441638507  0  0  0  0  0  0  0  0  0  3807975  0  0  0  0  0  0  0  0  0  21  0  0  0  0  0  50  0  0  0  0  0  0  0 
1441638508  0  0  0  0  0  0  0  0  0  3807975  0  0  0  0  0  0  0  0  0  21  0  0  0  0  0  50  0  0  0  0  0  0  0 
1441638508  0  0  0  0  0  0  0  0  0  3807975  0  0  0  0  0  0  0  0  0  21  0  0  0  0  0  50  0  0  0  0  0  0  0 
1441638509  0  0  0  0  0  0  0  0  0  3807975  0  0  0  0  0  0  0  0  0  21  0  0  0  0  0  50  0  0  0  0  0  0  0 
1441638509  0  0  0  0  0  0  0  0  0  3807975  0  0  0  0  0  0  0  0  0  21  0  0  0  0  0  50  0  0  0  0  0  0  0 
1441638510  0  0  0  0  0  0  0  0  0  3807975  0  0  0  0  0  0  0  0  0  21  0  0  0  0  0  50  0  0  0  0  0  0  0 
1441638510  0  0  0  0  0  0  0  0  0  3807975  0  0  0  0  0  0  0  0  0  21  0  0  0  0  0  50  0  0  0  0  0  0  0 
1441638511  0  0  0  0  0  0  0  0  0  3807975  0  0  0  0  0  0  0  0  0  21  0  0  0  0  0  50  0  0  0  0  0  0  0 
1441638511  0  0  0  0  0  0  0  0  0  3807975  0  0  0  0  0  0  0  0  0  21  0  0  0  0  0  50  0  0  0  0  0  0  0 
1441638512  0  0  0  0  0  0  0  0  0  3807975  0  0  0  0  0  0  0  0  0  21  0  0  0  0  0  50  0  0  0  0  0  0  0 
1441638512  0  0  0  0  0  0  0  0  0  3807975  0  0  0  0  0  0  0  0  0  21  0  0  0  0  0  50  0  0  0  0  0  0  0 
1441638513  0  0  0  0  0  0  0  0  0  3807975  0  0  0  0  0  0  0  0  0  21  0  0  0  0  0  50  0  0  0  0  0  0  0 
1441638513  0  0  0  0  0  0  0  0  0  3807975  0  0  0  0  0  0  0  0  0  21  0  0  0  0  0  50  0  0  0  0  0  0  0 
1441638514  0  0  0  0  0  0  0  0  0  3810400  0  0  0  0  0  0  0  0  0  21  0  0  0  0  0  51  0  2425  0  0  0  0  0 
1441638514  0  0  0  0  0  0  0  0  0  3810400  0  0  0  0  0  0  0  0  0  21  0  0  0  0  0  51  0  0  0  0  0  0  0 
1441638515  0  0  0  0  0  0  0  0  0  3810400  0  0  0  0  0  0  0  0  0  21  0  0  0  0  0  51  0  0  0  0  0  0  0 
1441638515  0  0  0  0  0  0  0  0  0  3810400  0  0  0  0  0  0  0  0  0  21  0  0  0  0  0  51  0  0  0  0  0  0  0 
1441638516  0  0  0  0  0  0  0  0  0  3810400  0  0  0  0  0  0  0  0  0  21  0  0  0  0  0  51  0  0  0  0  0  0  0 
1441638516  0  0  0  0  0  0  0  0  0  3810400  0  0  0  0  0  0  0  0  0  21  0  0  0  0  0  51  0  0  0  0  0  0  0 
1441638517  0  0  0  0  0  0  0  0  0  3810400  0  0  0  0  0  0  0  0  0  21  0  0  0  0  0  51  0  0  0  0  0  0  0 
1441638517  0  0  0  0  0  0  0  0  0  3810400  0  0  0  0  0  0  0  0  0  21  0  0  0  0  0  51  0  0  0  0  0  0  0 
1441638518  0  0  0  0  0  0  0  0  0  3810400  0  0  0  0  0  0  0  0  0  21  0  0  0  0  0  51  0  0  0  0  0  0  0 
1441638518  0  0  0  0  0  0  0  0  0  3810400  0  0  0  0  0  0  0  0  0  21  0  0  0  0  0  51  0  0  0  0  0  0  0 
1441638519  0  0  0  0  0  0  0  0  0  3810400  0  0  0  0  0  0  0  0  0  21  0  0  0  0  0  51  0  0  0  0  0  0  0 
1441638519  0  0  0  0  0  0  0  0  0  3810400  0  0  0  0  0  0  0  0  0  21  0  0  0  0  0  51  0  0  0  0  0  0  0 
1441638520  0  0  0  0  0  0  0  0  0  3810400  0  0  0  0  0  0  0  0  0  21  0  0  0  0  0  51  0  0  0  0  0  0  0 
1441638520  0  0  0  0  0  0  0  0  0  3810400  0  0  0  0  0  0  0  0  0  21  0  0  0  0  0  51  0  0  0  0  0  0  0 
1441638521  0  0  0  0  0  0  0  0  0  3810400  0  0  0  0  0  0  0  0  0  21  0  0  0  0  0  51  0  0  0  0  0  0  0 
1441638521  0  0  0  0  0  0  0  0  0  3810400  0  0  0  0  0  0  0  0  0  21  0  0  0  0  0  51  0  0  0  0  0  0  0 
1441638522  0  0  0  0  0  0  0  0  0  3810400  0  0  0  0  0  0  0  0  0  21  0  0  0  0  0  51  0  0  0  0  0  0  0 
1441638522  0  0  0  0  0  0  0  0  0  3810400  0  0  0  0  0  0  0  0  0  21  0  0  0  0  0  51  0  0  0  0  0  0  0 
1441638523  0  0  0  0  0  0  0  0  0  3810400  0  0  0  0  0  0  0  0  0  21  0  0  0  0  0  51  0  0  0  0  0  0  0 
1441638523  0  0  0  0  0  0  0  0  0  3810400  0  0  0  0  0  0  0  0  0  21  0  0  0  0  0  51  0  0  0  0  0  0  0 
1441638524  0  0  0  0  0  0  0  0  0  3810400  0  0  0  0  0  0  0  0  0  21  0  0  0  0  0  51  0  0  0  0  0  0  0 
1441638524  0  0  0  0  0  0  0  0  0  3863825  0  0  0  0  0  0  0  0  0  23  0  0  0  0  0  55  0  53425  0  0  0  0  0 
1441638525  0  0  0  0  0  0  0  0  0  3893065  0  0  0  0  0  0  0  0  0  25  0  0  0  0  0  64  0  29240  0  0  0  0  0 
1441638525  0  0  0  0  0  0  0  0  0  3893065  0  0  0  0  0  0  0  0  0  25  0  0  0  0  0  64  0  0  0  0  0  0  0 
1441638526  0  0  0  0  0  0  0  0  0  3893065  0  0  0  0  0  0  0  0  0  25  0  0  0  0  0  64  0  0  0  0  0  0  0 
