#Type:X;CI:2;ww:0;ca:0;co:1;fr:0;Type:X;CI:2;PI:0;PT:EP;U0:0;U1:0;
#time  Pp  gt  gs  cn  cm  cb  Nc  Pc  cp  Tc  Nm  pr  ps  pt  px  pd  Pm  Om  fs  ft  Oc  Em  Gp  Ec  Ge  ot  os  Total_cycles_diff  Successful_get_diff  Total_get_diff  succ_put_diff  total_put_diff  get_hit  
1441331094  0  0  0  0  0  0  0  0  0  68437  0  0  0  0  0  0  0  0  0  0  0  0  0  0  0  0  0  68437  0  0  0  0  
1441331095  0  0  0  0  0  0  0  0  0  831632  0  0  0  0  0  0  0  0  0  0  0  0  0  0  0  0  0  763195  0  0  0  0  0 
1441331095  0  0  0  0  0  0  0  0  0  1353175  0  0  0  0  0  0  0  0  0  0  0  0  0  0  0  0  0  521543  0  0  0  0  0 
1441331096  0  0  0  0  0  0  0  0  0  1561288  0  0  0  0  0  0  0  0  0  0  0  0  0  0  0  0  0  208113  0  0  0  0  0 
1441331096  0  0  0  0  0  0  0  0  0  1931310  0  0  0  0  0  0  0  0  0  0  0  0  0  0  0  0  0  370022  0  0  0  0  0 
1441331097  0  0  0  0  0  0  0  0  0  2302526  0  0  0  0  0  0  0  0  0  13  0  0  0  0  0  38  0  371216  0  0  0  0  0 
1441331097  0  0  0  0  0  0  0  0  0  2302526  0  0  0  0  0  0  0  0  0  13  0  0  0  0  0  38  0  0  0  0  0  0  0 
1441331098  0  0  0  0  0  0  0  0  0  3137989  0  0  0  0  0  0  0  0  0  15  0  0  0  0  0  41  0  835463  0  0  0  0  0 
1441331098  0  0  0  0  0  0  0  0  0  3907756  0  0  0  0  0  0  0  0  0  21  0  0  0  0  0  46  0  769767  0  0  0  0  0 
1441331099  0  0  0  0  0  0  0  0  0  4096339  0  0  0  0  0  0  0  0  0  21  0  0  0  0  0  46  0  188583  0  0  0  0  0 
1441331099  0  0  0  0  0  0  0  0  0  4096339  0  0  0  0  0  0  0  0  0  21  0  0  0  0  0  46  0  0  0  0  0  0  0 
1441331100  0  0  0  0  0  0  0  0  0  4096339  0  0  0  0  0  0  0  0  0  21  0  0  0  0  0  46  0  0  0  0  0  0  0 
1441331100  0  0  0  0  0  0  0  0  0  4096339  0  0  0  0  0  0  0  0  0  21  0  0  0  0  0  46  0  0  0  0  0  0  0 
1441331101  0  0  0  0  0  0  0  0  0  4096339  0  0  0  0  0  0  0  0  0  21  0  0  0  0  0  46  0  0  0  0  0  0  0 
1441331101  0  0  0  0  0  0  0  0  0  4096339  0  0  0  0  0  0  0  0  0  21  0  0  0  0  0  46  0  0  0  0  0  0  0 
1441331102  0  0  0  0  0  0  0  0  0  4096339  0  0  0  0  0  0  0  0  0  21  0  0  0  0  0  46  0  0  0  0  0  0  0 
1441331102  0  0  0  0  0  0  0  0  0  4096339  0  0  0  0  0  0  0  0  0  21  0  0  0  0  0  46  0  0  0  0  0  0  0 
1441331103  0  0  0  0  0  0  0  0  0  4096339  0  0  0  0  0  0  0  0  0  21  0  0  0  0  0  46  0  0  0  0  0  0  0 
1441331103  0  0  0  0  0  0  0  0  0  4096339  0  0  0  0  0  0  0  0  0  21  0  0  0  0  0  46  0  0  0  0  0  0  0 
1441331104  0  0  0  0  0  0  0  0  0  4096339  0  0  0  0  0  0  0  0  0  21  0  0  0  0  0  46  0  0  0  0  0  0  0 
1441331104  0  0  0  0  0  0  0  0  0  4096339  0  0  0  0  0  0  0  0  0  21  0  0  0  0  0  46  0  0  0  0  0  0  0 
1441331105  0  0  0  0  0  0  0  0  0  4096339  0  0  0  0  0  0  0  0  0  21  0  0  0  0  0  46  0  0  0  0  0  0  0 
1441331105  0  0  0  0  0  0  0  0  0  4096339  0  0  0  0  0  0  0  0  0  21  0  0  0  0  0  46  0  0  0  0  0  0  0 
1441331106  0  0  0  0  0  0  0  0  0  4096339  0  0  0  0  0  0  0  0  0  21  0  0  0  0  0  46  0  0  0  0  0  0  0 
1441331106  0  0  0  0  0  0  0  0  0  4096339  0  0  0  0  0  0  0  0  0  21  0  0  0  0  0  46  0  0  0  0  0  0  0 
1441331107  0  0  0  0  0  0  0  0  0  4096339  0  0  0  0  0  0  0  0  0  21  0  0  0  0  0  46  0  0  0  0  0  0  0 
1441331107  0  0  0  0  0  0  0  0  0  4096339  0  0  0  0  0  0  0  0  0  21  0  0  0  0  0  46  0  0  0  0  0  0  0 
1441331108  0  0  0  0  0  0  0  0  0  4096339  0  0  0  0  0  0  0  0  0  21  0  0  0  0  0  46  0  0  0  0  0  0  0 
1441331108  0  0  0  0  0  0  0  0  0  4096339  0  0  0  0  0  0  0  0  0  21  0  0  0  0  0  46  0  0  0  0  0  0  0 
1441331109  0  0  0  0  0  0  0  0  0  4096339  0  0  0  0  0  0  0  0  0  21  0  0  0  0  0  46  0  0  0  0  0  0  0 
1441331109  0  0  0  0  0  0  0  0  0  4096339  0  0  0  0  0  0  0  0  0  21  0  0  0  0  0  46  0  0  0  0  0  0  0 
1441331110  0  0  0  0  0  0  0  0  0  4096339  0  0  0  0  0  0  0  0  0  21  0  0  0  0  0  46  0  0  0  0  0  0  0 
1441331110  0  0  0  0  0  0  0  0  0  4096339  0  0  0  0  0  0  0  0  0  21  0  0  0  0  0  46  0  0  0  0  0  0  0 
1441331111  0  0  0  0  0  0  0  0  0  4096339  0  0  0  0  0  0  0  0  0  21  0  0  0  0  0  46  0  0  0  0  0  0  0 
1441331111  0  0  0  0  0  0  0  0  0  4096339  0  0  0  0  0  0  0  0  0  21  0  0  0  0  0  46  0  0  0  0  0  0  0 
1441331112  0  0  0  0  0  0  0  0  0  4096339  0  0  0  0  0  0  0  0  0  21  0  0  0  0  0  46  0  0  0  0  0  0  0 
1441331113  0  0  0  0  0  0  0  0  0  4096339  0  0  0  0  0  0  0  0  0  21  0  0  0  0  0  46  0  0  0  0  0  0  0 
1441331113  0  0  0  0  0  0  0  0  0  4096339  0  0  0  0  0  0  0  0  0  21  0  0  0  0  0  46  0  0  0  0  0  0  0 
1441331114  0  0  0  0  0  0  0  0  0  4096339  0  0  0  0  0  0  0  0  0  21  0  0  0  0  0  46  0  0  0  0  0  0  0 
1441331114  0  0  0  0  0  0  0  0  0  4096339  0  0  0  0  0  0  0  0  0  21  0  0  0  0  0  46  0  0  0  0  0  0  0 
1441331115  0  0  0  0  0  0  0  0  0  4096339  0  0  0  0  0  0  0  0  0  21  0  0  0  0  0  46  0  0  0  0  0  0  0 
1441331115  0  0  0  0  0  0  0  0  0  4096339  0  0  0  0  0  0  0  0  0  21  0  0  0  0  0  46  0  0  0  0  0  0  0 
1441331116  0  0  0  0  0  0  0  0  0  4096339  0  0  0  0  0  0  0  0  0  21  0  0  0  0  0  46  0  0  0  0  0  0  0 
1441331116  0  0  0  0  0  0  0  0  0  4096339  0  0  0  0  0  0  0  0  0  21  0  0  0  0  0  46  0  0  0  0  0  0  0 
1441331117  0  0  0  0  0  0  0  0  0  4096339  0  0  0  0  0  0  0  0  0  21  0  0  0  0  0  46  0  0  0  0  0  0  0 
1441331117  0  0  0  0  0  0  0  0  0  4096339  0  0  0  0  0  0  0  0  0  21  0  0  0  0  0  46  0  0  0  0  0  0  0 
1441331118  0  0  0  0  0  0  0  0  0  4096339  0  0  0  0  0  0  0  0  0  21  0  0  0  0  0  46  0  0  0  0  0  0  0 
1441331118  0  0  0  0  0  0  0  0  0  4096339  0  0  0  0  0  0  0  0  0  21  0  0  0  0  0  46  0  0  0  0  0  0  0 
1441331119  0  0  0  0  0  0  0  0  0  4096339  0  0  0  0  0  0  0  0  0  21  0  0  0  0  0  46  0  0  0  0  0  0  0 
1441331119  0  0  0  0  0  0  0  0  0  4096339  0  0  0  0  0  0  0  0  0  21  0  0  0  0  0  46  0  0  0  0  0  0  0 
1441331120  0  0  0  0  0  0  0  0  0  4096339  0  0  0  0  0  0  0  0  0  21  0  0  0  0  0  46  0  0  0  0  0  0  0 
1441331120  0  0  0  0  0  0  0  0  0  4096339  0  0  0  0  0  0  0  0  0  21  0  0  0  0  0  46  0  0  0  0  0  0  0 
1441331121  0  0  0  0  0  0  0  0  0  4096339  0  0  0  0  0  0  0  0  0  21  0  0  0  0  0  46  0  0  0  0  0  0  0 
1441331121  0  0  0  0  0  0  0  0  0  4096339  0  0  0  0  0  0  0  0  0  21  0  0  0  0  0  46  0  0  0  0  0  0  0 
1441331122  0  0  0  0  0  0  0  0  0  4096339  0  0  0  0  0  0  0  0  0  21  0  0  0  0  0  46  0  0  0  0  0  0  0 
1441331122  0  0  0  0  0  0  0  0  0  4096339  0  0  0  0  0  0  0  0  0  21  0  0  0  0  0  46  0  0  0  0  0  0  0 
1441331123  0  0  0  0  0  0  0  0  0  4096339  0  0  0  0  0  0  0  0  0  21  0  0  0  0  0  46  0  0  0  0  0  0  0 
1441331123  0  0  0  0  0  0  0  0  0  4096339  0  0  0  0  0  0  0  0  0  21  0  0  0  0  0  46  0  0  0  0  0  0  0 
1441331124  0  0  0  0  0  0  0  0  0  4096339  0  0  0  0  0  0  0  0  0  21  0  0  0  0  0  46  0  0  0  0  0  0  0 
1441331124  0  0  0  0  0  0  0  0  0  4096339  0  0  0  0  0  0  0  0  0  21  0  0  0  0  0  46  0  0  0  0  0  0  0 
1441331125  0  0  0  0  0  0  0  0  0  4096339  0  0  0  0  0  0  0  0  0  21  0  0  0  0  0  46  0  0  0  0  0  0  0 
1441331125  0  0  0  0  0  0  0  0  0  4096339  0  0  0  0  0  0  0  0  0  21  0  0  0  0  0  46  0  0  0  0  0  0  0 
1441331126  0  0  0  0  0  0  0  0  0  4096339  0  0  0  0  0  0  0  0  0  21  0  0  0  0  0  46  0  0  0  0  0  0  0 
1441331126  0  0  0  0  0  0  0  0  0  4096339  0  0  0  0  0  0  0  0  0  21  0  0  0  0  0  46  0  0  0  0  0  0  0 
1441331127  0  0  0  0  0  0  0  0  0  4096339  0  0  0  0  0  0  0  0  0  21  0  0  0  0  0  46  0  0  0  0  0  0  0 
1441331127  0  0  0  0  0  0  0  0  0  4096339  0  0  0  0  0  0  0  0  0  21  0  0  0  0  0  46  0  0  0  0  0  0  0 
1441331128  0  0  0  0  0  0  0  0  0  4096339  0  0  0  0  0  0  0  0  0  21  0  0  0  0  0  46  0  0  0  0  0  0  0 
1441331128  0  0  0  0  0  0  0  0  0  4096339  0  0  0  0  0  0  0  0  0  21  0  0  0  0  0  46  0  0  0  0  0  0  0 
1441331129  0  0  0  0  0  0  0  0  0  4096339  0  0  0  0  0  0  0  0  0  21  0  0  0  0  0  46  0  0  0  0  0  0  0 
1441331129  0  0  0  0  0  0  0  0  0  4096339  0  0  0  0  0  0  0  0  0  21  0  0  0  0  0  46  0  0  0  0  0  0  0 
1441331130  0  0  0  0  0  0  0  0  0  4096339  0  0  0  0  0  0  0  0  0  21  0  0  0  0  0  46  0  0  0  0  0  0  0 
1441331130  0  0  0  0  0  0  0  0  0  4096339  0  0  0  0  0  0  0  0  0  21  0  0  0  0  0  46  0  0  0  0  0  0  0 
1441331131  0  0  0  0  0  0  0  0  0  4096339  0  0  0  0  0  0  0  0  0  21  0  0  0  0  0  46  0  0  0  0  0  0  0 
1441331131  0  0  0  0  0  0  0  0  0  4096339  0  0  0  0  0  0  0  0  0  21  0  0  0  0  0  46  0  0  0  0  0  0  0 
1441331132  0  0  0  0  0  0  0  0  0  4096339  0  0  0  0  0  0  0  0  0  21  0  0  0  0  0  46  0  0  0  0  0  0  0 
1441331132  0  0  0  0  0  0  0  0  0  4096339  0  0  0  0  0  0  0  0  0  21  0  0  0  0  0  46  0  0  0  0  0  0  0 
1441331133  0  0  0  0  0  0  0  0  0  4096339  0  0  0  0  0  0  0  0  0  21  0  0  0  0  0  46  0  0  0  0  0  0  0 
1441331133  0  0  0  0  0  0  0  0  0  4096339  0  0  0  0  0  0  0  0  0  21  0  0  0  0  0  46  0  0  0  0  0  0  0 
1441331134  0  0  0  0  0  0  0  0  0  4096339  0  0  0  0  0  0  0  0  0  21  0  0  0  0  0  46  0  0  0  0  0  0  0 
1441331134  0  0  0  0  0  0  0  0  0  4096339  0  0  0  0  0  0  0  0  0  21  0  0  0  0  0  46  0  0  0  0  0  0  0 
1441331135  0  0  0  0  0  0  0  0  0  4096339  0  0  0  0  0  0  0  0  0  21  0  0  0  0  0  46  0  0  0  0  0  0  0 
1441331135  0  0  0  0  0  0  0  0  0  4096339  0  0  0  0  0  0  0  0  0  21  0  0  0  0  0  46  0  0  0  0  0  0  0 
1441331136  0  0  0  0  0  0  0  0  0  4096339  0  0  0  0  0  0  0  0  0  21  0  0  0  0  0  46  0  0  0  0  0  0  0 
1441331136  0  0  0  0  0  0  0  0  0  4096339  0  0  0  0  0  0  0  0  0  21  0  0  0  0  0  46  0  0  0  0  0  0  0 
1441331137  0  0  0  0  0  0  0  0  0  4096339  0  0  0  0  0  0  0  0  0  21  0  0  0  0  0  46  0  0  0  0  0  0  0 
1441331137  0  0  0  0  0  0  0  0  0  4096339  0  0  0  0  0  0  0  0  0  21  0  0  0  0  0  46  0  0  0  0  0  0  0 
1441331138  0  0  0  0  0  0  0  0  0  4096339  0  0  0  0  0  0  0  0  0  21  0  0  0  0  0  46  0  0  0  0  0  0  0 
1441331138  0  0  0  0  0  0  0  0  0  4096339  0  0  0  0  0  0  0  0  0  21  0  0  0  0  0  46  0  0  0  0  0  0  0 
1441331139  0  0  0  0  0  0  0  0  0  4096339  0  0  0  0  0  0  0  0  0  21  0  0  0  0  0  46  0  0  0  0  0  0  0 
1441331139  0  0  0  0  0  0  0  0  0  4096339  0  0  0  0  0  0  0  0  0  21  0  0  0  0  0  46  0  0  0  0  0  0  0 
1441331140  0  0  0  0  0  0  0  0  0  4096339  0  0  0  0  0  0  0  0  0  21  0  0  0  0  0  46  0  0  0  0  0  0  0 
1441331141  0  0  0  0  0  0  0  0  0  4096339  0  0  0  0  0  0  0  0  0  21  0  0  0  0  0  46  0  0  0  0  0  0  0 
1441331141  0  0  0  0  0  0  0  0  0  4096339  0  0  0  0  0  0  0  0  0  21  0  0  0  0  0  46  0  0  0  0  0  0  0 
1441331142  0  0  0  0  0  0  0  0  0  4096339  0  0  0  0  0  0  0  0  0  21  0  0  0  0  0  46  0  0  0  0  0  0  0 
1441331142  0  0  0  0  0  0  0  0  0  4096339  0  0  0  0  0  0  0  0  0  21  0  0  0  0  0  46  0  0  0  0  0  0  0 
1441331143  0  0  0  0  0  0  0  0  0  4096339  0  0  0  0  0  0  0  0  0  21  0  0  0  0  0  46  0  0  0  0  0  0  0 
1441331143  0  0  0  0  0  0  0  0  0  4096339  0  0  0  0  0  0  0  0  0  21  0  0  0  0  0  46  0  0  0  0  0  0  0 
1441331144  0  0  0  0  0  0  0  0  0  4096339  0  0  0  0  0  0  0  0  0  21  0  0  0  0  0  46  0  0  0  0  0  0  0 
1441331144  0  0  0  0  0  0  0  0  0  4096339  0  0  0  0  0  0  0  0  0  21  0  0  0  0  0  46  0  0  0  0  0  0  0 
1441331145  0  0  0  0  0  0  0  0  0  4096339  0  0  0  0  0  0  0  0  0  21  0  0  0  0  0  46  0  0  0  0  0  0  0 
1441331145  0  0  0  0  0  0  0  0  0  4096339  0  0  0  0  0  0  0  0  0  21  0  0  0  0  0  46  0  0  0  0  0  0  0 
1441331146  0  0  0  0  0  0  0  0  0  4096339  0  0  0  0  0  0  0  0  0  21  0  0  0  0  0  46  0  0  0  0  0  0  0 
1441331146  0  0  0  0  0  0  0  0  0  4096339  0  0  0  0  0  0  0  0  0  21  0  0  0  0  0  46  0  0  0  0  0  0  0 
1441331147  0  0  0  0  0  0  0  0  0  4096339  0  0  0  0  0  0  0  0  0  21  0  0  0  0  0  46  0  0  0  0  0  0  0 
1441331147  0  0  0  0  0  0  0  0  0  4096339  0  0  0  0  0  0  0  0  0  21  0  0  0  0  0  46  0  0  0  0  0  0  0 
1441331148  0  0  0  0  0  0  0  0  0  4096339  0  0  0  0  0  0  0  0  0  21  0  0  0  0  0  46  0  0  0  0  0  0  0 
1441331148  0  0  0  0  0  0  0  0  0  4096339  0  0  0  0  0  0  0  0  0  21  0  0  0  0  0  46  0  0  0  0  0  0  0 
1441331149  0  0  0  0  0  0  0  0  0  4096339  0  0  0  0  0  0  0  0  0  21  0  0  0  0  0  46  0  0  0  0  0  0  0 
1441331149  0  0  0  0  0  0  0  0  0  4096339  0  0  0  0  0  0  0  0  0  21  0  0  0  0  0  46  0  0  0  0  0  0  0 
1441331150  0  0  0  0  0  0  0  0  0  4096339  0  0  0  0  0  0  0  0  0  21  0  0  0  0  0  46  0  0  0  0  0  0  0 
1441331150  0  0  0  0  0  0  0  0  0  4096339  0  0  0  0  0  0  0  0  0  21  0  0  0  0  0  46  0  0  0  0  0  0  0 
1441331151  0  0  0  0  0  0  0  0  0  4105988  0  0  0  0  0  0  0  0  0  21  0  0  0  0  0  47  0  9649  0  0  0  0  0 
1441331151  0  0  0  0  0  0  0  0  0  4105988  0  0  0  0  0  0  0  0  0  21  0  0  0  0  0  47  0  0  0  0  0  0  0 
1441331152  0  0  0  0  0  0  0  0  0  4105988  0  0  0  0  0  0  0  0  0  21  0  0  0  0  0  47  0  0  0  0  0  0  0 
1441331152  0  0  0  0  0  0  0  0  0  4105988  0  0  0  0  0  0  0  0  0  21  0  0  0  0  0  47  0  0  0  0  0  0  0 
1441331153  0  0  0  0  0  0  0  0  0  4105988  0  0  0  0  0  0  0  0  0  21  0  0  0  0  0  47  0  0  0  0  0  0  0 
1441331153  0  0  0  0  0  0  0  0  0  4105988  0  0  0  0  0  0  0  0  0  21  0  0  0  0  0  47  0  0  0  0  0  0  0 
1441331154  0  0  0  0  0  0  0  0  0  4105988  0  0  0  0  0  0  0  0  0  21  0  0  0  0  0  47  0  0  0  0  0  0  0 
1441331154  0  0  0  0  0  0  0  0  0  4105988  0  0  0  0  0  0  0  0  0  21  0  0  0  0  0  47  0  0  0  0  0  0  0 
1441331155  0  0  0  0  0  0  0  0  0  4105988  0  0  0  0  0  0  0  0  0  21  0  0  0  0  0  47  0  0  0  0  0  0  0 
1441331155  0  0  0  0  0  0  0  0  0  4105988  0  0  0  0  0  0  0  0  0  21  0  0  0  0  0  47  0  0  0  0  0  0  0 
1441331156  0  0  0  0  0  0  0  0  0  4105988  0  0  0  0  0  0  0  0  0  21  0  0  0  0  0  47  0  0  0  0  0  0  0 
1441331156  0  0  0  0  0  0  0  0  0  4105988  0  0  0  0  0  0  0  0  0  21  0  0  0  0  0  47  0  0  0  0  0  0  0 
1441331157  0  0  0  0  0  0  0  0  0  4105988  0  0  0  0  0  0  0  0  0  21  0  0  0  0  0  47  0  0  0  0  0  0  0 
1441331157  0  0  0  0  0  0  0  0  0  4105988  0  0  0  0  0  0  0  0  0  21  0  0  0  0  0  47  0  0  0  0  0  0  0 
1441331158  0  0  0  0  0  0  0  0  0  4105988  0  0  0  0  0  0  0  0  0  21  0  0  0  0  0  47  0  0  0  0  0  0  0 
1441331158  0  0  0  0  0  0  0  0  0  4105988  0  0  0  0  0  0  0  0  0  21  0  0  0  0  0  47  0  0  0  0  0  0  0 
1441331159  0  0  0  0  0  0  0  0  0  4105988  0  0  0  0  0  0  0  0  0  21  0  0  0  0  0  47  0  0  0  0  0  0  0 
1441331159  0  0  0  0  0  0  0  0  0  4105988  0  0  0  0  0  0  0  0  0  21  0  0  0  0  0  47  0  0  0  0  0  0  0 
1441331160  0  0  0  0  0  0  0  0  0  4105988  0  0  0  0  0  0  0  0  0  21  0  0  0  0  0  47  0  0  0  0  0  0  0 
1441331160  0  0  0  0  0  0  0  0  0  4105988  0  0  0  0  0  0  0  0  0  21  0  0  0  0  0  47  0  0  0  0  0  0  0 
1441331161  0  0  0  0  0  0  0  0  0  4457366  0  0  0  0  0  0  0  0  0  21  0  0  0  0  0  144  0  351378  0  0  0  0  0 
1441331161  0  485  298  13  5  6230456  182  2638  2632  252336903  234  0  3427  3432  5  0  3427  354  0  145  190  3427  0  2638  298  294  128  247879537  298  485  3427  3432  61.4432989691  
1441331162  0  516  329  13  5  6145300  178  2607  2601  253109864  234  0  3427  3432  5  0  3427  354  0  145  188  3427  0  2607  329  294  128  772961  31  31  0  0  63.7596899225  
1441331162  0  516  329  13  5  6145300  178  2607  2601  253109864  234  0  3427  3432  5  0  3427  354  0  145  188  3427  0  2607  329  294  128  0  0  0  0  0  63.7596899225  
1441331163  0  516  329  13  5  6145300  178  2607  2601  253109864  234  0  3427  3432  5  0  3427  354  0  145  188  3427  0  2607  329  294  128  0  0  0  0  0  63.7596899225  
1441331163  0  516  329  13  5  6145300  178  2607  2601  253109864  234  0  3427  3432  5  0  3427  354  0  145  188  3427  0  2607  329  294  128  0  0  0  0  0  63.7596899225  
1441331164  0  516  329  13  5  6145300  178  2607  2601  253109864  234  0  3427  3432  5  0  3427  354  0  145  188  3427  0  2607  329  294  128  0  0  0  0  0  63.7596899225  
1441331164  0  516  329  13  5  6145300  178  2607  2601  253109864  234  0  3427  3432  5  0  3427  354  0  145  188  3427  0  2607  329  294  128  0  0  0  0  0  63.7596899225  
1441331165  0  516  329  13  5  6145300  178  2607  2601  253109864  234  0  3427  3432  5  0  3427  354  0  145  188  3427  0  2607  329  294  128  0  0  0  0  0  63.7596899225  
1441331166  0  516  329  13  5  6145300  178  2607  2601  253109864  234  0  3427  3432  5  0  3427  354  0  145  188  3427  0  2607  329  294  128  0  0  0  0  0  63.7596899225  
1441331166  0  516  329  13  5  6577455  194  2799  2793  265801398  234  0  3619  3624  5  0  3427  354  0  146  211  3427  0  2799  329  294  128  12691534  0  0  192  192  63.7596899225  
1441331167  0  516  329  32  17  7144086  208  3016  2991  284498931  234  0  3836  3853  17  0  3427  354  0  10939  225  3427  0  3016  329  294  128  18697533  0  0  217  229  63.7596899225  
1441331167  0  516  329  32  17  7144086  208  3016  2991  286362398  234  0  3836  3853  17  0  3427  354  0  17503  225  3427  0  3016  329  294  128  1863467  0  0  0  0  63.7596899225  
1441331168  0  516  329  32  17  7144086  208  3016  2991  288710951  234  0  3836  3853  17  0  3427  354  0  26194  225  3427  0  3016  329  294  128  2348553  0  0  0  0  63.7596899225  
1441331168  0  516  329  32  17  7144086  208  3016  2991  290817221  234  0  3836  3853  17  0  3427  354  0  33732  225  3427  0  3016  329  294  128  2106270  0  0  0  0  63.7596899225  
1441331169  0  516  329  32  17  7144086  208  3016  2991  290817221  234  0  3836  3853  17  0  3427  354  0  33732  225  3427  0  3016  329  294  128  0  0  0  0  0  63.7596899225  
1441331169  0  516  329  32  17  7144086  208  3016  2991  293068610  234  0  3836  3853  17  0  3427  354  0  42375  225  3427  0  3016  329  294  128  2251389  0  0  0  0  63.7596899225  
1441331170  0  516  329  32  17  7144086  208  3016  2991  294088120  234  0  3836  3853  17  0  3427  354  0  46499  225  3427  0  3016  329  294  128  1019510  0  0  0  0  63.7596899225  
1441331170  0  516  329  32  17  7144086  208  3016  2991  296045313  234  0  3836  3853  17  0  3427  354  0  53789  225  3427  0  3016  329  294  128  1957193  0  0  0  0  63.7596899225  
1441331171  0  516  329  32  17  7144086  208  3016  2991  298734309  234  0  3836  3853  17  0  3427  354  0  63489  225  3427  0  3016  329  294  128  2688996  0  0  0  0  63.7596899225  
1441331171  0  598  410  32  17  6968069  205  2935  2910  302766225  234  0  3836  3853  17  0  3427  354  0  72106  221  3427  0  2935  410  294  128  4031916  81  82  0  0  68.5618729097  
1441331172  0  598  410  32  17  6968069  205  2935  2910  302766225  234  0  3836  3853  17  0  3427  354  0  72106  221  3427  0  2935  410  294  128  0  0  0  0  0  68.5618729097  
1441331172  0  598  410  32  17  6968069  205  2935  2910  303739145  234  0  3836  3853  17  0  3427  354  0  76057  221  3427  0  2935  410  294  128  972920  0  0  0  0  68.5618729097  
1441331173  0  598  410  37  18  8822620  207  3688  3658  359045257  234  0  4589  4607  18  0  3688  354  0  96411  223  3688  0  3688  410  294  128  55306112  0  0  753  754  68.5618729097  
1441331173  0  626  428  37  18  8776419  206  3670  3640  365292093  234  0  4589  4607  18  0  3688  354  0  114294  222  3688  0  3670  428  294  128  6246836  18  28  0  0  68.3706070288  
1441331174  0  1906  428  46  18  8776419  208  3679  3640  375451849  234  0  4598  4616  18  0  3688  354  0  120221  223  3688  0  3679  428  294  128  10159756  0  1280  9  9  22.4554039874  
1441331174  0  4242  428  58  18  8776419  210  3691  3640  387577847  234  0  4610  4628  18  0  3691  354  0  124975  223  3691  0  3691  428  294  128  12125998  0  2336  12  12  10.0895803866  
1441331175  0  4242  428  58  18  8776419  210  3691  3640  387577847  234  0  4610  4628  18  0  3691  354  0  124975  223  3691  0  3691  428  294  128  0  0  0  0  0  10.0895803866  
1441331175  0  7875  428  61  18  8776419  212  3694  3640  398267166  234  0  4613  4631  18  0  3694  354  0  133301  224  3694  0  3694  428  296  128  10689319  0  3633  3  3  5.43492063492  
1441331176  0  11267  428  116  18  8776419  219  3749  3640  426685879  234  0  4668  4686  18  0  3749  354  0  137005  227  3749  0  3749  428  297  128  28418713  0  3392  55  55  3.79870418035  
1441331176  0  14283  428  204  18  8776419  229  3837  3640  465403707  234  0  4756  4774  18  0  3837  354  0  142352  227  3837  0  3837  428  298  128  38717828  0  3016  88  88  2.99656934818  
1441331177  0  17885  428  222  18  8776419  235  3855  3640  482787563  235  0  4774  4792  18  0  3855  354  0  148712  229  3855  0  3855  428  301  128  17383856  0  3602  18  18  2.39306681577  
1441331177  0  20715  428  239  18  8776419  237  3872  3640  495751384  237  0  4791  4809  18  0  3872  354  0  154592  229  3872  0  3872  428  302  128  12963821  0  2830  17  17  2.06613565049  
1441331178  0  24554  444  304  19  8981264  245  4013  3732  553296796  245  0  4948  4967  19  0  4013  354  0  160775  232  4013  0  4013  444  302  128  57545412  16  3839  157  158  1.80825934675  
1441331179  0  24554  444  304  19  8981264  245  4013  3732  553296796  245  0  4948  4967  19  0  4013  354  0  160775  232  4013  0  4013  444  302  128  0  0  0  0  0  1.80825934675  
1441331179  0  27688  444  304  19  8981992  249  4039  3758  563442914  249  0  4974  4993  19  0  4039  354  0  167001  234  4039  0  4039  444  304  128  10146118  0  3134  26  26  1.60358277954  
1441331180  0  30884  444  566  19  8985606  259  4322  3779  595695489  259  0  5257  5276  19  0  4322  354  0  171940  237  4322  0  4322  444  304  128  32252575  0  3196  283  283  1.43763761171  
1441331180  0  34484  444  2849  19  8985606  296  6605  3779  1105570752  296  0  7540  7559  19  0  6605  354  0  175386  238  6605  0  6605  444  305  128  509875263  0  3600  2283  2283  1.28755364807  
1441331181  0  37844  444  5642  19  8985606  346  9398  3779  1707742240  346  0  10333  10352  19  0  9398  354  0  180177  239  9398  0  9398  444  307  128  602171488  0  3360  2793  2793  1.17323750132  
1441331181  0  41252  444  6852  19  8987647  366  10609  3780  2009361379  366  0  11544  11563  19  0  10609  354  0  181257  239  10609  0  10609  444  308  128  301619139  0  3408  1211  1211  1.07631145157  
1441331182  0  44696  444  10742  19  8989749  433  14500  3781  2714447070  433  0  15435  15454  19  0  14500  354  0  182919  241  14500  0  14500  444  310  128  705085691  0  3444  3891  3891  0.993377483444  
1441331182  0  44696  444  10742  19  8989749  433  14500  3781  2714447070  433  0  15435  15454  19  0  14500  354  0  182919  241  14500  0  14500  444  310  128  0  0  0  0  0  0.993377483444  
1441331183  0  46987  444  13871  19  8991219  472  17630  3782  3306955248  472  0  18565  18584  19  0  17630  354  0  189591  241  17630  0  17630  444  316  128  592508178  0  2291  3130  3130  0.94494221806  
1441331183  0  48408  444  15059  19  8989749  437  15738  3781  3502561060  472  0  19753  19772  19  0  17630  354  0  190469  239  17630  0  15738  444  319  130  195605812  0  1421  1188  1188  0.917203767972  
1441331184  0  49217  444  18350  19  8993605  396  13606  3782  4044478620  489  0  23046  23065  19  0  19031  354  0  195061  237  19031  0  13606  444  323  132  541917560  0  809  3293  3293  0.902127313733  
1441331184  0  53569  4796  21559  19  9033720  398  13741  5059  4494003844  489  0  27533  27552  19  0  19031  354  0  199863  238  19031  0  13741  4796  327  132  449525224  4352  4352  4487  4487  8.95293919991  
1441331185  0  56352  6874  24084  19  9109930  454  16874  7744  5063862380  489  0  32744  32763  19  0  19031  354  0  202395  240  19031  0  16874  6874  329  132  569858536  2078  2783  5211  5211  12.1983248154  
1441331185  0  59520  8666  27993  19  9099682  513  20417  7378  5823608293  514  0  38079  38098  19  0  20555  354  0  204765  240  20555  0  20417  8666  330  132  759745913  1792  3168  5335  5335  14.559811828  
1441331186  0  59520  8666  27993  19  9099682  513  20417  7378  5823608293  514  0  38079  38098  19  0  20555  354  0  204765  240  20555  0  20417  8666  330  132  0  0  0  0  0  14.559811828  
1441331186  0  62205  10682  31095  19  9080884  530  21511  6618  6242758822  533  0  41189  41208  19  0  21705  354  0  211456  241  21705  0  21511  10682  334  132  419150529  2016  2685  3110  3110  17.1722530343  
1441331187  0  63485  10682  32070  19  9082630  554  22507  6639  6545683191  554  0  42185  42204  19  0  22507  354  0  215260  244  22507  0  22507  10682  334  132  302924369  0  1280  996  996  16.8260218949  
1441331187  0  67370  13255  35017  19  9085917  563  22883  6640  6944678173  563  0  45134  45153  19  0  22883  354  0  220277  244  22883  0  22883  13255  335  132  398994982  2573  3885  2949  2949  19.6749294938  
1441331188  0  69001  13255  37129  19  9090165  597  25010  6655  7328270385  597  0  47261  47280  19  0  25010  354  0  224522  244  25010  0  25010  13255  336  132  383592212  0  1631  2127  2127  19.2098665237  
1441331188  0  70719  13255  38728  19  9090165  623  26609  6655  7577897153  623  0  48860  48879  19  0  26609  354  0  228015  246  26609  0  26609  13255  336  132  249626768  0  1718  1599  1599  18.7431948981  
1441331189  0  72639  13255  40051  19  9093953  645  27933  6656  7928375224  645  0  50184  50203  19  0  27933  354  0  231164  247  27933  0  27933  13255  338  132  350478071  0  1920  1324  1324  18.2477732348  
1441331189  0  72639  13255  40051  19  9093953  645  27933  6656  7928375224  645  0  50184  50203  19  0  27933  354  0  231164  247  27933  0  27933  13255  338  132  0  0  0  0  0  18.2477732348  
1441331190  0  75628  13255  41273  19  9116473  661  28976  7475  8272435246  661  0  52226  52245  19  0  28976  354  0  235949  247  28976  0  28976  13255  341  133  344060022  0  2989  2042  2042  17.5265774581  
1441331190  0  76236  13255  41561  19  9165165  690  31003  9214  8416814665  690  0  54253  54272  19  0  31003  354  0  239381  247  31003  0  31003  13255  341  133  144379419  0  608  2027  2027  17.3867988877  
1441331191  0  78127  13255  43144  19  9171653  714  32787  9415  8787584573  714  0  56037  56056  19  0  32787  354  0  242969  247  32787  0  32787  13255  341  133  370769908  0  1891  1784  1784  16.9659656713  
1441331191  0  78848  13255  43741  19  9187361  731  33945  9976  9025033793  731  0  57195  57214  19  0  33945  354  0  247540  247  33945  0  33945  13255  343  133  237449220  0  721  1158  1158  16.8108258929  
1441331192  0  80503  14334  46779  19  9195466  769  36225  10296  9504214789  769  0  60554  60573  19  0  36225  354  0  249884  249  36225  0  36225  14334  347  133  479180996  1079  1655  3359  3359  17.8055476193  
1441331192  0  81847  14334  47603  19  9218700  789  37772  11019  9718136496  789  0  62101  62120  19  0  37772  354  0  254595  249  37772  0  37772  14334  347  133  213921707  0  1344  1547  1547  17.5131648075  
1441331193  0  86202  16412  49543  19  9229873  806  38051  11435  10180297232  816  0  64458  64477  19  0  39231  354  0  259550  252  39231  0  38051  16412  348  133  462160736  2078  4355  2357  2357  19.0390014153  
1441331193  0  86202  16412  49543  19  9229873  806  38051  11435  10180297232  816  0  64458  64477  19  0  39231  354  0  259550  252  39231  0  38051  16412  348  133  0  0  0  0  0  19.0390014153  
1441331194  0  89495  16857  51360  19  9244609  839  39981  11992  10681987571  847  0  66833  66852  19  0  40363  354  0  266198  253  40363  0  39981  16857  351  133  501690339  445  3293  2375  2375  18.8356891446  
1441331194  0  91959  16857  52621  19  9181797  825  38907  9657  10973699726  856  0  68319  68338  19  0  40736  354  0  267700  253  40736  0  38907  16857  352  134  291712155  0  2464  1486  1486  18.3309953349  
1441331195  0  97887  21761  54019  19  9159863  776  35712  8915  11267658526  856  0  70028  70047  19  0  40736  354  0  278445  253  40736  0  35712  21761  357  134  293958800  4904  5928  1709  1709  22.2307354398  
1441331197  0  108343  24767  62583  19  9164299  850  40335  9207  13113076219  856  0  78892  78911  19  0  40736  354  2  290916  253  40736  0  40335  24767  361  136  1845417693  3006  10456  8864  8864  22.8598063557  
1441331197  0  110496  24767  65625  19  9184824  863  41911  9861  13767466634  885  0  82593  82612  19  0  43010  354  2  293396  252  43010  0  41911  24767  362  137  654390415  0  2153  3701  3701  22.4143860411  
1441331198  0  110496  24767  65625  19  9184824  863  41911  9861  13767466634  885  0  82593  82612  19  0  43010  354  2  293396  252  43010  0  41911  24767  362  137  0  0  0  0  0  22.4143860411  
1441331198  0  113088  24767  67522  19  9205424  907  44513  10566  14294592562  907  0  85195  85214  19  0  44513  354  2  296806  253  44513  0  44513  24767  365  137  527125928  0  2592  2602  2602  21.9006437465  
1441331199  0  115607  25846  69565  19  9244655  948  46951  12039  14744501974  959  0  88712  88731  19  0  47712  354  2  299781  253  47712  0  46951  25846  366  137  449909412  1079  2519  3517  3517  22.3567777038  
1441331199  0  122683  30982  74461  19  9245251  924  45145  13017  15436336737  979  0  94602  94621  19  0  48782  354  2  303763  254  48782  0  45145  30982  367  138  691834763  5136  7076  5890  5890  25.253702632  
1441331200  0  126355  32222  75968  19  9239910  880  43191  13015  15641226730  979  0  96109  96128  19  0  48782  354  2  310001  252  48782  0  43191  32222  369  139  204889993  1240  3672  1507  1507  25.501167346  
1441331201  0  133900  37530  77583  19  9298023  864  41737  15252  15997363155  979  0  99963  99982  19  0  48782  354  2  317441  253  48782  0  41737  37530  372  139  356136425  5308  7545  3854  3854  28.0283793876  
1441331201  0  133900  37530  77583  19  9298023  864  41737  15252  15997363155  979  0  99963  99982  19  0  48782  354  2  317441  253  48782  0  41737  37530  372  139  0  0  0  0  0  28.0283793876  
1441331202  0  136886  37530  79163  19  9323195  912  44216  16151  16415472428  979  0  102442  102461  19  0  48782  354  2  321277  254  48782  0  44216  37530  372  139  418109273  0  2986  2479  2479  27.4169747089  
1441331202  0  141374  40862  80125  19  9205007  861  40957  11930  16752142663  979  0  103567  103586  19  0  48782  354  2  329457  255  48782  0  40957  40862  378  140  336670235  3332  4488  1125  1125  28.9034758867  
1441331203  0  144827  42867  82430  19  9134475  821  38738  9411  17308493577  979  0  105881  105900  19  0  48782  354  2  331836  254  48782  0  38738  42867  380  141  556350914  2005  3453  2314  2314  29.5987626617  
1441331203  0  149194  46554  88172  19  9162442  835  39773  9425  18158332437  979  0  111640  111659  19  0  48782  354  2  335767  253  48782  0  39773  46554  386  142  849838860  3687  4367  5759  5759  31.2036677078  
1441331204  0  149610  46554  92478  19  9164637  903  44080  9426  18931080037  979  0  115947  115966  19  0  48782  354  2  336935  253  48782  0  44080  46554  386  142  772747600  0  416  4307  4307  31.1169039503  
1441331204  0  149898  46554  93135  19  9164637  912  44729  9426  19044037709  979  0  116604  116623  19  0  48782  354  2  340022  253  48782  0  44729  46554  388  143  112957672  0  288  657  657  31.0571188408  
1441331205  0  149898  46554  93135  19  9164637  912  44729  9426  19044037709  979  0  116604  116623  19  0  48782  354  2  340022  253  48782  0  44729  46554  388  143  0  0  0  0  0  31.0571188408  
1441331205  0  150986  46554  97613  20  9179038  978  49215  9434  19800754748  979  0  121090  121110  20  0  49215  354  2  341894  253  49215  0  49215  46554  388  143  756717039  0  1088  4486  4487  30.8333222948  
1441331206  0  151978  46554  100899  20  9182056  1028  52502  9435  20519549470  1028  0  124377  124397  20  0  52502  354  2  343505  253  52502  0  52502  46554  388  143  718794722  0  992  3287  3287  30.6320651673  
1441331206  0  153098  46554  101998  20  9182056  1045  53601  9435  20843070636  1045  0  125476  125496  20  0  53601  354  2  346729  254  53601  0  53601  46554  388  143  323521166  0  1120  1099  1099  30.4079739775  
1441331207  0  155922  47348  103813  20  9240397  1051  54143  11614  21333486897  1051  0  129473  129493  20  0  54143  354  2  349102  254  54143  0  54143  47348  390  144  490416261  794  2824  3997  3997  30.3664652839  
1441331207  0  156722  47348  106208  20  9271869  1116  57662  12738  21814778299  1116  0  132992  133012  20  0  57662  354  2  351092  255  57662  0  57662  47348  392  144  481291402  0  800  3519  3519  30.21145723  
1441331208  0  158286  47983  108123  20  9271613  1141  58944  12735  22341590550  1141  0  134909  134929  20  0  58944  354  2  355208  256  58944  0  58944  47983  392  144  526812251  635  1564  1917  1917  30.3141149565  
1441331208  0  158286  47983  108123  20  9271613  1141  58944  12735  22341590550  1141  0  134909  134929  20  0  58944  354  2  355208  256  58944  0  58944  47983  392  144  0  0  0  0  0  30.3141149565  
1441331209  0  165234  54127  111731  20  9273288  1097  56413  12740  23008982834  1184  0  138522  138542  20  0  62089  354  2  363169  256  62089  0  56413  54127  393  144  667392284  6144  6948  3613  3613  32.7577859278  
1441331209  0  170845  59002  113131  20  9158846  1030  52298  8893  23398860634  1184  0  139922  139942  20  0  62089  354  2  372861  255  62089  0  52298  59002  395  145  389877800  4875  5611  1400  1400  34.5353975826  
1441331210  0  180241  67242  116361  20  9118504  953  46867  7117  23972388808  1184  0  143176  143196  20  0  62089  354  2  382551  256  62089  0  46867  67242  396  146  573528174  8240  9396  3254  3254  37.3067171176  
1441331210  0  187984  72677  118432  20  9128373  923  43533  7146  24369635238  1184  0  145277  145297  20  0  62089  354  2  389226  258  62089  0  43533  72677  397  146  397246430  5435  7743  2101  2101  38.6612690442  
1441331211  0  190128  72677  119430  21  9135896  906  41975  7162  24604165353  1184  0  146292  146313  21  0  62089  354  2  391707  259  62089  0  41975  72677  398  147  234530115  0  2144  1015  1016  38.22530085  
1441331211  0  192432  72677  121861  21  9139149  948  44422  7178  25037497427  1184  0  148739  148760  21  0  62089  354  2  395611  260  62089  0  44422  72677  403  147  433332074  0  2304  2447  2447  37.7676270059  
1441331212  0  192432  72677  121861  21  9139149  948  44422  7178  25037497427  1184  0  148739  148760  21  0  62089  354  2  395611  260  62089  0  44422  72677  403  147  0  0  0  0  0  37.7676270059  
1441331212  0  196784  73701  127308  21  9150993  1022  49268  7601  25825973266  1184  0  154609  154630  21  0  62089  354  2  396246  260  62089  0  49268  73701  404  147  788475839  1024  4352  5870  5870  37.4527400602  
1441331213  0  198608  73701  127841  21  9250129  1179  52251  11075  26040586136  1184  0  158617  158638  21  0  62089  354  3  398355  261  62089  0  52251  73701  405  148  214612870  0  1824  4008  4008  37.1087770885  
1441331213  0  200974  73955  129634  21  9248095  1175  53000  11077  26406266859  1184  0  160414  160435  21  0  62089  354  3  402044  259  62089  0  53000  73955  406  149  365680723  254  2366  1797  1797  36.7982923164  
1441331214  0  202894  73955  130614  21  9294292  1182  54517  12692  26620163883  1184  0  163011  163032  21  0  62089  354  4  404127  258  62089  0  54517  73955  407  150  213897024  0  1920  2597  2597  36.4500675229  
1441331214  0  206031  74590  134023  21  9296961  1177  55839  12920  27107698978  1194  0  166682  166703  21  0  62089  354  4  406065  259  62089  0  55839  74590  409  151  487535095  635  3137  3671  3671  36.2032897962  
1441331215  0  210547  76721  139254  21  9304255  1200  59114  13095  27795701722  1200  0  172089  172110  21  0  62089  354  5  407676  259  62089  0  59114  76721  410  151  688002744  2131  4516  5407  5407  36.4388948786  
1441331215  0  212852  76721  141619  21  9318531  1215  61072  13608  28398036960  1229  0  174968  174989  21  0  62089  354  6  409490  258  62089  0  61072  76721  412  152  602335238  0  2305  2879  2879  36.0442936876  
1441331216  0  212852  76721  141619  21  9318531  1215  61072  13608  28398036960  1229  0  174968  174989  21  0  62089  354  6  409490  258  62089  0  61072  76721  412  152  0  0  0  0  0  36.0442936876  
1441331216  0  223092  84753  146230  21  9279283  1160  59486  12280  29154102879  1229  0  182095  182116  21  0  62089  354  7  416814  257  62089  0  59486  84753  418  153  756065919  8032  10240  7127  7127  37.9901565274  
1441331217  0  224948  84753  147559  21  9301396  1236  61474  12939  29531790920  1236  0  184083  184104  21  0  62089  354  7  420981  259  62089  0  61474  84753  418  153  377688041  0  1856  1988  1988  37.6767075057  
1441331217  0  227572  84753  148516  21  9326187  1274  63268  13776  29835596476  1274  0  185878  185899  21  0  63268  354  8  423672  259  63268  0  63268  84753  418  153  303805556  0  2624  1795  1795  37.2422793665  
1441331218  0  231704  86481  150565  21  9362056  1239  60800  14926  30347087580  1317  0  189082  189103  21  0  65555  354  9  426680  259  65555  0  60800  86481  421  154  511491104  1728  4132  3204  3204  37.3239132687  
1441331218  0  240555  94206  156753  22  9372212  1154  56844  15593  31094500491  1317  0  195987  196009  22  0  65555  354  9  434498  258  65555  0  56844  94206  426  155  747412911  7725  8851  6905  6906  39.1619380183  
1441331219  0  241899  94206  158222  22  9479480  1230  62144  19424  31559853679  1317  0  201287  201309  22  0  65555  354  9  436546  258  65555  0  62144  94206  428  155  465353188  0  1344  5300  5300  38.9443528084  
1441331219  0  241899  94206  158222  22  9479480  1230  62144  19424  31559853679  1317  0  201287  201309  22  0  65555  354  9  436546  258  65555  0  62144  94206  428  155  0  0  0  0  0  38.9443528084  
1441331220  0  242827  94206  161452  22  9482498  1270  65375  19425  32212473181  1317  0  204518  204540  22  0  65555  354  9  438140  258  65555  0  65375  94206  429  155  652619502  0  928  3231  3231  38.7955210911  
1441331220  0  244203  94206  163388  22  9482498  1296  67311  19425  32599649946  1317  0  206454  206476  22  0  67311  354  9  442915  258  67311  0  67311  94206  429  155  387176765  0  1376  1936  1936  38.5769216594  
1441331221  0  246385  94219  165318  22  9449187  1303  67944  19383  33099153941  1317  0  208384  208406  22  0  67974  354  10  446537  256  67974  0  67944  94219  430  156  499503995  13  2182  1930  1930  38.2405584756  
1441331221  0  248164  94236  168214  22  9411170  1338  70827  19370  33571735320  1338  0  211284  211306  22  0  70827  354  10  449450  252  70827  0  70827  94236  430  156  472581379  17  1779  2900  2900  37.973275737  
1441331222  0  250574  94238  171561  22  9409270  1384  74172  19368  34243746769  1384  0  214631  214653  22  0  74172  354  10  450321  251  74172  0  74172  94238  430  156  672011449  2  2410  3347  3347  37.6088500802  
1441331223  0  252627  94269  174324  22  9337832  1421  76904  19337  34855870545  1421  0  217394  217416  22  0  76904  354  10  451237  245  76904  0  76904  94269  431  156  612123776  31  2053  2763  2763  37.3154888432  
1441331223  0  254155  94351  177079  22  9121660  1463  79581  19259  35430688381  1463  0  220153  220175  22  0  79581  354  10  451729  245  79581  0  79581  94351  431  156  574817836  82  1528  2759  2759  37.1234089434  
1441331224  0  254155  94351  177079  22  9121660  1463  79581  19259  35430688381  1463  0  220153  220175  22  0  79581  354  10  451729  245  79581  0  79581  94351  431  156  0  0  0  0  0  37.1234089434  
1441331224  0  257255  96490  178519  22  9074588  1293  69021  19235  35709425210  1465  0  221593  221615  22  0  79697  354  10  457235  242  79697  0  69021  96490  435  159  278736829  2139  3100  1440  1440  37.5075314377  
1441331225  0  264864  103044  180865  22  8822291  1174  60963  17362  36215334915  1465  0  223945  223967  22  0  79697  354  10  470905  239  79697  0  60963  103044  442  160  505909705  6554  7609  2352  2352  38.904494382  
1441331225  0  266401  103044  181061  22  8822459  1178  61165  17368  36273974524  1465  0  224147  224169  22  0  79697  354  10  471535  239  79697  0  61165  103044  442  160  58639609  0  1537  202  202  38.6800349849  
1441331226  0  269306  104539  182055  22  8822459  1172  60664  17368  36492427635  1465  0  225141  225163  22  0  79697  354  10  475089  239  79697  0  60664  104539  442  160  218453111  1495  2905  994  994  38.8179245914  
1441331226  0  274035  107671  185659  22  8743492  1144  58154  14372  37134407376  1465  0  228836  228858  22  0  79697  354  11  480285  244  79697  0  58154  107671  445  161  641979741  3132  4729  3695  3695  39.2909664824  
1441331227  0  275763  107671  188748  22  8797230  1203  61268  14397  37847380843  1465  0  231950  231972  22  0  79697  354  11  485049  253  79697  0  61268  107671  449  161  712973467  0  1728  3114  3114  39.0447594492  
1441331227  0  275763  107671  188748  22  8797230  1203  61268  14397  37847380843  1465  0  231950  231972  22  0  79697  354  11  485049  253  79697  0  61268  107671  449  161  0  0  0  0  0  39.0447594492  
1441331228  0  276852  107671  190946  22  8891288  1255  64236  15167  38348229703  1465  0  234918  234940  22  0  79697  354  11  487141  262  79697  0  64236  107671  451  161  500848860  0  1089  2968  2968  38.8911765131  
1441331228  0  278260  107671  194006  22  9109279  1308  67634  15505  38911240086  1465  0  238318  238340  22  0  79697  354  13  489036  264  79697  0  67634  107671  452  161  563010383  0  1408  3400  3400  38.694386545  
1441331229  0  280244  108695  198040  22  9113963  1346  70677  15538  39564354496  1465  0  242385  242407  22  0  79697  354  13  492141  264  79697  0  70677  108695  453  161  653114410  1024  1984  4067  4067  38.7858437647  
1441331229  0  281204  108695  199537  22  9367407  1400  74280  17644  39952473924  1465  0  245988  246010  22  0  79697  354  13  495271  267  79697  0  74280  108695  453  161  388119428  0  960  3603  3603  38.6534330948  
1441331230  0  289889  117019  202683  22  9441470  1365  71325  20117  40463827223  1465  0  251610  251632  22  0  79697  354  13  502236  266  79697  0  71325  117019  455  162  511353299  8324  8685  5622  5622  40.3668300625  
1441331230  0  289889  117019  202683  22  9441470  1365  71325  20117  40463827223  1465  0  251610  251632  22  0  79697  354  13  502236  266  79697  0  71325  117019  455  162  0  0  0  0  0  40.3668300625  
1441331231  0  300355  126780  205704  22  9433984  1174  60146  19774  40816977011  1465  0  256307  256329  22  0  79697  354  13  513026  263  79697  0  60146  126780  459  164  353149788  9761  10466  4697  4697  42.2100514391  
1441331231  0  305320  130625  207746  22  9417591  1178  59747  17333  41293334557  1465  0  259753  259775  22  0  79697  354  13  519574  265  79697  0  59747  130625  460  164  476357546  3845  4965  3446  3446  42.7829817896  
1441331232  0  308296  130625  208468  22  9436715  1214  61152  18016  41551751085  1465  0  261158  261180  22  0  79697  354  13  523901  266  79697  0  61152  130625  460  164  258416528  0  2976  1405  1405  42.3699950697  
1441331232  0  309902  130625  208884  22  9442840  1182  59200  18238  41684530036  1465  0  261797  261819  22  0  79697  354  13  528881  265  79697  0  59200  130625  461  165  132778951  0  1606  639  639  42.1504217462  
1441331233  0  318412  136383  217155  23  9211895  1133  56515  10400  42736319563  1465  0  270175  270198  23  0  79697  354  13  531355  264  79697  0  56515  136383  465  168  1051789527  5758  8510  8378  8379  42.8322425034  
1441331233  0  323344  138015  222115  23  9210981  1185  59925  10482  43491267484  1465  0  275218  275241  23  0  79697  354  14  532221  266  79697  0  59925  138015  467  168  754947921  1632  4932  5043  5043  42.6836434262  
1441331234  0  323344  138015  222115  23  9210981  1185  59925  10482  43491267484  1465  0  275218  275241  23  0  79697  354  14  532221  266  79697  0  59925  138015  467  168  0  0  0  0  0  42.6836434262  
1441331234  0  325392  138015  227100  23  9220312  1247  64062  10741  44267568344  1465  0  280463  280486  23  0  79697  354  14  534207  265  79697  0  64062  138015  471  169  776300860  0  2048  5245  5245  42.414994837  
1441331235  0  326704  138015  227107  23  9264608  1287  65651  12323  44310646884  1465  0  282052  282075  23  0  79697  354  14  538886  265  79697  0  65651  138015  471  169  43078540  0  1312  1589  1589  42.2446618346  
1441331235  0  333188  141875  227642  25  9400233  1297  67169  17161  44552264452  1465  0  287430  287455  25  0  79697  354  14  544179  265  79697  0  67169  141875  475  169  241617568  3860  6484  5378  5380  42.5810653445  
1441331236  0  335304  141875  227896  26  9462826  1255  65160  19341  44720728178  1465  0  289868  289894  26  0  79697  354  14  547720  265  79697  0  65160  141875  477  170  168463726  0  2116  2438  2439  42.3123493904  
1441331236  0  340300  144691  228881  28  9562815  1277  66365  22377  45077518789  1465  0  293889  293917  28  0  79697  354  14  551939  264  79697  0  66365  144691  479  170  356790611  2816  4996  4021  4023  42.5186600059  
1441331237  0  358221  161299  233643  29  9755662  1273  62737  28734  45796781699  1465  0  306869  306898  29  0  79697  354  14  560626  265  79697  0  62737  161299  485  170  719262910  16608  17921  12980  12981  45.0277901072  
1441331237  0  358221  161299  233643  29  9755662  1273  62737  28734  45796781699  1465  0  306869  306898  29  0  79697  354  14  560626  265  79697  0  62737  161299  485  170  0  0  0  0  0  45.0277901072  
1441331238  0  363320  165083  238520  29  9678924  1316  64823  25945  46609233737  1465  0  312739  312768  29  0  79697  354  14  564689  265  79697  0  64823  165083  490  170  812452038  3784  5099  5870  5870  45.4373554993  
1441331238  0  365304  165083  239557  29  9709130  1386  66863  26948  46898114772  1465  0  314779  314808  29  0  79697  354  14  567676  267  79697  0  66863  165083  490  170  288881035  0  1984  2040  2040  45.1905809956  
1441331239  0  370154  168674  244571  29  9559974  1347  66017  21088  47667241624  1465  0  320856  320885  29  0  79697  354  15  571279  266  79697  0  66017  168674  491  171  769126852  3591  4850  6077  6077  45.5686011768  
1441331239  0  376435  174058  251158  29  9492091  1296  65434  18745  48507721353  1465  0  327662  327691  29  0  79697  354  15  577034  263  79697  0  65434  174058  495  172  840479729  5384  6281  6806  6806  46.2385272358  
1441331240  0  378345  174058  255614  29  9494286  1353  69891  18746  49251432379  1465  0  332119  332148  29  0  79697  354  15  577579  264  79697  0  69891  174058  496  172  743711026  0  1910  4457  4457  46.0051011643  
1441331240  0  378345  174058  255614  29  9494286  1353  69891  18746  49251432379  1465  0  332119  332148  29  0  79697  354  15  577579  264  79697  0  69891  174058  496  172  0  0  0  0  0  46.0051011643  
1441331241  0  379797  174058  258678  29  9498788  1396  73040  18831  49883227990  1465  0  335268  335297  29  0  79697  354  15  579320  264  79697  0  73040  174058  498  172  631795611  0  1452  3149  3149  45.8292192935  
1441331241  0  383113  177118  260220  29  9616022  1421  75450  22758  50247650832  1465  0  340738  340767  29  0  79697  354  15  582429  264  79697  0  75450  177118  500  172  364422842  3060  3316  5470  5470  46.2312685813  
1441331242  0  383799  177146  260663  29  9677174  1452  78049  24942  50465551953  1465  0  343365  343394  29  0  79697  354  15  586528  264  79697  0  78049  177146  502  172  217901121  28  686  2627  2627  46.1559305782  
1441331242  0  384183  177146  262130  29  9708071  1486  80379  25805  50870413994  1486  0  345695  345724  29  0  80379  354  15  590946  264  80379  0  80379  177146  502  172  404862041  0  384  2330  2330  46.1097966334  
1441331243  0  384917  177146  262386  29  9794675  1535  83728  28898  51049415561  1535  0  349044  349073  29  0  83728  354  15  593142  264  83728  0  83728  177146  502  172  179001567  0  734  3349  3349  46.0218696498  
1441331243  0  386840  178329  263076  29  9817525  1586  84047  29706  51227565014  1598  0  350546  350575  29  0  84639  354  15  596244  267  84639  0  84047  178329  502  172  178149453  1183  1923  1502  1502  46.0989039396  
1441331244  0  386840  178329  263076  29  9817525  1586  84047  29706  51227565014  1598  0  350546  350575  29  0  84639  354  15  596244  267  84639  0  84047  178329  502  172  0  0  0  0  0  46.0989039396  
1441331244  0  394617  186010  267677  29  9889937  1530  81721  32244  51882196744  1598  0  357697  357726  29  0  84756  354  15  604025  265  84756  0  81721  186010  507  173  654631730  7681  7777  7151  7151  47.1368440792  
1441331245  0  400348  191739  272532  30  9802440  1515  81064  29363  52629922521  1598  0  362769  362799  30  0  84756  354  15  610696  265  84756  0  81064  191739  511  173  747725777  5729  5731  5072  5073  47.8930830178  
1441331245  0  401487  192296  273267  30  9747677  1423  75637  29360  52749991352  1598  0  363535  363565  30  0  84756  354  15  615808  264  84756  0  75637  192296  512  174  120068831  557  1139  766  766  47.8959468177  
1441331246  0  410125  200517  274308  30  9517583  1271  65758  21259  53119800311  1598  0  364698  364728  30  0  84756  354  15  626805  264  84756  0  65758  200517  514  175  369808959  8221  8638  1163  1163  48.891679366  
1441331246  0  410381  200517  275386  30  9369154  1194  61463  15889  53399022946  1598  0  365781  365811  30  0  84756  354  15  632332  263  84756  0  61463  200517  516  176  279222635  0  256  1083  1083  48.8611802203  
1441331247  0  413993  203553  277358  31  9362573  1157  59473  15686  53724447352  1598  0  367757  367788  31  0  84756  354  15  640789  262  84756  0  59473  203553  520  177  325424406  3036  3612  1976  1977  49.1682226511  
1441331247  0  413993  203553  277358  31  9362573  1157  59473  15686  53724447352  1598  0  367757  367788  31  0  84756  354  15  640789  262  84756  0  59473  203553  520  177  0  0  0  0  0  49.1682226511  
1441331248  0  417305  205105  283106  32  9361635  1227  63674  15690  54501371304  1598  0  373510  373542  32  0  84756  354  15  641636  262  84756  0  63674  205105  522  177  776923952  1552  3312  5753  5754  49.1499023496  
1441331248  0  418905  205105  284634  33  9410313  1277  66869  17357  54826533575  1598  0  376705  376738  33  0  84756  354  15  644506  263  84756  0  66869  205105  522  177  325162271  0  1600  3195  3196  48.9621751949  
1441331249  0  422717  207423  285368  33  9450059  1270  66642  18705  54957947099  1598  0  378796  378829  33  0  84756  354  15  647836  264  84756  0  66642  207423  522  177  131413524  2318  3812  2091  2091  49.068998881  
1441331249  0  424583  207423  287821  36  9472242  1310  69298  18908  55442995598  1598  0  381453  381489  36  0  84756  354  16  651222  265  84756  0  69298  207423  524  177  485048499  0  1866  2657  2660  48.8533455178  
1441331250  0  426791  207423  288190  36  9525859  1346  71426  20667  55633330997  1598  0  383582  383618  36  0  84756  354  17  655523  266  84756  0  71426  207423  524  177  190335399  0  2208  2129  2129  48.6006031055  
1441331251  0  435143  214555  288407  36  9713290  1224  64037  27351  55882694175  1598  0  390496  390532  36  0  84756  354  17  661503  266  84756  0  64037  214555  529  178  249363178  7132  8352  6914  6914  49.3067796104  
1441331251  0  435143  214555  288407  36  9713290  1224  64037  27351  55882694175  1598  0  390496  390532  36  0  84756  354  17  661503  266  84756  0  64037  214555  529  178  0  0  0  0  0  49.3067796104  
1441331252  0  439446  217702  291470  36  9720754  1241  64347  27727  56298086666  1598  0  393954  393990  36  0  84756  354  18  670270  267  84756  0  64347  217702  533  178  415392491  3147  4303  3458  3458  49.5401027658  
1441331252  0  442267  219883  293574  36  9730608  1232  63919  27377  56783310691  1598  0  396997  397033  36  0  84756  354  18  674654  267  84756  0  63919  219883  536  179  485224025  2181  2821  3043  3043  49.7172522481  
1441331253  0  444931  221678  295137  36  9751944  1210  62684  27141  57179831403  1598  0  400117  400153  36  0  84756  354  18  680002  266  84756  0  62684  221678  537  180  396520712  1795  2664  3120  3120  49.8230062639  
1441331253  0  447784  223278  297620  36  9715622  1180  60802  24376  57691454777  1598  0  404444  404480  36  0  84756  354  18  684365  265  84756  0  60802  223278  538  181  511623374  1600  2853  4327  4327  49.8628803173  
1441331254  0  448776  223278  298759  36  9796565  1221  63335  25770  58056841826  1598  0  406977  407013  36  0  84756  354  18  687783  266  84756  0  63335  223278  539  181  365387049  0  992  2533  2533  49.7526605701  
1441331254  0  450216  223278  300222  37  9828137  1255  65362  26334  58322611472  1598  0  409005  409042  37  0  84756  354  19  689586  267  84756  0  65362  223278  539  181  265769646  0  1440  2028  2029  49.5935284397  
1441331255  0  450216  223278  300222  37  9828137  1255  65362  26334  58322611472  1598  0  409005  409042  37  0  84756  354  19  689586  267  84756  0  65362  223278  539  181  0  0  0  0  0  49.5935284397  
1441331255  0  452904  223278  304479  38  9848023  1322  69870  26585  58983533081  1598  0  413513  413551  38  0  84756  354  19  690977  267  84756  0  69870  223278  539  181  660921609  0  2688  4508  4509  49.2991892322  
1441331256  0  455304  223278  307146  41  9894568  1372  73132  27180  59546256418  1598  0  416775  416816  41  0  84756  354  19  693444  267  84756  0  73132  223278  540  181  562723337  0  2400  3262  3265  49.0393231775  
1441331256  0  458664  223278  309863  42  9904544  1414  75983  27314  60016060625  1598  0  419626  419668  42  0  84756  354  19  696943  269  84756  0  75983  223278  540  181  469804207  0  3360  2851  2852  48.6800795353  
1441331257  0  461521  223790  312342  43  9878188  1296  68492  26316  60491877079  1598  0  422119  422162  43  0  84756  354  19  700023  267  84756  0  68492  223790  543  183  475816454  512  2857  2493  2494  48.4896678591  
1441331257  0  461873  223790  312408  43  9903393  1309  69289  27047  60521463472  1598  0  422916  422959  43  0  84756  354  19  705140  267  84756  0  69289  223790  544  183  29586393  0  352  797  797  48.4527131917  
1441331258  0  461873  223790  312408  43  9903393  1309  69289  27047  60521463472  1598  0  422916  422959  43  0  84756  354  19  705140  267  84756  0  69289  223790  544  183  0  0  0  0  0  48.4527131917  
1441331258  0  463070  223802  312663  43  9967231  1337  71388  28894  60657676367  1598  0  425027  425070  43  0  84756  354  19  708333  266  84756  0  71388  223802  544  183  136212895  12  1197  2111  2111  48.3300580906  
1441331259  0  465470  223802  314330  43  9980151  1368  73280  29368  61006883149  1598  0  427173  427216  43  0  84756  354  19  712558  268  84756  0  73280  223802  545  184  349206782  0  2400  2146  2146  48.0808645025  
1441331259  0  470040  226895  314832  43  10000163  1341  71264  29942  61212042243  1598  0  428250  428293  43  0  84756  354  19  720809  268  84756  0  71264  226895  547  184  205159094  3093  4570  1077  1077  48.2714237086  
1441331260  0  471562  226911  315169  43  10011482  1262  66512  30307  61297576102  1598  0  428953  428996  43  0  84756  354  19  723222  267  84756  0  66512  226911  549  185  85533859  16  1522  703  703  48.1190172236  
1441331260  0  475696  228006  315960  44  10026017  1280  66951  29955  61534979145  1598  0  430487  430531  44  0  84756  354  19  729116  267  84756  0  66951  228006  551  185  237403043  1095  4134  1534  1535  47.9310315832  
1441331261  0  478832  228006  318257  45  10070528  1338  70006  30713  62102413543  1598  0  433543  433588  45  0  84756  354  20  730989  271  84756  0  70006  228006  551  185  567434398  0  3136  3056  3057  47.6171183212  
1441331261  0  483846  230316  321979  49  10095043  1383  72545  29530  62844799490  1598  0  438392  438441  49  0  84756  354  20  733959  271  84756  0  72545  230316  553  185  742385947  2310  5014  4849  4853  47.6010962166  
1441331262  0  486150  230316  324773  49  10163360  1440  76378  30569  63518888663  1598  0  442226  442275  49  0  84756  354  21  736334  272  84756  0  76378  230316  554  185  674089173  0  2304  3834  3834  47.3755013885  
1441331263  0  491963  234177  325301  49  10057230  1337  68960  27244  63754720282  1598  0  443349  443398  49  0  84756  354  22  743842  269  84756  0  68960  234177  559  188  235831619  3861  5813  1123  1123  47.6005309342  
1441331263  0  493984  234177  327664  49  10082773  1376  71354  27275  64337222596  1598  0  445743  445792  49  0  84756  354  22  747938  270  84756  0  71354  234177  559  188  582502314  0  2021  2394  2394  47.4057864222  
1441331264  0  494305  234177  328541  49  9926095  1279  65585  24693  64655414029  1598  0  446631  446680  49  0  84756  354  22  752156  268  84756  0  65585  234177  562  190  318191433  0  321  888  888  47.3750012644  
1441331264  0  500148  240014  333631  49  9941984  1244  63700  24835  65333843252  1598  0  451865  451914  49  0  84756  354  24  758103  268  84756  0  63700  240014  563  191  678429223  5837  5843  5234  5234  47.9885953758  
1441331265  0  506429  245903  335733  49  10027061  1158  58977  26746  65771500301  1598  0  455904  455953  49  0  84756  354  24  767428  264  84756  0  58977  245903  570  193  437657049  5889  6281  4039  4039  48.5562635631  
1441331265  0  507974  246936  336800  49  10122575  1176  60189  29679  66160970536  1598  0  459940  459989  49  0  84756  354  24  770508  263  84756  0  60189  246936  572  194  389470235  1033  1545  4036  4036  48.6119368314  
1441331266  0  507974  246936  336800  49  10122575  1176  60189  29679  66160970536  1598  0  459940  459989  49  0  84756  354  24  770508  263  84756  0  60189  246936  572  194  0  0  0  0  0  48.6119368314  
1441331266  0  510288  247710  337796  49  10158535  1198  61241  30506  66513230435  1598  0  461767  461816  49  0  84756  354  25  775051  265  84756  0  61241  247710  574  194  352259899  774  2314  1827  1827  48.5431756185  
1441331267  0  511792  247710  338332  49  10275495  1235  64822  34319  66774108513  1598  0  466117  466166  49  0  84756  354  25  777735  264  84756  0  64822  247710  575  195  260878078  0  1504  4350  4350  48.4005220871  
1441331267  0  516738  250832  338815  49  10294547  1212  63145  34256  66997544122  1598  0  467563  467612  49  0  84756  354  26  785388  264  84756  0  63145  250832  576  195  223435609  3122  4946  1446  1446  48.5414271836  
1441331268  0  518086  251344  340630  49  10294687  1232  64453  34261  67293041736  1598  0  469383  469432  49  0  84756  354  26  789251  265  84756  0  64453  251344  577  195  295497614  512  1348  1820  1820  48.5139532819  
1441331268  0  519814  251344  344622  49  10245758  1269  66698  32520  68002091886  1598  0  473427  473476  49  0  84756  354  26  790892  265  84756  0  66698  251344  578  196  709050150  0  1728  4044  4044  48.3526799971  
1441331269  0  525453  254935  347748  49  10150223  1222  62941  28965  68611204483  1598  0  476589  476638  49  0  84756  354  26  796626  267  84756  0  62941  254935  579  197  609112597  3591  5639  3162  3162  48.5171842201  
1441331269  0  528205  254935  349790  49  10151791  1264  65039  29021  69012359758  1598  0  478687  478736  49  0  84756  354  26  798716  269  84756  0  65039  254935  579  197  401155275  0  2752  2098  2098  48.2644049185  
1441331270  0  528205  254935  349790  49  10151791  1264  65039  29021  69012359758  1598  0  478687  478736  49  0  84756  354  26  798716  269  84756  0  65039  254935  579  197  0  0  0  0  0  48.2644049185  
1441331270  0  530616  254941  351199  49  10156031  1285  66453  29026  69340308657  1598  0  480107  480156  49  0  84756  354  26  802327  269  84756  0  66453  254941  579  197  327948899  6  2411  1420  1420  48.0462330574  
1441331271  0  533144  254941  352336  49  10130131  1255  64906  29147  69601884546  1598  0  481377  481426  49  0  84756  354  27  806157  268  84756  0  64906  254941  580  198  261575889  0  2528  1270  1270  47.8184130366  
1441331271  0  535768  254941  353358  49  10179079  1291  66887  30106  69883785302  1598  0  483358  483407  49  0  84756  354  27  808471  269  84756  0  66887  254941  580  198  281900756  0  2624  1981  1981  47.584215556  
1441331272  0  539256  254941  353518  49  10225371  1320  68303  31362  69959415004  1598  0  484774  484823  49  0  84756  354  27  813019  271  84756  0  68303  254941  580  198  75629702  0  3488  1416  1416  47.2764327147  
1441331273  0  541739  255984  353654  49  10245838  1317  68010  31975  70010845586  1598  0  485729  485778  49  0  84756  354  27  818999  271  84756  0  68010  255984  584  199  51430582  1043  2483  955  955  47.2522746193  
1441331273  0  545051  255991  355945  49  10309684  1381  72240  33921  70548282251  1598  0  489966  490015  49  0  84756  354  27  821086  272  84756  0  72240  255991  584  199  537436665  7  3312  4237  4237  46.9664306643  
1441331274  0  550483  258303  356730  49  10346359  1382  71818  35023  70751027016  1598  0  491857  491906  49  0  84756  354  28  826025  273  84756  0  71818  258303  584  199  202744765  2312  5432  1891  1891  46.9229749148  
1441331274  0  550483  258303  356730  49  10346359  1382  71818  35023  70751027016  1598  0  491857  491906  49  0  84756  354  28  826025  273  84756  0  71818  258303  584  199  0  0  0  0  0  46.9229749148  
1441331275  0  552851  258303  356897  49  10376425  1402  73028  36069  70826226372  1598  0  493080  493129  49  0  84756  354  28  829280  272  84756  0  73028  258303  586  200  75199356  0  2368  1223  1223  46.7219920015  
1441331275  0  554291  258303  356984  49  10414983  1423  74309  37263  70892475822  1598  0  494361  494410  49  0  84756  354  28  830807  272  84756  0  74309  258303  586  200  66249450  0  1440  1281  1281  46.6006123137  
1441331276  0  561205  263175  357192  49  10453045  1266  65387  39517  71044372398  1598  0  500926  500975  49  0  84756  354  28  835880  268  84756  0  65387  263175  590  203  151896576  4872  6914  6565  6565  46.8946285226  
1441331276  0  565422  265305  357915  49  10345678  1223  62327  38659  71331958550  1598  0  504860  504909  49  0  84756  354  28  839048  266  84756  0  62327  265305  594  205  287586152  2130  4217  3934  3934  46.921591307  
1441331277  0  568370  265305  360208  49  10431405  1279  66372  40411  71924901812  1598  0  508906  508955  49  0  84756  354  29  842509  266  84756  0  66372  265305  594  205  592943262  0  2948  4046  4046  46.6782201735  
1441331277  0  572672  268135  362655  49  10219683  1163  59442  33623  72441830728  1598  0  512517  512566  49  0  84756  354  30  847958  264  84756  0  59442  268135  597  207  516928916  2830  4302  3611  3611  46.8217408918  
1441331278  0  572672  268135  362655  49  10219683  1163  59442  33623  72441830728  1598  0  512517  512566  49  0  84756  354  30  847958  264  84756  0  59442  268135  597  207  0  0  0  0  0  46.8217408918  
1441331278  0  576838  270441  365866  49  10223204  1210  62143  33113  73219811267  1598  0  517524  517573  49  0  84756  354  30  851499  265  84756  0  62143  270441  600  207  777980539  2306  4166  5007  5007  46.8833537319  
1441331279  0  577953  270441  368867  49  10283627  1177  60909  34769  73918498948  1598  0  522182  522231  49  0  84756  354  31  853599  264  84756  0  60909  270441  602  208  698687681  0  1115  4658  4658  46.7929053054  
1441331279  0  582341  274157  372295  49  10284617  1189  61919  36053  74550582666  1598  0  526908  526957  49  0  84756  354  31  858122  265  84756  0  61919  274157  603  208  632083718  3716  4388  4726  4726  47.078429992  
1441331280  0  586857  277165  376472  49  10333703  1230  64256  37221  75203455938  1598  0  532253  532302  49  0  84756  354  31  861637  266  84756  0  64256  277165  603  208  652873272  3008  4516  5345  5345  47.2287115941  
1441331280  0  588009  277165  378859  49  10347320  1226  64087  37743  75535051241  1598  0  535172  535221  49  0  84756  354  31  863427  266  84756  0  64087  277165  604  209  331595303  0  1152  2919  2919  47.1361832897  
1441331281  0  589321  277165  379680  49  10403748  1261  66298  39133  75856140947  1598  0  537383  537432  49  0  84756  354  31  868050  266  84756  0  66298  277165  604  209  321089706  0  1312  2211  2211  47.0312444322  
1441331281  0  589321  277165  379680  49  10403748  1261  66298  39133  75856140947  1598  0  537383  537432  49  0  84756  354  31  868050  266  84756  0  66298  277165  604  209  0  0  0  0  0  47.0312444322  
1441331282  0  590993  277168  380414  49  10479823  1312  69605  41706  76134910452  1598  0  540693  540742  49  0  84756  354  31  870908  266  84756  0  69605  277168  605  209  278769505  3  1672  3310  3310  46.8986942316  
1441331282  0  592017  277168  381754  49  10493375  1336  71195  41956  76461578480  1598  0  542283  542332  49  0  84756  354  31  875233  266  84756  0  71195  277168  605  209  326668028  0  1024  1590  1590  46.8175744953  
1441331283  0  595233  279227  382284  49  10557239  1343  71485  43775  76696986125  1598  0  545656  545705  49  0  84756  354  31  879533  266  84756  0  71485  279227  607  210  235407645  2059  3216  3373  3373  46.9105375542  
1441331283  0  595745  279227  383046  49  10568567  1356  72250  43778  76955416974  1598  0  546421  546470  49  0  84756  354  31  883913  266  84756  0  72250  279227  608  210  258430849  0  512  765  765  46.8702213195  
1441331284  0  597089  279227  384878  49  10589146  1349  72035  43779  77325217776  1598  0  548259  548308  49  0  84756  354  31  887484  265  84756  0  72035  279227  609  211  369800802  0  1344  1838  1838  46.7647201673  
1441331284  0  603003  282357  389745  49  10576298  1373  73781  43776  78044936651  1598  0  553135  553184  49  0  84756  354  31  891903  265  84756  0  73781  282357  610  211  719718875  3130  5914  4876  4876  46.8251401734  
1441331285  0  603003  282357  389745  49  10576298  1373  73781  43776  78044936651  1598  0  553135  553184  49  0  84756  354  31  891903  265  84756  0  73781  282357  610  211  0  0  0  0  0  46.8251401734  
1441331285  0  611851  288325  392837  49  10465767  1328  70912  39940  78577123387  1598  0  556234  556283  49  0  84756  354  31  900289  264  84756  0  70912  288325  612  211  532186736  5968  8848  3099  3099  47.1234009587  
1441331286  0  617037  291163  393998  49  10327327  1317  69344  37255  78851235317  1598  0  557504  557553  49  0  84756  354  31  907043  268  84756  0  69344  291163  616  211  274111930  2838  5186  1270  1270  47.1872837447  
1441331286  0  621805  293467  396083  49  10271492  1312  69159  34985  79378734969  1598  0  559624  559673  49  0  84756  354  32  913291  267  84756  0  69159  293467  618  211  527499652  2304  4768  2120  2120  47.1959858798  
1441331287  0  624593  293467  397749  49  10279833  1348  70908  35068  79767445337  1598  0  561373  561422  49  0  84756  354  32  916221  272  84756  0  70908  293467  618  211  388710368  0  2788  1749  1749  46.9853168383  
1441331287  0  628593  293467  398689  49  10287869  1383  71870  35090  80029515704  1598  0  562336  562385  49  0  84756  354  33  921241  274  84756  0  71870  293467  618  211  262070367  0  4000  963  963  46.6863296282  
1441331288  0  631525  293467  402592  49  9835960  1256  63936  23310  80751747436  1598  0  566693  566742  49  0  84756  354  33  922670  271  84756  0  63936  293467  622  214  722231732  0  2932  4357  4357  46.4695776098  
1441331288  0  631525  293467  402592  49  9835960  1256  63936  23310  80751747436  1598  0  566693  566742  49  0  84756  354  33  922670  271  84756  0  63936  293467  622  214  0  0  0  0  0  46.4695776098  
1441331289  0  632901  293467  405613  49  9862309  1216  61477  23725  81497496237  1598  0  570134  570183  49  0  84756  354  33  926094  269  84756  0  61477  293467  624  216  745748801  0  1376  3441  3441  46.3685473715  
1441331289  0  633609  293467  407314  49  9948069  1287  66044  26591  81901938127  1598  0  574701  574750  49  0  84756  354  33  926925  269  84756  0  66044  293467  624  216  404441890  0  708  4567  4567  46.3167347686  
1441331290  0  634057  293467  409604  49  10011070  1341  69850  28107  82467245898  1598  0  578507  578556  49  0  84756  354  33  928590  269  84756  0  69850  293467  624  216  565307771  0  448  3806  3806  46.2840091664  
1441331290  0  634647  293467  410685  49  10089610  1374  72273  29449  82703735051  1598  0  580930  580979  49  0  84756  354  33  929989  269  84756  0  72273  293467  624  216  236489153  0  590  2423  2423  46.2409812069  
1441331291  0  642498  300672  414127  51  10239223  1322  69106  33327  83369062925  1598  0  588304  588355  51  0  84756  354  33  935544  267  84756  0  69106  300672  631  219  665327874  7205  7851  7374  7376  46.7973441162  
1441331291  0  642498  300672  414127  51  10239223  1322  69106  33327  83369062925  1598  0  588304  588355  51  0  84756  354  33  935544  267  84756  0  69106  300672  631  219  0  0  0  0  0  46.7973441162  
1441331292  0  645063  301696  417860  53  10270220  1352  71873  33385  84054345854  1598  0  592095  592148  53  0  84756  354  33  938078  267  84756  0  71873  301696  631  219  685282929  1024  2565  3791  3793  46.7700054103  
1441331292  0  651283  306888  422217  57  10201302  1292  67722  31363  84855154466  1598  0  596560  596617  57  0  84756  354  33  943206  266  84756  0  67722  306888  635  220  800808612  5192  6220  4465  4469  47.1205297851  
1441331293  0  659176  313565  424583  59  10043385  1285  63492  25279  85458947926  1598  0  599007  599066  59  0  84756  354  33  953623  268  84756  0  63492  313565  640  220  603793460  6677  7893  2447  2449  47.5692379577  
1441331293  0  659656  313565  425017  59  10054322  1293  64098  25451  85612319968  1598  0  599613  599672  59  0  84756  354  33  958888  268  84756  0  64098  313565  640  220  153372042  0  480  606  606  47.5346241071  
1441331294  0  669044  321257  429755  59  9961681  1233  61234  21948  86395982148  1598  0  604441  604500  59  0  84756  354  33  967448  267  84756  0  61234  321257  645  220  783662180  7692  9388  4828  4828  48.017320236  
1441331294  0  672538  322543  433190  59  9972267  1252  63400  21964  86969667229  1598  0  607893  607952  59  0  84756  354  33  971516  267  84756  0  63400  322543  648  220  573685081  1286  3494  3452  3452  47.9590744315  
1441331295  0  672538  322543  433190  59  9972267  1252  63400  21964  86969667229  1598  0  607893  607952  59  0  84756  354  33  971516  267  84756  0  63400  322543  648  220  0  0  0  0  0  47.9590744315  
1441331295  0  674137  322543  436400  59  10001433  1296  66654  22008  87598859645  1598  0  611148  611207  59  0  84756  354  34  974259  268  84756  0  66654  322543  649  220  629192416  0  1599  3255  3255  47.8453192749  
1441331296  0  675161  322543  439106  59  10091157  1355  71200  23848  88132115681  1598  0  615694  615753  59  0  84756  354  34  974767  269  84756  0  71200  322543  649  220  533256036  0  1024  4546  4546  47.7727534618  
1441331297  0  677081  322543  440315  59  10151641  1397  73980  25419  88510258049  1598  0  618474  618533  59  0  84756  354  34  977332  270  84756  0  73980  322543  649  220  378142368  0  1920  2780  2780  47.6372841654  
1441331297  0  678333  322543  440651  59  10279754  1452  77813  30176  88719821967  1598  0  623590  623649  59  0  84756  354  34  978833  269  84756  0  77813  322543  650  221  209563918  0  1252  5116  5116  47.5493599751  
1441331298  0  679878  323608  442034  59  10285661  1460  78161  30205  89088432082  1598  0  625003  625062  59  0  84756  354  34  985000  269  84756  0  78161  323608  652  221  368610115  1065  1545  1413  1413  47.5979513972  
1441331298  0  682364  325746  444542  59  10378565  1528  82225  33105  89612472663  1598  0  631205  631264  59  0  84756  354  34  986334  270  84756  0  82225  325746  653  221  524040581  2138  2486  6202  6202  47.7378642484  
1441331299  0  682364  325746  444542  59  10378565  1528  82225  33105  89612472663  1598  0  631205  631264  59  0  84756  354  34  986334  270  84756  0  82225  325746  653  221  0  0  0  0  0  47.7378642484  
1441331299  0  686088  329018  448739  59  10394430  1535  81757  33471  90245005918  1598  0  635801  635860  59  0  84756  354  34  994024  269  84756  0  81757  329018  657  222  632533255  3272  3724  4596  4596  47.9556558342  
1441331300  0  690319  332097  450551  59  10373080  1535  81499  31404  90760734448  1598  0  638622  638681  59  0  84756  354  34  999676  269  84756  0  81499  332097  659  222  515728530  3079  4231  2821  2821  48.1077588767  
1441331300  0  695343  334913  451841  59  10303710  1541  81503  30140  91140452692  1598  0  641442  641501  59  0  84756  354  34  1006251  271  84756  0  81503  334913  660  222  379718244  2816  5024  2820  2820  48.1651501489  
1441331301  0  697583  334913  452476  59  10328363  1559  82778  30780  91396224137  1598  0  642717  642776  59  0  84756  354  34  1009606  271  84756  0  82778  334913  660  222  255771445  0  2240  1275  1275  48.0104876409  
1441331301  0  700079  335327  452845  59  10348843  1573  83263  31294  91533499099  1598  0  643616  643675  59  0  84756  354  34  1013740  273  84756  0  83263  335327  660  222  137274962  414  2496  899  899  47.8984514605  
1441331302  0  700079  335327  452845  59  10348843  1573  83263  31294  91533499099  1598  0  643616  643675  59  0  84756  354  34  1013740  273  84756  0  83263  335327  660  222  0  0  0  0  0  47.8984514605  
1441331302  0  705872  338651  453921  59  10330941  1561  82425  30368  91757058900  1598  0  646102  646161  59  0  84756  354  34  1021167  273  84756  0  82425  338651  660  222  223559801  3324  5793  2486  2486  47.9762619852  
1441331303  0  712732  343267  458257  59  10242654  1498  79256  27179  92423281160  1598  0  650881  650940  59  0  84756  354  34  1026271  272  84756  0  79256  343267  663  223  666222260  4616  6860  4779  4779  48.1621422919  
1441331303  0  717575  347082  459306  60  10281920  1462  76992  30228  92726998974  1598  0  654996  655056  60  0  84756  354  34  1031682  272  84756  0  76992  347082  665  224  303717814  3815  4843  4115  4116  48.3687419434  
1441331304  0  718920  347082  460200  60  10312789  1485  78598  30940  93005027650  1598  0  656603  656663  60  0  84756  354  35  1036609  273  84756  0  78598  347082  668  224  278028676  0  1345  1607  1607  48.2782507094  
1441331304  0  730426  357595  465949  63  10463317  1482  77367  35279  93797341289  1598  0  666925  666988  63  0  84756  354  35  1044114  272  84756  0  77367  357595  669  225  792313639  10513  11506  10322  10325  48.9570469835  
1441331305  0  733338  358619  468413  66  10536225  1536  80788  37260  94392463513  1598  0  671370  671436  66  0  84756  354  35  1047308  272  84756  0  80788  358619  671  225  595122224  1024  2912  4445  4448  48.9022797128  
1441331305  0  738271  362048  471447  69  10605768  1590  84104  40906  94948614040  1606  0  678115  678184  69  0  85507  354  35  1050046  272  85507  0  84104  362048  671  225  556150527  3429  4933  6745  6748  49.0399866716  
1441331306  0  738271  362048  471447  69  10605768  1590  84104  40906  94948614040  1606  0  678115  678184  69  0  85507  354  35  1050046  272  85507  0  84104  362048  671  225  0  0  0  0  0  49.0399866716  
1441331306  0  741407  363232  475710  69  10640077  1637  87199  40897  95535024606  1637  0  682394  682463  69  0  87199  354  35  1052299  272  87199  0  87199  363232  673  225  586410566  1184  3136  4279  4279  48.9922539172  
1441331307  0  746354  366834  477348  69  10513633  1502  78612  38329  95920813889  1640  0  684071  684140  69  0  87364  354  35  1059165  270  87364  0  78612  366834  678  228  385789283  3602  4947  1677  1677  49.1501351905  
1441331307  0  752803  372322  482176  69  10454347  1498  78134  35149  96702207201  1640  0  689081  689150  69  0  87364  354  35  1064718  271  87364  0  78134  372322  679  228  781393312  5488  6449  5010  5010  49.4580919577  
1441331308  0  760935  379750  490273  69  10214096  1401  72036  28796  97773251185  1640  0  697322  697391  69  0  87364  354  35  1071516  267  87364  0  72036  379750  686  231  1071043984  7428  8132  8241  8241  49.9057081091  
1441331308  0  762002  379750  491108  69  10220648  1415  72880  28805  98045606468  1640  0  698166  698235  69  0  87364  354  35  1075446  267  87364  0  72880  379750  686  231  272355283  0  1067  844  844  49.8358272026  
1441331309  0  763664  379750  495136  69  10285733  1466  76983  28880  98777332489  1640  0  702269  702338  69  0  87364  354  35  1076470  267  87364  0  76983  379750  686  231  731726021  0  1662  4103  4103  49.7273670096  
1441331309  0  763664  379750  495136  69  10285733  1466  76983  28880  98777332489  1640  0  702269  702338  69  0  87364  354  35  1076470  267  87364  0  76983  379750  686  231  0  0  0  0  0  49.7273670096  
1441331310  0  767294  382452  498291  69  10205536  1398  73103  28544  99353605386  1640  0  705443  705512  69  0  87364  354  35  1080317  265  87364  0  73103  382452  689  232  576272897  2702  3630  3174  3174  49.8442578725  
1441331310  0  775333  388411  502085  69  10304737  1403  73462  32183  99969468220  1640  0  713041  713110  69  0  87364  354  35  1085384  266  87364  0  73462  388411  690  233  615862834  5959  8039  7598  7598  50.0960232571  
1441331311  0  780521  390719  504694  69  10408464  1443  76328  34744  100422145495  1640  0  718215  718284  69  0  87364  354  35  1088307  266  87364  0  76328  390719  691  233  452677275  2308  5188  5174  5174  50.0587428141  
1441331311  0  783264  390719  505917  69  10432964  1478  78406  35599  100663508106  1640  0  720293  720362  69  0  87364  354  35  1089619  269  87364  0  78406  390719  693  233  241362611  0  2743  2078  2078  49.8834364914  
1441331312  0  783264  390719  505917  69  10432964  1478  78406  35599  100663508106  1640  0  720293  720362  69  0  87364  354  35  1089619  269  87364  0  78406  390719  693  233  0  0  0  0  0  49.8834364914  
1441331312  0  786080  390719  507906  69  10477200  1531  81849  37053  101061033642  1640  0  723736  723805  69  0  87364  354  35  1093720  270  87364  0  81849  390719  693  233  397525536  0  2816  3443  3443  49.7047374313  
1441331313  0  789536  390719  509585  70  10480958  1561  83539  37064  101568312368  1640  0  725427  725497  70  0  87364  354  36  1097119  271  87364  0  83539  390719  693  233  507278726  0  3456  1691  1692  49.4871671463  
1441331313  0  795579  393849  512685  73  10470458  1569  83843  37386  102130505764  1640  0  728861  728934  73  0  87364  354  36  1101853  273  87364  0  83843  393849  695  233  562193396  3130  6043  3434  3437  49.5047003503  
1441331314  0  800511  395641  519096  73  10402377  1463  78144  35816  103036640580  1640  0  735530  735603  73  0  87364  354  36  1102812  269  87364  0  78144  395641  698  235  906134816  1792  4932  6669  6669  49.4235557038  
1441331315  0  800511  395641  519096  73  10402377  1463  78144  35816  103036640580  1640  0  735530  735603  73  0  87364  354  36  1102812  269  87364  0  78144  395641  698  235  0  0  0  0  0  49.4235557038  
1441331315  0  803251  395647  521284  75  10435399  1537  80890  36380  103591534979  1640  0  738282  738357  75  0  87364  354  36  1106449  274  87364  0  80890  395647  700  235  554894399  6  2740  2752  2754  49.2557121  
1441331316  0  805175  395647  525914  79  10349277  1569  83356  34238  104417975210  1640  0  743565  743644  79  0  87364  354  37  1108610  273  87364  0  83356  395647  701  236  826440231  0  1924  5283  5287  49.1380134753  
1441331316  0  806872  395647  527716  82  10385828  1604  85793  34873  104867771022  1640  0  746002  746084  82  0  87364  354  37  1111539  273  87364  0  85793  395647  701  236  449795812  0  1697  2437  2440  49.0346672087  
1441331317  0  808056  395647  528371  83  10392569  1616  86557  34982  105099763837  1640  0  746766  746849  83  0  87364  354  37  1112803  273  87364  0  86557  395647  701  236  231992815  0  1184  764  765  48.9628194086  
1441331317  0  815663  402608  533220  85  10158619  1584  84768  30145  105904216376  1640  0  753734  753819  85  0  87364  354  40  1118566  272  87364  0  84768  402608  707  237  804452539  6961  7607  6968  6970  49.3596007175  
1441331318  0  815827  402608  536944  85  10236601  1584  85544  31417  106521646222  1640  0  758798  758883  85  0  87364  354  40  1121176  271  87364  0  85544  402608  709  238  617429846  0  164  5064  5064  49.3496783019  
1441331318  0  815827  402608  536944  85  10236601  1584  85544  31417  106521646222  1640  0  758798  758883  85  0  87364  354  40  1121176  271  87364  0  85544  402608  709  238  0  0  0  0  0  49.3496783019  
1441331319  0  817400  403888  538439  85  10349659  1636  89010  34668  107017969485  1640  0  763544  763629  85  0  89010  354  40  1125407  271  89010  0  89010  403888  709  238  496323263  1280  1573  4746  4746  49.4113041351  
1441331319  0  829277  415349  539033  85  10473574  1556  83070  39359  107256302609  1642  0  769065  769150  85  0  89387  354  40  1138080  272  89387  0  83070  415349  712  238  238333124  11461  11877  5521  5521  50.0856770416  
1441331320  0  829661  415349  539052  85  10670708  1628  87933  44203  107384880391  1642  0  773928  774013  85  0  89387  354  40  1139678  272  89387  0  87933  415349  712  238  128577782  0  384  4863  4863  50.0624954047  
1441331320  0  838330  423313  539188  85  10746842  1578  83144  47148  107529234179  1665  0  777103  777188  85  0  90474  354  40  1150031  273  90474  0  83144  423313  714  238  144353788  7964  8669  3175  3175  50.4947932199  
1441331321  0  839771  424337  540488  85  10749310  1557  81794  47286  107776259397  1665  0  778570  778655  85  0  90474  354  40  1154949  272  90474  0  81794  424337  715  239  247025218  1024  1441  1467  1467  50.5300849875  
1441331321  0  849852  433490  548807  85  10475523  1472  77418  39478  108820321536  1665  0  787415  787500  85  0  90474  354  40  1161310  270  90474  0  77418  433490  720  240  1044062139  9153  10081  8845  8845  51.007704871  
1441331322  0  849852  433490  548807  85  10475523  1472  77418  39478  108820321536  1665  0  787415  787500  85  0  90474  354  40  1161310  270  90474  0  77418  433490  720  240  0  0  0  0  0  51.007704871  
1441331322  0  854398  437459  551694  85  10427975  1488  77020  36193  109192279865  1665  0  790986  791071  85  0  90474  354  40  1165759  272  90474  0  77020  437459  722  240  371958329  3969  4546  3571  3571  51.2008455076  
1441331323  0  855563  437974  551696  85  10444368  1433  73782  36538  109214877339  1665  0  791336  791421  85  0  90474  354  40  1172150  270  90474  0  73782  437974  725  241  22597474  515  1165  350  350  51.1913208028  
1441331323  0  863000  445026  559035  85  10427920  1455  74520  35903  110119848632  1665  0  799126  799211  85  0  90474  354  40  1176601  272  90474  0  74520  445026  728  241  904971293  7052  7437  7790  7790  51.5673232908  
1441331324  0  876614  457806  565468  85  10451688  1345  68981  37783  111010197570  1665  0  808641  808726  85  0  90474  354  41  1187906  271  90474  0  68981  457806  735  242  890348938  12780  13614  9515  9515  52.2243541627  
1441331324  0  876614  457806  565468  85  10451688  1345  68981  37783  111010197570  1665  0  808641  808726  85  0  90474  354  41  1187906  271  90474  0  68981  457806  735  242  0  0  0  0  0  52.2243541627  
1441331325  0  876966  457806  565468  85  10594684  1414  74088  42890  111137643244  1665  0  813748  813833  85  0  90474  354  41  1189948  271  90474  0  74088  457806  735  242  127445674  0  352  5107  5107  52.2033921498  
1441331325  0  879678  459846  566020  85  10669394  1417  74305  44593  111318702717  1665  0  816007  816092  85  0  90474  354  43  1196332  271  90474  0  74305  459846  736  242  181059473  2040  2712  2259  2259  52.2743549344  
1441331326  0  887537  467185  572678  85  10753550  1384  73845  45066  112136288446  1665  0  823912  823997  85  0  90474  354  44  1202192  268  90474  0  73845  467185  739  243  817585729  7339  7859  7905  7905  52.6383688793  
1441331326  0  888670  467487  575797  85  10751850  1393  74331  45551  112780642682  1665  0  827831  827916  85  0  90474  354  44  1206061  267  90474  0  74331  467487  742  244  644354236  302  1133  3919  3919  52.6052415407  
1441331327  0  896990  475130  582568  85  10594046  1388  73609  38124  113694095376  1665  0  834815  834900  85  0  90474  354  44  1210479  266  90474  0  73609  475130  745  245  913452694  7643  8320  6984  6984  52.9693753554  
1441331327  0  898270  475130  583213  85  10599756  1402  74285  38155  113855370583  1665  0  835491  835576  85  0  90474  354  44  1213938  268  90474  0  74285  475130  747  245  161275207  0  1280  676  676  52.8938960446  
1441331328  0  898270  475130  583213  85  10599756  1402  74285  38155  113855370583  1665  0  835491  835576  85  0  90474  354  44  1213938  268  90474  0  74285  475130  747  245  0  0  0  0  0  52.8938960446  
1441331330  0  912744  480259  593750  85  10483528  1450  76999  34703  115720267230  1665  0  846888  846973  85  0  90474  354  45  1231693  270  90474  0  76999  480259  754  247  1864896647  5129  14474  11397  11397  52.6170536317  
1441331331  0  913384  480259  595616  85  10245971  1382  72809  28722  116189593479  1665  0  849100  849185  85  0  90474  354  47  1236217  270  90474  0  72809  480259  758  248  469326249  0  640  2212  2212  52.5801853328  
1441331331  0  914249  480771  595622  85  10353768  1435  76547  32460  116341015959  1665  0  853350  853435  85  0  90474  354  47  1239679  269  90474  0  76547  480771  761  248  151422480  512  865  4250  4250  52.5864397992  
1441331332  0  915274  481795  595694  85  10517042  1496  80768  37633  116502272083  1665  0  858595  858680  85  0  90474  354  47  1242047  268  90474  0  80768  481795  761  248  161256124  1024  1025  5245  5245  52.6394281931  
1441331332  0  915402  481795  595761  85  10533304  1503  81188  37986  116540610853  1665  0  859015  859100  85  0  90474  354  47  1243619  268  90474  0  81188  481795  761  248  38338770  0  128  420  420  52.6320676599  
1441331333  0  923255  489230  597075  85  10640232  1448  78462  42314  116906330788  1665  0  866547  866632  85  0  90474  354  47  1249866  264  90474  0  78462  489230  765  249  365719935  7435  7853  7532  7532  52.9896940715  
1441331333  0  923255  489230  597075  85  10640232  1448  78462  42314  116906330788  1665  0  866547  866632  85  0  90474  354  47  1249866  264  90474  0  78462  489230  765  249  0  0  0  0  0  52.9896940715  
1441331334  0  925315  490170  598561  85  10663132  1474  80035  42401  117252053640  1665  0  869060  869145  85  0  90474  354  47  1253678  265  90474  0  80035  490170  765  249  345722852  940  2060  2513  2513  52.9733117911  
1441331334  0  930788  494877  600995  85  10358633  1335  71750  32437  117746142937  1665  0  873361  873446  85  0  90474  354  48  1259857  260  90474  0  71750  494877  772  253  494089297  4707  5473  4301  4301  53.1675311671  
1441331335  0  933732  497437  601005  85  10136942  1194  62887  26287  117797298303  1665  0  874482  874567  85  0  90474  354  48  1268642  259  90474  0  62887  497437  774  254  51155366  2560  2944  1121  1121  53.2740657919  
1441331335  0  936520  498977  601005  85  10137138  1170  61358  26294  117820628907  1665  0  874493  874578  85  0  90474  354  48  1276479  258  90474  0  61358  498977  776  254  23330604  1540  2788  11  11  53.2799085978  
1441331336  0  943628  503941  606524  85  10182869  1218  63498  27864  118500624973  1665  0  881599  881684  85  0  90474  354  50  1281618  266  90474  0  63498  503941  777  254  679996066  4964  7108  7106  7106  53.4046255516  
1441331336  0  943628  503941  606524  85  10182869  1218  63498  27864  118500624973  1665  0  881599  881684  85  0  90474  354  50  1281618  266  90474  0  63498  503941  777  254  0  0  0  0  0  53.4046255516  
1441331337  0  945553  504202  607822  85  10218280  1249  65305  28429  118718564963  1665  0  883667  883752  85  0  90474  354  50  1289002  265  90474  0  65305  504202  780  254  217939990  261  1925  2068  2068  53.3235048696  
1441331337  0  947285  504202  607854  85  10232769  1231  64062  29192  118744907632  1665  0  884465  884550  85  0  90474  354  51  1292079  265  90474  0  64062  504202  781  255  26342669  0  1732  798  798  53.226009068  
1441331338  0  948232  504221  607922  85  10220423  1239  64727  31518  118822413295  1665  0  886934  887019  85  0  90474  354  51  1292722  265  90474  0  64727  504221  782  256  77505663  19  947  2469  2469  53.1748559424  
1441331338  0  949224  504221  607925  85  10299205  1279  67429  34217  118891290529  1665  0  889636  889721  85  0  90474  354  51  1296132  266  90474  0  67429  504221  782  256  68877234  0  992  2702  2702  53.1192848053  
1441331339  0  951820  504989  610459  85  10308169  1319  69566  33820  119352610978  1665  0  893821  893906  85  0  90474  354  51  1297435  266  90474  0  69566  504989  783  257  461320449  768  2596  4185  4185  53.0550944506  
1441331339  0  952908  504989  610459  85  10316961  1327  69880  34134  119365965462  1665  0  894135  894220  85  0  90474  354  51  1301018  267  90474  0  69880  504989  783  257  13354484  0  1088  314  314  52.9945178338  
1441331340  0  952908  504989  610459  85  10316961  1327  69880  34134  119365965462  1665  0  894135  894220  85  0  90474  354  51  1301018  267  90474  0  69880  504989  783  257  0  0  0  0  0  52.9945178338  
1441331340  0  955060  504989  611055  85  10337705  1336  70135  34821  119527431246  1665  0  895422  895507  85  0  90474  354  51  1305543  269  90474  0  70135  504989  785  258  161465784  0  2152  1287  1287  52.8751073231  
1441331341  0  962292  509620  612682  85  10163556  1284  66537  29611  120032889356  1665  0  898154  898239  85  0  90474  354  51  1313563  268  90474  0  66537  509620  789  259  505458110  4631  7232  2732  2732  52.9589771088  
1441331341  0  964948  509620  616573  85  10231088  1360  70884  30067  120687425136  1665  0  902501  902586  85  0  90474  354  51  1315014  270  90474  0  70884  509620  789  259  654535780  0  2656  4347  4347  52.8132085874  
1441331342  0  970461  511929  618330  85  10117837  1329  68868  26309  121009400893  1665  0  905162  905247  85  0  90474  354  51  1320716  268  90474  0  68868  511929  794  261  321975757  2309  5513  2661  2661  52.7511151916  
1441331342  0  972093  511929  618452  85  10127546  1333  69237  26556  121071396204  1665  0  905532  905617  85  0  90474  354  52  1326347  268  90474  0  69237  511929  796  261  61995311  0  1632  370  370  52.6625538914  
1441331343  0  973758  511938  619255  85  10008178  1301  67089  23631  121242374711  1665  0  906721  906806  85  0  90474  354  52  1327572  268  90474  0  67089  511938  797  262  170978507  9  1665  1189  1189  52.5734320026  
1441331343  0  973758  511938  619255  85  10008178  1301  67089  23631  121242374711  1665  0  906721  906806  85  0  90474  354  52  1327572  268  90474  0  67089  511938  797  262  0  0  0  0  0  52.5734320026  
1441331344  0  976731  514047  619558  85  9943114  1208  61567  23584  121317245933  1665  0  907024  907109  85  0  90474  354  52  1335638  267  90474  0  61567  514047  800  263  74871222  2109  2973  303  303  52.6293319246  
1441331344  0  979323  514047  620172  85  10015633  1247  64386  25789  121592026518  1665  0  909845  909930  85  0  90474  354  54  1340558  267  90474  0  64386  514047  800  263  274780585  0  2592  2821  2821  52.4900364844  
1441331345  0  983200  515332  621570  85  10134046  1286  66906  28194  121986628630  1665  0  913650  913735  85  0  90474  354  54  1344594  268  90474  0  66906  515332  801  263  394602112  1285  3877  3805  3805  52.4137510171  
1441331345  0  985696  515332  621986  85  10214427  1329  69757  30629  122142008817  1665  0  916501  916586  85  0  90474  354  54  1346973  269  90474  0  69757  515332  801  263  155380187  0  2496  2851  2851  52.281027822  
1441331346  0  989248  515332  623371  85  10286534  1381  72954  32441  122577876664  1665  0  919698  919783  85  0  90474  354  54  1349923  270  90474  0  72954  515332  801  263  435867847  0  3552  3197  3197  52.0933072394  
1441331346  0  997696  521444  625593  85  10385387  1386  72801  36013  123044294445  1665  0  925657  925742  85  0  90474  354  54  1355232  272  90474  0  72801  521444  801  263  466417781  6112  8448  5959  5959  52.264818141  
1441331347  0  997696  521444  625593  85  10385387  1386  72801  36013  123044294445  1665  0  925657  925742  85  0  90474  354  54  1355232  272  90474  0  72801  521444  801  263  0  0  0  0  0  52.264818141  
1441331347  0  1003973  523781  629415  85  10462073  1416  75238  36898  123719358531  1665  0  930431  930516  85  0  90474  354  54  1359645  272  90474  0  75238  523781  803  263  675064086  2337  6277  4774  4774  52.170825311  
1441331348  0  1007174  524806  630858  85  10496020  1406  72905  37384  124112412697  1665  0  932361  932446  85  0  90474  354  54  1363305  271  90474  0  72905  524806  805  264  393054166  1025  3201  1930  1930  52.1067859178  
1441331348  0  1009738  525578  631942  85  10509110  1415  73459  37103  124428600293  1665  0  933941  934026  85  0  90474  354  55  1366077  270  90474  0  73459  525578  807  265  316187596  772  2564  1580  1580  52.0509280625  
1441331349  0  1014347  527371  635389  85  10539354  1418  74126  37872  125008430913  1665  0  938193  938278  85  0  90474  354  55  1370746  269  90474  0  74126  527371  810  266  579830620  1793  4609  4252  4252  51.9911825046  
1441331349  0  1022362  532661  639778  85  10577636  1436  75910  39771  125815283306  1665  0  945268  945353  85  0  90474  354  56  1375187  268  90474  0  75910  532661  810  266  806852393  5290  8015  7075  7075  52.1010170566  
1441331350  0  1024122  532661  640981  85  10592304  1457  77361  40019  126191767037  1665  0  946719  946804  85  0  90474  354  56  1376960  268  90474  0  77361  532661  810  266  376483731  0  1760  1451  1451  52.0114791011  
1441331351  0  1024122  532661  640981  85  10592304  1457  77361  40019  126191767037  1665  0  946719  946804  85  0  90474  354  56  1376960  268  90474  0  77361  532661  810  266  0  0  0  0  0  52.0114791011  
1441331351  0  1024698  532661  641234  85  10594431  1461  77621  40026  126258085016  1665  0  946979  947064  85  0  90474  354  56  1377072  268  90474  0  77621  532661  810  266  66317979  0  576  260  260  51.9822425729  
1441331352  0  1025188  532750  641790  85  10398943  1471  78134  39983  126357640640  1665  0  947581  947666  85  0  90474  354  56  1377090  268  90474  0  78134  532750  810  266  99555624  89  490  602  602  51.9660784168  
1441331352  0  1026884  532750  643140  85  10410503  1492  79551  40050  126766464797  1665  0  948998  949083  85  0  90474  354  56  1377329  268  90474  0  79551  532750  810  266  408824157  0  1696  1417  1417  51.8802513234  
