#type:G;
#time  Rt  Nm  Tt  Nc  Rx  Gz  Pc  Pf  Ra  Te  Pm  Fp  Fc  Ta  Fm  Om  Lm  Oc  Sm  Sc  Em  Af  Ea  Cf  Ec  Gd  Zt  Et  Ep  dedup_put_diff  total_eph_put_diff  dedup_factor  dedup_curr  compression_saving  tze_saving  
1441331019  0  0  5  0  0  0  0  0  0  0  0  0  0  0  0  0  0  0  0  0  0  0  0  0  0  0  0  0  0  0  0  0 0 0 0 
1441331019  0  0  6  0  0  0  0  0  0  0  0  0  0  0  0  0  0  0  0  0  0  0  0  0  0  0  0  0  0  0  0  0 0 0 0 
1441331020  0  0  6  0  0  0  0  0  0  0  0  0  0  0  0  0  0  0  0  0  0  0  0  0  0  0  0  0  0  0  0  0 0 0 0 
1441331020  0  0  7  0  0  0  0  0  0  0  0  0  0  0  0  0  0  0  0  0  0  0  0  0  0  0  0  0  0  0  0  0 0 0 0 
1441331021  0  0  8  0  0  0  0  0  0  0  0  0  0  0  0  0  0  0  0  0  0  0  0  0  0  0  0  0  0  0  0  0 0 0 0 
1441331021  0  0  9  0  0  0  0  0  0  0  0  0  0  0  0  0  0  0  0  0  0  0  0  0  0  0  0  0  0  0  0  0 0 0 0 
1441331022  0  0  10  0  0  0  0  0  0  0  0  0  0  0  0  0  0  0  0  0  0  0  0  0  0  0  0  0  0  0  0  0 0 0 0 
1441331022  0  0  11  0  0  0  0  0  0  0  0  0  0  0  0  0  0  0  0  0  0  0  0  0  0  0  0  0  0  0  0  0 0 0 0 
1441331023  0  0  12  0  0  0  0  0  0  0  0  0  0  0  0  0  0  0  0  0  0  0  0  0  0  0  0  0  0  0  0  0 0 0 0 
1441331023  0  0  12  0  0  0  0  0  0  0  0  0  0  0  0  0  0  0  0  0  0  0  0  0  0  0  0  0  0  0  0  0 0 0 0 
1441331024  0  0  13  0  0  0  0  0  0  0  0  0  0  0  0  0  0  0  0  0  0  0  0  0  0  0  0  0  0  0  0  0 0 0 0 
1441331024  0  0  14  0  0  0  0  0  0  0  0  0  0  0  0  0  0  0  0  0  0  0  0  0  0  0  0  0  0  0  0  0 0 0 0 
1441331025  0  0  15  0  0  0  0  0  0  0  0  0  0  0  0  0  0  0  0  0  0  0  0  0  0  0  0  0  0  0  0  0 0 0 0 
1441331025  0  0  16  0  0  0  0  0  0  0  0  0  0  0  0  0  0  0  0  0  0  0  0  0  0  0  0  0  0  0  0  0 0 0 0 
1441331026  0  0  17  0  0  0  0  0  0  0  0  0  0  0  0  0  0  0  0  0  0  0  0  0  0  0  0  0  0  0  0  0 0 0 0 
1441331026  0  0  18  0  0  0  0  0  0  0  0  0  0  0  0  0  0  0  0  0  0  0  0  0  0  0  0  0  0  0  0  0 0 0 0 
1441331027  0  0  18  0  0  0  0  0  0  0  0  0  0  0  0  0  0  0  0  0  0  0  0  0  0  0  0  0  0  0  0  0 0 0 0 
1441331027  0  0  19  0  0  0  0  0  0  0  0  0  0  0  0  0  0  0  0  0  0  0  0  0  0  0  0  0  0  0  0  0 0 0 0 
1441331028  0  0  20  0  0  0  0  0  0  0  0  0  0  0  0  0  0  0  0  0  0  0  0  0  0  0  0  0  0  0  0  0 0 0 0 
1441331028  0  0  21  0  0  0  0  0  0  0  0  0  0  0  0  0  0  0  0  0  0  0  0  0  0  0  0  0  0  0  0  0 0 0 0 
1441331029  0  0  22  0  0  0  0  0  0  0  0  0  0  0  0  0  0  0  0  0  0  0  0  0  0  0  0  0  0  0  0  0 0 0 0 
1441331029  0  0  23  0  0  0  0  0  0  0  0  0  0  0  0  0  0  0  0  0  0  0  0  0  0  0  0  0  0  0  0  0 0 0 0 
1441331030  0  0  24  0  0  0  0  0  0  0  0  0  0  0  0  0  0  0  0  0  0  0  0  0  0  0  0  0  0  0  0  0 0 0 0 
1441331030  0  0  24  0  0  0  0  0  0  0  0  0  0  0  0  0  0  0  0  0  0  0  0  0  0  0  0  0  0  0  0  0 0 0 0 
1441331031  0  0  25  0  0  0  0  0  0  0  0  0  0  0  0  0  0  0  0  0  0  0  0  0  0  0  0  0  0  0  0  0 0 0 0 
1441331031  0  0  26  0  0  0  0  0  0  0  0  0  0  0  0  0  0  0  0  0  0  0  0  0  0  0  0  0  0  0  0  0 0 0 0 
1441331032  0  0  27  0  0  0  0  0  0  0  0  0  0  0  0  0  0  0  0  0  0  0  0  0  0  0  0  0  0  0  0  0 0 0 0 
1441331032  0  0  28  0  0  0  0  0  0  0  0  0  0  0  0  0  0  0  0  0  0  0  0  0  0  0  0  0  0  0  0  0 0 0 0 
1441331033  0  0  29  0  0  0  0  0  0  0  0  0  0  0  0  0  0  0  0  0  0  0  0  0  0  0  0  0  0  0  0  0 0 0 0 
1441331033  0  0  30  0  0  0  0  0  0  0  0  0  0  0  0  0  0  0  0  0  0  0  0  0  0  0  0  0  0  0  0  0 0 0 0 
1441331034  0  0  30  0  0  0  0  0  0  0  0  0  0  0  0  0  0  0  0  0  0  0  0  0  0  0  0  0  0  0  0  0 0 0 0 
1441331034  0  0  31  0  0  0  0  0  0  0  0  0  0  0  0  0  0  0  0  0  0  0  0  0  0  0  0  0  0  0  0  0 0 0 0 
1441331035  0  0  32  0  0  0  0  0  0  0  0  0  0  0  0  0  0  0  0  0  0  0  0  0  0  0  0  0  0  0  0  0 0 0 0 
1441331035  0  0  33  0  0  0  0  0  0  0  0  0  0  0  0  0  0  0  0  0  0  0  0  0  0  0  0  0  0  0  0  0 0 0 0 
1441331036  0  0  34  0  0  0  0  0  0  0  0  0  0  0  0  0  0  0  0  0  0  0  0  0  0  0  0  0  0  0  0  0 0 0 0 
1441331036  0  0  35  0  0  0  0  0  0  0  0  0  0  0  0  0  0  0  0  0  0  0  0  0  0  0  0  0  0  0  0  0 0 0 0 
1441331037  0  0  36  0  0  0  0  0  0  0  0  0  0  0  0  0  0  0  0  0  0  0  0  0  0  0  0  0  0  0  0  0 0 0 0 
1441331037  0  0  36  0  0  0  0  0  0  0  0  0  0  0  0  0  0  0  0  0  0  0  0  0  0  0  0  0  0  0  0  0 0 0 0 
1441331038  0  0  37  0  0  0  0  0  0  0  0  0  0  0  0  0  0  0  0  0  0  0  0  0  0  0  0  0  0  0  0  0 0 0 0 
1441331038  0  0  38  0  0  0  0  0  0  0  0  0  0  0  0  0  0  0  0  0  0  0  0  0  0  0  0  0  0  0  0  0 0 0 0 
1441331039  0  0  39  0  0  0  0  0  0  0  0  0  0  0  0  0  0  0  0  0  0  0  0  0  0  0  0  0  0  0  0  0 0 0 0 
1441331039  0  0  40  0  0  0  0  0  0  0  0  0  0  0  0  0  0  0  0  0  0  0  0  0  0  0  0  0  0  0  0  0 0 0 0 
1441331040  0  0  41  0  0  0  0  0  0  0  0  0  0  0  0  0  0  0  0  0  0  0  0  0  0  0  0  0  0  0  0  0 0 0 0 
1441331040  0  0  42  0  0  0  0  0  0  0  0  0  0  0  0  0  0  0  0  0  0  0  0  0  0  0  0  0  0  0  0  0 0 0 0 
1441331041  0  0  42  0  0  0  0  0  0  0  0  0  0  0  0  0  0  0  0  0  0  0  0  0  0  0  0  0  0  0  0  0 0 0 0 
1441331041  0  0  43  0  0  0  0  0  0  0  0  0  0  0  0  0  0  0  0  0  0  0  0  0  0  0  0  0  0  0  0  0 0 0 0 
1441331042  0  0  44  0  0  0  0  0  0  0  0  0  0  0  0  0  0  0  0  0  0  0  0  0  0  0  0  0  0  0  0  0 0 0 0 
1441331042  0  0  45  0  0  0  0  0  0  0  0  0  0  0  0  0  0  0  0  0  0  0  0  0  0  0  0  0  0  0  0  0 0 0 0 
1441331043  0  0  46  0  0  0  0  0  0  0  0  0  0  0  0  0  0  0  0  0  0  0  0  0  0  0  0  0  0  0  0  0 0 0 0 
1441331043  0  0  47  0  0  0  0  0  0  0  0  0  0  0  0  0  0  0  0  0  0  0  0  0  0  0  0  0  0  0  0  0 0 0 0 
1441331044  0  0  48  0  0  0  0  0  0  0  0  0  0  0  0  0  0  0  0  0  0  0  0  0  0  0  0  0  0  0  0  0 0 0 0 
1441331044  0  0  48  0  0  0  0  0  0  0  0  0  0  0  0  0  0  0  0  0  0  0  0  0  0  0  0  0  0  0  0  0 0 0 0 
1441331045  0  0  49  0  0  0  0  0  0  0  0  0  0  0  0  0  0  0  0  0  0  0  0  0  0  0  0  0  0  0  0  0 0 0 0 
1441331045  0  0  50  0  0  0  0  0  0  0  0  0  0  0  0  0  0  0  0  0  0  0  0  0  0  0  0  0  0  0  0  0 0 0 0 
1441331046  0  0  51  0  0  0  0  0  0  0  0  0  0  0  0  0  0  0  0  0  0  0  0  0  0  0  0  0  0  0  0  0 0 0 0 
1441331046  0  0  52  0  0  0  0  0  0  0  0  0  0  0  0  0  0  0  0  0  0  0  0  0  0  0  0  0  0  0  0  0 0 0 0 
1441331047  0  0  53  0  0  0  0  0  0  0  0  0  0  0  0  0  0  0  0  0  0  0  0  0  0  0  0  0  0  0  0  0 0 0 0 
1441331047  0  0  54  0  0  0  0  0  0  0  0  0  0  0  0  0  0  0  0  0  0  0  0  0  0  0  0  0  0  0  0  0 0 0 0 
1441331048  0  0  54  0  0  0  0  0  0  0  0  0  0  0  0  0  0  0  0  0  0  0  0  0  0  0  0  0  0  0  0  0 0 0 0 
1441331048  0  0  55  0  0  0  0  0  0  0  0  0  0  0  0  0  0  0  0  0  0  0  0  0  0  0  0  0  0  0  0  0 0 0 0 
1441331049  0  0  56  0  0  0  0  0  0  0  0  0  0  0  0  0  0  0  0  0  0  0  0  0  0  0  0  0  0  0  0  0 0 0 0 
1441331049  0  0  57  0  0  0  0  0  0  0  0  0  0  0  0  0  0  0  0  0  0  0  0  0  0  0  0  0  0  0  0  0 0 0 0 
1441331050  0  0  58  0  0  0  0  0  0  0  0  0  0  0  0  0  0  0  0  0  0  0  0  0  0  0  0  0  0  0  0  0 0 0 0 
1441331050  0  0  59  0  0  0  0  0  0  0  0  0  0  0  0  0  0  0  0  0  0  0  0  0  0  0  0  0  0  0  0  0 0 0 0 
1441331051  0  0  60  0  0  0  0  0  0  0  0  0  0  0  0  0  0  0  0  0  0  0  0  0  0  0  0  0  0  0  0  0 0 0 0 
1441331051  0  0  60  0  0  0  0  0  0  0  0  0  0  0  0  0  0  0  0  0  0  0  0  0  0  0  0  0  0  0  0  0 0 0 0 
1441331052  0  0  61  0  0  0  0  0  0  0  0  0  0  0  0  0  0  0  0  0  0  0  0  0  0  0  0  0  0  0  0  0 0 0 0 
1441331052  0  0  62  0  0  0  0  0  0  0  0  0  0  0  0  0  0  0  0  0  0  0  0  0  0  0  0  0  0  0  0  0 0 0 0 
1441331053  0  0  63  0  0  0  0  0  0  0  0  0  0  0  0  0  0  0  0  0  0  0  0  0  0  0  0  0  0  0  0  0 0 0 0 
1441331053  0  0  64  0  0  0  0  0  0  0  0  0  0  0  0  0  0  0  0  0  0  0  0  0  0  0  0  0  0  0  0  0 0 0 0 
1441331054  0  0  65  0  0  0  0  0  0  0  0  0  0  0  0  0  0  0  0  0  0  0  0  0  0  0  0  0  0  0  0  0 0 0 0 
1441331054  0  0  66  0  0  0  0  0  0  0  0  0  0  0  0  0  0  0  0  0  0  0  0  0  0  0  0  0  0  0  0  0 0 0 0 
1441331055  0  0  66  0  0  0  0  0  0  0  0  0  0  0  0  0  0  0  0  0  0  0  0  0  0  0  0  0  0  0  0  0 0 0 0 
1441331055  0  0  67  0  0  0  0  0  0  0  0  0  0  0  0  0  0  0  0  0  0  0  0  0  0  0  0  0  0  0  0  0 0 0 0 
1441331056  0  0  68  0  0  0  0  0  0  0  0  0  0  0  0  0  0  0  0  0  0  0  0  0  0  0  0  0  0  0  0  0 0 0 0 
1441331056  0  0  69  0  0  0  0  0  0  0  0  0  0  0  0  0  0  0  0  0  0  0  0  0  0  0  0  0  0  0  0  0 0 0 0 
1441331057  0  0  70  0  0  0  0  0  0  0  0  0  0  0  0  0  0  0  0  0  0  0  0  0  0  0  0  0  0  0  0  0 0 0 0 
1441331057  0  0  71  0  0  0  0  0  0  0  0  0  0  0  0  0  0  0  0  0  0  0  0  0  0  0  0  0  0  0  0  0 0 0 0 
1441331058  0  0  72  0  0  0  0  0  0  0  0  0  0  0  0  0  0  0  0  0  0  0  0  0  0  0  0  0  0  0  0  0 0 0 0 
1441331058  0  0  72  0  0  0  0  0  0  0  0  0  0  0  0  0  0  0  0  0  0  0  0  0  0  0  0  0  0  0  0  0 0 0 0 
1441331059  0  0  73  0  0  0  0  0  0  0  0  0  0  0  0  0  0  0  0  0  0  0  0  0  0  0  0  0  0  0  0  0 0 0 0 
1441331059  0  0  74  0  0  0  0  0  0  0  0  0  0  0  0  0  0  0  0  0  0  0  0  0  0  0  0  0  0  0  0  0 0 0 0 
1441331060  0  0  75  0  0  0  0  0  0  0  0  0  0  0  0  0  0  0  0  0  0  0  0  0  0  0  0  0  0  0  0  0 0 0 0 
1441331060  0  0  76  0  0  0  0  0  0  0  0  0  0  0  0  0  0  0  0  0  0  0  0  0  0  0  0  0  0  0  0  0 0 0 0 
1441331061  0  0  77  0  0  0  0  0  0  0  0  0  0  0  0  0  0  0  0  0  0  0  0  0  0  0  0  0  0  0  0  0 0 0 0 
1441331061  0  0  77  0  0  0  0  0  0  0  0  0  0  0  0  0  0  0  0  0  0  0  0  0  0  0  0  0  0  0  0  0 0 0 0 
1441331062  0  0  78  0  0  0  0  0  0  0  0  0  0  0  0  0  0  0  0  0  0  0  0  0  0  0  0  0  0  0  0  0 0 0 0 
1441331062  0  0  79  0  0  0  0  0  0  0  0  0  0  0  0  0  0  0  0  0  0  0  0  0  0  0  0  0  0  0  0  0 0 0 0 
1441331063  0  0  80  0  0  0  0  0  0  0  0  0  0  0  0  0  0  0  0  0  0  0  0  0  0  0  0  0  0  0  0  0 0 0 0 
1441331063  0  0  81  0  0  0  0  0  0  0  0  0  0  0  0  0  0  0  0  0  0  0  0  0  0  0  0  0  0  0  0  0 0 0 0 
1441331064  0  0  82  0  0  0  0  0  0  0  0  0  0  0  0  0  0  0  0  0  0  0  0  0  0  0  0  0  0  0  0  0 0 0 0 
1441331065  0  0  83  0  0  0  0  0  0  0  0  0  0  0  0  0  0  0  0  0  0  0  0  0  0  0  0  0  0  0  0  0 0 0 0 
1441331065  0  0  83  0  0  0  0  0  0  0  0  0  0  0  0  0  0  0  0  0  0  0  0  0  0  0  0  0  0  0  0  0 0 0 0 
1441331066  0  0  84  0  0  0  0  0  0  0  0  0  0  0  0  0  0  0  0  0  0  0  0  0  0  0  0  0  0  0  0  0 0 0 0 
1441331066  0  0  85  0  0  0  0  0  0  0  0  0  0  0  0  0  0  0  0  0  0  0  0  0  0  0  0  0  0  0  0  0 0 0 0 
1441331067  0  0  86  0  0  0  0  0  0  0  0  0  0  0  0  0  0  0  0  0  0  0  0  0  0  0  0  0  0  0  0  0 0 0 0 
1441331067  0  0  87  0  0  0  0  0  0  0  0  0  0  0  0  0  0  0  0  0  0  0  0  0  0  0  0  0  0  0  0  0 0 0 0 
1441331068  0  0  88  0  0  0  0  0  0  0  0  0  0  0  0  0  0  0  0  0  0  0  0  0  0  0  0  0  0  0  0  0 0 0 0 
1441331068  0  0  89  0  0  0  0  0  0  0  0  0  0  0  0  0  0  0  0  0  0  0  0  0  0  0  0  0  0  0  0  0 0 0 0 
1441331069  0  0  89  0  0  0  0  0  0  0  0  0  0  0  0  0  0  0  0  0  0  0  0  0  0  0  0  0  0  0  0  0 0 0 0 
1441331069  0  0  90  0  0  0  0  0  0  0  0  0  0  0  0  0  0  0  0  0  0  0  0  0  0  0  0  0  0  0  0  0 0 0 0 
1441331070  0  0  91  0  0  0  0  0  0  0  0  0  0  0  0  0  0  0  0  0  0  0  0  0  0  0  0  0  0  0  0  0 0 0 0 
1441331070  0  0  92  0  0  0  0  0  0  0  0  0  0  0  0  0  0  0  0  0  0  0  0  0  0  0  0  0  0  0  0  0 0 0 0 
1441331071  0  0  93  0  0  0  0  0  0  0  0  0  0  0  0  0  0  0  0  0  0  0  0  0  0  0  0  0  0  0  0  0 0 0 0 
1441331071  0  0  94  0  0  0  0  0  0  0  0  0  0  0  0  0  0  0  0  0  0  0  0  0  0  0  0  0  0  0  0  0 0 0 0 
1441331072  0  0  95  0  0  0  0  0  0  0  0  0  0  0  0  0  0  0  0  0  0  0  0  0  0  0  0  0  0  0  0  0 0 0 0 
1441331072  0  0  95  0  0  0  0  0  0  0  0  0  0  0  0  0  0  0  0  0  0  0  0  0  0  0  0  0  0  0  0  0 0 0 0 
1441331073  0  0  96  0  0  0  0  0  0  0  0  0  0  0  0  0  0  0  0  0  0  0  0  0  0  0  0  0  0  0  0  0 0 0 0 
1441331073  0  0  97  0  0  0  0  0  0  0  0  0  0  0  0  0  0  0  0  0  0  0  0  0  0  0  0  0  0  0  0  0 0 0 0 
1441331074  0  0  98  0  0  0  0  0  0  0  0  0  0  0  0  0  0  0  0  0  0  0  0  0  0  0  0  0  0  0  0  0 0 0 0 
1441331074  0  0  99  0  0  0  0  0  0  0  0  0  0  0  0  0  0  0  0  0  0  0  0  0  0  0  0  0  0  0  0  0 0 0 0 
1441331075  0  0  100  0  0  0  0  0  0  0  0  0  0  0  0  0  0  0  0  0  0  0  0  0  0  0  0  0  0  0  0  0 0 0 0 
1441331075  0  0  101  0  0  0  0  0  0  0  0  0  0  0  0  0  0  0  0  0  0  0  0  0  0  0  0  0  0  0  0  0 0 0 0 
1441331076  0  0  102  0  0  0  0  0  0  0  0  0  0  0  0  0  0  0  0  0  0  0  0  0  0  0  0  0  0  0  0  0 0 0 0 
1441331076  0  0  102  0  0  0  0  0  0  0  0  0  0  0  0  0  0  0  0  0  0  0  0  0  0  0  0  0  0  0  0  0 0 0 0 
1441331077  0  0  103  0  0  0  0  0  0  0  0  0  0  0  0  0  0  0  0  0  0  0  0  0  0  0  0  0  0  0  0  0 0 0 0 
1441331077  0  0  104  0  0  0  0  0  0  0  0  0  0  0  0  0  0  0  0  0  0  0  0  0  0  0  0  0  0  0  0  0 0 0 0 
1441331078  0  0  105  0  0  0  0  0  0  0  0  0  0  0  0  0  0  0  0  0  0  0  0  0  0  0  0  0  0  0  0  0 0 0 0 
1441331078  0  0  106  0  0  0  0  0  0  0  0  0  0  0  0  0  0  0  0  0  0  0  0  0  0  0  0  0  0  0  0  0 0 0 0 
1441331079  0  0  107  0  0  0  0  0  0  0  0  0  0  0  0  0  0  0  0  0  0  0  0  0  0  0  0  0  0  0  0  0 0 0 0 
1441331079  0  0  108  0  0  0  0  0  0  0  0  0  0  0  0  0  0  0  0  0  0  0  0  0  0  0  0  0  0  0  0  0 0 0 0 
1441331080  0  0  109  0  0  0  0  0  0  0  0  0  0  0  0  0  0  0  0  0  0  0  0  0  0  0  0  0  0  0  0  0 0 0 0 
1441331080  0  0  109  0  0  0  0  0  0  0  0  0  0  0  0  0  0  0  0  0  0  0  0  0  0  0  0  0  0  0  0  0 0 0 0 
1441331081  0  0  110  0  0  0  0  0  0  0  0  0  0  0  0  0  0  0  0  0  0  0  0  0  0  0  0  0  0  0  0  0 0 0 0 
1441331081  0  0  111  0  0  0  0  0  0  0  0  0  0  0  0  0  0  0  0  0  0  0  0  0  0  0  0  0  0  0  0  0 0 0 0 
1441331082  0  0  112  0  0  0  0  0  0  0  0  0  0  0  0  0  0  0  0  0  0  0  0  0  0  0  0  0  0  0  0  0 0 0 0 
1441331082  0  0  113  0  0  0  0  0  0  0  0  0  0  0  0  0  0  0  0  0  0  0  0  0  0  0  0  0  0  0  0  0 0 0 0 
1441331083  0  0  114  0  0  0  0  0  0  0  0  0  0  0  0  0  0  0  0  0  0  0  0  0  0  0  0  0  0  0  0  0 0 0 0 
1441331083  0  0  115  0  0  0  0  0  0  0  0  0  0  0  0  0  0  0  0  0  0  0  0  0  0  0  0  0  0  0  0  0 0 0 0 
1441331084  0  0  116  0  0  0  0  0  0  0  0  0  0  0  0  0  0  0  0  0  0  0  0  0  0  0  0  0  0  0  0  0 0 0 0 
1441331084  0  0  116  0  0  0  0  0  0  0  0  0  0  0  0  0  0  0  0  0  0  0  0  0  0  0  0  0  0  0  0  0 0 0 0 
1441331085  0  0  117  0  0  0  0  0  0  0  0  0  0  0  0  0  0  0  0  0  0  0  0  0  0  0  0  0  0  0  0  0 0 0 0 
1441331085  0  0  118  0  0  0  0  0  0  0  0  0  0  0  0  0  0  0  0  0  0  0  0  0  0  0  0  0  0  0  0  0 0 0 0 
1441331086  0  0  119  0  0  0  0  0  0  0  0  0  0  0  0  0  0  0  0  0  0  0  0  0  0  0  0  0  0  0  0  0 0 0 0 
1441331086  0  0  120  0  0  0  0  0  0  0  0  0  0  0  0  0  0  0  0  0  0  0  0  0  0  0  0  0  0  0  0  0 0 0 0 
1441331087  0  0  123  0  0  0  0  0  0  0  0  0  0  0  0  0  0  0  0  0  0  0  0  0  0  0  0  0  0  0  0  0 0 0 0 
1441331087  0  0  124  0  0  0  0  0  0  0  0  0  0  0  0  0  0  0  0  0  0  0  0  0  0  0  0  0  0  0  0  0 0 0 0 
1441331088  0  0  127  0  0  0  0  0  0  0  0  0  0  0  0  0  0  0  0  0  0  0  0  0  0  0  0  0  0  0  0  0 0 0 0 
1441331088  0  0  127  0  0  0  0  0  0  0  0  0  0  0  0  0  0  0  0  0  0  0  0  0  0  0  0  0  0  0  0  0 0 0 0 
1441331090  0  0  128  0  0  0  0  0  0  0  0  0  0  0  0  0  0  0  0  0  0  0  0  0  0  0  0  0  0  0  0  0 0 0 0 
1441331090  0  0  128  0  0  0  0  0  0  0  0  0  0  0  0  0  0  0  0  0  0  0  0  0  0  0  0  0  0  0  0  0 0 0 0 
1441331091  0  0  129  0  0  0  0  0  0  0  0  0  0  0  0  0  0  0  0  0  0  0  0  0  0  0  0  0  0  0  0  0 0 0 0 
1441331091  0  0  130  0  0  0  0  0  0  0  0  0  0  0  0  0  0  0  0  0  0  0  0  0  0  0  0  0  0  0  0  0 0 0 0 
1441331092  0  0  131  0  0  0  0  0  0  0  0  0  0  0  0  0  0  0  0  0  0  0  0  0  0  0  0  0  0  0  0  0 0 0 0 
1441331092  0  0  132  0  0  0  0  0  0  0  0  0  0  0  0  0  0  0  0  0  0  0  0  0  0  0  0  0  0  0  0  0 0 0 0 
1441331093  0  0  133  0  0  0  0  0  0  0  0  0  0  0  0  0  0  0  0  0  0  0  0  0  0  0  0  0  0  0  0  0 0 0 0 
1441331093  0  0  134  0  0  0  0  0  0  0  0  0  0  0  0  0  0  0  0  0  0  0  0  0  0  0  0  0  0  0  0  0 0 0 0 
1441331094  0  0  134  0  0  0  0  0  0  0  0  0  0  0  0  0  0  0  0  0  0  0  0  0  0  0  0  0  0  0  0  0 0 0 0 
1441331094  0  0  213  0  0  0  0  0  0  77  0  0  0  0  0  0  0  0  0  0  0  0  0  0  0  0  0  0  0  0  0  0 0 0 0 
1441331095  0  0  1052  0  0  0  0  0  0  915  0  0  0  0  0  0  0  0  0  0  0  0  0  0  0  0  0  0  0  0  0  0 0 0 0 
1441331095  0  0  1664  0  0  0  0  0  0  1526  0  0  0  0  0  0  0  0  0  0  0  0  0  0  0  0  0  0  0  0  0  0 0 0 0 
1441331096  0  0  1899  0  0  0  0  0  0  1760  0  0  0  0  0  0  0  0  0  0  0  0  0  0  0  0  0  0  0  0  0  0 0 0 0 
1441331096  0  0  2424  0  0  0  0  0  0  2284  0  0  0  0  0  0  0  0  0  0  0  0  0  0  0  0  0  0  0  0  0  0 0 0 0 
1441331097  0  0  2878  0  0  0  0  0  0  2685  0  0  0  0  0  0  0  0  0  0  0  0  0  0  0  0  0  0  0  0  0  0 0 0 0 
1441331097  0  0  2878  0  0  0  0  0  0  2685  0  0  0  0  0  0  0  0  0  0  0  0  0  0  0  0  0  0  0  0  0  0 0 0 0 
1441331098  0  0  3860  0  0  0  0  0  0  3661  0  0  0  0  0  0  0  0  0  0  0  0  0  0  0  0  0  0  0  0  0  0 0 0 0 
1441331098  0  0  4963  0  0  0  0  0  0  4752  0  0  0  0  0  0  0  0  0  0  0  0  0  0  0  0  0  0  0  0  0  0 0 0 0 
1441331099  0  0  5107  0  0  0  0  0  0  4895  0  0  0  0  0  0  0  0  0  0  0  0  0  0  0  0  0  0  0  0  0  0 0 0 0 
1441331099  0  0  5108  0  0  0  0  0  0  4895  0  0  0  0  0  0  0  0  0  0  0  0  0  0  0  0  0  0  0  0  0  0 0 0 0 
1441331100  0  0  5109  0  0  0  0  0  0  4895  0  0  0  0  0  0  0  0  0  0  0  0  0  0  0  0  0  0  0  0  0  0 0 0 0 
1441331100  0  0  5110  0  0  0  0  0  0  4895  0  0  0  0  0  0  0  0  0  0  0  0  0  0  0  0  0  0  0  0  0  0 0 0 0 
1441331101  0  0  5111  0  0  0  0  0  0  4895  0  0  0  0  0  0  0  0  0  0  0  0  0  0  0  0  0  0  0  0  0  0 0 0 0 
1441331101  0  0  5111  0  0  0  0  0  0  4895  0  0  0  0  0  0  0  0  0  0  0  0  0  0  0  0  0  0  0  0  0  0 0 0 0 
1441331102  0  0  5112  0  0  0  0  0  0  4895  0  0  0  0  0  0  0  0  0  0  0  0  0  0  0  0  0  0  0  0  0  0 0 0 0 
1441331102  0  0  5113  0  0  0  0  0  0  4895  0  0  0  0  0  0  0  0  0  0  0  0  0  0  0  0  0  0  0  0  0  0 0 0 0 
1441331103  0  0  5114  0  0  0  0  0  0  4895  0  0  0  0  0  0  0  0  0  0  0  0  0  0  0  0  0  0  0  0  0  0 0 0 0 
1441331103  0  0  5115  0  0  0  0  0  0  4895  0  0  0  0  0  0  0  0  0  0  0  0  0  0  0  0  0  0  0  0  0  0 0 0 0 
1441331104  0  0  5116  0  0  0  0  0  0  4895  0  0  0  0  0  0  0  0  0  0  0  0  0  0  0  0  0  0  0  0  0  0 0 0 0 
1441331104  0  0  5117  0  0  0  0  0  0  4895  0  0  0  0  0  0  0  0  0  0  0  0  0  0  0  0  0  0  0  0  0  0 0 0 0 
1441331105  0  0  5118  0  0  0  0  0  0  4895  0  0  0  0  0  0  0  0  0  0  0  0  0  0  0  0  0  0  0  0  0  0 0 0 0 
1441331105  0  0  5118  0  0  0  0  0  0  4895  0  0  0  0  0  0  0  0  0  0  0  0  0  0  0  0  0  0  0  0  0  0 0 0 0 
1441331106  0  0  5119  0  0  0  0  0  0  4895  0  0  0  0  0  0  0  0  0  0  0  0  0  0  0  0  0  0  0  0  0  0 0 0 0 
1441331106  0  0  5120  0  0  0  0  0  0  4895  0  0  0  0  0  0  0  0  0  0  0  0  0  0  0  0  0  0  0  0  0  0 0 0 0 
1441331107  0  0  5121  0  0  0  0  0  0  4895  0  0  0  0  0  0  0  0  0  0  0  0  0  0  0  0  0  0  0  0  0  0 0 0 0 
1441331107  0  0  5122  0  0  0  0  0  0  4895  0  0  0  0  0  0  0  0  0  0  0  0  0  0  0  0  0  0  0  0  0  0 0 0 0 
1441331108  0  0  5123  0  0  0  0  0  0  4895  0  0  0  0  0  0  0  0  0  0  0  0  0  0  0  0  0  0  0  0  0  0 0 0 0 
1441331108  0  0  5124  0  0  0  0  0  0  4895  0  0  0  0  0  0  0  0  0  0  0  0  0  0  0  0  0  0  0  0  0  0 0 0 0 
1441331109  0  0  5124  0  0  0  0  0  0  4895  0  0  0  0  0  0  0  0  0  0  0  0  0  0  0  0  0  0  0  0  0  0 0 0 0 
1441331109  0  0  5125  0  0  0  0  0  0  4895  0  0  0  0  0  0  0  0  0  0  0  0  0  0  0  0  0  0  0  0  0  0 0 0 0 
1441331110  0  0  5126  0  0  0  0  0  0  4895  0  0  0  0  0  0  0  0  0  0  0  0  0  0  0  0  0  0  0  0  0  0 0 0 0 
1441331110  0  0  5127  0  0  0  0  0  0  4895  0  0  0  0  0  0  0  0  0  0  0  0  0  0  0  0  0  0  0  0  0  0 0 0 0 
1441331111  0  0  5128  0  0  0  0  0  0  4895  0  0  0  0  0  0  0  0  0  0  0  0  0  0  0  0  0  0  0  0  0  0 0 0 0 
1441331111  0  0  5129  0  0  0  0  0  0  4895  0  0  0  0  0  0  0  0  0  0  0  0  0  0  0  0  0  0  0  0  0  0 0 0 0 
1441331112  0  0  5130  0  0  0  0  0  0  4895  0  0  0  0  0  0  0  0  0  0  0  0  0  0  0  0  0  0  0  0  0  0 0 0 0 
1441331113  0  0  5131  0  0  0  0  0  0  4895  0  0  0  0  0  0  0  0  0  0  0  0  0  0  0  0  0  0  0  0  0  0 0 0 0 
1441331113  0  0  5131  0  0  0  0  0  0  4895  0  0  0  0  0  0  0  0  0  0  0  0  0  0  0  0  0  0  0  0  0  0 0 0 0 
1441331114  0  0  5132  0  0  0  0  0  0  4895  0  0  0  0  0  0  0  0  0  0  0  0  0  0  0  0  0  0  0  0  0  0 0 0 0 
1441331114  0  0  5133  0  0  0  0  0  0  4895  0  0  0  0  0  0  0  0  0  0  0  0  0  0  0  0  0  0  0  0  0  0 0 0 0 
1441331115  0  0  5134  0  0  0  0  0  0  4895  0  0  0  0  0  0  0  0  0  0  0  0  0  0  0  0  0  0  0  0  0  0 0 0 0 
1441331115  0  0  5135  0  0  0  0  0  0  4895  0  0  0  0  0  0  0  0  0  0  0  0  0  0  0  0  0  0  0  0  0  0 0 0 0 
1441331116  0  0  5136  0  0  0  0  0  0  4895  0  0  0  0  0  0  0  0  0  0  0  0  0  0  0  0  0  0  0  0  0  0 0 0 0 
1441331116  0  0  5137  0  0  0  0  0  0  4895  0  0  0  0  0  0  0  0  0  0  0  0  0  0  0  0  0  0  0  0  0  0 0 0 0 
1441331117  0  0  5138  0  0  0  0  0  0  4895  0  0  0  0  0  0  0  0  0  0  0  0  0  0  0  0  0  0  0  0  0  0 0 0 0 
1441331117  0  0  5138  0  0  0  0  0  0  4895  0  0  0  0  0  0  0  0  0  0  0  0  0  0  0  0  0  0  0  0  0  0 0 0 0 
1441331118  0  0  5139  0  0  0  0  0  0  4895  0  0  0  0  0  0  0  0  0  0  0  0  0  0  0  0  0  0  0  0  0  0 0 0 0 
1441331118  0  0  5140  0  0  0  0  0  0  4895  0  0  0  0  0  0  0  0  0  0  0  0  0  0  0  0  0  0  0  0  0  0 0 0 0 
1441331119  0  0  5141  0  0  0  0  0  0  4895  0  0  0  0  0  0  0  0  0  0  0  0  0  0  0  0  0  0  0  0  0  0 0 0 0 
1441331119  0  0  5142  0  0  0  0  0  0  4895  0  0  0  0  0  0  0  0  0  0  0  0  0  0  0  0  0  0  0  0  0  0 0 0 0 
1441331120  0  0  5143  0  0  0  0  0  0  4895  0  0  0  0  0  0  0  0  0  0  0  0  0  0  0  0  0  0  0  0  0  0 0 0 0 
1441331120  0  0  5144  0  0  0  0  0  0  4895  0  0  0  0  0  0  0  0  0  0  0  0  0  0  0  0  0  0  0  0  0  0 0 0 0 
1441331121  0  0  5145  0  0  0  0  0  0  4895  0  0  0  0  0  0  0  0  0  0  0  0  0  0  0  0  0  0  0  0  0  0 0 0 0 
1441331121  0  0  5145  0  0  0  0  0  0  4895  0  0  0  0  0  0  0  0  0  0  0  0  0  0  0  0  0  0  0  0  0  0 0 0 0 
1441331122  0  0  5146  0  0  0  0  0  0  4895  0  0  0  0  0  0  0  0  0  0  0  0  0  0  0  0  0  0  0  0  0  0 0 0 0 
1441331122  0  0  5147  0  0  0  0  0  0  4895  0  0  0  0  0  0  0  0  0  0  0  0  0  0  0  0  0  0  0  0  0  0 0 0 0 
1441331123  0  0  5148  0  0  0  0  0  0  4895  0  0  0  0  0  0  0  0  0  0  0  0  0  0  0  0  0  0  0  0  0  0 0 0 0 
1441331123  0  0  5149  0  0  0  0  0  0  4895  0  0  0  0  0  0  0  0  0  0  0  0  0  0  0  0  0  0  0  0  0  0 0 0 0 
1441331124  0  0  5150  0  0  0  0  0  0  4895  0  0  0  0  0  0  0  0  0  0  0  0  0  0  0  0  0  0  0  0  0  0 0 0 0 
1441331124  0  0  5151  0  0  0  0  0  0  4895  0  0  0  0  0  0  0  0  0  0  0  0  0  0  0  0  0  0  0  0  0  0 0 0 0 
1441331125  0  0  5151  0  0  0  0  0  0  4895  0  0  0  0  0  0  0  0  0  0  0  0  0  0  0  0  0  0  0  0  0  0 0 0 0 
1441331125  0  0  5152  0  0  0  0  0  0  4895  0  0  0  0  0  0  0  0  0  0  0  0  0  0  0  0  0  0  0  0  0  0 0 0 0 
1441331126  0  0  5153  0  0  0  0  0  0  4895  0  0  0  0  0  0  0  0  0  0  0  0  0  0  0  0  0  0  0  0  0  0 0 0 0 
1441331126  0  0  5154  0  0  0  0  0  0  4895  0  0  0  0  0  0  0  0  0  0  0  0  0  0  0  0  0  0  0  0  0  0 0 0 0 
1441331127  0  0  5155  0  0  0  0  0  0  4895  0  0  0  0  0  0  0  0  0  0  0  0  0  0  0  0  0  0  0  0  0  0 0 0 0 
1441331127  0  0  5156  0  0  0  0  0  0  4895  0  0  0  0  0  0  0  0  0  0  0  0  0  0  0  0  0  0  0  0  0  0 0 0 0 
1441331128  0  0  5157  0  0  0  0  0  0  4895  0  0  0  0  0  0  0  0  0  0  0  0  0  0  0  0  0  0  0  0  0  0 0 0 0 
1441331128  0  0  5158  0  0  0  0  0  0  4895  0  0  0  0  0  0  0  0  0  0  0  0  0  0  0  0  0  0  0  0  0  0 0 0 0 
1441331129  0  0  5158  0  0  0  0  0  0  4895  0  0  0  0  0  0  0  0  0  0  0  0  0  0  0  0  0  0  0  0  0  0 0 0 0 
1441331129  0  0  5159  0  0  0  0  0  0  4895  0  0  0  0  0  0  0  0  0  0  0  0  0  0  0  0  0  0  0  0  0  0 0 0 0 
1441331130  0  0  5160  0  0  0  0  0  0  4895  0  0  0  0  0  0  0  0  0  0  0  0  0  0  0  0  0  0  0  0  0  0 0 0 0 
1441331130  0  0  5161  0  0  0  0  0  0  4895  0  0  0  0  0  0  0  0  0  0  0  0  0  0  0  0  0  0  0  0  0  0 0 0 0 
1441331131  0  0  5162  0  0  0  0  0  0  4895  0  0  0  0  0  0  0  0  0  0  0  0  0  0  0  0  0  0  0  0  0  0 0 0 0 
1441331131  0  0  5163  0  0  0  0  0  0  4895  0  0  0  0  0  0  0  0  0  0  0  0  0  0  0  0  0  0  0  0  0  0 0 0 0 
1441331132  0  0  5164  0  0  0  0  0  0  4895  0  0  0  0  0  0  0  0  0  0  0  0  0  0  0  0  0  0  0  0  0  0 0 0 0 
1441331132  0  0  5165  0  0  0  0  0  0  4895  0  0  0  0  0  0  0  0  0  0  0  0  0  0  0  0  0  0  0  0  0  0 0 0 0 
1441331133  0  0  5165  0  0  0  0  0  0  4895  0  0  0  0  0  0  0  0  0  0  0  0  0  0  0  0  0  0  0  0  0  0 0 0 0 
1441331133  0  0  5166  0  0  0  0  0  0  4895  0  0  0  0  0  0  0  0  0  0  0  0  0  0  0  0  0  0  0  0  0  0 0 0 0 
1441331134  0  0  5167  0  0  0  0  0  0  4895  0  0  0  0  0  0  0  0  0  0  0  0  0  0  0  0  0  0  0  0  0  0 0 0 0 
1441331134  0  0  5168  0  0  0  0  0  0  4895  0  0  0  0  0  0  0  0  0  0  0  0  0  0  0  0  0  0  0  0  0  0 0 0 0 
1441331135  0  0  5169  0  0  0  0  0  0  4895  0  0  0  0  0  0  0  0  0  0  0  0  0  0  0  0  0  0  0  0  0  0 0 0 0 
1441331135  0  0  5170  0  0  0  0  0  0  4895  0  0  0  0  0  0  0  0  0  0  0  0  0  0  0  0  0  0  0  0  0  0 0 0 0 
1441331136  0  0  5171  0  0  0  0  0  0  4895  0  0  0  0  0  0  0  0  0  0  0  0  0  0  0  0  0  0  0  0  0  0 0 0 0 
1441331136  0  0  5172  0  0  0  0  0  0  4895  0  0  0  0  0  0  0  0  0  0  0  0  0  0  0  0  0  0  0  0  0  0 0 0 0 
1441331137  0  0  5172  0  0  0  0  0  0  4895  0  0  0  0  0  0  0  0  0  0  0  0  0  0  0  0  0  0  0  0  0  0 0 0 0 
1441331137  0  0  5173  0  0  0  0  0  0  4895  0  0  0  0  0  0  0  0  0  0  0  0  0  0  0  0  0  0  0  0  0  0 0 0 0 
1441331138  0  0  5174  0  0  0  0  0  0  4895  0  0  0  0  0  0  0  0  0  0  0  0  0  0  0  0  0  0  0  0  0  0 0 0 0 
1441331138  0  0  5175  0  0  0  0  0  0  4895  0  0  0  0  0  0  0  0  0  0  0  0  0  0  0  0  0  0  0  0  0  0 0 0 0 
1441331139  0  0  5176  0  0  0  0  0  0  4895  0  0  0  0  0  0  0  0  0  0  0  0  0  0  0  0  0  0  0  0  0  0 0 0 0 
1441331139  0  0  5177  0  0  0  0  0  0  4895  0  0  0  0  0  0  0  0  0  0  0  0  0  0  0  0  0  0  0  0  0  0 0 0 0 
1441331140  0  0  5178  0  0  0  0  0  0  4895  0  0  0  0  0  0  0  0  0  0  0  0  0  0  0  0  0  0  0  0  0  0 0 0 0 
1441331141  0  0  5178  0  0  0  0  0  0  4895  0  0  0  0  0  0  0  0  0  0  0  0  0  0  0  0  0  0  0  0  0  0 0 0 0 
1441331141  0  0  5179  0  0  0  0  0  0  4895  0  0  0  0  0  0  0  0  0  0  0  0  0  0  0  0  0  0  0  0  0  0 0 0 0 
1441331142  0  0  5180  0  0  0  0  0  0  4895  0  0  0  0  0  0  0  0  0  0  0  0  0  0  0  0  0  0  0  0  0  0 0 0 0 
1441331142  0  0  5181  0  0  0  0  0  0  4895  0  0  0  0  0  0  0  0  0  0  0  0  0  0  0  0  0  0  0  0  0  0 0 0 0 
1441331143  0  0  5182  0  0  0  0  0  0  4895  0  0  0  0  0  0  0  0  0  0  0  0  0  0  0  0  0  0  0  0  0  0 0 0 0 
1441331143  0  0  5183  0  0  0  0  0  0  4895  0  0  0  0  0  0  0  0  0  0  0  0  0  0  0  0  0  0  0  0  0  0 0 0 0 
1441331144  0  0  5184  0  0  0  0  0  0  4895  0  0  0  0  0  0  0  0  0  0  0  0  0  0  0  0  0  0  0  0  0  0 0 0 0 
1441331144  0  0  5185  0  0  0  0  0  0  4895  0  0  0  0  0  0  0  0  0  0  0  0  0  0  0  0  0  0  0  0  0  0 0 0 0 
1441331145  0  0  5185  0  0  0  0  0  0  4895  0  0  0  0  0  0  0  0  0  0  0  0  0  0  0  0  0  0  0  0  0  0 0 0 0 
1441331145  0  0  5186  0  0  0  0  0  0  4895  0  0  0  0  0  0  0  0  0  0  0  0  0  0  0  0  0  0  0  0  0  0 0 0 0 
1441331146  0  0  5187  0  0  0  0  0  0  4895  0  0  0  0  0  0  0  0  0  0  0  0  0  0  0  0  0  0  0  0  0  0 0 0 0 
1441331146  0  0  5188  0  0  0  0  0  0  4895  0  0  0  0  0  0  0  0  0  0  0  0  0  0  0  0  0  0  0  0  0  0 0 0 0 
1441331147  0  0  5189  0  0  0  0  0  0  4895  0  0  0  0  0  0  0  0  0  0  0  0  0  0  0  0  0  0  0  0  0  0 0 0 0 
1441331147  0  0  5190  0  0  0  0  0  0  4895  0  0  0  0  0  0  0  0  0  0  0  0  0  0  0  0  0  0  0  0  0  0 0 0 0 
1441331148  0  0  5191  0  0  0  0  0  0  4895  0  0  0  0  0  0  0  0  0  0  0  0  0  0  0  0  0  0  0  0  0  0 0 0 0 
1441331148  0  0  5191  0  0  0  0  0  0  4895  0  0  0  0  0  0  0  0  0  0  0  0  0  0  0  0  0  0  0  0  0  0 0 0 0 
1441331149  0  0  5192  0  0  0  0  0  0  4895  0  0  0  0  0  0  0  0  0  0  0  0  0  0  0  0  0  0  0  0  0  0 0 0 0 
1441331149  0  0  5193  0  0  0  0  0  0  4895  0  0  0  0  0  0  0  0  0  0  0  0  0  0  0  0  0  0  0  0  0  0 0 0 0 
1441331150  0  0  5194  0  0  0  0  0  0  4895  0  0  0  0  0  0  0  0  0  0  0  0  0  0  0  0  0  0  0  0  0  0 0 0 0 
1441331150  0  0  5195  0  0  0  0  0  0  4895  0  0  0  0  0  0  0  0  0  0  0  0  0  0  0  0  0  0  0  0  0  0 0 0 0 
1441331151  0  0  5198  0  0  0  0  0  0  4896  0  0  0  0  0  0  0  0  0  0  0  0  0  0  0  0  0  0  0  0  0  0 0 0 0 
1441331151  0  0  5199  0  0  0  0  0  0  4896  0  0  0  0  0  0  0  0  0  0  0  0  0  0  0  0  0  0  0  0  0  0 0 0 0 
1441331152  0  0  5200  0  0  0  0  0  0  4896  0  0  0  0  0  0  0  0  0  0  0  0  0  0  0  0  0  0  0  0  0  0 0 0 0 
1441331152  0  0  5200  0  0  0  0  0  0  4896  0  0  0  0  0  0  0  0  0  0  0  0  0  0  0  0  0  0  0  0  0  0 0 0 0 
1441331153  0  0  5201  0  0  0  0  0  0  4896  0  0  0  0  0  0  0  0  0  0  0  0  0  0  0  0  0  0  0  0  0  0 0 0 0 
1441331153  0  0  5202  0  0  0  0  0  0  4896  0  0  0  0  0  0  0  0  0  0  0  0  0  0  0  0  0  0  0  0  0  0 0 0 0 
1441331154  0  0  5203  0  0  0  0  0  0  4896  0  0  0  0  0  0  0  0  0  0  0  0  0  0  0  0  0  0  0  0  0  0 0 0 0 
1441331154  0  0  5204  0  0  0  0  0  0  4896  0  0  0  0  0  0  0  0  0  0  0  0  0  0  0  0  0  0  0  0  0  0 0 0 0 
1441331155  0  0  5205  0  0  0  0  0  0  4896  0  0  0  0  0  0  0  0  0  0  0  0  0  0  0  0  0  0  0  0  0  0 0 0 0 
1441331155  0  0  5206  0  0  0  0  0  0  4896  0  0  0  0  0  0  0  0  0  0  0  0  0  0  0  0  0  0  0  0  0  0 0 0 0 
1441331156  0  0  5207  0  0  0  0  0  0  4896  0  0  0  0  0  0  0  0  0  0  0  0  0  0  0  0  0  0  0  0  0  0 0 0 0 
1441331156  0  0  5207  0  0  0  0  0  0  4896  0  0  0  0  0  0  0  0  0  0  0  0  0  0  0  0  0  0  0  0  0  0 0 0 0 
1441331157  0  0  5208  0  0  0  0  0  0  4896  0  0  0  0  0  0  0  0  0  0  0  0  0  0  0  0  0  0  0  0  0  0 0 0 0 
1441331157  0  0  5209  0  0  0  0  0  0  4896  0  0  0  0  0  0  0  0  0  0  0  0  0  0  0  0  0  0  0  0  0  0 0 0 0 
1441331158  0  0  5210  0  0  0  0  0  0  4896  0  0  0  0  0  0  0  0  0  0  0  0  0  0  0  0  0  0  0  0  0  0 0 0 0 
1441331158  0  0  5211  0  0  0  0  0  0  4896  0  0  0  0  0  0  0  0  0  0  0  0  0  0  0  0  0  0  0  0  0  0 0 0 0 
1441331159  0  0  5212  0  0  0  0  0  0  4896  0  0  0  0  0  0  0  0  0  0  0  0  0  0  0  0  0  0  0  0  0  0 0 0 0 
1441331159  0  0  5213  0  0  0  0  0  0  4896  0  0  0  0  0  0  0  0  0  0  0  0  0  0  0  0  0  0  0  0  0  0 0 0 0 
1441331160  0  0  5214  0  0  0  0  0  0  4896  0  0  0  0  0  0  0  0  0  0  0  0  0  0  0  0  0  0  0  0  0  0 0 0 0 
1441331160  0  0  5214  0  0  0  0  0  0  4896  0  0  0  0  0  0  0  0  0  0  0  0  0  0  0  0  0  0  0  0  0  0 0 0 0 
1441331161  0  0  5425  0  0  0  0  0  0  5009  0  0  0  0  0  0  0  0  0  0  0  0  0  0  0  0  0  0  0  0  0  0 0 0 0 
1441331161  0  234  9617  182  0  0  2638  0  0  5014  3427  0  6  331  13  354  0  190  0  0  3427  5  0  0  2638  0  0  0  3427  0  3427  0.0  100.0  0 0 
1441331162  0  234  9649  178  0  0  2607  0  0  5014  3427  0  6  353  13  354  0  188  0  0  3427  5  0  0  2607  0  0  0  3427  0  0  0.0  100.0  0 0 
1441331162  0  234  9650  178  0  0  2607  0  0  5014  3427  0  6  353  13  354  0  188  0  0  3427  5  0  0  2607  0  0  0  3427  0  0  0.0  100.0  0 0 
1441331163  0  234  9651  178  0  0  2607  0  0  5014  3427  0  6  353  13  354  0  188  0  0  3427  5  0  0  2607  0  0  0  3427  0  0  0.0  100.0  0 0 
1441331163  0  234  9652  178  0  0  2607  0  0  5014  3427  0  6  353  13  354  0  188  0  0  3427  5  0  0  2607  0  0  0  3427  0  0  0.0  100.0  0 0 
1441331164  0  234  9652  178  0  0  2607  0  0  5014  3427  0  6  353  13  354  0  188  0  0  3427  5  0  0  2607  0  0  0  3427  0  0  0.0  100.0  0 0 
1441331165  0  234  9653  178  0  0  2607  0  0  5014  3427  0  6  353  13  354  0  188  0  0  3427  5  0  0  2607  0  0  0  3427  0  0  0.0  100.0  0 0 
1441331165  0  234  9655  178  0  0  2607  0  0  5014  3427  0  6  353  13  354  0  188  0  0  3427  5  0  0  2607  0  0  0  3427  0  0  0.0  100.0  0 0 
1441331166  0  234  9655  178  0  0  2607  0  0  5014  3427  0  6  353  13  354  0  188  0  0  3427  5  0  0  2607  0  0  0  3427  0  0  0.0  100.0  0 0 
1441331166  0  234  9849  194  0  0  2799  0  0  5014  3427  0  6  353  13  354  0  211  0  0  3427  5  0  0  2799  0  0  0  3619  0  192  0.0  100.0  0 0 
1441331167  0  234  20872  208  0  0  3016  0  0  5026  3427  0  25  184  25  354  0  225  0  0  3427  17  0  0  3016  0  0  0  3836  0  217  0.0  100.0  0 0 
1441331167  0  234  27437  208  0  0  3016  0  0  5026  3427  0  25  184  25  354  0  225  0  0  3427  17  0  0  3016  0  0  0  3836  0  0  0.0  100.0  0 0 
1441331168  0  234  36129  208  0  0  3016  0  0  5026  3427  0  25  184  25  354  0  225  0  0  3427  17  0  0  3016  0  0  0  3836  0  0  0.0  100.0  0 0 
1441331168  0  234  43668  208  0  0  3016  0  0  5026  3427  0  25  184  25  354  0  225  0  0  3427  17  0  0  3016  0  0  0  3836  0  0  0.0  100.0  0 0 
1441331169  0  234  43668  208  0  0  3016  0  0  5026  3427  0  25  184  25  354  0  225  0  0  3427  17  0  0  3016  0  0  0  3836  0  0  0.0  100.0  0 0 
1441331169  0  234  52312  208  0  0  3016  0  0  5026  3427  0  25  184  25  354  0  225  0  0  3427  17  0  0  3016  0  0  0  3836  0  0  0.0  100.0  0 0 
1441331170  0  234  56437  208  0  0  3016  0  0  5026  3427  0  25  184  25  354  0  225  0  0  3427  17  0  0  3016  0  0  0  3836  0  0  0.0  100.0  0 0 
1441331170  0  234  63728  208  0  0  3016  0  0  5026  3427  0  25  184  25  354  0  225  0  0  3427  17  0  0  3016  0  0  0  3836  0  0  0.0  100.0  0 0 
1441331171  0  234  73429  208  0  0  3016  0  0  5026  3427  0  25  184  25  354  0  225  0  0  3427  17  0  0  3016  0  0  0  3836  0  0  0.0  100.0  0 0 
1441331171  0  234  82129  205  0  0  2935  0  0  5026  3427  0  25  201  25  354  0  221  0  0  3427  17  0  0  2935  0  0  0  3836  0  0  0.0  100.0  0 0 
1441331172  0  234  82129  205  0  0  2935  0  0  5026  3427  0  25  201  25  354  0  221  0  0  3427  17  0  0  2935  0  0  0  3836  0  0  0.0  100.0  0 0 
1441331172  0  234  86081  205  0  0  2935  0  0  5026  3427  0  25  201  25  354  0  221  0  0  3427  17  0  0  2935  0  0  0  3836  0  0  0.0  100.0  0 0 
1441331173  0  234  107190  207  0  0  3688  0  0  5027  3688  0  30  0  30  354  0  223  0  0  3688  18  0  0  3688  0  0  0  4589  0  753  0.0  100.0  0 0 
1441331173  0  234  125102  206  0  0  3670  0  0  5027  3688  0  30  12  30  354  0  222  0  0  3688  18  0  0  3670  0  0  0  4589  0  0  0.0  100.0  0 0 
1441331174  0  234  132319  208  0  0  3679  0  0  5027  3688  0  39  3  39  354  0  223  0  0  3688  18  0  0  3679  0  0  0  4598  0  9  0.0  100.0  0 0 
1441331174  0  234  139422  210  0  0  3691  0  0  5027  3691  0  51  0  51  354  0  223  0  0  3691  18  0  0  3691  0  0  0  4610  0  12  0.0  100.0  0 0 
1441331175  0  234  139422  210  0  0  3691  0  0  5027  3691  0  51  0  51  354  0  223  0  0  3691  18  0  0  3691  0  0  0  4610  0  0  0.0  100.0  0 0 
1441331175  0  234  151387  212  0  0  3694  0  0  5027  3694  0  54  0  54  354  0  224  0  0  3694  18  0  0  3694  0  0  0  4613  0  3  0.0  100.0  0 0 
1441331176  0  234  158540  219  0  0  3749  0  0  5027  3749  0  109  0  109  354  0  227  0  0  3749  18  0  0  3749  0  0  0  4668  0  55  0.0  100.0  0 0 
1441331176  0  234  166993  229  0  0  3837  0  0  5027  3837  0  197  0  197  354  0  227  0  0  3837  18  0  0  3837  0  0  0  4756  0  88  0.0  100.0  0 0 
1441331177  0  235  176977  235  0  0  3855  0  0  5027  3855  0  215  0  215  354  0  229  0  0  3855  18  0  0  3855  0  0  0  4774  0  18  0.0  100.0  0 0 
1441331177  0  237  185706  237  0  0  3872  0  0  5027  3872  0  232  0  232  354  0  229  0  0  3872  18  0  0  3872  0  0  0  4791  0  17  0.0  100.0  0 0 
1441331178  0  245  195887  245  0  0  4013  0  0  5028  4013  0  281  0  281  354  0  232  0  0  4013  19  0  0  4013  0  0  0  4948  0  157  0.0  100.0  0 0 
1441331179  0  245  195887  245  0  0  4013  0  0  5028  4013  0  281  0  281  354  0  232  0  0  4013  19  0  0  4013  0  0  0  4948  0  0  0.0  100.0  0 0 
1441331179  0  249  205276  249  0  0  4039  0  0  5028  4039  0  281  0  281  354  0  234  0  0  4039  19  0  0  4039  0  0  0  4974  0  26  0.0  100.0  0 0 
1441331180  0  259  213695  259  0  0  4322  0  0  5028  4322  0  543  0  543  354  0  237  0  0  4322  19  0  0  4322  0  0  0  5257  0  283  0.0  100.0  0 0 
1441331180  0  296  223026  296  0  0  6605  0  0  5028  6605  0  2826  0  2826  354  0  238  0  0  6605  19  0  0  6605  0  0  0  7540  0  2283  0.0  100.0  0 0 
1441331181  0  346  233973  346  0  0  9398  0  0  5028  9398  0  5619  0  5619  354  0  239  0  0  9398  19  0  0  9398  0  0  0  10333  0  2793  0.0  100.0  0 0 
1441331181  0  366  239674  366  0  0  10609  0  0  5028  10609  0  6829  0  6829  354  0  239  0  0  10609  19  0  0  10609  0  0  0  11544  0  1211  0.0  100.0  0 0 
1441331182  0  433  248674  433  0  0  14500  0  0  5028  14500  0  10719  0  10719  354  0  241  0  0  14500  19  0  0  14500  0  0  0  15435  0  3891  0.0  100.0  0 0 
1441331182  0  433  248674  433  0  0  14500  0  0  5028  14500  0  10719  0  10719  354  0  241  0  0  14500  19  0  0  14500  0  0  0  15435  0  0  0.0  100.0  0 0 
1441331183  0  472  260774  472  0  0  17630  0  0  5028  17630  0  13848  0  13848  354  0  241  0  0  17630  19  0  0  17630  0  0  0  18565  0  3130  0.0  100.0  0 0 
1441331183  0  472  264265  437  0  0  15738  0  0  5028  17630  0  11957  1894  13848  354  0  239  0  0  17630  19  0  0  15738  0  0  0  19753  0  1188  0.0  100.0  0 0 
1441331184  0  489  272964  396  0  0  13606  0  0  5028  19031  0  9824  5453  15248  354  0  237  0  0  19031  19  0  0  13606  0  0  0  23046  0  3293  0.0  100.0  0 0 
1441331184  0  489  286610  398  0  0  13741  0  0  5028  19031  0  8682  6622  15248  354  0  238  0  0  19031  19  0  0  13741  0  0  0  27533  0  4487  0.0  100.0  0 0 
1441331185  0  489  297139  454  0  0  16874  0  0  5028  19031  0  9130  6156  15248  354  0  240  0  0  19031  19  0  0  16874  0  0  0  32744  0  5211  0.0  100.0  0 0 
1441331185  0  514  308015  513  0  0  20417  0  0  5028  20555  0  13039  2124  15248  354  0  240  0  0  20555  19  0  0  20417  0  0  0  38079  0  5335  0.0  100.0  0 0 
1441331186  0  514  308015  513  0  0  20417  0  0  5028  20555  0  13039  2124  15248  354  0  240  0  0  20555  19  0  0  20417  0  0  0  38079  0  0  0.0  100.0  0 0 
1441331186  0  533  320505  530  0  0  21511  0  0  5028  21705  0  14893  259  15248  354  0  241  0  0  21705  19  0  0  21511  0  0  0  41189  0  3110  0.0  100.0  0 0 
1441331187  0  554  326586  554  0  0  22507  0  0  5028  22507  0  15868  0  15868  354  0  244  0  0  22507  19  0  0  22507  0  0  0  42185  0  996  0.0  100.0  0 0 
1441331187  0  563  338439  563  0  0  22883  0  0  5028  22883  0  16243  0  16243  354  0  244  0  0  22883  19  0  0  22883  0  0  0  45134  0  2949  0.0  100.0  0 0 
1441331188  0  597  346444  597  0  0  25010  0  0  5028  25010  0  18355  0  18355  354  0  244  0  0  25010  19  0  0  25010  0  0  0  47261  0  2127  0.0  100.0  0 0 
1441331188  0  623  353255  623  0  0  26609  0  0  5028  26609  0  19954  0  19954  354  0  246  0  0  26609  19  0  0  26609  0  0  0  48860  0  1599  0.0  100.0  0 0 
1441331189  0  645  359651  645  0  0  27933  0  0  5028  27933  0  21277  0  21277  354  0  247  0  0  27933  19  0  0  27933  0  0  0  50184  0  1324  0.0  100.0  0 0 
1441331189  0  645  359651  645  0  0  27933  0  0  5028  27933  0  21277  0  21277  354  0  247  0  0  27933  19  0  0  27933  0  0  0  50184  0  0  0.0  100.0  0 0 
1441331190  0  661  369471  661  0  0  28976  0  0  5028  28976  0  21501  273  21790  354  0  247  0  0  28976  19  0  0  28976  0  0  0  52226  0  2042  0.0  100.0  0 0 
1441331190  0  690  375540  690  0  0  31003  0  0  5028  31003  0  21789  0  21790  354  0  247  0  0  31003  19  0  0  31003  0  0  0  54253  0  2027  0.0  100.0  0 0 
1441331191  0  714  382803  714  0  0  32787  0  0  5028  32787  0  23372  0  23372  354  0  247  0  0  32787  19  0  0  32787  0  0  0  56037  0  1784  0.0  100.0  0 0 
1441331191  0  731  389256  731  0  0  33945  0  0  5028  33945  0  23969  0  23969  354  0  247  0  0  33945  19  0  0  33945  0  0  0  57195  0  1158  0.0  100.0  0 0 
1441331192  0  769  396619  769  0  0  36225  0  0  5028  36225  0  25929  0  25929  354  0  249  0  0  36225  19  0  0  36225  0  0  0  60554  0  3359  0.0  100.0  0 0 
1441331192  0  789  404222  789  0  0  37772  0  0  5028  37772  0  26753  0  26753  354  0  249  0  0  37772  19  0  0  37772  0  0  0  62101  0  1547  0.0  100.0  0 0 
1441331193  0  816  415891  806  0  0  38051  0  0  5028  39231  0  26616  1275  27891  354  0  252  0  0  39231  19  0  0  38051  0  0  0  64458  0  2357  0.0  100.0  0 0 
1441331193  0  816  415891  806  0  0  38051  0  0  5028  39231  0  26616  1275  27891  354  0  252  0  0  39231  19  0  0  38051  0  0  0  64458  0  0  0.0  100.0  0 0 
1441331194  0  847  428211  839  0  0  39981  0  0  5028  40363  0  27989  381  28370  354  0  253  0  0  40363  19  0  0  39981  0  0  0  66833  0  2375  0.0  100.0  0 0 
1441331194  0  856  433665  825  0  0  38907  0  0  5028  40736  0  29250  0  29250  354  0  253  0  0  40736  19  0  0  38907  0  0  0  68319  0  1486  0.0  100.0  0 0 
1441331196  0  856  452053  776  0  0  35712  0  0  5028  40736  0  26797  3355  30152  354  0  253  0  0  40736  19  0  0  35712  0  0  0  70028  0  1709  0.0  100.0  0 0 
1441331197  0  856  483852  850  0  0  40335  0  0  5028  40736  0  31128  0  31128  354  0  253  0  0  40736  19  0  0  40335  0  0  0  78892  0  8864  0.0  100.0  0 0 
1441331197  0  885  492188  863  0  0  41911  0  0  5028  43010  0  32050  1382  33432  354  0  252  0  0  43010  19  0  0  41911  0  0  0  82593  0  3701  0.0  100.0  0 0 
1441331198  0  885  492188  863  0  0  41911  0  0  5028  43010  0  32050  1382  33432  354  0  252  0  0  43010  19  0  0  41911  0  0  0  82593  0  0  0.0  100.0  0 0 
1441331198  0  907  500796  907  0  0  44513  0  0  5028  44513  0  33947  0  33947  354  0  253  0  0  44513  19  0  0  44513  0  0  0  85195  0  2602  0.0  100.0  0 0 
1441331199  0  959  509809  948  0  0  46951  0  0  5028  47712  0  34912  984  35896  354  0  253  0  0  47712  19  0  0  46951  0  0  0  88712  0  3517  0.0  100.0  0 0 
1441331199  0  979  526759  924  0  0  45145  0  0  5028  48782  0  32128  4455  36583  354  0  254  0  0  48782  19  0  0  45145  0  0  0  94602  0  5890  0.0  100.0  0 0 
1441331200  0  979  538179  880  0  0  43191  0  0  5028  48782  0  30176  6407  36583  354  0  252  0  0  48782  19  0  0  43191  0  0  0  96109  0  1507  0.0  100.0  0 0 
1441331201  0  979  557022  864  0  0  41737  0  0  5028  48782  0  26485  10098  36583  354  0  253  0  0  48782  19  0  0  41737  0  0  0  99963  0  3854  0.0  100.0  0 0 
1441331201  0  979  557022  864  0  0  41737  0  0  5028  48782  0  26485  10098  36583  354  0  253  0  0  48782  19  0  0  41737  0  0  0  99963  0  0  0.0  100.0  0 0 
1441331202  0  979  566324  912  0  0  44216  0  0  5028  48782  0  28065  8518  36583  354  0  254  0  0  48782  19  0  0  44216  0  0  0  102442  0  2479  0.0  100.0  0 0 
1441331202  0  979  580124  861  0  0  40957  0  0  5028  48782  0  29027  7697  36583  354  0  255  0  0  48782  19  0  0  40957  0  0  0  103567  0  1125  0.0  100.0  0 0 
1441331203  0  979  588273  821  0  0  38738  0  0  5028  48782  0  29327  7415  36583  354  0  254  0  0  48782  19  0  0  38738  0  0  0  105881  0  2314  0.0  100.0  0 0 
1441331203  0  979  602337  835  0  0  39773  0  0  5028  48782  0  30348  6409  36583  354  0  253  0  0  48782  19  0  0  39773  0  0  0  111640  0  5759  0.0  100.0  0 0 
1441331204  0  979  608229  903  0  0  44080  0  0  5028  48782  0  34654  2093  36583  354  0  253  0  0  48782  19  0  0  44080  0  0  0  115947  0  4307  0.0  100.0  0 0 
1441331204  0  979  612264  912  0  0  44729  0  0  5028  48782  0  35303  1425  36583  354  0  253  0  0  48782  19  0  0  44729  0  0  0  116604  0  657  0.0  100.0  0 0 
1441331205  0  979  612264  912  0  0  44729  0  0  5028  48782  0  35303  1425  36583  354  0  253  0  0  48782  19  0  0  44729  0  0  0  116604  0  0  0.0  100.0  0 0 
1441331205  0  979  619712  978  0  0  49215  0  0  5029  49215  0  39781  0  39781  354  0  253  0  0  49215  20  0  0  49215  0  0  0  121090  0  4486  0.0  100.0  0 0 
1441331206  0  1028  625603  1028  0  0  52502  0  0  5029  52502  0  43067  0  43067  354  0  253  0  0  52502  20  0  0  52502  0  0  0  124377  0  3287  0.0  100.0  0 0 
1441331206  0  1045  631047  1045  0  0  53601  0  0  5029  53601  0  44166  0  44166  354  0  254  0  0  53601  20  0  0  53601  0  0  0  125476  0  1099  0.0  100.0  0 0 
1441331207  0  1051  640244  1051  0  0  54143  0  0  5029  54143  0  42529  1951  44497  354  0  254  0  0  54143  20  0  0  54143  0  0  0  129473  0  3997  0.0  100.0  0 0 
1441331207  0  1116  646556  1116  0  0  57662  0  0  5029  57662  0  44924  0  44924  354  0  255  0  0  57662  20  0  0  57662  0  0  0  132992  0  3519  0.0  100.0  0 0 
1441331208  0  1141  654154  1141  0  0  58944  0  0  5029  58944  0  46209  0  46209  354  0  256  0  0  58944  20  0  0  58944  0  0  0  134909  0  1917  0.0  100.0  0 0 
1441331208  0  1141  654154  1141  0  0  58944  0  0  5029  58944  0  46209  0  46209  354  0  256  0  0  58944  20  0  0  58944  0  0  0  134909  0  0  0.0  100.0  0 0 
1441331209  0  1184  672678  1097  0  0  56413  0  0  5029  62089  0  43673  5679  49352  354  0  256  0  0  62089  20  0  0  56413  0  0  0  138522  0  3613  0.0  100.0  0 0 
1441331209  0  1184  689384  1030  0  0  52298  0  0  5029  62089  0  43405  5995  49352  354  0  255  0  0  62089  20  0  0  52298  0  0  0  139922  0  1400  0.0  100.0  0 0 
1441331210  0  1184  711726  953  0  0  46867  0  0  5029  62089  0  39750  9687  49352  354  0  256  0  0  62089  20  0  0  46867  0  0  0  143176  0  3254  0.0  100.0  0 0 
1441331210  0  1184  728247  923  0  0  43533  0  0  5029  62089  0  36387  13064  49352  354  0  258  0  0  62089  20  0  0  43533  0  0  0  145277  0  2101  0.0  100.0  0 0 
1441331211  0  1184  733890  906  0  0  41975  0  0  5030  62089  0  34813  14696  49352  354  0  259  0  0  62089  21  0  0  41975  0  0  0  146292  0  1015  0.0  100.0  0 0 
1441331211  0  1184  742552  948  0  0  44422  0  0  5030  62089  0  37244  12265  49352  354  0  260  0  0  62089  21  0  0  44422  0  0  0  148739  0  2447  0.0  100.0  0 0 
1441331212  0  1184  742552  948  0  0  44422  0  0  5030  62089  0  37244  12265  49352  354  0  260  0  0  62089  21  0  0  44422  0  0  0  148739  0  0  0.0  100.0  0 0 
1441331212  0  1184  753410  1022  0  0  49268  0  0  5030  62089  0  41667  7842  49352  354  0  260  0  0  62089  21  0  0  49268  0  0  0  154609  0  5870  0.0  100.0  0 0 
1441331213  0  1184  761353  1179  0  0  52251  0  0  5030  62089  0  41176  8333  49352  354  0  261  0  0  62089  21  0  0  52251  0  0  0  158617  0  4008  0.0  100.0  0 0 
1441331213  0  1184  769207  1175  0  0  53000  0  0  5030  62089  0  41923  7586  49352  354  0  259  0  0  62089  21  0  0  53000  0  0  0  160414  0  1797  0.0  100.0  0 0 
1441331214  0  1184  775809  1182  0  0  54517  0  0  5030  62089  0  41825  7684  49352  354  0  258  0  0  62089  21  0  0  54517  0  0  0  163011  0  2597  0.0  100.0  0 0 
1441331214  0  1194  784558  1177  0  0  55839  0  0  5030  62089  0  42919  6590  49352  354  0  259  0  0  62089  21  0  0  55839  0  0  0  166682  0  3671  0.0  100.0  0 0 
1441331215  0  1200  796094  1200  0  0  59114  0  0  5030  62089  0  46019  3404  49352  354  0  259  0  0  62089  21  0  0  59114  0  0  0  172089  0  5407  0.0  100.0  0 0 
1441331215  0  1229  803095  1215  0  0  61072  0  0  5030  62089  0  47464  1886  49352  354  0  258  0  0  62089  21  0  0  61072  0  0  0  174968  0  2879  0.0  100.0  0 0 
1441331216  0  1229  803095  1215  0  0  61072  0  0  5030  62089  0  47464  1886  49352  354  0  258  0  0  62089  21  0  0  61072  0  0  0  174968  0  0  0.0  100.0  0 0 
1441331216  0  1229  827793  1160  0  0  59486  0  0  5030  62089  0  47206  2145  49352  354  0  257  0  0  62089  21  0  0  59486  0  0  0  182095  0  7127  0.0  100.0  0 0 
1441331217  0  1236  835805  1236  0  0  61474  0  0  5030  62089  0  48535  816  49352  354  0  259  0  0  62089  21  0  0  61474  0  0  0  184083  0  1988  0.0  100.0  0 0 
1441331217  0  1274  842916  1274  0  0  63268  0  0  5030  63268  0  49492  0  49492  354  0  259  0  0  63268  21  0  0  63268  0  0  0  185878  0  1795  0.0  100.0  0 0 
1441331218  0  1317  853264  1239  0  0  60800  0  0  5030  65555  0  45874  4883  50753  354  0  259  0  0  65555  21  0  0  60800  0  0  0  189082  0  3204  0.0  100.0  0 0 
1441331218  0  1317  876845  1154  0  0  56844  0  0  5031  65555  0  41251  9509  50753  354  0  258  0  0  65555  22  0  0  56844  0  0  0  195987  0  6905  0.0  100.0  0 0 
1441331219  0  1317  885540  1230  0  0  62144  0  0  5031  65555  0  42720  8040  50753  354  0  258  0  0  65555  22  0  0  62144  0  0  0  201287  0  5300  0.0  100.0  0 0 
1441331219  0  1317  885540  1230  0  0  62144  0  0  5031  65555  0  42720  8040  50753  354  0  258  0  0  65555  22  0  0  62144  0  0  0  201287  0  0  0.0  100.0  0 0 
1441331220  0  1317  891295  1270  0  0  65375  0  0  5031  65555  0  45950  4759  50753  354  0  258  0  0  65555  22  0  0  65375  0  0  0  204518  0  3231  0.0  100.0  0 0 
1441331220  0  1317  899383  1296  0  0  67311  0  0  5031  67311  0  47886  2766  50753  354  0  258  0  0  67311  22  0  0  67311  0  0  0  206454  0  1936  0.0  100.0  0 0 
1441331221  0  1317  907119  1303  0  0  67944  0  0  5031  67974  0  48561  2071  50753  354  0  256  0  0  67974  22  0  0  67944  0  0  0  208384  0  1930  0.0  100.0  0 0 
1441331221  0  1338  914712  1338  0  0  70827  0  0  5031  70827  0  51457  0  51457  354  0  252  0  0  70827  22  0  0  70827  0  0  0  211284  0  2900  0.0  100.0  0 0 
1441331222  0  1384  921341  1384  0  0  74172  0  0  5031  74172  0  54804  0  54804  354  0  251  0  0  74172  22  0  0  74172  0  0  0  214631  0  3347  0.0  100.0  0 0 
1441331223  0  1421  927075  1421  0  0  76904  0  0  5031  76904  0  57567  0  57567  354  0  245  0  0  76904  22  0  0  76904  0  0  0  217394  0  2763  0.0  100.0  0 0 
1441331223  0  1463  931855  1463  0  0  79581  0  0  5031  79581  0  60322  0  60322  354  0  245  0  0  79581  22  0  0  79581  0  0  0  220153  0  2759  0.0  100.0  0 0 
1441331224  0  1463  931855  1463  0  0  79581  0  0  5031  79581  0  60322  0  60322  354  0  245  0  0  79581  22  0  0  79581  0  0  0  220153  0  0  0.0  100.0  0 0 
1441331224  0  1465  941906  1293  0  0  69021  0  0  5031  79697  0  49786  10654  60438  354  0  242  0  0  79697  22  0  0  69021  0  0  0  221593  0  1440  0.0  100.0  0 0 
1441331225  0  1465  965545  1174  0  0  60963  0  0  5031  79697  0  43601  16860  60438  354  0  239  0  0  79697  22  0  0  60963  0  0  0  223945  0  2352  0.0  100.0  0 0 
1441331225  0  1465  967915  1178  0  0  61165  0  0  5031  79697  0  43797  16664  60438  354  0  239  0  0  79697  22  0  0  61165  0  0  0  224147  0  202  0.0  100.0  0 0 
1441331226  0  1465  975369  1172  0  0  60664  0  0  5031  79697  0  43296  17165  60438  354  0  239  0  0  79697  22  0  0  60664  0  0  0  225141  0  994  0.0  100.0  0 0 
1441331226  0  1465  988993  1144  0  0  58154  0  0  5031  79697  0  43782  16802  60438  354  0  244  0  0  79697  22  0  0  58154  0  0  0  228836  0  3695  0.0  100.0  0 0 
1441331227  0  1465  998604  1203  0  0  61268  0  0  5031  79697  0  46871  13713  60438  354  0  253  0  0  79697  22  0  0  61268  0  0  0  231950  0  3114  0.0  100.0  0 0 
1441331227  0  1465  998604  1203  0  0  61268  0  0  5031  79697  0  46871  13713  60438  354  0  253  0  0  79697  22  0  0  61268  0  0  0  231950  0  0  0.0  100.0  0 0 
1441331228  0  1465  1004756  1255  0  0  64236  0  0  5031  79697  0  49069  11515  60438  354  0  262  0  0  79697  22  0  0  64236  0  0  0  234918  0  2968  0.0  100.0  0 0 
1441331228  0  1465  1011461  1308  0  0  67634  0  0  5031  79697  0  52129  8454  60438  354  0  264  0  0  79697  22  0  0  67634  0  0  0  238318  0  3400  0.0  100.0  0 0 
1441331229  0  1465  1020620  1346  0  0  70677  0  0  5031  79697  0  55139  5444  60438  354  0  264  0  0  79697  22  0  0  70677  0  0  0  242385  0  4067  0.0  100.0  0 0 
1441331229  0  1465  1028313  1400  0  0  74280  0  0  5031  79697  0  56636  3947  60438  354  0  267  0  0  79697  22  0  0  74280  0  0  0  245988  0  3603  0.0  100.0  0 0 
1441331230  0  1465  1049589  1365  0  0  71325  0  0  5031  79697  0  51208  9348  60438  354  0  266  0  0  79697  22  0  0  71325  0  0  0  251610  0  5622  0.0  100.0  0 0 
1441331230  0  1465  1049589  1365  0  0  71325  0  0  5031  79697  0  51208  9348  60438  354  0  266  0  0  79697  22  0  0  71325  0  0  0  251610  0  0  0.0  100.0  0 0 
1441331231  0  1465  1075546  1174  0  0  60146  0  0  5031  79697  0  40372  20220  60438  354  0  263  0  0  79697  22  0  0  60146  0  0  0  256307  0  4697  0.0  100.0  0 0 
1441331231  0  1465  1090507  1178  0  0  59747  0  0  5031  79697  0  42414  18178  60438  354  0  265  0  0  79697  22  0  0  59747  0  0  0  259753  0  3446  0.0  100.0  0 0 
1441331232  0  1465  1099216  1214  0  0  61152  0  0  5031  79697  0  43136  17456  60438  354  0  266  0  0  79697  22  0  0  61152  0  0  0  261158  0  1405  0.0  100.0  0 0 
1441331232  0  1465  1106443  1182  0  0  59200  0  0  5031  79697  0  40962  19630  60438  354  0  265  0  0  79697  22  0  0  59200  0  0  0  261797  0  639  0.0  100.0  0 0 
1441331233  0  1465  1125812  1133  0  0  56515  0  0  5032  79697  0  46115  14710  60438  354  0  264  0  0  79697  23  0  0  56515  0  0  0  270175  0  8378  0.0  100.0  0 0 
1441331233  0  1465  1136655  1185  0  0  59925  0  0  5032  79697  0  49443  11390  60438  354  0  266  0  0  79697  23  0  0  59925  0  0  0  275218  0  5043  0.0  100.0  0 0 
1441331234  0  1465  1136655  1185  0  0  59925  0  0  5032  79697  0  49443  11390  60438  354  0  266  0  0  79697  23  0  0  59925  0  0  0  275218  0  0  0.0  100.0  0 0 
1441331234  0  1465  1145939  1247  0  0  64062  0  0  5032  79697  0  53321  7512  60438  354  0  265  0  0  79697  23  0  0  64062  0  0  0  280463  0  5245  0.0  100.0  0 0 
1441331235  0  1465  1153520  1287  0  0  65651  0  0  5032  79697  0  53328  7505  60438  354  0  265  0  0  79697  23  0  0  65651  0  0  0  282052  0  1589  0.0  100.0  0 0 
1441331235  0  1465  1170682  1297  0  0  67169  0  0  5034  79697  0  50008  10780  60438  354  0  265  0  0  79697  25  0  0  67169  0  0  0  287430  0  5378  0.0  100.0  0 0 
1441331236  0  1465  1178781  1255  0  0  65160  0  0  5035  79697  0  45819  14892  60438  354  0  265  0  0  79697  26  0  0  65160  0  0  0  289868  0  2438  0.0  100.0  0 0 
1441331236  0  1465  1192022  1277  0  0  66365  0  0  5037  79697  0  43988  16724  60438  354  0  264  0  0  79697  28  0  0  66365  0  0  0  293889  0  4021  0.0  100.0  0 0 
1441331237  0  1465  1231618  1273  0  0  62737  0  0  5038  79697  0  34003  26652  60438  354  0  265  0  0  79697  29  0  0  62737  0  0  0  306869  0  12980  0.0  100.0  0 0 
1441331237  0  1465  1231618  1273  0  0  62737  0  0  5038  79697  0  34003  26652  60438  354  0  265  0  0  79697  29  0  0  62737  0  0  0  306869  0  0  0.0  100.0  0 0 
1441331238  0  1465  1246656  1316  0  0  64823  0  0  5038  79697  0  38878  21783  60438  354  0  265  0  0  79697  29  0  0  64823  0  0  0  312739  0  5870  0.0  100.0  0 0 
1441331238  0  1465  1253668  1386  0  0  66863  0  0  5038  79697  0  39915  20742  60438  354  0  267  0  0  79697  29  0  0  66863  0  0  0  314779  0  2040  0.0  100.0  0 0 
1441331239  0  1465  1268200  1347  0  0  66017  0  0  5038  79697  0  44929  15784  60438  354  0  266  0  0  79697  29  0  0  66017  0  0  0  320856  0  6077  0.0  100.0  0 0 
1441331239  0  1465  1287047  1296  0  0  65434  0  0  5038  79697  0  46689  13990  60438  354  0  263  0  0  79697  29  0  0  65434  0  0  0  327662  0  6806  0.0  100.0  0 0 
1441331240  0  1465  1293961  1353  0  0  69891  0  0  5038  79697  0  51145  9506  60438  354  0  264  0  0  79697  29  0  0  69891  0  0  0  332119  0  4457  0.0  100.0  0 0 
1441331240  0  1465  1293961  1353  0  0  69891  0  0  5038  79697  0  51145  9506  60438  354  0  264  0  0  79697  29  0  0  69891  0  0  0  332119  0  0  0.0  100.0  0 0 
1441331241  0  1465  1300306  1396  0  0  73040  0  0  5038  79697  0  54209  6348  60438  354  0  264  0  0  79697  29  0  0  73040  0  0  0  335268  0  3149  0.0  100.0  0 0 
1441331241  0  1465  1312204  1421  0  0  75450  0  0  5038  79697  0  52692  7769  60438  354  0  264  0  0  79697  29  0  0  75450  0  0  0  340738  0  5470  0.0  100.0  0 0 
1441331242  0  1465  1319619  1452  0  0  78049  0  0  5038  79697  0  53107  7253  60438  354  0  264  0  0  79697  29  0  0  78049  0  0  0  343365  0  2627  0.0  100.0  0 0 
1441331242  0  1486  1326752  1486  0  0  80379  0  0  5038  80379  0  54574  5705  60438  354  0  264  0  0  80379  29  0  0  80379  0  0  0  345695  0  2330  0.0  100.0  0 0 
1441331243  0  1535  1333032  1535  0  0  83728  0  0  5038  83728  0  54830  5314  60438  354  0  264  0  0  83728  29  0  0  83728  0  0  0  349044  0  3349  0.0  100.0  0 0 
1441331243  0  1598  1339560  1586  0  0  84047  0  0  5038  84639  0  54341  5761  60438  354  0  267  0  0  84639  29  0  0  84047  0  0  0  350546  0  1502  0.0  100.0  0 0 
1441331244  0  1598  1339560  1586  0  0  84047  0  0  5038  84639  0  54341  5761  60438  354  0  267  0  0  84639  29  0  0  84047  0  0  0  350546  0  0  0.0  100.0  0 0 
1441331244  0  1598  1362275  1530  0  0  81721  0  0  5038  84756  0  49477  10620  60438  354  0  265  0  0  84756  29  0  0  81721  0  0  0  357697  0  7151  0.0  100.0  0 0 
1441331245  0  1598  1379755  1515  0  0  81064  0  0  5039  84756  0  51701  8427  60438  354  0  265  0  0  84756  30  0  0  81064  0  0  0  362769  0  5072  0.0  100.0  0 0 
1441331245  0  1598  1386774  1423  0  0  75637  0  0  5039  84756  0  46277  13853  60438  354  0  264  0  0  84756  30  0  0  75637  0  0  0  363535  0  766  0.0  100.0  0 0 
1441331246  0  1598  1407575  1271  0  0  65758  0  0  5039  84756  0  44499  15853  60438  354  0  264  0  0  84756  30  0  0  65758  0  0  0  364698  0  1163  0.0  100.0  0 0 
1441331246  0  1598  1414444  1194  0  0  61463  0  0  5039  84756  0  45574  14830  60438  354  0  263  0  0  84756  30  0  0  61463  0  0  0  365781  0  1083  0.0  100.0  0 0 
1441331247  0  1598  1428495  1157  0  0  59473  0  0  5040  84756  0  43787  16632  60438  354  0  262  0  0  84756  31  0  0  59473  0  0  0  367757  0  1976  0.0  100.0  0 0 
1441331247  0  1598  1428495  1157  0  0  59473  0  0  5040  84756  0  43787  16632  60438  354  0  262  0  0  84756  31  0  0  59473  0  0  0  367757  0  0  0.0  100.0  0 0 
1441331248  0  1598  1438411  1227  0  0  63674  0  0  5041  84756  0  47984  12437  60438  354  0  262  0  0  84756  32  0  0  63674  0  0  0  373510  0  5753  0.0  100.0  0 0 
1441331248  0  1598  1446078  1277  0  0  66869  0  0  5042  84756  0  49512  10909  60438  354  0  263  0  0  84756  33  0  0  66869  0  0  0  376705  0  3195  0.0  100.0  0 0 
1441331249  0  1598  1455312  1270  0  0  66642  0  0  5042  84756  0  47937  12486  60438  354  0  264  0  0  84756  33  0  0  66642  0  0  0  378796  0  2091  0.0  100.0  0 0 
1441331249  0  1598  1463227  1310  0  0  69298  0  0  5045  84756  0  50390  10033  60438  354  0  265  0  0  84756  36  0  0  69298  0  0  0  381453  0  2657  0.0  100.0  0 0 
1441331250  0  1598  1471866  1346  0  0  71426  0  0  5045  84756  0  50759  9664  60438  354  0  266  0  0  84756  36  0  0  71426  0  0  0  383582  0  2129  0.0  100.0  0 0 
1441331251  0  1598  1493118  1224  0  0  64037  0  0  5045  84756  0  36686  23738  60438  354  0  266  0  0  84756  36  0  0  64037  0  0  0  390496  0  6914  0.0  100.0  0 0 
1441331251  0  1598  1493118  1224  0  0  64037  0  0  5045  84756  0  36686  23738  60438  354  0  266  0  0  84756  36  0  0  64037  0  0  0  390496  0  0  0.0  100.0  0 0 
1441331252  0  1598  1509651  1241  0  0  64347  0  0  5045  84756  0  36620  23805  60438  354  0  267  0  0  84756  36  0  0  64347  0  0  0  393954  0  3458  0.0  100.0  0 0 
1441331252  0  1598  1519903  1232  0  0  63919  0  0  5045  84756  0  36542  23908  60438  354  0  267  0  0  84756  36  0  0  63919  0  0  0  396997  0  3043  0.0  100.0  0 0 
1441331253  0  1598  1531037  1210  0  0  62684  0  0  5045  84756  0  35543  24976  60438  354  0  266  0  0  84756  36  0  0  62684  0  0  0  400117  0  3120  0.0  100.0  0 0 
1441331253  0  1598  1542582  1180  0  0  60802  0  0  5045  84756  0  36426  24095  60438  354  0  265  0  0  84756  36  0  0  60802  0  0  0  404444  0  4327  0.0  100.0  0 0 
1441331254  0  1598  1549527  1221  0  0  63335  0  0  5045  84756  0  37565  22956  60438  354  0  266  0  0  84756  36  0  0  63335  0  0  0  406977  0  2533  0.0  100.0  0 0 
1441331254  0  1598  1554800  1255  0  0  65362  0  0  5046  84756  0  39028  21493  60438  354  0  267  0  0  84756  37  0  0  65362  0  0  0  409005  0  2028  0.0  100.0  0 0 
1441331255  0  1598  1554800  1255  0  0  65362  0  0  5046  84756  0  39028  21493  60438  354  0  267  0  0  84756  37  0  0  65362  0  0  0  409005  0  0  0.0  100.0  0 0 
1441331255  0  1598  1563389  1322  0  0  69870  0  0  5047  84756  0  43285  17236  60438  354  0  267  0  0  84756  38  0  0  69870  0  0  0  413513  0  4508  0.0  100.0  0 0 
1441331256  0  1598  1571523  1372  0  0  73132  0  0  5050  84756  0  45952  14486  60438  354  0  267  0  0  84756  41  0  0  73132  0  0  0  416775  0  3262  0.0  100.0  0 0 
1441331256  0  1598  1581235  1414  0  0  75983  0  0  5051  84756  0  48669  11681  60438  354  0  269  0  0  84756  42  0  0  75983  0  0  0  419626  0  2851  0.0  100.0  0 0 
1441331257  0  1598  1589670  1296  0  0  68492  0  0  5052  84756  0  42176  18098  60438  354  0  267  0  0  84756  43  0  0  68492  0  0  0  422119  0  2493  0.0  100.0  0 0 
1441331257  0  1598  1595938  1309  0  0  69289  0  0  5052  84756  0  42242  18032  60438  354  0  267  0  0  84756  43  0  0  69289  0  0  0  422916  0  797  0.0  100.0  0 0 
1441331258  0  1598  1595938  1309  0  0  69289  0  0  5052  84756  0  42242  18032  60438  354  0  267  0  0  84756  43  0  0  69289  0  0  0  422916  0  0  0.0  100.0  0 0 
1441331258  0  1598  1602440  1337  0  0  71388  0  0  5052  84756  0  42494  17780  60438  354  0  266  0  0  84756  43  0  0  71388  0  0  0  425027  0  2111  0.0  100.0  0 0 
1441331259  0  1598  1611213  1368  0  0  73280  0  0  5052  84756  0  43912  16362  60438  354  0  268  0  0  84756  43  0  0  73280  0  0  0  427173  0  2146  0.0  100.0  0 0 
1441331259  0  1598  1625114  1341  0  0  71264  0  0  5052  84756  0  41322  18952  60438  354  0  268  0  0  84756  43  0  0  71264  0  0  0  428250  0  1077  0.0  100.0  0 0 
1441331260  0  1598  1629755  1262  0  0  66512  0  0  5052  84756  0  36205  24069  60438  354  0  267  0  0  84756  43  0  0  66512  0  0  0  428953  0  703  0.0  100.0  0 0 
1441331260  0  1598  1641321  1280  0  0  66951  0  0  5053  84756  0  36996  23282  60438  354  0  267  0  0  84756  44  0  0  66951  0  0  0  430487  0  1534  0.0  100.0  0 0 
1441331261  0  1598  1649388  1338  0  0  70006  0  0  5054  84756  0  39293  20985  60438  354  0  271  0  0  84756  45  0  0  70006  0  0  0  433543  0  3056  0.0  100.0  0 0 
1441331261  0  1598  1662228  1383  0  0  72545  0  0  5058  84756  0  43015  17277  60438  354  0  271  0  0  84756  49  0  0  72545  0  0  0  438392  0  4849  0.0  100.0  0 0 
1441331262  0  1598  1670743  1440  0  0  76378  0  0  5058  84756  0  45809  14444  60438  354  0  272  0  0  84756  49  0  0  76378  0  0  0  442226  0  3834  0.0  100.0  0 0 
1441331263  0  1598  1685193  1337  0  0  68960  0  0  5058  84756  0  41716  18529  60438  354  0  269  0  0  84756  49  0  0  68960  0  0  0  443349  0  1123  0.0  100.0  0 0 
1441331263  0  1598  1693705  1376  0  0  71354  0  0  5058  84756  0  44079  16166  60438  354  0  270  0  0  84756  49  0  0  71354  0  0  0  445743  0  2394  0.0  100.0  0 0 
1441331264  0  1598  1699136  1279  0  0  65585  0  0  5058  84756  0  40892  19354  60438  354  0  268  0  0  84756  49  0  0  65585  0  0  0  446631  0  888  0.0  100.0  0 0 
1441331264  0  1598  1716162  1244  0  0  63700  0  0  5058  84756  0  38865  21383  60438  354  0  268  0  0  84756  49  0  0  63700  0  0  0  451865  0  5234  0.0  100.0  0 0 
1441331265  0  1598  1735815  1158  0  0  58977  0  0  5058  84756  0  32231  28016  60438  354  0  264  0  0  84756  49  0  0  58977  0  0  0  455904  0  4039  0.0  100.0  0 0 
1441331265  0  1598  1744479  1176  0  0  60189  0  0  5058  84756  0  30510  29752  60438  354  0  263  0  0  84756  49  0  0  60189  0  0  0  459940  0  4036  0.0  100.0  0 0 
1441331266  0  1598  1744479  1176  0  0  60189  0  0  5058  84756  0  30510  29752  60438  354  0  263  0  0  84756  49  0  0  60189  0  0  0  459940  0  0  0.0  100.0  0 0 
1441331266  0  1598  1753166  1198  0  0  61241  0  0  5058  84756  0  30735  29530  60438  354  0  265  0  0  84756  49  0  0  61241  0  0  0  461767  0  1827  0.0  100.0  0 0 
1441331267  0  1598  1761706  1235  0  0  64822  0  0  5058  84756  0  30503  29762  60438  354  0  264  0  0  84756  49  0  0  64822  0  0  0  466117  0  4350  0.0  100.0  0 0 
1441331267  0  1598  1775753  1212  0  0  63145  0  0  5058  84756  0  28889  31376  60438  354  0  264  0  0  84756  49  0  0  63145  0  0  0  467563  0  1446  0.0  100.0  0 0 
1441331268  0  1598  1782786  1232  0  0  64453  0  0  5058  84756  0  30192  30073  60438  354  0  265  0  0  84756  49  0  0  64453  0  0  0  469383  0  1820  0.0  100.0  0 0 
1441331268  0  1598  1790201  1269  0  0  66698  0  0  5058  84756  0  34178  26094  60438  354  0  265  0  0  84756  49  0  0  66698  0  0  0  473427  0  4044  0.0  100.0  0 0 
1441331269  0  1598  1804738  1222  0  0  62941  0  0  5058  84756  0  33976  26300  60438  354  0  267  0  0  84756  49  0  0  62941  0  0  0  476589  0  3162  0.0  100.0  0 0 
1441331269  0  1598  1811679  1264  0  0  65039  0  0  5058  84756  0  36018  24258  60438  354  0  269  0  0  84756  49  0  0  65039  0  0  0  478687  0  2098  0.0  100.0  0 0 
1441331270  0  1598  1811679  1264  0  0  65039  0  0  5058  84756  0  36018  24258  60438  354  0  269  0  0  84756  49  0  0  65039  0  0  0  478687  0  0  0.0  100.0  0 0 
1441331270  0  1598  1819122  1285  0  0  66453  0  0  5058  84756  0  37427  22849  60438  354  0  269  0  0  84756  49  0  0  66453  0  0  0  480107  0  1420  0.0  100.0  0 0 
1441331271  0  1598  1826752  1255  0  0  64906  0  0  5058  84756  0  35759  24517  60438  354  0  268  0  0  84756  49  0  0  64906  0  0  0  481377  0  1270  0.0  100.0  0 0 
1441331271  0  1598  1833672  1291  0  0  66887  0  0  5058  84756  0  36781  23492  60438  354  0  269  0  0  84756  49  0  0  66887  0  0  0  483358  0  1981  0.0  100.0  0 0 
1441331272  0  1598  1843125  1320  0  0  68303  0  0  5058  84756  0  36941  23332  60438  354  0  271  0  0  84756  49  0  0  68303  0  0  0  484774  0  1416  0.0  100.0  0 0 
1441331273  0  1598  1852548  1317  0  0  68010  0  0  5058  84756  0  36035  24243  60438  354  0  271  0  0  84756  49  0  0  68010  0  0  0  485729  0  955  0.0  100.0  0 0 
1441331273  0  1598  1862185  1381  0  0  72240  0  0  5058  84756  0  38319  21959  60438  354  0  272  0  0  84756  49  0  0  72240  0  0  0  489966  0  4237  0.0  100.0  0 0 
1441331274  0  1598  1874448  1382  0  0  71818  0  0  5058  84756  0  36795  23483  60438  354  0  273  0  0  84756  49  0  0  71818  0  0  0  491857  0  1891  0.0  100.0  0 0 
1441331274  0  1598  1874448  1382  0  0  71818  0  0  5058  84756  0  36795  23483  60438  354  0  273  0  0  84756  49  0  0  71818  0  0  0  491857  0  0  0.0  100.0  0 0 
1441331275  0  1598  1881297  1402  0  0  73028  0  0  5058  84756  0  36959  23310  60438  354  0  272  0  0  84756  49  0  0  73028  0  0  0  493080  0  1223  0.0  100.0  0 0 
1441331275  0  1598  1885546  1423  0  0  74309  0  0  5058  84756  0  37046  23169  60438  354  0  272  0  0  84756  49  0  0  74309  0  0  0  494361  0  1281  0.0  100.0  0 0 
1441331276  0  1598  1904103  1266  0  0  65387  0  0  5058  84756  0  25870  34324  60438  354  0  268  0  0  84756  49  0  0  65387  0  0  0  500926  0  6565  0.0  100.0  0 0 
1441331276  0  1598  1915427  1223  0  0  62327  0  0  5058  84756  0  23668  36533  60438  354  0  266  0  0  84756  49  0  0  62327  0  0  0  504860  0  3934  0.0  100.0  0 0 
1441331277  0  1598  1925883  1279  0  0  66372  0  0  5058  84756  0  25961  34240  60438  354  0  266  0  0  84756  49  0  0  66372  0  0  0  508906  0  4046  0.0  100.0  0 0 
1441331277  0  1598  1939249  1163  0  0  59442  0  0  5058  84756  0  25819  34431  60438  354  0  264  0  0  84756  49  0  0  59442  0  0  0  512517  0  3611  0.0  100.0  0 0 
1441331278  0  1598  1939249  1163  0  0  59442  0  0  5058  84756  0  25819  34431  60438  354  0  264  0  0  84756  49  0  0  59442  0  0  0  512517  0  0  0.0  100.0  0 0 
1441331278  0  1598  1951967  1210  0  0  62143  0  0  5058  84756  0  29030  31236  60438  354  0  265  0  0  84756  49  0  0  62143  0  0  0  517524  0  5007  0.0  100.0  0 0 
1441331279  0  1598  1959843  1177  0  0  60909  0  0  5058  84756  0  26140  34126  60438  354  0  264  0  0  84756  49  0  0  60909  0  0  0  522182  0  4658  0.0  100.0  0 0 
1441331279  0  1598  1973482  1189  0  0  61919  0  0  5058  84756  0  25866  34400  60438  354  0  265  0  0  84756  49  0  0  61919  0  0  0  526908  0  4726  0.0  100.0  0 0 
1441331280  0  1598  1986859  1230  0  0  64256  0  0  5058  84756  0  27035  33231  60438  354  0  266  0  0  84756  49  0  0  64256  0  0  0  532253  0  5345  0.0  100.0  0 0 
1441331280  0  1598  1992722  1226  0  0  64087  0  0  5058  84756  0  26344  33921  60438  354  0  266  0  0  84756  49  0  0  64087  0  0  0  535172  0  2919  0.0  100.0  0 0 
1441331281  0  1598  2000869  1261  0  0  66298  0  0  5058  84756  0  27165  33100  60438  354  0  266  0  0  84756  49  0  0  66298  0  0  0  537383  0  2211  0.0  100.0  0 0 
1441331281  0  1598  2000869  1261  0  0  66298  0  0  5058  84756  0  27165  33100  60438  354  0  266  0  0  84756  49  0  0  66298  0  0  0  537383  0  0  0.0  100.0  0 0 
1441331282  0  1598  2008712  1312  0  0  69605  0  0  5058  84756  0  27899  32366  60438  354  0  266  0  0  84756  49  0  0  69605  0  0  0  540693  0  3310  0.0  100.0  0 0 
1441331282  0  1598  2015651  1336  0  0  71195  0  0  5058  84756  0  29239  31026  60438  354  0  266  0  0  84756  49  0  0  71195  0  0  0  542283  0  1590  0.0  100.0  0 0 
1441331283  0  1598  2026543  1343  0  0  71485  0  0  5058  84756  0  27710  32526  60438  354  0  266  0  0  84756  49  0  0  71485  0  0  0  545656  0  3373  0.0  100.0  0 0 
1441331283  0  1598  2032202  1356  0  0  72250  0  0  5058  84756  0  28472  31738  60438  354  0  266  0  0  84756  49  0  0  72250  0  0  0  546421  0  765  0.0  100.0  0 0 
1441331284  0  1598  2038957  1349  0  0  72035  0  0  5058  84756  0  28256  31948  60438  354  0  265  0  0  84756  49  0  0  72035  0  0  0  548259  0  1838  0.0  100.0  0 0 
1441331284  0  1598  2054168  1373  0  0  73781  0  0  5058  84756  0  30005  30157  60438  354  0  265  0  0  84756  49  0  0  73781  0  0  0  553135  0  4876  0.0  100.0  0 0 
1441331285  0  1598  2054168  1373  0  0  73781  0  0  5058  84756  0  30005  30157  60438  354  0  265  0  0  84756  49  0  0  73781  0  0  0  553135  0  0  0.0  100.0  0 0 
1441331285  0  1598  2074504  1328  0  0  70912  0  0  5058  84756  0  30972  29254  60438  354  0  264  0  0  84756  49  0  0  70912  0  0  0  556234  0  3099  0.0  100.0  0 0 
1441331286  0  1598  2087719  1317  0  0  69344  0  0  5058  84756  0  32089  28146  60438  354  0  268  0  0  84756  49  0  0  69344  0  0  0  557504  0  1270  0.0  100.0  0 0 
1441331286  0  1598  2100858  1312  0  0  69159  0  0  5058  84756  0  34174  26064  60438  354  0  267  0  0  84756  49  0  0  69159  0  0  0  559624  0  2120  0.0  100.0  0 0 
1441331287  0  1598  2108326  1348  0  0  70908  0  0  5058  84756  0  35840  24398  60438  354  0  272  0  0  84756  49  0  0  70908  0  0  0  561373  0  1749  0.0  100.0  0 0 
1441331287  0  1598  2118310  1383  0  0  71870  0  0  5058  84756  0  36780  23458  60438  354  0  274  0  0  84756  49  0  0  71870  0  0  0  562336  0  963  0.0  100.0  0 0 
1441331288  0  1598  2127033  1256  0  0  63936  0  0  5058  84756  0  40626  19645  60438  354  0  271  0  0  84756  49  0  0  63936  0  0  0  566693  0  4357  0.0  100.0  0 0 
1441331288  0  1598  2127033  1256  0  0  63936  0  0  5058  84756  0  40626  19645  60438  354  0  271  0  0  84756  49  0  0  63936  0  0  0  566693  0  0  0.0  100.0  0 0 
1441331289  0  1598  2135277  1216  0  0  61477  0  0  5058  84756  0  37752  22526  60438  354  0  269  0  0  84756  49  0  0  61477  0  0  0  570134  0  3441  0.0  100.0  0 0 
1441331289  0  1598  2141384  1287  0  0  66044  0  0  5058  84756  0  39453  20824  60438  354  0  269  0  0  84756  49  0  0  66044  0  0  0  574701  0  4567  0.0  100.0  0 0 
1441331290  0  1598  2147304  1341  0  0  69850  0  0  5058  84756  0  41743  18534  60438  354  0  269  0  0  84756  49  0  0  69850  0  0  0  578507  0  3806  0.0  100.0  0 0 
1441331290  0  1598  2151717  1374  0  0  72273  0  0  5058  84756  0  42824  17453  60438  354  0  269  0  0  84756  49  0  0  72273  0  0  0  580930  0  2423  0.0  100.0  0 0 
1441331291  0  1598  2172507  1322  0  0  69106  0  0  5060  84756  0  35779  24500  60438  354  0  267  0  0  84756  51  0  0  69106  0  0  0  588304  0  7374  0.0  100.0  0 0 
1441331291  0  1598  2172507  1322  0  0  69106  0  0  5060  84756  0  35779  24500  60438  354  0  267  0  0  84756  51  0  0  69106  0  0  0  588304  0  0  0.0  100.0  0 0 
1441331292  0  1598  2181400  1352  0  0  71873  0  0  5062  84756  0  38488  21791  60438  354  0  267  0  0  84756  53  0  0  71873  0  0  0  592095  0  3791  0.0  100.0  0 0 
1441331292  0  1598  2197222  1292  0  0  67722  0  0  5066  84756  0  36359  23949  60438  354  0  266  0  0  84756  57  0  0  67722  0  0  0  596560  0  4465  0.0  100.0  0 0 
1441331293  0  1598  2217987  1285  0  0  63492  0  0  5068  84756  0  38213  22167  60438  354  0  268  0  0  84756  59  0  0  63492  0  0  0  599007  0  2447  0.0  100.0  0 0 
1441331293  0  1598  2224339  1293  0  0  64098  0  0  5068  84756  0  38647  21733  60438  354  0  268  0  0  84756  59  0  0  64098  0  0  0  599613  0  606  0.0  100.0  0 0 
1441331294  0  1598  2247121  1233  0  0  61234  0  0  5068  84756  0  39286  21133  60438  354  0  267  0  0  84756  59  0  0  61234  0  0  0  604441  0  4828  0.0  100.0  0 0 
1441331294  0  1598  2258139  1252  0  0  63400  0  0  5068  84756  0  41436  18988  60438  354  0  267  0  0  84756  59  0  0  63400  0  0  0  607893  0  3452  0.0  100.0  0 0 
1441331295  0  1598  2258139  1252  0  0  63400  0  0  5068  84756  0  41436  18988  60438  354  0  267  0  0  84756  59  0  0  63400  0  0  0  607893  0  0  0.0  100.0  0 0 
1441331295  0  1598  2265738  1296  0  0  66654  0  0  5068  84756  0  44646  15778  60438  354  0  268  0  0  84756  59  0  0  66654  0  0  0  611148  0  3255  0.0  100.0  0 0 
1441331296  0  1598  2271818  1355  0  0  71200  0  0  5068  84756  0  47352  13072  60438  354  0  269  0  0  84756  59  0  0  71200  0  0  0  615694  0  4546  0.0  100.0  0 0 
1441331297  0  1598  2279083  1397  0  0  73980  0  0  5068  84756  0  48561  11789  60438  354  0  270  0  0  84756  59  0  0  73980  0  0  0  618474  0  2780  0.0  100.0  0 0 
1441331297  0  1598  2286954  1452  0  0  77813  0  0  5068  84756  0  47637  12550  60438  354  0  269  0  0  84756  59  0  0  77813  0  0  0  623590  0  5116  0.0  100.0  0 0 
1441331298  0  1598  2296082  1460  0  0  78161  0  0  5068  84756  0  47956  12195  60438  354  0  269  0  0  84756  59  0  0  78161  0  0  0  625003  0  1413  0.0  100.0  0 0 
1441331298  0  1598  2306106  1528  0  0  82225  0  0  5068  84756  0  49120  10896  60438  354  0  270  0  0  84756  59  0  0  82225  0  0  0  631205  0  6202  0.0  100.0  0 0 
1441331299  0  1598  2306106  1528  0  0  82225  0  0  5068  84756  0  49120  10896  60438  354  0  270  0  0  84756  59  0  0  82225  0  0  0  631205  0  0  0.0  100.0  0 0 
1441331299  0  1598  2322121  1535  0  0  81757  0  0  5068  84756  0  48286  11680  60438  354  0  269  0  0  84756  59  0  0  81757  0  0  0  635801  0  4596  0.0  100.0  0 0 
1441331300  0  1598  2334828  1535  0  0  81499  0  0  5068  84756  0  50095  9871  60438  354  0  269  0  0  84756  59  0  0  81499  0  0  0  638622  0  2821  0.0  100.0  0 0 
1441331300  0  1598  2349249  1541  0  0  81503  0  0  5068  84756  0  51363  8603  60438  354  0  271  0  0  84756  59  0  0  81503  0  0  0  641442  0  2820  0.0  100.0  0 0 
1441331301  0  1598  2356120  1559  0  0  82778  0  0  5068  84756  0  51998  7968  60438  354  0  271  0  0  84756  59  0  0  82778  0  0  0  642717  0  1275  0.0  100.0  0 0 
1441331301  0  1598  2363650  1573  0  0  83263  0  0  5068  84756  0  51969  7997  60438  354  0  273  0  0  84756  59  0  0  83263  0  0  0  643616  0  899  0.0  100.0  0 0 
1441331302  0  1598  2363650  1573  0  0  83263  0  0  5068  84756  0  51969  7997  60438  354  0  273  0  0  84756  59  0  0  83263  0  0  0  643616  0  0  0.0  100.0  0 0 
1441331302  0  1598  2379357  1561  0  0  82425  0  0  5068  84756  0  52057  7909  60438  354  0  273  0  0  84756  59  0  0  82425  0  0  0  646102  0  2486  0.0  100.0  0 0 
1441331303  0  1598  2396104  1498  0  0  79256  0  0  5068  84756  0  52077  7977  60438  354  0  272  0  0  84756  59  0  0  79256  0  0  0  650881  0  4779  0.0  100.0  0 0 
1441331303  0  1598  2410477  1462  0  0  76992  0  0  5069  84756  0  46764  13291  60438  354  0  272  0  0  84756  60  0  0  76992  0  0  0  654996  0  4115  0.0  100.0  0 0 
1441331304  0  1598  2418360  1485  0  0  78598  0  0  5069  84756  0  47658  12397  60438  354  0  273  0  0  84756  60  0  0  78598  0  0  0  656603  0  1607  0.0  100.0  0 0 
1441331304  0  1598  2447698  1482  0  0  77367  0  0  5072  84756  0  42088  17898  60438  354  0  272  0  0  84756  63  0  0  77367  0  0  0  666925  0  10322  0.0  100.0  0 0 
1441331305  0  1598  2458255  1536  0  0  80788  0  0  5075  84756  0  43528  16458  60438  354  0  272  0  0  84756  66  0  0  80788  0  0  0  671370  0  4445  0.0  100.0  0 0 
1441331305  0  1606  2472675  1590  0  0  84104  0  0  5078  85507  0  43198  16608  60438  354  0  272  0  0  85507  69  0  0  84104  0  0  0  678115  0  6745  0.0  100.0  0 0 
1441331306  0  1606  2472675  1590  0  0  84104  0  0  5078  85507  0  43198  16608  60438  354  0  272  0  0  85507  69  0  0  84104  0  0  0  678115  0  0  0.0  100.0  0 0 
1441331306  0  1637  2482346  1637  0  0  87199  0  0  5078  87199  0  46302  13455  60438  354  0  272  0  0  87199  69  0  0  87199  0  0  0  682394  0  4279  0.0  100.0  0 0 
1441331307  0  1640  2495842  1502  0  0  78612  0  0  5078  87364  0  40283  19474  60438  354  0  270  0  0  87364  69  0  0  78612  0  0  0  684071  0  1677  0.0  100.0  0 0 
1441331307  0  1640  2512856  1498  0  0  78134  0  0  5078  87364  0  42985  16849  60438  354  0  271  0  0  87364  69  0  0  78134  0  0  0  689081  0  5010  0.0  100.0  0 0 
1441331308  0  1640  2536035  1401  0  0  72036  0  0  5078  87364  0  43240  16783  60438  354  0  267  0  0  87364  69  0  0  72036  0  0  0  697322  0  8241  0.0  100.0  0 0 
1441331308  0  1640  2541877  1415  0  0  72880  0  0  5078  87364  0  44075  15948  60438  354  0  267  0  0  87364  69  0  0  72880  0  0  0  698166  0  844  0.0  100.0  0 0 
1441331309  0  1640  2548667  1466  0  0  76983  0  0  5078  87364  0  48103  11920  60438  354  0  267  0  0  87364  69  0  0  76983  0  0  0  702269  0  4103  0.0  100.0  0 0 
1441331309  0  1640  2548667  1466  0  0  76983  0  0  5078  87364  0  48103  11920  60438  354  0  267  0  0  87364  69  0  0  76983  0  0  0  702269  0  0  0.0  100.0  0 0 
1441331310  0  1640  2559322  1398  0  0  73103  0  0  5078  87364  0  44559  15491  60438  354  0  265  0  0  87364  69  0  0  73103  0  0  0  705443  0  3174  0.0  100.0  0 0 
1441331310  0  1640  2580028  1403  0  0  73462  0  0  5078  87364  0  41279  18777  60438  354  0  266  0  0  87364  69  0  0  73462  0  0  0  713041  0  7598  0.0  100.0  0 0 
1441331311  0  1640  2593315  1443  0  0  76328  0  0  5078  87364  0  41584  18472  60438  354  0  266  0  0  87364  69  0  0  76328  0  0  0  718215  0  5174  0.0  100.0  0 0 
1441331311  0  1640  2599451  1478  0  0  78406  0  0  5078  87364  0  42807  17249  60438  354  0  269  0  0  87364  69  0  0  78406  0  0  0  720293  0  2078  0.0  100.0  0 0 
1441331312  0  1640  2599451  1478  0  0  78406  0  0  5078  87364  0  42807  17249  60438  354  0  269  0  0  87364  69  0  0  78406  0  0  0  720293  0  0  0.0  100.0  0 0 
1441331312  0  1640  2609812  1531  0  0  81849  0  0  5078  87364  0  44796  15184  60438  354  0  270  0  0  87364  69  0  0  81849  0  0  0  723736  0  3443  0.0  100.0  0 0 
1441331313  0  1640  2618360  1561  0  0  83539  0  0  5079  87364  0  46475  13453  60438  354  0  271  0  0  87364  70  0  0  83539  0  0  0  725427  0  1691  0.0  100.0  0 0 
1441331313  0  1640  2632577  1569  0  0  83843  0  0  5082  87364  0  46457  13438  60438  354  0  273  0  0  87364  73  0  0  83843  0  0  0  728861  0  3434  0.0  100.0  0 0 
1441331314  0  1640  2645141  1463  0  0  78144  0  0  5082  87364  0  42328  17571  60438  354  0  269  0  0  87364  73  0  0  78144  0  0  0  735530  0  6669  0.0  100.0  0 0 
1441331315  0  1640  2645141  1463  0  0  78144  0  0  5082  87364  0  42328  17571  60438  354  0  269  0  0  87364  73  0  0  78144  0  0  0  735530  0  0  0.0  100.0  0 0 
1441331315  0  1640  2654275  1537  0  0  80890  0  0  5084  87364  0  44510  15389  60438  354  0  274  0  0  87364  75  0  0  80890  0  0  0  738282  0  2752  0.0  100.0  0 0 
1441331316  0  1640  2663649  1569  0  0  83356  0  0  5088  87364  0  49118  10793  60438  354  0  273  0  0  87364  79  0  0  83356  0  0  0  743565  0  5283  0.0  100.0  0 0 
1441331316  0  1640  2670716  1604  0  0  85793  0  0  5091  87364  0  50920  8976  60438  354  0  273  0  0  87364  82  0  0  85793  0  0  0  746002  0  2437  0.0  100.0  0 0 
1441331317  0  1640  2673930  1616  0  0  86557  0  0  5092  87364  0  51575  8296  60438  354  0  273  0  0  87364  83  0  0  86557  0  0  0  746766  0  764  0.0  100.0  0 0 
1441331317  0  1640  2694277  1584  0  0  84768  0  0  5094  87364  0  54623  5303  60438  354  0  272  0  0  87364  85  0  0  84768  0  0  0  753734  0  6968  0.0  100.0  0 0 
1441331318  0  1640  2702118  1584  0  0  85544  0  0  5094  87364  0  54127  5800  60438  354  0  271  0  0  87364  85  0  0  85544  0  0  0  758798  0  5064  0.0  100.0  0 0 
1441331318  0  1640  2702118  1584  0  0  85544  0  0  5094  87364  0  54127  5800  60438  354  0  271  0  0  87364  85  0  0  85544  0  0  0  758798  0  0  0.0  100.0  0 0 
1441331319  0  1640  2712669  1636  0  0  89010  0  0  5094  89010  0  54342  5471  60438  354  0  271  0  0  89010  85  0  0  89010  0  0  0  763544  0  4746  0.0  100.0  0 0 
1441331319  0  1642  2742744  1556  0  0  83070  0  0  5094  89387  0  43711  16090  60438  354  0  272  0  0  89387  85  0  0  83070  0  0  0  769065  0  5521  0.0  100.0  0 0 
1441331320  0  1642  2749590  1628  0  0  87933  0  0  5094  89387  0  43730  15982  60438  354  0  272  0  0  89387  85  0  0  87933  0  0  0  773928  0  4863  0.0  100.0  0 0 
1441331320  0  1665  2771790  1578  0  0  83144  0  0  5094  90474  0  35996  23598  60438  354  0  273  0  0  90474  85  0  0  83144  0  0  0  777103  0  3175  0.0  100.0  0 0 
1441331321  0  1665  2779618  1557  0  0  81794  0  0  5094  90474  0  34508  25087  60438  354  0  272  0  0  90474  85  0  0  81794  0  0  0  778570  0  1467  0.0  100.0  0 0 
1441331321  0  1665  2804911  1472  0  0  77418  0  0  5094  90474  0  37940  21701  60438  354  0  270  0  0  90474  85  0  0  77418  0  0  0  787415  0  8845  0.0  100.0  0 0 
1441331322  0  1665  2804911  1472  0  0  77418  0  0  5094  90474  0  37940  21701  60438  354  0  270  0  0  90474  85  0  0  77418  0  0  0  787415  0  0  0.0  100.0  0 0 
1441331322  0  1665  2817480  1488  0  0  77020  0  0  5094  90474  0  40827  18837  60438  354  0  272  0  0  90474  85  0  0  77020  0  0  0  790986  0  3571  0.0  100.0  0 0 
1441331323  0  1665  2825390  1433  0  0  73782  0  0  5094  90474  0  37244  22423  60438  354  0  270  0  0  90474  85  0  0  73782  0  0  0  791336  0  350  0.0  100.0  0 0 
1441331323  0  1665  2845072  1455  0  0  74520  0  0  5094  90474  0  38617  21054  60438  354  0  272  0  0  90474  85  0  0  74520  0  0  0  799126  0  7790  0.0  100.0  0 0 
1441331324  0  1665  2879514  1345  0  0  68981  0  0  5094  90474  0  31198  28485  60438  354  0  271  0  0  90474  85  0  0  68981  0  0  0  808641  0  9515  0.0  100.0  0 0 
1441331324  0  1665  2879514  1345  0  0  68981  0  0  5094  90474  0  31198  28485  60438  354  0  271  0  0  90474  85  0  0  68981  0  0  0  808641  0  0  0.0  100.0  0 0 
1441331325  0  1665  2887017  1414  0  0  74088  0  0  5094  90474  0  31198  28485  60438  354  0  271  0  0  90474  85  0  0  74088  0  0  0  813748  0  5107  0.0  100.0  0 0 
1441331325  0  1665  2898373  1417  0  0  74305  0  0  5094  90474  0  29712  29972  60438  354  0  271  0  0  90474  85  0  0  74305  0  0  0  816007  0  2259  0.0  100.0  0 0 
1441331326  0  1665  2920001  1384  0  0  73845  0  0  5094  90474  0  28779  30911  60438  354  0  268  0  0  90474  85  0  0  73845  0  0  0  823912  0  7905  0.0  100.0  0 0 
1441331326  0  1665  2928927  1393  0  0  74331  0  0  5094  90474  0  28780  30913  60438  354  0  267  0  0  90474  85  0  0  74331  0  0  0  827831  0  3919  0.0  100.0  0 0 
1441331327  0  1665  2948652  1388  0  0  73609  0  0  5094  90474  0  35485  24297  60438  354  0  266  0  0  90474  85  0  0  73609  0  0  0  834815  0  6984  0.0  100.0  0 0 
1441331327  0  1665  2954070  1402  0  0  74285  0  0  5094  90474  0  36130  23652  60438  354  0  268  0  0  90474  85  0  0  74285  0  0  0  835491  0  676  0.0  100.0  0 0 
1441331330  0  1665  2954070  1402  0  0  74285  0  0  5094  90474  0  36130  23652  60438  354  0  268  0  0  90474  85  0  0  74285  0  0  0  835491  0  0  0.0  100.0  0 0 
1441331330  0  1665  2997708  1450  0  0  76999  0  0  5094  90474  0  42296  17517  60438  354  0  270  0  0  90474  85  0  0  76999  0  0  0  846888  0  11397  0.0  100.0  0 0 
1441331331  0  1665  3005088  1382  0  0  72809  0  0  5094  90474  0  44087  15840  60438  354  0  270  0  0  90474  85  0  0  72809  0  0  0  849100  0  2212  0.0  100.0  0 0 
1441331331  0  1665  3013669  1435  0  0  76547  0  0  5094  90474  0  44087  15848  60438  354  0  269  0  0  90474  85  0  0  76547  0  0  0  853350  0  4250  0.0  100.0  0 0 
1441331332  0  1665  3022308  1496  0  0  80768  0  0  5094  90474  0  43135  16800  60438  354  0  268  0  0  90474  85  0  0  80768  0  0  0  858595  0  5245  0.0  100.0  0 0 
1441331332  0  1665  3024429  1503  0  0  81188  0  0  5094  90474  0  43202  16733  60438  354  0  268  0  0  90474  85  0  0  81188  0  0  0  859015  0  420  0.0  100.0  0 0 
1441331333  0  1665  3046066  1448  0  0  78462  0  0  5094  90474  0  36148  23804  60438  354  0  264  0  0  90474  85  0  0  78462  0  0  0  866547  0  7532  0.0  100.0  0 0 
1441331333  0  1665  3046066  1448  0  0  78462  0  0  5094  90474  0  36148  23804  60438  354  0  264  0  0  90474  85  0  0  78462  0  0  0  866547  0  0  0.0  100.0  0 0 
1441331334  0  1665  3054453  1474  0  0  80035  0  0  5094  90474  0  37634  22308  60438  354  0  265  0  0  90474  85  0  0  80035  0  0  0  869060  0  2513  0.0  100.0  0 0 
1441331334  0  1665  3070413  1335  0  0  71750  0  0  5094  90474  0  39313  20621  60438  354  0  260  0  0  90474  85  0  0  71750  0  0  0  873361  0  4301  0.0  100.0  0 0 
1441331335  0  1665  3083266  1194  0  0  62887  0  0  5094  90474  0  36600  23375  60438  354  0  259  0  0  90474  85  0  0  62887  0  0  0  874482  0  1121  0.0  100.0  0 0 
1441331335  0  1665  3093905  1170  0  0  61358  0  0  5094  90474  0  35064  24913  60438  354  0  258  0  0  90474  85  0  0  61358  0  0  0  874493  0  11  0.0  100.0  0 0 
1441331336  0  1665  3113260  1218  0  0  63498  0  0  5094  90474  0  35634  24349  60438  354  0  266  0  0  90474  85  0  0  63498  0  0  0  881599  0  7106  0.0  100.0  0 0 
1441331336  0  1665  3113260  1218  0  0  63498  0  0  5094  90474  0  35634  24349  60438  354  0  266  0  0  90474  85  0  0  63498  0  0  0  881599  0  0  0.0  100.0  0 0 
1441331337  0  1665  3124641  1249  0  0  65305  0  0  5094  90474  0  36876  23158  60438  354  0  265  0  0  90474  85  0  0  65305  0  0  0  883667  0  2068  0.0  100.0  0 0 
1441331337  0  1665  3130250  1231  0  0  64062  0  0  5094  90474  0  34870  25164  60438  354  0  265  0  0  90474  85  0  0  64062  0  0  0  884465  0  798  0.0  100.0  0 0 
1441331338  0  1665  3134311  1239  0  0  64727  0  0  5094  90474  0  33209  26828  60438  354  0  265  0  0  90474  85  0  0  64727  0  0  0  886934  0  2469  0.0  100.0  0 0 
1441331338  0  1665  3141416  1279  0  0  67429  0  0  5094  90474  0  33212  26825  60438  354  0  266  0  0  90474  85  0  0  67429  0  0  0  889636  0  2702  0.0  100.0  0 0 
1441331339  0  1665  3149502  1319  0  0  69566  0  0  5094  90474  0  35746  24293  60438  354  0  266  0  0  90474  85  0  0  69566  0  0  0  893821  0  4185  0.0  100.0  0 0 
1441331339  0  1665  3154488  1327  0  0  69880  0  0  5094  90474  0  35746  24293  60438  354  0  267  0  0  90474  85  0  0  69880  0  0  0  894135  0  314  0.0  100.0  0 0 
1441331340  0  1665  3154488  1327  0  0  69880  0  0  5094  90474  0  35746  24293  60438  354  0  267  0  0  90474  85  0  0  69880  0  0  0  894135  0  0  0.0  100.0  0 0 
1441331340  0  1665  3162455  1336  0  0  70135  0  0  5094  90474  0  35314  24725  60438  354  0  269  0  0  90474  85  0  0  70135  0  0  0  895422  0  1287  0.0  100.0  0 0 
1441331341  0  1665  3180444  1284  0  0  66537  0  0  5094  90474  0  36926  23125  60438  354  0  268  0  0  90474  85  0  0  66537  0  0  0  898154  0  2732  0.0  100.0  0 0 
1441331341  0  1665  3188899  1360  0  0  70884  0  0  5094  90474  0  40817  19234  60438  354  0  270  0  0  90474  85  0  0  70884  0  0  0  902501  0  4347  0.0  100.0  0 0 
1441331342  0  1665  3202781  1329  0  0  68868  0  0  5094  90474  0  42559  17492  60438  354  0  268  0  0  90474  85  0  0  68868  0  0  0  905162  0  2661  0.0  100.0  0 0 
1441331342  0  1665  3210417  1333  0  0  69237  0  0  5094  90474  0  42681  17370  60438  354  0  268  0  0  90474  85  0  0  69237  0  0  0  905532  0  370  0.0  100.0  0 0 
1441331343  0  1665  3214498  1301  0  0  67089  0  0  5094  90474  0  43458  16648  60438  354  0  268  0  0  90474  85  0  0  67089  0  0  0  906721  0  1189  0.0  100.0  0 0 
1441331343  0  1665  3214498  1301  0  0  67089  0  0  5094  90474  0  43458  16648  60438  354  0  268  0  0  90474  85  0  0  67089  0  0  0  906721  0  0  0.0  100.0  0 0 
1441331344  0  1665  3225844  1208  0  0  61567  0  0  5094  90474  0  37983  22129  60438  354  0  267  0  0  90474  85  0  0  61567  0  0  0  907024  0  303  0.0  100.0  0 0 
1441331344  0  1665  3236178  1247  0  0  64386  0  0  5094  90474  0  38597  21515  60438  354  0  267  0  0  90474  85  0  0  64386  0  0  0  909845  0  2821  0.0  100.0  0 0 
1441331345  0  1665  3247898  1286  0  0  66906  0  0  5094  90474  0  38712  21401  60438  354  0  268  0  0  90474  85  0  0  66906  0  0  0  913650  0  3805  0.0  100.0  0 0 
1441331345  0  1665  3255625  1329  0  0  69757  0  0  5094  90474  0  39128  20985  60438  354  0  269  0  0  90474  85  0  0  69757  0  0  0  916501  0  2851  0.0  100.0  0 0 
1441331346  0  1665  3265325  1381  0  0  72954  0  0  5094  90474  0  40513  19600  60438  354  0  270  0  0  90474  85  0  0  72954  0  0  0  919698  0  3197  0.0  100.0  0 0 
1441331346  0  1665  3285042  1386  0  0  72801  0  0  5094  90474  0  36788  23325  60438  354  0  272  0  0  90474  85  0  0  72801  0  0  0  925657  0  5959  0.0  100.0  0 0 
1441331347  0  1665  3285042  1386  0  0  72801  0  0  5094  90474  0  36788  23325  60438  354  0  272  0  0  90474  85  0  0  72801  0  0  0  925657  0  0  0.0  100.0  0 0 
1441331347  0  1665  3300509  1416  0  0  75238  0  0  5094  90474  0  38340  21773  60438  354  0  272  0  0  90474  85  0  0  75238  0  0  0  930431  0  4774  0.0  100.0  0 0 
1441331348  0  1665  3309303  1406  0  0  72905  0  0  5094  90474  0  35521  24592  60438  354  0  271  0  0  90474  85  0  0  72905  0  0  0  932361  0  1930  0.0  100.0  0 0 
1441331348  0  1665  3316222  1415  0  0  73459  0  0  5094  90474  0  36356  23757  60438  354  0  270  0  0  90474  85  0  0  73459  0  0  0  933941  0  1580  0.0  100.0  0 0 
1441331349  0  1665  3329756  1418  0  0  74126  0  0  5094  90474  0  36254  23859  60438  354  0  269  0  0  90474  85  0  0  74126  0  0  0  938193  0  4252  0.0  100.0  0 0 
1441331349  0  1665  3349288  1436  0  0  75910  0  0  5094  90474  0  36139  23956  60438  354  0  268  0  0  90474  85  0  0  75910  0  0  0  945268  0  7075  0.0  100.0  0 0 
1441331350  0  1665  3354273  1457  0  0  77361  0  0  5094  90474  0  37342  22722  60438  354  0  268  0  0  90474  85  0  0  77361  0  0  0  946719  0  1451  0.0  100.0  0 0 
1441331351  0  1665  3354273  1457  0  0  77361  0  0  5094  90474  0  37342  22722  60438  354  0  268  0  0  90474  85  0  0  77361  0  0  0  946719  0  0  0.0  100.0  0 0 
1441331351  0  1665  3355222  1461  0  0  77621  0  0  5094  90474  0  37595  22461  60438  354  0  268  0  0  90474  85  0  0  77621  0  0  0  946979  0  260  0.0  100.0  0 0 
1441331352  0  1665  3356333  1471  0  0  78134  0  0  5094  90474  0  38151  21898  60438  354  0  268  0  0  90474  85  0  0  78134  0  0  0  947581  0  602  0.0  100.0  0 0 
1441331352  0  1665  3359686  1492  0  0  79551  0  0  5094  90474  0  39501  20543  60438  354  0  268  0  0  90474  85  0  0  79551  0  0  0  948998  0  1417  0.0  100.0  0 0 
