#Type:X;CI:5;ww:0;ca:0;co:1;fr:0;Type:X;CI:5;PI:0;PT:EP;U0:0;U1:0;
#time  Pp  gt  gs  cn  cm  cb  Nc  Pc  cp  Tc  Nm  pr  ps  pt  px  pd  Pm  Om  fs  ft  Oc  Em  Gp  Ec  Ge  ot  os  Total_cycles_diff  Successful_get_diff  Total_get_diff  succ_put_diff  total_put_diff  get_hit  
1441648954  0  0  0  0  0  0  0  0  0  7239  0  0  0  0  0  0  0  0  0  0  0  0  0  0  0  0  0  7239  0  0  0  0  
1441648954  0  0  0  0  0  0  0  0  0  7239  0  0  0  0  0  0  0  0  0  0  0  0  0  0  0  0  0  0  0  0  0  0  0 
1441648955  0  0  0  0  0  0  0  0  0  761576  0  0  0  0  0  0  0  0  0  0  0  0  0  0  0  0  0  754337  0  0  0  0  0 
1441648955  0  0  0  0  0  0  0  0  0  1314500  0  0  0  0  0  0  0  0  0  0  0  0  0  0  0  0  0  552924  0  0  0  0  0 
1441648956  0  0  0  0  0  0  0  0  0  1526491  0  0  0  0  0  0  0  0  0  0  0  0  0  0  0  0  0  211991  0  0  0  0  0 
1441648956  0  0  0  0  0  0  0  0  0  1881244  0  0  0  0  0  0  0  0  0  0  0  0  0  0  0  0  0  354753  0  0  0  0  0 
1441648957  0  0  0  0  0  0  0  0  0  2261509  0  0  0  0  0  0  0  0  0  13  0  0  0  0  0  39  0  380265  0  0  0  0  0 
1441648957  0  0  0  0  0  0  0  0  0  3187796  0  0  0  0  0  0  0  0  0  15  0  0  0  0  0  41  0  926287  0  0  0  0  0 
1441648958  0  0  0  0  0  0  0  0  0  3187796  0  0  0  0  0  0  0  0  0  15  0  0  0  0  0  41  0  0  0  0  0  0  0 
1441648958  0  0  0  0  0  0  0  0  0  3702623  0  0  0  0  0  0  0  0  0  21  0  0  0  0  0  46  0  514827  0  0  0  0  0 
1441648959  0  0  0  0  0  0  0  0  0  3815885  0  0  0  0  0  0  0  0  0  21  0  0  0  0  0  46  0  113262  0  0  0  0  0 
1441648959  0  0  0  0  0  0  0  0  0  3815885  0  0  0  0  0  0  0  0  0  21  0  0  0  0  0  46  0  0  0  0  0  0  0 
1441648960  0  0  0  0  0  0  0  0  0  3815885  0  0  0  0  0  0  0  0  0  21  0  0  0  0  0  46  0  0  0  0  0  0  0 
1441648960  0  0  0  0  0  0  0  0  0  3815885  0  0  0  0  0  0  0  0  0  21  0  0  0  0  0  46  0  0  0  0  0  0  0 
1441648961  0  0  0  0  0  0  0  0  0  3815885  0  0  0  0  0  0  0  0  0  21  0  0  0  0  0  46  0  0  0  0  0  0  0 
1441648961  0  0  0  0  0  0  0  0  0  3815885  0  0  0  0  0  0  0  0  0  21  0  0  0  0  0  46  0  0  0  0  0  0  0 
1441648962  0  0  0  0  0  0  0  0  0  3815885  0  0  0  0  0  0  0  0  0  21  0  0  0  0  0  46  0  0  0  0  0  0  0 
1441648962  0  0  0  0  0  0  0  0  0  3815885  0  0  0  0  0  0  0  0  0  21  0  0  0  0  0  46  0  0  0  0  0  0  0 
1441648963  0  0  0  0  0  0  0  0  0  3815885  0  0  0  0  0  0  0  0  0  21  0  0  0  0  0  46  0  0  0  0  0  0  0 
1441648963  0  0  0  0  0  0  0  0  0  3815885  0  0  0  0  0  0  0  0  0  21  0  0  0  0  0  46  0  0  0  0  0  0  0 
1441648964  0  0  0  0  0  0  0  0  0  3815885  0  0  0  0  0  0  0  0  0  21  0  0  0  0  0  46  0  0  0  0  0  0  0 
1441648964  0  0  0  0  0  0  0  0  0  3815885  0  0  0  0  0  0  0  0  0  21  0  0  0  0  0  46  0  0  0  0  0  0  0 
1441648965  0  0  0  0  0  0  0  0  0  3815885  0  0  0  0  0  0  0  0  0  21  0  0  0  0  0  46  0  0  0  0  0  0  0 
1441648965  0  0  0  0  0  0  0  0  0  3815885  0  0  0  0  0  0  0  0  0  21  0  0  0  0  0  46  0  0  0  0  0  0  0 
1441648966  0  0  0  0  0  0  0  0  0  3815885  0  0  0  0  0  0  0  0  0  21  0  0  0  0  0  46  0  0  0  0  0  0  0 
1441648966  0  0  0  0  0  0  0  0  0  3815885  0  0  0  0  0  0  0  0  0  21  0  0  0  0  0  46  0  0  0  0  0  0  0 
1441648967  0  0  0  0  0  0  0  0  0  3815885  0  0  0  0  0  0  0  0  0  21  0  0  0  0  0  46  0  0  0  0  0  0  0 
1441648967  0  0  0  0  0  0  0  0  0  3815885  0  0  0  0  0  0  0  0  0  21  0  0  0  0  0  46  0  0  0  0  0  0  0 
1441648968  0  0  0  0  0  0  0  0  0  3815885  0  0  0  0  0  0  0  0  0  21  0  0  0  0  0  46  0  0  0  0  0  0  0 
1441648968  0  0  0  0  0  0  0  0  0  3815885  0  0  0  0  0  0  0  0  0  21  0  0  0  0  0  46  0  0  0  0  0  0  0 
1441648969  0  0  0  0  0  0  0  0  0  3815885  0  0  0  0  0  0  0  0  0  21  0  0  0  0  0  46  0  0  0  0  0  0  0 
1441648969  0  0  0  0  0  0  0  0  0  3815885  0  0  0  0  0  0  0  0  0  21  0  0  0  0  0  46  0  0  0  0  0  0  0 
1441648970  0  0  0  0  0  0  0  0  0  3815885  0  0  0  0  0  0  0  0  0  21  0  0  0  0  0  46  0  0  0  0  0  0  0 
1441648970  0  0  0  0  0  0  0  0  0  3815885  0  0  0  0  0  0  0  0  0  21  0  0  0  0  0  46  0  0  0  0  0  0  0 
1441648971  0  0  0  0  0  0  0  0  0  3815885  0  0  0  0  0  0  0  0  0  21  0  0  0  0  0  46  0  0  0  0  0  0  0 
1441648971  0  0  0  0  0  0  0  0  0  3815885  0  0  0  0  0  0  0  0  0  21  0  0  0  0  0  46  0  0  0  0  0  0  0 
1441648972  0  0  0  0  0  0  0  0  0  3815885  0  0  0  0  0  0  0  0  0  21  0  0  0  0  0  46  0  0  0  0  0  0  0 
1441648972  0  0  0  0  0  0  0  0  0  3815885  0  0  0  0  0  0  0  0  0  21  0  0  0  0  0  46  0  0  0  0  0  0  0 
1441648973  0  0  0  0  0  0  0  0  0  3815885  0  0  0  0  0  0  0  0  0  21  0  0  0  0  0  46  0  0  0  0  0  0  0 
1441648973  0  0  0  0  0  0  0  0  0  3815885  0  0  0  0  0  0  0  0  0  21  0  0  0  0  0  46  0  0  0  0  0  0  0 
1441648974  0  0  0  0  0  0  0  0  0  3815885  0  0  0  0  0  0  0  0  0  21  0  0  0  0  0  46  0  0  0  0  0  0  0 
1441648974  0  0  0  0  0  0  0  0  0  3815885  0  0  0  0  0  0  0  0  0  21  0  0  0  0  0  46  0  0  0  0  0  0  0 
1441648975  0  0  0  0  0  0  0  0  0  3815885  0  0  0  0  0  0  0  0  0  21  0  0  0  0  0  46  0  0  0  0  0  0  0 
1441648975  0  0  0  0  0  0  0  0  0  3815885  0  0  0  0  0  0  0  0  0  21  0  0  0  0  0  46  0  0  0  0  0  0  0 
1441648976  0  0  0  0  0  0  0  0  0  3815885  0  0  0  0  0  0  0  0  0  21  0  0  0  0  0  46  0  0  0  0  0  0  0 
1441648976  0  0  0  0  0  0  0  0  0  3815885  0  0  0  0  0  0  0  0  0  21  0  0  0  0  0  46  0  0  0  0  0  0  0 
1441648977  0  0  0  0  0  0  0  0  0  3815885  0  0  0  0  0  0  0  0  0  21  0  0  0  0  0  46  0  0  0  0  0  0  0 
1441648977  0  0  0  0  0  0  0  0  0  3815885  0  0  0  0  0  0  0  0  0  21  0  0  0  0  0  46  0  0  0  0  0  0  0 
1441648978  0  0  0  0  0  0  0  0  0  3815885  0  0  0  0  0  0  0  0  0  21  0  0  0  0  0  46  0  0  0  0  0  0  0 
1441648978  0  0  0  0  0  0  0  0  0  3815885  0  0  0  0  0  0  0  0  0  21  0  0  0  0  0  46  0  0  0  0  0  0  0 
1441648979  0  0  0  0  0  0  0  0  0  3815885  0  0  0  0  0  0  0  0  0  21  0  0  0  0  0  46  0  0  0  0  0  0  0 
1441648979  0  0  0  0  0  0  0  0  0  3815885  0  0  0  0  0  0  0  0  0  21  0  0  0  0  0  46  0  0  0  0  0  0  0 
1441648980  0  0  0  0  0  0  0  0  0  3815885  0  0  0  0  0  0  0  0  0  21  0  0  0  0  0  46  0  0  0  0  0  0  0 
1441648980  0  0  0  0  0  0  0  0  0  3815885  0  0  0  0  0  0  0  0  0  21  0  0  0  0  0  46  0  0  0  0  0  0  0 
1441648981  0  0  0  0  0  0  0  0  0  3815885  0  0  0  0  0  0  0  0  0  21  0  0  0  0  0  46  0  0  0  0  0  0  0 
1441648981  0  0  0  0  0  0  0  0  0  3815885  0  0  0  0  0  0  0  0  0  21  0  0  0  0  0  46  0  0  0  0  0  0  0 
1441648982  0  0  0  0  0  0  0  0  0  3815885  0  0  0  0  0  0  0  0  0  21  0  0  0  0  0  46  0  0  0  0  0  0  0 
1441648982  0  0  0  0  0  0  0  0  0  3815885  0  0  0  0  0  0  0  0  0  21  0  0  0  0  0  46  0  0  0  0  0  0  0 
1441648983  0  0  0  0  0  0  0  0  0  3815885  0  0  0  0  0  0  0  0  0  21  0  0  0  0  0  46  0  0  0  0  0  0  0 
1441648983  0  0  0  0  0  0  0  0  0  3815885  0  0  0  0  0  0  0  0  0  21  0  0  0  0  0  46  0  0  0  0  0  0  0 
1441648984  0  0  0  0  0  0  0  0  0  3815885  0  0  0  0  0  0  0  0  0  21  0  0  0  0  0  46  0  0  0  0  0  0  0 
1441648984  0  0  0  0  0  0  0  0  0  3815885  0  0  0  0  0  0  0  0  0  21  0  0  0  0  0  46  0  0  0  0  0  0  0 
1441648985  0  0  0  0  0  0  0  0  0  3815885  0  0  0  0  0  0  0  0  0  21  0  0  0  0  0  46  0  0  0  0  0  0  0 
1441648985  0  0  0  0  0  0  0  0  0  3815885  0  0  0  0  0  0  0  0  0  21  0  0  0  0  0  46  0  0  0  0  0  0  0 
1441648986  0  0  0  0  0  0  0  0  0  3815885  0  0  0  0  0  0  0  0  0  21  0  0  0  0  0  46  0  0  0  0  0  0  0 
1441648986  0  0  0  0  0  0  0  0  0  3815885  0  0  0  0  0  0  0  0  0  21  0  0  0  0  0  46  0  0  0  0  0  0  0 
1441648987  0  0  0  0  0  0  0  0  0  3815885  0  0  0  0  0  0  0  0  0  21  0  0  0  0  0  46  0  0  0  0  0  0  0 
1441648987  0  0  0  0  0  0  0  0  0  3815885  0  0  0  0  0  0  0  0  0  21  0  0  0  0  0  46  0  0  0  0  0  0  0 
1441648988  0  0  0  0  0  0  0  0  0  3815885  0  0  0  0  0  0  0  0  0  21  0  0  0  0  0  46  0  0  0  0  0  0  0 
1441648988  0  0  0  0  0  0  0  0  0  3815885  0  0  0  0  0  0  0  0  0  21  0  0  0  0  0  46  0  0  0  0  0  0  0 
1441648989  0  0  0  0  0  0  0  0  0  3815885  0  0  0  0  0  0  0  0  0  21  0  0  0  0  0  46  0  0  0  0  0  0  0 
1441648989  0  0  0  0  0  0  0  0  0  3815885  0  0  0  0  0  0  0  0  0  21  0  0  0  0  0  46  0  0  0  0  0  0  0 
1441648990  0  0  0  0  0  0  0  0  0  3815885  0  0  0  0  0  0  0  0  0  21  0  0  0  0  0  46  0  0  0  0  0  0  0 
1441648990  0  0  0  0  0  0  0  0  0  3815885  0  0  0  0  0  0  0  0  0  21  0  0  0  0  0  46  0  0  0  0  0  0  0 
1441648991  0  0  0  0  0  0  0  0  0  3815885  0  0  0  0  0  0  0  0  0  21  0  0  0  0  0  46  0  0  0  0  0  0  0 
1441648991  0  0  0  0  0  0  0  0  0  3815885  0  0  0  0  0  0  0  0  0  21  0  0  0  0  0  46  0  0  0  0  0  0  0 
1441648992  0  0  0  0  0  0  0  0  0  3815885  0  0  0  0  0  0  0  0  0  21  0  0  0  0  0  46  0  0  0  0  0  0  0 
1441648993  0  0  0  0  0  0  0  0  0  3815885  0  0  0  0  0  0  0  0  0  21  0  0  0  0  0  46  0  0  0  0  0  0  0 
1441648993  0  0  0  0  0  0  0  0  0  3815885  0  0  0  0  0  0  0  0  0  21  0  0  0  0  0  46  0  0  0  0  0  0  0 
1441648994  0  0  0  0  0  0  0  0  0  3815885  0  0  0  0  0  0  0  0  0  21  0  0  0  0  0  46  0  0  0  0  0  0  0 
1441648994  0  0  0  0  0  0  0  0  0  3815885  0  0  0  0  0  0  0  0  0  21  0  0  0  0  0  46  0  0  0  0  0  0  0 
1441648995  0  0  0  0  0  0  0  0  0  3815885  0  0  0  0  0  0  0  0  0  21  0  0  0  0  0  46  0  0  0  0  0  0  0 
1441648995  0  0  0  0  0  0  0  0  0  3815885  0  0  0  0  0  0  0  0  0  21  0  0  0  0  0  46  0  0  0  0  0  0  0 
1441648996  0  0  0  0  0  0  0  0  0  3815885  0  0  0  0  0  0  0  0  0  21  0  0  0  0  0  46  0  0  0  0  0  0  0 
1441648996  0  0  0  0  0  0  0  0  0  3815885  0  0  0  0  0  0  0  0  0  21  0  0  0  0  0  46  0  0  0  0  0  0  0 
1441648997  0  0  0  0  0  0  0  0  0  3815885  0  0  0  0  0  0  0  0  0  21  0  0  0  0  0  46  0  0  0  0  0  0  0 
1441648997  0  0  0  0  0  0  0  0  0  3815885  0  0  0  0  0  0  0  0  0  21  0  0  0  0  0  46  0  0  0  0  0  0  0 
1441648998  0  0  0  0  0  0  0  0  0  3815885  0  0  0  0  0  0  0  0  0  21  0  0  0  0  0  46  0  0  0  0  0  0  0 
1441648998  0  0  0  0  0  0  0  0  0  3815885  0  0  0  0  0  0  0  0  0  21  0  0  0  0  0  46  0  0  0  0  0  0  0 
1441648999  0  0  0  0  0  0  0  0  0  3815885  0  0  0  0  0  0  0  0  0  21  0  0  0  0  0  46  0  0  0  0  0  0  0 
1441648999  0  0  0  0  0  0  0  0  0  3815885  0  0  0  0  0  0  0  0  0  21  0  0  0  0  0  46  0  0  0  0  0  0  0 
1441649000  0  0  0  0  0  0  0  0  0  3815885  0  0  0  0  0  0  0  0  0  21  0  0  0  0  0  46  0  0  0  0  0  0  0 
1441649000  0  0  0  0  0  0  0  0  0  3815885  0  0  0  0  0  0  0  0  0  21  0  0  0  0  0  46  0  0  0  0  0  0  0 
1441649001  0  0  0  0  0  0  0  0  0  3815885  0  0  0  0  0  0  0  0  0  21  0  0  0  0  0  46  0  0  0  0  0  0  0 
1441649001  0  0  0  0  0  0  0  0  0  3815885  0  0  0  0  0  0  0  0  0  21  0  0  0  0  0  46  0  0  0  0  0  0  0 
1441649002  0  0  0  0  0  0  0  0  0  3815885  0  0  0  0  0  0  0  0  0  21  0  0  0  0  0  46  0  0  0  0  0  0  0 
1441649002  0  0  0  0  0  0  0  0  0  3815885  0  0  0  0  0  0  0  0  0  21  0  0  0  0  0  46  0  0  0  0  0  0  0 
1441649003  0  0  0  0  0  0  0  0  0  3815885  0  0  0  0  0  0  0  0  0  21  0  0  0  0  0  46  0  0  0  0  0  0  0 
1441649003  0  0  0  0  0  0  0  0  0  3815885  0  0  0  0  0  0  0  0  0  21  0  0  0  0  0  46  0  0  0  0  0  0  0 
1441649004  0  0  0  0  0  0  0  0  0  3815885  0  0  0  0  0  0  0  0  0  21  0  0  0  0  0  46  0  0  0  0  0  0  0 
1441649004  0  0  0  0  0  0  0  0  0  3815885  0  0  0  0  0  0  0  0  0  21  0  0  0  0  0  46  0  0  0  0  0  0  0 
1441649005  0  0  0  0  0  0  0  0  0  3815885  0  0  0  0  0  0  0  0  0  21  0  0  0  0  0  46  0  0  0  0  0  0  0 
1441649005  0  0  0  0  0  0  0  0  0  3815885  0  0  0  0  0  0  0  0  0  21  0  0  0  0  0  46  0  0  0  0  0  0  0 
1441649006  0  0  0  0  0  0  0  0  0  3815885  0  0  0  0  0  0  0  0  0  21  0  0  0  0  0  46  0  0  0  0  0  0  0 
1441649006  0  0  0  0  0  0  0  0  0  3815885  0  0  0  0  0  0  0  0  0  21  0  0  0  0  0  46  0  0  0  0  0  0  0 
1441649007  0  0  0  0  0  0  0  0  0  3815885  0  0  0  0  0  0  0  0  0  21  0  0  0  0  0  46  0  0  0  0  0  0  0 
1441649007  0  0  0  0  0  0  0  0  0  3815885  0  0  0  0  0  0  0  0  0  21  0  0  0  0  0  46  0  0  0  0  0  0  0 
1441649008  0  0  0  0  0  0  0  0  0  3815885  0  0  0  0  0  0  0  0  0  21  0  0  0  0  0  46  0  0  0  0  0  0  0 
1441649008  0  0  0  0  0  0  0  0  0  3815885  0  0  0  0  0  0  0  0  0  21  0  0  0  0  0  46  0  0  0  0  0  0  0 
1441649009  0  0  0  0  0  0  0  0  0  3815885  0  0  0  0  0  0  0  0  0  21  0  0  0  0  0  46  0  0  0  0  0  0  0 
1441649009  0  0  0  0  0  0  0  0  0  3815885  0  0  0  0  0  0  0  0  0  21  0  0  0  0  0  46  0  0  0  0  0  0  0 
1441649010  0  0  0  0  0  0  0  0  0  3815885  0  0  0  0  0  0  0  0  0  21  0  0  0  0  0  46  0  0  0  0  0  0  0 
1441649010  0  0  0  0  0  0  0  0  0  3815885  0  0  0  0  0  0  0  0  0  21  0  0  0  0  0  46  0  0  0  0  0  0  0 
1441649011  0  0  0  0  0  0  0  0  0  3815885  0  0  0  0  0  0  0  0  0  21  0  0  0  0  0  46  0  0  0  0  0  0  0 
1441649011  0  0  0  0  0  0  0  0  0  3820585  0  0  0  0  0  0  0  0  0  21  0  0  0  0  0  47  0  4700  0  0  0  0  0 
1441649012  0  0  0  0  0  0  0  0  0  3820585  0  0  0  0  0  0  0  0  0  21  0  0  0  0  0  47  0  0  0  0  0  0  0 
1441649012  0  0  0  0  0  0  0  0  0  3820585  0  0  0  0  0  0  0  0  0  21  0  0  0  0  0  47  0  0  0  0  0  0  0 
1441649013  0  0  0  0  0  0  0  0  0  3820585  0  0  0  0  0  0  0  0  0  21  0  0  0  0  0  47  0  0  0  0  0  0  0 
1441649013  0  0  0  0  0  0  0  0  0  3820585  0  0  0  0  0  0  0  0  0  21  0  0  0  0  0  47  0  0  0  0  0  0  0 
1441649014  0  0  0  0  0  0  0  0  0  3820585  0  0  0  0  0  0  0  0  0  21  0  0  0  0  0  47  0  0  0  0  0  0  0 
1441649014  0  0  0  0  0  0  0  0  0  3820585  0  0  0  0  0  0  0  0  0  21  0  0  0  0  0  47  0  0  0  0  0  0  0 
1441649015  0  0  0  0  0  0  0  0  0  3820585  0  0  0  0  0  0  0  0  0  21  0  0  0  0  0  47  0  0  0  0  0  0  0 
1441649015  0  0  0  0  0  0  0  0  0  3820585  0  0  0  0  0  0  0  0  0  21  0  0  0  0  0  47  0  0  0  0  0  0  0 
1441649016  0  0  0  0  0  0  0  0  0  3820585  0  0  0  0  0  0  0  0  0  21  0  0  0  0  0  47  0  0  0  0  0  0  0 
1441649016  0  0  0  0  0  0  0  0  0  3820585  0  0  0  0  0  0  0  0  0  21  0  0  0  0  0  47  0  0  0  0  0  0  0 
1441649017  0  0  0  0  0  0  0  0  0  3820585  0  0  0  0  0  0  0  0  0  21  0  0  0  0  0  47  0  0  0  0  0  0  0 
1441649017  0  0  0  0  0  0  0  0  0  3820585  0  0  0  0  0  0  0  0  0  21  0  0  0  0  0  47  0  0  0  0  0  0  0 
1441649018  0  0  0  0  0  0  0  0  0  3820585  0  0  0  0  0  0  0  0  0  21  0  0  0  0  0  47  0  0  0  0  0  0  0 
1441649018  0  0  0  0  0  0  0  0  0  3820585  0  0  0  0  0  0  0  0  0  21  0  0  0  0  0  47  0  0  0  0  0  0  0 
1441649019  0  0  0  0  0  0  0  0  0  3820585  0  0  0  0  0  0  0  0  0  21  0  0  0  0  0  47  0  0  0  0  0  0  0 
1441649019  0  0  0  0  0  0  0  0  0  3820585  0  0  0  0  0  0  0  0  0  21  0  0  0  0  0  47  0  0  0  0  0  0  0 
1441649020  0  0  0  0  0  0  0  0  0  3820585  0  0  0  0  0  0  0  0  0  21  0  0  0  0  0  47  0  0  0  0  0  0  0 
1441649020  0  0  0  0  0  0  0  0  0  3820585  0  0  0  0  0  0  0  0  0  21  0  0  0  0  0  47  0  0  0  0  0  0  0 
1441649021  0  0  0  0  0  0  0  0  0  3820585  0  0  0  0  0  0  0  0  0  21  0  0  0  0  0  47  0  0  0  0  0  0  0 
1441649021  0  0  0  0  0  0  0  0  0  3823026  0  0  0  0  0  0  0  0  0  21  0  0  0  0  0  48  0  2441  0  0  0  0  0 
1441649022  0  0  0  0  0  0  0  0  0  3823026  0  0  0  0  0  0  0  0  0  21  0  0  0  0  0  48  0  0  0  0  0  0  0 
1441649022  0  0  0  0  0  0  0  0  0  3823026  0  0  0  0  0  0  0  0  0  21  0  0  0  0  0  48  0  0  0  0  0  0  0 
1441649023  0  0  0  0  0  0  0  0  0  3823026  0  0  0  0  0  0  0  0  0  21  0  0  0  0  0  48  0  0  0  0  0  0  0 
1441649023  0  0  0  0  0  0  0  0  0  3823026  0  0  0  0  0  0  0  0  0  21  0  0  0  0  0  48  0  0  0  0  0  0  0 
1441649024  0  0  0  0  0  0  0  0  0  3823026  0  0  0  0  0  0  0  0  0  21  0  0  0  0  0  48  0  0  0  0  0  0  0 
1441649024  0  0  0  0  0  0  0  0  0  3823026  0  0  0  0  0  0  0  0  0  21  0  0  0  0  0  48  0  0  0  0  0  0  0 
1441649025  0  0  0  0  0  0  0  0  0  3823026  0  0  0  0  0  0  0  0  0  21  0  0  0  0  0  48  0  0  0  0  0  0  0 
1441649025  0  0  0  0  0  0  0  0  0  3823026  0  0  0  0  0  0  0  0  0  21  0  0  0  0  0  48  0  0  0  0  0  0  0 
1441649026  0  0  0  0  0  0  0  0  0  3823026  0  0  0  0  0  0  0  0  0  21  0  0  0  0  0  48  0  0  0  0  0  0  0 
1441649026  0  0  0  0  0  0  0  0  0  3823026  0  0  0  0  0  0  0  0  0  21  0  0  0  0  0  48  0  0  0  0  0  0  0 
1441649027  0  0  0  0  0  0  0  0  0  3823026  0  0  0  0  0  0  0  0  0  21  0  0  0  0  0  48  0  0  0  0  0  0  0 
1441649027  0  0  0  0  0  0  0  0  0  3823026  0  0  0  0  0  0  0  0  0  21  0  0  0  0  0  48  0  0  0  0  0  0  0 
1441649028  0  0  0  0  0  0  0  0  0  3823026  0  0  0  0  0  0  0  0  0  21  0  0  0  0  0  48  0  0  0  0  0  0  0 
1441649028  0  0  0  0  0  0  0  0  0  3823026  0  0  0  0  0  0  0  0  0  21  0  0  0  0  0  48  0  0  0  0  0  0  0 
1441649029  0  0  0  0  0  0  0  0  0  3823026  0  0  0  0  0  0  0  0  0  21  0  0  0  0  0  48  0  0  0  0  0  0  0 
1441649029  0  0  0  0  0  0  0  0  0  3823026  0  0  0  0  0  0  0  0  0  21  0  0  0  0  0  48  0  0  0  0  0  0  0 
1441649030  0  0  0  0  0  0  0  0  0  3823026  0  0  0  0  0  0  0  0  0  21  0  0  0  0  0  48  0  0  0  0  0  0  0 
1441649030  0  0  0  0  0  0  0  0  0  3823026  0  0  0  0  0  0  0  0  0  21  0  0  0  0  0  48  0  0  0  0  0  0  0 
1441649031  0  0  0  0  0  0  0  0  0  3825612  0  0  0  0  0  0  0  0  0  21  0  0  0  0  0  49  0  2586  0  0  0  0  0 
1441649031  0  0  0  0  0  0  0  0  0  3825612  0  0  0  0  0  0  0  0  0  21  0  0  0  0  0  49  0  0  0  0  0  0  0 
1441649032  0  0  0  0  0  0  0  0  0  3825612  0  0  0  0  0  0  0  0  0  21  0  0  0  0  0  49  0  0  0  0  0  0  0 
1441649032  0  0  0  0  0  0  0  0  0  3825612  0  0  0  0  0  0  0  0  0  21  0  0  0  0  0  49  0  0  0  0  0  0  0 
1441649033  0  0  0  0  0  0  0  0  0  3825612  0  0  0  0  0  0  0  0  0  21  0  0  0  0  0  49  0  0  0  0  0  0  0 
1441649033  0  0  0  0  0  0  0  0  0  3825612  0  0  0  0  0  0  0  0  0  21  0  0  0  0  0  49  0  0  0  0  0  0  0 
1441649034  0  0  0  0  0  0  0  0  0  3825612  0  0  0  0  0  0  0  0  0  21  0  0  0  0  0  49  0  0  0  0  0  0  0 
1441649034  0  0  0  0  0  0  0  0  0  3825612  0  0  0  0  0  0  0  0  0  21  0  0  0  0  0  49  0  0  0  0  0  0  0 
1441649035  0  0  0  0  0  0  0  0  0  3825612  0  0  0  0  0  0  0  0  0  21  0  0  0  0  0  49  0  0  0  0  0  0  0 
1441649036  0  0  0  0  0  0  0  0  0  3825612  0  0  0  0  0  0  0  0  0  21  0  0  0  0  0  49  0  0  0  0  0  0  0 
1441649036  0  0  0  0  0  0  0  0  0  3825612  0  0  0  0  0  0  0  0  0  21  0  0  0  0  0  49  0  0  0  0  0  0  0 
1441649037  0  0  0  0  0  0  0  0  0  3825612  0  0  0  0  0  0  0  0  0  21  0  0  0  0  0  49  0  0  0  0  0  0  0 
1441649037  0  0  0  0  0  0  0  0  0  3825612  0  0  0  0  0  0  0  0  0  21  0  0  0  0  0  49  0  0  0  0  0  0  0 
1441649038  0  0  0  0  0  0  0  0  0  3825612  0  0  0  0  0  0  0  0  0  21  0  0  0  0  0  49  0  0  0  0  0  0  0 
1441649038  0  0  0  0  0  0  0  0  0  3825612  0  0  0  0  0  0  0  0  0  21  0  0  0  0  0  49  0  0  0  0  0  0  0 
1441649039  0  0  0  0  0  0  0  0  0  3825612  0  0  0  0  0  0  0  0  0  21  0  0  0  0  0  49  0  0  0  0  0  0  0 
1441649039  0  0  0  0  0  0  0  0  0  3825612  0  0  0  0  0  0  0  0  0  21  0  0  0  0  0  49  0  0  0  0  0  0  0 
1441649040  0  0  0  0  0  0  0  0  0  3825612  0  0  0  0  0  0  0  0  0  21  0  0  0  0  0  49  0  0  0  0  0  0  0 
1441649040  0  0  0  0  0  0  0  0  0  3825612  0  0  0  0  0  0  0  0  0  21  0  0  0  0  0  49  0  0  0  0  0  0  0 
1441649041  0  0  0  0  0  0  0  0  0  3825612  0  0  0  0  0  0  0  0  0  21  0  0  0  0  0  49  0  0  0  0  0  0  0 
1441649041  0  0  0  0  0  0  0  0  0  3828464  0  0  0  0  0  0  0  0  0  21  0  0  0  0  0  50  0  2852  0  0  0  0  0 
1441649042  0  0  0  0  0  0  0  0  0  3828464  0  0  0  0  0  0  0  0  0  21  0  0  0  0  0  50  0  0  0  0  0  0  0 
1441649042  0  0  0  0  0  0  0  0  0  3828464  0  0  0  0  0  0  0  0  0  21  0  0  0  0  0  50  0  0  0  0  0  0  0 
1441649043  0  0  0  0  0  0  0  0  0  3828464  0  0  0  0  0  0  0  0  0  21  0  0  0  0  0  50  0  0  0  0  0  0  0 
1441649043  0  0  0  0  0  0  0  0  0  3828464  0  0  0  0  0  0  0  0  0  21  0  0  0  0  0  50  0  0  0  0  0  0  0 
1441649044  0  0  0  0  0  0  0  0  0  3828464  0  0  0  0  0  0  0  0  0  21  0  0  0  0  0  50  0  0  0  0  0  0  0 
1441649044  0  0  0  0  0  0  0  0  0  3828464  0  0  0  0  0  0  0  0  0  21  0  0  0  0  0  50  0  0  0  0  0  0  0 
1441649045  0  0  0  0  0  0  0  0  0  3828464  0  0  0  0  0  0  0  0  0  21  0  0  0  0  0  50  0  0  0  0  0  0  0 
1441649045  0  0  0  0  0  0  0  0  0  3828464  0  0  0  0  0  0  0  0  0  21  0  0  0  0  0  50  0  0  0  0  0  0  0 
1441649046  0  0  0  0  0  0  0  0  0  3828464  0  0  0  0  0  0  0  0  0  21  0  0  0  0  0  50  0  0  0  0  0  0  0 
1441649046  0  0  0  0  0  0  0  0  0  3828464  0  0  0  0  0  0  0  0  0  21  0  0  0  0  0  50  0  0  0  0  0  0  0 
1441649047  0  0  0  0  0  0  0  0  0  3828464  0  0  0  0  0  0  0  0  0  21  0  0  0  0  0  50  0  0  0  0  0  0  0 
1441649047  0  0  0  0  0  0  0  0  0  3828464  0  0  0  0  0  0  0  0  0  21  0  0  0  0  0  50  0  0  0  0  0  0  0 
1441649048  0  0  0  0  0  0  0  0  0  3828464  0  0  0  0  0  0  0  0  0  21  0  0  0  0  0  50  0  0  0  0  0  0  0 
1441649048  0  0  0  0  0  0  0  0  0  3828464  0  0  0  0  0  0  0  0  0  21  0  0  0  0  0  50  0  0  0  0  0  0  0 
1441649049  0  0  0  0  0  0  0  0  0  3828464  0  0  0  0  0  0  0  0  0  21  0  0  0  0  0  50  0  0  0  0  0  0  0 
1441649049  0  0  0  0  0  0  0  0  0  3828464  0  0  0  0  0  0  0  0  0  21  0  0  0  0  0  50  0  0  0  0  0  0  0 
1441649050  0  0  0  0  0  0  0  0  0  3828464  0  0  0  0  0  0  0  0  0  21  0  0  0  0  0  50  0  0  0  0  0  0  0 
1441649050  0  0  0  0  0  0  0  0  0  3828464  0  0  0  0  0  0  0  0  0  21  0  0  0  0  0  50  0  0  0  0  0  0  0 
1441649051  0  0  0  0  0  0  0  0  0  3831186  0  0  0  0  0  0  0  0  0  21  0  0  0  0  0  51  0  2722  0  0  0  0  0 
1441649051  0  0  0  0  0  0  0  0  0  3831186  0  0  0  0  0  0  0  0  0  21  0  0  0  0  0  51  0  0  0  0  0  0  0 
1441649052  0  0  0  0  0  0  0  0  0  3831186  0  0  0  0  0  0  0  0  0  21  0  0  0  0  0  51  0  0  0  0  0  0  0 
1441649052  0  0  0  0  0  0  0  0  0  3831186  0  0  0  0  0  0  0  0  0  21  0  0  0  0  0  51  0  0  0  0  0  0  0 
1441649053  0  0  0  0  0  0  0  0  0  3831186  0  0  0  0  0  0  0  0  0  21  0  0  0  0  0  51  0  0  0  0  0  0  0 
1441649053  0  0  0  0  0  0  0  0  0  3831186  0  0  0  0  0  0  0  0  0  21  0  0  0  0  0  51  0  0  0  0  0  0  0 
1441649054  0  0  0  0  0  0  0  0  0  3831186  0  0  0  0  0  0  0  0  0  21  0  0  0  0  0  51  0  0  0  0  0  0  0 
1441649054  0  0  0  0  0  0  0  0  0  3831186  0  0  0  0  0  0  0  0  0  21  0  0  0  0  0  51  0  0  0  0  0  0  0 
1441649055  0  0  0  0  0  0  0  0  0  3831186  0  0  0  0  0  0  0  0  0  21  0  0  0  0  0  51  0  0  0  0  0  0  0 
1441649055  0  0  0  0  0  0  0  0  0  3831186  0  0  0  0  0  0  0  0  0  21  0  0  0  0  0  51  0  0  0  0  0  0  0 
1441649056  0  0  0  0  0  0  0  0  0  3831186  0  0  0  0  0  0  0  0  0  21  0  0  0  0  0  51  0  0  0  0  0  0  0 
1441649056  0  0  0  0  0  0  0  0  0  3831186  0  0  0  0  0  0  0  0  0  21  0  0  0  0  0  51  0  0  0  0  0  0  0 
1441649057  0  0  0  0  0  0  0  0  0  3831186  0  0  0  0  0  0  0  0  0  21  0  0  0  0  0  51  0  0  0  0  0  0  0 
1441649057  0  0  0  0  0  0  0  0  0  3831186  0  0  0  0  0  0  0  0  0  21  0  0  0  0  0  51  0  0  0  0  0  0  0 
1441649058  0  0  0  0  0  0  0  0  0  3831186  0  0  0  0  0  0  0  0  0  21  0  0  0  0  0  51  0  0  0  0  0  0  0 
1441649058  0  0  0  0  0  0  0  0  0  3831186  0  0  0  0  0  0  0  0  0  21  0  0  0  0  0  51  0  0  0  0  0  0  0 
1441649059  0  0  0  0  0  0  0  0  0  3831186  0  0  0  0  0  0  0  0  0  21  0  0  0  0  0  51  0  0  0  0  0  0  0 
1441649059  0  0  0  0  0  0  0  0  0  3831186  0  0  0  0  0  0  0  0  0  21  0  0  0  0  0  51  0  0  0  0  0  0  0 
1441649060  0  0  0  0  0  0  0  0  0  3831186  0  0  0  0  0  0  0  0  0  21  0  0  0  0  0  51  0  0  0  0  0  0  0 
1441649060  0  0  0  0  0  0  0  0  0  3831186  0  0  0  0  0  0  0  0  0  21  0  0  0  0  0  51  0  0  0  0  0  0  0 
1441649061  0  0  0  0  0  0  0  0  0  3831186  0  0  0  0  0  0  0  0  0  21  0  0  0  0  0  51  0  0  0  0  0  0  0 
1441649061  0  0  0  0  0  0  0  0  0  3900073  0  0  0  0  0  0  0  0  0  25  0  0  0  0  0  64  0  68887  0  0  0  0  0 
1441649062  0  0  0  0  0  0  0  0  0  3910675  0  0  0  0  0  0  0  0  0  25  0  0  0  0  0  64  0  10602  0  0  0  0  0 
1441649063  0  0  0  0  0  0  0  0  0  3910675  0  0  0  0  0  0  0  0  0  25  0  0  0  0  0  64  0  0  0  0  0  0  0 
1441649063  0  0  0  0  0  0  0  0  0  3910675  0  0  0  0  0  0  0  0  0  25  0  0  0  0  0  64  0  0  0  0  0  0  0 
