#Type:X;CI:1;ww:0;ca:0;co:1;fr:0;Type:X;CI:1;PI:0;PT:EP;U0:0;U1:0;Type:X;CI:1;PI:1;PT:EP;U0:0;U1:0;
#time  Pp  gt  gs  cn  cm  cb  Nc  Pc  cp  Tc  Nm  pr  ps  pt  px  pd  Pm  Om  fs  ft  Oc  Em  Gp  Ec  Ge  ot  os  Total_cycles_diff  Successful_get_diff  Total_get_diff  succ_put_diff  total_put_diff  get_hit  
1441648737  0  0  0  0  0  0  0  0  0  3906429  0  0  0  0  0  0  0  0  0  21  0  0  0  0  0  46  0  3906429  0  0  0  0  
1441648738  0  0  0  0  0  0  0  0  0  3911559  0  0  0  0  0  0  0  0  0  21  0  0  0  0  0  47  0  5130  0  0  0  0  0 
1441648738  0  0  0  0  0  0  0  0  0  3911559  0  0  0  0  0  0  0  0  0  21  0  0  0  0  0  47  0  0  0  0  0  0  0 
1441648739  0  0  0  0  0  0  0  0  0  3911559  0  0  0  0  0  0  0  0  0  21  0  0  0  0  0  47  0  0  0  0  0  0  0 
1441648739  0  0  0  0  0  0  0  0  0  3911559  0  0  0  0  0  0  0  0  0  21  0  0  0  0  0  47  0  0  0  0  0  0  0 
1441648740  0  0  0  0  0  0  0  0  0  3911559  0  0  0  0  0  0  0  0  0  21  0  0  0  0  0  47  0  0  0  0  0  0  0 
1441648740  0  0  0  0  0  0  0  0  0  3911559  0  0  0  0  0  0  0  0  0  21  0  0  0  0  0  47  0  0  0  0  0  0  0 
1441648741  0  0  0  0  0  0  0  0  0  3911559  0  0  0  0  0  0  0  0  0  21  0  0  0  0  0  47  0  0  0  0  0  0  0 
1441648741  0  0  0  0  0  0  0  0  0  3911559  0  0  0  0  0  0  0  0  0  21  0  0  0  0  0  47  0  0  0  0  0  0  0 
1441648742  0  0  0  0  0  0  0  0  0  3911559  0  0  0  0  0  0  0  0  0  21  0  0  0  0  0  47  0  0  0  0  0  0  0 
1441648742  0  0  0  0  0  0  0  0  0  3911559  0  0  0  0  0  0  0  0  0  21  0  0  0  0  0  47  0  0  0  0  0  0  0 
1441648743  0  0  0  0  0  0  0  0  0  3911559  0  0  0  0  0  0  0  0  0  21  0  0  0  0  0  47  0  0  0  0  0  0  0 
1441648743  0  0  0  0  0  0  0  0  0  3911559  0  0  0  0  0  0  0  0  0  21  0  0  0  0  0  47  0  0  0  0  0  0  0 
1441648744  0  0  0  0  0  0  0  0  0  3911559  0  0  0  0  0  0  0  0  0  21  0  0  0  0  0  47  0  0  0  0  0  0  0 
1441648744  0  0  0  0  0  0  0  0  0  3911559  0  0  0  0  0  0  0  0  0  21  0  0  0  0  0  47  0  0  0  0  0  0  0 
1441648745  0  0  0  0  0  0  0  0  0  3911559  0  0  0  0  0  0  0  0  0  21  0  0  0  0  0  47  0  0  0  0  0  0  0 
1441648745  0  0  0  0  0  0  0  0  0  3911559  0  0  0  0  0  0  0  0  0  21  0  0  0  0  0  47  0  0  0  0  0  0  0 
1441648746  0  0  0  0  0  0  0  0  0  3911559  0  0  0  0  0  0  0  0  0  21  0  0  0  0  0  47  0  0  0  0  0  0  0 
1441648746  0  0  0  0  0  0  0  0  0  3911559  0  0  0  0  0  0  0  0  0  21  0  0  0  0  0  47  0  0  0  0  0  0  0 
1441648747  0  0  0  0  0  0  0  0  0  3911559  0  0  0  0  0  0  0  0  0  21  0  0  0  0  0  47  0  0  0  0  0  0  0 
1441648747  0  0  0  0  0  0  0  0  0  3915875  0  0  0  0  0  0  0  0  0  21  0  0  0  0  0  48  0  4316  0  0  0  0  0 
1441648748  0  0  0  0  0  0  0  0  0  3915875  0  0  0  0  0  0  0  0  0  21  0  0  0  0  0  48  0  0  0  0  0  0  0 
1441648748  0  0  0  0  0  0  0  0  0  3915875  0  0  0  0  0  0  0  0  0  21  0  0  0  0  0  48  0  0  0  0  0  0  0 
1441648749  0  0  0  0  0  0  0  0  0  3915875  0  0  0  0  0  0  0  0  0  21  0  0  0  0  0  48  0  0  0  0  0  0  0 
1441648749  0  0  0  0  0  0  0  0  0  3915875  0  0  0  0  0  0  0  0  0  21  0  0  0  0  0  48  0  0  0  0  0  0  0 
1441648750  0  0  0  0  0  0  0  0  0  3915875  0  0  0  0  0  0  0  0  0  21  0  0  0  0  0  48  0  0  0  0  0  0  0 
1441648750  0  0  0  0  0  0  0  0  0  3915875  0  0  0  0  0  0  0  0  0  21  0  0  0  0  0  48  0  0  0  0  0  0  0 
1441648751  0  0  0  0  0  0  0  0  0  3915875  0  0  0  0  0  0  0  0  0  21  0  0  0  0  0  48  0  0  0  0  0  0  0 
1441648751  0  0  0  0  0  0  0  0  0  3915875  0  0  0  0  0  0  0  0  0  21  0  0  0  0  0  48  0  0  0  0  0  0  0 
1441648752  0  0  0  0  0  0  0  0  0  3915875  0  0  0  0  0  0  0  0  0  21  0  0  0  0  0  48  0  0  0  0  0  0  0 
1441648752  0  0  0  0  0  0  0  0  0  3915875  0  0  0  0  0  0  0  0  0  21  0  0  0  0  0  48  0  0  0  0  0  0  0 
1441648753  0  0  0  0  0  0  0  0  0  3915875  0  0  0  0  0  0  0  0  0  21  0  0  0  0  0  48  0  0  0  0  0  0  0 
1441648753  0  0  0  0  0  0  0  0  0  3915875  0  0  0  0  0  0  0  0  0  21  0  0  0  0  0  48  0  0  0  0  0  0  0 
1441648754  0  0  0  0  0  0  0  0  0  3915875  0  0  0  0  0  0  0  0  0  21  0  0  0  0  0  48  0  0  0  0  0  0  0 
1441648754  0  0  0  0  0  0  0  0  0  3915875  0  0  0  0  0  0  0  0  0  21  0  0  0  0  0  48  0  0  0  0  0  0  0 
1441648755  0  0  0  0  0  0  0  0  0  3915875  0  0  0  0  0  0  0  0  0  21  0  0  0  0  0  48  0  0  0  0  0  0  0 
1441648755  0  0  0  0  0  0  0  0  0  3915875  0  0  0  0  0  0  0  0  0  21  0  0  0  0  0  48  0  0  0  0  0  0  0 
1441648756  0  0  0  0  0  0  0  0  0  3915875  0  0  0  0  0  0  0  0  0  21  0  0  0  0  0  48  0  0  0  0  0  0  0 
1441648756  0  0  0  0  0  0  0  0  0  3915875  0  0  0  0  0  0  0  0  0  21  0  0  0  0  0  48  0  0  0  0  0  0  0 
1441648757  0  0  0  0  0  0  0  0  0  3915875  0  0  0  0  0  0  0  0  0  21  0  0  0  0  0  48  0  0  0  0  0  0  0 
1441648757  0  0  0  0  0  0  0  0  0  3918691  0  0  0  0  0  0  0  0  0  21  0  0  0  0  0  49  0  2816  0  0  0  0  0 
1441648758  0  0  0  0  0  0  0  0  0  3918691  0  0  0  0  0  0  0  0  0  21  0  0  0  0  0  49  0  0  0  0  0  0  0 
1441648758  0  0  0  0  0  0  0  0  0  3918691  0  0  0  0  0  0  0  0  0  21  0  0  0  0  0  49  0  0  0  0  0  0  0 
1441648759  0  0  0  0  0  0  0  0  0  3918691  0  0  0  0  0  0  0  0  0  21  0  0  0  0  0  49  0  0  0  0  0  0  0 
1441648759  0  0  0  0  0  0  0  0  0  3918691  0  0  0  0  0  0  0  0  0  21  0  0  0  0  0  49  0  0  0  0  0  0  0 
1441648760  0  0  0  0  0  0  0  0  0  3918691  0  0  0  0  0  0  0  0  0  21  0  0  0  0  0  49  0  0  0  0  0  0  0 
1441648760  0  0  0  0  0  0  0  0  0  3918691  0  0  0  0  0  0  0  0  0  21  0  0  0  0  0  49  0  0  0  0  0  0  0 
1441648761  0  0  0  0  0  0  0  0  0  3918691  0  0  0  0  0  0  0  0  0  21  0  0  0  0  0  49  0  0  0  0  0  0  0 
1441648761  0  0  0  0  0  0  0  0  0  3918691  0  0  0  0  0  0  0  0  0  21  0  0  0  0  0  49  0  0  0  0  0  0  0 
1441648762  0  0  0  0  0  0  0  0  0  3918691  0  0  0  0  0  0  0  0  0  21  0  0  0  0  0  49  0  0  0  0  0  0  0 
1441648762  0  0  0  0  0  0  0  0  0  3918691  0  0  0  0  0  0  0  0  0  21  0  0  0  0  0  49  0  0  0  0  0  0  0 
1441648763  0  0  0  0  0  0  0  0  0  3918691  0  0  0  0  0  0  0  0  0  21  0  0  0  0  0  49  0  0  0  0  0  0  0 
1441648763  0  0  0  0  0  0  0  0  0  3918691  0  0  0  0  0  0  0  0  0  21  0  0  0  0  0  49  0  0  0  0  0  0  0 
1441648764  0  0  0  0  0  0  0  0  0  3918691  0  0  0  0  0  0  0  0  0  21  0  0  0  0  0  49  0  0  0  0  0  0  0 
1441648764  0  0  0  0  0  0  0  0  0  3918691  0  0  0  0  0  0  0  0  0  21  0  0  0  0  0  49  0  0  0  0  0  0  0 
1441648765  0  0  0  0  0  0  0  0  0  3918691  0  0  0  0  0  0  0  0  0  21  0  0  0  0  0  49  0  0  0  0  0  0  0 
1441648765  0  0  0  0  0  0  0  0  0  3918691  0  0  0  0  0  0  0  0  0  21  0  0  0  0  0  49  0  0  0  0  0  0  0 
1441648766  0  0  0  0  0  0  0  0  0  3918691  0  0  0  0  0  0  0  0  0  21  0  0  0  0  0  49  0  0  0  0  0  0  0 
1441648767  0  0  0  0  0  0  0  0  0  3918691  0  0  0  0  0  0  0  0  0  21  0  0  0  0  0  49  0  0  0  0  0  0  0 
1441648767  0  0  0  0  0  0  0  0  0  3918691  0  0  0  0  0  0  0  0  0  21  0  0  0  0  0  49  0  0  0  0  0  0  0 
1441648768  0  0  0  0  0  0  0  0  0  3923158  0  0  0  0  0  0  0  0  0  21  0  0  0  0  0  50  0  4467  0  0  0  0  0 
1441648768  0  0  0  0  0  0  0  0  0  3923158  0  0  0  0  0  0  0  0  0  21  0  0  0  0  0  50  0  0  0  0  0  0  0 
1441648769  0  0  0  0  0  0  0  0  0  3923158  0  0  0  0  0  0  0  0  0  21  0  0  0  0  0  50  0  0  0  0  0  0  0 
1441648769  0  0  0  0  0  0  0  0  0  3923158  0  0  0  0  0  0  0  0  0  21  0  0  0  0  0  50  0  0  0  0  0  0  0 
1441648770  0  0  0  0  0  0  0  0  0  3923158  0  0  0  0  0  0  0  0  0  21  0  0  0  0  0  50  0  0  0  0  0  0  0 
1441648770  0  0  0  0  0  0  0  0  0  3923158  0  0  0  0  0  0  0  0  0  21  0  0  0  0  0  50  0  0  0  0  0  0  0 
1441648771  0  0  0  0  0  0  0  0  0  3923158  0  0  0  0  0  0  0  0  0  21  0  0  0  0  0  50  0  0  0  0  0  0  0 
1441648771  0  0  0  0  0  0  0  0  0  3923158  0  0  0  0  0  0  0  0  0  21  0  0  0  0  0  50  0  0  0  0  0  0  0 
1441648772  0  0  0  0  0  0  0  0  0  3923158  0  0  0  0  0  0  0  0  0  21  0  0  0  0  0  50  0  0  0  0  0  0  0 
1441648772  0  0  0  0  0  0  0  0  0  3923158  0  0  0  0  0  0  0  0  0  21  0  0  0  0  0  50  0  0  0  0  0  0  0 
1441648773  0  0  0  0  0  0  0  0  0  3923158  0  0  0  0  0  0  0  0  0  21  0  0  0  0  0  50  0  0  0  0  0  0  0 
1441648773  0  0  0  0  0  0  0  0  0  3923158  0  0  0  0  0  0  0  0  0  21  0  0  0  0  0  50  0  0  0  0  0  0  0 
1441648774  0  0  0  0  0  0  0  0  0  3923158  0  0  0  0  0  0  0  0  0  21  0  0  0  0  0  50  0  0  0  0  0  0  0 
1441648774  0  0  0  0  0  0  0  0  0  3923158  0  0  0  0  0  0  0  0  0  21  0  0  0  0  0  50  0  0  0  0  0  0  0 
1441648775  0  0  0  0  0  0  0  0  0  3923158  0  0  0  0  0  0  0  0  0  21  0  0  0  0  0  50  0  0  0  0  0  0  0 
1441648775  0  0  0  0  0  0  0  0  0  3923158  0  0  0  0  0  0  0  0  0  21  0  0  0  0  0  50  0  0  0  0  0  0  0 
1441648776  0  0  0  0  0  0  0  0  0  3923158  0  0  0  0  0  0  0  0  0  21  0  0  0  0  0  50  0  0  0  0  0  0  0 
1441648776  0  0  0  0  0  0  0  0  0  3923158  0  0  0  0  0  0  0  0  0  21  0  0  0  0  0  50  0  0  0  0  0  0  0 
1441648777  0  0  0  0  0  0  0  0  0  3923158  0  0  0  0  0  0  0  0  0  21  0  0  0  0  0  50  0  0  0  0  0  0  0 
1441648777  0  0  0  0  0  0  0  0  0  3923158  0  0  0  0  0  0  0  0  0  21  0  0  0  0  0  50  0  0  0  0  0  0  0 
1441648778  0  0  0  0  0  0  0  0  0  3923158  0  0  0  0  0  0  0  0  0  21  0  0  0  0  0  50  0  0  0  0  0  0  0 
1441648778  0  0  0  0  0  0  0  0  0  3980261  0  0  0  0  0  0  0  0  0  23  0  0  0  0  0  54  0  57103  0  0  0  0  0 
1441648779  0  0  0  0  0  0  0  0  0  4025149  0  0  0  0  0  0  0  0  0  25  0  0  0  0  0  63  0  44888  0  0  0  0  0 
1441648779  0  0  0  0  0  0  0  0  0  4025149  0  0  0  0  0  0  0  0  0  25  0  0  0  0  0  63  0  0  0  0  0  0  0 
