#Type:X;CI:5;ww:0;ca:0;co:1;fr:0;Type:X;CI:5;PI:0;PT:EP;U0:0;U1:0;
#time  Pp  gt  gs  cn  cm  cb  Nc  Pc  cp  Tc  Nm  pr  ps  pt  px  pd  Pm  Om  fs  ft  Oc  Em  Gp  Ec  Ge  ot  os  Total_cycles_diff  Successful_get_diff  Total_get_diff  succ_put_diff  total_put_diff  get_hit  
1441672975  0  0  0  0  0  0  0  0  0  7471  0  0  0  0  0  0  0  0  0  0  0  0  0  0  0  0  0  7471  0  0  0  0  
1441672975  0  0  0  0  0  0  0  0  0  760931  0  0  0  0  0  0  0  0  0  0  0  0  0  0  0  0  0  753460  0  0  0  0  0 
1441672976  0  0  0  0  0  0  0  0  0  1214518  0  0  0  0  0  0  0  0  0  0  0  0  0  0  0  0  0  453587  0  0  0  0  0 
1441672976  0  0  0  0  0  0  0  0  0  1443824  0  0  0  0  0  0  0  0  0  0  0  0  0  0  0  0  0  229306  0  0  0  0  0 
1441672977  0  0  0  0  0  0  0  0  0  1720493  0  0  0  0  0  0  0  0  0  0  0  0  0  0  0  0  0  276669  0  0  0  0  0 
1441672977  0  0  0  0  0  0  0  0  0  2084967  0  0  0  0  0  0  0  0  0  13  0  0  0  0  0  38  0  364474  0  0  0  0  0 
1441672978  0  0  0  0  0  0  0  0  0  2084967  0  0  0  0  0  0  0  0  0  13  0  0  0  0  0  38  0  0  0  0  0  0  0 
1441672978  0  0  0  0  0  0  0  0  0  2888173  0  0  0  0  0  0  0  0  0  15  0  0  0  0  0  41  0  803206  0  0  0  0  0 
1441672979  0  0  0  0  0  0  0  0  0  3527967  0  0  0  0  0  0  0  0  0  21  0  0  0  0  0  46  0  639794  0  0  0  0  0 
1441672979  0  0  0  0  0  0  0  0  0  3761341  0  0  0  0  0  0  0  0  0  21  0  0  0  0  0  46  0  233374  0  0  0  0  0 
1441672980  0  0  0  0  0  0  0  0  0  3761341  0  0  0  0  0  0  0  0  0  21  0  0  0  0  0  46  0  0  0  0  0  0  0 
1441672980  0  0  0  0  0  0  0  0  0  3761341  0  0  0  0  0  0  0  0  0  21  0  0  0  0  0  46  0  0  0  0  0  0  0 
1441672981  0  0  0  0  0  0  0  0  0  3761341  0  0  0  0  0  0  0  0  0  21  0  0  0  0  0  46  0  0  0  0  0  0  0 
1441672981  0  0  0  0  0  0  0  0  0  3761341  0  0  0  0  0  0  0  0  0  21  0  0  0  0  0  46  0  0  0  0  0  0  0 
1441672982  0  0  0  0  0  0  0  0  0  3761341  0  0  0  0  0  0  0  0  0  21  0  0  0  0  0  46  0  0  0  0  0  0  0 
1441672982  0  0  0  0  0  0  0  0  0  3761341  0  0  0  0  0  0  0  0  0  21  0  0  0  0  0  46  0  0  0  0  0  0  0 
1441672983  0  0  0  0  0  0  0  0  0  3761341  0  0  0  0  0  0  0  0  0  21  0  0  0  0  0  46  0  0  0  0  0  0  0 
1441672983  0  0  0  0  0  0  0  0  0  3761341  0  0  0  0  0  0  0  0  0  21  0  0  0  0  0  46  0  0  0  0  0  0  0 
1441672984  0  0  0  0  0  0  0  0  0  3761341  0  0  0  0  0  0  0  0  0  21  0  0  0  0  0  46  0  0  0  0  0  0  0 
1441672984  0  0  0  0  0  0  0  0  0  3761341  0  0  0  0  0  0  0  0  0  21  0  0  0  0  0  46  0  0  0  0  0  0  0 
1441672985  0  0  0  0  0  0  0  0  0  3761341  0  0  0  0  0  0  0  0  0  21  0  0  0  0  0  46  0  0  0  0  0  0  0 
1441672985  0  0  0  0  0  0  0  0  0  3761341  0  0  0  0  0  0  0  0  0  21  0  0  0  0  0  46  0  0  0  0  0  0  0 
1441672986  0  0  0  0  0  0  0  0  0  3761341  0  0  0  0  0  0  0  0  0  21  0  0  0  0  0  46  0  0  0  0  0  0  0 
1441672986  0  0  0  0  0  0  0  0  0  3761341  0  0  0  0  0  0  0  0  0  21  0  0  0  0  0  46  0  0  0  0  0  0  0 
1441672987  0  0  0  0  0  0  0  0  0  3761341  0  0  0  0  0  0  0  0  0  21  0  0  0  0  0  46  0  0  0  0  0  0  0 
1441672987  0  0  0  0  0  0  0  0  0  3761341  0  0  0  0  0  0  0  0  0  21  0  0  0  0  0  46  0  0  0  0  0  0  0 
1441672988  0  0  0  0  0  0  0  0  0  3761341  0  0  0  0  0  0  0  0  0  21  0  0  0  0  0  46  0  0  0  0  0  0  0 
1441672988  0  0  0  0  0  0  0  0  0  3761341  0  0  0  0  0  0  0  0  0  21  0  0  0  0  0  46  0  0  0  0  0  0  0 
1441672989  0  0  0  0  0  0  0  0  0  3761341  0  0  0  0  0  0  0  0  0  21  0  0  0  0  0  46  0  0  0  0  0  0  0 
1441672989  0  0  0  0  0  0  0  0  0  3761341  0  0  0  0  0  0  0  0  0  21  0  0  0  0  0  46  0  0  0  0  0  0  0 
1441672990  0  0  0  0  0  0  0  0  0  3761341  0  0  0  0  0  0  0  0  0  21  0  0  0  0  0  46  0  0  0  0  0  0  0 
1441672991  0  0  0  0  0  0  0  0  0  3761341  0  0  0  0  0  0  0  0  0  21  0  0  0  0  0  46  0  0  0  0  0  0  0 
1441672991  0  0  0  0  0  0  0  0  0  3761341  0  0  0  0  0  0  0  0  0  21  0  0  0  0  0  46  0  0  0  0  0  0  0 
1441672992  0  0  0  0  0  0  0  0  0  3761341  0  0  0  0  0  0  0  0  0  21  0  0  0  0  0  46  0  0  0  0  0  0  0 
1441672992  0  0  0  0  0  0  0  0  0  3761341  0  0  0  0  0  0  0  0  0  21  0  0  0  0  0  46  0  0  0  0  0  0  0 
1441672993  0  0  0  0  0  0  0  0  0  3761341  0  0  0  0  0  0  0  0  0  21  0  0  0  0  0  46  0  0  0  0  0  0  0 
1441672993  0  0  0  0  0  0  0  0  0  3761341  0  0  0  0  0  0  0  0  0  21  0  0  0  0  0  46  0  0  0  0  0  0  0 
1441672994  0  0  0  0  0  0  0  0  0  3761341  0  0  0  0  0  0  0  0  0  21  0  0  0  0  0  46  0  0  0  0  0  0  0 
1441672994  0  0  0  0  0  0  0  0  0  3761341  0  0  0  0  0  0  0  0  0  21  0  0  0  0  0  46  0  0  0  0  0  0  0 
1441672995  0  0  0  0  0  0  0  0  0  3761341  0  0  0  0  0  0  0  0  0  21  0  0  0  0  0  46  0  0  0  0  0  0  0 
1441672995  0  0  0  0  0  0  0  0  0  3761341  0  0  0  0  0  0  0  0  0  21  0  0  0  0  0  46  0  0  0  0  0  0  0 
1441672996  0  0  0  0  0  0  0  0  0  3761341  0  0  0  0  0  0  0  0  0  21  0  0  0  0  0  46  0  0  0  0  0  0  0 
1441672996  0  0  0  0  0  0  0  0  0  3761341  0  0  0  0  0  0  0  0  0  21  0  0  0  0  0  46  0  0  0  0  0  0  0 
1441672997  0  0  0  0  0  0  0  0  0  3761341  0  0  0  0  0  0  0  0  0  21  0  0  0  0  0  46  0  0  0  0  0  0  0 
1441672997  0  0  0  0  0  0  0  0  0  3761341  0  0  0  0  0  0  0  0  0  21  0  0  0  0  0  46  0  0  0  0  0  0  0 
1441672998  0  0  0  0  0  0  0  0  0  3761341  0  0  0  0  0  0  0  0  0  21  0  0  0  0  0  46  0  0  0  0  0  0  0 
1441672998  0  0  0  0  0  0  0  0  0  3761341  0  0  0  0  0  0  0  0  0  21  0  0  0  0  0  46  0  0  0  0  0  0  0 
1441672999  0  0  0  0  0  0  0  0  0  3761341  0  0  0  0  0  0  0  0  0  21  0  0  0  0  0  46  0  0  0  0  0  0  0 
1441672999  0  0  0  0  0  0  0  0  0  3761341  0  0  0  0  0  0  0  0  0  21  0  0  0  0  0  46  0  0  0  0  0  0  0 
1441673000  0  0  0  0  0  0  0  0  0  3761341  0  0  0  0  0  0  0  0  0  21  0  0  0  0  0  46  0  0  0  0  0  0  0 
1441673000  0  0  0  0  0  0  0  0  0  3761341  0  0  0  0  0  0  0  0  0  21  0  0  0  0  0  46  0  0  0  0  0  0  0 
1441673001  0  0  0  0  0  0  0  0  0  3761341  0  0  0  0  0  0  0  0  0  21  0  0  0  0  0  46  0  0  0  0  0  0  0 
1441673001  0  0  0  0  0  0  0  0  0  3761341  0  0  0  0  0  0  0  0  0  21  0  0  0  0  0  46  0  0  0  0  0  0  0 
1441673002  0  0  0  0  0  0  0  0  0  3761341  0  0  0  0  0  0  0  0  0  21  0  0  0  0  0  46  0  0  0  0  0  0  0 
1441673002  0  0  0  0  0  0  0  0  0  3761341  0  0  0  0  0  0  0  0  0  21  0  0  0  0  0  46  0  0  0  0  0  0  0 
1441673003  0  0  0  0  0  0  0  0  0  3761341  0  0  0  0  0  0  0  0  0  21  0  0  0  0  0  46  0  0  0  0  0  0  0 
1441673003  0  0  0  0  0  0  0  0  0  3761341  0  0  0  0  0  0  0  0  0  21  0  0  0  0  0  46  0  0  0  0  0  0  0 
1441673004  0  0  0  0  0  0  0  0  0  3761341  0  0  0  0  0  0  0  0  0  21  0  0  0  0  0  46  0  0  0  0  0  0  0 
1441673004  0  0  0  0  0  0  0  0  0  3761341  0  0  0  0  0  0  0  0  0  21  0  0  0  0  0  46  0  0  0  0  0  0  0 
1441673005  0  0  0  0  0  0  0  0  0  3761341  0  0  0  0  0  0  0  0  0  21  0  0  0  0  0  46  0  0  0  0  0  0  0 
1441673005  0  0  0  0  0  0  0  0  0  3761341  0  0  0  0  0  0  0  0  0  21  0  0  0  0  0  46  0  0  0  0  0  0  0 
1441673006  0  0  0  0  0  0  0  0  0  3761341  0  0  0  0  0  0  0  0  0  21  0  0  0  0  0  46  0  0  0  0  0  0  0 
1441673006  0  0  0  0  0  0  0  0  0  3761341  0  0  0  0  0  0  0  0  0  21  0  0  0  0  0  46  0  0  0  0  0  0  0 
1441673007  0  0  0  0  0  0  0  0  0  3761341  0  0  0  0  0  0  0  0  0  21  0  0  0  0  0  46  0  0  0  0  0  0  0 
1441673007  0  0  0  0  0  0  0  0  0  3761341  0  0  0  0  0  0  0  0  0  21  0  0  0  0  0  46  0  0  0  0  0  0  0 
1441673008  0  0  0  0  0  0  0  0  0  3761341  0  0  0  0  0  0  0  0  0  21  0  0  0  0  0  46  0  0  0  0  0  0  0 
1441673008  0  0  0  0  0  0  0  0  0  3761341  0  0  0  0  0  0  0  0  0  21  0  0  0  0  0  46  0  0  0  0  0  0  0 
1441673009  0  0  0  0  0  0  0  0  0  3761341  0  0  0  0  0  0  0  0  0  21  0  0  0  0  0  46  0  0  0  0  0  0  0 
1441673009  0  0  0  0  0  0  0  0  0  3761341  0  0  0  0  0  0  0  0  0  21  0  0  0  0  0  46  0  0  0  0  0  0  0 
1441673010  0  0  0  0  0  0  0  0  0  3761341  0  0  0  0  0  0  0  0  0  21  0  0  0  0  0  46  0  0  0  0  0  0  0 
1441673010  0  0  0  0  0  0  0  0  0  3761341  0  0  0  0  0  0  0  0  0  21  0  0  0  0  0  46  0  0  0  0  0  0  0 
1441673011  0  0  0  0  0  0  0  0  0  3761341  0  0  0  0  0  0  0  0  0  21  0  0  0  0  0  46  0  0  0  0  0  0  0 
1441673011  0  0  0  0  0  0  0  0  0  3761341  0  0  0  0  0  0  0  0  0  21  0  0  0  0  0  46  0  0  0  0  0  0  0 
1441673012  0  0  0  0  0  0  0  0  0  3761341  0  0  0  0  0  0  0  0  0  21  0  0  0  0  0  46  0  0  0  0  0  0  0 
1441673012  0  0  0  0  0  0  0  0  0  3761341  0  0  0  0  0  0  0  0  0  21  0  0  0  0  0  46  0  0  0  0  0  0  0 
1441673013  0  0  0  0  0  0  0  0  0  3761341  0  0  0  0  0  0  0  0  0  21  0  0  0  0  0  46  0  0  0  0  0  0  0 
1441673013  0  0  0  0  0  0  0  0  0  3761341  0  0  0  0  0  0  0  0  0  21  0  0  0  0  0  46  0  0  0  0  0  0  0 
1441673014  0  0  0  0  0  0  0  0  0  3761341  0  0  0  0  0  0  0  0  0  21  0  0  0  0  0  46  0  0  0  0  0  0  0 
1441673014  0  0  0  0  0  0  0  0  0  3761341  0  0  0  0  0  0  0  0  0  21  0  0  0  0  0  46  0  0  0  0  0  0  0 
1441673015  0  0  0  0  0  0  0  0  0  3761341  0  0  0  0  0  0  0  0  0  21  0  0  0  0  0  46  0  0  0  0  0  0  0 
1441673015  0  0  0  0  0  0  0  0  0  3761341  0  0  0  0  0  0  0  0  0  21  0  0  0  0  0  46  0  0  0  0  0  0  0 
1441673016  0  0  0  0  0  0  0  0  0  3761341  0  0  0  0  0  0  0  0  0  21  0  0  0  0  0  46  0  0  0  0  0  0  0 
1441673016  0  0  0  0  0  0  0  0  0  3761341  0  0  0  0  0  0  0  0  0  21  0  0  0  0  0  46  0  0  0  0  0  0  0 
1441673017  0  0  0  0  0  0  0  0  0  3761341  0  0  0  0  0  0  0  0  0  21  0  0  0  0  0  46  0  0  0  0  0  0  0 
1441673017  0  0  0  0  0  0  0  0  0  3761341  0  0  0  0  0  0  0  0  0  21  0  0  0  0  0  46  0  0  0  0  0  0  0 
1441673018  0  0  0  0  0  0  0  0  0  3761341  0  0  0  0  0  0  0  0  0  21  0  0  0  0  0  46  0  0  0  0  0  0  0 
1441673018  0  0  0  0  0  0  0  0  0  3761341  0  0  0  0  0  0  0  0  0  21  0  0  0  0  0  46  0  0  0  0  0  0  0 
1441673019  0  0  0  0  0  0  0  0  0  3761341  0  0  0  0  0  0  0  0  0  21  0  0  0  0  0  46  0  0  0  0  0  0  0 
1441673019  0  0  0  0  0  0  0  0  0  3761341  0  0  0  0  0  0  0  0  0  21  0  0  0  0  0  46  0  0  0  0  0  0  0 
1441673020  0  0  0  0  0  0  0  0  0  3761341  0  0  0  0  0  0  0  0  0  21  0  0  0  0  0  46  0  0  0  0  0  0  0 
1441673020  0  0  0  0  0  0  0  0  0  3761341  0  0  0  0  0  0  0  0  0  21  0  0  0  0  0  46  0  0  0  0  0  0  0 
1441673021  0  0  0  0  0  0  0  0  0  3761341  0  0  0  0  0  0  0  0  0  21  0  0  0  0  0  46  0  0  0  0  0  0  0 
1441673021  0  0  0  0  0  0  0  0  0  3761341  0  0  0  0  0  0  0  0  0  21  0  0  0  0  0  46  0  0  0  0  0  0  0 
1441673022  0  0  0  0  0  0  0  0  0  3761341  0  0  0  0  0  0  0  0  0  21  0  0  0  0  0  46  0  0  0  0  0  0  0 
1441673022  0  0  0  0  0  0  0  0  0  3761341  0  0  0  0  0  0  0  0  0  21  0  0  0  0  0  46  0  0  0  0  0  0  0 
1441673023  0  0  0  0  0  0  0  0  0  3761341  0  0  0  0  0  0  0  0  0  21  0  0  0  0  0  46  0  0  0  0  0  0  0 
1441673023  0  0  0  0  0  0  0  0  0  3761341  0  0  0  0  0  0  0  0  0  21  0  0  0  0  0  46  0  0  0  0  0  0  0 
1441673024  0  0  0  0  0  0  0  0  0  3761341  0  0  0  0  0  0  0  0  0  21  0  0  0  0  0  46  0  0  0  0  0  0  0 
1441673024  0  0  0  0  0  0  0  0  0  3761341  0  0  0  0  0  0  0  0  0  21  0  0  0  0  0  46  0  0  0  0  0  0  0 
1441673025  0  0  0  0  0  0  0  0  0  3761341  0  0  0  0  0  0  0  0  0  21  0  0  0  0  0  46  0  0  0  0  0  0  0 
1441673025  0  0  0  0  0  0  0  0  0  3761341  0  0  0  0  0  0  0  0  0  21  0  0  0  0  0  46  0  0  0  0  0  0  0 
1441673026  0  0  0  0  0  0  0  0  0  3761341  0  0  0  0  0  0  0  0  0  21  0  0  0  0  0  46  0  0  0  0  0  0  0 
1441673026  0  0  0  0  0  0  0  0  0  3761341  0  0  0  0  0  0  0  0  0  21  0  0  0  0  0  46  0  0  0  0  0  0  0 
1441673027  0  0  0  0  0  0  0  0  0  3761341  0  0  0  0  0  0  0  0  0  21  0  0  0  0  0  46  0  0  0  0  0  0  0 
1441673027  0  0  0  0  0  0  0  0  0  3761341  0  0  0  0  0  0  0  0  0  21  0  0  0  0  0  46  0  0  0  0  0  0  0 
1441673028  0  0  0  0  0  0  0  0  0  3761341  0  0  0  0  0  0  0  0  0  21  0  0  0  0  0  46  0  0  0  0  0  0  0 
1441673028  0  0  0  0  0  0  0  0  0  3761341  0  0  0  0  0  0  0  0  0  21  0  0  0  0  0  46  0  0  0  0  0  0  0 
1441673029  0  0  0  0  0  0  0  0  0  3761341  0  0  0  0  0  0  0  0  0  21  0  0  0  0  0  46  0  0  0  0  0  0  0 
1441673029  0  0  0  0  0  0  0  0  0  3761341  0  0  0  0  0  0  0  0  0  21  0  0  0  0  0  46  0  0  0  0  0  0  0 
1441673030  0  0  0  0  0  0  0  0  0  3761341  0  0  0  0  0  0  0  0  0  21  0  0  0  0  0  46  0  0  0  0  0  0  0 
1441673030  0  0  0  0  0  0  0  0  0  3761341  0  0  0  0  0  0  0  0  0  21  0  0  0  0  0  46  0  0  0  0  0  0  0 
1441673031  0  0  0  0  0  0  0  0  0  3761341  0  0  0  0  0  0  0  0  0  21  0  0  0  0  0  46  0  0  0  0  0  0  0 
1441673031  0  0  0  0  0  0  0  0  0  3770991  0  0  0  0  0  0  0  0  0  21  0  0  0  0  0  47  0  9650  0  0  0  0  0 
1441673032  0  0  0  0  0  0  0  0  0  3770991  0  0  0  0  0  0  0  0  0  21  0  0  0  0  0  47  0  0  0  0  0  0  0 
1441673033  0  0  0  0  0  0  0  0  0  3770991  0  0  0  0  0  0  0  0  0  21  0  0  0  0  0  47  0  0  0  0  0  0  0 
1441673033  0  0  0  0  0  0  0  0  0  3770991  0  0  0  0  0  0  0  0  0  21  0  0  0  0  0  47  0  0  0  0  0  0  0 
1441673034  0  0  0  0  0  0  0  0  0  3770991  0  0  0  0  0  0  0  0  0  21  0  0  0  0  0  47  0  0  0  0  0  0  0 
1441673034  0  0  0  0  0  0  0  0  0  3770991  0  0  0  0  0  0  0  0  0  21  0  0  0  0  0  47  0  0  0  0  0  0  0 
1441673035  0  0  0  0  0  0  0  0  0  3770991  0  0  0  0  0  0  0  0  0  21  0  0  0  0  0  47  0  0  0  0  0  0  0 
1441673035  0  0  0  0  0  0  0  0  0  3770991  0  0  0  0  0  0  0  0  0  21  0  0  0  0  0  47  0  0  0  0  0  0  0 
1441673036  0  0  0  0  0  0  0  0  0  3770991  0  0  0  0  0  0  0  0  0  21  0  0  0  0  0  47  0  0  0  0  0  0  0 
1441673036  0  0  0  0  0  0  0  0  0  3770991  0  0  0  0  0  0  0  0  0  21  0  0  0  0  0  47  0  0  0  0  0  0  0 
1441673037  0  0  0  0  0  0  0  0  0  3770991  0  0  0  0  0  0  0  0  0  21  0  0  0  0  0  47  0  0  0  0  0  0  0 
1441673037  0  0  0  0  0  0  0  0  0  3770991  0  0  0  0  0  0  0  0  0  21  0  0  0  0  0  47  0  0  0  0  0  0  0 
1441673038  0  0  0  0  0  0  0  0  0  3770991  0  0  0  0  0  0  0  0  0  21  0  0  0  0  0  47  0  0  0  0  0  0  0 
1441673038  0  0  0  0  0  0  0  0  0  3770991  0  0  0  0  0  0  0  0  0  21  0  0  0  0  0  47  0  0  0  0  0  0  0 
1441673039  0  0  0  0  0  0  0  0  0  3770991  0  0  0  0  0  0  0  0  0  21  0  0  0  0  0  47  0  0  0  0  0  0  0 
1441673039  0  0  0  0  0  0  0  0  0  3770991  0  0  0  0  0  0  0  0  0  21  0  0  0  0  0  47  0  0  0  0  0  0  0 
1441673040  0  0  0  0  0  0  0  0  0  3770991  0  0  0  0  0  0  0  0  0  21  0  0  0  0  0  47  0  0  0  0  0  0  0 
1441673040  0  0  0  0  0  0  0  0  0  3770991  0  0  0  0  0  0  0  0  0  21  0  0  0  0  0  47  0  0  0  0  0  0  0 
1441673041  0  0  0  0  0  0  0  0  0  3770991  0  0  0  0  0  0  0  0  0  21  0  0  0  0  0  47  0  0  0  0  0  0  0 
1441673041  0  0  0  0  0  0  0  0  0  3774058  0  0  0  0  0  0  0  0  0  21  0  0  0  0  0  48  0  3067  0  0  0  0  0 
1441673042  0  0  0  0  0  0  0  0  0  3774058  0  0  0  0  0  0  0  0  0  21  0  0  0  0  0  48  0  0  0  0  0  0  0 
1441673042  0  0  0  0  0  0  0  0  0  3774058  0  0  0  0  0  0  0  0  0  21  0  0  0  0  0  48  0  0  0  0  0  0  0 
1441673043  0  0  0  0  0  0  0  0  0  3774058  0  0  0  0  0  0  0  0  0  21  0  0  0  0  0  48  0  0  0  0  0  0  0 
1441673043  0  0  0  0  0  0  0  0  0  3774058  0  0  0  0  0  0  0  0  0  21  0  0  0  0  0  48  0  0  0  0  0  0  0 
1441673044  0  0  0  0  0  0  0  0  0  3774058  0  0  0  0  0  0  0  0  0  21  0  0  0  0  0  48  0  0  0  0  0  0  0 
1441673044  0  0  0  0  0  0  0  0  0  3774058  0  0  0  0  0  0  0  0  0  21  0  0  0  0  0  48  0  0  0  0  0  0  0 
1441673045  0  0  0  0  0  0  0  0  0  3774058  0  0  0  0  0  0  0  0  0  21  0  0  0  0  0  48  0  0  0  0  0  0  0 
1441673045  0  0  0  0  0  0  0  0  0  3774058  0  0  0  0  0  0  0  0  0  21  0  0  0  0  0  48  0  0  0  0  0  0  0 
1441673046  0  0  0  0  0  0  0  0  0  3774058  0  0  0  0  0  0  0  0  0  21  0  0  0  0  0  48  0  0  0  0  0  0  0 
1441673046  0  0  0  0  0  0  0  0  0  3774058  0  0  0  0  0  0  0  0  0  21  0  0  0  0  0  48  0  0  0  0  0  0  0 
1441673047  0  0  0  0  0  0  0  0  0  3774058  0  0  0  0  0  0  0  0  0  21  0  0  0  0  0  48  0  0  0  0  0  0  0 
1441673047  0  0  0  0  0  0  0  0  0  3774058  0  0  0  0  0  0  0  0  0  21  0  0  0  0  0  48  0  0  0  0  0  0  0 
1441673048  0  0  0  0  0  0  0  0  0  3774058  0  0  0  0  0  0  0  0  0  21  0  0  0  0  0  48  0  0  0  0  0  0  0 
1441673048  0  0  0  0  0  0  0  0  0  3774058  0  0  0  0  0  0  0  0  0  21  0  0  0  0  0  48  0  0  0  0  0  0  0 
1441673049  0  0  0  0  0  0  0  0  0  3774058  0  0  0  0  0  0  0  0  0  21  0  0  0  0  0  48  0  0  0  0  0  0  0 
1441673049  0  0  0  0  0  0  0  0  0  3774058  0  0  0  0  0  0  0  0  0  21  0  0  0  0  0  48  0  0  0  0  0  0  0 
1441673050  0  0  0  0  0  0  0  0  0  3774058  0  0  0  0  0  0  0  0  0  21  0  0  0  0  0  48  0  0  0  0  0  0  0 
1441673050  0  0  0  0  0  0  0  0  0  3774058  0  0  0  0  0  0  0  0  0  21  0  0  0  0  0  48  0  0  0  0  0  0  0 
1441673051  0  0  0  0  0  0  0  0  0  3774058  0  0  0  0  0  0  0  0  0  21  0  0  0  0  0  48  0  0  0  0  0  0  0 
1441673051  0  0  0  0  0  0  0  0  0  3776759  0  0  0  0  0  0  0  0  0  21  0  0  0  0  0  49  0  2701  0  0  0  0  0 
1441673052  0  0  0  0  0  0  0  0  0  3776759  0  0  0  0  0  0  0  0  0  21  0  0  0  0  0  49  0  0  0  0  0  0  0 
1441673052  0  0  0  0  0  0  0  0  0  3776759  0  0  0  0  0  0  0  0  0  21  0  0  0  0  0  49  0  0  0  0  0  0  0 
1441673053  0  0  0  0  0  0  0  0  0  3776759  0  0  0  0  0  0  0  0  0  21  0  0  0  0  0  49  0  0  0  0  0  0  0 
1441673053  0  0  0  0  0  0  0  0  0  3776759  0  0  0  0  0  0  0  0  0  21  0  0  0  0  0  49  0  0  0  0  0  0  0 
1441673054  0  0  0  0  0  0  0  0  0  3776759  0  0  0  0  0  0  0  0  0  21  0  0  0  0  0  49  0  0  0  0  0  0  0 
1441673054  0  0  0  0  0  0  0  0  0  3776759  0  0  0  0  0  0  0  0  0  21  0  0  0  0  0  49  0  0  0  0  0  0  0 
1441673055  0  0  0  0  0  0  0  0  0  3776759  0  0  0  0  0  0  0  0  0  21  0  0  0  0  0  49  0  0  0  0  0  0  0 
1441673055  0  0  0  0  0  0  0  0  0  3776759  0  0  0  0  0  0  0  0  0  21  0  0  0  0  0  49  0  0  0  0  0  0  0 
1441673056  0  0  0  0  0  0  0  0  0  3776759  0  0  0  0  0  0  0  0  0  21  0  0  0  0  0  49  0  0  0  0  0  0  0 
1441673056  0  0  0  0  0  0  0  0  0  3776759  0  0  0  0  0  0  0  0  0  21  0  0  0  0  0  49  0  0  0  0  0  0  0 
1441673057  0  0  0  0  0  0  0  0  0  3776759  0  0  0  0  0  0  0  0  0  21  0  0  0  0  0  49  0  0  0  0  0  0  0 
1441673057  0  0  0  0  0  0  0  0  0  3776759  0  0  0  0  0  0  0  0  0  21  0  0  0  0  0  49  0  0  0  0  0  0  0 
1441673058  0  0  0  0  0  0  0  0  0  3776759  0  0  0  0  0  0  0  0  0  21  0  0  0  0  0  49  0  0  0  0  0  0  0 
1441673058  0  0  0  0  0  0  0  0  0  3776759  0  0  0  0  0  0  0  0  0  21  0  0  0  0  0  49  0  0  0  0  0  0  0 
1441673059  0  0  0  0  0  0  0  0  0  3776759  0  0  0  0  0  0  0  0  0  21  0  0  0  0  0  49  0  0  0  0  0  0  0 
1441673059  0  0  0  0  0  0  0  0  0  3776759  0  0  0  0  0  0  0  0  0  21  0  0  0  0  0  49  0  0  0  0  0  0  0 
1441673060  0  0  0  0  0  0  0  0  0  3776759  0  0  0  0  0  0  0  0  0  21  0  0  0  0  0  49  0  0  0  0  0  0  0 
1441673060  0  0  0  0  0  0  0  0  0  3776759  0  0  0  0  0  0  0  0  0  21  0  0  0  0  0  49  0  0  0  0  0  0  0 
1441673061  0  0  0  0  0  0  0  0  0  3776759  0  0  0  0  0  0  0  0  0  21  0  0  0  0  0  49  0  0  0  0  0  0  0 
1441673061  0  0  0  0  0  0  0  0  0  3779620  0  0  0  0  0  0  0  0  0  21  0  0  0  0  0  50  0  2861  0  0  0  0  0 
1441673062  0  0  0  0  0  0  0  0  0  3779620  0  0  0  0  0  0  0  0  0  21  0  0  0  0  0  50  0  0  0  0  0  0  0 
1441673062  0  0  0  0  0  0  0  0  0  3779620  0  0  0  0  0  0  0  0  0  21  0  0  0  0  0  50  0  0  0  0  0  0  0 
1441673063  0  0  0  0  0  0  0  0  0  3779620  0  0  0  0  0  0  0  0  0  21  0  0  0  0  0  50  0  0  0  0  0  0  0 
1441673063  0  0  0  0  0  0  0  0  0  3779620  0  0  0  0  0  0  0  0  0  21  0  0  0  0  0  50  0  0  0  0  0  0  0 
1441673064  0  0  0  0  0  0  0  0  0  3779620  0  0  0  0  0  0  0  0  0  21  0  0  0  0  0  50  0  0  0  0  0  0  0 
1441673064  0  0  0  0  0  0  0  0  0  3779620  0  0  0  0  0  0  0  0  0  21  0  0  0  0  0  50  0  0  0  0  0  0  0 
1441673065  0  0  0  0  0  0  0  0  0  3779620  0  0  0  0  0  0  0  0  0  21  0  0  0  0  0  50  0  0  0  0  0  0  0 
1441673065  0  0  0  0  0  0  0  0  0  3779620  0  0  0  0  0  0  0  0  0  21  0  0  0  0  0  50  0  0  0  0  0  0  0 
1441673066  0  0  0  0  0  0  0  0  0  3779620  0  0  0  0  0  0  0  0  0  21  0  0  0  0  0  50  0  0  0  0  0  0  0 
1441673066  0  0  0  0  0  0  0  0  0  3779620  0  0  0  0  0  0  0  0  0  21  0  0  0  0  0  50  0  0  0  0  0  0  0 
1441673067  0  0  0  0  0  0  0  0  0  3779620  0  0  0  0  0  0  0  0  0  21  0  0  0  0  0  50  0  0  0  0  0  0  0 
1441673067  0  0  0  0  0  0  0  0  0  3779620  0  0  0  0  0  0  0  0  0  21  0  0  0  0  0  50  0  0  0  0  0  0  0 
1441673068  0  0  0  0  0  0  0  0  0  3779620  0  0  0  0  0  0  0  0  0  21  0  0  0  0  0  50  0  0  0  0  0  0  0 
1441673068  0  0  0  0  0  0  0  0  0  3779620  0  0  0  0  0  0  0  0  0  21  0  0  0  0  0  50  0  0  0  0  0  0  0 
1441673069  0  0  0  0  0  0  0  0  0  3779620  0  0  0  0  0  0  0  0  0  21  0  0  0  0  0  50  0  0  0  0  0  0  0 
1441673069  0  0  0  0  0  0  0  0  0  3779620  0  0  0  0  0  0  0  0  0  21  0  0  0  0  0  50  0  0  0  0  0  0  0 
1441673070  0  0  0  0  0  0  0  0  0  3779620  0  0  0  0  0  0  0  0  0  21  0  0  0  0  0  50  0  0  0  0  0  0  0 
1441673070  0  0  0  0  0  0  0  0  0  3779620  0  0  0  0  0  0  0  0  0  21  0  0  0  0  0  50  0  0  0  0  0  0  0 
1441673071  0  0  0  0  0  0  0  0  0  3779620  0  0  0  0  0  0  0  0  0  21  0  0  0  0  0  50  0  0  0  0  0  0  0 
1441673071  0  0  0  0  0  0  0  0  0  3782814  0  0  0  0  0  0  0  0  0  21  0  0  0  0  0  51  0  3194  0  0  0  0  0 
1441673072  0  0  0  0  0  0  0  0  0  3782814  0  0  0  0  0  0  0  0  0  21  0  0  0  0  0  51  0  0  0  0  0  0  0 
1441673073  0  0  0  0  0  0  0  0  0  3782814  0  0  0  0  0  0  0  0  0  21  0  0  0  0  0  51  0  0  0  0  0  0  0 
1441673073  0  0  0  0  0  0  0  0  0  3782814  0  0  0  0  0  0  0  0  0  21  0  0  0  0  0  51  0  0  0  0  0  0  0 
1441673074  0  0  0  0  0  0  0  0  0  3782814  0  0  0  0  0  0  0  0  0  21  0  0  0  0  0  51  0  0  0  0  0  0  0 
1441673074  0  0  0  0  0  0  0  0  0  3782814  0  0  0  0  0  0  0  0  0  21  0  0  0  0  0  51  0  0  0  0  0  0  0 
1441673075  0  0  0  0  0  0  0  0  0  3782814  0  0  0  0  0  0  0  0  0  21  0  0  0  0  0  51  0  0  0  0  0  0  0 
1441673075  0  0  0  0  0  0  0  0  0  3782814  0  0  0  0  0  0  0  0  0  21  0  0  0  0  0  51  0  0  0  0  0  0  0 
1441673076  0  0  0  0  0  0  0  0  0  3782814  0  0  0  0  0  0  0  0  0  21  0  0  0  0  0  51  0  0  0  0  0  0  0 
1441673076  0  0  0  0  0  0  0  0  0  3782814  0  0  0  0  0  0  0  0  0  21  0  0  0  0  0  51  0  0  0  0  0  0  0 
1441673077  0  0  0  0  0  0  0  0  0  3782814  0  0  0  0  0  0  0  0  0  21  0  0  0  0  0  51  0  0  0  0  0  0  0 
1441673077  0  0  0  0  0  0  0  0  0  3782814  0  0  0  0  0  0  0  0  0  21  0  0  0  0  0  51  0  0  0  0  0  0  0 
1441673078  0  0  0  0  0  0  0  0  0  3782814  0  0  0  0  0  0  0  0  0  21  0  0  0  0  0  51  0  0  0  0  0  0  0 
1441673078  0  0  0  0  0  0  0  0  0  3782814  0  0  0  0  0  0  0  0  0  21  0  0  0  0  0  51  0  0  0  0  0  0  0 
1441673079  0  0  0  0  0  0  0  0  0  3782814  0  0  0  0  0  0  0  0  0  21  0  0  0  0  0  51  0  0  0  0  0  0  0 
1441673079  0  0  0  0  0  0  0  0  0  3782814  0  0  0  0  0  0  0  0  0  21  0  0  0  0  0  51  0  0  0  0  0  0  0 
1441673080  0  0  0  0  0  0  0  0  0  3782814  0  0  0  0  0  0  0  0  0  21  0  0  0  0  0  51  0  0  0  0  0  0  0 
1441673080  0  0  0  0  0  0  0  0  0  3782814  0  0  0  0  0  0  0  0  0  21  0  0  0  0  0  51  0  0  0  0  0  0  0 
1441673081  0  0  0  0  0  0  0  0  0  3782814  0  0  0  0  0  0  0  0  0  21  0  0  0  0  0  51  0  0  0  0  0  0  0 
1441673081  0  0  0  0  0  0  0  0  0  3782814  0  0  0  0  0  0  0  0  0  21  0  0  0  0  0  51  0  0  0  0  0  0  0 
1441673082  0  0  0  0  0  0  0  0  0  3852799  0  0  0  0  0  0  0  0  0  23  0  0  0  0  0  55  0  69985  0  0  0  0  0 
1441673082  0  0  0  0  0  0  0  0  0  3852799  0  0  0  0  0  0  0  0  0  23  0  0  0  0  0  55  0  0  0  0  0  0  0 
1441673083  0  0  0  0  0  0  0  0  0  3888567  0  0  0  0  0  0  0  0  0  25  0  0  0  0  0  64  0  35768  0  0  0  0  0 
1441673083  0  0  0  0  0  0  0  0  0  3888567  0  0  0  0  0  0  0  0  0  25  0  0  0  0  0  64  0  0  0  0  0  0  0 
