#Type:X;CI:3;ww:0;ca:0;co:0;fr:0;Type:X;CI:3;PI:0;PT:EP;U0:0;U1:0;
#time  Pp  gt  gs  cn  cm  cb  Nc  Pc  cp  Tc  Nm  pr  ps  pt  px  pd  Pm  Om  fs  ft  Oc  Em  Gp  Ec  Ge  ot  os  Total_cycles_diff  Successful_get_diff  Total_get_diff  succ_put_diff  total_put_diff  get_hit  
1441639903  0  0  0  0  0  0  0  0  0  439448  0  0  0  0  0  0  0  0  0  0  0  0  0  0  0  0  0  439448  0  0  0  0  
1441639903  0  0  0  0  0  0  0  0  0  1017854  0  0  0  0  0  0  0  0  0  0  0  0  0  0  0  0  0  578406  0  0  0  0  0 
1441639904  0  0  0  0  0  0  0  0  0  1409969  0  0  0  0  0  0  0  0  0  0  0  0  0  0  0  0  0  392115  0  0  0  0  0 
1441639904  0  0  0  0  0  0  0  0  0  1654230  0  0  0  0  0  0  0  0  0  0  0  0  0  0  0  0  0  244261  0  0  0  0  0 
1441639905  0  0  0  0  0  0  0  0  0  2019091  0  0  0  0  0  0  0  0  0  0  0  0  0  0  0  0  0  364861  0  0  0  0  0 
1441639905  0  0  0  0  0  0  0  0  0  2423198  0  0  0  0  0  0  0  0  0  15  0  0  0  0  0  41  0  404107  0  0  0  0  0 
1441639906  0  0  0  0  0  0  0  0  0  2423198  0  0  0  0  0  0  0  0  0  15  0  0  0  0  0  41  0  0  0  0  0  0  0 
1441639906  0  0  0  0  0  0  0  0  0  3441032  0  0  0  0  0  0  0  0  0  15  0  0  0  0  0  42  0  1017834  0  0  0  0  0 
1441639907  0  0  0  0  0  0  0  0  0  3736478  0  0  0  0  0  0  0  0  0  21  0  0  0  0  0  46  0  295446  0  0  0  0  0 
1441639907  0  0  0  0  0  0  0  0  0  3747999  0  0  0  0  0  0  0  0  0  21  0  0  0  0  0  46  0  11521  0  0  0  0  0 
1441639908  0  0  0  0  0  0  0  0  0  3747999  0  0  0  0  0  0  0  0  0  21  0  0  0  0  0  46  0  0  0  0  0  0  0 
1441639908  0  0  0  0  0  0  0  0  0  3747999  0  0  0  0  0  0  0  0  0  21  0  0  0  0  0  46  0  0  0  0  0  0  0 
1441639909  0  0  0  0  0  0  0  0  0  3747999  0  0  0  0  0  0  0  0  0  21  0  0  0  0  0  46  0  0  0  0  0  0  0 
1441639909  0  0  0  0  0  0  0  0  0  3747999  0  0  0  0  0  0  0  0  0  21  0  0  0  0  0  46  0  0  0  0  0  0  0 
1441639910  0  0  0  0  0  0  0  0  0  3747999  0  0  0  0  0  0  0  0  0  21  0  0  0  0  0  46  0  0  0  0  0  0  0 
1441639910  0  0  0  0  0  0  0  0  0  3747999  0  0  0  0  0  0  0  0  0  21  0  0  0  0  0  46  0  0  0  0  0  0  0 
1441639911  0  0  0  0  0  0  0  0  0  3747999  0  0  0  0  0  0  0  0  0  21  0  0  0  0  0  46  0  0  0  0  0  0  0 
1441639911  0  0  0  0  0  0  0  0  0  3747999  0  0  0  0  0  0  0  0  0  21  0  0  0  0  0  46  0  0  0  0  0  0  0 
1441639912  0  0  0  0  0  0  0  0  0  3747999  0  0  0  0  0  0  0  0  0  21  0  0  0  0  0  46  0  0  0  0  0  0  0 
1441639912  0  0  0  0  0  0  0  0  0  3747999  0  0  0  0  0  0  0  0  0  21  0  0  0  0  0  46  0  0  0  0  0  0  0 
1441639913  0  0  0  0  0  0  0  0  0  3747999  0  0  0  0  0  0  0  0  0  21  0  0  0  0  0  46  0  0  0  0  0  0  0 
1441639913  0  0  0  0  0  0  0  0  0  3747999  0  0  0  0  0  0  0  0  0  21  0  0  0  0  0  46  0  0  0  0  0  0  0 
1441639914  0  0  0  0  0  0  0  0  0  3747999  0  0  0  0  0  0  0  0  0  21  0  0  0  0  0  46  0  0  0  0  0  0  0 
1441639914  0  0  0  0  0  0  0  0  0  3747999  0  0  0  0  0  0  0  0  0  21  0  0  0  0  0  46  0  0  0  0  0  0  0 
1441639915  0  0  0  0  0  0  0  0  0  3747999  0  0  0  0  0  0  0  0  0  21  0  0  0  0  0  46  0  0  0  0  0  0  0 
1441639915  0  0  0  0  0  0  0  0  0  3747999  0  0  0  0  0  0  0  0  0  21  0  0  0  0  0  46  0  0  0  0  0  0  0 
1441639916  0  0  0  0  0  0  0  0  0  3747999  0  0  0  0  0  0  0  0  0  21  0  0  0  0  0  46  0  0  0  0  0  0  0 
1441639917  0  0  0  0  0  0  0  0  0  3747999  0  0  0  0  0  0  0  0  0  21  0  0  0  0  0  46  0  0  0  0  0  0  0 
1441639917  0  0  0  0  0  0  0  0  0  3747999  0  0  0  0  0  0  0  0  0  21  0  0  0  0  0  46  0  0  0  0  0  0  0 
1441639918  0  0  0  0  0  0  0  0  0  3747999  0  0  0  0  0  0  0  0  0  21  0  0  0  0  0  46  0  0  0  0  0  0  0 
1441639918  0  0  0  0  0  0  0  0  0  3747999  0  0  0  0  0  0  0  0  0  21  0  0  0  0  0  46  0  0  0  0  0  0  0 
1441639919  0  0  0  0  0  0  0  0  0  3747999  0  0  0  0  0  0  0  0  0  21  0  0  0  0  0  46  0  0  0  0  0  0  0 
1441639919  0  0  0  0  0  0  0  0  0  3747999  0  0  0  0  0  0  0  0  0  21  0  0  0  0  0  46  0  0  0  0  0  0  0 
1441639920  0  0  0  0  0  0  0  0  0  3747999  0  0  0  0  0  0  0  0  0  21  0  0  0  0  0  46  0  0  0  0  0  0  0 
1441639920  0  0  0  0  0  0  0  0  0  3747999  0  0  0  0  0  0  0  0  0  21  0  0  0  0  0  46  0  0  0  0  0  0  0 
1441639921  0  0  0  0  0  0  0  0  0  3747999  0  0  0  0  0  0  0  0  0  21  0  0  0  0  0  46  0  0  0  0  0  0  0 
1441639921  0  0  0  0  0  0  0  0  0  3747999  0  0  0  0  0  0  0  0  0  21  0  0  0  0  0  46  0  0  0  0  0  0  0 
1441639922  0  0  0  0  0  0  0  0  0  3747999  0  0  0  0  0  0  0  0  0  21  0  0  0  0  0  46  0  0  0  0  0  0  0 
1441639922  0  0  0  0  0  0  0  0  0  3747999  0  0  0  0  0  0  0  0  0  21  0  0  0  0  0  46  0  0  0  0  0  0  0 
1441639923  0  0  0  0  0  0  0  0  0  3747999  0  0  0  0  0  0  0  0  0  21  0  0  0  0  0  46  0  0  0  0  0  0  0 
1441639923  0  0  0  0  0  0  0  0  0  3747999  0  0  0  0  0  0  0  0  0  21  0  0  0  0  0  46  0  0  0  0  0  0  0 
1441639924  0  0  0  0  0  0  0  0  0  3747999  0  0  0  0  0  0  0  0  0  21  0  0  0  0  0  46  0  0  0  0  0  0  0 
1441639924  0  0  0  0  0  0  0  0  0  3747999  0  0  0  0  0  0  0  0  0  21  0  0  0  0  0  46  0  0  0  0  0  0  0 
1441639925  0  0  0  0  0  0  0  0  0  3747999  0  0  0  0  0  0  0  0  0  21  0  0  0  0  0  46  0  0  0  0  0  0  0 
1441639925  0  0  0  0  0  0  0  0  0  3747999  0  0  0  0  0  0  0  0  0  21  0  0  0  0  0  46  0  0  0  0  0  0  0 
1441639926  0  0  0  0  0  0  0  0  0  3747999  0  0  0  0  0  0  0  0  0  21  0  0  0  0  0  46  0  0  0  0  0  0  0 
1441639926  0  0  0  0  0  0  0  0  0  3747999  0  0  0  0  0  0  0  0  0  21  0  0  0  0  0  46  0  0  0  0  0  0  0 
1441639927  0  0  0  0  0  0  0  0  0  3747999  0  0  0  0  0  0  0  0  0  21  0  0  0  0  0  46  0  0  0  0  0  0  0 
1441639927  0  0  0  0  0  0  0  0  0  3747999  0  0  0  0  0  0  0  0  0  21  0  0  0  0  0  46  0  0  0  0  0  0  0 
1441639928  0  0  0  0  0  0  0  0  0  3747999  0  0  0  0  0  0  0  0  0  21  0  0  0  0  0  46  0  0  0  0  0  0  0 
1441639928  0  0  0  0  0  0  0  0  0  3747999  0  0  0  0  0  0  0  0  0  21  0  0  0  0  0  46  0  0  0  0  0  0  0 
1441639929  0  0  0  0  0  0  0  0  0  3747999  0  0  0  0  0  0  0  0  0  21  0  0  0  0  0  46  0  0  0  0  0  0  0 
1441639929  0  0  0  0  0  0  0  0  0  3747999  0  0  0  0  0  0  0  0  0  21  0  0  0  0  0  46  0  0  0  0  0  0  0 
1441639930  0  0  0  0  0  0  0  0  0  3747999  0  0  0  0  0  0  0  0  0  21  0  0  0  0  0  46  0  0  0  0  0  0  0 
1441639930  0  0  0  0  0  0  0  0  0  3747999  0  0  0  0  0  0  0  0  0  21  0  0  0  0  0  46  0  0  0  0  0  0  0 
1441639931  0  0  0  0  0  0  0  0  0  3747999  0  0  0  0  0  0  0  0  0  21  0  0  0  0  0  46  0  0  0  0  0  0  0 
1441639931  0  0  0  0  0  0  0  0  0  3747999  0  0  0  0  0  0  0  0  0  21  0  0  0  0  0  46  0  0  0  0  0  0  0 
1441639932  0  0  0  0  0  0  0  0  0  3747999  0  0  0  0  0  0  0  0  0  21  0  0  0  0  0  46  0  0  0  0  0  0  0 
1441639932  0  0  0  0  0  0  0  0  0  3747999  0  0  0  0  0  0  0  0  0  21  0  0  0  0  0  46  0  0  0  0  0  0  0 
1441639933  0  0  0  0  0  0  0  0  0  3747999  0  0  0  0  0  0  0  0  0  21  0  0  0  0  0  46  0  0  0  0  0  0  0 
1441639933  0  0  0  0  0  0  0  0  0  3747999  0  0  0  0  0  0  0  0  0  21  0  0  0  0  0  46  0  0  0  0  0  0  0 
1441639934  0  0  0  0  0  0  0  0  0  3747999  0  0  0  0  0  0  0  0  0  21  0  0  0  0  0  46  0  0  0  0  0  0  0 
1441639934  0  0  0  0  0  0  0  0  0  3747999  0  0  0  0  0  0  0  0  0  21  0  0  0  0  0  46  0  0  0  0  0  0  0 
1441639935  0  0  0  0  0  0  0  0  0  3747999  0  0  0  0  0  0  0  0  0  21  0  0  0  0  0  46  0  0  0  0  0  0  0 
1441639935  0  0  0  0  0  0  0  0  0  3747999  0  0  0  0  0  0  0  0  0  21  0  0  0  0  0  46  0  0  0  0  0  0  0 
1441639936  0  0  0  0  0  0  0  0  0  3747999  0  0  0  0  0  0  0  0  0  21  0  0  0  0  0  46  0  0  0  0  0  0  0 
1441639936  0  0  0  0  0  0  0  0  0  3747999  0  0  0  0  0  0  0  0  0  21  0  0  0  0  0  46  0  0  0  0  0  0  0 
1441639937  0  0  0  0  0  0  0  0  0  3747999  0  0  0  0  0  0  0  0  0  21  0  0  0  0  0  46  0  0  0  0  0  0  0 
1441639937  0  0  0  0  0  0  0  0  0  3747999  0  0  0  0  0  0  0  0  0  21  0  0  0  0  0  46  0  0  0  0  0  0  0 
1441639938  0  0  0  0  0  0  0  0  0  3747999  0  0  0  0  0  0  0  0  0  21  0  0  0  0  0  46  0  0  0  0  0  0  0 
1441639938  0  0  0  0  0  0  0  0  0  3747999  0  0  0  0  0  0  0  0  0  21  0  0  0  0  0  46  0  0  0  0  0  0  0 
1441639939  0  0  0  0  0  0  0  0  0  3747999  0  0  0  0  0  0  0  0  0  21  0  0  0  0  0  46  0  0  0  0  0  0  0 
1441639939  0  0  0  0  0  0  0  0  0  3747999  0  0  0  0  0  0  0  0  0  21  0  0  0  0  0  46  0  0  0  0  0  0  0 
1441639940  0  0  0  0  0  0  0  0  0  3747999  0  0  0  0  0  0  0  0  0  21  0  0  0  0  0  46  0  0  0  0  0  0  0 
1441639941  0  0  0  0  0  0  0  0  0  3747999  0  0  0  0  0  0  0  0  0  21  0  0  0  0  0  46  0  0  0  0  0  0  0 
1441639941  0  0  0  0  0  0  0  0  0  3747999  0  0  0  0  0  0  0  0  0  21  0  0  0  0  0  46  0  0  0  0  0  0  0 
1441639942  0  0  0  0  0  0  0  0  0  3747999  0  0  0  0  0  0  0  0  0  21  0  0  0  0  0  46  0  0  0  0  0  0  0 
1441639942  0  0  0  0  0  0  0  0  0  3747999  0  0  0  0  0  0  0  0  0  21  0  0  0  0  0  46  0  0  0  0  0  0  0 
1441639943  0  0  0  0  0  0  0  0  0  3747999  0  0  0  0  0  0  0  0  0  21  0  0  0  0  0  46  0  0  0  0  0  0  0 
1441639943  0  0  0  0  0  0  0  0  0  3747999  0  0  0  0  0  0  0  0  0  21  0  0  0  0  0  46  0  0  0  0  0  0  0 
1441639944  0  0  0  0  0  0  0  0  0  3747999  0  0  0  0  0  0  0  0  0  21  0  0  0  0  0  46  0  0  0  0  0  0  0 
1441639944  0  0  0  0  0  0  0  0  0  3747999  0  0  0  0  0  0  0  0  0  21  0  0  0  0  0  46  0  0  0  0  0  0  0 
1441639945  0  0  0  0  0  0  0  0  0  3747999  0  0  0  0  0  0  0  0  0  21  0  0  0  0  0  46  0  0  0  0  0  0  0 
1441639945  0  0  0  0  0  0  0  0  0  3747999  0  0  0  0  0  0  0  0  0  21  0  0  0  0  0  46  0  0  0  0  0  0  0 
1441639946  0  0  0  0  0  0  0  0  0  3747999  0  0  0  0  0  0  0  0  0  21  0  0  0  0  0  46  0  0  0  0  0  0  0 
1441639946  0  0  0  0  0  0  0  0  0  3747999  0  0  0  0  0  0  0  0  0  21  0  0  0  0  0  46  0  0  0  0  0  0  0 
1441639947  0  0  0  0  0  0  0  0  0  3747999  0  0  0  0  0  0  0  0  0  21  0  0  0  0  0  46  0  0  0  0  0  0  0 
1441639947  0  0  0  0  0  0  0  0  0  3747999  0  0  0  0  0  0  0  0  0  21  0  0  0  0  0  46  0  0  0  0  0  0  0 
1441639948  0  0  0  0  0  0  0  0  0  3747999  0  0  0  0  0  0  0  0  0  21  0  0  0  0  0  46  0  0  0  0  0  0  0 
1441639948  0  0  0  0  0  0  0  0  0  3747999  0  0  0  0  0  0  0  0  0  21  0  0  0  0  0  46  0  0  0  0  0  0  0 
1441639949  0  0  0  0  0  0  0  0  0  3747999  0  0  0  0  0  0  0  0  0  21  0  0  0  0  0  46  0  0  0  0  0  0  0 
1441639949  0  0  0  0  0  0  0  0  0  3747999  0  0  0  0  0  0  0  0  0  21  0  0  0  0  0  46  0  0  0  0  0  0  0 
1441639950  0  0  0  0  0  0  0  0  0  3747999  0  0  0  0  0  0  0  0  0  21  0  0  0  0  0  46  0  0  0  0  0  0  0 
1441639950  0  0  0  0  0  0  0  0  0  3747999  0  0  0  0  0  0  0  0  0  21  0  0  0  0  0  46  0  0  0  0  0  0  0 
1441639951  0  0  0  0  0  0  0  0  0  3747999  0  0  0  0  0  0  0  0  0  21  0  0  0  0  0  46  0  0  0  0  0  0  0 
1441639951  0  0  0  0  0  0  0  0  0  3747999  0  0  0  0  0  0  0  0  0  21  0  0  0  0  0  46  0  0  0  0  0  0  0 
1441639952  0  0  0  0  0  0  0  0  0  3747999  0  0  0  0  0  0  0  0  0  21  0  0  0  0  0  46  0  0  0  0  0  0  0 
1441639952  0  0  0  0  0  0  0  0  0  3747999  0  0  0  0  0  0  0  0  0  21  0  0  0  0  0  46  0  0  0  0  0  0  0 
1441639953  0  0  0  0  0  0  0  0  0  3747999  0  0  0  0  0  0  0  0  0  21  0  0  0  0  0  46  0  0  0  0  0  0  0 
1441639953  0  0  0  0  0  0  0  0  0  3747999  0  0  0  0  0  0  0  0  0  21  0  0  0  0  0  46  0  0  0  0  0  0  0 
1441639954  0  0  0  0  0  0  0  0  0  3747999  0  0  0  0  0  0  0  0  0  21  0  0  0  0  0  46  0  0  0  0  0  0  0 
1441639954  0  0  0  0  0  0  0  0  0  3747999  0  0  0  0  0  0  0  0  0  21  0  0  0  0  0  46  0  0  0  0  0  0  0 
1441639955  0  0  0  0  0  0  0  0  0  3747999  0  0  0  0  0  0  0  0  0  21  0  0  0  0  0  46  0  0  0  0  0  0  0 
1441639955  0  0  0  0  0  0  0  0  0  3747999  0  0  0  0  0  0  0  0  0  21  0  0  0  0  0  46  0  0  0  0  0  0  0 
1441639956  0  0  0  0  0  0  0  0  0  3747999  0  0  0  0  0  0  0  0  0  21  0  0  0  0  0  46  0  0  0  0  0  0  0 
1441639956  0  0  0  0  0  0  0  0  0  3747999  0  0  0  0  0  0  0  0  0  21  0  0  0  0  0  46  0  0  0  0  0  0  0 
1441639957  0  0  0  0  0  0  0  0  0  3747999  0  0  0  0  0  0  0  0  0  21  0  0  0  0  0  46  0  0  0  0  0  0  0 
1441639957  0  0  0  0  0  0  0  0  0  3747999  0  0  0  0  0  0  0  0  0  21  0  0  0  0  0  46  0  0  0  0  0  0  0 
1441639958  0  0  0  0  0  0  0  0  0  3747999  0  0  0  0  0  0  0  0  0  21  0  0  0  0  0  46  0  0  0  0  0  0  0 
1441639958  0  0  0  0  0  0  0  0  0  3747999  0  0  0  0  0  0  0  0  0  21  0  0  0  0  0  46  0  0  0  0  0  0  0 
1441639959  0  0  0  0  0  0  0  0  0  3754987  0  0  0  0  0  0  0  0  0  21  0  0  0  0  0  47  0  6988  0  0  0  0  0 
1441639959  0  0  0  0  0  0  0  0  0  3754987  0  0  0  0  0  0  0  0  0  21  0  0  0  0  0  47  0  0  0  0  0  0  0 
1441639960  0  0  0  0  0  0  0  0  0  3754987  0  0  0  0  0  0  0  0  0  21  0  0  0  0  0  47  0  0  0  0  0  0  0 
1441639960  0  0  0  0  0  0  0  0  0  3754987  0  0  0  0  0  0  0  0  0  21  0  0  0  0  0  47  0  0  0  0  0  0  0 
1441639961  0  0  0  0  0  0  0  0  0  3754987  0  0  0  0  0  0  0  0  0  21  0  0  0  0  0  47  0  0  0  0  0  0  0 
1441639961  0  0  0  0  0  0  0  0  0  3754987  0  0  0  0  0  0  0  0  0  21  0  0  0  0  0  47  0  0  0  0  0  0  0 
1441639962  0  0  0  0  0  0  0  0  0  3754987  0  0  0  0  0  0  0  0  0  21  0  0  0  0  0  47  0  0  0  0  0  0  0 
1441639962  0  0  0  0  0  0  0  0  0  3754987  0  0  0  0  0  0  0  0  0  21  0  0  0  0  0  47  0  0  0  0  0  0  0 
1441639963  0  0  0  0  0  0  0  0  0  3754987  0  0  0  0  0  0  0  0  0  21  0  0  0  0  0  47  0  0  0  0  0  0  0 
1441639963  0  0  0  0  0  0  0  0  0  3754987  0  0  0  0  0  0  0  0  0  21  0  0  0  0  0  47  0  0  0  0  0  0  0 
1441639964  0  0  0  0  0  0  0  0  0  3754987  0  0  0  0  0  0  0  0  0  21  0  0  0  0  0  47  0  0  0  0  0  0  0 
1441639964  0  0  0  0  0  0  0  0  0  3754987  0  0  0  0  0  0  0  0  0  21  0  0  0  0  0  47  0  0  0  0  0  0  0 
1441639965  0  0  0  0  0  0  0  0  0  3754987  0  0  0  0  0  0  0  0  0  21  0  0  0  0  0  47  0  0  0  0  0  0  0 
1441639965  0  0  0  0  0  0  0  0  0  3754987  0  0  0  0  0  0  0  0  0  21  0  0  0  0  0  47  0  0  0  0  0  0  0 
1441639966  0  0  0  0  0  0  0  0  0  3754987  0  0  0  0  0  0  0  0  0  21  0  0  0  0  0  47  0  0  0  0  0  0  0 
1441639966  0  0  0  0  0  0  0  0  0  3754987  0  0  0  0  0  0  0  0  0  21  0  0  0  0  0  47  0  0  0  0  0  0  0 
1441639967  0  0  0  0  0  0  0  0  0  3754987  0  0  0  0  0  0  0  0  0  21  0  0  0  0  0  47  0  0  0  0  0  0  0 
1441639967  0  0  0  0  0  0  0  0  0  3754987  0  0  0  0  0  0  0  0  0  21  0  0  0  0  0  47  0  0  0  0  0  0  0 
1441639968  0  0  0  0  0  0  0  0  0  3754987  0  0  0  0  0  0  0  0  0  21  0  0  0  0  0  47  0  0  0  0  0  0  0 
1441639968  0  0  0  0  0  0  0  0  0  3754987  0  0  0  0  0  0  0  0  0  21  0  0  0  0  0  47  0  0  0  0  0  0  0 
1441639969  0  0  0  0  0  0  0  0  0  3757334  0  0  0  0  0  0  0  0  0  21  0  0  0  0  0  48  0  2347  0  0  0  0  0 
1441639969  0  0  0  0  0  0  0  0  0  3757334  0  0  0  0  0  0  0  0  0  21  0  0  0  0  0  48  0  0  0  0  0  0  0 
1441639970  0  0  0  0  0  0  0  0  0  3757334  0  0  0  0  0  0  0  0  0  21  0  0  0  0  0  48  0  0  0  0  0  0  0 
1441639970  0  0  0  0  0  0  0  0  0  3757334  0  0  0  0  0  0  0  0  0  21  0  0  0  0  0  48  0  0  0  0  0  0  0 
1441639971  0  0  0  0  0  0  0  0  0  3757334  0  0  0  0  0  0  0  0  0  21  0  0  0  0  0  48  0  0  0  0  0  0  0 
1441639971  0  0  0  0  0  0  0  0  0  3757334  0  0  0  0  0  0  0  0  0  21  0  0  0  0  0  48  0  0  0  0  0  0  0 
1441639972  0  0  0  0  0  0  0  0  0  3757334  0  0  0  0  0  0  0  0  0  21  0  0  0  0  0  48  0  0  0  0  0  0  0 
1441639972  0  0  0  0  0  0  0  0  0  3757334  0  0  0  0  0  0  0  0  0  21  0  0  0  0  0  48  0  0  0  0  0  0  0 
1441639973  0  0  0  0  0  0  0  0  0  3757334  0  0  0  0  0  0  0  0  0  21  0  0  0  0  0  48  0  0  0  0  0  0  0 
1441639973  0  0  0  0  0  0  0  0  0  3757334  0  0  0  0  0  0  0  0  0  21  0  0  0  0  0  48  0  0  0  0  0  0  0 
1441639974  0  0  0  0  0  0  0  0  0  3757334  0  0  0  0  0  0  0  0  0  21  0  0  0  0  0  48  0  0  0  0  0  0  0 
1441639975  0  0  0  0  0  0  0  0  0  3757334  0  0  0  0  0  0  0  0  0  21  0  0  0  0  0  48  0  0  0  0  0  0  0 
1441639975  0  0  0  0  0  0  0  0  0  3757334  0  0  0  0  0  0  0  0  0  21  0  0  0  0  0  48  0  0  0  0  0  0  0 
1441639976  0  0  0  0  0  0  0  0  0  3757334  0  0  0  0  0  0  0  0  0  21  0  0  0  0  0  48  0  0  0  0  0  0  0 
1441639976  0  0  0  0  0  0  0  0  0  3757334  0  0  0  0  0  0  0  0  0  21  0  0  0  0  0  48  0  0  0  0  0  0  0 
1441639977  0  0  0  0  0  0  0  0  0  3757334  0  0  0  0  0  0  0  0  0  21  0  0  0  0  0  48  0  0  0  0  0  0  0 
1441639977  0  0  0  0  0  0  0  0  0  3757334  0  0  0  0  0  0  0  0  0  21  0  0  0  0  0  48  0  0  0  0  0  0  0 
1441639978  0  0  0  0  0  0  0  0  0  3757334  0  0  0  0  0  0  0  0  0  21  0  0  0  0  0  48  0  0  0  0  0  0  0 
1441639978  0  0  0  0  0  0  0  0  0  3757334  0  0  0  0  0  0  0  0  0  21  0  0  0  0  0  48  0  0  0  0  0  0  0 
1441639979  0  0  0  0  0  0  0  0  0  3760065  0  0  0  0  0  0  0  0  0  21  0  0  0  0  0  49  0  2731  0  0  0  0  0 
1441639979  0  0  0  0  0  0  0  0  0  3760065  0  0  0  0  0  0  0  0  0  21  0  0  0  0  0  49  0  0  0  0  0  0  0 
1441639980  0  0  0  0  0  0  0  0  0  3760065  0  0  0  0  0  0  0  0  0  21  0  0  0  0  0  49  0  0  0  0  0  0  0 
1441639980  0  0  0  0  0  0  0  0  0  3760065  0  0  0  0  0  0  0  0  0  21  0  0  0  0  0  49  0  0  0  0  0  0  0 
1441639981  0  0  0  0  0  0  0  0  0  3760065  0  0  0  0  0  0  0  0  0  21  0  0  0  0  0  49  0  0  0  0  0  0  0 
1441639981  0  0  0  0  0  0  0  0  0  3760065  0  0  0  0  0  0  0  0  0  21  0  0  0  0  0  49  0  0  0  0  0  0  0 
1441639982  0  0  0  0  0  0  0  0  0  3760065  0  0  0  0  0  0  0  0  0  21  0  0  0  0  0  49  0  0  0  0  0  0  0 
1441639982  0  0  0  0  0  0  0  0  0  3760065  0  0  0  0  0  0  0  0  0  21  0  0  0  0  0  49  0  0  0  0  0  0  0 
1441639983  0  0  0  0  0  0  0  0  0  3760065  0  0  0  0  0  0  0  0  0  21  0  0  0  0  0  49  0  0  0  0  0  0  0 
1441639983  0  0  0  0  0  0  0  0  0  3760065  0  0  0  0  0  0  0  0  0  21  0  0  0  0  0  49  0  0  0  0  0  0  0 
1441639984  0  0  0  0  0  0  0  0  0  3760065  0  0  0  0  0  0  0  0  0  21  0  0  0  0  0  49  0  0  0  0  0  0  0 
1441639984  0  0  0  0  0  0  0  0  0  3760065  0  0  0  0  0  0  0  0  0  21  0  0  0  0  0  49  0  0  0  0  0  0  0 
1441639985  0  0  0  0  0  0  0  0  0  3760065  0  0  0  0  0  0  0  0  0  21  0  0  0  0  0  49  0  0  0  0  0  0  0 
1441639985  0  0  0  0  0  0  0  0  0  3760065  0  0  0  0  0  0  0  0  0  21  0  0  0  0  0  49  0  0  0  0  0  0  0 
1441639986  0  0  0  0  0  0  0  0  0  3760065  0  0  0  0  0  0  0  0  0  21  0  0  0  0  0  49  0  0  0  0  0  0  0 
1441639986  0  0  0  0  0  0  0  0  0  3760065  0  0  0  0  0  0  0  0  0  21  0  0  0  0  0  49  0  0  0  0  0  0  0 
1441639987  0  0  0  0  0  0  0  0  0  3760065  0  0  0  0  0  0  0  0  0  21  0  0  0  0  0  49  0  0  0  0  0  0  0 
1441639987  0  0  0  0  0  0  0  0  0  3760065  0  0  0  0  0  0  0  0  0  21  0  0  0  0  0  49  0  0  0  0  0  0  0 
1441639988  0  0  0  0  0  0  0  0  0  3760065  0  0  0  0  0  0  0  0  0  21  0  0  0  0  0  49  0  0  0  0  0  0  0 
1441639988  0  0  0  0  0  0  0  0  0  3760065  0  0  0  0  0  0  0  0  0  21  0  0  0  0  0  49  0  0  0  0  0  0  0 
1441639989  0  0  0  0  0  0  0  0  0  3760065  0  0  0  0  0  0  0  0  0  21  0  0  0  0  0  49  0  0  0  0  0  0  0 
1441639989  0  0  0  0  0  0  0  0  0  3762787  0  0  0  0  0  0  0  0  0  21  0  0  0  0  0  50  0  2722  0  0  0  0  0 
1441639990  0  0  0  0  0  0  0  0  0  3762787  0  0  0  0  0  0  0  0  0  21  0  0  0  0  0  50  0  0  0  0  0  0  0 
1441639990  0  0  0  0  0  0  0  0  0  3762787  0  0  0  0  0  0  0  0  0  21  0  0  0  0  0  50  0  0  0  0  0  0  0 
1441639991  0  0  0  0  0  0  0  0  0  3762787  0  0  0  0  0  0  0  0  0  21  0  0  0  0  0  50  0  0  0  0  0  0  0 
1441639991  0  0  0  0  0  0  0  0  0  3762787  0  0  0  0  0  0  0  0  0  21  0  0  0  0  0  50  0  0  0  0  0  0  0 
1441639992  0  0  0  0  0  0  0  0  0  3762787  0  0  0  0  0  0  0  0  0  21  0  0  0  0  0  50  0  0  0  0  0  0  0 
1441639992  0  0  0  0  0  0  0  0  0  3762787  0  0  0  0  0  0  0  0  0  21  0  0  0  0  0  50  0  0  0  0  0  0  0 
1441639993  0  0  0  0  0  0  0  0  0  3762787  0  0  0  0  0  0  0  0  0  21  0  0  0  0  0  50  0  0  0  0  0  0  0 
1441639993  0  0  0  0  0  0  0  0  0  3762787  0  0  0  0  0  0  0  0  0  21  0  0  0  0  0  50  0  0  0  0  0  0  0 
1441639994  0  0  0  0  0  0  0  0  0  3762787  0  0  0  0  0  0  0  0  0  21  0  0  0  0  0  50  0  0  0  0  0  0  0 
1441639994  0  0  0  0  0  0  0  0  0  3762787  0  0  0  0  0  0  0  0  0  21  0  0  0  0  0  50  0  0  0  0  0  0  0 
1441639995  0  0  0  0  0  0  0  0  0  3762787  0  0  0  0  0  0  0  0  0  21  0  0  0  0  0  50  0  0  0  0  0  0  0 
1441639995  0  0  0  0  0  0  0  0  0  3762787  0  0  0  0  0  0  0  0  0  21  0  0  0  0  0  50  0  0  0  0  0  0  0 
1441639996  0  0  0  0  0  0  0  0  0  3762787  0  0  0  0  0  0  0  0  0  21  0  0  0  0  0  50  0  0  0  0  0  0  0 
1441639996  0  0  0  0  0  0  0  0  0  3762787  0  0  0  0  0  0  0  0  0  21  0  0  0  0  0  50  0  0  0  0  0  0  0 
1441639997  0  0  0  0  0  0  0  0  0  3762787  0  0  0  0  0  0  0  0  0  21  0  0  0  0  0  50  0  0  0  0  0  0  0 
1441639997  0  0  0  0  0  0  0  0  0  3762787  0  0  0  0  0  0  0  0  0  21  0  0  0  0  0  50  0  0  0  0  0  0  0 
1441639998  0  0  0  0  0  0  0  0  0  3762787  0  0  0  0  0  0  0  0  0  21  0  0  0  0  0  50  0  0  0  0  0  0  0 
1441639998  0  0  0  0  0  0  0  0  0  3762787  0  0  0  0  0  0  0  0  0  21  0  0  0  0  0  50  0  0  0  0  0  0  0 
1441639999  0  0  0  0  0  0  0  0  0  3762787  0  0  0  0  0  0  0  0  0  21  0  0  0  0  0  50  0  0  0  0  0  0  0 
1441639999  0  0  0  0  0  0  0  0  0  3765397  0  0  0  0  0  0  0  0  0  21  0  0  0  0  0  51  0  2610  0  0  0  0  0 
1441640000  0  0  0  0  0  0  0  0  0  3765397  0  0  0  0  0  0  0  0  0  21  0  0  0  0  0  51  0  0  0  0  0  0  0 
1441640000  0  0  0  0  0  0  0  0  0  3765397  0  0  0  0  0  0  0  0  0  21  0  0  0  0  0  51  0  0  0  0  0  0  0 
1441640001  0  0  0  0  0  0  0  0  0  3765397  0  0  0  0  0  0  0  0  0  21  0  0  0  0  0  51  0  0  0  0  0  0  0 
1441640001  0  0  0  0  0  0  0  0  0  3765397  0  0  0  0  0  0  0  0  0  21  0  0  0  0  0  51  0  0  0  0  0  0  0 
1441640002  0  0  0  0  0  0  0  0  0  3765397  0  0  0  0  0  0  0  0  0  21  0  0  0  0  0  51  0  0  0  0  0  0  0 
1441640002  0  0  0  0  0  0  0  0  0  3765397  0  0  0  0  0  0  0  0  0  21  0  0  0  0  0  51  0  0  0  0  0  0  0 
1441640003  0  0  0  0  0  0  0  0  0  3765397  0  0  0  0  0  0  0  0  0  21  0  0  0  0  0  51  0  0  0  0  0  0  0 
1441640003  0  0  0  0  0  0  0  0  0  3765397  0  0  0  0  0  0  0  0  0  21  0  0  0  0  0  51  0  0  0  0  0  0  0 
1441640004  0  0  0  0  0  0  0  0  0  3765397  0  0  0  0  0  0  0  0  0  21  0  0  0  0  0  51  0  0  0  0  0  0  0 
1441640004  0  0  0  0  0  0  0  0  0  3765397  0  0  0  0  0  0  0  0  0  21  0  0  0  0  0  51  0  0  0  0  0  0  0 
1441640005  0  0  0  0  0  0  0  0  0  3765397  0  0  0  0  0  0  0  0  0  21  0  0  0  0  0  51  0  0  0  0  0  0  0 
1441640005  0  0  0  0  0  0  0  0  0  3765397  0  0  0  0  0  0  0  0  0  21  0  0  0  0  0  51  0  0  0  0  0  0  0 
1441640006  0  0  0  0  0  0  0  0  0  3765397  0  0  0  0  0  0  0  0  0  21  0  0  0  0  0  51  0  0  0  0  0  0  0 
1441640006  0  0  0  0  0  0  0  0  0  3765397  0  0  0  0  0  0  0  0  0  21  0  0  0  0  0  51  0  0  0  0  0  0  0 
1441640007  0  0  0  0  0  0  0  0  0  3765397  0  0  0  0  0  0  0  0  0  21  0  0  0  0  0  51  0  0  0  0  0  0  0 
1441640007  0  0  0  0  0  0  0  0  0  3765397  0  0  0  0  0  0  0  0  0  21  0  0  0  0  0  51  0  0  0  0  0  0  0 
1441640008  0  0  0  0  0  0  0  0  0  3765397  0  0  0  0  0  0  0  0  0  21  0  0  0  0  0  51  0  0  0  0  0  0  0 
1441640008  0  0  0  0  0  0  0  0  0  3765397  0  0  0  0  0  0  0  0  0  21  0  0  0  0  0  51  0  0  0  0  0  0  0 
1441640009  0  0  0  0  0  0  0  0  0  3805245  0  0  0  0  0  0  0  0  0  21  0  0  0  0  0  51  0  39848  0  0  0  0  0 
1441640009  0  0  0  0  0  0  0  0  0  3857711  0  0  0  0  0  0  0  0  0  25  0  0  0  0  0  64  0  52466  0  0  0  0  0 
1441640010  0  0  0  0  0  0  0  0  0  3857711  0  0  0  0  0  0  0  0  0  25  0  0  0  0  0  64  0  0  0  0  0  0  0 
1441640011  0  0  0  0  0  0  0  0  0  3857711  0  0  0  0  0  0  0  0  0  25  0  0  0  0  0  64  0  0  0  0  0  0  0 
