#Type:X;CI:1;ww:0;ca:0;co:0;fr:0;Type:X;CI:1;PI:0;PT:EP;U0:0;U1:0;Type:X;CI:1;PI:1;PT:EP;U0:0;U1:0;
#time  Pp  gt  gs  cn  cm  cb  Nc  Pc  cp  Tc  Nm  pr  ps  pt  px  pd  Pm  Om  fs  ft  Oc  Em  Gp  Ec  Ge  ot  os  Total_cycles_diff  Successful_get_diff  Total_get_diff  succ_put_diff  total_put_diff  get_hit  
1441639827  0  0  0  0  0  0  0  0  0  4133661  0  0  0  0  0  0  0  0  0  21  0  0  0  0  0  46  0  4133661  0  0  0  0  
1441639828  0  0  0  0  0  0  0  0  0  4139304  0  0  0  0  0  0  0  0  0  21  0  0  0  0  0  47  0  5643  0  0  0  0  0 
1441639828  0  0  0  0  0  0  0  0  0  4139304  0  0  0  0  0  0  0  0  0  21  0  0  0  0  0  47  0  0  0  0  0  0  0 
1441639829  0  0  0  0  0  0  0  0  0  4139304  0  0  0  0  0  0  0  0  0  21  0  0  0  0  0  47  0  0  0  0  0  0  0 
1441639829  0  0  0  0  0  0  0  0  0  4139304  0  0  0  0  0  0  0  0  0  21  0  0  0  0  0  47  0  0  0  0  0  0  0 
1441639830  0  0  0  0  0  0  0  0  0  4139304  0  0  0  0  0  0  0  0  0  21  0  0  0  0  0  47  0  0  0  0  0  0  0 
1441639830  0  0  0  0  0  0  0  0  0  4139304  0  0  0  0  0  0  0  0  0  21  0  0  0  0  0  47  0  0  0  0  0  0  0 
1441639831  0  0  0  0  0  0  0  0  0  4139304  0  0  0  0  0  0  0  0  0  21  0  0  0  0  0  47  0  0  0  0  0  0  0 
1441639831  0  0  0  0  0  0  0  0  0  4139304  0  0  0  0  0  0  0  0  0  21  0  0  0  0  0  47  0  0  0  0  0  0  0 
1441639832  0  0  0  0  0  0  0  0  0  4139304  0  0  0  0  0  0  0  0  0  21  0  0  0  0  0  47  0  0  0  0  0  0  0 
1441639832  0  0  0  0  0  0  0  0  0  4139304  0  0  0  0  0  0  0  0  0  21  0  0  0  0  0  47  0  0  0  0  0  0  0 
1441639833  0  0  0  0  0  0  0  0  0  4139304  0  0  0  0  0  0  0  0  0  21  0  0  0  0  0  47  0  0  0  0  0  0  0 
1441639833  0  0  0  0  0  0  0  0  0  4139304  0  0  0  0  0  0  0  0  0  21  0  0  0  0  0  47  0  0  0  0  0  0  0 
1441639834  0  0  0  0  0  0  0  0  0  4139304  0  0  0  0  0  0  0  0  0  21  0  0  0  0  0  47  0  0  0  0  0  0  0 
1441639834  0  0  0  0  0  0  0  0  0  4139304  0  0  0  0  0  0  0  0  0  21  0  0  0  0  0  47  0  0  0  0  0  0  0 
1441639835  0  0  0  0  0  0  0  0  0  4139304  0  0  0  0  0  0  0  0  0  21  0  0  0  0  0  47  0  0  0  0  0  0  0 
1441639835  0  0  0  0  0  0  0  0  0  4139304  0  0  0  0  0  0  0  0  0  21  0  0  0  0  0  47  0  0  0  0  0  0  0 
1441639836  0  0  0  0  0  0  0  0  0  4139304  0  0  0  0  0  0  0  0  0  21  0  0  0  0  0  47  0  0  0  0  0  0  0 
1441639836  0  0  0  0  0  0  0  0  0  4139304  0  0  0  0  0  0  0  0  0  21  0  0  0  0  0  47  0  0  0  0  0  0  0 
1441639837  0  0  0  0  0  0  0  0  0  4139304  0  0  0  0  0  0  0  0  0  21  0  0  0  0  0  47  0  0  0  0  0  0  0 
1441639837  0  0  0  0  0  0  0  0  0  4139304  0  0  0  0  0  0  0  0  0  21  0  0  0  0  0  47  0  0  0  0  0  0  0 
1441639838  0  0  0  0  0  0  0  0  0  4142159  0  0  0  0  0  0  0  0  0  21  0  0  0  0  0  48  0  2855  0  0  0  0  0 
1441639838  0  0  0  0  0  0  0  0  0  4142159  0  0  0  0  0  0  0  0  0  21  0  0  0  0  0  48  0  0  0  0  0  0  0 
1441639839  0  0  0  0  0  0  0  0  0  4142159  0  0  0  0  0  0  0  0  0  21  0  0  0  0  0  48  0  0  0  0  0  0  0 
1441639839  0  0  0  0  0  0  0  0  0  4142159  0  0  0  0  0  0  0  0  0  21  0  0  0  0  0  48  0  0  0  0  0  0  0 
1441639840  0  0  0  0  0  0  0  0  0  4142159  0  0  0  0  0  0  0  0  0  21  0  0  0  0  0  48  0  0  0  0  0  0  0 
1441639840  0  0  0  0  0  0  0  0  0  4142159  0  0  0  0  0  0  0  0  0  21  0  0  0  0  0  48  0  0  0  0  0  0  0 
1441639841  0  0  0  0  0  0  0  0  0  4142159  0  0  0  0  0  0  0  0  0  21  0  0  0  0  0  48  0  0  0  0  0  0  0 
1441639841  0  0  0  0  0  0  0  0  0  4142159  0  0  0  0  0  0  0  0  0  21  0  0  0  0  0  48  0  0  0  0  0  0  0 
1441639842  0  0  0  0  0  0  0  0  0  4142159  0  0  0  0  0  0  0  0  0  21  0  0  0  0  0  48  0  0  0  0  0  0  0 
1441639842  0  0  0  0  0  0  0  0  0  4142159  0  0  0  0  0  0  0  0  0  21  0  0  0  0  0  48  0  0  0  0  0  0  0 
1441639843  0  0  0  0  0  0  0  0  0  4142159  0  0  0  0  0  0  0  0  0  21  0  0  0  0  0  48  0  0  0  0  0  0  0 
1441639843  0  0  0  0  0  0  0  0  0  4142159  0  0  0  0  0  0  0  0  0  21  0  0  0  0  0  48  0  0  0  0  0  0  0 
1441639844  0  0  0  0  0  0  0  0  0  4142159  0  0  0  0  0  0  0  0  0  21  0  0  0  0  0  48  0  0  0  0  0  0  0 
1441639844  0  0  0  0  0  0  0  0  0  4142159  0  0  0  0  0  0  0  0  0  21  0  0  0  0  0  48  0  0  0  0  0  0  0 
1441639845  0  0  0  0  0  0  0  0  0  4142159  0  0  0  0  0  0  0  0  0  21  0  0  0  0  0  48  0  0  0  0  0  0  0 
1441639845  0  0  0  0  0  0  0  0  0  4142159  0  0  0  0  0  0  0  0  0  21  0  0  0  0  0  48  0  0  0  0  0  0  0 
1441639846  0  0  0  0  0  0  0  0  0  4142159  0  0  0  0  0  0  0  0  0  21  0  0  0  0  0  48  0  0  0  0  0  0  0 
1441639846  0  0  0  0  0  0  0  0  0  4142159  0  0  0  0  0  0  0  0  0  21  0  0  0  0  0  48  0  0  0  0  0  0  0 
1441639847  0  0  0  0  0  0  0  0  0  4142159  0  0  0  0  0  0  0  0  0  21  0  0  0  0  0  48  0  0  0  0  0  0  0 
1441639847  0  0  0  0  0  0  0  0  0  4144917  0  0  0  0  0  0  0  0  0  21  0  0  0  0  0  49  0  2758  0  0  0  0  0 
1441639848  0  0  0  0  0  0  0  0  0  4144917  0  0  0  0  0  0  0  0  0  21  0  0  0  0  0  49  0  0  0  0  0  0  0 
1441639848  0  0  0  0  0  0  0  0  0  4144917  0  0  0  0  0  0  0  0  0  21  0  0  0  0  0  49  0  0  0  0  0  0  0 
1441639849  0  0  0  0  0  0  0  0  0  4144917  0  0  0  0  0  0  0  0  0  21  0  0  0  0  0  49  0  0  0  0  0  0  0 
1441639849  0  0  0  0  0  0  0  0  0  4144917  0  0  0  0  0  0  0  0  0  21  0  0  0  0  0  49  0  0  0  0  0  0  0 
1441639850  0  0  0  0  0  0  0  0  0  4144917  0  0  0  0  0  0  0  0  0  21  0  0  0  0  0  49  0  0  0  0  0  0  0 
1441639850  0  0  0  0  0  0  0  0  0  4144917  0  0  0  0  0  0  0  0  0  21  0  0  0  0  0  49  0  0  0  0  0  0  0 
1441639851  0  0  0  0  0  0  0  0  0  4144917  0  0  0  0  0  0  0  0  0  21  0  0  0  0  0  49  0  0  0  0  0  0  0 
1441639852  0  0  0  0  0  0  0  0  0  4144917  0  0  0  0  0  0  0  0  0  21  0  0  0  0  0  49  0  0  0  0  0  0  0 
1441639852  0  0  0  0  0  0  0  0  0  4144917  0  0  0  0  0  0  0  0  0  21  0  0  0  0  0  49  0  0  0  0  0  0  0 
1441639853  0  0  0  0  0  0  0  0  0  4144917  0  0  0  0  0  0  0  0  0  21  0  0  0  0  0  49  0  0  0  0  0  0  0 
1441639853  0  0  0  0  0  0  0  0  0  4144917  0  0  0  0  0  0  0  0  0  21  0  0  0  0  0  49  0  0  0  0  0  0  0 
1441639854  0  0  0  0  0  0  0  0  0  4144917  0  0  0  0  0  0  0  0  0  21  0  0  0  0  0  49  0  0  0  0  0  0  0 
1441639854  0  0  0  0  0  0  0  0  0  4144917  0  0  0  0  0  0  0  0  0  21  0  0  0  0  0  49  0  0  0  0  0  0  0 
1441639855  0  0  0  0  0  0  0  0  0  4144917  0  0  0  0  0  0  0  0  0  21  0  0  0  0  0  49  0  0  0  0  0  0  0 
1441639855  0  0  0  0  0  0  0  0  0  4144917  0  0  0  0  0  0  0  0  0  21  0  0  0  0  0  49  0  0  0  0  0  0  0 
1441639856  0  0  0  0  0  0  0  0  0  4144917  0  0  0  0  0  0  0  0  0  21  0  0  0  0  0  49  0  0  0  0  0  0  0 
1441639856  0  0  0  0  0  0  0  0  0  4144917  0  0  0  0  0  0  0  0  0  21  0  0  0  0  0  49  0  0  0  0  0  0  0 
1441639857  0  0  0  0  0  0  0  0  0  4144917  0  0  0  0  0  0  0  0  0  21  0  0  0  0  0  49  0  0  0  0  0  0  0 
1441639857  0  0  0  0  0  0  0  0  0  4144917  0  0  0  0  0  0  0  0  0  21  0  0  0  0  0  49  0  0  0  0  0  0  0 
1441639858  0  0  0  0  0  0  0  0  0  4149895  0  0  0  0  0  0  0  0  0  21  0  0  0  0  0  50  0  4978  0  0  0  0  0 
1441639858  0  0  0  0  0  0  0  0  0  4149895  0  0  0  0  0  0  0  0  0  21  0  0  0  0  0  50  0  0  0  0  0  0  0 
1441639859  0  0  0  0  0  0  0  0  0  4149895  0  0  0  0  0  0  0  0  0  21  0  0  0  0  0  50  0  0  0  0  0  0  0 
1441639859  0  0  0  0  0  0  0  0  0  4149895  0  0  0  0  0  0  0  0  0  21  0  0  0  0  0  50  0  0  0  0  0  0  0 
1441639860  0  0  0  0  0  0  0  0  0  4149895  0  0  0  0  0  0  0  0  0  21  0  0  0  0  0  50  0  0  0  0  0  0  0 
1441639860  0  0  0  0  0  0  0  0  0  4149895  0  0  0  0  0  0  0  0  0  21  0  0  0  0  0  50  0  0  0  0  0  0  0 
1441639861  0  0  0  0  0  0  0  0  0  4149895  0  0  0  0  0  0  0  0  0  21  0  0  0  0  0  50  0  0  0  0  0  0  0 
1441639861  0  0  0  0  0  0  0  0  0  4149895  0  0  0  0  0  0  0  0  0  21  0  0  0  0  0  50  0  0  0  0  0  0  0 
1441639862  0  0  0  0  0  0  0  0  0  4149895  0  0  0  0  0  0  0  0  0  21  0  0  0  0  0  50  0  0  0  0  0  0  0 
1441639862  0  0  0  0  0  0  0  0  0  4149895  0  0  0  0  0  0  0  0  0  21  0  0  0  0  0  50  0  0  0  0  0  0  0 
1441639863  0  0  0  0  0  0  0  0  0  4149895  0  0  0  0  0  0  0  0  0  21  0  0  0  0  0  50  0  0  0  0  0  0  0 
1441639863  0  0  0  0  0  0  0  0  0  4149895  0  0  0  0  0  0  0  0  0  21  0  0  0  0  0  50  0  0  0  0  0  0  0 
1441639864  0  0  0  0  0  0  0  0  0  4149895  0  0  0  0  0  0  0  0  0  21  0  0  0  0  0  50  0  0  0  0  0  0  0 
1441639864  0  0  0  0  0  0  0  0  0  4149895  0  0  0  0  0  0  0  0  0  21  0  0  0  0  0  50  0  0  0  0  0  0  0 
1441639865  0  0  0  0  0  0  0  0  0  4149895  0  0  0  0  0  0  0  0  0  21  0  0  0  0  0  50  0  0  0  0  0  0  0 
1441639865  0  0  0  0  0  0  0  0  0  4149895  0  0  0  0  0  0  0  0  0  21  0  0  0  0  0  50  0  0  0  0  0  0  0 
1441639866  0  0  0  0  0  0  0  0  0  4149895  0  0  0  0  0  0  0  0  0  21  0  0  0  0  0  50  0  0  0  0  0  0  0 
1441639866  0  0  0  0  0  0  0  0  0  4149895  0  0  0  0  0  0  0  0  0  21  0  0  0  0  0  50  0  0  0  0  0  0  0 
1441639867  0  0  0  0  0  0  0  0  0  4149895  0  0  0  0  0  0  0  0  0  21  0  0  0  0  0  50  0  0  0  0  0  0  0 
1441639867  0  0  0  0  0  0  0  0  0  4172144  0  0  0  0  0  0  0  0  0  21  0  0  0  0  0  50  0  22249  0  0  0  0  0 
1441639868  0  0  0  0  0  0  0  0  0  4232985  0  0  0  0  0  0  0  0  0  25  0  0  0  0  0  63  0  60841  0  0  0  0  0 
1441639868  0  0  0  0  0  0  0  0  0  4232985  0  0  0  0  0  0  0  0  0  25  0  0  0  0  0  63  0  0  0  0  0  0  0 
1441639869  0  0  0  0  0  0  0  0  0  4236667  0  0  0  0  0  0  0  0  0  25  0  0  0  0  0  63  0  3682  0  0  0  0  0 
