#Type:X;CI:7;ww:0;ca:0;co:1;fr:0;Type:X;CI:7;PI:0;PT:EP;U0:0;U1:0;
#time  Pp  gt  gs  cn  cm  cb  Nc  Pc  cp  Tc  Nm  pr  ps  pt  px  pd  Pm  Om  fs  ft  Oc  Em  Gp  Ec  Ge  ot  os  Total_cycles_diff  Successful_get_diff  Total_get_diff  succ_put_diff  total_put_diff  get_hit  
1441631828  0  0  0  0  0  0  0  0  0  2485  0  0  0  0  0  0  0  0  0  0  0  0  0  0  0  0  0  2485  0  0  0  0  
1441631829  0  0  0  0  0  0  0  0  0  696145  0  0  0  0  0  0  0  0  0  0  0  0  0  0  0  0  0  693660  0  0  0  0  0 
1441631829  0  0  0  0  0  0  0  0  0  1156279  0  0  0  0  0  0  0  0  0  0  0  0  0  0  0  0  0  460134  0  0  0  0  0 
1441631830  0  0  0  0  0  0  0  0  0  1392137  0  0  0  0  0  0  0  0  0  0  0  0  0  0  0  0  0  235858  0  0  0  0  0 
1441631830  0  0  0  0  0  0  0  0  0  1603296  0  0  0  0  0  0  0  0  0  0  0  0  0  0  0  0  0  211159  0  0  0  0  0 
1441631831  0  0  0  0  0  0  0  0  0  1971986  0  0  0  0  0  0  0  0  0  11  0  0  0  0  0  34  0  368690  0  0  0  0  0 
1441631832  0  0  0  0  0  0  0  0  0  2628759  0  0  0  0  0  0  0  0  0  15  0  0  0  0  0  41  0  656773  0  0  0  0  0 
1441631832  0  0  0  0  0  0  0  0  0  2628759  0  0  0  0  0  0  0  0  0  15  0  0  0  0  0  41  0  0  0  0  0  0  0 
1441631833  0  0  0  0  0  0  0  0  0  3494074  0  0  0  0  0  0  0  0  0  21  0  0  0  0  0  46  0  865315  0  0  0  0  0 
1441631833  0  0  0  0  0  0  0  0  0  3784425  0  0  0  0  0  0  0  0  0  21  0  0  0  0  0  46  0  290351  0  0  0  0  0 
1441631834  0  0  0  0  0  0  0  0  0  3784425  0  0  0  0  0  0  0  0  0  21  0  0  0  0  0  46  0  0  0  0  0  0  0 
1441631834  0  0  0  0  0  0  0  0  0  3784425  0  0  0  0  0  0  0  0  0  21  0  0  0  0  0  46  0  0  0  0  0  0  0 
1441631835  0  0  0  0  0  0  0  0  0  3784425  0  0  0  0  0  0  0  0  0  21  0  0  0  0  0  46  0  0  0  0  0  0  0 
1441631835  0  0  0  0  0  0  0  0  0  3784425  0  0  0  0  0  0  0  0  0  21  0  0  0  0  0  46  0  0  0  0  0  0  0 
1441631836  0  0  0  0  0  0  0  0  0  3784425  0  0  0  0  0  0  0  0  0  21  0  0  0  0  0  46  0  0  0  0  0  0  0 
1441631836  0  0  0  0  0  0  0  0  0  3784425  0  0  0  0  0  0  0  0  0  21  0  0  0  0  0  46  0  0  0  0  0  0  0 
1441631837  0  0  0  0  0  0  0  0  0  3784425  0  0  0  0  0  0  0  0  0  21  0  0  0  0  0  46  0  0  0  0  0  0  0 
1441631837  0  0  0  0  0  0  0  0  0  3784425  0  0  0  0  0  0  0  0  0  21  0  0  0  0  0  46  0  0  0  0  0  0  0 
1441631838  0  0  0  0  0  0  0  0  0  3784425  0  0  0  0  0  0  0  0  0  21  0  0  0  0  0  46  0  0  0  0  0  0  0 
1441631838  0  0  0  0  0  0  0  0  0  3784425  0  0  0  0  0  0  0  0  0  21  0  0  0  0  0  46  0  0  0  0  0  0  0 
1441631839  0  0  0  0  0  0  0  0  0  3784425  0  0  0  0  0  0  0  0  0  21  0  0  0  0  0  46  0  0  0  0  0  0  0 
1441631839  0  0  0  0  0  0  0  0  0  3784425  0  0  0  0  0  0  0  0  0  21  0  0  0  0  0  46  0  0  0  0  0  0  0 
1441631840  0  0  0  0  0  0  0  0  0  3784425  0  0  0  0  0  0  0  0  0  21  0  0  0  0  0  46  0  0  0  0  0  0  0 
1441631840  0  0  0  0  0  0  0  0  0  3784425  0  0  0  0  0  0  0  0  0  21  0  0  0  0  0  46  0  0  0  0  0  0  0 
1441631841  0  0  0  0  0  0  0  0  0  3784425  0  0  0  0  0  0  0  0  0  21  0  0  0  0  0  46  0  0  0  0  0  0  0 
1441631841  0  0  0  0  0  0  0  0  0  3784425  0  0  0  0  0  0  0  0  0  21  0  0  0  0  0  46  0  0  0  0  0  0  0 
1441631842  0  0  0  0  0  0  0  0  0  3784425  0  0  0  0  0  0  0  0  0  21  0  0  0  0  0  46  0  0  0  0  0  0  0 
1441631842  0  0  0  0  0  0  0  0  0  3784425  0  0  0  0  0  0  0  0  0  21  0  0  0  0  0  46  0  0  0  0  0  0  0 
1441631843  0  0  0  0  0  0  0  0  0  3784425  0  0  0  0  0  0  0  0  0  21  0  0  0  0  0  46  0  0  0  0  0  0  0 
1441631843  0  0  0  0  0  0  0  0  0  3784425  0  0  0  0  0  0  0  0  0  21  0  0  0  0  0  46  0  0  0  0  0  0  0 
1441631844  0  0  0  0  0  0  0  0  0  3784425  0  0  0  0  0  0  0  0  0  21  0  0  0  0  0  46  0  0  0  0  0  0  0 
1441631844  0  0  0  0  0  0  0  0  0  3784425  0  0  0  0  0  0  0  0  0  21  0  0  0  0  0  46  0  0  0  0  0  0  0 
1441631845  0  0  0  0  0  0  0  0  0  3784425  0  0  0  0  0  0  0  0  0  21  0  0  0  0  0  46  0  0  0  0  0  0  0 
1441631845  0  0  0  0  0  0  0  0  0  3784425  0  0  0  0  0  0  0  0  0  21  0  0  0  0  0  46  0  0  0  0  0  0  0 
1441631846  0  0  0  0  0  0  0  0  0  3784425  0  0  0  0  0  0  0  0  0  21  0  0  0  0  0  46  0  0  0  0  0  0  0 
1441631846  0  0  0  0  0  0  0  0  0  3784425  0  0  0  0  0  0  0  0  0  21  0  0  0  0  0  46  0  0  0  0  0  0  0 
1441631847  0  0  0  0  0  0  0  0  0  3784425  0  0  0  0  0  0  0  0  0  21  0  0  0  0  0  46  0  0  0  0  0  0  0 
1441631847  0  0  0  0  0  0  0  0  0  3784425  0  0  0  0  0  0  0  0  0  21  0  0  0  0  0  46  0  0  0  0  0  0  0 
1441631848  0  0  0  0  0  0  0  0  0  3784425  0  0  0  0  0  0  0  0  0  21  0  0  0  0  0  46  0  0  0  0  0  0  0 
1441631848  0  0  0  0  0  0  0  0  0  3784425  0  0  0  0  0  0  0  0  0  21  0  0  0  0  0  46  0  0  0  0  0  0  0 
1441631849  0  0  0  0  0  0  0  0  0  3784425  0  0  0  0  0  0  0  0  0  21  0  0  0  0  0  46  0  0  0  0  0  0  0 
1441631849  0  0  0  0  0  0  0  0  0  3784425  0  0  0  0  0  0  0  0  0  21  0  0  0  0  0  46  0  0  0  0  0  0  0 
1441631850  0  0  0  0  0  0  0  0  0  3784425  0  0  0  0  0  0  0  0  0  21  0  0  0  0  0  46  0  0  0  0  0  0  0 
1441631850  0  0  0  0  0  0  0  0  0  3784425  0  0  0  0  0  0  0  0  0  21  0  0  0  0  0  46  0  0  0  0  0  0  0 
1441631851  0  0  0  0  0  0  0  0  0  3784425  0  0  0  0  0  0  0  0  0  21  0  0  0  0  0  46  0  0  0  0  0  0  0 
1441631851  0  0  0  0  0  0  0  0  0  3784425  0  0  0  0  0  0  0  0  0  21  0  0  0  0  0  46  0  0  0  0  0  0  0 
1441631852  0  0  0  0  0  0  0  0  0  3784425  0  0  0  0  0  0  0  0  0  21  0  0  0  0  0  46  0  0  0  0  0  0  0 
1441631852  0  0  0  0  0  0  0  0  0  3784425  0  0  0  0  0  0  0  0  0  21  0  0  0  0  0  46  0  0  0  0  0  0  0 
1441631853  0  0  0  0  0  0  0  0  0  3784425  0  0  0  0  0  0  0  0  0  21  0  0  0  0  0  46  0  0  0  0  0  0  0 
1441631853  0  0  0  0  0  0  0  0  0  3784425  0  0  0  0  0  0  0  0  0  21  0  0  0  0  0  46  0  0  0  0  0  0  0 
1441631854  0  0  0  0  0  0  0  0  0  3784425  0  0  0  0  0  0  0  0  0  21  0  0  0  0  0  46  0  0  0  0  0  0  0 
1441631854  0  0  0  0  0  0  0  0  0  3784425  0  0  0  0  0  0  0  0  0  21  0  0  0  0  0  46  0  0  0  0  0  0  0 
1441631855  0  0  0  0  0  0  0  0  0  3784425  0  0  0  0  0  0  0  0  0  21  0  0  0  0  0  46  0  0  0  0  0  0  0 
1441631855  0  0  0  0  0  0  0  0  0  3784425  0  0  0  0  0  0  0  0  0  21  0  0  0  0  0  46  0  0  0  0  0  0  0 
1441631856  0  0  0  0  0  0  0  0  0  3784425  0  0  0  0  0  0  0  0  0  21  0  0  0  0  0  46  0  0  0  0  0  0  0 
1441631856  0  0  0  0  0  0  0  0  0  3784425  0  0  0  0  0  0  0  0  0  21  0  0  0  0  0  46  0  0  0  0  0  0  0 
1441631857  0  0  0  0  0  0  0  0  0  3784425  0  0  0  0  0  0  0  0  0  21  0  0  0  0  0  46  0  0  0  0  0  0  0 
1441631857  0  0  0  0  0  0  0  0  0  3784425  0  0  0  0  0  0  0  0  0  21  0  0  0  0  0  46  0  0  0  0  0  0  0 
1441631858  0  0  0  0  0  0  0  0  0  3784425  0  0  0  0  0  0  0  0  0  21  0  0  0  0  0  46  0  0  0  0  0  0  0 
1441631858  0  0  0  0  0  0  0  0  0  3784425  0  0  0  0  0  0  0  0  0  21  0  0  0  0  0  46  0  0  0  0  0  0  0 
1441631859  0  0  0  0  0  0  0  0  0  3784425  0  0  0  0  0  0  0  0  0  21  0  0  0  0  0  46  0  0  0  0  0  0  0 
1441631859  0  0  0  0  0  0  0  0  0  3784425  0  0  0  0  0  0  0  0  0  21  0  0  0  0  0  46  0  0  0  0  0  0  0 
1441631860  0  0  0  0  0  0  0  0  0  3784425  0  0  0  0  0  0  0  0  0  21  0  0  0  0  0  46  0  0  0  0  0  0  0 
1441631860  0  0  0  0  0  0  0  0  0  3784425  0  0  0  0  0  0  0  0  0  21  0  0  0  0  0  46  0  0  0  0  0  0  0 
1441631861  0  0  0  0  0  0  0  0  0  3784425  0  0  0  0  0  0  0  0  0  21  0  0  0  0  0  46  0  0  0  0  0  0  0 
1441631861  0  0  0  0  0  0  0  0  0  3784425  0  0  0  0  0  0  0  0  0  21  0  0  0  0  0  46  0  0  0  0  0  0  0 
1441631862  0  0  0  0  0  0  0  0  0  3784425  0  0  0  0  0  0  0  0  0  21  0  0  0  0  0  46  0  0  0  0  0  0  0 
1441631862  0  0  0  0  0  0  0  0  0  3784425  0  0  0  0  0  0  0  0  0  21  0  0  0  0  0  46  0  0  0  0  0  0  0 
1441631863  0  0  0  0  0  0  0  0  0  3784425  0  0  0  0  0  0  0  0  0  21  0  0  0  0  0  46  0  0  0  0  0  0  0 
1441631863  0  0  0  0  0  0  0  0  0  3784425  0  0  0  0  0  0  0  0  0  21  0  0  0  0  0  46  0  0  0  0  0  0  0 
1441631864  0  0  0  0  0  0  0  0  0  3784425  0  0  0  0  0  0  0  0  0  21  0  0  0  0  0  46  0  0  0  0  0  0  0 
1441631864  0  0  0  0  0  0  0  0  0  3784425  0  0  0  0  0  0  0  0  0  21  0  0  0  0  0  46  0  0  0  0  0  0  0 
1441631865  0  0  0  0  0  0  0  0  0  3784425  0  0  0  0  0  0  0  0  0  21  0  0  0  0  0  46  0  0  0  0  0  0  0 
1441631865  0  0  0  0  0  0  0  0  0  3784425  0  0  0  0  0  0  0  0  0  21  0  0  0  0  0  46  0  0  0  0  0  0  0 
1441631866  0  0  0  0  0  0  0  0  0  3784425  0  0  0  0  0  0  0  0  0  21  0  0  0  0  0  46  0  0  0  0  0  0  0 
1441631866  0  0  0  0  0  0  0  0  0  3784425  0  0  0  0  0  0  0  0  0  21  0  0  0  0  0  46  0  0  0  0  0  0  0 
1441631867  0  0  0  0  0  0  0  0  0  3784425  0  0  0  0  0  0  0  0  0  21  0  0  0  0  0  46  0  0  0  0  0  0  0 
1441631867  0  0  0  0  0  0  0  0  0  3784425  0  0  0  0  0  0  0  0  0  21  0  0  0  0  0  46  0  0  0  0  0  0  0 
1441631868  0  0  0  0  0  0  0  0  0  3784425  0  0  0  0  0  0  0  0  0  21  0  0  0  0  0  46  0  0  0  0  0  0  0 
1441631869  0  0  0  0  0  0  0  0  0  3784425  0  0  0  0  0  0  0  0  0  21  0  0  0  0  0  46  0  0  0  0  0  0  0 
1441631869  0  0  0  0  0  0  0  0  0  3784425  0  0  0  0  0  0  0  0  0  21  0  0  0  0  0  46  0  0  0  0  0  0  0 
1441631870  0  0  0  0  0  0  0  0  0  3784425  0  0  0  0  0  0  0  0  0  21  0  0  0  0  0  46  0  0  0  0  0  0  0 
1441631870  0  0  0  0  0  0  0  0  0  3784425  0  0  0  0  0  0  0  0  0  21  0  0  0  0  0  46  0  0  0  0  0  0  0 
1441631871  0  0  0  0  0  0  0  0  0  3784425  0  0  0  0  0  0  0  0  0  21  0  0  0  0  0  46  0  0  0  0  0  0  0 
1441631871  0  0  0  0  0  0  0  0  0  3784425  0  0  0  0  0  0  0  0  0  21  0  0  0  0  0  46  0  0  0  0  0  0  0 
1441631872  0  0  0  0  0  0  0  0  0  3784425  0  0  0  0  0  0  0  0  0  21  0  0  0  0  0  46  0  0  0  0  0  0  0 
1441631872  0  0  0  0  0  0  0  0  0  3784425  0  0  0  0  0  0  0  0  0  21  0  0  0  0  0  46  0  0  0  0  0  0  0 
1441631873  0  0  0  0  0  0  0  0  0  3784425  0  0  0  0  0  0  0  0  0  21  0  0  0  0  0  46  0  0  0  0  0  0  0 
1441631873  0  0  0  0  0  0  0  0  0  3784425  0  0  0  0  0  0  0  0  0  21  0  0  0  0  0  46  0  0  0  0  0  0  0 
1441631874  0  0  0  0  0  0  0  0  0  3784425  0  0  0  0  0  0  0  0  0  21  0  0  0  0  0  46  0  0  0  0  0  0  0 
1441631874  0  0  0  0  0  0  0  0  0  3784425  0  0  0  0  0  0  0  0  0  21  0  0  0  0  0  46  0  0  0  0  0  0  0 
1441631875  0  0  0  0  0  0  0  0  0  3784425  0  0  0  0  0  0  0  0  0  21  0  0  0  0  0  46  0  0  0  0  0  0  0 
1441631875  0  0  0  0  0  0  0  0  0  3784425  0  0  0  0  0  0  0  0  0  21  0  0  0  0  0  46  0  0  0  0  0  0  0 
1441631876  0  0  0  0  0  0  0  0  0  3784425  0  0  0  0  0  0  0  0  0  21  0  0  0  0  0  46  0  0  0  0  0  0  0 
1441631876  0  0  0  0  0  0  0  0  0  3784425  0  0  0  0  0  0  0  0  0  21  0  0  0  0  0  46  0  0  0  0  0  0  0 
1441631877  0  0  0  0  0  0  0  0  0  3784425  0  0  0  0  0  0  0  0  0  21  0  0  0  0  0  46  0  0  0  0  0  0  0 
1441631877  0  0  0  0  0  0  0  0  0  3784425  0  0  0  0  0  0  0  0  0  21  0  0  0  0  0  46  0  0  0  0  0  0  0 
1441631878  0  0  0  0  0  0  0  0  0  3784425  0  0  0  0  0  0  0  0  0  21  0  0  0  0  0  46  0  0  0  0  0  0  0 
1441631878  0  0  0  0  0  0  0  0  0  3784425  0  0  0  0  0  0  0  0  0  21  0  0  0  0  0  46  0  0  0  0  0  0  0 
1441631879  0  0  0  0  0  0  0  0  0  3784425  0  0  0  0  0  0  0  0  0  21  0  0  0  0  0  46  0  0  0  0  0  0  0 
1441631879  0  0  0  0  0  0  0  0  0  3784425  0  0  0  0  0  0  0  0  0  21  0  0  0  0  0  46  0  0  0  0  0  0  0 
1441631880  0  0  0  0  0  0  0  0  0  3784425  0  0  0  0  0  0  0  0  0  21  0  0  0  0  0  46  0  0  0  0  0  0  0 
1441631880  0  0  0  0  0  0  0  0  0  3784425  0  0  0  0  0  0  0  0  0  21  0  0  0  0  0  46  0  0  0  0  0  0  0 
1441631881  0  0  0  0  0  0  0  0  0  3784425  0  0  0  0  0  0  0  0  0  21  0  0  0  0  0  46  0  0  0  0  0  0  0 
1441631881  0  0  0  0  0  0  0  0  0  3784425  0  0  0  0  0  0  0  0  0  21  0  0  0  0  0  46  0  0  0  0  0  0  0 
1441631882  0  0  0  0  0  0  0  0  0  3784425  0  0  0  0  0  0  0  0  0  21  0  0  0  0  0  46  0  0  0  0  0  0  0 
1441631882  0  0  0  0  0  0  0  0  0  3784425  0  0  0  0  0  0  0  0  0  21  0  0  0  0  0  46  0  0  0  0  0  0  0 
1441631883  0  0  0  0  0  0  0  0  0  3784425  0  0  0  0  0  0  0  0  0  21  0  0  0  0  0  46  0  0  0  0  0  0  0 
1441631883  0  0  0  0  0  0  0  0  0  3784425  0  0  0  0  0  0  0  0  0  21  0  0  0  0  0  46  0  0  0  0  0  0  0 
1441631884  0  0  0  0  0  0  0  0  0  3784425  0  0  0  0  0  0  0  0  0  21  0  0  0  0  0  46  0  0  0  0  0  0  0 
1441631884  0  0  0  0  0  0  0  0  0  3784425  0  0  0  0  0  0  0  0  0  21  0  0  0  0  0  46  0  0  0  0  0  0  0 
1441631885  0  0  0  0  0  0  0  0  0  3784425  0  0  0  0  0  0  0  0  0  21  0  0  0  0  0  46  0  0  0  0  0  0  0 
1441631885  0  0  0  0  0  0  0  0  0  3791352  0  0  0  0  0  0  0  0  0  21  0  0  0  0  0  47  0  6927  0  0  0  0  0 
1441631886  0  0  0  0  0  0  0  0  0  3791352  0  0  0  0  0  0  0  0  0  21  0  0  0  0  0  47  0  0  0  0  0  0  0 
1441631886  0  0  0  0  0  0  0  0  0  3791352  0  0  0  0  0  0  0  0  0  21  0  0  0  0  0  47  0  0  0  0  0  0  0 
1441631887  0  0  0  0  0  0  0  0  0  3791352  0  0  0  0  0  0  0  0  0  21  0  0  0  0  0  47  0  0  0  0  0  0  0 
1441631887  0  0  0  0  0  0  0  0  0  3791352  0  0  0  0  0  0  0  0  0  21  0  0  0  0  0  47  0  0  0  0  0  0  0 
1441631888  0  0  0  0  0  0  0  0  0  3791352  0  0  0  0  0  0  0  0  0  21  0  0  0  0  0  47  0  0  0  0  0  0  0 
1441631888  0  0  0  0  0  0  0  0  0  3791352  0  0  0  0  0  0  0  0  0  21  0  0  0  0  0  47  0  0  0  0  0  0  0 
1441631889  0  0  0  0  0  0  0  0  0  3791352  0  0  0  0  0  0  0  0  0  21  0  0  0  0  0  47  0  0  0  0  0  0  0 
1441631889  0  0  0  0  0  0  0  0  0  3791352  0  0  0  0  0  0  0  0  0  21  0  0  0  0  0  47  0  0  0  0  0  0  0 
1441631890  0  0  0  0  0  0  0  0  0  3791352  0  0  0  0  0  0  0  0  0  21  0  0  0  0  0  47  0  0  0  0  0  0  0 
1441631890  0  0  0  0  0  0  0  0  0  3791352  0  0  0  0  0  0  0  0  0  21  0  0  0  0  0  47  0  0  0  0  0  0  0 
1441631891  0  0  0  0  0  0  0  0  0  3791352  0  0  0  0  0  0  0  0  0  21  0  0  0  0  0  47  0  0  0  0  0  0  0 
1441631891  0  0  0  0  0  0  0  0  0  3791352  0  0  0  0  0  0  0  0  0  21  0  0  0  0  0  47  0  0  0  0  0  0  0 
1441631892  0  0  0  0  0  0  0  0  0  3791352  0  0  0  0  0  0  0  0  0  21  0  0  0  0  0  47  0  0  0  0  0  0  0 
1441631892  0  0  0  0  0  0  0  0  0  3791352  0  0  0  0  0  0  0  0  0  21  0  0  0  0  0  47  0  0  0  0  0  0  0 
1441631893  0  0  0  0  0  0  0  0  0  3791352  0  0  0  0  0  0  0  0  0  21  0  0  0  0  0  47  0  0  0  0  0  0  0 
1441631893  0  0  0  0  0  0  0  0  0  3791352  0  0  0  0  0  0  0  0  0  21  0  0  0  0  0  47  0  0  0  0  0  0  0 
1441631894  0  0  0  0  0  0  0  0  0  3791352  0  0  0  0  0  0  0  0  0  21  0  0  0  0  0  47  0  0  0  0  0  0  0 
1441631894  0  0  0  0  0  0  0  0  0  3791352  0  0  0  0  0  0  0  0  0  21  0  0  0  0  0  47  0  0  0  0  0  0  0 
1441631895  0  0  0  0  0  0  0  0  0  3791352  0  0  0  0  0  0  0  0  0  21  0  0  0  0  0  47  0  0  0  0  0  0  0 
1441631895  0  0  0  0  0  0  0  0  0  3793835  0  0  0  0  0  0  0  0  0  21  0  0  0  0  0  48  0  2483  0  0  0  0  0 
1441631896  0  0  0  0  0  0  0  0  0  3793835  0  0  0  0  0  0  0  0  0  21  0  0  0  0  0  48  0  0  0  0  0  0  0 
1441631896  0  0  0  0  0  0  0  0  0  3793835  0  0  0  0  0  0  0  0  0  21  0  0  0  0  0  48  0  0  0  0  0  0  0 
1441631897  0  0  0  0  0  0  0  0  0  3793835  0  0  0  0  0  0  0  0  0  21  0  0  0  0  0  48  0  0  0  0  0  0  0 
1441631897  0  0  0  0  0  0  0  0  0  3793835  0  0  0  0  0  0  0  0  0  21  0  0  0  0  0  48  0  0  0  0  0  0  0 
1441631898  0  0  0  0  0  0  0  0  0  3793835  0  0  0  0  0  0  0  0  0  21  0  0  0  0  0  48  0  0  0  0  0  0  0 
1441631898  0  0  0  0  0  0  0  0  0  3793835  0  0  0  0  0  0  0  0  0  21  0  0  0  0  0  48  0  0  0  0  0  0  0 
1441631899  0  0  0  0  0  0  0  0  0  3793835  0  0  0  0  0  0  0  0  0  21  0  0  0  0  0  48  0  0  0  0  0  0  0 
1441631899  0  0  0  0  0  0  0  0  0  3793835  0  0  0  0  0  0  0  0  0  21  0  0  0  0  0  48  0  0  0  0  0  0  0 
1441631900  0  0  0  0  0  0  0  0  0  3793835  0  0  0  0  0  0  0  0  0  21  0  0  0  0  0  48  0  0  0  0  0  0  0 
1441631900  0  0  0  0  0  0  0  0  0  3793835  0  0  0  0  0  0  0  0  0  21  0  0  0  0  0  48  0  0  0  0  0  0  0 
1441631901  0  0  0  0  0  0  0  0  0  3793835  0  0  0  0  0  0  0  0  0  21  0  0  0  0  0  48  0  0  0  0  0  0  0 
1441631901  0  0  0  0  0  0  0  0  0  3793835  0  0  0  0  0  0  0  0  0  21  0  0  0  0  0  48  0  0  0  0  0  0  0 
1441631902  0  0  0  0  0  0  0  0  0  3793835  0  0  0  0  0  0  0  0  0  21  0  0  0  0  0  48  0  0  0  0  0  0  0 
1441631902  0  0  0  0  0  0  0  0  0  3793835  0  0  0  0  0  0  0  0  0  21  0  0  0  0  0  48  0  0  0  0  0  0  0 
1441631903  0  0  0  0  0  0  0  0  0  3793835  0  0  0  0  0  0  0  0  0  21  0  0  0  0  0  48  0  0  0  0  0  0  0 
1441631903  0  0  0  0  0  0  0  0  0  3793835  0  0  0  0  0  0  0  0  0  21  0  0  0  0  0  48  0  0  0  0  0  0  0 
1441631904  0  0  0  0  0  0  0  0  0  3793835  0  0  0  0  0  0  0  0  0  21  0  0  0  0  0  48  0  0  0  0  0  0  0 
1441631904  0  0  0  0  0  0  0  0  0  3793835  0  0  0  0  0  0  0  0  0  21  0  0  0  0  0  48  0  0  0  0  0  0  0 
1441631905  0  0  0  0  0  0  0  0  0  3796457  0  0  0  0  0  0  0  0  0  21  0  0  0  0  0  49  0  2622  0  0  0  0  0 
1441631905  0  0  0  0  0  0  0  0  0  3796457  0  0  0  0  0  0  0  0  0  21  0  0  0  0  0  49  0  0  0  0  0  0  0 
1441631906  0  0  0  0  0  0  0  0  0  3796457  0  0  0  0  0  0  0  0  0  21  0  0  0  0  0  49  0  0  0  0  0  0  0 
1441631906  0  0  0  0  0  0  0  0  0  3796457  0  0  0  0  0  0  0  0  0  21  0  0  0  0  0  49  0  0  0  0  0  0  0 
1441631907  0  0  0  0  0  0  0  0  0  3796457  0  0  0  0  0  0  0  0  0  21  0  0  0  0  0  49  0  0  0  0  0  0  0 
1441631907  0  0  0  0  0  0  0  0  0  3796457  0  0  0  0  0  0  0  0  0  21  0  0  0  0  0  49  0  0  0  0  0  0  0 
1441631908  0  0  0  0  0  0  0  0  0  3796457  0  0  0  0  0  0  0  0  0  21  0  0  0  0  0  49  0  0  0  0  0  0  0 
1441631908  0  0  0  0  0  0  0  0  0  3796457  0  0  0  0  0  0  0  0  0  21  0  0  0  0  0  49  0  0  0  0  0  0  0 
1441631909  0  0  0  0  0  0  0  0  0  3796457  0  0  0  0  0  0  0  0  0  21  0  0  0  0  0  49  0  0  0  0  0  0  0 
1441631910  0  0  0  0  0  0  0  0  0  3796457  0  0  0  0  0  0  0  0  0  21  0  0  0  0  0  49  0  0  0  0  0  0  0 
1441631910  0  0  0  0  0  0  0  0  0  3796457  0  0  0  0  0  0  0  0  0  21  0  0  0  0  0  49  0  0  0  0  0  0  0 
1441631911  0  0  0  0  0  0  0  0  0  3796457  0  0  0  0  0  0  0  0  0  21  0  0  0  0  0  49  0  0  0  0  0  0  0 
1441631911  0  0  0  0  0  0  0  0  0  3796457  0  0  0  0  0  0  0  0  0  21  0  0  0  0  0  49  0  0  0  0  0  0  0 
1441631912  0  0  0  0  0  0  0  0  0  3796457  0  0  0  0  0  0  0  0  0  21  0  0  0  0  0  49  0  0  0  0  0  0  0 
1441631912  0  0  0  0  0  0  0  0  0  3796457  0  0  0  0  0  0  0  0  0  21  0  0  0  0  0  49  0  0  0  0  0  0  0 
1441631913  0  0  0  0  0  0  0  0  0  3796457  0  0  0  0  0  0  0  0  0  21  0  0  0  0  0  49  0  0  0  0  0  0  0 
1441631913  0  0  0  0  0  0  0  0  0  3796457  0  0  0  0  0  0  0  0  0  21  0  0  0  0  0  49  0  0  0  0  0  0  0 
1441631914  0  0  0  0  0  0  0  0  0  3796457  0  0  0  0  0  0  0  0  0  21  0  0  0  0  0  49  0  0  0  0  0  0  0 
1441631914  0  0  0  0  0  0  0  0  0  3796457  0  0  0  0  0  0  0  0  0  21  0  0  0  0  0  49  0  0  0  0  0  0  0 
1441631915  0  0  0  0  0  0  0  0  0  3796457  0  0  0  0  0  0  0  0  0  21  0  0  0  0  0  49  0  0  0  0  0  0  0 
1441631915  0  0  0  0  0  0  0  0  0  3799209  0  0  0  0  0  0  0  0  0  21  0  0  0  0  0  50  0  2752  0  0  0  0  0 
1441631916  0  0  0  0  0  0  0  0  0  3799209  0  0  0  0  0  0  0  0  0  21  0  0  0  0  0  50  0  0  0  0  0  0  0 
1441631916  0  0  0  0  0  0  0  0  0  3799209  0  0  0  0  0  0  0  0  0  21  0  0  0  0  0  50  0  0  0  0  0  0  0 
1441631917  0  0  0  0  0  0  0  0  0  3799209  0  0  0  0  0  0  0  0  0  21  0  0  0  0  0  50  0  0  0  0  0  0  0 
1441631917  0  0  0  0  0  0  0  0  0  3799209  0  0  0  0  0  0  0  0  0  21  0  0  0  0  0  50  0  0  0  0  0  0  0 
1441631918  0  0  0  0  0  0  0  0  0  3799209  0  0  0  0  0  0  0  0  0  21  0  0  0  0  0  50  0  0  0  0  0  0  0 
1441631918  0  0  0  0  0  0  0  0  0  3799209  0  0  0  0  0  0  0  0  0  21  0  0  0  0  0  50  0  0  0  0  0  0  0 
1441631919  0  0  0  0  0  0  0  0  0  3799209  0  0  0  0  0  0  0  0  0  21  0  0  0  0  0  50  0  0  0  0  0  0  0 
1441631919  0  0  0  0  0  0  0  0  0  3799209  0  0  0  0  0  0  0  0  0  21  0  0  0  0  0  50  0  0  0  0  0  0  0 
1441631920  0  0  0  0  0  0  0  0  0  3799209  0  0  0  0  0  0  0  0  0  21  0  0  0  0  0  50  0  0  0  0  0  0  0 
1441631920  0  0  0  0  0  0  0  0  0  3799209  0  0  0  0  0  0  0  0  0  21  0  0  0  0  0  50  0  0  0  0  0  0  0 
1441631921  0  0  0  0  0  0  0  0  0  3799209  0  0  0  0  0  0  0  0  0  21  0  0  0  0  0  50  0  0  0  0  0  0  0 
1441631921  0  0  0  0  0  0  0  0  0  3799209  0  0  0  0  0  0  0  0  0  21  0  0  0  0  0  50  0  0  0  0  0  0  0 
1441631922  0  0  0  0  0  0  0  0  0  3799209  0  0  0  0  0  0  0  0  0  21  0  0  0  0  0  50  0  0  0  0  0  0  0 
1441631922  0  0  0  0  0  0  0  0  0  3799209  0  0  0  0  0  0  0  0  0  21  0  0  0  0  0  50  0  0  0  0  0  0  0 
1441631923  0  0  0  0  0  0  0  0  0  3799209  0  0  0  0  0  0  0  0  0  21  0  0  0  0  0  50  0  0  0  0  0  0  0 
1441631923  0  0  0  0  0  0  0  0  0  3799209  0  0  0  0  0  0  0  0  0  21  0  0  0  0  0  50  0  0  0  0  0  0  0 
1441631924  0  0  0  0  0  0  0  0  0  3799209  0  0  0  0  0  0  0  0  0  21  0  0  0  0  0  50  0  0  0  0  0  0  0 
1441631924  0  0  0  0  0  0  0  0  0  3799209  0  0  0  0  0  0  0  0  0  21  0  0  0  0  0  50  0  0  0  0  0  0  0 
1441631925  0  0  0  0  0  0  0  0  0  3799209  0  0  0  0  0  0  0  0  0  21  0  0  0  0  0  50  0  0  0  0  0  0  0 
1441631925  0  0  0  0  0  0  0  0  0  3801659  0  0  0  0  0  0  0  0  0  21  0  0  0  0  0  51  0  2450  0  0  0  0  0 
1441631926  0  0  0  0  0  0  0  0  0  3801659  0  0  0  0  0  0  0  0  0  21  0  0  0  0  0  51  0  0  0  0  0  0  0 
1441631926  0  0  0  0  0  0  0  0  0  3801659  0  0  0  0  0  0  0  0  0  21  0  0  0  0  0  51  0  0  0  0  0  0  0 
1441631927  0  0  0  0  0  0  0  0  0  3801659  0  0  0  0  0  0  0  0  0  21  0  0  0  0  0  51  0  0  0  0  0  0  0 
1441631927  0  0  0  0  0  0  0  0  0  3801659  0  0  0  0  0  0  0  0  0  21  0  0  0  0  0  51  0  0  0  0  0  0  0 
1441631928  0  0  0  0  0  0  0  0  0  3801659  0  0  0  0  0  0  0  0  0  21  0  0  0  0  0  51  0  0  0  0  0  0  0 
1441631928  0  0  0  0  0  0  0  0  0  3801659  0  0  0  0  0  0  0  0  0  21  0  0  0  0  0  51  0  0  0  0  0  0  0 
1441631929  0  0  0  0  0  0  0  0  0  3801659  0  0  0  0  0  0  0  0  0  21  0  0  0  0  0  51  0  0  0  0  0  0  0 
1441631929  0  0  0  0  0  0  0  0  0  3801659  0  0  0  0  0  0  0  0  0  21  0  0  0  0  0  51  0  0  0  0  0  0  0 
1441631930  0  0  0  0  0  0  0  0  0  3801659  0  0  0  0  0  0  0  0  0  21  0  0  0  0  0  51  0  0  0  0  0  0  0 
1441631930  0  0  0  0  0  0  0  0  0  3801659  0  0  0  0  0  0  0  0  0  21  0  0  0  0  0  51  0  0  0  0  0  0  0 
1441631931  0  0  0  0  0  0  0  0  0  3801659  0  0  0  0  0  0  0  0  0  21  0  0  0  0  0  51  0  0  0  0  0  0  0 
1441631931  0  0  0  0  0  0  0  0  0  3801659  0  0  0  0  0  0  0  0  0  21  0  0  0  0  0  51  0  0  0  0  0  0  0 
1441631932  0  0  0  0  0  0  0  0  0  3801659  0  0  0  0  0  0  0  0  0  21  0  0  0  0  0  51  0  0  0  0  0  0  0 
1441631932  0  0  0  0  0  0  0  0  0  3801659  0  0  0  0  0  0  0  0  0  21  0  0  0  0  0  51  0  0  0  0  0  0  0 
1441631933  0  0  0  0  0  0  0  0  0  3801659  0  0  0  0  0  0  0  0  0  21  0  0  0  0  0  51  0  0  0  0  0  0  0 
1441631933  0  0  0  0  0  0  0  0  0  3801659  0  0  0  0  0  0  0  0  0  21  0  0  0  0  0  51  0  0  0  0  0  0  0 
1441631934  0  0  0  0  0  0  0  0  0  3801659  0  0  0  0  0  0  0  0  0  21  0  0  0  0  0  51  0  0  0  0  0  0  0 
1441631934  0  0  0  0  0  0  0  0  0  3801659  0  0  0  0  0  0  0  0  0  21  0  0  0  0  0  51  0  0  0  0  0  0  0 
1441631935  0  0  0  0  0  0  0  0  0  3821066  0  0  0  0  0  0  0  0  0  21  0  0  0  0  0  51  0  19407  0  0  0  0  0 
1441631935  0  0  0  0  0  0  0  0  0  3821066  0  0  0  0  0  0  0  0  0  21  0  0  0  0  0  51  0  0  0  0  0  0  0 
1441631936  0  0  0  0  0  0  0  0  0  3873253  0  0  0  0  0  0  0  0  0  25  0  0  0  0  0  64  0  52187  0  0  0  0  0 
1441631936  0  0  0  0  0  0  0  0  0  3877454  0  0  0  0  0  0  0  0  0  25  0  0  0  0  0  64  0  4201  0  0  0  0  0 
