#Type:X;CI:1;ww:0;ca:0;co:1;fr:0;Type:X;CI:1;PI:0;PT:EP;U0:0;U1:0;Type:X;CI:1;PI:1;PT:EP;U0:0;U1:0;
#time  Pp  gt  gs  cn  cm  cb  Nc  Pc  cp  Tc  Nm  pr  ps  pt  px  pd  Pm  Om  fs  ft  Oc  Em  Gp  Ec  Ge  ot  os  Total_cycles_diff  Successful_get_diff  Total_get_diff  succ_put_diff  total_put_diff  get_hit  
1441631470  0  0  0  0  0  0  0  0  0  85109  0  0  0  0  0  0  0  0  0  0  0  0  0  0  0  0  0  85109  0  0  0  0  
1441631470  0  0  0  0  0  0  0  0  0  85109  0  0  0  0  0  0  0  0  0  0  0  0  0  0  0  0  0  0  0  0  0  0  0 
1441631471  0  0  0  0  0  0  0  0  0  85109  0  0  0  0  0  0  0  0  0  0  0  0  0  0  0  0  0  0  0  0  0  0  0 
1441631471  0  0  0  0  0  0  0  0  0  85109  0  0  0  0  0  0  0  0  0  0  0  0  0  0  0  0  0  0  0  0  0  0  0 
1441631472  0  0  0  0  0  0  0  0  0  85109  0  0  0  0  0  0  0  0  0  0  0  0  0  0  0  0  0  0  0  0  0  0  0 
1441631472  0  0  0  0  0  0  0  0  0  85109  0  0  0  0  0  0  0  0  0  0  0  0  0  0  0  0  0  0  0  0  0  0  0 
1441631473  0  0  0  0  0  0  0  0  0  85109  0  0  0  0  0  0  0  0  0  0  0  0  0  0  0  0  0  0  0  0  0  0  0 
1441631473  0  0  0  0  0  0  0  0  0  85109  0  0  0  0  0  0  0  0  0  0  0  0  0  0  0  0  0  0  0  0  0  0  0 
1441631474  0  0  0  0  0  0  0  0  0  85109  0  0  0  0  0  0  0  0  0  0  0  0  0  0  0  0  0  0  0  0  0  0  0 
1441631474  0  0  0  0  0  0  0  0  0  85109  0  0  0  0  0  0  0  0  0  0  0  0  0  0  0  0  0  0  0  0  0  0  0 
1441631475  0  0  0  0  0  0  0  0  0  85109  0  0  0  0  0  0  0  0  0  0  0  0  0  0  0  0  0  0  0  0  0  0  0 
1441631475  0  0  0  0  0  0  0  0  0  85109  0  0  0  0  0  0  0  0  0  0  0  0  0  0  0  0  0  0  0  0  0  0  0 
1441631476  0  0  0  0  0  0  0  0  0  85109  0  0  0  0  0  0  0  0  0  0  0  0  0  0  0  0  0  0  0  0  0  0  0 
1441631476  0  0  0  0  0  0  0  0  0  85109  0  0  0  0  0  0  0  0  0  0  0  0  0  0  0  0  0  0  0  0  0  0  0 
1441631477  0  0  0  0  0  0  0  0  0  85109  0  0  0  0  0  0  0  0  0  0  0  0  0  0  0  0  0  0  0  0  0  0  0 
1441631477  0  0  0  0  0  0  0  0  0  85109  0  0  0  0  0  0  0  0  0  0  0  0  0  0  0  0  0  0  0  0  0  0  0 
1441631478  0  0  0  0  0  0  0  0  0  85109  0  0  0  0  0  0  0  0  0  0  0  0  0  0  0  0  0  0  0  0  0  0  0 
1441631478  0  0  0  0  0  0  0  0  0  85109  0  0  0  0  0  0  0  0  0  0  0  0  0  0  0  0  0  0  0  0  0  0  0 
1441631479  0  0  0  0  0  0  0  0  0  85109  0  0  0  0  0  0  0  0  0  0  0  0  0  0  0  0  0  0  0  0  0  0  0 
1441631479  0  0  0  0  0  0  0  0  0  85109  0  0  0  0  0  0  0  0  0  0  0  0  0  0  0  0  0  0  0  0  0  0  0 
1441631480  0  0  0  0  0  0  0  0  0  85109  0  0  0  0  0  0  0  0  0  0  0  0  0  0  0  0  0  0  0  0  0  0  0 
1441631480  0  0  0  0  0  0  0  0  0  85109  0  0  0  0  0  0  0  0  0  0  0  0  0  0  0  0  0  0  0  0  0  0  0 
1441631481  0  0  0  0  0  0  0  0  0  85109  0  0  0  0  0  0  0  0  0  0  0  0  0  0  0  0  0  0  0  0  0  0  0 
1441631481  0  0  0  0  0  0  0  0  0  85109  0  0  0  0  0  0  0  0  0  0  0  0  0  0  0  0  0  0  0  0  0  0  0 
1441631482  0  0  0  0  0  0  0  0  0  85109  0  0  0  0  0  0  0  0  0  0  0  0  0  0  0  0  0  0  0  0  0  0  0 
1441631482  0  0  0  0  0  0  0  0  0  85109  0  0  0  0  0  0  0  0  0  0  0  0  0  0  0  0  0  0  0  0  0  0  0 
1441631483  0  0  0  0  0  0  0  0  0  85109  0  0  0  0  0  0  0  0  0  0  0  0  0  0  0  0  0  0  0  0  0  0  0 
1441631483  0  0  0  0  0  0  0  0  0  85109  0  0  0  0  0  0  0  0  0  0  0  0  0  0  0  0  0  0  0  0  0  0  0 
1441631484  0  0  0  0  0  0  0  0  0  85109  0  0  0  0  0  0  0  0  0  0  0  0  0  0  0  0  0  0  0  0  0  0  0 
1441631484  0  0  0  0  0  0  0  0  0  85109  0  0  0  0  0  0  0  0  0  0  0  0  0  0  0  0  0  0  0  0  0  0  0 
1441631485  0  0  0  0  0  0  0  0  0  85109  0  0  0  0  0  0  0  0  0  0  0  0  0  0  0  0  0  0  0  0  0  0  0 
1441631485  0  0  0  0  0  0  0  0  0  85109  0  0  0  0  0  0  0  0  0  0  0  0  0  0  0  0  0  0  0  0  0  0  0 
1441631486  0  0  0  0  0  0  0  0  0  85109  0  0  0  0  0  0  0  0  0  0  0  0  0  0  0  0  0  0  0  0  0  0  0 
1441631486  0  0  0  0  0  0  0  0  0  85109  0  0  0  0  0  0  0  0  0  0  0  0  0  0  0  0  0  0  0  0  0  0  0 
1441631487  0  0  0  0  0  0  0  0  0  85109  0  0  0  0  0  0  0  0  0  0  0  0  0  0  0  0  0  0  0  0  0  0  0 
1441631487  0  0  0  0  0  0  0  0  0  85109  0  0  0  0  0  0  0  0  0  0  0  0  0  0  0  0  0  0  0  0  0  0  0 
1441631488  0  0  0  0  0  0  0  0  0  85109  0  0  0  0  0  0  0  0  0  0  0  0  0  0  0  0  0  0  0  0  0  0  0 
1441631488  0  0  0  0  0  0  0  0  0  85109  0  0  0  0  0  0  0  0  0  0  0  0  0  0  0  0  0  0  0  0  0  0  0 
1441631489  0  0  0  0  0  0  0  0  0  85109  0  0  0  0  0  0  0  0  0  0  0  0  0  0  0  0  0  0  0  0  0  0  0 
1441631489  0  0  0  0  0  0  0  0  0  85109  0  0  0  0  0  0  0  0  0  0  0  0  0  0  0  0  0  0  0  0  0  0  0 
1441631490  0  0  0  0  0  0  0  0  0  85109  0  0  0  0  0  0  0  0  0  0  0  0  0  0  0  0  0  0  0  0  0  0  0 
1441631490  0  0  0  0  0  0  0  0  0  85109  0  0  0  0  0  0  0  0  0  0  0  0  0  0  0  0  0  0  0  0  0  0  0 
1441631491  0  0  0  0  0  0  0  0  0  85109  0  0  0  0  0  0  0  0  0  0  0  0  0  0  0  0  0  0  0  0  0  0  0 
1441631491  0  0  0  0  0  0  0  0  0  85109  0  0  0  0  0  0  0  0  0  0  0  0  0  0  0  0  0  0  0  0  0  0  0 
1441631492  0  0  0  0  0  0  0  0  0  85109  0  0  0  0  0  0  0  0  0  0  0  0  0  0  0  0  0  0  0  0  0  0  0 
1441631493  0  0  0  0  0  0  0  0  0  85109  0  0  0  0  0  0  0  0  0  0  0  0  0  0  0  0  0  0  0  0  0  0  0 
1441631493  0  0  0  0  0  0  0  0  0  85109  0  0  0  0  0  0  0  0  0  0  0  0  0  0  0  0  0  0  0  0  0  0  0 
1441631494  0  0  0  0  0  0  0  0  0  85109  0  0  0  0  0  0  0  0  0  0  0  0  0  0  0  0  0  0  0  0  0  0  0 
1441631494  0  0  0  0  0  0  0  0  0  85109  0  0  0  0  0  0  0  0  0  0  0  0  0  0  0  0  0  0  0  0  0  0  0 
1441631495  0  0  0  0  0  0  0  0  0  85109  0  0  0  0  0  0  0  0  0  0  0  0  0  0  0  0  0  0  0  0  0  0  0 
1441631495  0  0  0  0  0  0  0  0  0  85109  0  0  0  0  0  0  0  0  0  0  0  0  0  0  0  0  0  0  0  0  0  0  0 
1441631496  0  0  0  0  0  0  0  0  0  85109  0  0  0  0  0  0  0  0  0  0  0  0  0  0  0  0  0  0  0  0  0  0  0 
1441631496  0  0  0  0  0  0  0  0  0  85109  0  0  0  0  0  0  0  0  0  0  0  0  0  0  0  0  0  0  0  0  0  0  0 
1441631497  0  0  0  0  0  0  0  0  0  85109  0  0  0  0  0  0  0  0  0  0  0  0  0  0  0  0  0  0  0  0  0  0  0 
1441631497  0  0  0  0  0  0  0  0  0  85109  0  0  0  0  0  0  0  0  0  0  0  0  0  0  0  0  0  0  0  0  0  0  0 
1441631498  0  0  0  0  0  0  0  0  0  85109  0  0  0  0  0  0  0  0  0  0  0  0  0  0  0  0  0  0  0  0  0  0  0 
1441631498  0  0  0  0  0  0  0  0  0  85109  0  0  0  0  0  0  0  0  0  0  0  0  0  0  0  0  0  0  0  0  0  0  0 
1441631499  0  0  0  0  0  0  0  0  0  85109  0  0  0  0  0  0  0  0  0  0  0  0  0  0  0  0  0  0  0  0  0  0  0 
1441631499  0  0  0  0  0  0  0  0  0  85109  0  0  0  0  0  0  0  0  0  0  0  0  0  0  0  0  0  0  0  0  0  0  0 
1441631500  0  0  0  0  0  0  0  0  0  85109  0  0  0  0  0  0  0  0  0  0  0  0  0  0  0  0  0  0  0  0  0  0  0 
1441631500  0  0  0  0  0  0  0  0  0  85109  0  0  0  0  0  0  0  0  0  0  0  0  0  0  0  0  0  0  0  0  0  0  0 
1441631501  0  0  0  0  0  0  0  0  0  85109  0  0  0  0  0  0  0  0  0  0  0  0  0  0  0  0  0  0  0  0  0  0  0 
1441631501  0  0  0  0  0  0  0  0  0  85109  0  0  0  0  0  0  0  0  0  0  0  0  0  0  0  0  0  0  0  0  0  0  0 
1441631502  0  0  0  0  0  0  0  0  0  85109  0  0  0  0  0  0  0  0  0  0  0  0  0  0  0  0  0  0  0  0  0  0  0 
1441631502  0  0  0  0  0  0  0  0  0  85109  0  0  0  0  0  0  0  0  0  0  0  0  0  0  0  0  0  0  0  0  0  0  0 
1441631503  0  0  0  0  0  0  0  0  0  85109  0  0  0  0  0  0  0  0  0  0  0  0  0  0  0  0  0  0  0  0  0  0  0 
1441631503  0  0  0  0  0  0  0  0  0  85109  0  0  0  0  0  0  0  0  0  0  0  0  0  0  0  0  0  0  0  0  0  0  0 
1441631504  0  0  0  0  0  0  0  0  0  85109  0  0  0  0  0  0  0  0  0  0  0  0  0  0  0  0  0  0  0  0  0  0  0 
1441631504  0  0  0  0  0  0  0  0  0  85109  0  0  0  0  0  0  0  0  0  0  0  0  0  0  0  0  0  0  0  0  0  0  0 
1441631505  0  0  0  0  0  0  0  0  0  85109  0  0  0  0  0  0  0  0  0  0  0  0  0  0  0  0  0  0  0  0  0  0  0 
1441631505  0  0  0  0  0  0  0  0  0  85109  0  0  0  0  0  0  0  0  0  0  0  0  0  0  0  0  0  0  0  0  0  0  0 
1441631506  0  0  0  0  0  0  0  0  0  85109  0  0  0  0  0  0  0  0  0  0  0  0  0  0  0  0  0  0  0  0  0  0  0 
1441631506  0  0  0  0  0  0  0  0  0  85109  0  0  0  0  0  0  0  0  0  0  0  0  0  0  0  0  0  0  0  0  0  0  0 
1441631507  0  0  0  0  0  0  0  0  0  85109  0  0  0  0  0  0  0  0  0  0  0  0  0  0  0  0  0  0  0  0  0  0  0 
1441631507  0  0  0  0  0  0  0  0  0  85109  0  0  0  0  0  0  0  0  0  0  0  0  0  0  0  0  0  0  0  0  0  0  0 
1441631508  0  0  0  0  0  0  0  0  0  85109  0  0  0  0  0  0  0  0  0  0  0  0  0  0  0  0  0  0  0  0  0  0  0 
1441631508  0  0  0  0  0  0  0  0  0  85109  0  0  0  0  0  0  0  0  0  0  0  0  0  0  0  0  0  0  0  0  0  0  0 
1441631509  0  0  0  0  0  0  0  0  0  85109  0  0  0  0  0  0  0  0  0  0  0  0  0  0  0  0  0  0  0  0  0  0  0 
1441631509  0  0  0  0  0  0  0  0  0  85109  0  0  0  0  0  0  0  0  0  0  0  0  0  0  0  0  0  0  0  0  0  0  0 
1441631510  0  0  0  0  0  0  0  0  0  85109  0  0  0  0  0  0  0  0  0  0  0  0  0  0  0  0  0  0  0  0  0  0  0 
1441631510  0  0  0  0  0  0  0  0  0  178923  0  0  0  0  0  0  0  0  0  0  0  0  0  0  0  0  0  93814  0  0  0  0  0 
1441631511  0  0  0  0  0  0  0  0  0  263505  0  0  0  0  0  0  0  0  0  0  0  0  0  0  0  0  0  84582  0  0  0  0  0 
1441631511  0  0  0  0  0  0  0  0  0  340704  0  0  0  0  0  0  0  0  0  1  0  0  0  0  0  3  0  77199  0  0  0  0  0 
1441631512  0  0  0  0  0  0  0  0  0  407641  0  0  0  0  0  0  0  0  0  3  0  0  0  0  0  12  0  66937  0  0  0  0  0 
1441631512  0  0  0  0  0  0  0  0  0  407641  0  0  0  0  0  0  0  0  0  3  0  0  0  0  0  12  0  0  0  0  0  0  0 
1441631513  0  0  0  0  0  0  0  0  0  407641  0  0  0  0  0  0  0  0  0  3  0  0  0  0  0  12  0  0  0  0  0  0  0 
