#Type:X;CI:19;ww:0;ca:0;co:1;fr:0;Type:X;CI:19;PI:0;PT:EP;U0:0;U1:0;
#time  Pp  gt  gs  cn  cm  cb  Nc  Pc  cp  Tc  Nm  pr  ps  pt  px  pd  Pm  Om  fs  ft  Oc  Em  Gp  Ec  Ge  ot  os  Total_cycles_diff  Successful_get_diff  Total_get_diff  succ_put_diff  total_put_diff  get_hit  
1441632677  0  0  0  0  0  0  0  0  0  3406  0  0  0  0  0  0  0  0  0  0  0  0  0  0  0  0  0  3406  0  0  0  0  
1441632678  0  0  0  0  0  0  0  0  0  3406  0  0  0  0  0  0  0  0  0  0  0  0  0  0  0  0  0  0  0  0  0  0  0 
1441632678  0  0  0  0  0  0  0  0  0  765088  0  0  0  0  0  0  0  0  0  0  0  0  0  0  0  0  0  761682  0  0  0  0  0 
1441632679  0  0  0  0  0  0  0  0  0  1304448  0  0  0  0  0  0  0  0  0  0  0  0  0  0  0  0  0  539360  0  0  0  0  0 
1441632679  0  0  0  0  0  0  0  0  0  1682518  0  0  0  0  0  0  0  0  0  0  0  0  0  0  0  0  0  378070  0  0  0  0  0 
1441632680  0  0  0  0  0  0  0  0  0  1886997  0  0  0  0  0  0  0  0  0  0  0  0  0  0  0  0  0  204479  0  0  0  0  0 
1441632680  0  0  0  0  0  0  0  0  0  2239036  0  0  0  0  0  0  0  0  0  13  0  0  0  0  0  38  0  352039  0  0  0  0  0 
1441632681  0  0  0  0  0  0  0  0  0  3152407  0  0  0  0  0  0  0  0  0  15  0  0  0  0  0  41  0  913371  0  0  0  0  0 
1441632681  0  0  0  0  0  0  0  0  0  3152407  0  0  0  0  0  0  0  0  0  15  0  0  0  0  0  41  0  0  0  0  0  0  0 
1441632682  0  0  0  0  0  0  0  0  0  3876153  0  0  0  0  0  0  0  0  0  21  0  0  0  0  0  46  0  723746  0  0  0  0  0 
1441632682  0  0  0  0  0  0  0  0  0  4190623  0  0  0  0  0  0  0  0  0  21  0  0  0  0  0  46  0  314470  0  0  0  0  0 
1441632683  0  0  0  0  0  0  0  0  0  4190623  0  0  0  0  0  0  0  0  0  21  0  0  0  0  0  46  0  0  0  0  0  0  0 
1441632683  0  0  0  0  0  0  0  0  0  4190623  0  0  0  0  0  0  0  0  0  21  0  0  0  0  0  46  0  0  0  0  0  0  0 
1441632684  0  0  0  0  0  0  0  0  0  4190623  0  0  0  0  0  0  0  0  0  21  0  0  0  0  0  46  0  0  0  0  0  0  0 
1441632684  0  0  0  0  0  0  0  0  0  4190623  0  0  0  0  0  0  0  0  0  21  0  0  0  0  0  46  0  0  0  0  0  0  0 
1441632685  0  0  0  0  0  0  0  0  0  4190623  0  0  0  0  0  0  0  0  0  21  0  0  0  0  0  46  0  0  0  0  0  0  0 
1441632685  0  0  0  0  0  0  0  0  0  4190623  0  0  0  0  0  0  0  0  0  21  0  0  0  0  0  46  0  0  0  0  0  0  0 
1441632686  0  0  0  0  0  0  0  0  0  4190623  0  0  0  0  0  0  0  0  0  21  0  0  0  0  0  46  0  0  0  0  0  0  0 
1441632686  0  0  0  0  0  0  0  0  0  4190623  0  0  0  0  0  0  0  0  0  21  0  0  0  0  0  46  0  0  0  0  0  0  0 
1441632687  0  0  0  0  0  0  0  0  0  4190623  0  0  0  0  0  0  0  0  0  21  0  0  0  0  0  46  0  0  0  0  0  0  0 
1441632687  0  0  0  0  0  0  0  0  0  4190623  0  0  0  0  0  0  0  0  0  21  0  0  0  0  0  46  0  0  0  0  0  0  0 
1441632688  0  0  0  0  0  0  0  0  0  4190623  0  0  0  0  0  0  0  0  0  21  0  0  0  0  0  46  0  0  0  0  0  0  0 
1441632688  0  0  0  0  0  0  0  0  0  4190623  0  0  0  0  0  0  0  0  0  21  0  0  0  0  0  46  0  0  0  0  0  0  0 
1441632689  0  0  0  0  0  0  0  0  0  4190623  0  0  0  0  0  0  0  0  0  21  0  0  0  0  0  46  0  0  0  0  0  0  0 
1441632689  0  0  0  0  0  0  0  0  0  4190623  0  0  0  0  0  0  0  0  0  21  0  0  0  0  0  46  0  0  0  0  0  0  0 
1441632690  0  0  0  0  0  0  0  0  0  4190623  0  0  0  0  0  0  0  0  0  21  0  0  0  0  0  46  0  0  0  0  0  0  0 
1441632690  0  0  0  0  0  0  0  0  0  4190623  0  0  0  0  0  0  0  0  0  21  0  0  0  0  0  46  0  0  0  0  0  0  0 
1441632691  0  0  0  0  0  0  0  0  0  4190623  0  0  0  0  0  0  0  0  0  21  0  0  0  0  0  46  0  0  0  0  0  0  0 
1441632691  0  0  0  0  0  0  0  0  0  4190623  0  0  0  0  0  0  0  0  0  21  0  0  0  0  0  46  0  0  0  0  0  0  0 
1441632692  0  0  0  0  0  0  0  0  0  4190623  0  0  0  0  0  0  0  0  0  21  0  0  0  0  0  46  0  0  0  0  0  0  0 
1441632692  0  0  0  0  0  0  0  0  0  4190623  0  0  0  0  0  0  0  0  0  21  0  0  0  0  0  46  0  0  0  0  0  0  0 
1441632693  0  0  0  0  0  0  0  0  0  4190623  0  0  0  0  0  0  0  0  0  21  0  0  0  0  0  46  0  0  0  0  0  0  0 
1441632693  0  0  0  0  0  0  0  0  0  4190623  0  0  0  0  0  0  0  0  0  21  0  0  0  0  0  46  0  0  0  0  0  0  0 
1441632694  0  0  0  0  0  0  0  0  0  4190623  0  0  0  0  0  0  0  0  0  21  0  0  0  0  0  46  0  0  0  0  0  0  0 
1441632694  0  0  0  0  0  0  0  0  0  4190623  0  0  0  0  0  0  0  0  0  21  0  0  0  0  0  46  0  0  0  0  0  0  0 
1441632695  0  0  0  0  0  0  0  0  0  4190623  0  0  0  0  0  0  0  0  0  21  0  0  0  0  0  46  0  0  0  0  0  0  0 
1441632695  0  0  0  0  0  0  0  0  0  4190623  0  0  0  0  0  0  0  0  0  21  0  0  0  0  0  46  0  0  0  0  0  0  0 
1441632696  0  0  0  0  0  0  0  0  0  4190623  0  0  0  0  0  0  0  0  0  21  0  0  0  0  0  46  0  0  0  0  0  0  0 
1441632696  0  0  0  0  0  0  0  0  0  4190623  0  0  0  0  0  0  0  0  0  21  0  0  0  0  0  46  0  0  0  0  0  0  0 
1441632697  0  0  0  0  0  0  0  0  0  4190623  0  0  0  0  0  0  0  0  0  21  0  0  0  0  0  46  0  0  0  0  0  0  0 
1441632697  0  0  0  0  0  0  0  0  0  4190623  0  0  0  0  0  0  0  0  0  21  0  0  0  0  0  46  0  0  0  0  0  0  0 
1441632698  0  0  0  0  0  0  0  0  0  4190623  0  0  0  0  0  0  0  0  0  21  0  0  0  0  0  46  0  0  0  0  0  0  0 
1441632698  0  0  0  0  0  0  0  0  0  4190623  0  0  0  0  0  0  0  0  0  21  0  0  0  0  0  46  0  0  0  0  0  0  0 
1441632699  0  0  0  0  0  0  0  0  0  4190623  0  0  0  0  0  0  0  0  0  21  0  0  0  0  0  46  0  0  0  0  0  0  0 
1441632699  0  0  0  0  0  0  0  0  0  4190623  0  0  0  0  0  0  0  0  0  21  0  0  0  0  0  46  0  0  0  0  0  0  0 
1441632700  0  0  0  0  0  0  0  0  0  4190623  0  0  0  0  0  0  0  0  0  21  0  0  0  0  0  46  0  0  0  0  0  0  0 
1441632700  0  0  0  0  0  0  0  0  0  4190623  0  0  0  0  0  0  0  0  0  21  0  0  0  0  0  46  0  0  0  0  0  0  0 
1441632701  0  0  0  0  0  0  0  0  0  4190623  0  0  0  0  0  0  0  0  0  21  0  0  0  0  0  46  0  0  0  0  0  0  0 
1441632701  0  0  0  0  0  0  0  0  0  4190623  0  0  0  0  0  0  0  0  0  21  0  0  0  0  0  46  0  0  0  0  0  0  0 
1441632702  0  0  0  0  0  0  0  0  0  4190623  0  0  0  0  0  0  0  0  0  21  0  0  0  0  0  46  0  0  0  0  0  0  0 
1441632702  0  0  0  0  0  0  0  0  0  4190623  0  0  0  0  0  0  0  0  0  21  0  0  0  0  0  46  0  0  0  0  0  0  0 
1441632703  0  0  0  0  0  0  0  0  0  4190623  0  0  0  0  0  0  0  0  0  21  0  0  0  0  0  46  0  0  0  0  0  0  0 
1441632703  0  0  0  0  0  0  0  0  0  4190623  0  0  0  0  0  0  0  0  0  21  0  0  0  0  0  46  0  0  0  0  0  0  0 
1441632704  0  0  0  0  0  0  0  0  0  4190623  0  0  0  0  0  0  0  0  0  21  0  0  0  0  0  46  0  0  0  0  0  0  0 
1441632704  0  0  0  0  0  0  0  0  0  4190623  0  0  0  0  0  0  0  0  0  21  0  0  0  0  0  46  0  0  0  0  0  0  0 
1441632705  0  0  0  0  0  0  0  0  0  4190623  0  0  0  0  0  0  0  0  0  21  0  0  0  0  0  46  0  0  0  0  0  0  0 
1441632705  0  0  0  0  0  0  0  0  0  4190623  0  0  0  0  0  0  0  0  0  21  0  0  0  0  0  46  0  0  0  0  0  0  0 
1441632706  0  0  0  0  0  0  0  0  0  4190623  0  0  0  0  0  0  0  0  0  21  0  0  0  0  0  46  0  0  0  0  0  0  0 
1441632706  0  0  0  0  0  0  0  0  0  4190623  0  0  0  0  0  0  0  0  0  21  0  0  0  0  0  46  0  0  0  0  0  0  0 
1441632707  0  0  0  0  0  0  0  0  0  4190623  0  0  0  0  0  0  0  0  0  21  0  0  0  0  0  46  0  0  0  0  0  0  0 
1441632708  0  0  0  0  0  0  0  0  0  4190623  0  0  0  0  0  0  0  0  0  21  0  0  0  0  0  46  0  0  0  0  0  0  0 
1441632708  0  0  0  0  0  0  0  0  0  4190623  0  0  0  0  0  0  0  0  0  21  0  0  0  0  0  46  0  0  0  0  0  0  0 
1441632709  0  0  0  0  0  0  0  0  0  4190623  0  0  0  0  0  0  0  0  0  21  0  0  0  0  0  46  0  0  0  0  0  0  0 
1441632709  0  0  0  0  0  0  0  0  0  4190623  0  0  0  0  0  0  0  0  0  21  0  0  0  0  0  46  0  0  0  0  0  0  0 
1441632710  0  0  0  0  0  0  0  0  0  4190623  0  0  0  0  0  0  0  0  0  21  0  0  0  0  0  46  0  0  0  0  0  0  0 
1441632710  0  0  0  0  0  0  0  0  0  4190623  0  0  0  0  0  0  0  0  0  21  0  0  0  0  0  46  0  0  0  0  0  0  0 
1441632711  0  0  0  0  0  0  0  0  0  4190623  0  0  0  0  0  0  0  0  0  21  0  0  0  0  0  46  0  0  0  0  0  0  0 
1441632711  0  0  0  0  0  0  0  0  0  4190623  0  0  0  0  0  0  0  0  0  21  0  0  0  0  0  46  0  0  0  0  0  0  0 
1441632712  0  0  0  0  0  0  0  0  0  4190623  0  0  0  0  0  0  0  0  0  21  0  0  0  0  0  46  0  0  0  0  0  0  0 
1441632712  0  0  0  0  0  0  0  0  0  4190623  0  0  0  0  0  0  0  0  0  21  0  0  0  0  0  46  0  0  0  0  0  0  0 
1441632713  0  0  0  0  0  0  0  0  0  4190623  0  0  0  0  0  0  0  0  0  21  0  0  0  0  0  46  0  0  0  0  0  0  0 
1441632713  0  0  0  0  0  0  0  0  0  4190623  0  0  0  0  0  0  0  0  0  21  0  0  0  0  0  46  0  0  0  0  0  0  0 
1441632714  0  0  0  0  0  0  0  0  0  4190623  0  0  0  0  0  0  0  0  0  21  0  0  0  0  0  46  0  0  0  0  0  0  0 
1441632714  0  0  0  0  0  0  0  0  0  4190623  0  0  0  0  0  0  0  0  0  21  0  0  0  0  0  46  0  0  0  0  0  0  0 
1441632715  0  0  0  0  0  0  0  0  0  4190623  0  0  0  0  0  0  0  0  0  21  0  0  0  0  0  46  0  0  0  0  0  0  0 
1441632715  0  0  0  0  0  0  0  0  0  4190623  0  0  0  0  0  0  0  0  0  21  0  0  0  0  0  46  0  0  0  0  0  0  0 
1441632716  0  0  0  0  0  0  0  0  0  4190623  0  0  0  0  0  0  0  0  0  21  0  0  0  0  0  46  0  0  0  0  0  0  0 
1441632716  0  0  0  0  0  0  0  0  0  4190623  0  0  0  0  0  0  0  0  0  21  0  0  0  0  0  46  0  0  0  0  0  0  0 
1441632717  0  0  0  0  0  0  0  0  0  4190623  0  0  0  0  0  0  0  0  0  21  0  0  0  0  0  46  0  0  0  0  0  0  0 
1441632717  0  0  0  0  0  0  0  0  0  4190623  0  0  0  0  0  0  0  0  0  21  0  0  0  0  0  46  0  0  0  0  0  0  0 
1441632718  0  0  0  0  0  0  0  0  0  4190623  0  0  0  0  0  0  0  0  0  21  0  0  0  0  0  46  0  0  0  0  0  0  0 
1441632718  0  0  0  0  0  0  0  0  0  4190623  0  0  0  0  0  0  0  0  0  21  0  0  0  0  0  46  0  0  0  0  0  0  0 
1441632719  0  0  0  0  0  0  0  0  0  4190623  0  0  0  0  0  0  0  0  0  21  0  0  0  0  0  46  0  0  0  0  0  0  0 
1441632719  0  0  0  0  0  0  0  0  0  4190623  0  0  0  0  0  0  0  0  0  21  0  0  0  0  0  46  0  0  0  0  0  0  0 
1441632720  0  0  0  0  0  0  0  0  0  4190623  0  0  0  0  0  0  0  0  0  21  0  0  0  0  0  46  0  0  0  0  0  0  0 
1441632720  0  0  0  0  0  0  0  0  0  4190623  0  0  0  0  0  0  0  0  0  21  0  0  0  0  0  46  0  0  0  0  0  0  0 
1441632721  0  0  0  0  0  0  0  0  0  4190623  0  0  0  0  0  0  0  0  0  21  0  0  0  0  0  46  0  0  0  0  0  0  0 
1441632721  0  0  0  0  0  0  0  0  0  4190623  0  0  0  0  0  0  0  0  0  21  0  0  0  0  0  46  0  0  0  0  0  0  0 
1441632722  0  0  0  0  0  0  0  0  0  4190623  0  0  0  0  0  0  0  0  0  21  0  0  0  0  0  46  0  0  0  0  0  0  0 
1441632722  0  0  0  0  0  0  0  0  0  4190623  0  0  0  0  0  0  0  0  0  21  0  0  0  0  0  46  0  0  0  0  0  0  0 
1441632723  0  0  0  0  0  0  0  0  0  4190623  0  0  0  0  0  0  0  0  0  21  0  0  0  0  0  46  0  0  0  0  0  0  0 
1441632723  0  0  0  0  0  0  0  0  0  4190623  0  0  0  0  0  0  0  0  0  21  0  0  0  0  0  46  0  0  0  0  0  0  0 
1441632724  0  0  0  0  0  0  0  0  0  4190623  0  0  0  0  0  0  0  0  0  21  0  0  0  0  0  46  0  0  0  0  0  0  0 
1441632724  0  0  0  0  0  0  0  0  0  4190623  0  0  0  0  0  0  0  0  0  21  0  0  0  0  0  46  0  0  0  0  0  0  0 
1441632725  0  0  0  0  0  0  0  0  0  4190623  0  0  0  0  0  0  0  0  0  21  0  0  0  0  0  46  0  0  0  0  0  0  0 
1441632725  0  0  0  0  0  0  0  0  0  4190623  0  0  0  0  0  0  0  0  0  21  0  0  0  0  0  46  0  0  0  0  0  0  0 
1441632726  0  0  0  0  0  0  0  0  0  4190623  0  0  0  0  0  0  0  0  0  21  0  0  0  0  0  46  0  0  0  0  0  0  0 
1441632726  0  0  0  0  0  0  0  0  0  4190623  0  0  0  0  0  0  0  0  0  21  0  0  0  0  0  46  0  0  0  0  0  0  0 
1441632727  0  0  0  0  0  0  0  0  0  4190623  0  0  0  0  0  0  0  0  0  21  0  0  0  0  0  46  0  0  0  0  0  0  0 
1441632727  0  0  0  0  0  0  0  0  0  4190623  0  0  0  0  0  0  0  0  0  21  0  0  0  0  0  46  0  0  0  0  0  0  0 
1441632728  0  0  0  0  0  0  0  0  0  4190623  0  0  0  0  0  0  0  0  0  21  0  0  0  0  0  46  0  0  0  0  0  0  0 
1441632728  0  0  0  0  0  0  0  0  0  4190623  0  0  0  0  0  0  0  0  0  21  0  0  0  0  0  46  0  0  0  0  0  0  0 
1441632729  0  0  0  0  0  0  0  0  0  4190623  0  0  0  0  0  0  0  0  0  21  0  0  0  0  0  46  0  0  0  0  0  0  0 
1441632729  0  0  0  0  0  0  0  0  0  4190623  0  0  0  0  0  0  0  0  0  21  0  0  0  0  0  46  0  0  0  0  0  0  0 
1441632730  0  0  0  0  0  0  0  0  0  4190623  0  0  0  0  0  0  0  0  0  21  0  0  0  0  0  46  0  0  0  0  0  0  0 
1441632730  0  0  0  0  0  0  0  0  0  4190623  0  0  0  0  0  0  0  0  0  21  0  0  0  0  0  46  0  0  0  0  0  0  0 
1441632731  0  0  0  0  0  0  0  0  0  4190623  0  0  0  0  0  0  0  0  0  21  0  0  0  0  0  46  0  0  0  0  0  0  0 
1441632731  0  0  0  0  0  0  0  0  0  4190623  0  0  0  0  0  0  0  0  0  21  0  0  0  0  0  46  0  0  0  0  0  0  0 
1441632732  0  0  0  0  0  0  0  0  0  4190623  0  0  0  0  0  0  0  0  0  21  0  0  0  0  0  46  0  0  0  0  0  0  0 
1441632733  0  0  0  0  0  0  0  0  0  4190623  0  0  0  0  0  0  0  0  0  21  0  0  0  0  0  46  0  0  0  0  0  0  0 
1441632733  0  0  0  0  0  0  0  0  0  4190623  0  0  0  0  0  0  0  0  0  21  0  0  0  0  0  46  0  0  0  0  0  0  0 
1441632734  0  0  0  0  0  0  0  0  0  4190623  0  0  0  0  0  0  0  0  0  21  0  0  0  0  0  46  0  0  0  0  0  0  0 
1441632734  0  0  0  0  0  0  0  0  0  4190623  0  0  0  0  0  0  0  0  0  21  0  0  0  0  0  46  0  0  0  0  0  0  0 
1441632735  0  0  0  0  0  0  0  0  0  4198544  0  0  0  0  0  0  0  0  0  21  0  0  0  0  0  47  0  7921  0  0  0  0  0 
1441632735  0  0  0  0  0  0  0  0  0  4198544  0  0  0  0  0  0  0  0  0  21  0  0  0  0  0  47  0  0  0  0  0  0  0 
1441632736  0  0  0  0  0  0  0  0  0  4198544  0  0  0  0  0  0  0  0  0  21  0  0  0  0  0  47  0  0  0  0  0  0  0 
1441632736  0  0  0  0  0  0  0  0  0  4198544  0  0  0  0  0  0  0  0  0  21  0  0  0  0  0  47  0  0  0  0  0  0  0 
1441632737  0  0  0  0  0  0  0  0  0  4198544  0  0  0  0  0  0  0  0  0  21  0  0  0  0  0  47  0  0  0  0  0  0  0 
1441632737  0  0  0  0  0  0  0  0  0  4198544  0  0  0  0  0  0  0  0  0  21  0  0  0  0  0  47  0  0  0  0  0  0  0 
1441632738  0  0  0  0  0  0  0  0  0  4198544  0  0  0  0  0  0  0  0  0  21  0  0  0  0  0  47  0  0  0  0  0  0  0 
1441632738  0  0  0  0  0  0  0  0  0  4198544  0  0  0  0  0  0  0  0  0  21  0  0  0  0  0  47  0  0  0  0  0  0  0 
1441632739  0  0  0  0  0  0  0  0  0  4198544  0  0  0  0  0  0  0  0  0  21  0  0  0  0  0  47  0  0  0  0  0  0  0 
1441632739  0  0  0  0  0  0  0  0  0  4198544  0  0  0  0  0  0  0  0  0  21  0  0  0  0  0  47  0  0  0  0  0  0  0 
1441632740  0  0  0  0  0  0  0  0  0  4198544  0  0  0  0  0  0  0  0  0  21  0  0  0  0  0  47  0  0  0  0  0  0  0 
1441632740  0  0  0  0  0  0  0  0  0  4198544  0  0  0  0  0  0  0  0  0  21  0  0  0  0  0  47  0  0  0  0  0  0  0 
1441632741  0  0  0  0  0  0  0  0  0  4198544  0  0  0  0  0  0  0  0  0  21  0  0  0  0  0  47  0  0  0  0  0  0  0 
1441632741  0  0  0  0  0  0  0  0  0  4198544  0  0  0  0  0  0  0  0  0  21  0  0  0  0  0  47  0  0  0  0  0  0  0 
1441632742  0  0  0  0  0  0  0  0  0  4198544  0  0  0  0  0  0  0  0  0  21  0  0  0  0  0  47  0  0  0  0  0  0  0 
1441632742  0  0  0  0  0  0  0  0  0  4198544  0  0  0  0  0  0  0  0  0  21  0  0  0  0  0  47  0  0  0  0  0  0  0 
1441632743  0  0  0  0  0  0  0  0  0  4198544  0  0  0  0  0  0  0  0  0  21  0  0  0  0  0  47  0  0  0  0  0  0  0 
1441632743  0  0  0  0  0  0  0  0  0  4198544  0  0  0  0  0  0  0  0  0  21  0  0  0  0  0  47  0  0  0  0  0  0  0 
1441632744  0  0  0  0  0  0  0  0  0  4198544  0  0  0  0  0  0  0  0  0  21  0  0  0  0  0  47  0  0  0  0  0  0  0 
1441632744  0  0  0  0  0  0  0  0  0  4201729  0  0  0  0  0  0  0  0  0  21  0  0  0  0  0  48  0  3185  0  0  0  0  0 
1441632745  0  0  0  0  0  0  0  0  0  4201729  0  0  0  0  0  0  0  0  0  21  0  0  0  0  0  48  0  0  0  0  0  0  0 
1441632745  0  0  0  0  0  0  0  0  0  4201729  0  0  0  0  0  0  0  0  0  21  0  0  0  0  0  48  0  0  0  0  0  0  0 
1441632746  0  0  0  0  0  0  0  0  0  4201729  0  0  0  0  0  0  0  0  0  21  0  0  0  0  0  48  0  0  0  0  0  0  0 
1441632746  0  0  0  0  0  0  0  0  0  4201729  0  0  0  0  0  0  0  0  0  21  0  0  0  0  0  48  0  0  0  0  0  0  0 
1441632747  0  0  0  0  0  0  0  0  0  4201729  0  0  0  0  0  0  0  0  0  21  0  0  0  0  0  48  0  0  0  0  0  0  0 
1441632747  0  0  0  0  0  0  0  0  0  4201729  0  0  0  0  0  0  0  0  0  21  0  0  0  0  0  48  0  0  0  0  0  0  0 
1441632748  0  0  0  0  0  0  0  0  0  4201729  0  0  0  0  0  0  0  0  0  21  0  0  0  0  0  48  0  0  0  0  0  0  0 
1441632748  0  0  0  0  0  0  0  0  0  4201729  0  0  0  0  0  0  0  0  0  21  0  0  0  0  0  48  0  0  0  0  0  0  0 
1441632749  0  0  0  0  0  0  0  0  0  4201729  0  0  0  0  0  0  0  0  0  21  0  0  0  0  0  48  0  0  0  0  0  0  0 
1441632749  0  0  0  0  0  0  0  0  0  4201729  0  0  0  0  0  0  0  0  0  21  0  0  0  0  0  48  0  0  0  0  0  0  0 
1441632750  0  0  0  0  0  0  0  0  0  4201729  0  0  0  0  0  0  0  0  0  21  0  0  0  0  0  48  0  0  0  0  0  0  0 
1441632750  0  0  0  0  0  0  0  0  0  4201729  0  0  0  0  0  0  0  0  0  21  0  0  0  0  0  48  0  0  0  0  0  0  0 
1441632751  0  0  0  0  0  0  0  0  0  4201729  0  0  0  0  0  0  0  0  0  21  0  0  0  0  0  48  0  0  0  0  0  0  0 
1441632751  0  0  0  0  0  0  0  0  0  4201729  0  0  0  0  0  0  0  0  0  21  0  0  0  0  0  48  0  0  0  0  0  0  0 
1441632752  0  0  0  0  0  0  0  0  0  4201729  0  0  0  0  0  0  0  0  0  21  0  0  0  0  0  48  0  0  0  0  0  0  0 
1441632752  0  0  0  0  0  0  0  0  0  4201729  0  0  0  0  0  0  0  0  0  21  0  0  0  0  0  48  0  0  0  0  0  0  0 
1441632753  0  0  0  0  0  0  0  0  0  4201729  0  0  0  0  0  0  0  0  0  21  0  0  0  0  0  48  0  0  0  0  0  0  0 
1441632753  0  0  0  0  0  0  0  0  0  4201729  0  0  0  0  0  0  0  0  0  21  0  0  0  0  0  48  0  0  0  0  0  0  0 
1441632754  0  0  0  0  0  0  0  0  0  4201729  0  0  0  0  0  0  0  0  0  21  0  0  0  0  0  48  0  0  0  0  0  0  0 
1441632754  0  0  0  0  0  0  0  0  0  4204278  0  0  0  0  0  0  0  0  0  21  0  0  0  0  0  49  0  2549  0  0  0  0  0 
1441632755  0  0  0  0  0  0  0  0  0  4204278  0  0  0  0  0  0  0  0  0  21  0  0  0  0  0  49  0  0  0  0  0  0  0 
1441632755  0  0  0  0  0  0  0  0  0  4204278  0  0  0  0  0  0  0  0  0  21  0  0  0  0  0  49  0  0  0  0  0  0  0 
1441632756  0  0  0  0  0  0  0  0  0  4204278  0  0  0  0  0  0  0  0  0  21  0  0  0  0  0  49  0  0  0  0  0  0  0 
1441632757  0  0  0  0  0  0  0  0  0  4204278  0  0  0  0  0  0  0  0  0  21  0  0  0  0  0  49  0  0  0  0  0  0  0 
1441632757  0  0  0  0  0  0  0  0  0  4204278  0  0  0  0  0  0  0  0  0  21  0  0  0  0  0  49  0  0  0  0  0  0  0 
1441632758  0  0  0  0  0  0  0  0  0  4204278  0  0  0  0  0  0  0  0  0  21  0  0  0  0  0  49  0  0  0  0  0  0  0 
1441632758  0  0  0  0  0  0  0  0  0  4204278  0  0  0  0  0  0  0  0  0  21  0  0  0  0  0  49  0  0  0  0  0  0  0 
1441632759  0  0  0  0  0  0  0  0  0  4204278  0  0  0  0  0  0  0  0  0  21  0  0  0  0  0  49  0  0  0  0  0  0  0 
1441632759  0  0  0  0  0  0  0  0  0  4204278  0  0  0  0  0  0  0  0  0  21  0  0  0  0  0  49  0  0  0  0  0  0  0 
1441632760  0  0  0  0  0  0  0  0  0  4204278  0  0  0  0  0  0  0  0  0  21  0  0  0  0  0  49  0  0  0  0  0  0  0 
1441632760  0  0  0  0  0  0  0  0  0  4204278  0  0  0  0  0  0  0  0  0  21  0  0  0  0  0  49  0  0  0  0  0  0  0 
1441632761  0  0  0  0  0  0  0  0  0  4204278  0  0  0  0  0  0  0  0  0  21  0  0  0  0  0  49  0  0  0  0  0  0  0 
1441632761  0  0  0  0  0  0  0  0  0  4204278  0  0  0  0  0  0  0  0  0  21  0  0  0  0  0  49  0  0  0  0  0  0  0 
1441632762  0  0  0  0  0  0  0  0  0  4204278  0  0  0  0  0  0  0  0  0  21  0  0  0  0  0  49  0  0  0  0  0  0  0 
1441632762  0  0  0  0  0  0  0  0  0  4204278  0  0  0  0  0  0  0  0  0  21  0  0  0  0  0  49  0  0  0  0  0  0  0 
1441632763  0  0  0  0  0  0  0  0  0  4204278  0  0  0  0  0  0  0  0  0  21  0  0  0  0  0  49  0  0  0  0  0  0  0 
1441632763  0  0  0  0  0  0  0  0  0  4204278  0  0  0  0  0  0  0  0  0  21  0  0  0  0  0  49  0  0  0  0  0  0  0 
1441632764  0  0  0  0  0  0  0  0  0  4204278  0  0  0  0  0  0  0  0  0  21  0  0  0  0  0  49  0  0  0  0  0  0  0 
1441632764  0  0  0  0  0  0  0  0  0  4204278  0  0  0  0  0  0  0  0  0  21  0  0  0  0  0  49  0  0  0  0  0  0  0 
1441632765  0  0  0  0  0  0  0  0  0  4204278  0  0  0  0  0  0  0  0  0  21  0  0  0  0  0  49  0  0  0  0  0  0  0 
1441632765  0  0  0  0  0  0  0  0  0  4207184  0  0  0  0  0  0  0  0  0  21  0  0  0  0  0  50  0  2906  0  0  0  0  0 
1441632766  0  0  0  0  0  0  0  0  0  4207184  0  0  0  0  0  0  0  0  0  21  0  0  0  0  0  50  0  0  0  0  0  0  0 
1441632766  0  0  0  0  0  0  0  0  0  4207184  0  0  0  0  0  0  0  0  0  21  0  0  0  0  0  50  0  0  0  0  0  0  0 
1441632767  0  0  0  0  0  0  0  0  0  4207184  0  0  0  0  0  0  0  0  0  21  0  0  0  0  0  50  0  0  0  0  0  0  0 
1441632767  0  0  0  0  0  0  0  0  0  4207184  0  0  0  0  0  0  0  0  0  21  0  0  0  0  0  50  0  0  0  0  0  0  0 
1441632768  0  0  0  0  0  0  0  0  0  4207184  0  0  0  0  0  0  0  0  0  21  0  0  0  0  0  50  0  0  0  0  0  0  0 
1441632768  0  0  0  0  0  0  0  0  0  4207184  0  0  0  0  0  0  0  0  0  21  0  0  0  0  0  50  0  0  0  0  0  0  0 
1441632769  0  0  0  0  0  0  0  0  0  4207184  0  0  0  0  0  0  0  0  0  21  0  0  0  0  0  50  0  0  0  0  0  0  0 
1441632769  0  0  0  0  0  0  0  0  0  4207184  0  0  0  0  0  0  0  0  0  21  0  0  0  0  0  50  0  0  0  0  0  0  0 
1441632770  0  0  0  0  0  0  0  0  0  4207184  0  0  0  0  0  0  0  0  0  21  0  0  0  0  0  50  0  0  0  0  0  0  0 
1441632770  0  0  0  0  0  0  0  0  0  4207184  0  0  0  0  0  0  0  0  0  21  0  0  0  0  0  50  0  0  0  0  0  0  0 
1441632771  0  0  0  0  0  0  0  0  0  4207184  0  0  0  0  0  0  0  0  0  21  0  0  0  0  0  50  0  0  0  0  0  0  0 
1441632771  0  0  0  0  0  0  0  0  0  4207184  0  0  0  0  0  0  0  0  0  21  0  0  0  0  0  50  0  0  0  0  0  0  0 
1441632772  0  0  0  0  0  0  0  0  0  4207184  0  0  0  0  0  0  0  0  0  21  0  0  0  0  0  50  0  0  0  0  0  0  0 
1441632772  0  0  0  0  0  0  0  0  0  4207184  0  0  0  0  0  0  0  0  0  21  0  0  0  0  0  50  0  0  0  0  0  0  0 
1441632773  0  0  0  0  0  0  0  0  0  4207184  0  0  0  0  0  0  0  0  0  21  0  0  0  0  0  50  0  0  0  0  0  0  0 
1441632773  0  0  0  0  0  0  0  0  0  4207184  0  0  0  0  0  0  0  0  0  21  0  0  0  0  0  50  0  0  0  0  0  0  0 
1441632774  0  0  0  0  0  0  0  0  0  4207184  0  0  0  0  0  0  0  0  0  21  0  0  0  0  0  50  0  0  0  0  0  0  0 
1441632774  0  0  0  0  0  0  0  0  0  4207184  0  0  0  0  0  0  0  0  0  21  0  0  0  0  0  50  0  0  0  0  0  0  0 
1441632775  0  0  0  0  0  0  0  0  0  4209676  0  0  0  0  0  0  0  0  0  21  0  0  0  0  0  51  0  2492  0  0  0  0  0 
1441632775  0  0  0  0  0  0  0  0  0  4209676  0  0  0  0  0  0  0  0  0  21  0  0  0  0  0  51  0  0  0  0  0  0  0 
1441632776  0  0  0  0  0  0  0  0  0  4209676  0  0  0  0  0  0  0  0  0  21  0  0  0  0  0  51  0  0  0  0  0  0  0 
1441632776  0  0  0  0  0  0  0  0  0  4209676  0  0  0  0  0  0  0  0  0  21  0  0  0  0  0  51  0  0  0  0  0  0  0 
1441632777  0  0  0  0  0  0  0  0  0  4209676  0  0  0  0  0  0  0  0  0  21  0  0  0  0  0  51  0  0  0  0  0  0  0 
1441632777  0  0  0  0  0  0  0  0  0  4209676  0  0  0  0  0  0  0  0  0  21  0  0  0  0  0  51  0  0  0  0  0  0  0 
1441632778  0  0  0  0  0  0  0  0  0  4209676  0  0  0  0  0  0  0  0  0  21  0  0  0  0  0  51  0  0  0  0  0  0  0 
1441632778  0  0  0  0  0  0  0  0  0  4209676  0  0  0  0  0  0  0  0  0  21  0  0  0  0  0  51  0  0  0  0  0  0  0 
1441632779  0  0  0  0  0  0  0  0  0  4209676  0  0  0  0  0  0  0  0  0  21  0  0  0  0  0  51  0  0  0  0  0  0  0 
1441632779  0  0  0  0  0  0  0  0  0  4209676  0  0  0  0  0  0  0  0  0  21  0  0  0  0  0  51  0  0  0  0  0  0  0 
1441632780  0  0  0  0  0  0  0  0  0  4209676  0  0  0  0  0  0  0  0  0  21  0  0  0  0  0  51  0  0  0  0  0  0  0 
1441632780  0  0  0  0  0  0  0  0  0  4209676  0  0  0  0  0  0  0  0  0  21  0  0  0  0  0  51  0  0  0  0  0  0  0 
1441632781  0  0  0  0  0  0  0  0  0  4209676  0  0  0  0  0  0  0  0  0  21  0  0  0  0  0  51  0  0  0  0  0  0  0 
1441632781  0  0  0  0  0  0  0  0  0  4209676  0  0  0  0  0  0  0  0  0  21  0  0  0  0  0  51  0  0  0  0  0  0  0 
1441632782  0  0  0  0  0  0  0  0  0  4209676  0  0  0  0  0  0  0  0  0  21  0  0  0  0  0  51  0  0  0  0  0  0  0 
1441632782  0  0  0  0  0  0  0  0  0  4209676  0  0  0  0  0  0  0  0  0  21  0  0  0  0  0  51  0  0  0  0  0  0  0 
1441632783  0  0  0  0  0  0  0  0  0  4209676  0  0  0  0  0  0  0  0  0  21  0  0  0  0  0  51  0  0  0  0  0  0  0 
1441632783  0  0  0  0  0  0  0  0  0  4209676  0  0  0  0  0  0  0  0  0  21  0  0  0  0  0  51  0  0  0  0  0  0  0 
1441632784  0  0  0  0  0  0  0  0  0  4209676  0  0  0  0  0  0  0  0  0  21  0  0  0  0  0  51  0  0  0  0  0  0  0 
1441632784  0  0  0  0  0  0  0  0  0  4209676  0  0  0  0  0  0  0  0  0  21  0  0  0  0  0  51  0  0  0  0  0  0  0 
1441632785  0  0  0  0  0  0  0  0  0  4239944  0  0  0  0  0  0  0  0  0  21  0  0  0  0  0  51  0  30268  0  0  0  0  0 
1441632785  0  0  0  0  0  0  0  0  0  4308791  0  0  0  0  0  0  0  0  0  25  0  0  0  0  0  64  0  68847  0  0  0  0  0 
1441632786  0  0  0  0  0  0  0  0  0  4308791  0  0  0  0  0  0  0  0  0  25  0  0  0  0  0  64  0  0  0  0  0  0  0 
