#Type:X;CI:2;ww:0;ca:0;co:1;fr:0;Type:X;CI:2;PI:0;PT:EP;U0:0;U1:0;
#time  Pp  gt  gs  cn  cm  cb  Nc  Pc  cp  Tc  Nm  pr  ps  pt  px  pd  Pm  Om  fs  ft  Oc  Em  Gp  Ec  Ge  ot  os  Total_cycles_diff  Successful_get_diff  Total_get_diff  succ_put_diff  total_put_diff  get_hit  
1441332821  0  0  0  0  0  0  0  0  0  6527  0  0  0  0  0  0  0  0  0  0  0  0  0  0  0  0  0  6527  0  0  0  0  
1441332822  0  0  0  0  0  0  0  0  0  761302  0  0  0  0  0  0  0  0  0  0  0  0  0  0  0  0  0  754775  0  0  0  0  0 
1441332822  0  0  0  0  0  0  0  0  0  1236414  0  0  0  0  0  0  0  0  0  0  0  0  0  0  0  0  0  475112  0  0  0  0  0 
1441332823  0  0  0  0  0  0  0  0  0  1470255  0  0  0  0  0  0  0  0  0  0  0  0  0  0  0  0  0  233841  0  0  0  0  0 
1441332823  0  0  0  0  0  0  0  0  0  1825805  0  0  0  0  0  0  0  0  0  0  0  0  0  0  0  0  0  355550  0  0  0  0  0 
1441332824  0  0  0  0  0  0  0  0  0  2154722  0  0  0  0  0  0  0  0  0  13  0  0  0  0  0  38  0  328917  0  0  0  0  0 
1441332824  0  0  0  0  0  0  0  0  0  2888377  0  0  0  0  0  0  0  0  0  15  0  0  0  0  0  41  0  733655  0  0  0  0  0 
1441332825  0  0  0  0  0  0  0  0  0  2888377  0  0  0  0  0  0  0  0  0  15  0  0  0  0  0  41  0  0  0  0  0  0  0 
1441332825  0  0  0  0  0  0  0  0  0  3564716  0  0  0  0  0  0  0  0  0  21  0  0  0  0  0  46  0  676339  0  0  0  0  0 
1441332826  0  0  0  0  0  0  0  0  0  3778901  0  0  0  0  0  0  0  0  0  21  0  0  0  0  0  46  0  214185  0  0  0  0  0 
1441332826  0  0  0  0  0  0  0  0  0  3778901  0  0  0  0  0  0  0  0  0  21  0  0  0  0  0  46  0  0  0  0  0  0  0 
1441332827  0  0  0  0  0  0  0  0  0  3778901  0  0  0  0  0  0  0  0  0  21  0  0  0  0  0  46  0  0  0  0  0  0  0 
1441332827  0  0  0  0  0  0  0  0  0  3778901  0  0  0  0  0  0  0  0  0  21  0  0  0  0  0  46  0  0  0  0  0  0  0 
1441332828  0  0  0  0  0  0  0  0  0  3778901  0  0  0  0  0  0  0  0  0  21  0  0  0  0  0  46  0  0  0  0  0  0  0 
1441332828  0  0  0  0  0  0  0  0  0  3778901  0  0  0  0  0  0  0  0  0  21  0  0  0  0  0  46  0  0  0  0  0  0  0 
1441332829  0  0  0  0  0  0  0  0  0  3778901  0  0  0  0  0  0  0  0  0  21  0  0  0  0  0  46  0  0  0  0  0  0  0 
1441332829  0  0  0  0  0  0  0  0  0  3778901  0  0  0  0  0  0  0  0  0  21  0  0  0  0  0  46  0  0  0  0  0  0  0 
1441332830  0  0  0  0  0  0  0  0  0  3778901  0  0  0  0  0  0  0  0  0  21  0  0  0  0  0  46  0  0  0  0  0  0  0 
1441332830  0  0  0  0  0  0  0  0  0  3778901  0  0  0  0  0  0  0  0  0  21  0  0  0  0  0  46  0  0  0  0  0  0  0 
1441332831  0  0  0  0  0  0  0  0  0  3778901  0  0  0  0  0  0  0  0  0  21  0  0  0  0  0  46  0  0  0  0  0  0  0 
1441332831  0  0  0  0  0  0  0  0  0  3778901  0  0  0  0  0  0  0  0  0  21  0  0  0  0  0  46  0  0  0  0  0  0  0 
1441332832  0  0  0  0  0  0  0  0  0  3778901  0  0  0  0  0  0  0  0  0  21  0  0  0  0  0  46  0  0  0  0  0  0  0 
1441332832  0  0  0  0  0  0  0  0  0  3778901  0  0  0  0  0  0  0  0  0  21  0  0  0  0  0  46  0  0  0  0  0  0  0 
1441332833  0  0  0  0  0  0  0  0  0  3778901  0  0  0  0  0  0  0  0  0  21  0  0  0  0  0  46  0  0  0  0  0  0  0 
1441332833  0  0  0  0  0  0  0  0  0  3778901  0  0  0  0  0  0  0  0  0  21  0  0  0  0  0  46  0  0  0  0  0  0  0 
1441332834  0  0  0  0  0  0  0  0  0  3778901  0  0  0  0  0  0  0  0  0  21  0  0  0  0  0  46  0  0  0  0  0  0  0 
1441332835  0  0  0  0  0  0  0  0  0  3778901  0  0  0  0  0  0  0  0  0  21  0  0  0  0  0  46  0  0  0  0  0  0  0 
1441332835  0  0  0  0  0  0  0  0  0  3778901  0  0  0  0  0  0  0  0  0  21  0  0  0  0  0  46  0  0  0  0  0  0  0 
1441332836  0  0  0  0  0  0  0  0  0  3778901  0  0  0  0  0  0  0  0  0  21  0  0  0  0  0  46  0  0  0  0  0  0  0 
1441332836  0  0  0  0  0  0  0  0  0  3778901  0  0  0  0  0  0  0  0  0  21  0  0  0  0  0  46  0  0  0  0  0  0  0 
1441332837  0  0  0  0  0  0  0  0  0  3778901  0  0  0  0  0  0  0  0  0  21  0  0  0  0  0  46  0  0  0  0  0  0  0 
1441332837  0  0  0  0  0  0  0  0  0  3778901  0  0  0  0  0  0  0  0  0  21  0  0  0  0  0  46  0  0  0  0  0  0  0 
1441332838  0  0  0  0  0  0  0  0  0  3778901  0  0  0  0  0  0  0  0  0  21  0  0  0  0  0  46  0  0  0  0  0  0  0 
1441332838  0  0  0  0  0  0  0  0  0  3778901  0  0  0  0  0  0  0  0  0  21  0  0  0  0  0  46  0  0  0  0  0  0  0 
1441332839  0  0  0  0  0  0  0  0  0  3778901  0  0  0  0  0  0  0  0  0  21  0  0  0  0  0  46  0  0  0  0  0  0  0 
1441332839  0  0  0  0  0  0  0  0  0  3778901  0  0  0  0  0  0  0  0  0  21  0  0  0  0  0  46  0  0  0  0  0  0  0 
1441332840  0  0  0  0  0  0  0  0  0  3778901  0  0  0  0  0  0  0  0  0  21  0  0  0  0  0  46  0  0  0  0  0  0  0 
1441332840  0  0  0  0  0  0  0  0  0  3778901  0  0  0  0  0  0  0  0  0  21  0  0  0  0  0  46  0  0  0  0  0  0  0 
1441332841  0  0  0  0  0  0  0  0  0  3778901  0  0  0  0  0  0  0  0  0  21  0  0  0  0  0  46  0  0  0  0  0  0  0 
1441332841  0  0  0  0  0  0  0  0  0  3778901  0  0  0  0  0  0  0  0  0  21  0  0  0  0  0  46  0  0  0  0  0  0  0 
1441332842  0  0  0  0  0  0  0  0  0  3778901  0  0  0  0  0  0  0  0  0  21  0  0  0  0  0  46  0  0  0  0  0  0  0 
1441332842  0  0  0  0  0  0  0  0  0  3778901  0  0  0  0  0  0  0  0  0  21  0  0  0  0  0  46  0  0  0  0  0  0  0 
1441332843  0  0  0  0  0  0  0  0  0  3778901  0  0  0  0  0  0  0  0  0  21  0  0  0  0  0  46  0  0  0  0  0  0  0 
1441332843  0  0  0  0  0  0  0  0  0  3778901  0  0  0  0  0  0  0  0  0  21  0  0  0  0  0  46  0  0  0  0  0  0  0 
1441332844  0  0  0  0  0  0  0  0  0  3778901  0  0  0  0  0  0  0  0  0  21  0  0  0  0  0  46  0  0  0  0  0  0  0 
1441332844  0  0  0  0  0  0  0  0  0  3778901  0  0  0  0  0  0  0  0  0  21  0  0  0  0  0  46  0  0  0  0  0  0  0 
1441332845  0  0  0  0  0  0  0  0  0  3778901  0  0  0  0  0  0  0  0  0  21  0  0  0  0  0  46  0  0  0  0  0  0  0 
1441332845  0  0  0  0  0  0  0  0  0  3778901  0  0  0  0  0  0  0  0  0  21  0  0  0  0  0  46  0  0  0  0  0  0  0 
1441332846  0  0  0  0  0  0  0  0  0  3778901  0  0  0  0  0  0  0  0  0  21  0  0  0  0  0  46  0  0  0  0  0  0  0 
1441332846  0  0  0  0  0  0  0  0  0  3778901  0  0  0  0  0  0  0  0  0  21  0  0  0  0  0  46  0  0  0  0  0  0  0 
1441332847  0  0  0  0  0  0  0  0  0  3778901  0  0  0  0  0  0  0  0  0  21  0  0  0  0  0  46  0  0  0  0  0  0  0 
1441332847  0  0  0  0  0  0  0  0  0  3778901  0  0  0  0  0  0  0  0  0  21  0  0  0  0  0  46  0  0  0  0  0  0  0 
1441332848  0  0  0  0  0  0  0  0  0  3778901  0  0  0  0  0  0  0  0  0  21  0  0  0  0  0  46  0  0  0  0  0  0  0 
1441332848  0  0  0  0  0  0  0  0  0  3778901  0  0  0  0  0  0  0  0  0  21  0  0  0  0  0  46  0  0  0  0  0  0  0 
1441332849  0  0  0  0  0  0  0  0  0  3778901  0  0  0  0  0  0  0  0  0  21  0  0  0  0  0  46  0  0  0  0  0  0  0 
1441332849  0  0  0  0  0  0  0  0  0  3778901  0  0  0  0  0  0  0  0  0  21  0  0  0  0  0  46  0  0  0  0  0  0  0 
1441332850  0  0  0  0  0  0  0  0  0  3778901  0  0  0  0  0  0  0  0  0  21  0  0  0  0  0  46  0  0  0  0  0  0  0 
1441332850  0  0  0  0  0  0  0  0  0  3778901  0  0  0  0  0  0  0  0  0  21  0  0  0  0  0  46  0  0  0  0  0  0  0 
1441332851  0  0  0  0  0  0  0  0  0  3778901  0  0  0  0  0  0  0  0  0  21  0  0  0  0  0  46  0  0  0  0  0  0  0 
1441332851  0  0  0  0  0  0  0  0  0  3778901  0  0  0  0  0  0  0  0  0  21  0  0  0  0  0  46  0  0  0  0  0  0  0 
1441332852  0  0  0  0  0  0  0  0  0  3778901  0  0  0  0  0  0  0  0  0  21  0  0  0  0  0  46  0  0  0  0  0  0  0 
1441332852  0  0  0  0  0  0  0  0  0  3778901  0  0  0  0  0  0  0  0  0  21  0  0  0  0  0  46  0  0  0  0  0  0  0 
1441332853  0  0  0  0  0  0  0  0  0  3778901  0  0  0  0  0  0  0  0  0  21  0  0  0  0  0  46  0  0  0  0  0  0  0 
1441332853  0  0  0  0  0  0  0  0  0  3778901  0  0  0  0  0  0  0  0  0  21  0  0  0  0  0  46  0  0  0  0  0  0  0 
1441332854  0  0  0  0  0  0  0  0  0  3778901  0  0  0  0  0  0  0  0  0  21  0  0  0  0  0  46  0  0  0  0  0  0  0 
1441332854  0  0  0  0  0  0  0  0  0  3778901  0  0  0  0  0  0  0  0  0  21  0  0  0  0  0  46  0  0  0  0  0  0  0 
1441332855  0  0  0  0  0  0  0  0  0  3778901  0  0  0  0  0  0  0  0  0  21  0  0  0  0  0  46  0  0  0  0  0  0  0 
1441332855  0  0  0  0  0  0  0  0  0  3778901  0  0  0  0  0  0  0  0  0  21  0  0  0  0  0  46  0  0  0  0  0  0  0 
1441332856  0  0  0  0  0  0  0  0  0  3778901  0  0  0  0  0  0  0  0  0  21  0  0  0  0  0  46  0  0  0  0  0  0  0 
1441332856  0  0  0  0  0  0  0  0  0  3778901  0  0  0  0  0  0  0  0  0  21  0  0  0  0  0  46  0  0  0  0  0  0  0 
1441332857  0  0  0  0  0  0  0  0  0  3778901  0  0  0  0  0  0  0  0  0  21  0  0  0  0  0  46  0  0  0  0  0  0  0 
1441332857  0  0  0  0  0  0  0  0  0  3778901  0  0  0  0  0  0  0  0  0  21  0  0  0  0  0  46  0  0  0  0  0  0  0 
1441332858  0  0  0  0  0  0  0  0  0  3778901  0  0  0  0  0  0  0  0  0  21  0  0  0  0  0  46  0  0  0  0  0  0  0 
1441332858  0  0  0  0  0  0  0  0  0  3778901  0  0  0  0  0  0  0  0  0  21  0  0  0  0  0  46  0  0  0  0  0  0  0 
1441332859  0  0  0  0  0  0  0  0  0  3778901  0  0  0  0  0  0  0  0  0  21  0  0  0  0  0  46  0  0  0  0  0  0  0 
1441332859  0  0  0  0  0  0  0  0  0  3778901  0  0  0  0  0  0  0  0  0  21  0  0  0  0  0  46  0  0  0  0  0  0  0 
1441332860  0  0  0  0  0  0  0  0  0  3778901  0  0  0  0  0  0  0  0  0  21  0  0  0  0  0  46  0  0  0  0  0  0  0 
1441332860  0  0  0  0  0  0  0  0  0  3778901  0  0  0  0  0  0  0  0  0  21  0  0  0  0  0  46  0  0  0  0  0  0  0 
1441332861  0  0  0  0  0  0  0  0  0  3778901  0  0  0  0  0  0  0  0  0  21  0  0  0  0  0  46  0  0  0  0  0  0  0 
1441332861  0  0  0  0  0  0  0  0  0  3778901  0  0  0  0  0  0  0  0  0  21  0  0  0  0  0  46  0  0  0  0  0  0  0 
1441332862  0  0  0  0  0  0  0  0  0  3778901  0  0  0  0  0  0  0  0  0  21  0  0  0  0  0  46  0  0  0  0  0  0  0 
1441332862  0  0  0  0  0  0  0  0  0  3778901  0  0  0  0  0  0  0  0  0  21  0  0  0  0  0  46  0  0  0  0  0  0  0 
1441332863  0  0  0  0  0  0  0  0  0  3778901  0  0  0  0  0  0  0  0  0  21  0  0  0  0  0  46  0  0  0  0  0  0  0 
1441332863  0  0  0  0  0  0  0  0  0  3778901  0  0  0  0  0  0  0  0  0  21  0  0  0  0  0  46  0  0  0  0  0  0  0 
1441332864  0  0  0  0  0  0  0  0  0  3778901  0  0  0  0  0  0  0  0  0  21  0  0  0  0  0  46  0  0  0  0  0  0  0 
1441332864  0  0  0  0  0  0  0  0  0  3778901  0  0  0  0  0  0  0  0  0  21  0  0  0  0  0  46  0  0  0  0  0  0  0 
1441332865  0  0  0  0  0  0  0  0  0  3778901  0  0  0  0  0  0  0  0  0  21  0  0  0  0  0  46  0  0  0  0  0  0  0 
1441332865  0  0  0  0  0  0  0  0  0  3778901  0  0  0  0  0  0  0  0  0  21  0  0  0  0  0  46  0  0  0  0  0  0  0 
1441332866  0  0  0  0  0  0  0  0  0  3778901  0  0  0  0  0  0  0  0  0  21  0  0  0  0  0  46  0  0  0  0  0  0  0 
1441332866  0  0  0  0  0  0  0  0  0  3778901  0  0  0  0  0  0  0  0  0  21  0  0  0  0  0  46  0  0  0  0  0  0  0 
1441332867  0  0  0  0  0  0  0  0  0  3778901  0  0  0  0  0  0  0  0  0  21  0  0  0  0  0  46  0  0  0  0  0  0  0 
1441332867  0  0  0  0  0  0  0  0  0  3778901  0  0  0  0  0  0  0  0  0  21  0  0  0  0  0  46  0  0  0  0  0  0  0 
1441332868  0  0  0  0  0  0  0  0  0  3778901  0  0  0  0  0  0  0  0  0  21  0  0  0  0  0  46  0  0  0  0  0  0  0 
1441332868  0  0  0  0  0  0  0  0  0  3778901  0  0  0  0  0  0  0  0  0  21  0  0  0  0  0  46  0  0  0  0  0  0  0 
1441332869  0  0  0  0  0  0  0  0  0  3778901  0  0  0  0  0  0  0  0  0  21  0  0  0  0  0  46  0  0  0  0  0  0  0 
1441332869  0  0  0  0  0  0  0  0  0  3778901  0  0  0  0  0  0  0  0  0  21  0  0  0  0  0  46  0  0  0  0  0  0  0 
1441332870  0  0  0  0  0  0  0  0  0  3778901  0  0  0  0  0  0  0  0  0  21  0  0  0  0  0  46  0  0  0  0  0  0  0 
1441332870  0  0  0  0  0  0  0  0  0  3778901  0  0  0  0  0  0  0  0  0  21  0  0  0  0  0  46  0  0  0  0  0  0  0 
1441332871  0  0  0  0  0  0  0  0  0  3778901  0  0  0  0  0  0  0  0  0  21  0  0  0  0  0  46  0  0  0  0  0  0  0 
1441332871  0  0  0  0  0  0  0  0  0  3778901  0  0  0  0  0  0  0  0  0  21  0  0  0  0  0  46  0  0  0  0  0  0  0 
1441332872  0  0  0  0  0  0  0  0  0  3778901  0  0  0  0  0  0  0  0  0  21  0  0  0  0  0  46  0  0  0  0  0  0  0 
1441332872  0  0  0  0  0  0  0  0  0  3778901  0  0  0  0  0  0  0  0  0  21  0  0  0  0  0  46  0  0  0  0  0  0  0 
1441332873  0  0  0  0  0  0  0  0  0  3778901  0  0  0  0  0  0  0  0  0  21  0  0  0  0  0  46  0  0  0  0  0  0  0 
1441332873  0  0  0  0  0  0  0  0  0  3778901  0  0  0  0  0  0  0  0  0  21  0  0  0  0  0  46  0  0  0  0  0  0  0 
1441332874  0  0  0  0  0  0  0  0  0  3778901  0  0  0  0  0  0  0  0  0  21  0  0  0  0  0  46  0  0  0  0  0  0  0 
1441332875  0  0  0  0  0  0  0  0  0  3778901  0  0  0  0  0  0  0  0  0  21  0  0  0  0  0  46  0  0  0  0  0  0  0 
1441332875  0  0  0  0  0  0  0  0  0  3778901  0  0  0  0  0  0  0  0  0  21  0  0  0  0  0  46  0  0  0  0  0  0  0 
1441332876  0  0  0  0  0  0  0  0  0  3778901  0  0  0  0  0  0  0  0  0  21  0  0  0  0  0  46  0  0  0  0  0  0  0 
1441332876  0  0  0  0  0  0  0  0  0  3778901  0  0  0  0  0  0  0  0  0  21  0  0  0  0  0  46  0  0  0  0  0  0  0 
1441332877  0  0  0  0  0  0  0  0  0  3778901  0  0  0  0  0  0  0  0  0  21  0  0  0  0  0  46  0  0  0  0  0  0  0 
1441332877  0  0  0  0  0  0  0  0  0  3778901  0  0  0  0  0  0  0  0  0  21  0  0  0  0  0  46  0  0  0  0  0  0  0 
1441332878  0  0  0  0  0  0  0  0  0  3789424  0  0  0  0  0  0  0  0  0  21  0  0  0  0  0  47  0  10523  0  0  0  0  0 
1441332878  0  0  0  0  0  0  0  0  0  3789424  0  0  0  0  0  0  0  0  0  21  0  0  0  0  0  47  0  0  0  0  0  0  0 
1441332879  0  0  0  0  0  0  0  0  0  3789424  0  0  0  0  0  0  0  0  0  21  0  0  0  0  0  47  0  0  0  0  0  0  0 
1441332879  0  0  0  0  0  0  0  0  0  3789424  0  0  0  0  0  0  0  0  0  21  0  0  0  0  0  47  0  0  0  0  0  0  0 
1441332880  0  0  0  0  0  0  0  0  0  3789424  0  0  0  0  0  0  0  0  0  21  0  0  0  0  0  47  0  0  0  0  0  0  0 
1441332880  0  0  0  0  0  0  0  0  0  3789424  0  0  0  0  0  0  0  0  0  21  0  0  0  0  0  47  0  0  0  0  0  0  0 
1441332881  0  0  0  0  0  0  0  0  0  3789424  0  0  0  0  0  0  0  0  0  21  0  0  0  0  0  47  0  0  0  0  0  0  0 
1441332881  0  0  0  0  0  0  0  0  0  3789424  0  0  0  0  0  0  0  0  0  21  0  0  0  0  0  47  0  0  0  0  0  0  0 
1441332882  0  0  0  0  0  0  0  0  0  3789424  0  0  0  0  0  0  0  0  0  21  0  0  0  0  0  47  0  0  0  0  0  0  0 
1441332882  0  0  0  0  0  0  0  0  0  3789424  0  0  0  0  0  0  0  0  0  21  0  0  0  0  0  47  0  0  0  0  0  0  0 
1441332883  0  0  0  0  0  0  0  0  0  3789424  0  0  0  0  0  0  0  0  0  21  0  0  0  0  0  47  0  0  0  0  0  0  0 
1441332883  0  0  0  0  0  0  0  0  0  3789424  0  0  0  0  0  0  0  0  0  21  0  0  0  0  0  47  0  0  0  0  0  0  0 
1441332884  0  0  0  0  0  0  0  0  0  3789424  0  0  0  0  0  0  0  0  0  21  0  0  0  0  0  47  0  0  0  0  0  0  0 
1441332884  0  0  0  0  0  0  0  0  0  3789424  0  0  0  0  0  0  0  0  0  21  0  0  0  0  0  47  0  0  0  0  0  0  0 
1441332885  0  0  0  0  0  0  0  0  0  3789424  0  0  0  0  0  0  0  0  0  21  0  0  0  0  0  47  0  0  0  0  0  0  0 
1441332885  0  0  0  0  0  0  0  0  0  3789424  0  0  0  0  0  0  0  0  0  21  0  0  0  0  0  47  0  0  0  0  0  0  0 
1441332886  0  0  0  0  0  0  0  0  0  3789424  0  0  0  0  0  0  0  0  0  21  0  0  0  0  0  47  0  0  0  0  0  0  0 
1441332886  0  0  0  0  0  0  0  0  0  3789424  0  0  0  0  0  0  0  0  0  21  0  0  0  0  0  47  0  0  0  0  0  0  0 
1441332887  0  0  0  0  0  0  0  0  0  3789424  0  0  0  0  0  0  0  0  0  21  0  0  0  0  0  47  0  0  0  0  0  0  0 
1441332887  0  0  0  0  0  0  0  0  0  3789424  0  0  0  0  0  0  0  0  0  21  0  0  0  0  0  47  0  0  0  0  0  0  0 
1441332888  0  119  119  13  5  6669129  197  2826  2817  226175969  234  0  3427  3432  5  0  3427  354  0  127  220  3427  0  2826  119  269  126  222386545  119  119  3427  3432  100.0  
1441332888  0  516  329  13  5  6162757  179  2616  2610  244896656  234  0  3427  3432  5  0  3427  354  0  127  190  3427  0  2616  329  269  126  18720687  210  397  0  0  63.7596899225  
1441332889  0  516  329  13  5  6162757  179  2616  2610  244896656  234  0  3427  3432  5  0  3427  354  0  127  190  3427  0  2616  329  269  126  0  0  0  0  0  63.7596899225  
1441332889  0  516  329  13  5  6162757  179  2616  2610  244896656  234  0  3427  3432  5  0  3427  354  0  127  190  3427  0  2616  329  269  126  0  0  0  0  0  63.7596899225  
1441332890  0  516  329  13  5  6162757  179  2616  2610  244896656  234  0  3427  3432  5  0  3427  354  0  127  190  3427  0  2616  329  269  126  0  0  0  0  0  63.7596899225  
1441332890  0  516  329  13  5  6162757  179  2616  2610  244896656  234  0  3427  3432  5  0  3427  354  0  127  190  3427  0  2616  329  269  126  0  0  0  0  0  63.7596899225  
1441332891  0  516  329  13  5  6162757  179  2616  2610  244896656  234  0  3427  3432  5  0  3427  354  0  127  190  3427  0  2616  329  269  126  0  0  0  0  0  63.7596899225  
1441332891  0  516  329  13  5  6162757  179  2616  2610  244896656  234  0  3427  3432  5  0  3427  354  0  127  190  3427  0  2616  329  269  126  0  0  0  0  0  63.7596899225  
1441332892  0  516  329  13  5  6162757  179  2616  2610  244896656  234  0  3427  3432  5  0  3427  354  0  127  190  3427  0  2616  329  269  126  0  0  0  0  0  63.7596899225  
1441332892  0  516  329  13  5  6162757  179  2616  2610  244896656  234  0  3427  3432  5  0  3427  354  0  127  190  3427  0  2616  329  269  126  0  0  0  0  0  63.7596899225  
1441332893  0  516  329  13  5  6162757  179  2616  2610  244896656  234  0  3427  3432  5  0  3427  354  0  127  190  3427  0  2616  329  269  126  0  0  0  0  0  63.7596899225  
1441332893  0  516  329  13  5  6162757  179  2616  2610  244896656  234  0  3427  3432  5  0  3427  354  0  127  190  3427  0  2616  329  269  126  0  0  0  0  0  63.7596899225  
1441332894  0  516  329  13  5  6162757  179  2616  2610  244896656  234  0  3427  3432  5  0  3427  354  0  127  190  3427  0  2616  329  269  126  0  0  0  0  0  63.7596899225  
1441332894  0  516  329  32  17  7161543  209  3025  3000  274308521  234  0  3836  3853  17  0  3427  354  0  1396  227  3427  0  3025  329  269  126  29411865  0  0  409  421  63.7596899225  
1441332895  0  516  329  32  17  7161543  209  3025  3000  276634095  234  0  3836  3853  17  0  3427  354  0  10824  227  3427  0  3025  329  269  126  2325574  0  0  0  0  63.7596899225  
1441332895  0  516  329  32  17  7161543  209  3025  3000  278027334  234  0  3836  3853  17  0  3427  354  0  15913  227  3427  0  3025  329  269  126  1393239  0  0  0  0  63.7596899225  
1441332896  0  516  329  32  17  7161543  209  3025  3000  280449456  234  0  3836  3853  17  0  3427  354  0  24906  227  3427  0  3025  329  269  126  2422122  0  0  0  0  63.7596899225  
1441332896  0  516  329  32  17  7161543  209  3025  3000  280449456  234  0  3836  3853  17  0  3427  354  0  24906  227  3427  0  3025  329  269  126  0  0  0  0  0  63.7596899225  
1441332897  0  598  410  32  18  7069713  208  2983  2958  292881456  234  0  3875  3893  18  0  3427  354  0  57483  225  3427  0  2983  410  269  126  12432000  81  82  39  40  68.5618729097  
1441332897  0  598  410  32  18  7069713  208  2983  2958  292881456  234  0  3875  3893  18  0  3427  354  0  57483  225  3427  0  2983  410  269  126  0  0  0  0  0  68.5618729097  
1441332898  0  601  413  32  18  7061457  207  2980  2955  301405703  234  0  3875  3893  18  0  3427  354  0  71580  225  3427  0  2980  413  269  126  8524247  3  3  0  0  68.7188019967  
1441332898  0  2169  413  38  18  8728192  210  3667  3636  411599173  234  0  4562  4580  18  0  3667  354  0  78571  226  3667  0  3667  413  273  126  110193470  0  1568  687  687  19.041032734  
1441332899  0  4525  413  130  19  8836133  218  3799  3676  454962441  234  0  4694  4713  19  0  3799  354  0  84270  229  3799  0  3799  413  275  126  43363268  0  2356  132  133  9.1270718232  
1441332899  0  4525  413  130  19  8836133  218  3799  3676  454962441  234  0  4694  4713  19  0  3799  354  0  84270  229  3799  0  3799  413  275  126  0  0  0  0  0  9.1270718232  
1441332900  0  5635  413  219  19  8907727  225  3911  3699  500235893  234  0  4806  4825  19  0  3911  354  0  89340  230  3911  0  3911  413  275  126  45273452  0  1110  112  112  7.32919254658  
1441332900  0  7258  413  314  19  8907727  229  4006  3699  548617942  234  0  4901  4920  19  0  4006  354  0  100192  230  4006  0  4006  413  279  126  48382049  0  1623  95  95  5.69027280242  
1441332901  0  7992  413  314  19  8907727  229  4006  3699  550489479  234  0  4901  4920  19  0  4006  354  0  101351  230  4006  0  4006  413  281  126  1871537  0  734  0  0  5.16766766767  
1441332901  0  10662  413  323  19  8907727  230  4015  3699  559755728  234  0  4910  4929  19  0  4015  354  0  108116  230  4015  0  4015  413  288  126  9266249  0  2670  9  9  3.87356968674  
1441332902  0  11981  580  632  19  8898979  241  4157  3695  686622019  252  0  5219  5238  19  0  4320  354  0  119332  232  4320  0  4157  580  290  126  126866291  167  1319  309  309  4.84099824722  
1441332902  0  12301  580  632  19  8993027  242  4200  3738  694444135  252  0  5262  5281  19  0  4320  354  0  124053  234  4320  0  4200  580  290  126  7822116  0  320  43  43  4.71506381595  
1441332903  0  12301  580  632  19  8993027  242  4200  3738  694444135  252  0  5262  5281  19  0  4320  354  0  124053  234  4320  0  4200  580  290  126  0  0  0  0  0  4.71506381595  
1441332903  0  13295  580  632  19  8993027  242  4200  3738  696889024  252  0  5262  5281  19  0  4320  354  0  125869  234  4320  0  4200  580  290  126  2444889  0  994  0  0  4.36254230914  
1441332904  0  14960  580  721  19  8993027  248  4289  3738  714092576  252  0  5351  5370  19  0  4320  354  0  131722  236  4320  0  4289  580  292  126  17203552  0  1665  89  89  3.87700534759  
1441332904  0  17734  580  3216  19  8993027  294  6784  3738  1301961310  294  0  7846  7865  19  0  6784  354  0  135898  237  6784  0  6784  580  294  126  587868734  0  2774  2495  2495  3.27055373858  
1441332905  0  21214  580  6215  19  8995601  342  9803  3758  1881017708  342  0  10865  10884  19  0  9803  354  0  139029  238  9803  0  9803  580  294  126  579056398  0  3480  3019  3019  2.73404355614  
1441332905  0  24031  580  8639  19  8996489  376  12228  3759  2393128880  376  0  13290  13309  19  0  12228  354  0  141682  238  12228  0  12228  580  296  126  512111172  0  2817  2425  2425  2.41354916566  
1441332906  0  27581  580  9223  19  8999032  401  12817  3764  2538704037  401  0  13879  13898  19  0  12817  354  0  144968  242  12817  0  12817  580  296  126  145575157  0  3550  589  589  2.10289692179  
1441332906  0  27581  580  9223  19  8999032  401  12817  3764  2538704037  401  0  13879  13898  19  0  12817  354  0  144968  242  12817  0  12817  580  296  126  0  0  0  0  0  2.10289692179  
1441332907  0  31050  580  9436  19  9000488  413  13082  3816  2617438801  413  0  14144  14163  19  0  13082  354  0  149954  244  13082  0  13082  580  298  126  78734764  0  3469  265  265  1.86795491143  
1441332907  0  34637  829  11432  19  9004520  455  14973  3960  2995967592  455  0  16284  16303  19  0  14973  354  0  155623  245  14973  0  14973  829  299  126  378528791  249  3587  2140  2140  2.39339434709  
1441332908  0  36519  837  12371  19  9004688  471  15910  3966  3209822126  471  0  17229  17248  19  0  15910  354  0  159394  245  15910  0  15910  837  301  126  213854534  8  1882  945  945  2.29195761111  
1441332908  0  37735  837  13671  19  9004410  471  16194  4028  3501430585  477  0  18592  18611  19  0  16343  354  0  161213  244  16343  0  16194  837  304  127  291608459  0  1216  1363  1363  2.21809990725  
1441332909  0  39210  837  16561  19  9007798  520  19205  4149  3994625276  520  0  21603  21622  19  0  19205  354  0  164254  244  19205  0  19205  837  306  127  493194691  0  1475  3011  3011  2.13465952563  
1441332909  0  43129  4115  20799  19  9074616  518  19919  6247  4666711574  541  0  28101  28120  19  0  20046  354  0  167263  243  20046  0  19919  4115  315  129  672086298  3278  3919  6498  6498  9.54114400983  
1441332910  0  43461  4115  22639  19  9090988  553  22299  6787  5085404890  553  0  30481  30500  19  0  22299  354  0  170368  243  22299  0  22299  4115  319  129  418693316  0  332  2380  2380  9.46825889878  
1441332911  0  43461  4115  22639  19  9090988  553  22299  6787  5085404890  553  0  30481  30500  19  0  22299  354  0  170368  243  22299  0  22299  4115  319  129  0  0  0  0  0  9.46825889878  
1441332911  0  43763  4118  23858  19  9110868  582  24228  7497  5464119602  582  0  32413  32432  19  0  24228  354  0  174167  244  24228  0  24228  4118  319  129  378714712  3  302  1932  1932  9.40977538103  
1441332912  0  48015  6639  25337  19  9111698  568  23205  7515  5840936281  600  0  33911  33930  19  0  25387  354  0  179504  244  25387  0  23205  6639  319  129  376816679  2521  4252  1498  1498  13.8269290847  
1441332912  0  49072  6639  25942  19  9112622  579  23843  7548  6018443902  600  0  34549  34568  19  0  25387  354  0  184509  244  25387  0  23843  6639  323  129  177507621  0  1057  638  638  13.5291000978  
1441332913  0  52589  7235  25942  19  9112622  547  22538  7548  6036898331  600  0  34549  34568  19  0  25387  354  0  194215  241  25387  0  22538  7235  329  131  18454429  596  3517  0  0  13.7576299226  
1441332913  0  56090  7235  28699  19  9120238  616  25567  7820  6454573784  616  0  37578  37597  19  0  25567  354  0  196405  245  25567  0  25567  7235  333  131  417675453  0  3501  3029  3029  12.8989124621  
1441332914  0  58167  7680  28952  19  9252190  615  25436  7880  6559811120  619  0  37892  37911  19  0  25654  354  0  200843  251  25654  0  25436  7680  335  131  105237336  445  2077  314  314  13.2033627314  
1441332914  0  58167  7680  28952  19  9252190  615  25436  7880  6559811120  619  0  37892  37911  19  0  25654  354  0  200843  251  25654  0  25436  7680  335  131  0  0  0  0  0  13.2033627314  
1441332915  0  63546  7680  29738  19  9314244  655  26578  8236  6775593052  655  0  39035  39054  19  0  26578  354  1  205086  255  26578  0  26578  7680  335  131  215781932  0  5379  1143  1143  12.0857331697  
1441332915  0  67211  9290  32117  19  9324128  614  24624  8589  7331994604  717  0  41991  42010  19  0  29534  354  1  212050  251  29534  0  24624  9290  344  134  556401552  1610  3665  2956  2956  13.8221422089  
1441332916  0  68619  9290  33097  19  9385418  651  26774  9759  7627026156  717  0  44141  44160  19  0  29534  354  1  215143  253  29534  0  26774  9290  346  134  295031552  0  1408  2150  2150  13.5385243154  
1441332916  0  70159  9290  34433  19  9412242  696  29068  10717  8014531057  717  0  46435  46454  19  0  29534  354  1  218668  255  29534  0  29068  9290  346  134  387504901  0  1540  2294  2294  13.2413517867  
1441332917  0  72072  9290  35772  19  9436154  737  31261  11571  8422405629  737  0  48628  48647  19  0  31261  354  1  222035  255  31261  0  31261  9290  346  134  407874572  0  1913  2193  2193  12.8898878899  
1441332917  0  73480  9290  36813  19  9456090  760  33014  12283  8736761584  760  0  50509  50528  19  0  33014  354  1  226040  254  33014  0  33014  9290  348  135  314355955  0  1408  1881  1881  12.6428960261  
1441332918  0  73480  9290  36813  19  9456090  760  33014  12283  8736761584  760  0  50509  50528  19  0  33014  354  1  226040  254  33014  0  33014  9290  348  135  0  0  0  0  0  12.6428960261  
1441332918  0  77032  10890  38911  19  9512260  796  35422  14193  9249354489  801  0  54517  54536  19  0  35679  354  1  228967  255  35679  0  35422  10890  348  135  512592905  1600  3552  4008  4008  14.1369820334  
1441332919  0  82131  14737  41745  19  9604929  771  33838  17476  9788191424  808  0  60643  60662  19  0  36376  354  1  232281  255  36376  0  33838  14737  351  136  538836935  3847  5099  6126  6126  17.9432857265  
1441332919  0  82574  14737  41745  19  9612097  775  34094  17732  9799329101  808  0  60899  60918  19  0  36376  354  1  236288  255  36376  0  34094  14737  351  136  11137677  0  443  256  256  17.8470220651  
1441332920  0  86470  17671  42653  19  9656065  760  33670  19333  10098905296  808  0  63571  63590  19  0  36376  354  1  245288  255  36376  0  33670  17671  357  137  299576195  2934  3896  2672  2672  20.4359893605  
1441332920  0  91501  22158  44068  19  9703301  739  32179  20913  10444607211  808  0  66567  66586  19  0  36376  354  1  253689  256  36376  0  32179  22158  359  137  345701915  4487  5031  2996  2996  24.2161287855  
1441332921  0  92429  22158  45225  19  9747465  772  34540  22117  10775607039  808  0  68928  68947  19  0  36376  354  1  257010  256  36376  0  34540  22158  359  137  330999828  0  928  2361  2361  23.9729954884  
1441332921  0  95140  23781  50254  19  9717826  824  38050  22208  11540928768  824  0  74061  74080  19  0  38050  354  1  257676  257  38050  0  38050  23781  359  137  765321729  1623  2711  5133  5133  24.9957956695  
1441332922  0  95140  23781  50254  19  9717826  824  38050  22208  11540928768  824  0  74061  74080  19  0  38050  354  1  257676  257  38050  0  38050  23781  359  137  0  0  0  0  0  24.9957956695  
1441332922  0  95844  23781  50798  19  9734319  839  38919  22533  11729162824  839  0  74930  74949  19  0  38919  354  1  260672  258  38919  0  38919  23781  359  137  188234056  0  704  869  869  24.8121948166  
1441332923  0  96266  23883  51419  19  9506898  845  39443  22436  11892651175  847  0  75556  75575  19  0  39545  354  1  262608  256  39545  0  39443  23883  359  137  163488351  102  422  626  626  24.8093823364  
