#type:G;
#time  Rt  Nm  Tt  Nc  Rx  Gz  Pc  Pf  Ra  Te  Pm  Fp  Fc  Ta  Fm  Om  Lm  Oc  Sm  Sc  Em  Af  Ea  Cf  Ec  Gd  Zt  Et  Ep  dedup_put_diff  total_eph_put_diff  dedup_factor  dedup_curr  compression_saving  tze_saving  
1441332746  0  0  5  0  0  0  0  0  0  0  0  0  0  0  0  0  0  0  0  0  0  0  0  0  0  0  0  0  0  0  0  0 0 0 0 
1441332746  0  0  6  0  0  0  0  0  0  0  0  0  0  0  0  0  0  0  0  0  0  0  0  0  0  0  0  0  0  0  0  0 0 0 0 
1441332747  0  0  6  0  0  0  0  0  0  0  0  0  0  0  0  0  0  0  0  0  0  0  0  0  0  0  0  0  0  0  0  0 0 0 0 
1441332747  0  0  7  0  0  0  0  0  0  0  0  0  0  0  0  0  0  0  0  0  0  0  0  0  0  0  0  0  0  0  0  0 0 0 0 
1441332748  0  0  8  0  0  0  0  0  0  0  0  0  0  0  0  0  0  0  0  0  0  0  0  0  0  0  0  0  0  0  0  0 0 0 0 
1441332748  0  0  9  0  0  0  0  0  0  0  0  0  0  0  0  0  0  0  0  0  0  0  0  0  0  0  0  0  0  0  0  0 0 0 0 
1441332749  0  0  10  0  0  0  0  0  0  0  0  0  0  0  0  0  0  0  0  0  0  0  0  0  0  0  0  0  0  0  0  0 0 0 0 
1441332749  0  0  11  0  0  0  0  0  0  0  0  0  0  0  0  0  0  0  0  0  0  0  0  0  0  0  0  0  0  0  0  0 0 0 0 
1441332750  0  0  12  0  0  0  0  0  0  0  0  0  0  0  0  0  0  0  0  0  0  0  0  0  0  0  0  0  0  0  0  0 0 0 0 
1441332750  0  0  13  0  0  0  0  0  0  0  0  0  0  0  0  0  0  0  0  0  0  0  0  0  0  0  0  0  0  0  0  0 0 0 0 
1441332751  0  0  13  0  0  0  0  0  0  0  0  0  0  0  0  0  0  0  0  0  0  0  0  0  0  0  0  0  0  0  0  0 0 0 0 
1441332751  0  0  14  0  0  0  0  0  0  0  0  0  0  0  0  0  0  0  0  0  0  0  0  0  0  0  0  0  0  0  0  0 0 0 0 
1441332752  0  0  15  0  0  0  0  0  0  0  0  0  0  0  0  0  0  0  0  0  0  0  0  0  0  0  0  0  0  0  0  0 0 0 0 
1441332752  0  0  16  0  0  0  0  0  0  0  0  0  0  0  0  0  0  0  0  0  0  0  0  0  0  0  0  0  0  0  0  0 0 0 0 
1441332753  0  0  17  0  0  0  0  0  0  0  0  0  0  0  0  0  0  0  0  0  0  0  0  0  0  0  0  0  0  0  0  0 0 0 0 
1441332753  0  0  18  0  0  0  0  0  0  0  0  0  0  0  0  0  0  0  0  0  0  0  0  0  0  0  0  0  0  0  0  0 0 0 0 
1441332754  0  0  19  0  0  0  0  0  0  0  0  0  0  0  0  0  0  0  0  0  0  0  0  0  0  0  0  0  0  0  0  0 0 0 0 
1441332754  0  0  19  0  0  0  0  0  0  0  0  0  0  0  0  0  0  0  0  0  0  0  0  0  0  0  0  0  0  0  0  0 0 0 0 
1441332755  0  0  20  0  0  0  0  0  0  0  0  0  0  0  0  0  0  0  0  0  0  0  0  0  0  0  0  0  0  0  0  0 0 0 0 
1441332755  0  0  21  0  0  0  0  0  0  0  0  0  0  0  0  0  0  0  0  0  0  0  0  0  0  0  0  0  0  0  0  0 0 0 0 
1441332756  0  0  22  0  0  0  0  0  0  0  0  0  0  0  0  0  0  0  0  0  0  0  0  0  0  0  0  0  0  0  0  0 0 0 0 
1441332756  0  0  23  0  0  0  0  0  0  0  0  0  0  0  0  0  0  0  0  0  0  0  0  0  0  0  0  0  0  0  0  0 0 0 0 
1441332757  0  0  24  0  0  0  0  0  0  0  0  0  0  0  0  0  0  0  0  0  0  0  0  0  0  0  0  0  0  0  0  0 0 0 0 
1441332757  0  0  25  0  0  0  0  0  0  0  0  0  0  0  0  0  0  0  0  0  0  0  0  0  0  0  0  0  0  0  0  0 0 0 0 
1441332758  0  0  25  0  0  0  0  0  0  0  0  0  0  0  0  0  0  0  0  0  0  0  0  0  0  0  0  0  0  0  0  0 0 0 0 
1441332758  0  0  26  0  0  0  0  0  0  0  0  0  0  0  0  0  0  0  0  0  0  0  0  0  0  0  0  0  0  0  0  0 0 0 0 
1441332759  0  0  27  0  0  0  0  0  0  0  0  0  0  0  0  0  0  0  0  0  0  0  0  0  0  0  0  0  0  0  0  0 0 0 0 
1441332759  0  0  28  0  0  0  0  0  0  0  0  0  0  0  0  0  0  0  0  0  0  0  0  0  0  0  0  0  0  0  0  0 0 0 0 
1441332760  0  0  29  0  0  0  0  0  0  0  0  0  0  0  0  0  0  0  0  0  0  0  0  0  0  0  0  0  0  0  0  0 0 0 0 
1441332760  0  0  30  0  0  0  0  0  0  0  0  0  0  0  0  0  0  0  0  0  0  0  0  0  0  0  0  0  0  0  0  0 0 0 0 
1441332761  0  0  31  0  0  0  0  0  0  0  0  0  0  0  0  0  0  0  0  0  0  0  0  0  0  0  0  0  0  0  0  0 0 0 0 
1441332761  0  0  31  0  0  0  0  0  0  0  0  0  0  0  0  0  0  0  0  0  0  0  0  0  0  0  0  0  0  0  0  0 0 0 0 
1441332762  0  0  32  0  0  0  0  0  0  0  0  0  0  0  0  0  0  0  0  0  0  0  0  0  0  0  0  0  0  0  0  0 0 0 0 
1441332762  0  0  33  0  0  0  0  0  0  0  0  0  0  0  0  0  0  0  0  0  0  0  0  0  0  0  0  0  0  0  0  0 0 0 0 
1441332763  0  0  34  0  0  0  0  0  0  0  0  0  0  0  0  0  0  0  0  0  0  0  0  0  0  0  0  0  0  0  0  0 0 0 0 
1441332763  0  0  35  0  0  0  0  0  0  0  0  0  0  0  0  0  0  0  0  0  0  0  0  0  0  0  0  0  0  0  0  0 0 0 0 
1441332764  0  0  36  0  0  0  0  0  0  0  0  0  0  0  0  0  0  0  0  0  0  0  0  0  0  0  0  0  0  0  0  0 0 0 0 
1441332764  0  0  37  0  0  0  0  0  0  0  0  0  0  0  0  0  0  0  0  0  0  0  0  0  0  0  0  0  0  0  0  0 0 0 0 
1441332765  0  0  37  0  0  0  0  0  0  0  0  0  0  0  0  0  0  0  0  0  0  0  0  0  0  0  0  0  0  0  0  0 0 0 0 
1441332765  0  0  38  0  0  0  0  0  0  0  0  0  0  0  0  0  0  0  0  0  0  0  0  0  0  0  0  0  0  0  0  0 0 0 0 
1441332766  0  0  39  0  0  0  0  0  0  0  0  0  0  0  0  0  0  0  0  0  0  0  0  0  0  0  0  0  0  0  0  0 0 0 0 
1441332766  0  0  40  0  0  0  0  0  0  0  0  0  0  0  0  0  0  0  0  0  0  0  0  0  0  0  0  0  0  0  0  0 0 0 0 
1441332767  0  0  41  0  0  0  0  0  0  0  0  0  0  0  0  0  0  0  0  0  0  0  0  0  0  0  0  0  0  0  0  0 0 0 0 
1441332767  0  0  42  0  0  0  0  0  0  0  0  0  0  0  0  0  0  0  0  0  0  0  0  0  0  0  0  0  0  0  0  0 0 0 0 
1441332768  0  0  43  0  0  0  0  0  0  0  0  0  0  0  0  0  0  0  0  0  0  0  0  0  0  0  0  0  0  0  0  0 0 0 0 
1441332768  0  0  43  0  0  0  0  0  0  0  0  0  0  0  0  0  0  0  0  0  0  0  0  0  0  0  0  0  0  0  0  0 0 0 0 
1441332769  0  0  44  0  0  0  0  0  0  0  0  0  0  0  0  0  0  0  0  0  0  0  0  0  0  0  0  0  0  0  0  0 0 0 0 
1441332769  0  0  45  0  0  0  0  0  0  0  0  0  0  0  0  0  0  0  0  0  0  0  0  0  0  0  0  0  0  0  0  0 0 0 0 
1441332770  0  0  46  0  0  0  0  0  0  0  0  0  0  0  0  0  0  0  0  0  0  0  0  0  0  0  0  0  0  0  0  0 0 0 0 
1441332770  0  0  47  0  0  0  0  0  0  0  0  0  0  0  0  0  0  0  0  0  0  0  0  0  0  0  0  0  0  0  0  0 0 0 0 
1441332771  0  0  48  0  0  0  0  0  0  0  0  0  0  0  0  0  0  0  0  0  0  0  0  0  0  0  0  0  0  0  0  0 0 0 0 
1441332771  0  0  49  0  0  0  0  0  0  0  0  0  0  0  0  0  0  0  0  0  0  0  0  0  0  0  0  0  0  0  0  0 0 0 0 
1441332772  0  0  49  0  0  0  0  0  0  0  0  0  0  0  0  0  0  0  0  0  0  0  0  0  0  0  0  0  0  0  0  0 0 0 0 
1441332772  0  0  50  0  0  0  0  0  0  0  0  0  0  0  0  0  0  0  0  0  0  0  0  0  0  0  0  0  0  0  0  0 0 0 0 
1441332773  0  0  51  0  0  0  0  0  0  0  0  0  0  0  0  0  0  0  0  0  0  0  0  0  0  0  0  0  0  0  0  0 0 0 0 
1441332773  0  0  52  0  0  0  0  0  0  0  0  0  0  0  0  0  0  0  0  0  0  0  0  0  0  0  0  0  0  0  0  0 0 0 0 
1441332774  0  0  53  0  0  0  0  0  0  0  0  0  0  0  0  0  0  0  0  0  0  0  0  0  0  0  0  0  0  0  0  0 0 0 0 
1441332774  0  0  54  0  0  0  0  0  0  0  0  0  0  0  0  0  0  0  0  0  0  0  0  0  0  0  0  0  0  0  0  0 0 0 0 
1441332775  0  0  55  0  0  0  0  0  0  0  0  0  0  0  0  0  0  0  0  0  0  0  0  0  0  0  0  0  0  0  0  0 0 0 0 
1441332775  0  0  55  0  0  0  0  0  0  0  0  0  0  0  0  0  0  0  0  0  0  0  0  0  0  0  0  0  0  0  0  0 0 0 0 
1441332776  0  0  56  0  0  0  0  0  0  0  0  0  0  0  0  0  0  0  0  0  0  0  0  0  0  0  0  0  0  0  0  0 0 0 0 
1441332776  0  0  57  0  0  0  0  0  0  0  0  0  0  0  0  0  0  0  0  0  0  0  0  0  0  0  0  0  0  0  0  0 0 0 0 
1441332777  0  0  58  0  0  0  0  0  0  0  0  0  0  0  0  0  0  0  0  0  0  0  0  0  0  0  0  0  0  0  0  0 0 0 0 
1441332777  0  0  59  0  0  0  0  0  0  0  0  0  0  0  0  0  0  0  0  0  0  0  0  0  0  0  0  0  0  0  0  0 0 0 0 
1441332778  0  0  60  0  0  0  0  0  0  0  0  0  0  0  0  0  0  0  0  0  0  0  0  0  0  0  0  0  0  0  0  0 0 0 0 
1441332778  0  0  61  0  0  0  0  0  0  0  0  0  0  0  0  0  0  0  0  0  0  0  0  0  0  0  0  0  0  0  0  0 0 0 0 
1441332779  0  0  61  0  0  0  0  0  0  0  0  0  0  0  0  0  0  0  0  0  0  0  0  0  0  0  0  0  0  0  0  0 0 0 0 
1441332779  0  0  62  0  0  0  0  0  0  0  0  0  0  0  0  0  0  0  0  0  0  0  0  0  0  0  0  0  0  0  0  0 0 0 0 
1441332780  0  0  63  0  0  0  0  0  0  0  0  0  0  0  0  0  0  0  0  0  0  0  0  0  0  0  0  0  0  0  0  0 0 0 0 
1441332780  0  0  64  0  0  0  0  0  0  0  0  0  0  0  0  0  0  0  0  0  0  0  0  0  0  0  0  0  0  0  0  0 0 0 0 
1441332781  0  0  65  0  0  0  0  0  0  0  0  0  0  0  0  0  0  0  0  0  0  0  0  0  0  0  0  0  0  0  0  0 0 0 0 
1441332781  0  0  66  0  0  0  0  0  0  0  0  0  0  0  0  0  0  0  0  0  0  0  0  0  0  0  0  0  0  0  0  0 0 0 0 
1441332782  0  0  67  0  0  0  0  0  0  0  0  0  0  0  0  0  0  0  0  0  0  0  0  0  0  0  0  0  0  0  0  0 0 0 0 
1441332783  0  0  67  0  0  0  0  0  0  0  0  0  0  0  0  0  0  0  0  0  0  0  0  0  0  0  0  0  0  0  0  0 0 0 0 
1441332783  0  0  68  0  0  0  0  0  0  0  0  0  0  0  0  0  0  0  0  0  0  0  0  0  0  0  0  0  0  0  0  0 0 0 0 
1441332784  0  0  69  0  0  0  0  0  0  0  0  0  0  0  0  0  0  0  0  0  0  0  0  0  0  0  0  0  0  0  0  0 0 0 0 
1441332784  0  0  70  0  0  0  0  0  0  0  0  0  0  0  0  0  0  0  0  0  0  0  0  0  0  0  0  0  0  0  0  0 0 0 0 
1441332785  0  0  71  0  0  0  0  0  0  0  0  0  0  0  0  0  0  0  0  0  0  0  0  0  0  0  0  0  0  0  0  0 0 0 0 
1441332785  0  0  72  0  0  0  0  0  0  0  0  0  0  0  0  0  0  0  0  0  0  0  0  0  0  0  0  0  0  0  0  0 0 0 0 
1441332786  0  0  73  0  0  0  0  0  0  0  0  0  0  0  0  0  0  0  0  0  0  0  0  0  0  0  0  0  0  0  0  0 0 0 0 
1441332786  0  0  73  0  0  0  0  0  0  0  0  0  0  0  0  0  0  0  0  0  0  0  0  0  0  0  0  0  0  0  0  0 0 0 0 
1441332787  0  0  74  0  0  0  0  0  0  0  0  0  0  0  0  0  0  0  0  0  0  0  0  0  0  0  0  0  0  0  0  0 0 0 0 
1441332787  0  0  75  0  0  0  0  0  0  0  0  0  0  0  0  0  0  0  0  0  0  0  0  0  0  0  0  0  0  0  0  0 0 0 0 
1441332788  0  0  76  0  0  0  0  0  0  0  0  0  0  0  0  0  0  0  0  0  0  0  0  0  0  0  0  0  0  0  0  0 0 0 0 
1441332788  0  0  76  0  0  0  0  0  0  0  0  0  0  0  0  0  0  0  0  0  0  0  0  0  0  0  0  0  0  0  0  0 0 0 0 
1441332789  0  0  77  0  0  0  0  0  0  0  0  0  0  0  0  0  0  0  0  0  0  0  0  0  0  0  0  0  0  0  0  0 0 0 0 
1441332789  0  0  78  0  0  0  0  0  0  0  0  0  0  0  0  0  0  0  0  0  0  0  0  0  0  0  0  0  0  0  0  0 0 0 0 
1441332790  0  0  79  0  0  0  0  0  0  0  0  0  0  0  0  0  0  0  0  0  0  0  0  0  0  0  0  0  0  0  0  0 0 0 0 
1441332790  0  0  80  0  0  0  0  0  0  0  0  0  0  0  0  0  0  0  0  0  0  0  0  0  0  0  0  0  0  0  0  0 0 0 0 
1441332791  0  0  81  0  0  0  0  0  0  0  0  0  0  0  0  0  0  0  0  0  0  0  0  0  0  0  0  0  0  0  0  0 0 0 0 
1441332791  0  0  82  0  0  0  0  0  0  0  0  0  0  0  0  0  0  0  0  0  0  0  0  0  0  0  0  0  0  0  0  0 0 0 0 
1441332792  0  0  83  0  0  0  0  0  0  0  0  0  0  0  0  0  0  0  0  0  0  0  0  0  0  0  0  0  0  0  0  0 0 0 0 
1441332792  0  0  83  0  0  0  0  0  0  0  0  0  0  0  0  0  0  0  0  0  0  0  0  0  0  0  0  0  0  0  0  0 0 0 0 
1441332793  0  0  84  0  0  0  0  0  0  0  0  0  0  0  0  0  0  0  0  0  0  0  0  0  0  0  0  0  0  0  0  0 0 0 0 
1441332793  0  0  85  0  0  0  0  0  0  0  0  0  0  0  0  0  0  0  0  0  0  0  0  0  0  0  0  0  0  0  0  0 0 0 0 
1441332794  0  0  86  0  0  0  0  0  0  0  0  0  0  0  0  0  0  0  0  0  0  0  0  0  0  0  0  0  0  0  0  0 0 0 0 
1441332794  0  0  87  0  0  0  0  0  0  0  0  0  0  0  0  0  0  0  0  0  0  0  0  0  0  0  0  0  0  0  0  0 0 0 0 
1441332795  0  0  88  0  0  0  0  0  0  0  0  0  0  0  0  0  0  0  0  0  0  0  0  0  0  0  0  0  0  0  0  0 0 0 0 
1441332795  0  0  89  0  0  0  0  0  0  0  0  0  0  0  0  0  0  0  0  0  0  0  0  0  0  0  0  0  0  0  0  0 0 0 0 
1441332796  0  0  90  0  0  0  0  0  0  0  0  0  0  0  0  0  0  0  0  0  0  0  0  0  0  0  0  0  0  0  0  0 0 0 0 
1441332796  0  0  90  0  0  0  0  0  0  0  0  0  0  0  0  0  0  0  0  0  0  0  0  0  0  0  0  0  0  0  0  0 0 0 0 
1441332797  0  0  91  0  0  0  0  0  0  0  0  0  0  0  0  0  0  0  0  0  0  0  0  0  0  0  0  0  0  0  0  0 0 0 0 
1441332797  0  0  92  0  0  0  0  0  0  0  0  0  0  0  0  0  0  0  0  0  0  0  0  0  0  0  0  0  0  0  0  0 0 0 0 
1441332798  0  0  93  0  0  0  0  0  0  0  0  0  0  0  0  0  0  0  0  0  0  0  0  0  0  0  0  0  0  0  0  0 0 0 0 
1441332798  0  0  94  0  0  0  0  0  0  0  0  0  0  0  0  0  0  0  0  0  0  0  0  0  0  0  0  0  0  0  0  0 0 0 0 
1441332799  0  0  95  0  0  0  0  0  0  0  0  0  0  0  0  0  0  0  0  0  0  0  0  0  0  0  0  0  0  0  0  0 0 0 0 
1441332799  0  0  96  0  0  0  0  0  0  0  0  0  0  0  0  0  0  0  0  0  0  0  0  0  0  0  0  0  0  0  0  0 0 0 0 
1441332800  0  0  96  0  0  0  0  0  0  0  0  0  0  0  0  0  0  0  0  0  0  0  0  0  0  0  0  0  0  0  0  0 0 0 0 
1441332800  0  0  97  0  0  0  0  0  0  0  0  0  0  0  0  0  0  0  0  0  0  0  0  0  0  0  0  0  0  0  0  0 0 0 0 
1441332801  0  0  98  0  0  0  0  0  0  0  0  0  0  0  0  0  0  0  0  0  0  0  0  0  0  0  0  0  0  0  0  0 0 0 0 
1441332801  0  0  99  0  0  0  0  0  0  0  0  0  0  0  0  0  0  0  0  0  0  0  0  0  0  0  0  0  0  0  0  0 0 0 0 
1441332802  0  0  100  0  0  0  0  0  0  0  0  0  0  0  0  0  0  0  0  0  0  0  0  0  0  0  0  0  0  0  0  0 0 0 0 
1441332802  0  0  101  0  0  0  0  0  0  0  0  0  0  0  0  0  0  0  0  0  0  0  0  0  0  0  0  0  0  0  0  0 0 0 0 
1441332803  0  0  102  0  0  0  0  0  0  0  0  0  0  0  0  0  0  0  0  0  0  0  0  0  0  0  0  0  0  0  0  0 0 0 0 
1441332803  0  0  103  0  0  0  0  0  0  0  0  0  0  0  0  0  0  0  0  0  0  0  0  0  0  0  0  0  0  0  0  0 0 0 0 
1441332804  0  0  103  0  0  0  0  0  0  0  0  0  0  0  0  0  0  0  0  0  0  0  0  0  0  0  0  0  0  0  0  0 0 0 0 
1441332804  0  0  104  0  0  0  0  0  0  0  0  0  0  0  0  0  0  0  0  0  0  0  0  0  0  0  0  0  0  0  0  0 0 0 0 
1441332805  0  0  105  0  0  0  0  0  0  0  0  0  0  0  0  0  0  0  0  0  0  0  0  0  0  0  0  0  0  0  0  0 0 0 0 
1441332805  0  0  106  0  0  0  0  0  0  0  0  0  0  0  0  0  0  0  0  0  0  0  0  0  0  0  0  0  0  0  0  0 0 0 0 
1441332806  0  0  107  0  0  0  0  0  0  0  0  0  0  0  0  0  0  0  0  0  0  0  0  0  0  0  0  0  0  0  0  0 0 0 0 
1441332806  0  0  108  0  0  0  0  0  0  0  0  0  0  0  0  0  0  0  0  0  0  0  0  0  0  0  0  0  0  0  0  0 0 0 0 
1441332807  0  0  109  0  0  0  0  0  0  0  0  0  0  0  0  0  0  0  0  0  0  0  0  0  0  0  0  0  0  0  0  0 0 0 0 
1441332807  0  0  109  0  0  0  0  0  0  0  0  0  0  0  0  0  0  0  0  0  0  0  0  0  0  0  0  0  0  0  0  0 0 0 0 
1441332808  0  0  110  0  0  0  0  0  0  0  0  0  0  0  0  0  0  0  0  0  0  0  0  0  0  0  0  0  0  0  0  0 0 0 0 
1441332808  0  0  111  0  0  0  0  0  0  0  0  0  0  0  0  0  0  0  0  0  0  0  0  0  0  0  0  0  0  0  0  0 0 0 0 
1441332809  0  0  112  0  0  0  0  0  0  0  0  0  0  0  0  0  0  0  0  0  0  0  0  0  0  0  0  0  0  0  0  0 0 0 0 
1441332809  0  0  113  0  0  0  0  0  0  0  0  0  0  0  0  0  0  0  0  0  0  0  0  0  0  0  0  0  0  0  0  0 0 0 0 
1441332810  0  0  114  0  0  0  0  0  0  0  0  0  0  0  0  0  0  0  0  0  0  0  0  0  0  0  0  0  0  0  0  0 0 0 0 
1441332810  0  0  115  0  0  0  0  0  0  0  0  0  0  0  0  0  0  0  0  0  0  0  0  0  0  0  0  0  0  0  0  0 0 0 0 
1441332811  0  0  116  0  0  0  0  0  0  0  0  0  0  0  0  0  0  0  0  0  0  0  0  0  0  0  0  0  0  0  0  0 0 0 0 
1441332811  0  0  116  0  0  0  0  0  0  0  0  0  0  0  0  0  0  0  0  0  0  0  0  0  0  0  0  0  0  0  0  0 0 0 0 
1441332812  0  0  117  0  0  0  0  0  0  0  0  0  0  0  0  0  0  0  0  0  0  0  0  0  0  0  0  0  0  0  0  0 0 0 0 
1441332812  0  0  118  0  0  0  0  0  0  0  0  0  0  0  0  0  0  0  0  0  0  0  0  0  0  0  0  0  0  0  0  0 0 0 0 
1441332813  0  0  119  0  0  0  0  0  0  0  0  0  0  0  0  0  0  0  0  0  0  0  0  0  0  0  0  0  0  0  0  0 0 0 0 
1441332813  0  0  122  0  0  0  0  0  0  0  0  0  0  0  0  0  0  0  0  0  0  0  0  0  0  0  0  0  0  0  0  0 0 0 0 
1441332814  0  0  123  0  0  0  0  0  0  0  0  0  0  0  0  0  0  0  0  0  0  0  0  0  0  0  0  0  0  0  0  0 0 0 0 
1441332814  0  0  124  0  0  0  0  0  0  0  0  0  0  0  0  0  0  0  0  0  0  0  0  0  0  0  0  0  0  0  0  0 0 0 0 
1441332817  0  0  127  0  0  0  0  0  0  0  0  0  0  0  0  0  0  0  0  0  0  0  0  0  0  0  0  0  0  0  0  0 0 0 0 
1441332817  0  0  127  0  0  0  0  0  0  0  0  0  0  0  0  0  0  0  0  0  0  0  0  0  0  0  0  0  0  0  0  0 0 0 0 
1441332818  0  0  128  0  0  0  0  0  0  0  0  0  0  0  0  0  0  0  0  0  0  0  0  0  0  0  0  0  0  0  0  0 0 0 0 
1441332818  0  0  129  0  0  0  0  0  0  0  0  0  0  0  0  0  0  0  0  0  0  0  0  0  0  0  0  0  0  0  0  0 0 0 0 
1441332819  0  0  130  0  0  0  0  0  0  0  0  0  0  0  0  0  0  0  0  0  0  0  0  0  0  0  0  0  0  0  0  0 0 0 0 
1441332819  0  0  131  0  0  0  0  0  0  0  0  0  0  0  0  0  0  0  0  0  0  0  0  0  0  0  0  0  0  0  0  0 0 0 0 
1441332820  0  0  132  0  0  0  0  0  0  0  0  0  0  0  0  0  0  0  0  0  0  0  0  0  0  0  0  0  0  0  0  0 0 0 0 
1441332820  0  0  133  0  0  0  0  0  0  0  0  0  0  0  0  0  0  0  0  0  0  0  0  0  0  0  0  0  0  0  0  0 0 0 0 
1441332821  0  0  133  0  0  0  0  0  0  0  0  0  0  0  0  0  0  0  0  0  0  0  0  0  0  0  0  0  0  0  0  0 0 0 0 
1441332821  0  0  139  0  0  0  0  0  0  4  0  0  0  0  0  0  0  0  0  0  0  0  0  0  0  0  0  0  0  0  0  0 0 0 0 
1441332822  0  0  956  0  0  0  0  0  0  820  0  0  0  0  0  0  0  0  0  0  0  0  0  0  0  0  0  0  0  0  0  0 0 0 0 
1441332822  0  0  1633  0  0  0  0  0  0  1496  0  0  0  0  0  0  0  0  0  0  0  0  0  0  0  0  0  0  0  0  0  0 0 0 0 
1441332823  0  0  1962  0  0  0  0  0  0  1824  0  0  0  0  0  0  0  0  0  0  0  0  0  0  0  0  0  0  0  0  0  0 0 0 0 
1441332823  0  0  2432  0  0  0  0  0  0  2293  0  0  0  0  0  0  0  0  0  0  0  0  0  0  0  0  0  0  0  0  0  0 0 0 0 
1441332824  0  0  2881  0  0  0  0  0  0  2689  0  0  0  0  0  0  0  0  0  0  0  0  0  0  0  0  0  0  0  0  0  0 0 0 0 
1441332824  0  0  3935  0  0  0  0  0  0  3737  0  0  0  0  0  0  0  0  0  0  0  0  0  0  0  0  0  0  0  0  0  0 0 0 0 
1441332825  0  0  3935  0  0  0  0  0  0  3737  0  0  0  0  0  0  0  0  0  0  0  0  0  0  0  0  0  0  0  0  0  0 0 0 0 
1441332825  0  0  4925  0  0  0  0  0  0  4715  0  0  0  0  0  0  0  0  0  0  0  0  0  0  0  0  0  0  0  0  0  0 0 0 0 
1441332826  0  0  5106  0  0  0  0  0  0  4895  0  0  0  0  0  0  0  0  0  0  0  0  0  0  0  0  0  0  0  0  0  0 0 0 0 
1441332826  0  0  5107  0  0  0  0  0  0  4895  0  0  0  0  0  0  0  0  0  0  0  0  0  0  0  0  0  0  0  0  0  0 0 0 0 
1441332827  0  0  5108  0  0  0  0  0  0  4895  0  0  0  0  0  0  0  0  0  0  0  0  0  0  0  0  0  0  0  0  0  0 0 0 0 
1441332827  0  0  5109  0  0  0  0  0  0  4895  0  0  0  0  0  0  0  0  0  0  0  0  0  0  0  0  0  0  0  0  0  0 0 0 0 
1441332828  0  0  5110  0  0  0  0  0  0  4895  0  0  0  0  0  0  0  0  0  0  0  0  0  0  0  0  0  0  0  0  0  0 0 0 0 
1441332828  0  0  5110  0  0  0  0  0  0  4895  0  0  0  0  0  0  0  0  0  0  0  0  0  0  0  0  0  0  0  0  0  0 0 0 0 
1441332829  0  0  5111  0  0  0  0  0  0  4895  0  0  0  0  0  0  0  0  0  0  0  0  0  0  0  0  0  0  0  0  0  0 0 0 0 
1441332829  0  0  5112  0  0  0  0  0  0  4895  0  0  0  0  0  0  0  0  0  0  0  0  0  0  0  0  0  0  0  0  0  0 0 0 0 
1441332830  0  0  5113  0  0  0  0  0  0  4895  0  0  0  0  0  0  0  0  0  0  0  0  0  0  0  0  0  0  0  0  0  0 0 0 0 
1441332830  0  0  5114  0  0  0  0  0  0  4895  0  0  0  0  0  0  0  0  0  0  0  0  0  0  0  0  0  0  0  0  0  0 0 0 0 
1441332831  0  0  5115  0  0  0  0  0  0  4895  0  0  0  0  0  0  0  0  0  0  0  0  0  0  0  0  0  0  0  0  0  0 0 0 0 
1441332831  0  0  5116  0  0  0  0  0  0  4895  0  0  0  0  0  0  0  0  0  0  0  0  0  0  0  0  0  0  0  0  0  0 0 0 0 
1441332832  0  0  5116  0  0  0  0  0  0  4895  0  0  0  0  0  0  0  0  0  0  0  0  0  0  0  0  0  0  0  0  0  0 0 0 0 
1441332832  0  0  5117  0  0  0  0  0  0  4895  0  0  0  0  0  0  0  0  0  0  0  0  0  0  0  0  0  0  0  0  0  0 0 0 0 
1441332833  0  0  5118  0  0  0  0  0  0  4895  0  0  0  0  0  0  0  0  0  0  0  0  0  0  0  0  0  0  0  0  0  0 0 0 0 
1441332833  0  0  5119  0  0  0  0  0  0  4895  0  0  0  0  0  0  0  0  0  0  0  0  0  0  0  0  0  0  0  0  0  0 0 0 0 
1441332834  0  0  5120  0  0  0  0  0  0  4895  0  0  0  0  0  0  0  0  0  0  0  0  0  0  0  0  0  0  0  0  0  0 0 0 0 
1441332835  0  0  5121  0  0  0  0  0  0  4895  0  0  0  0  0  0  0  0  0  0  0  0  0  0  0  0  0  0  0  0  0  0 0 0 0 
1441332835  0  0  5122  0  0  0  0  0  0  4895  0  0  0  0  0  0  0  0  0  0  0  0  0  0  0  0  0  0  0  0  0  0 0 0 0 
1441332836  0  0  5122  0  0  0  0  0  0  4895  0  0  0  0  0  0  0  0  0  0  0  0  0  0  0  0  0  0  0  0  0  0 0 0 0 
1441332836  0  0  5123  0  0  0  0  0  0  4895  0  0  0  0  0  0  0  0  0  0  0  0  0  0  0  0  0  0  0  0  0  0 0 0 0 
1441332837  0  0  5124  0  0  0  0  0  0  4895  0  0  0  0  0  0  0  0  0  0  0  0  0  0  0  0  0  0  0  0  0  0 0 0 0 
1441332837  0  0  5125  0  0  0  0  0  0  4895  0  0  0  0  0  0  0  0  0  0  0  0  0  0  0  0  0  0  0  0  0  0 0 0 0 
1441332838  0  0  5126  0  0  0  0  0  0  4895  0  0  0  0  0  0  0  0  0  0  0  0  0  0  0  0  0  0  0  0  0  0 0 0 0 
1441332838  0  0  5127  0  0  0  0  0  0  4895  0  0  0  0  0  0  0  0  0  0  0  0  0  0  0  0  0  0  0  0  0  0 0 0 0 
1441332839  0  0  5128  0  0  0  0  0  0  4895  0  0  0  0  0  0  0  0  0  0  0  0  0  0  0  0  0  0  0  0  0  0 0 0 0 
1441332839  0  0  5128  0  0  0  0  0  0  4895  0  0  0  0  0  0  0  0  0  0  0  0  0  0  0  0  0  0  0  0  0  0 0 0 0 
1441332840  0  0  5129  0  0  0  0  0  0  4895  0  0  0  0  0  0  0  0  0  0  0  0  0  0  0  0  0  0  0  0  0  0 0 0 0 
1441332840  0  0  5130  0  0  0  0  0  0  4895  0  0  0  0  0  0  0  0  0  0  0  0  0  0  0  0  0  0  0  0  0  0 0 0 0 
1441332841  0  0  5131  0  0  0  0  0  0  4895  0  0  0  0  0  0  0  0  0  0  0  0  0  0  0  0  0  0  0  0  0  0 0 0 0 
1441332841  0  0  5132  0  0  0  0  0  0  4895  0  0  0  0  0  0  0  0  0  0  0  0  0  0  0  0  0  0  0  0  0  0 0 0 0 
1441332842  0  0  5133  0  0  0  0  0  0  4895  0  0  0  0  0  0  0  0  0  0  0  0  0  0  0  0  0  0  0  0  0  0 0 0 0 
1441332842  0  0  5134  0  0  0  0  0  0  4895  0  0  0  0  0  0  0  0  0  0  0  0  0  0  0  0  0  0  0  0  0  0 0 0 0 
1441332843  0  0  5134  0  0  0  0  0  0  4895  0  0  0  0  0  0  0  0  0  0  0  0  0  0  0  0  0  0  0  0  0  0 0 0 0 
1441332843  0  0  5135  0  0  0  0  0  0  4895  0  0  0  0  0  0  0  0  0  0  0  0  0  0  0  0  0  0  0  0  0  0 0 0 0 
1441332844  0  0  5136  0  0  0  0  0  0  4895  0  0  0  0  0  0  0  0  0  0  0  0  0  0  0  0  0  0  0  0  0  0 0 0 0 
1441332844  0  0  5137  0  0  0  0  0  0  4895  0  0  0  0  0  0  0  0  0  0  0  0  0  0  0  0  0  0  0  0  0  0 0 0 0 
1441332845  0  0  5138  0  0  0  0  0  0  4895  0  0  0  0  0  0  0  0  0  0  0  0  0  0  0  0  0  0  0  0  0  0 0 0 0 
1441332845  0  0  5139  0  0  0  0  0  0  4895  0  0  0  0  0  0  0  0  0  0  0  0  0  0  0  0  0  0  0  0  0  0 0 0 0 
1441332846  0  0  5140  0  0  0  0  0  0  4895  0  0  0  0  0  0  0  0  0  0  0  0  0  0  0  0  0  0  0  0  0  0 0 0 0 
1441332846  0  0  5140  0  0  0  0  0  0  4895  0  0  0  0  0  0  0  0  0  0  0  0  0  0  0  0  0  0  0  0  0  0 0 0 0 
1441332847  0  0  5141  0  0  0  0  0  0  4895  0  0  0  0  0  0  0  0  0  0  0  0  0  0  0  0  0  0  0  0  0  0 0 0 0 
1441332847  0  0  5142  0  0  0  0  0  0  4895  0  0  0  0  0  0  0  0  0  0  0  0  0  0  0  0  0  0  0  0  0  0 0 0 0 
1441332848  0  0  5143  0  0  0  0  0  0  4895  0  0  0  0  0  0  0  0  0  0  0  0  0  0  0  0  0  0  0  0  0  0 0 0 0 
1441332848  0  0  5144  0  0  0  0  0  0  4895  0  0  0  0  0  0  0  0  0  0  0  0  0  0  0  0  0  0  0  0  0  0 0 0 0 
1441332849  0  0  5145  0  0  0  0  0  0  4895  0  0  0  0  0  0  0  0  0  0  0  0  0  0  0  0  0  0  0  0  0  0 0 0 0 
1441332849  0  0  5146  0  0  0  0  0  0  4895  0  0  0  0  0  0  0  0  0  0  0  0  0  0  0  0  0  0  0  0  0  0 0 0 0 
1441332850  0  0  5146  0  0  0  0  0  0  4895  0  0  0  0  0  0  0  0  0  0  0  0  0  0  0  0  0  0  0  0  0  0 0 0 0 
1441332850  0  0  5147  0  0  0  0  0  0  4895  0  0  0  0  0  0  0  0  0  0  0  0  0  0  0  0  0  0  0  0  0  0 0 0 0 
1441332851  0  0  5148  0  0  0  0  0  0  4895  0  0  0  0  0  0  0  0  0  0  0  0  0  0  0  0  0  0  0  0  0  0 0 0 0 
1441332851  0  0  5149  0  0  0  0  0  0  4895  0  0  0  0  0  0  0  0  0  0  0  0  0  0  0  0  0  0  0  0  0  0 0 0 0 
1441332852  0  0  5150  0  0  0  0  0  0  4895  0  0  0  0  0  0  0  0  0  0  0  0  0  0  0  0  0  0  0  0  0  0 0 0 0 
1441332852  0  0  5151  0  0  0  0  0  0  4895  0  0  0  0  0  0  0  0  0  0  0  0  0  0  0  0  0  0  0  0  0  0 0 0 0 
1441332853  0  0  5152  0  0  0  0  0  0  4895  0  0  0  0  0  0  0  0  0  0  0  0  0  0  0  0  0  0  0  0  0  0 0 0 0 
1441332853  0  0  5152  0  0  0  0  0  0  4895  0  0  0  0  0  0  0  0  0  0  0  0  0  0  0  0  0  0  0  0  0  0 0 0 0 
1441332854  0  0  5153  0  0  0  0  0  0  4895  0  0  0  0  0  0  0  0  0  0  0  0  0  0  0  0  0  0  0  0  0  0 0 0 0 
1441332854  0  0  5154  0  0  0  0  0  0  4895  0  0  0  0  0  0  0  0  0  0  0  0  0  0  0  0  0  0  0  0  0  0 0 0 0 
1441332855  0  0  5155  0  0  0  0  0  0  4895  0  0  0  0  0  0  0  0  0  0  0  0  0  0  0  0  0  0  0  0  0  0 0 0 0 
1441332855  0  0  5156  0  0  0  0  0  0  4895  0  0  0  0  0  0  0  0  0  0  0  0  0  0  0  0  0  0  0  0  0  0 0 0 0 
1441332856  0  0  5157  0  0  0  0  0  0  4895  0  0  0  0  0  0  0  0  0  0  0  0  0  0  0  0  0  0  0  0  0  0 0 0 0 
1441332856  0  0  5158  0  0  0  0  0  0  4895  0  0  0  0  0  0  0  0  0  0  0  0  0  0  0  0  0  0  0  0  0  0 0 0 0 
1441332857  0  0  5158  0  0  0  0  0  0  4895  0  0  0  0  0  0  0  0  0  0  0  0  0  0  0  0  0  0  0  0  0  0 0 0 0 
1441332857  0  0  5159  0  0  0  0  0  0  4895  0  0  0  0  0  0  0  0  0  0  0  0  0  0  0  0  0  0  0  0  0  0 0 0 0 
1441332858  0  0  5160  0  0  0  0  0  0  4895  0  0  0  0  0  0  0  0  0  0  0  0  0  0  0  0  0  0  0  0  0  0 0 0 0 
1441332858  0  0  5161  0  0  0  0  0  0  4895  0  0  0  0  0  0  0  0  0  0  0  0  0  0  0  0  0  0  0  0  0  0 0 0 0 
1441332859  0  0  5162  0  0  0  0  0  0  4895  0  0  0  0  0  0  0  0  0  0  0  0  0  0  0  0  0  0  0  0  0  0 0 0 0 
1441332859  0  0  5163  0  0  0  0  0  0  4895  0  0  0  0  0  0  0  0  0  0  0  0  0  0  0  0  0  0  0  0  0  0 0 0 0 
1441332860  0  0  5164  0  0  0  0  0  0  4895  0  0  0  0  0  0  0  0  0  0  0  0  0  0  0  0  0  0  0  0  0  0 0 0 0 
1441332860  0  0  5164  0  0  0  0  0  0  4895  0  0  0  0  0  0  0  0  0  0  0  0  0  0  0  0  0  0  0  0  0  0 0 0 0 
1441332861  0  0  5165  0  0  0  0  0  0  4895  0  0  0  0  0  0  0  0  0  0  0  0  0  0  0  0  0  0  0  0  0  0 0 0 0 
1441332861  0  0  5166  0  0  0  0  0  0  4895  0  0  0  0  0  0  0  0  0  0  0  0  0  0  0  0  0  0  0  0  0  0 0 0 0 
1441332862  0  0  5167  0  0  0  0  0  0  4895  0  0  0  0  0  0  0  0  0  0  0  0  0  0  0  0  0  0  0  0  0  0 0 0 0 
1441332862  0  0  5168  0  0  0  0  0  0  4895  0  0  0  0  0  0  0  0  0  0  0  0  0  0  0  0  0  0  0  0  0  0 0 0 0 
1441332863  0  0  5169  0  0  0  0  0  0  4895  0  0  0  0  0  0  0  0  0  0  0  0  0  0  0  0  0  0  0  0  0  0 0 0 0 
1441332863  0  0  5170  0  0  0  0  0  0  4895  0  0  0  0  0  0  0  0  0  0  0  0  0  0  0  0  0  0  0  0  0  0 0 0 0 
1441332864  0  0  5170  0  0  0  0  0  0  4895  0  0  0  0  0  0  0  0  0  0  0  0  0  0  0  0  0  0  0  0  0  0 0 0 0 
1441332864  0  0  5171  0  0  0  0  0  0  4895  0  0  0  0  0  0  0  0  0  0  0  0  0  0  0  0  0  0  0  0  0  0 0 0 0 
1441332865  0  0  5172  0  0  0  0  0  0  4895  0  0  0  0  0  0  0  0  0  0  0  0  0  0  0  0  0  0  0  0  0  0 0 0 0 
1441332865  0  0  5173  0  0  0  0  0  0  4895  0  0  0  0  0  0  0  0  0  0  0  0  0  0  0  0  0  0  0  0  0  0 0 0 0 
1441332866  0  0  5174  0  0  0  0  0  0  4895  0  0  0  0  0  0  0  0  0  0  0  0  0  0  0  0  0  0  0  0  0  0 0 0 0 
1441332866  0  0  5175  0  0  0  0  0  0  4895  0  0  0  0  0  0  0  0  0  0  0  0  0  0  0  0  0  0  0  0  0  0 0 0 0 
1441332867  0  0  5176  0  0  0  0  0  0  4895  0  0  0  0  0  0  0  0  0  0  0  0  0  0  0  0  0  0  0  0  0  0 0 0 0 
1441332867  0  0  5176  0  0  0  0  0  0  4895  0  0  0  0  0  0  0  0  0  0  0  0  0  0  0  0  0  0  0  0  0  0 0 0 0 
1441332868  0  0  5177  0  0  0  0  0  0  4895  0  0  0  0  0  0  0  0  0  0  0  0  0  0  0  0  0  0  0  0  0  0 0 0 0 
1441332868  0  0  5178  0  0  0  0  0  0  4895  0  0  0  0  0  0  0  0  0  0  0  0  0  0  0  0  0  0  0  0  0  0 0 0 0 
1441332869  0  0  5179  0  0  0  0  0  0  4895  0  0  0  0  0  0  0  0  0  0  0  0  0  0  0  0  0  0  0  0  0  0 0 0 0 
1441332869  0  0  5180  0  0  0  0  0  0  4895  0  0  0  0  0  0  0  0  0  0  0  0  0  0  0  0  0  0  0  0  0  0 0 0 0 
1441332870  0  0  5181  0  0  0  0  0  0  4895  0  0  0  0  0  0  0  0  0  0  0  0  0  0  0  0  0  0  0  0  0  0 0 0 0 
1441332870  0  0  5182  0  0  0  0  0  0  4895  0  0  0  0  0  0  0  0  0  0  0  0  0  0  0  0  0  0  0  0  0  0 0 0 0 
1441332871  0  0  5182  0  0  0  0  0  0  4895  0  0  0  0  0  0  0  0  0  0  0  0  0  0  0  0  0  0  0  0  0  0 0 0 0 
1441332871  0  0  5183  0  0  0  0  0  0  4895  0  0  0  0  0  0  0  0  0  0  0  0  0  0  0  0  0  0  0  0  0  0 0 0 0 
1441332872  0  0  5184  0  0  0  0  0  0  4895  0  0  0  0  0  0  0  0  0  0  0  0  0  0  0  0  0  0  0  0  0  0 0 0 0 
1441332872  0  0  5185  0  0  0  0  0  0  4895  0  0  0  0  0  0  0  0  0  0  0  0  0  0  0  0  0  0  0  0  0  0 0 0 0 
1441332873  0  0  5186  0  0  0  0  0  0  4895  0  0  0  0  0  0  0  0  0  0  0  0  0  0  0  0  0  0  0  0  0  0 0 0 0 
1441332873  0  0  5187  0  0  0  0  0  0  4895  0  0  0  0  0  0  0  0  0  0  0  0  0  0  0  0  0  0  0  0  0  0 0 0 0 
1441332874  0  0  5188  0  0  0  0  0  0  4895  0  0  0  0  0  0  0  0  0  0  0  0  0  0  0  0  0  0  0  0  0  0 0 0 0 
1441332875  0  0  5188  0  0  0  0  0  0  4895  0  0  0  0  0  0  0  0  0  0  0  0  0  0  0  0  0  0  0  0  0  0 0 0 0 
1441332875  0  0  5189  0  0  0  0  0  0  4895  0  0  0  0  0  0  0  0  0  0  0  0  0  0  0  0  0  0  0  0  0  0 0 0 0 
1441332876  0  0  5190  0  0  0  0  0  0  4895  0  0  0  0  0  0  0  0  0  0  0  0  0  0  0  0  0  0  0  0  0  0 0 0 0 
1441332876  0  0  5191  0  0  0  0  0  0  4895  0  0  0  0  0  0  0  0  0  0  0  0  0  0  0  0  0  0  0  0  0  0 0 0 0 
1441332877  0  0  5192  0  0  0  0  0  0  4895  0  0  0  0  0  0  0  0  0  0  0  0  0  0  0  0  0  0  0  0  0  0 0 0 0 
1441332877  0  0  5193  0  0  0  0  0  0  4895  0  0  0  0  0  0  0  0  0  0  0  0  0  0  0  0  0  0  0  0  0  0 0 0 0 
1441332878  0  0  5196  0  0  0  0  0  0  4896  0  0  0  0  0  0  0  0  0  0  0  0  0  0  0  0  0  0  0  0  0  0 0 0 0 
1441332878  0  0  5196  0  0  0  0  0  0  4896  0  0  0  0  0  0  0  0  0  0  0  0  0  0  0  0  0  0  0  0  0  0 0 0 0 
1441332879  0  0  5197  0  0  0  0  0  0  4896  0  0  0  0  0  0  0  0  0  0  0  0  0  0  0  0  0  0  0  0  0  0 0 0 0 
1441332879  0  0  5198  0  0  0  0  0  0  4896  0  0  0  0  0  0  0  0  0  0  0  0  0  0  0  0  0  0  0  0  0  0 0 0 0 
1441332880  0  0  5199  0  0  0  0  0  0  4896  0  0  0  0  0  0  0  0  0  0  0  0  0  0  0  0  0  0  0  0  0  0 0 0 0 
1441332880  0  0  5200  0  0  0  0  0  0  4896  0  0  0  0  0  0  0  0  0  0  0  0  0  0  0  0  0  0  0  0  0  0 0 0 0 
1441332881  0  0  5201  0  0  0  0  0  0  4896  0  0  0  0  0  0  0  0  0  0  0  0  0  0  0  0  0  0  0  0  0  0 0 0 0 
1441332881  0  0  5202  0  0  0  0  0  0  4896  0  0  0  0  0  0  0  0  0  0  0  0  0  0  0  0  0  0  0  0  0  0 0 0 0 
1441332882  0  0  5202  0  0  0  0  0  0  4896  0  0  0  0  0  0  0  0  0  0  0  0  0  0  0  0  0  0  0  0  0  0 0 0 0 
1441332882  0  0  5203  0  0  0  0  0  0  4896  0  0  0  0  0  0  0  0  0  0  0  0  0  0  0  0  0  0  0  0  0  0 0 0 0 
1441332883  0  0  5204  0  0  0  0  0  0  4896  0  0  0  0  0  0  0  0  0  0  0  0  0  0  0  0  0  0  0  0  0  0 0 0 0 
1441332883  0  0  5205  0  0  0  0  0  0  4896  0  0  0  0  0  0  0  0  0  0  0  0  0  0  0  0  0  0  0  0  0  0 0 0 0 
1441332884  0  0  5206  0  0  0  0  0  0  4896  0  0  0  0  0  0  0  0  0  0  0  0  0  0  0  0  0  0  0  0  0  0 0 0 0 
1441332884  0  0  5207  0  0  0  0  0  0  4896  0  0  0  0  0  0  0  0  0  0  0  0  0  0  0  0  0  0  0  0  0  0 0 0 0 
1441332885  0  0  5208  0  0  0  0  0  0  4896  0  0  0  0  0  0  0  0  0  0  0  0  0  0  0  0  0  0  0  0  0  0 0 0 0 
1441332885  0  0  5208  0  0  0  0  0  0  4896  0  0  0  0  0  0  0  0  0  0  0  0  0  0  0  0  0  0  0  0  0  0 0 0 0 
1441332886  0  0  5209  0  0  0  0  0  0  4896  0  0  0  0  0  0  0  0  0  0  0  0  0  0  0  0  0  0  0  0  0  0 0 0 0 
1441332886  0  0  5210  0  0  0  0  0  0  4896  0  0  0  0  0  0  0  0  0  0  0  0  0  0  0  0  0  0  0  0  0  0 0 0 0 
1441332887  0  0  5211  0  0  0  0  0  0  4896  0  0  0  0  0  0  0  0  0  0  0  0  0  0  0  0  0  0  0  0  0  0 0 0 0 
1441332887  0  0  5212  0  0  0  0  0  0  4896  0  0  0  0  0  0  0  0  0  0  0  0  0  0  0  0  0  0  0  0  0  0 0 0 0 
1441332888  0  234  9205  197  0  0  2826  0  0  5014  3427  0  9  236  13  354  0  220  0  0  3427  5  0  0  2826  0  0  0  3427  0  3427  0.0  100.0  0 0 
1441332888  0  234  9603  179  0  0  2616  0  0  5014  3427  0  6  362  13  354  0  190  0  0  3427  5  0  0  2616  0  0  0  3427  0  0  0.0  100.0  0 0 
1441332889  0  234  9603  179  0  0  2616  0  0  5014  3427  0  6  362  13  354  0  190  0  0  3427  5  0  0  2616  0  0  0  3427  0  0  0.0  100.0  0 0 
1441332889  0  234  9604  179  0  0  2616  0  0  5014  3427  0  6  362  13  354  0  190  0  0  3427  5  0  0  2616  0  0  0  3427  0  0  0.0  100.0  0 0 
1441332890  0  234  9605  179  0  0  2616  0  0  5014  3427  0  6  362  13  354  0  190  0  0  3427  5  0  0  2616  0  0  0  3427  0  0  0.0  100.0  0 0 
1441332890  0  234  9606  179  0  0  2616  0  0  5014  3427  0  6  362  13  354  0  190  0  0  3427  5  0  0  2616  0  0  0  3427  0  0  0.0  100.0  0 0 
1441332891  0  234  9606  179  0  0  2616  0  0  5014  3427  0  6  362  13  354  0  190  0  0  3427  5  0  0  2616  0  0  0  3427  0  0  0.0  100.0  0 0 
1441332891  0  234  9607  179  0  0  2616  0  0  5014  3427  0  6  362  13  354  0  190  0  0  3427  5  0  0  2616  0  0  0  3427  0  0  0.0  100.0  0 0 
1441332892  0  234  9608  179  0  0  2616  0  0  5014  3427  0  6  362  13  354  0  190  0  0  3427  5  0  0  2616  0  0  0  3427  0  0  0.0  100.0  0 0 
1441332892  0  234  9609  179  0  0  2616  0  0  5014  3427  0  6  362  13  354  0  190  0  0  3427  5  0  0  2616  0  0  0  3427  0  0  0.0  100.0  0 0 
1441332893  0  234  9610  179  0  0  2616  0  0  5014  3427  0  6  362  13  354  0  190  0  0  3427  5  0  0  2616  0  0  0  3427  0  0  0.0  100.0  0 0 
1441332893  0  234  9610  179  0  0  2616  0  0  5014  3427  0  6  362  13  354  0  190  0  0  3427  5  0  0  2616  0  0  0  3427  0  0  0.0  100.0  0 0 
1441332894  0  234  9611  179  0  0  2616  0  0  5014  3427  0  6  362  13  354  0  190  0  0  3427  5  0  0  2616  0  0  0  3427  0  0  0.0  100.0  0 0 
1441332894  0  234  11302  209  0  0  3025  0  0  5026  3427  0  25  178  25  354  0  227  0  0  3427  17  0  0  3025  0  0  0  3836  0  409  0.0  100.0  0 0 
1441332895  0  234  20731  209  0  0  3025  0  0  5026  3427  0  25  178  25  354  0  227  0  0  3427  17  0  0  3025  0  0  0  3836  0  0  0.0  100.0  0 0 
1441332895  0  234  25821  209  0  0  3025  0  0  5026  3427  0  25  178  25  354  0  227  0  0  3427  17  0  0  3025  0  0  0  3836  0  0  0.0  100.0  0 0 
1441332896  0  234  34815  209  0  0  3025  0  0  5026  3427  0  25  178  25  354  0  227  0  0  3427  17  0  0  3025  0  0  0  3836  0  0  0.0  100.0  0 0 
1441332896  0  234  34815  209  0  0  3025  0  0  5026  3427  0  25  178  25  354  0  227  0  0  3427  17  0  0  3025  0  0  0  3836  0  0  0.0  100.0  0 0 
1441332897  0  234  67515  208  0  0  2983  0  0  5027  3427  0  25  202  25  354  0  225  0  0  3427  18  0  0  2983  0  0  0  3875  0  39  0.0  100.0  0 0 
1441332897  0  234  67516  208  0  0  2983  0  0  5027  3427  0  25  202  25  354  0  225  0  0  3427  18  0  0  2983  0  0  0  3875  0  0  0.0  100.0  0 0 
1441332898  0  234  81617  207  0  0  2980  0  0  5027  3427  0  25  204  25  354  0  225  0  0  3427  18  0  0  2980  0  0  0  3875  0  0  0.0  100.0  0 0 
1441332898  0  234  90868  210  0  0  3667  0  0  5027  3667  0  31  0  31  354  0  226  0  0  3667  18  0  0  3667  0  0  0  4562  0  687  0.0  100.0  0 0 
1441332899  0  234  99059  218  0  0  3799  0  0  5028  3799  0  123  0  123  354  0  229  0  0  3799  19  0  0  3799  0  0  0  4694  0  132  0.0  100.0  0 0 
1441332899  0  234  99059  218  0  0  3799  0  0  5028  3799  0  123  0  123  354  0  229  0  0  3799  19  0  0  3799  0  0  0  4694  0  0  0.0  100.0  0 0 
1441332900  0  234  105352  225  0  0  3911  0  0  5028  3911  0  212  0  212  354  0  230  0  0  3911  19  0  0  3911  0  0  0  4806  0  112  0.0  100.0  0 0 
1441332900  0  234  117927  229  0  0  4006  0  0  5028  4006  0  307  0  307  354  0  230  0  0  4006  19  0  0  4006  0  0  0  4901  0  95  0.0  100.0  0 0 
1441332901  0  234  119823  229  0  0  4006  0  0  5028  4006  0  307  0  307  354  0  230  0  0  4006  19  0  0  4006  0  0  0  4901  0  0  0.0  100.0  0 0 
1441332901  0  234  129275  230  0  0  4015  0  0  5028  4015  0  316  0  316  354  0  230  0  0  4015  19  0  0  4015  0  0  0  4910  0  9  0.0  100.0  0 0 
1441332902  0  252  142122  241  0  0  4157  0  0  5028  4320  0  462  163  625  354  0  232  0  0  4320  19  0  0  4157  0  0  0  5219  0  309  0.0  100.0  0 0 
1441332902  0  252  147207  242  0  0  4200  0  0  5028  4320  0  462  137  625  354  0  234  0  0  4320  19  0  0  4200  0  0  0  5262  0  43  0.0  100.0  0 0 
1441332903  0  252  147207  242  0  0  4200  0  0  5028  4320  0  462  137  625  354  0  234  0  0  4320  19  0  0  4200  0  0  0  5262  0  0  0.0  100.0  0 0 
1441332903  0  252  150018  242  0  0  4200  0  0  5028  4320  0  462  137  625  354  0  234  0  0  4320  19  0  0  4200  0  0  0  5262  0  0  0.0  100.0  0 0 
1441332904  0  252  157628  248  0  0  4289  0  0  5028  4320  0  551  48  625  354  0  236  0  0  4320  19  0  0  4289  0  0  0  5351  0  89  0.0  100.0  0 0 
1441332904  0  294  167076  294  0  0  6784  0  0  5028  6784  0  3046  0  3046  354  0  237  0  0  6784  19  0  0  6784  0  0  0  7846  0  2495  0.0  100.0  0 0 
1441332905  0  342  176707  342  0  0  9803  0  0  5028  9803  0  6045  0  6045  354  0  238  0  0  9803  19  0  0  9803  0  0  0  10865  0  3019  0.0  100.0  0 0 
1441332905  0  376  184605  376  0  0  12228  0  0  5028  12228  0  8469  0  8469  354  0  238  0  0  12228  19  0  0  12228  0  0  0  13290  0  2425  0.0  100.0  0 0 
1441332906  0  401  192031  401  0  0  12817  0  0  5028  12817  0  9053  0  9053  354  0  242  0  0  12817  19  0  0  12817  0  0  0  13879  0  589  0.0  100.0  0 0 
1441332906  0  401  192031  401  0  0  12817  0  0  5028  12817  0  9053  0  9053  354  0  242  0  0  12817  19  0  0  12817  0  0  0  13879  0  0  0.0  100.0  0 0 
1441332907  0  413  200754  413  0  0  13082  0  0  5028  13082  0  9266  0  9266  354  0  244  0  0  13082  19  0  0  13082  0  0  0  14144  0  265  0.0  100.0  0 0 
1441332907  0  455  212152  455  0  0  14973  0  0  5028  14973  0  11013  0  11013  354  0  245  0  0  14973  19  0  0  14973  0  0  0  16284  0  2140  0.0  100.0  0 0 
1441332908  0  471  218753  471  0  0  15910  0  0  5028  15910  0  11944  0  11944  354  0  245  0  0  15910  19  0  0  15910  0  0  0  17229  0  945  0.0  100.0  0 0 
1441332908  0  477  223155  471  0  0  16194  0  0  5028  16343  0  12166  191  12357  354  0  244  0  0  16343  19  0  0  16194  0  0  0  18592  0  1363  0.0  100.0  0 0 
1441332909  0  520  230685  520  0  0  19205  0  0  5028  19205  0  15056  0  15056  354  0  244  0  0  19205  19  0  0  19205  0  0  0  21603  0  3011  0.0  100.0  0 0 
1441332909  0  541  244121  518  0  0  19919  0  0  5028  20046  0  13672  1728  15408  354  0  243  0  0  20046  19  0  0  19919  0  0  0  28101  0  6498  0.0  100.0  0 0 
1441332910  0  553  249943  553  0  0  22299  0  0  5028  22299  0  15512  0  15512  354  0  243  0  0  22299  19  0  0  22299  0  0  0  30481  0  2380  0.0  100.0  0 0 
1441332911  0  553  249943  553  0  0  22299  0  0  5028  22299  0  15512  0  15512  354  0  243  0  0  22299  19  0  0  22299  0  0  0  30481  0  0  0.0  100.0  0 0 
1441332911  0  582  255977  582  0  0  24228  0  0  5028  24228  0  16731  0  16731  354  0  244  0  0  24228  19  0  0  24228  0  0  0  32413  0  1932  0.0  100.0  0 0 
1441332912  0  600  267065  568  0  0  23205  0  0  5028  25387  0  15690  2200  17890  354  0  244  0  0  25387  19  0  0  23205  0  0  0  33911  0  1498  0.0  100.0  0 0 
1441332912  0  600  273770  579  0  0  23843  0  0  5028  25387  0  16295  1595  17890  354  0  244  0  0  25387  19  0  0  23843  0  0  0  34549  0  638  0.0  100.0  0 0 
1441332913  0  600  287000  547  0  0  22538  0  0  5028  25387  0  14990  2900  17890  354  0  241  0  0  25387  19  0  0  22538  0  0  0  34549  0  0  0.0  100.0  0 0 
1441332913  0  616  295725  616  0  0  25567  0  0  5028  25567  0  17747  132  17890  354  0  245  0  0  25567  19  0  0  25567  0  0  0  37578  0  3029  0.0  100.0  0 0 
1441332914  0  619  302557  615  0  0  25436  0  0  5028  25654  0  17556  283  17890  354  0  251  0  0  25654  19  0  0  25436  0  0  0  37892  0  314  0.0  100.0  0 0 
1441332914  0  619  302557  615  0  0  25436  0  0  5028  25654  0  17556  283  17890  354  0  251  0  0  25654  19  0  0  25436  0  0  0  37892  0  0  0.0  100.0  0 0 
1441332915  0  655  313323  655  0  0  26578  0  0  5028  26578  0  18342  0  18342  354  0  255  0  0  26578  19  0  0  26578  0  0  0  39035  0  1143  0.0  100.0  0 0 
1441332915  0  717  326918  614  0  0  24624  0  0  5028  29534  0  16035  4708  20721  354  0  251  0  0  29534  19  0  0  24624  0  0  0  41991  0  2956  0.0  100.0  0 0 
1441332916  0  717  333572  651  0  0  26774  0  0  5028  29534  0  17015  3728  20721  354  0  253  0  0  29534  19  0  0  26774  0  0  0  44141  0  2150  0.0  100.0  0 0 
1441332916  0  717  340932  696  0  0  29068  0  0  5028  29534  0  18351  2356  20721  354  0  255  0  0  29534  19  0  0  29068  0  0  0  46435  0  2294  0.0  100.0  0 0 
1441332917  0  737  348406  737  0  0  31261  0  0  5028  31261  0  19690  941  20721  354  0  255  0  0  31261  19  0  0  31261  0  0  0  48628  0  2193  0.0  100.0  0 0 
1441332917  0  760  355703  760  0  0  33014  0  0  5028  33014  0  20731  0  20731  354  0  254  0  0  33014  19  0  0  33014  0  0  0  50509  0  1881  0.0  100.0  0 0 
1441332918  0  760  355703  760  0  0  33014  0  0  5028  33014  0  20731  0  20731  354  0  254  0  0  33014  19  0  0  33014  0  0  0  50509  0  0  0.0  100.0  0 0 
1441332918  0  801  366191  796  0  0  35422  0  0  5028  35679  0  21229  741  21975  354  0  255  0  0  35679  19  0  0  35422  0  0  0  54517  0  4008  0.0  100.0  0 0 
1441332919  0  808  380734  771  0  0  33838  0  0  5028  36376  0  16362  5555  21975  354  0  255  0  0  36376  19  0  0  33838  0  0  0  60643  0  6126  0.0  100.0  0 0 
1441332919  0  808  385441  775  0  0  34094  0  0  5028  36376  0  16362  5555  21975  354  0  255  0  0  36376  19  0  0  34094  0  0  0  60899  0  256  0.0  100.0  0 0 
1441332920  0  808  401016  760  0  0  33670  0  0  5028  36376  0  14337  7580  21975  354  0  255  0  0  36376  19  0  0  33670  0  0  0  63571  0  2672  0.0  100.0  0 0 
1441332920  0  808  417447  739  0  0  32179  0  0  5028  36376  0  11266  10647  21975  354  0  256  0  0  36376  19  0  0  32179  0  0  0  66567  0  2996  0.0  100.0  0 0 
1441332921  0  808  424058  772  0  0  34540  0  0  5028  36376  0  12423  9480  21975  354  0  256  0  0  36376  19  0  0  34540  0  0  0  68928  0  2361  0.0  100.0  0 0 
1441332921  0  824  432569  824  0  0  38050  0  0  5028  38050  0  15842  5964  21975  354  0  257  0  0  38050  19  0  0  38050  0  0  0  74061  0  5133  0.0  100.0  0 0 
1441332922  0  824  432569  824  0  0  38050  0  0  5028  38050  0  15842  5964  21975  354  0  257  0  0  38050  19  0  0  38050  0  0  0  74061  0  0  0.0  100.0  0 0 
1441332922  0  839  437139  839  0  0  38919  0  0  5028  38919  0  16386  5389  21975  354  0  258  0  0  38919  19  0  0  38919  0  0  0  74930  0  869  0.0  100.0  0 0 
1441332923  0  847  440124  845  0  0  39443  0  0  5028  39545  0  17007  4752  21975  354  0  256  0  0  39545  19  0  0  39443  0  0  0  75556  0  626  0.0  100.0  0 0 
