#type:T;
#time  gt  cn  Pt  Px  gx  cx  gn  gm  Pn  Pm  Ft  cm  pt  Fx  px  ct  pn  Fm  Fn  pm  dn  On  Om  dm  dx  Ox  dt  Ot  Gt  Cn  Cm  Gx  Cx  Gn  Gm  Ct  
1441332746  0  0  0  0  0  0  0  2147483647  0  2147483647  0  2147483647  0  0  0  0  0  2147483647  0  2147483647  0  0  2147483647  2147483647  0  0  0  0  0  0  2147483647  0  0  0  2147483647  0  
1441332746  0  0  0  0  0  0  0  2147483647  0  2147483647  0  2147483647  0  0  0  0  0  2147483647  0  2147483647  0  0  2147483647  2147483647  0  0  0  0  0  0  2147483647  0  0  0  2147483647  0  
1441332747  0  0  0  0  0  0  0  2147483647  0  2147483647  0  2147483647  0  0  0  0  0  2147483647  0  2147483647  0  0  2147483647  2147483647  0  0  0  0  0  0  2147483647  0  0  0  2147483647  0  
1441332747  0  0  0  0  0  0  0  2147483647  0  2147483647  0  2147483647  0  0  0  0  0  2147483647  0  2147483647  0  0  2147483647  2147483647  0  0  0  0  0  0  2147483647  0  0  0  2147483647  0  
1441332748  0  0  0  0  0  0  0  2147483647  0  2147483647  0  2147483647  0  0  0  0  0  2147483647  0  2147483647  0  0  2147483647  2147483647  0  0  0  0  0  0  2147483647  0  0  0  2147483647  0  
1441332748  0  0  0  0  0  0  0  2147483647  0  2147483647  0  2147483647  0  0  0  0  0  2147483647  0  2147483647  0  0  2147483647  2147483647  0  0  0  0  0  0  2147483647  0  0  0  2147483647  0  
1441332749  0  0  0  0  0  0  0  2147483647  0  2147483647  0  2147483647  0  0  0  0  0  2147483647  0  2147483647  0  0  2147483647  2147483647  0  0  0  0  0  0  2147483647  0  0  0  2147483647  0  
1441332749  0  0  0  0  0  0  0  2147483647  0  2147483647  0  2147483647  0  0  0  0  0  2147483647  0  2147483647  0  0  2147483647  2147483647  0  0  0  0  0  0  2147483647  0  0  0  2147483647  0  
1441332750  0  0  0  0  0  0  0  2147483647  0  2147483647  0  2147483647  0  0  0  0  0  2147483647  0  2147483647  0  0  2147483647  2147483647  0  0  0  0  0  0  2147483647  0  0  0  2147483647  0  
1441332750  0  0  0  0  0  0  0  2147483647  0  2147483647  0  2147483647  0  0  0  0  0  2147483647  0  2147483647  0  0  2147483647  2147483647  0  0  0  0  0  0  2147483647  0  0  0  2147483647  0  
1441332751  0  0  0  0  0  0  0  2147483647  0  2147483647  0  2147483647  0  0  0  0  0  2147483647  0  2147483647  0  0  2147483647  2147483647  0  0  0  0  0  0  2147483647  0  0  0  2147483647  0  
1441332751  0  0  0  0  0  0  0  2147483647  0  2147483647  0  2147483647  0  0  0  0  0  2147483647  0  2147483647  0  0  2147483647  2147483647  0  0  0  0  0  0  2147483647  0  0  0  2147483647  0  
1441332752  0  0  0  0  0  0  0  2147483647  0  2147483647  0  2147483647  0  0  0  0  0  2147483647  0  2147483647  0  0  2147483647  2147483647  0  0  0  0  0  0  2147483647  0  0  0  2147483647  0  
1441332752  0  0  0  0  0  0  0  2147483647  0  2147483647  0  2147483647  0  0  0  0  0  2147483647  0  2147483647  0  0  2147483647  2147483647  0  0  0  0  0  0  2147483647  0  0  0  2147483647  0  
1441332753  0  0  0  0  0  0  0  2147483647  0  2147483647  0  2147483647  0  0  0  0  0  2147483647  0  2147483647  0  0  2147483647  2147483647  0  0  0  0  0  0  2147483647  0  0  0  2147483647  0  
1441332753  0  0  0  0  0  0  0  2147483647  0  2147483647  0  2147483647  0  0  0  0  0  2147483647  0  2147483647  0  0  2147483647  2147483647  0  0  0  0  0  0  2147483647  0  0  0  2147483647  0  
1441332754  0  0  0  0  0  0  0  2147483647  0  2147483647  0  2147483647  0  0  0  0  0  2147483647  0  2147483647  0  0  2147483647  2147483647  0  0  0  0  0  0  2147483647  0  0  0  2147483647  0  
1441332754  0  0  0  0  0  0  0  2147483647  0  2147483647  0  2147483647  0  0  0  0  0  2147483647  0  2147483647  0  0  2147483647  2147483647  0  0  0  0  0  0  2147483647  0  0  0  2147483647  0  
1441332755  0  0  0  0  0  0  0  2147483647  0  2147483647  0  2147483647  0  0  0  0  0  2147483647  0  2147483647  0  0  2147483647  2147483647  0  0  0  0  0  0  2147483647  0  0  0  2147483647  0  
1441332755  0  0  0  0  0  0  0  2147483647  0  2147483647  0  2147483647  0  0  0  0  0  2147483647  0  2147483647  0  0  2147483647  2147483647  0  0  0  0  0  0  2147483647  0  0  0  2147483647  0  
1441332756  0  0  0  0  0  0  0  2147483647  0  2147483647  0  2147483647  0  0  0  0  0  2147483647  0  2147483647  0  0  2147483647  2147483647  0  0  0  0  0  0  2147483647  0  0  0  2147483647  0  
1441332756  0  0  0  0  0  0  0  2147483647  0  2147483647  0  2147483647  0  0  0  0  0  2147483647  0  2147483647  0  0  2147483647  2147483647  0  0  0  0  0  0  2147483647  0  0  0  2147483647  0  
1441332757  0  0  0  0  0  0  0  2147483647  0  2147483647  0  2147483647  0  0  0  0  0  2147483647  0  2147483647  0  0  2147483647  2147483647  0  0  0  0  0  0  2147483647  0  0  0  2147483647  0  
1441332757  0  0  0  0  0  0  0  2147483647  0  2147483647  0  2147483647  0  0  0  0  0  2147483647  0  2147483647  0  0  2147483647  2147483647  0  0  0  0  0  0  2147483647  0  0  0  2147483647  0  
1441332758  0  0  0  0  0  0  0  2147483647  0  2147483647  0  2147483647  0  0  0  0  0  2147483647  0  2147483647  0  0  2147483647  2147483647  0  0  0  0  0  0  2147483647  0  0  0  2147483647  0  
1441332758  0  0  0  0  0  0  0  2147483647  0  2147483647  0  2147483647  0  0  0  0  0  2147483647  0  2147483647  0  0  2147483647  2147483647  0  0  0  0  0  0  2147483647  0  0  0  2147483647  0  
1441332759  0  0  0  0  0  0  0  2147483647  0  2147483647  0  2147483647  0  0  0  0  0  2147483647  0  2147483647  0  0  2147483647  2147483647  0  0  0  0  0  0  2147483647  0  0  0  2147483647  0  
1441332759  0  0  0  0  0  0  0  2147483647  0  2147483647  0  2147483647  0  0  0  0  0  2147483647  0  2147483647  0  0  2147483647  2147483647  0  0  0  0  0  0  2147483647  0  0  0  2147483647  0  
1441332760  0  0  0  0  0  0  0  2147483647  0  2147483647  0  2147483647  0  0  0  0  0  2147483647  0  2147483647  0  0  2147483647  2147483647  0  0  0  0  0  0  2147483647  0  0  0  2147483647  0  
1441332760  0  0  0  0  0  0  0  2147483647  0  2147483647  0  2147483647  0  0  0  0  0  2147483647  0  2147483647  0  0  2147483647  2147483647  0  0  0  0  0  0  2147483647  0  0  0  2147483647  0  
1441332761  0  0  0  0  0  0  0  2147483647  0  2147483647  0  2147483647  0  0  0  0  0  2147483647  0  2147483647  0  0  2147483647  2147483647  0  0  0  0  0  0  2147483647  0  0  0  2147483647  0  
1441332761  0  0  0  0  0  0  0  2147483647  0  2147483647  0  2147483647  0  0  0  0  0  2147483647  0  2147483647  0  0  2147483647  2147483647  0  0  0  0  0  0  2147483647  0  0  0  2147483647  0  
1441332762  0  0  0  0  0  0  0  2147483647  0  2147483647  0  2147483647  0  0  0  0  0  2147483647  0  2147483647  0  0  2147483647  2147483647  0  0  0  0  0  0  2147483647  0  0  0  2147483647  0  
1441332762  0  0  0  0  0  0  0  2147483647  0  2147483647  0  2147483647  0  0  0  0  0  2147483647  0  2147483647  0  0  2147483647  2147483647  0  0  0  0  0  0  2147483647  0  0  0  2147483647  0  
1441332763  0  0  0  0  0  0  0  2147483647  0  2147483647  0  2147483647  0  0  0  0  0  2147483647  0  2147483647  0  0  2147483647  2147483647  0  0  0  0  0  0  2147483647  0  0  0  2147483647  0  
1441332763  0  0  0  0  0  0  0  2147483647  0  2147483647  0  2147483647  0  0  0  0  0  2147483647  0  2147483647  0  0  2147483647  2147483647  0  0  0  0  0  0  2147483647  0  0  0  2147483647  0  
1441332764  0  0  0  0  0  0  0  2147483647  0  2147483647  0  2147483647  0  0  0  0  0  2147483647  0  2147483647  0  0  2147483647  2147483647  0  0  0  0  0  0  2147483647  0  0  0  2147483647  0  
1441332764  0  0  0  0  0  0  0  2147483647  0  2147483647  0  2147483647  0  0  0  0  0  2147483647  0  2147483647  0  0  2147483647  2147483647  0  0  0  0  0  0  2147483647  0  0  0  2147483647  0  
1441332765  0  0  0  0  0  0  0  2147483647  0  2147483647  0  2147483647  0  0  0  0  0  2147483647  0  2147483647  0  0  2147483647  2147483647  0  0  0  0  0  0  2147483647  0  0  0  2147483647  0  
1441332765  0  0  0  0  0  0  0  2147483647  0  2147483647  0  2147483647  0  0  0  0  0  2147483647  0  2147483647  0  0  2147483647  2147483647  0  0  0  0  0  0  2147483647  0  0  0  2147483647  0  
1441332766  0  0  0  0  0  0  0  2147483647  0  2147483647  0  2147483647  0  0  0  0  0  2147483647  0  2147483647  0  0  2147483647  2147483647  0  0  0  0  0  0  2147483647  0  0  0  2147483647  0  
1441332766  0  0  0  0  0  0  0  2147483647  0  2147483647  0  2147483647  0  0  0  0  0  2147483647  0  2147483647  0  0  2147483647  2147483647  0  0  0  0  0  0  2147483647  0  0  0  2147483647  0  
1441332767  0  0  0  0  0  0  0  2147483647  0  2147483647  0  2147483647  0  0  0  0  0  2147483647  0  2147483647  0  0  2147483647  2147483647  0  0  0  0  0  0  2147483647  0  0  0  2147483647  0  
1441332767  0  0  0  0  0  0  0  2147483647  0  2147483647  0  2147483647  0  0  0  0  0  2147483647  0  2147483647  0  0  2147483647  2147483647  0  0  0  0  0  0  2147483647  0  0  0  2147483647  0  
1441332768  0  0  0  0  0  0  0  2147483647  0  2147483647  0  2147483647  0  0  0  0  0  2147483647  0  2147483647  0  0  2147483647  2147483647  0  0  0  0  0  0  2147483647  0  0  0  2147483647  0  
1441332768  0  0  0  0  0  0  0  2147483647  0  2147483647  0  2147483647  0  0  0  0  0  2147483647  0  2147483647  0  0  2147483647  2147483647  0  0  0  0  0  0  2147483647  0  0  0  2147483647  0  
1441332769  0  0  0  0  0  0  0  2147483647  0  2147483647  0  2147483647  0  0  0  0  0  2147483647  0  2147483647  0  0  2147483647  2147483647  0  0  0  0  0  0  2147483647  0  0  0  2147483647  0  
1441332769  0  0  0  0  0  0  0  2147483647  0  2147483647  0  2147483647  0  0  0  0  0  2147483647  0  2147483647  0  0  2147483647  2147483647  0  0  0  0  0  0  2147483647  0  0  0  2147483647  0  
1441332770  0  0  0  0  0  0  0  2147483647  0  2147483647  0  2147483647  0  0  0  0  0  2147483647  0  2147483647  0  0  2147483647  2147483647  0  0  0  0  0  0  2147483647  0  0  0  2147483647  0  
1441332770  0  0  0  0  0  0  0  2147483647  0  2147483647  0  2147483647  0  0  0  0  0  2147483647  0  2147483647  0  0  2147483647  2147483647  0  0  0  0  0  0  2147483647  0  0  0  2147483647  0  
1441332771  0  0  0  0  0  0  0  2147483647  0  2147483647  0  2147483647  0  0  0  0  0  2147483647  0  2147483647  0  0  2147483647  2147483647  0  0  0  0  0  0  2147483647  0  0  0  2147483647  0  
1441332771  0  0  0  0  0  0  0  2147483647  0  2147483647  0  2147483647  0  0  0  0  0  2147483647  0  2147483647  0  0  2147483647  2147483647  0  0  0  0  0  0  2147483647  0  0  0  2147483647  0  
1441332772  0  0  0  0  0  0  0  2147483647  0  2147483647  0  2147483647  0  0  0  0  0  2147483647  0  2147483647  0  0  2147483647  2147483647  0  0  0  0  0  0  2147483647  0  0  0  2147483647  0  
1441332772  0  0  0  0  0  0  0  2147483647  0  2147483647  0  2147483647  0  0  0  0  0  2147483647  0  2147483647  0  0  2147483647  2147483647  0  0  0  0  0  0  2147483647  0  0  0  2147483647  0  
1441332773  0  0  0  0  0  0  0  2147483647  0  2147483647  0  2147483647  0  0  0  0  0  2147483647  0  2147483647  0  0  2147483647  2147483647  0  0  0  0  0  0  2147483647  0  0  0  2147483647  0  
1441332773  0  0  0  0  0  0  0  2147483647  0  2147483647  0  2147483647  0  0  0  0  0  2147483647  0  2147483647  0  0  2147483647  2147483647  0  0  0  0  0  0  2147483647  0  0  0  2147483647  0  
1441332774  0  0  0  0  0  0  0  2147483647  0  2147483647  0  2147483647  0  0  0  0  0  2147483647  0  2147483647  0  0  2147483647  2147483647  0  0  0  0  0  0  2147483647  0  0  0  2147483647  0  
1441332774  0  0  0  0  0  0  0  2147483647  0  2147483647  0  2147483647  0  0  0  0  0  2147483647  0  2147483647  0  0  2147483647  2147483647  0  0  0  0  0  0  2147483647  0  0  0  2147483647  0  
1441332775  0  0  0  0  0  0  0  2147483647  0  2147483647  0  2147483647  0  0  0  0  0  2147483647  0  2147483647  0  0  2147483647  2147483647  0  0  0  0  0  0  2147483647  0  0  0  2147483647  0  
1441332775  0  0  0  0  0  0  0  2147483647  0  2147483647  0  2147483647  0  0  0  0  0  2147483647  0  2147483647  0  0  2147483647  2147483647  0  0  0  0  0  0  2147483647  0  0  0  2147483647  0  
1441332776  0  0  0  0  0  0  0  2147483647  0  2147483647  0  2147483647  0  0  0  0  0  2147483647  0  2147483647  0  0  2147483647  2147483647  0  0  0  0  0  0  2147483647  0  0  0  2147483647  0  
1441332776  0  0  0  0  0  0  0  2147483647  0  2147483647  0  2147483647  0  0  0  0  0  2147483647  0  2147483647  0  0  2147483647  2147483647  0  0  0  0  0  0  2147483647  0  0  0  2147483647  0  
1441332777  0  0  0  0  0  0  0  2147483647  0  2147483647  0  2147483647  0  0  0  0  0  2147483647  0  2147483647  0  0  2147483647  2147483647  0  0  0  0  0  0  2147483647  0  0  0  2147483647  0  
1441332777  0  0  0  0  0  0  0  2147483647  0  2147483647  0  2147483647  0  0  0  0  0  2147483647  0  2147483647  0  0  2147483647  2147483647  0  0  0  0  0  0  2147483647  0  0  0  2147483647  0  
1441332778  0  0  0  0  0  0  0  2147483647  0  2147483647  0  2147483647  0  0  0  0  0  2147483647  0  2147483647  0  0  2147483647  2147483647  0  0  0  0  0  0  2147483647  0  0  0  2147483647  0  
1441332778  0  0  0  0  0  0  0  2147483647  0  2147483647  0  2147483647  0  0  0  0  0  2147483647  0  2147483647  0  0  2147483647  2147483647  0  0  0  0  0  0  2147483647  0  0  0  2147483647  0  
1441332779  0  0  0  0  0  0  0  2147483647  0  2147483647  0  2147483647  0  0  0  0  0  2147483647  0  2147483647  0  0  2147483647  2147483647  0  0  0  0  0  0  2147483647  0  0  0  2147483647  0  
1441332779  0  0  0  0  0  0  0  2147483647  0  2147483647  0  2147483647  0  0  0  0  0  2147483647  0  2147483647  0  0  2147483647  2147483647  0  0  0  0  0  0  2147483647  0  0  0  2147483647  0  
1441332780  0  0  0  0  0  0  0  2147483647  0  2147483647  0  2147483647  0  0  0  0  0  2147483647  0  2147483647  0  0  2147483647  2147483647  0  0  0  0  0  0  2147483647  0  0  0  2147483647  0  
1441332780  0  0  0  0  0  0  0  2147483647  0  2147483647  0  2147483647  0  0  0  0  0  2147483647  0  2147483647  0  0  2147483647  2147483647  0  0  0  0  0  0  2147483647  0  0  0  2147483647  0  
1441332781  0  0  0  0  0  0  0  2147483647  0  2147483647  0  2147483647  0  0  0  0  0  2147483647  0  2147483647  0  0  2147483647  2147483647  0  0  0  0  0  0  2147483647  0  0  0  2147483647  0  
1441332781  0  0  0  0  0  0  0  2147483647  0  2147483647  0  2147483647  0  0  0  0  0  2147483647  0  2147483647  0  0  2147483647  2147483647  0  0  0  0  0  0  2147483647  0  0  0  2147483647  0  
1441332782  0  0  0  0  0  0  0  2147483647  0  2147483647  0  2147483647  0  0  0  0  0  2147483647  0  2147483647  0  0  2147483647  2147483647  0  0  0  0  0  0  2147483647  0  0  0  2147483647  0  
1441332783  0  0  0  0  0  0  0  2147483647  0  2147483647  0  2147483647  0  0  0  0  0  2147483647  0  2147483647  0  0  2147483647  2147483647  0  0  0  0  0  0  2147483647  0  0  0  2147483647  0  
1441332783  0  0  0  0  0  0  0  2147483647  0  2147483647  0  2147483647  0  0  0  0  0  2147483647  0  2147483647  0  0  2147483647  2147483647  0  0  0  0  0  0  2147483647  0  0  0  2147483647  0  
1441332784  0  0  0  0  0  0  0  2147483647  0  2147483647  0  2147483647  0  0  0  0  0  2147483647  0  2147483647  0  0  2147483647  2147483647  0  0  0  0  0  0  2147483647  0  0  0  2147483647  0  
1441332784  0  0  0  0  0  0  0  2147483647  0  2147483647  0  2147483647  0  0  0  0  0  2147483647  0  2147483647  0  0  2147483647  2147483647  0  0  0  0  0  0  2147483647  0  0  0  2147483647  0  
1441332785  0  0  0  0  0  0  0  2147483647  0  2147483647  0  2147483647  0  0  0  0  0  2147483647  0  2147483647  0  0  2147483647  2147483647  0  0  0  0  0  0  2147483647  0  0  0  2147483647  0  
1441332785  0  0  0  0  0  0  0  2147483647  0  2147483647  0  2147483647  0  0  0  0  0  2147483647  0  2147483647  0  0  2147483647  2147483647  0  0  0  0  0  0  2147483647  0  0  0  2147483647  0  
1441332786  0  0  0  0  0  0  0  2147483647  0  2147483647  0  2147483647  0  0  0  0  0  2147483647  0  2147483647  0  0  2147483647  2147483647  0  0  0  0  0  0  2147483647  0  0  0  2147483647  0  
1441332786  0  0  0  0  0  0  0  2147483647  0  2147483647  0  2147483647  0  0  0  0  0  2147483647  0  2147483647  0  0  2147483647  2147483647  0  0  0  0  0  0  2147483647  0  0  0  2147483647  0  
1441332787  0  0  0  0  0  0  0  2147483647  0  2147483647  0  2147483647  0  0  0  0  0  2147483647  0  2147483647  0  0  2147483647  2147483647  0  0  0  0  0  0  2147483647  0  0  0  2147483647  0  
1441332787  0  0  0  0  0  0  0  2147483647  0  2147483647  0  2147483647  0  0  0  0  0  2147483647  0  2147483647  0  0  2147483647  2147483647  0  0  0  0  0  0  2147483647  0  0  0  2147483647  0  
1441332788  0  0  0  0  0  0  0  2147483647  0  2147483647  0  2147483647  0  0  0  0  0  2147483647  0  2147483647  0  0  2147483647  2147483647  0  0  0  0  0  0  2147483647  0  0  0  2147483647  0  
1441332788  0  0  0  0  0  0  0  2147483647  0  2147483647  0  2147483647  0  0  0  0  0  2147483647  0  2147483647  0  0  2147483647  2147483647  0  0  0  0  0  0  2147483647  0  0  0  2147483647  0  
1441332789  0  0  0  0  0  0  0  2147483647  0  2147483647  0  2147483647  0  0  0  0  0  2147483647  0  2147483647  0  0  2147483647  2147483647  0  0  0  0  0  0  2147483647  0  0  0  2147483647  0  
1441332789  0  0  0  0  0  0  0  2147483647  0  2147483647  0  2147483647  0  0  0  0  0  2147483647  0  2147483647  0  0  2147483647  2147483647  0  0  0  0  0  0  2147483647  0  0  0  2147483647  0  
1441332790  0  0  0  0  0  0  0  2147483647  0  2147483647  0  2147483647  0  0  0  0  0  2147483647  0  2147483647  0  0  2147483647  2147483647  0  0  0  0  0  0  2147483647  0  0  0  2147483647  0  
1441332790  0  0  0  0  0  0  0  2147483647  0  2147483647  0  2147483647  0  0  0  0  0  2147483647  0  2147483647  0  0  2147483647  2147483647  0  0  0  0  0  0  2147483647  0  0  0  2147483647  0  
1441332791  0  0  0  0  0  0  0  2147483647  0  2147483647  0  2147483647  0  0  0  0  0  2147483647  0  2147483647  0  0  2147483647  2147483647  0  0  0  0  0  0  2147483647  0  0  0  2147483647  0  
1441332791  0  0  0  0  0  0  0  2147483647  0  2147483647  0  2147483647  0  0  0  0  0  2147483647  0  2147483647  0  0  2147483647  2147483647  0  0  0  0  0  0  2147483647  0  0  0  2147483647  0  
1441332792  0  0  0  0  0  0  0  2147483647  0  2147483647  0  2147483647  0  0  0  0  0  2147483647  0  2147483647  0  0  2147483647  2147483647  0  0  0  0  0  0  2147483647  0  0  0  2147483647  0  
1441332792  0  0  0  0  0  0  0  2147483647  0  2147483647  0  2147483647  0  0  0  0  0  2147483647  0  2147483647  0  0  2147483647  2147483647  0  0  0  0  0  0  2147483647  0  0  0  2147483647  0  
1441332793  0  0  0  0  0  0  0  2147483647  0  2147483647  0  2147483647  0  0  0  0  0  2147483647  0  2147483647  0  0  2147483647  2147483647  0  0  0  0  0  0  2147483647  0  0  0  2147483647  0  
1441332793  0  0  0  0  0  0  0  2147483647  0  2147483647  0  2147483647  0  0  0  0  0  2147483647  0  2147483647  0  0  2147483647  2147483647  0  0  0  0  0  0  2147483647  0  0  0  2147483647  0  
1441332794  0  0  0  0  0  0  0  2147483647  0  2147483647  0  2147483647  0  0  0  0  0  2147483647  0  2147483647  0  0  2147483647  2147483647  0  0  0  0  0  0  2147483647  0  0  0  2147483647  0  
1441332794  0  0  0  0  0  0  0  2147483647  0  2147483647  0  2147483647  0  0  0  0  0  2147483647  0  2147483647  0  0  2147483647  2147483647  0  0  0  0  0  0  2147483647  0  0  0  2147483647  0  
1441332795  0  0  0  0  0  0  0  2147483647  0  2147483647  0  2147483647  0  0  0  0  0  2147483647  0  2147483647  0  0  2147483647  2147483647  0  0  0  0  0  0  2147483647  0  0  0  2147483647  0  
1441332795  0  0  0  0  0  0  0  2147483647  0  2147483647  0  2147483647  0  0  0  0  0  2147483647  0  2147483647  0  0  2147483647  2147483647  0  0  0  0  0  0  2147483647  0  0  0  2147483647  0  
1441332796  0  0  0  0  0  0  0  2147483647  0  2147483647  0  2147483647  0  0  0  0  0  2147483647  0  2147483647  0  0  2147483647  2147483647  0  0  0  0  0  0  2147483647  0  0  0  2147483647  0  
1441332796  0  0  0  0  0  0  0  2147483647  0  2147483647  0  2147483647  0  0  0  0  0  2147483647  0  2147483647  0  0  2147483647  2147483647  0  0  0  0  0  0  2147483647  0  0  0  2147483647  0  
1441332797  0  0  0  0  0  0  0  2147483647  0  2147483647  0  2147483647  0  0  0  0  0  2147483647  0  2147483647  0  0  2147483647  2147483647  0  0  0  0  0  0  2147483647  0  0  0  2147483647  0  
1441332797  0  0  0  0  0  0  0  2147483647  0  2147483647  0  2147483647  0  0  0  0  0  2147483647  0  2147483647  0  0  2147483647  2147483647  0  0  0  0  0  0  2147483647  0  0  0  2147483647  0  
1441332798  0  0  0  0  0  0  0  2147483647  0  2147483647  0  2147483647  0  0  0  0  0  2147483647  0  2147483647  0  0  2147483647  2147483647  0  0  0  0  0  0  2147483647  0  0  0  2147483647  0  
1441332798  0  0  0  0  0  0  0  2147483647  0  2147483647  0  2147483647  0  0  0  0  0  2147483647  0  2147483647  0  0  2147483647  2147483647  0  0  0  0  0  0  2147483647  0  0  0  2147483647  0  
1441332799  0  0  0  0  0  0  0  2147483647  0  2147483647  0  2147483647  0  0  0  0  0  2147483647  0  2147483647  0  0  2147483647  2147483647  0  0  0  0  0  0  2147483647  0  0  0  2147483647  0  
1441332799  0  0  0  0  0  0  0  2147483647  0  2147483647  0  2147483647  0  0  0  0  0  2147483647  0  2147483647  0  0  2147483647  2147483647  0  0  0  0  0  0  2147483647  0  0  0  2147483647  0  
1441332800  0  0  0  0  0  0  0  2147483647  0  2147483647  0  2147483647  0  0  0  0  0  2147483647  0  2147483647  0  0  2147483647  2147483647  0  0  0  0  0  0  2147483647  0  0  0  2147483647  0  
1441332800  0  0  0  0  0  0  0  2147483647  0  2147483647  0  2147483647  0  0  0  0  0  2147483647  0  2147483647  0  0  2147483647  2147483647  0  0  0  0  0  0  2147483647  0  0  0  2147483647  0  
1441332801  0  0  0  0  0  0  0  2147483647  0  2147483647  0  2147483647  0  0  0  0  0  2147483647  0  2147483647  0  0  2147483647  2147483647  0  0  0  0  0  0  2147483647  0  0  0  2147483647  0  
1441332801  0  0  0  0  0  0  0  2147483647  0  2147483647  0  2147483647  0  0  0  0  0  2147483647  0  2147483647  0  0  2147483647  2147483647  0  0  0  0  0  0  2147483647  0  0  0  2147483647  0  
1441332802  0  0  0  0  0  0  0  2147483647  0  2147483647  0  2147483647  0  0  0  0  0  2147483647  0  2147483647  0  0  2147483647  2147483647  0  0  0  0  0  0  2147483647  0  0  0  2147483647  0  
1441332802  0  0  0  0  0  0  0  2147483647  0  2147483647  0  2147483647  0  0  0  0  0  2147483647  0  2147483647  0  0  2147483647  2147483647  0  0  0  0  0  0  2147483647  0  0  0  2147483647  0  
1441332803  0  0  0  0  0  0  0  2147483647  0  2147483647  0  2147483647  0  0  0  0  0  2147483647  0  2147483647  0  0  2147483647  2147483647  0  0  0  0  0  0  2147483647  0  0  0  2147483647  0  
1441332803  0  0  0  0  0  0  0  2147483647  0  2147483647  0  2147483647  0  0  0  0  0  2147483647  0  2147483647  0  0  2147483647  2147483647  0  0  0  0  0  0  2147483647  0  0  0  2147483647  0  
1441332804  0  0  0  0  0  0  0  2147483647  0  2147483647  0  2147483647  0  0  0  0  0  2147483647  0  2147483647  0  0  2147483647  2147483647  0  0  0  0  0  0  2147483647  0  0  0  2147483647  0  
1441332804  0  0  0  0  0  0  0  2147483647  0  2147483647  0  2147483647  0  0  0  0  0  2147483647  0  2147483647  0  0  2147483647  2147483647  0  0  0  0  0  0  2147483647  0  0  0  2147483647  0  
1441332805  0  0  0  0  0  0  0  2147483647  0  2147483647  0  2147483647  0  0  0  0  0  2147483647  0  2147483647  0  0  2147483647  2147483647  0  0  0  0  0  0  2147483647  0  0  0  2147483647  0  
1441332805  0  0  0  0  0  0  0  2147483647  0  2147483647  0  2147483647  0  0  0  0  0  2147483647  0  2147483647  0  0  2147483647  2147483647  0  0  0  0  0  0  2147483647  0  0  0  2147483647  0  
1441332806  0  0  0  0  0  0  0  2147483647  0  2147483647  0  2147483647  0  0  0  0  0  2147483647  0  2147483647  0  0  2147483647  2147483647  0  0  0  0  0  0  2147483647  0  0  0  2147483647  0  
1441332806  0  0  0  0  0  0  0  2147483647  0  2147483647  0  2147483647  0  0  0  0  0  2147483647  0  2147483647  0  0  2147483647  2147483647  0  0  0  0  0  0  2147483647  0  0  0  2147483647  0  
1441332807  0  0  0  0  0  0  0  2147483647  0  2147483647  0  2147483647  0  0  0  0  0  2147483647  0  2147483647  0  0  2147483647  2147483647  0  0  0  0  0  0  2147483647  0  0  0  2147483647  0  
1441332807  0  0  0  0  0  0  0  2147483647  0  2147483647  0  2147483647  0  0  0  0  0  2147483647  0  2147483647  0  0  2147483647  2147483647  0  0  0  0  0  0  2147483647  0  0  0  2147483647  0  
1441332808  0  0  0  0  0  0  0  2147483647  0  2147483647  0  2147483647  0  0  0  0  0  2147483647  0  2147483647  0  0  2147483647  2147483647  0  0  0  0  0  0  2147483647  0  0  0  2147483647  0  
1441332808  0  0  0  0  0  0  0  2147483647  0  2147483647  0  2147483647  0  0  0  0  0  2147483647  0  2147483647  0  0  2147483647  2147483647  0  0  0  0  0  0  2147483647  0  0  0  2147483647  0  
1441332809  0  0  0  0  0  0  0  2147483647  0  2147483647  0  2147483647  0  0  0  0  0  2147483647  0  2147483647  0  0  2147483647  2147483647  0  0  0  0  0  0  2147483647  0  0  0  2147483647  0  
1441332809  0  0  0  0  0  0  0  2147483647  0  2147483647  0  2147483647  0  0  0  0  0  2147483647  0  2147483647  0  0  2147483647  2147483647  0  0  0  0  0  0  2147483647  0  0  0  2147483647  0  
1441332810  0  0  0  0  0  0  0  2147483647  0  2147483647  0  2147483647  0  0  0  0  0  2147483647  0  2147483647  0  0  2147483647  2147483647  0  0  0  0  0  0  2147483647  0  0  0  2147483647  0  
1441332810  0  0  0  0  0  0  0  2147483647  0  2147483647  0  2147483647  0  0  0  0  0  2147483647  0  2147483647  0  0  2147483647  2147483647  0  0  0  0  0  0  2147483647  0  0  0  2147483647  0  
1441332811  0  0  0  0  0  0  0  2147483647  0  2147483647  0  2147483647  0  0  0  0  0  2147483647  0  2147483647  0  0  2147483647  2147483647  0  0  0  0  0  0  2147483647  0  0  0  2147483647  0  
1441332811  0  0  0  0  0  0  0  2147483647  0  2147483647  0  2147483647  0  0  0  0  0  2147483647  0  2147483647  0  0  2147483647  2147483647  0  0  0  0  0  0  2147483647  0  0  0  2147483647  0  
1441332812  0  0  0  0  0  0  0  2147483647  0  2147483647  0  2147483647  0  0  0  0  0  2147483647  0  2147483647  0  0  2147483647  2147483647  0  0  0  0  0  0  2147483647  0  0  0  2147483647  0  
1441332812  0  0  0  0  0  0  0  2147483647  0  2147483647  0  2147483647  0  0  0  0  0  2147483647  0  2147483647  0  0  2147483647  2147483647  0  0  0  0  0  0  2147483647  0  0  0  2147483647  0  
1441332813  0  0  0  0  0  0  0  2147483647  0  2147483647  0  2147483647  0  0  0  0  0  2147483647  0  2147483647  0  0  2147483647  2147483647  0  0  0  0  0  0  2147483647  0  0  0  2147483647  0  
1441332813  0  0  0  0  0  0  0  2147483647  0  2147483647  0  2147483647  0  0  0  0  0  2147483647  0  2147483647  0  0  2147483647  2147483647  0  0  0  0  0  0  2147483647  0  0  0  2147483647  0  
1441332814  0  0  0  0  0  0  0  2147483647  0  2147483647  0  2147483647  0  0  0  0  0  2147483647  0  2147483647  0  0  2147483647  2147483647  0  0  0  0  0  0  2147483647  0  0  0  2147483647  0  
1441332814  0  0  0  0  0  0  0  2147483647  0  2147483647  0  2147483647  0  0  0  0  0  2147483647  0  2147483647  0  0  2147483647  2147483647  0  0  0  0  0  0  2147483647  0  0  0  2147483647  0  
1441332817  0  0  0  0  0  0  0  2147483647  0  2147483647  0  2147483647  0  0  0  0  0  2147483647  0  2147483647  0  0  2147483647  2147483647  0  0  0  0  0  0  2147483647  0  0  0  2147483647  0  
1441332817  0  0  0  0  0  0  0  2147483647  0  2147483647  0  2147483647  0  0  0  0  0  2147483647  0  2147483647  0  0  2147483647  2147483647  0  0  0  0  0  0  2147483647  0  0  0  2147483647  0  
1441332818  0  0  0  0  0  0  0  2147483647  0  2147483647  0  2147483647  0  0  0  0  0  2147483647  0  2147483647  0  0  2147483647  2147483647  0  0  0  0  0  0  2147483647  0  0  0  2147483647  0  
1441332818  0  0  0  0  0  0  0  2147483647  0  2147483647  0  2147483647  0  0  0  0  0  2147483647  0  2147483647  0  0  2147483647  2147483647  0  0  0  0  0  0  2147483647  0  0  0  2147483647  0  
1441332819  0  0  0  0  0  0  0  2147483647  0  2147483647  0  2147483647  0  0  0  0  0  2147483647  0  2147483647  0  0  2147483647  2147483647  0  0  0  0  0  0  2147483647  0  0  0  2147483647  0  
1441332819  0  0  0  0  0  0  0  2147483647  0  2147483647  0  2147483647  0  0  0  0  0  2147483647  0  2147483647  0  0  2147483647  2147483647  0  0  0  0  0  0  2147483647  0  0  0  2147483647  0  
1441332820  0  0  0  0  0  0  0  2147483647  0  2147483647  0  2147483647  0  0  0  0  0  2147483647  0  2147483647  0  0  2147483647  2147483647  0  0  0  0  0  0  2147483647  0  0  0  2147483647  0  
1441332820  0  0  0  0  0  0  0  2147483647  0  2147483647  0  2147483647  0  0  0  0  0  2147483647  0  2147483647  0  0  2147483647  2147483647  0  0  0  0  0  0  2147483647  0  0  0  2147483647  0  
1441332821  0  0  0  0  0  0  0  2147483647  0  2147483647  0  2147483647  0  0  0  0  0  2147483647  0  2147483647  0  0  2147483647  2147483647  0  0  0  0  0  0  2147483647  0  0  0  2147483647  0  
1441332821  6527  0  0  0  4309  0  4  729  0  2147483647  0  2147483647  0  0  0  0  0  2147483647  0  2147483647  0  0  2147483647  2147483647  0  0  0  0  0  0  2147483647  0  0  0  2147483647  0  
1441332822  761302  0  0  0  5719  0  820  160  0  2147483647  0  2147483647  0  0  0  0  0  2147483647  0  2147483647  0  0  2147483647  2147483647  0  0  0  0  0  0  2147483647  0  0  0  2147483647  0  
1441332822  1236414  0  0  0  6448  0  1496  154  0  2147483647  0  2147483647  0  0  0  0  0  2147483647  0  2147483647  0  0  2147483647  2147483647  0  0  0  0  0  0  2147483647  0  0  0  2147483647  0  
1441332823  1470255  0  0  0  6448  0  1824  154  0  2147483647  0  2147483647  0  0  0  0  0  2147483647  0  2147483647  0  0  2147483647  2147483647  0  0  0  0  0  0  2147483647  0  0  0  2147483647  0  
1441332823  1825805  0  0  0  6448  0  2293  154  0  2147483647  0  2147483647  0  0  0  0  0  2147483647  0  2147483647  0  0  2147483647  2147483647  0  0  0  0  0  0  2147483647  0  0  0  2147483647  0  
1441332824  2105736  0  0  0  6448  0  2689  154  0  2147483647  11319  2147483647  0  2449  0  0  0  596  13  2147483647  0  38  257  2147483647  0  2852  0  37667  0  0  2147483647  0  0  0  2147483647  0  
1441332824  2830375  0  0  0  13035  0  3737  154  0  2147483647  14342  2147483647  0  2449  0  0  0  596  15  2147483647  0  41  257  2147483647  0  3859  0  43660  0  0  2147483647  0  0  0  2147483647  0  
1441332825  2830375  0  0  0  13035  0  3737  154  0  2147483647  14342  2147483647  0  2449  0  0  0  596  15  2147483647  0  41  257  2147483647  0  3859  0  43660  0  0  2147483647  0  0  0  2147483647  0  
1441332825  3491912  0  0  0  13035  0  4715  154  0  2147483647  17771  2147483647  0  2449  0  0  0  236  21  2147483647  0  46  257  2147483647  0  5285  0  55033  0  0  2147483647  0  0  0  2147483647  0  
1441332826  3706097  0  0  0  13035  0  4895  154  0  2147483647  17771  2147483647  0  2449  0  0  0  236  21  2147483647  0  46  257  2147483647  0  5285  0  55033  0  0  2147483647  0  0  0  2147483647  0  
1441332826  3706097  0  0  0  13035  0  4895  154  0  2147483647  17771  2147483647  0  2449  0  0  0  236  21  2147483647  0  46  257  2147483647  0  5285  0  55033  0  0  2147483647  0  0  0  2147483647  0  
1441332827  3706097  0  0  0  13035  0  4895  154  0  2147483647  17771  2147483647  0  2449  0  0  0  236  21  2147483647  0  46  257  2147483647  0  5285  0  55033  0  0  2147483647  0  0  0  2147483647  0  
1441332827  3706097  0  0  0  13035  0  4895  154  0  2147483647  17771  2147483647  0  2449  0  0  0  236  21  2147483647  0  46  257  2147483647  0  5285  0  55033  0  0  2147483647  0  0  0  2147483647  0  
1441332828  3706097  0  0  0  13035  0  4895  154  0  2147483647  17771  2147483647  0  2449  0  0  0  236  21  2147483647  0  46  257  2147483647  0  5285  0  55033  0  0  2147483647  0  0  0  2147483647  0  
1441332828  3706097  0  0  0  13035  0  4895  154  0  2147483647  17771  2147483647  0  2449  0  0  0  236  21  2147483647  0  46  257  2147483647  0  5285  0  55033  0  0  2147483647  0  0  0  2147483647  0  
1441332829  3706097  0  0  0  13035  0  4895  154  0  2147483647  17771  2147483647  0  2449  0  0  0  236  21  2147483647  0  46  257  2147483647  0  5285  0  55033  0  0  2147483647  0  0  0  2147483647  0  
1441332829  3706097  0  0  0  13035  0  4895  154  0  2147483647  17771  2147483647  0  2449  0  0  0  236  21  2147483647  0  46  257  2147483647  0  5285  0  55033  0  0  2147483647  0  0  0  2147483647  0  
1441332830  3706097  0  0  0  13035  0  4895  154  0  2147483647  17771  2147483647  0  2449  0  0  0  236  21  2147483647  0  46  257  2147483647  0  5285  0  55033  0  0  2147483647  0  0  0  2147483647  0  
1441332830  3706097  0  0  0  13035  0  4895  154  0  2147483647  17771  2147483647  0  2449  0  0  0  236  21  2147483647  0  46  257  2147483647  0  5285  0  55033  0  0  2147483647  0  0  0  2147483647  0  
1441332831  3706097  0  0  0  13035  0  4895  154  0  2147483647  17771  2147483647  0  2449  0  0  0  236  21  2147483647  0  46  257  2147483647  0  5285  0  55033  0  0  2147483647  0  0  0  2147483647  0  
1441332831  3706097  0  0  0  13035  0  4895  154  0  2147483647  17771  2147483647  0  2449  0  0  0  236  21  2147483647  0  46  257  2147483647  0  5285  0  55033  0  0  2147483647  0  0  0  2147483647  0  
1441332832  3706097  0  0  0  13035  0  4895  154  0  2147483647  17771  2147483647  0  2449  0  0  0  236  21  2147483647  0  46  257  2147483647  0  5285  0  55033  0  0  2147483647  0  0  0  2147483647  0  
1441332832  3706097  0  0  0  13035  0  4895  154  0  2147483647  17771  2147483647  0  2449  0  0  0  236  21  2147483647  0  46  257  2147483647  0  5285  0  55033  0  0  2147483647  0  0  0  2147483647  0  
1441332833  3706097  0  0  0  13035  0  4895  154  0  2147483647  17771  2147483647  0  2449  0  0  0  236  21  2147483647  0  46  257  2147483647  0  5285  0  55033  0  0  2147483647  0  0  0  2147483647  0  
1441332833  3706097  0  0  0  13035  0  4895  154  0  2147483647  17771  2147483647  0  2449  0  0  0  236  21  2147483647  0  46  257  2147483647  0  5285  0  55033  0  0  2147483647  0  0  0  2147483647  0  
1441332834  3706097  0  0  0  13035  0  4895  154  0  2147483647  17771  2147483647  0  2449  0  0  0  236  21  2147483647  0  46  257  2147483647  0  5285  0  55033  0  0  2147483647  0  0  0  2147483647  0  
1441332835  3706097  0  0  0  13035  0  4895  154  0  2147483647  17771  2147483647  0  2449  0  0  0  236  21  2147483647  0  46  257  2147483647  0  5285  0  55033  0  0  2147483647  0  0  0  2147483647  0  
1441332835  3706097  0  0  0  13035  0  4895  154  0  2147483647  17771  2147483647  0  2449  0  0  0  236  21  2147483647  0  46  257  2147483647  0  5285  0  55033  0  0  2147483647  0  0  0  2147483647  0  
1441332836  3706097  0  0  0  13035  0  4895  154  0  2147483647  17771  2147483647  0  2449  0  0  0  236  21  2147483647  0  46  257  2147483647  0  5285  0  55033  0  0  2147483647  0  0  0  2147483647  0  
1441332836  3706097  0  0  0  13035  0  4895  154  0  2147483647  17771  2147483647  0  2449  0  0  0  236  21  2147483647  0  46  257  2147483647  0  5285  0  55033  0  0  2147483647  0  0  0  2147483647  0  
1441332837  3706097  0  0  0  13035  0  4895  154  0  2147483647  17771  2147483647  0  2449  0  0  0  236  21  2147483647  0  46  257  2147483647  0  5285  0  55033  0  0  2147483647  0  0  0  2147483647  0  
1441332837  3706097  0  0  0  13035  0  4895  154  0  2147483647  17771  2147483647  0  2449  0  0  0  236  21  2147483647  0  46  257  2147483647  0  5285  0  55033  0  0  2147483647  0  0  0  2147483647  0  
1441332838  3706097  0  0  0  13035  0  4895  154  0  2147483647  17771  2147483647  0  2449  0  0  0  236  21  2147483647  0  46  257  2147483647  0  5285  0  55033  0  0  2147483647  0  0  0  2147483647  0  
1441332838  3706097  0  0  0  13035  0  4895  154  0  2147483647  17771  2147483647  0  2449  0  0  0  236  21  2147483647  0  46  257  2147483647  0  5285  0  55033  0  0  2147483647  0  0  0  2147483647  0  
1441332839  3706097  0  0  0  13035  0  4895  154  0  2147483647  17771  2147483647  0  2449  0  0  0  236  21  2147483647  0  46  257  2147483647  0  5285  0  55033  0  0  2147483647  0  0  0  2147483647  0  
1441332839  3706097  0  0  0  13035  0  4895  154  0  2147483647  17771  2147483647  0  2449  0  0  0  236  21  2147483647  0  46  257  2147483647  0  5285  0  55033  0  0  2147483647  0  0  0  2147483647  0  
1441332840  3706097  0  0  0  13035  0  4895  154  0  2147483647  17771  2147483647  0  2449  0  0  0  236  21  2147483647  0  46  257  2147483647  0  5285  0  55033  0  0  2147483647  0  0  0  2147483647  0  
1441332840  3706097  0  0  0  13035  0  4895  154  0  2147483647  17771  2147483647  0  2449  0  0  0  236  21  2147483647  0  46  257  2147483647  0  5285  0  55033  0  0  2147483647  0  0  0  2147483647  0  
1441332841  3706097  0  0  0  13035  0  4895  154  0  2147483647  17771  2147483647  0  2449  0  0  0  236  21  2147483647  0  46  257  2147483647  0  5285  0  55033  0  0  2147483647  0  0  0  2147483647  0  
1441332841  3706097  0  0  0  13035  0  4895  154  0  2147483647  17771  2147483647  0  2449  0  0  0  236  21  2147483647  0  46  257  2147483647  0  5285  0  55033  0  0  2147483647  0  0  0  2147483647  0  
1441332842  3706097  0  0  0  13035  0  4895  154  0  2147483647  17771  2147483647  0  2449  0  0  0  236  21  2147483647  0  46  257  2147483647  0  5285  0  55033  0  0  2147483647  0  0  0  2147483647  0  
1441332842  3706097  0  0  0  13035  0  4895  154  0  2147483647  17771  2147483647  0  2449  0  0  0  236  21  2147483647  0  46  257  2147483647  0  5285  0  55033  0  0  2147483647  0  0  0  2147483647  0  
1441332843  3706097  0  0  0  13035  0  4895  154  0  2147483647  17771  2147483647  0  2449  0  0  0  236  21  2147483647  0  46  257  2147483647  0  5285  0  55033  0  0  2147483647  0  0  0  2147483647  0  
1441332843  3706097  0  0  0  13035  0  4895  154  0  2147483647  17771  2147483647  0  2449  0  0  0  236  21  2147483647  0  46  257  2147483647  0  5285  0  55033  0  0  2147483647  0  0  0  2147483647  0  
1441332844  3706097  0  0  0  13035  0  4895  154  0  2147483647  17771  2147483647  0  2449  0  0  0  236  21  2147483647  0  46  257  2147483647  0  5285  0  55033  0  0  2147483647  0  0  0  2147483647  0  
1441332844  3706097  0  0  0  13035  0  4895  154  0  2147483647  17771  2147483647  0  2449  0  0  0  236  21  2147483647  0  46  257  2147483647  0  5285  0  55033  0  0  2147483647  0  0  0  2147483647  0  
1441332845  3706097  0  0  0  13035  0  4895  154  0  2147483647  17771  2147483647  0  2449  0  0  0  236  21  2147483647  0  46  257  2147483647  0  5285  0  55033  0  0  2147483647  0  0  0  2147483647  0  
1441332845  3706097  0  0  0  13035  0  4895  154  0  2147483647  17771  2147483647  0  2449  0  0  0  236  21  2147483647  0  46  257  2147483647  0  5285  0  55033  0  0  2147483647  0  0  0  2147483647  0  
1441332846  3706097  0  0  0  13035  0  4895  154  0  2147483647  17771  2147483647  0  2449  0  0  0  236  21  2147483647  0  46  257  2147483647  0  5285  0  55033  0  0  2147483647  0  0  0  2147483647  0  
1441332846  3706097  0  0  0  13035  0  4895  154  0  2147483647  17771  2147483647  0  2449  0  0  0  236  21  2147483647  0  46  257  2147483647  0  5285  0  55033  0  0  2147483647  0  0  0  2147483647  0  
1441332847  3706097  0  0  0  13035  0  4895  154  0  2147483647  17771  2147483647  0  2449  0  0  0  236  21  2147483647  0  46  257  2147483647  0  5285  0  55033  0  0  2147483647  0  0  0  2147483647  0  
1441332847  3706097  0  0  0  13035  0  4895  154  0  2147483647  17771  2147483647  0  2449  0  0  0  236  21  2147483647  0  46  257  2147483647  0  5285  0  55033  0  0  2147483647  0  0  0  2147483647  0  
1441332848  3706097  0  0  0  13035  0  4895  154  0  2147483647  17771  2147483647  0  2449  0  0  0  236  21  2147483647  0  46  257  2147483647  0  5285  0  55033  0  0  2147483647  0  0  0  2147483647  0  
1441332848  3706097  0  0  0  13035  0  4895  154  0  2147483647  17771  2147483647  0  2449  0  0  0  236  21  2147483647  0  46  257  2147483647  0  5285  0  55033  0  0  2147483647  0  0  0  2147483647  0  
1441332849  3706097  0  0  0  13035  0  4895  154  0  2147483647  17771  2147483647  0  2449  0  0  0  236  21  2147483647  0  46  257  2147483647  0  5285  0  55033  0  0  2147483647  0  0  0  2147483647  0  
1441332849  3706097  0  0  0  13035  0  4895  154  0  2147483647  17771  2147483647  0  2449  0  0  0  236  21  2147483647  0  46  257  2147483647  0  5285  0  55033  0  0  2147483647  0  0  0  2147483647  0  
1441332850  3706097  0  0  0  13035  0  4895  154  0  2147483647  17771  2147483647  0  2449  0  0  0  236  21  2147483647  0  46  257  2147483647  0  5285  0  55033  0  0  2147483647  0  0  0  2147483647  0  
1441332850  3706097  0  0  0  13035  0  4895  154  0  2147483647  17771  2147483647  0  2449  0  0  0  236  21  2147483647  0  46  257  2147483647  0  5285  0  55033  0  0  2147483647  0  0  0  2147483647  0  
1441332851  3706097  0  0  0  13035  0  4895  154  0  2147483647  17771  2147483647  0  2449  0  0  0  236  21  2147483647  0  46  257  2147483647  0  5285  0  55033  0  0  2147483647  0  0  0  2147483647  0  
1441332851  3706097  0  0  0  13035  0  4895  154  0  2147483647  17771  2147483647  0  2449  0  0  0  236  21  2147483647  0  46  257  2147483647  0  5285  0  55033  0  0  2147483647  0  0  0  2147483647  0  
1441332852  3706097  0  0  0  13035  0  4895  154  0  2147483647  17771  2147483647  0  2449  0  0  0  236  21  2147483647  0  46  257  2147483647  0  5285  0  55033  0  0  2147483647  0  0  0  2147483647  0  
1441332852  3706097  0  0  0  13035  0  4895  154  0  2147483647  17771  2147483647  0  2449  0  0  0  236  21  2147483647  0  46  257  2147483647  0  5285  0  55033  0  0  2147483647  0  0  0  2147483647  0  
1441332853  3706097  0  0  0  13035  0  4895  154  0  2147483647  17771  2147483647  0  2449  0  0  0  236  21  2147483647  0  46  257  2147483647  0  5285  0  55033  0  0  2147483647  0  0  0  2147483647  0  
1441332853  3706097  0  0  0  13035  0  4895  154  0  2147483647  17771  2147483647  0  2449  0  0  0  236  21  2147483647  0  46  257  2147483647  0  5285  0  55033  0  0  2147483647  0  0  0  2147483647  0  
1441332854  3706097  0  0  0  13035  0  4895  154  0  2147483647  17771  2147483647  0  2449  0  0  0  236  21  2147483647  0  46  257  2147483647  0  5285  0  55033  0  0  2147483647  0  0  0  2147483647  0  
1441332854  3706097  0  0  0  13035  0  4895  154  0  2147483647  17771  2147483647  0  2449  0  0  0  236  21  2147483647  0  46  257  2147483647  0  5285  0  55033  0  0  2147483647  0  0  0  2147483647  0  
1441332855  3706097  0  0  0  13035  0  4895  154  0  2147483647  17771  2147483647  0  2449  0  0  0  236  21  2147483647  0  46  257  2147483647  0  5285  0  55033  0  0  2147483647  0  0  0  2147483647  0  
1441332855  3706097  0  0  0  13035  0  4895  154  0  2147483647  17771  2147483647  0  2449  0  0  0  236  21  2147483647  0  46  257  2147483647  0  5285  0  55033  0  0  2147483647  0  0  0  2147483647  0  
1441332856  3706097  0  0  0  13035  0  4895  154  0  2147483647  17771  2147483647  0  2449  0  0  0  236  21  2147483647  0  46  257  2147483647  0  5285  0  55033  0  0  2147483647  0  0  0  2147483647  0  
1441332856  3706097  0  0  0  13035  0  4895  154  0  2147483647  17771  2147483647  0  2449  0  0  0  236  21  2147483647  0  46  257  2147483647  0  5285  0  55033  0  0  2147483647  0  0  0  2147483647  0  
1441332857  3706097  0  0  0  13035  0  4895  154  0  2147483647  17771  2147483647  0  2449  0  0  0  236  21  2147483647  0  46  257  2147483647  0  5285  0  55033  0  0  2147483647  0  0  0  2147483647  0  
1441332857  3706097  0  0  0  13035  0  4895  154  0  2147483647  17771  2147483647  0  2449  0  0  0  236  21  2147483647  0  46  257  2147483647  0  5285  0  55033  0  0  2147483647  0  0  0  2147483647  0  
1441332858  3706097  0  0  0  13035  0  4895  154  0  2147483647  17771  2147483647  0  2449  0  0  0  236  21  2147483647  0  46  257  2147483647  0  5285  0  55033  0  0  2147483647  0  0  0  2147483647  0  
1441332858  3706097  0  0  0  13035  0  4895  154  0  2147483647  17771  2147483647  0  2449  0  0  0  236  21  2147483647  0  46  257  2147483647  0  5285  0  55033  0  0  2147483647  0  0  0  2147483647  0  
1441332859  3706097  0  0  0  13035  0  4895  154  0  2147483647  17771  2147483647  0  2449  0  0  0  236  21  2147483647  0  46  257  2147483647  0  5285  0  55033  0  0  2147483647  0  0  0  2147483647  0  
1441332859  3706097  0  0  0  13035  0  4895  154  0  2147483647  17771  2147483647  0  2449  0  0  0  236  21  2147483647  0  46  257  2147483647  0  5285  0  55033  0  0  2147483647  0  0  0  2147483647  0  
1441332860  3706097  0  0  0  13035  0  4895  154  0  2147483647  17771  2147483647  0  2449  0  0  0  236  21  2147483647  0  46  257  2147483647  0  5285  0  55033  0  0  2147483647  0  0  0  2147483647  0  
1441332860  3706097  0  0  0  13035  0  4895  154  0  2147483647  17771  2147483647  0  2449  0  0  0  236  21  2147483647  0  46  257  2147483647  0  5285  0  55033  0  0  2147483647  0  0  0  2147483647  0  
1441332861  3706097  0  0  0  13035  0  4895  154  0  2147483647  17771  2147483647  0  2449  0  0  0  236  21  2147483647  0  46  257  2147483647  0  5285  0  55033  0  0  2147483647  0  0  0  2147483647  0  
1441332861  3706097  0  0  0  13035  0  4895  154  0  2147483647  17771  2147483647  0  2449  0  0  0  236  21  2147483647  0  46  257  2147483647  0  5285  0  55033  0  0  2147483647  0  0  0  2147483647  0  
1441332862  3706097  0  0  0  13035  0  4895  154  0  2147483647  17771  2147483647  0  2449  0  0  0  236  21  2147483647  0  46  257  2147483647  0  5285  0  55033  0  0  2147483647  0  0  0  2147483647  0  
1441332862  3706097  0  0  0  13035  0  4895  154  0  2147483647  17771  2147483647  0  2449  0  0  0  236  21  2147483647  0  46  257  2147483647  0  5285  0  55033  0  0  2147483647  0  0  0  2147483647  0  
1441332863  3706097  0  0  0  13035  0  4895  154  0  2147483647  17771  2147483647  0  2449  0  0  0  236  21  2147483647  0  46  257  2147483647  0  5285  0  55033  0  0  2147483647  0  0  0  2147483647  0  
1441332863  3706097  0  0  0  13035  0  4895  154  0  2147483647  17771  2147483647  0  2449  0  0  0  236  21  2147483647  0  46  257  2147483647  0  5285  0  55033  0  0  2147483647  0  0  0  2147483647  0  
1441332864  3706097  0  0  0  13035  0  4895  154  0  2147483647  17771  2147483647  0  2449  0  0  0  236  21  2147483647  0  46  257  2147483647  0  5285  0  55033  0  0  2147483647  0  0  0  2147483647  0  
1441332864  3706097  0  0  0  13035  0  4895  154  0  2147483647  17771  2147483647  0  2449  0  0  0  236  21  2147483647  0  46  257  2147483647  0  5285  0  55033  0  0  2147483647  0  0  0  2147483647  0  
1441332865  3706097  0  0  0  13035  0  4895  154  0  2147483647  17771  2147483647  0  2449  0  0  0  236  21  2147483647  0  46  257  2147483647  0  5285  0  55033  0  0  2147483647  0  0  0  2147483647  0  
1441332865  3706097  0  0  0  13035  0  4895  154  0  2147483647  17771  2147483647  0  2449  0  0  0  236  21  2147483647  0  46  257  2147483647  0  5285  0  55033  0  0  2147483647  0  0  0  2147483647  0  
1441332866  3706097  0  0  0  13035  0  4895  154  0  2147483647  17771  2147483647  0  2449  0  0  0  236  21  2147483647  0  46  257  2147483647  0  5285  0  55033  0  0  2147483647  0  0  0  2147483647  0  
1441332866  3706097  0  0  0  13035  0  4895  154  0  2147483647  17771  2147483647  0  2449  0  0  0  236  21  2147483647  0  46  257  2147483647  0  5285  0  55033  0  0  2147483647  0  0  0  2147483647  0  
1441332867  3706097  0  0  0  13035  0  4895  154  0  2147483647  17771  2147483647  0  2449  0  0  0  236  21  2147483647  0  46  257  2147483647  0  5285  0  55033  0  0  2147483647  0  0  0  2147483647  0  
1441332867  3706097  0  0  0  13035  0  4895  154  0  2147483647  17771  2147483647  0  2449  0  0  0  236  21  2147483647  0  46  257  2147483647  0  5285  0  55033  0  0  2147483647  0  0  0  2147483647  0  
1441332868  3706097  0  0  0  13035  0  4895  154  0  2147483647  17771  2147483647  0  2449  0  0  0  236  21  2147483647  0  46  257  2147483647  0  5285  0  55033  0  0  2147483647  0  0  0  2147483647  0  
1441332868  3706097  0  0  0  13035  0  4895  154  0  2147483647  17771  2147483647  0  2449  0  0  0  236  21  2147483647  0  46  257  2147483647  0  5285  0  55033  0  0  2147483647  0  0  0  2147483647  0  
1441332869  3706097  0  0  0  13035  0  4895  154  0  2147483647  17771  2147483647  0  2449  0  0  0  236  21  2147483647  0  46  257  2147483647  0  5285  0  55033  0  0  2147483647  0  0  0  2147483647  0  
1441332869  3706097  0  0  0  13035  0  4895  154  0  2147483647  17771  2147483647  0  2449  0  0  0  236  21  2147483647  0  46  257  2147483647  0  5285  0  55033  0  0  2147483647  0  0  0  2147483647  0  
1441332870  3706097  0  0  0  13035  0  4895  154  0  2147483647  17771  2147483647  0  2449  0  0  0  236  21  2147483647  0  46  257  2147483647  0  5285  0  55033  0  0  2147483647  0  0  0  2147483647  0  
1441332870  3706097  0  0  0  13035  0  4895  154  0  2147483647  17771  2147483647  0  2449  0  0  0  236  21  2147483647  0  46  257  2147483647  0  5285  0  55033  0  0  2147483647  0  0  0  2147483647  0  
1441332871  3706097  0  0  0  13035  0  4895  154  0  2147483647  17771  2147483647  0  2449  0  0  0  236  21  2147483647  0  46  257  2147483647  0  5285  0  55033  0  0  2147483647  0  0  0  2147483647  0  
1441332871  3706097  0  0  0  13035  0  4895  154  0  2147483647  17771  2147483647  0  2449  0  0  0  236  21  2147483647  0  46  257  2147483647  0  5285  0  55033  0  0  2147483647  0  0  0  2147483647  0  
1441332872  3706097  0  0  0  13035  0  4895  154  0  2147483647  17771  2147483647  0  2449  0  0  0  236  21  2147483647  0  46  257  2147483647  0  5285  0  55033  0  0  2147483647  0  0  0  2147483647  0  
1441332872  3706097  0  0  0  13035  0  4895  154  0  2147483647  17771  2147483647  0  2449  0  0  0  236  21  2147483647  0  46  257  2147483647  0  5285  0  55033  0  0  2147483647  0  0  0  2147483647  0  
1441332873  3706097  0  0  0  13035  0  4895  154  0  2147483647  17771  2147483647  0  2449  0  0  0  236  21  2147483647  0  46  257  2147483647  0  5285  0  55033  0  0  2147483647  0  0  0  2147483647  0  
1441332873  3706097  0  0  0  13035  0  4895  154  0  2147483647  17771  2147483647  0  2449  0  0  0  236  21  2147483647  0  46  257  2147483647  0  5285  0  55033  0  0  2147483647  0  0  0  2147483647  0  
1441332874  3706097  0  0  0  13035  0  4895  154  0  2147483647  17771  2147483647  0  2449  0  0  0  236  21  2147483647  0  46  257  2147483647  0  5285  0  55033  0  0  2147483647  0  0  0  2147483647  0  
1441332875  3706097  0  0  0  13035  0  4895  154  0  2147483647  17771  2147483647  0  2449  0  0  0  236  21  2147483647  0  46  257  2147483647  0  5285  0  55033  0  0  2147483647  0  0  0  2147483647  0  
1441332875  3706097  0  0  0  13035  0  4895  154  0  2147483647  17771  2147483647  0  2449  0  0  0  236  21  2147483647  0  46  257  2147483647  0  5285  0  55033  0  0  2147483647  0  0  0  2147483647  0  
1441332876  3706097  0  0  0  13035  0  4895  154  0  2147483647  17771  2147483647  0  2449  0  0  0  236  21  2147483647  0  46  257  2147483647  0  5285  0  55033  0  0  2147483647  0  0  0  2147483647  0  
1441332876  3706097  0  0  0  13035  0  4895  154  0  2147483647  17771  2147483647  0  2449  0  0  0  236  21  2147483647  0  46  257  2147483647  0  5285  0  55033  0  0  2147483647  0  0  0  2147483647  0  
1441332877  3706097  0  0  0  13035  0  4895  154  0  2147483647  17771  2147483647  0  2449  0  0  0  236  21  2147483647  0  46  257  2147483647  0  5285  0  55033  0  0  2147483647  0  0  0  2147483647  0  
1441332877  3706097  0  0  0  13035  0  4895  154  0  2147483647  17771  2147483647  0  2449  0  0  0  236  21  2147483647  0  46  257  2147483647  0  5285  0  55033  0  0  2147483647  0  0  0  2147483647  0  
1441332878  3710373  0  0  0  13035  0  4896  154  0  2147483647  17771  2147483647  0  2449  0  0  0  236  21  2147483647  0  47  257  2147483647  0  6247  0  61280  0  0  2147483647  0  0  0  2147483647  0  
1441332878  3710373  0  0  0  13035  0  4896  154  0  2147483647  17771  2147483647  0  2449  0  0  0  236  21  2147483647  0  47  257  2147483647  0  6247  0  61280  0  0  2147483647  0  0  0  2147483647  0  
1441332879  3710373  0  0  0  13035  0  4896  154  0  2147483647  17771  2147483647  0  2449  0  0  0  236  21  2147483647  0  47  257  2147483647  0  6247  0  61280  0  0  2147483647  0  0  0  2147483647  0  
1441332879  3710373  0  0  0  13035  0  4896  154  0  2147483647  17771  2147483647  0  2449  0  0  0  236  21  2147483647  0  47  257  2147483647  0  6247  0  61280  0  0  2147483647  0  0  0  2147483647  0  
1441332880  3710373  0  0  0  13035  0  4896  154  0  2147483647  17771  2147483647  0  2449  0  0  0  236  21  2147483647  0  47  257  2147483647  0  6247  0  61280  0  0  2147483647  0  0  0  2147483647  0  
1441332880  3710373  0  0  0  13035  0  4896  154  0  2147483647  17771  2147483647  0  2449  0  0  0  236  21  2147483647  0  47  257  2147483647  0  6247  0  61280  0  0  2147483647  0  0  0  2147483647  0  
1441332881  3710373  0  0  0  13035  0  4896  154  0  2147483647  17771  2147483647  0  2449  0  0  0  236  21  2147483647  0  47  257  2147483647  0  6247  0  61280  0  0  2147483647  0  0  0  2147483647  0  
1441332881  3710373  0  0  0  13035  0  4896  154  0  2147483647  17771  2147483647  0  2449  0  0  0  236  21  2147483647  0  47  257  2147483647  0  6247  0  61280  0  0  2147483647  0  0  0  2147483647  0  
1441332882  3710373  0  0  0  13035  0  4896  154  0  2147483647  17771  2147483647  0  2449  0  0  0  236  21  2147483647  0  47  257  2147483647  0  6247  0  61280  0  0  2147483647  0  0  0  2147483647  0  
1441332882  3710373  0  0  0  13035  0  4896  154  0  2147483647  17771  2147483647  0  2449  0  0  0  236  21  2147483647  0  47  257  2147483647  0  6247  0  61280  0  0  2147483647  0  0  0  2147483647  0  
1441332883  3710373  0  0  0  13035  0  4896  154  0  2147483647  17771  2147483647  0  2449  0  0  0  236  21  2147483647  0  47  257  2147483647  0  6247  0  61280  0  0  2147483647  0  0  0  2147483647  0  
1441332883  3710373  0  0  0  13035  0  4896  154  0  2147483647  17771  2147483647  0  2449  0  0  0  236  21  2147483647  0  47  257  2147483647  0  6247  0  61280  0  0  2147483647  0  0  0  2147483647  0  
1441332884  3710373  0  0  0  13035  0  4896  154  0  2147483647  17771  2147483647  0  2449  0  0  0  236  21  2147483647  0  47  257  2147483647  0  6247  0  61280  0  0  2147483647  0  0  0  2147483647  0  
1441332884  3710373  0  0  0  13035  0  4896  154  0  2147483647  17771  2147483647  0  2449  0  0  0  236  21  2147483647  0  47  257  2147483647  0  6247  0  61280  0  0  2147483647  0  0  0  2147483647  0  
1441332885  3710373  0  0  0  13035  0  4896  154  0  2147483647  17771  2147483647  0  2449  0  0  0  236  21  2147483647  0  47  257  2147483647  0  6247  0  61280  0  0  2147483647  0  0  0  2147483647  0  
1441332885  3710373  0  0  0  13035  0  4896  154  0  2147483647  17771  2147483647  0  2449  0  0  0  236  21  2147483647  0  47  257  2147483647  0  6247  0  61280  0  0  2147483647  0  0  0  2147483647  0  
1441332886  3710373  0  0  0  13035  0  4896  154  0  2147483647  17771  2147483647  0  2449  0  0  0  236  21  2147483647  0  47  257  2147483647  0  6247  0  61280  0  0  2147483647  0  0  0  2147483647  0  
1441332886  3710373  0  0  0  13035  0  4896  154  0  2147483647  17771  2147483647  0  2449  0  0  0  236  21  2147483647  0  47  257  2147483647  0  6247  0  61280  0  0  2147483647  0  0  0  2147483647  0  
1441332887  3710373  0  0  0  13035  0  4896  154  0  2147483647  17771  2147483647  0  2449  0  0  0  236  21  2147483647  0  47  257  2147483647  0  6247  0  61280  0  0  2147483647  0  0  0  2147483647  0  
1441332887  3710373  0  0  0  13035  0  4896  154  0  2147483647  17771  2147483647  0  2449  0  0  0  236  21  2147483647  0  47  257  2147483647  0  6247  0  61280  0  0  2147483647  0  0  0  2147483647  0  
1441332888  3854926  3432  217990361  155947  13035  154671  5009  154  3427  6720  47311  6024  527447  2449  122521  215289461  5  211  127  82605  119  269  257  3021  34526  47383  2925162  676742  3079182  13  490  37726  1237  119  4083  8106  
1441332888  4118498  3432  217990361  155947  13035  154671  5196  154  3427  6720  47311  6024  527447  2449  122521  215289461  5  211  127  82605  326  269  257  3021  147886  47383  20378711  676742  21536297  16  490  151605  6572  329  4083  21808  
1441332889  4118498  3432  217990361  155947  13035  154671  5196  154  3427  6720  47311  6024  527447  2449  122521  215289461  5  211  127  82605  326  269  257  3021  147886  47383  20378711  676742  21536297  16  490  151605  6572  329  4083  21808  
1441332889  4118498  3432  217990361  155947  13035  154671  5196  154  3427  6720  47311  6024  527447  2449  122521  215289461  5  211  127  82605  326  269  257  3021  147886  47383  20378711  676742  21536297  16  490  151605  6572  329  4083  21808  
1441332890  4118498  3432  217990361  155947  13035  154671  5196  154  3427  6720  47311  6024  527447  2449  122521  215289461  5  211  127  82605  326  269  257  3021  147886  47383  20378711  676742  21536297  16  490  151605  6572  329  4083  21808  
1441332890  4118498  3432  217990361  155947  13035  154671  5196  154  3427  6720  47311  6024  527447  2449  122521  215289461  5  211  127  82605  326  269  257  3021  147886  47383  20378711  676742  21536297  16  490  151605  6572  329  4083  21808  
1441332891  4118498  3432  217990361  155947  13035  154671  5196  154  3427  6720  47311  6024  527447  2449  122521  215289461  5  211  127  82605  326  269  257  3021  147886  47383  20378711  676742  21536297  16  490  151605  6572  329  4083  21808  
1441332891  4118498  3432  217990361  155947  13035  154671  5196  154  3427  6720  47311  6024  527447  2449  122521  215289461  5  211  127  82605  326  269  257  3021  147886  47383  20378711  676742  21536297  16  490  151605  6572  329  4083  21808  
1441332892  4118498  3432  217990361  155947  13035  154671  5196  154  3427  6720  47311  6024  527447  2449  122521  215289461  5  211  127  82605  326  269  257  3021  147886  47383  20378711  676742  21536297  16  490  151605  6572  329  4083  21808  
1441332892  4118498  3432  217990361  155947  13035  154671  5196  154  3427  6720  47311  6024  527447  2449  122521  215289461  5  211  127  82605  326  269  257  3021  147886  47383  20378711  676742  21536297  16  490  151605  6572  329  4083  21808  
1441332893  4118498  3432  217990361  155947  13035  154671  5196  154  3427  6720  47311  6024  527447  2449  122521  215289461  5  211  127  82605  326  269  257  3021  147886  47383  20378711  676742  21536297  16  490  151605  6572  329  4083  21808  
1441332893  4118498  3432  217990361  155947  13035  154671  5196  154  3427  6720  47311  6024  527447  2449  122521  215289461  5  211  127  82605  326  269  257  3021  147886  47383  20378711  676742  21536297  16  490  151605  6572  329  4083  21808  
1441332894  4118498  3432  217990361  155947  13035  154671  5196  154  3427  6720  47311  6024  527447  2449  122521  215289461  5  211  127  82605  326  269  257  3021  147886  47383  20378711  676742  21536297  16  490  151605  6572  329  4083  21808  
1441332894  4118498  3853  246262943  172919  13035  163281  5196  154  3836  6720  363393  6024  1350648  3454  122521  243827577  17  205  1396  59266  326  269  257  3021  147886  47383  20378711  676742  21536297  35  490  151605  6572  329  4083  33809  
1441332895  4118498  3853  246262943  172919  13035  163281  5196  154  3836  6720  2688967  6024  1350648  5680  122521  243827577  17  205  10824  59266  326  269  257  3021  147886  47383  20378711  676742  21536297  35  490  151605  6572  329  4083  33809  
1441332895  4118498  3853  246262943  172919  13035  163281  5196  154  3836  6720  4082206  6024  1350648  7285  122521  243827577  17  205  15913  59266  326  269  257  3021  147886  47383  20378711  676742  21536297  35  490  151605  6572  329  4083  33809  
1441332896  4118498  3853  246262943  172919  13035  163281  5196  154  3836  6720  6504328  6024  1350648  7564  122521  243827577  17  205  24906  59266  326  269  257  3021  147886  47383  20378711  676742  21536297  35  490  151605  6572  329  4083  33809  
1441332896  4118498  3853  246262943  172919  13035  163281  5196  154  3836  6720  6504328  6024  1350648  7564  122521  243827577  17  205  24906  59266  326  269  257  3021  147886  47383  20378711  676742  21536297  35  490  151605  6572  329  4083  33809  
1441332897  4118943  3893  248671471  172919  13035  189877  5197  154  3875  6720  14411131  6024  1546468  7564  195820  246369830  18  205  57483  59266  407  269  257  3021  147886  47383  22198032  676742  23456701  35  490  151605  6572  410  4083  33809  
1441332897  4118943  3893  248671471  172919  13035  189877  5197  154  3875  6720  14411131  6024  1546468  7564  195820  246369830  18  205  57483  59266  407  269  257  3021  147886  47383  22198032  676742  23456701  35  490  151605  6572  410  4083  33809  
1441332898  4118943  3893  248671471  172919  13035  189877  5197  154  3875  6720  22515700  6024  1546468  7564  195820  246369830  18  205  71580  59266  410  269  257  3021  147886  47383  22587640  676742  23876379  35  490  156798  6572  413  4083  33809  
1441332898  5546959  4580  350878471  505703  13035  498123  6765  154  4562  6720  29055523  6024  1546468  8525  195820  346813713  18  205  78571  59266  410  273  257  3021  147886  47383  22587640  695373  23876379  41  490  156798  6572  413  4083  44365  
1441332899  8060959  4713  386401149  522149  22707  510911  9121  154  4694  6720  34298095  6024  1619791  8525  195820  381441508  19  205  84270  59266  410  275  257  3021  147886  47383  22587640  706068  23876379  133  490  156798  6572  413  4083  196063  
1441332899  8060959  4713  386401149  522149  22707  510911  9121  154  4694  6720  34298095  6024  1619791  8525  195820  381441508  19  205  84270  59266  410  275  257  3021  147886  47383  22587640  706068  23876379  133  490  156798  6572  413  4083  196063  
1441332900  9133491  4825  425696392  522149  22707  512662  10231  154  4806  6720  39203772  6024  1619791  11408  195820  419746951  19  205  89340  59266  410  275  257  3021  147886  47383  22587640  706068  23876379  222  490  156798  6572  413  4083  346150  
1441332900  10735916  4920  461733145  522149  22707  512662  11854  154  4901  6720  49932724  6024  1619791  16415  195820  454889130  19  205  100192  59266  410  279  257  3021  147886  47383  22587640  719987  23876379  317  490  156798  6572  413  4083  503810  
1441332901  11474424  4920  461733145  522149  22707  512662  12588  154  4901  6720  51059041  6024  1619791  16415  195820  454889130  19  205  101351  59266  410  281  257  3021  147886  47383  22587640  726699  23876379  317  490  156798  6572  413  4083  503810  
1441332901  13967464  4929  463153774  522149  42517  512662  15258  154  4910  6720  56390386  6024  1619791  16415  195820  456235144  19  205  108116  59266  410  288  257  3021  147886  47383  22587640  747934  23876379  326  490  156798  6572  413  4083  512620  
1441332902  15039489  5238  575801994  566153  42517  539555  16410  154  5219  6720  67893240  6024  1619791  16415  195820  565937296  19  205  119332  59266  414  290  257  3021  147886  47383  22985943  758242  25509263  798  490  156798  6572  580  4083  1526045  
1441332902  15406103  5281  578952372  566153  42517  539555  16730  154  5262  6720  72198364  6024  1619791  16415  195820  569012274  19  205  124053  59266  414  290  257  3021  147886  47383  22985943  758242  25509263  798  490  156798  6572  580  4083  1526045  
1441332903  15406103  5281  578952372  566153  42517  539555  16730  154  5262  6720  72198364  6024  1619791  16415  195820  569012274  19  205  124053  59266  414  290  257  3021  147886  47383  22985943  758242  25509263  798  490  156798  6572  580  4083  1526045  
1441332903  16422677  5281  578952372  566153  42517  539555  17724  154  5262  6720  73626679  6024  1619791  16415  195820  569012274  19  205  125869  59266  414  290  257  3021  147886  47383  22985943  758242  25509263  798  490  156798  6572  580  4083  1526045  
1441332904  18342692  5370  588804849  566153  42517  539555  19389  154  5351  6720  79053135  6024  1619791  16415  195820  578598203  19  205  131722  59266  414  292  257  3021  147886  47383  22985943  762846  25509263  887  384  156798  6572  580  4083  1582278  
1441332904  20240115  7865  1172077886  567439  42517  540547  22163  154  7846  6720  81748684  6024  1619791  16415  195820  1147399325  19  205  135898  59266  414  294  257  3021  147886  47383  22985943  765571  25509263  3382  372  156798  6572  580  4083  4383376  
1441332905  22358699  10884  1747032886  567439  42517  540547  25643  154  10865  6336  83731498  5646  1619791  16415  195820  1706945869  19  205  139029  59266  414  294  257  3021  147886  47383  22985943  765571  25509263  6381  372  156798  6572  580  4083  7454315  
1441332905  24141246  13309  2255158806  587543  42517  564789  28460  154  13290  6336  85926096  5646  1619791  16415  195820  2201283636  19  205  141682  59266  414  296  257  3021  147886  47383  22985943  773678  25509263  8805  372  156798  6572  580  4083  10177641  
1441332906  27486744  13898  2394715182  587543  42517  564789  32010  154  13879  6336  88599379  5646  1619791  16415  195820  2337159799  19  205  144968  59266  414  296  257  3021  147886  47383  22985943  773678  25509263  9389  372  156798  6572  580  4083  10870515  
1441332906  27486744  13898  2394715182  587543  42517  564789  32010  154  13879  6336  88599379  5646  1619791  16415  195820  2337159799  19  205  144968  59266  414  296  257  3021  147886  47383  22985943  773678  25509263  9389  372  156798  6572  580  4083  10870515  
1441332907  31187703  14163  2465860152  587543  42517  564789  35479  154  14144  6336  92483703  5646  1619791  16415  195820  2406352816  19  205  149954  59266  414  298  257  3021  147886  47383  22985943  778189  25509263  9602  372  156798  6572  580  4083  11182386  
1441332907  33543825  16303  2835880635  587543  42517  564789  38817  154  16284  6258  96572409  5550  1619791  16415  195820  2766420443  19  205  155623  59266  414  299  257  3021  147886  47383  22985943  781599  27569333  11847  372  156798  6572  829  4083  14037264  
1441332908  35527305  17248  3044181791  587543  42517  564789  40691  154  17229  6258  100106360  5550  1619791  16415  195820  2969180815  19  205  159394  59266  414  301  257  3021  147886  47383  22985943  787674  27599205  12794  372  156798  6572  837  2574  15124788  
1441332908  36520671  18611  3332806636  587543  42517  564789  41907  154  18592  6258  101353328  5550  1619791  16415  195820  3251254470  19  205  161213  59266  414  304  257  3021  147886  740456  22985943  1530954  27599205  14094  372  156798  6572  837  2574  16526512  
1441332909  37768118  21622  3823268004  655092  42517  613474  43382  154  21603  6258  102835143  5550  1619791  16415  195820  3729324050  19  205  164254  59266  414  306  257  3021  147886  740456  22985943  1535015  27599205  16984  372  156798  6680  837  2574  19041912  
1441332909  38034351  28120  4471582317  655092  42517  613474  44023  154  28101  6094  104071942  5495  1619791  16415  195820  4361694522  19  205  167263  59266  576  315  257  3021  147886  1433510  32566079  3196008  48207165  24338  257  156798  15225  4115  2195  27296879  
1441332910  38199389  30500  4888285485  655092  42517  613474  44355  154  30481  6094  105889986  5495  1619791  16415  195820  4768347502  19  205  170368  59266  576  319  257  3021  147886  1433510  32566079  3203074  48207165  26178  257  156798  15225  4115  2195  29362961  
1441332911  38199389  30500  4888285485  655092  42517  613474  44355  154  30481  6094  105889986  5495  1619791  16415  195820  4768347502  19  205  170368  59266  576  319  257  3021  147886  1433510  32566079  3203074  48207165  26178  257  156798  15225  4115  2195  29362961  
1441332911  38364625  32432  5263608192  655092  42517  626340  44654  154  32413  6094  109068544  5495  1619791  16415  195820  5132877602  19  205  174167  59266  579  319  257  3021  147886  1433510  32600974  3203074  48255376  27397  257  156798  15225  4118  2195  31031054  
1441332912  39793622  33930  5626749667  655092  42517  626340  46385  154  33911  6094  111959255  5495  1619791  16415  195820  5487331850  19  205  179504  59266  580  319  257  3021  147886  1433510  32615358  3203074  57610872  31396  257  156798  31059  6639  2195  37366055  
1441332912  40684545  34568  5800518294  655092  42517  626340  47442  154  34549  6094  114802397  5495  1619791  16415  195820  5657557794  19  205  184509  59266  580  323  257  3021  147886  1433510  32615358  3208003  57610872  32001  257  156798  31059  6639  2195  38164376  
1441332913  43586681  34568  5800518294  655092  42517  626340  50363  154  34549  6094  124261761  5495  1619791  16415  195820  5657557794  19  205  194215  59266  580  329  257  3021  147886  1433510  32615358  4116336  62795468  32597  257  156798  31059  7235  2195  40461399  
1441332913  46017789  37597  6213739929  655092  42517  626340  53864  154  37578  6094  126271001  5495  1619791  16415  195820  6061695834  19  205  196405  59266  580  333  257  3021  147886  1433510  32615358  4129806  62795468  35354  257  156798  31059  7235  2195  42632097  
1441332914  47635838  37911  6309472533  655092  42517  626340  55496  154  37892  6094  130293621  5495  1619791  16415  195820  6155456659  19  205  200843  59266  581  335  257  3021  147886  1433510  32683899  4135805  66653532  36051  257  156798  31059  7680  2195  44599479  
1441332914  47635838  37911  6309472533  655092  42517  626340  55496  154  37892  6094  130293621  5495  1619791  16415  195820  6155456659  19  205  200843  59266  581  335  257  3021  147886  1433510  32683899  4135805  66653532  36051  257  156798  31059  7680  2195  44599479  
1441332915  53461416  39054  6515610274  655092  42517  626340  60875  154  39035  6094  134112234  5495  1619791  37554  195820  6356302708  19  205  205086  59266  581  335  257  3021  147886  1433510  32683899  4135805  66653532  36837  257  156798  31059  7680  2195  45490442  
1441332915  55260480  42010  7052787916  655092  42517  626340  62930  154  41991  6094  136315305  5495  1619791  37554  195820  6879652622  19  205  212050  59266  581  344  248  3021  147886  1433510  32683899  5258355  80752757  40826  257  156798  31059  9290  2195  54163750  
1441332916  56405642  44160  7343879718  655092  42517  626340  64338  154  44141  6094  139105770  5495  1619791  37554  195820  7163166061  19  205  215143  59266  581  346  248  3021  147886  1433510  32683899  5262478  80752757  41806  257  156798  31059  9290  2195  55401870  
1441332916  57546585  46454  7727629557  655092  42517  626340  65878  154  46435  6094  141719889  5495  1619791  37554  195820  7537187174  19  205  218668  59266  581  346  248  3021  147886  1433510  32683899  5262478  80752757  43142  257  156798  31059  9290  2195  57141176  
1441332917  59589115  48647  8130341447  655092  42517  626340  67791  154  48628  6094  144840041  5495  1619791  37554  195820  7929268252  19  205  222035  59266  581  346  248  3021  147886  1433510  32683899  5262478  80752757  44481  257  156798  31059  9290  2195  59137980  
1441332917  60890060  50528  8439668013  655092  42517  626340  69199  154  50509  6094  148344479  5495  1619791  37554  195820  8230852725  19  205  226040  59266  581  348  248  3021  147886  1433510  32683899  5486484  80752757  45522  257  156798  31059  9290  2195  60464574  
1441332918  60890060  50528  8439668013  655092  42517  626340  69199  154  50509  6094  148344479  5495  1619791  37554  195820  8230852725  19  205  226040  59266  581  348  248  3021  147886  1433510  32683899  5486484  80752757  45522  257  156798  31059  9290  2195  60464574  
1441332918  62808495  54536  8942975086  655092  42517  626340  71151  154  54517  6094  150978013  5495  1619791  37554  195820  8719922262  19  205  228967  59266  581  348  248  3021  147886  1433510  32683899  5486484  85486620  49220  257  156798  31059  10890  2193  65081364  
1441332919  63797541  60662  9465442978  655092  42517  626340  72403  154  60643  6094  153686741  5462  1619791  37554  195820  9229769253  19  205  232281  59266  590  351  248  3021  147886  1433510  32857080  6727023  96917350  55892  257  156798  31059  14737  2189  73342603  
1441332919  64364771  60918  9472581690  655092  42517  626340  72846  154  60899  6094  157118476  5462  1619791  37554  195820  9236161933  19  205  236288  59266  590  351  248  3021  147886  1433510  32857080  6727023  96917350  55892  257  156798  31059  14737  2189  73342603  
1441332920  65268084  63590  9740477888  655092  42517  626340  73808  154  63571  6094  164735462  5462  1619791  37554  195820  9495540585  19  205  245288  59266  591  357  248  3021  147886  1433510  32925419  7043699  119760372  59733  257  156798  31059  17671  2189  84378081  
1441332920  65625679  66586  10061247682  655092  42517  626340  74352  154  66567  6094  169776752  5462  1619791  37554  195820  9806584899  19  205  253689  59266  592  359  248  3021  147886  1433510  32937559  7044824  139292483  65634  257  156798  31059  22158  2178  95203083  
1441332921  66677715  68947  10388045302  655092  42517  626340  75280  154  68928  6094  172926924  5462  1619791  37554  195820  10124180813  19  205  257010  59266  592  359  248  3021  147886  1433510  32937559  7044824  139292483  66791  257  156798  31059  22158  2178  96607747  
1441332921  67136550  74080  11147369718  655092  42517  626340  76368  154  74061  6094  173294930  5462  1619791  37554  195820  10868144687  19  205  257676  59266  605  359  248  3021  147886  1433510  33239911  7044824  144462955  73430  257  156798  31059  23781  2168  102858648  
1441332922  67136550  74080  11147369718  655092  42517  626340  76368  154  74061  6094  173294930  5462  1619791  37554  195820  10868144687  19  205  257676  59266  605  359  248  3021  147886  1433510  33239911  7044824  144462955  73430  257  156798  31059  23781  2168  102858648  
1441332922  67910930  74949  11331957538  655092  42517  626340  77072  154  74930  6094  176166786  5462  1619791  37554  195820  11048424481  19  205  260672  59266  605  359  248  3021  147886  1433510  33239911  7044824  144462955  73974  257  156798  31059  23781  2168  103644116  
1441332923  68258515  75575  11489275708  655092  42517  626340  77392  154  75556  6094  177819174  5462  1619791  37554  195820  11202397230  19  205  262608  59266  707  359  248  3021  147886  1433510  37256312  7044824  148633163  74595  257  156798  31059  23883  2168  104400239  
