#Type:X;CI:5;ww:0;ca:0;co:0;fr:0;Type:X;CI:5;PI:0;PT:EP;U0:0;U1:0;
#time  Pp  gt  gs  cn  cm  cb  Nc  Pc  cp  Tc  Nm  pr  ps  pt  px  pd  Pm  Om  fs  ft  Oc  Em  Gp  Ec  Ge  ot  os  Total_cycles_diff  Successful_get_diff  Total_get_diff  succ_put_diff  total_put_diff  get_hit  
1441629938  0  0  0  0  0  0  0  0  0  529820  0  0  0  0  0  0  0  0  0  0  0  0  0  0  0  0  0  529820  0  0  0  0  
1441629938  0  0  0  0  0  0  0  0  0  1006510  0  0  0  0  0  0  0  0  0  0  0  0  0  0  0  0  0  476690  0  0  0  0  0 
1441629939  0  0  0  0  0  0  0  0  0  1348730  0  0  0  0  0  0  0  0  0  0  0  0  0  0  0  0  0  342220  0  0  0  0  0 
1441629939  0  0  0  0  0  0  0  0  0  1541812  0  0  0  0  0  0  0  0  0  0  0  0  0  0  0  0  0  193082  0  0  0  0  0 
1441629940  0  0  0  0  0  0  0  0  0  1823122  0  0  0  0  0  0  0  0  0  0  0  0  0  0  0  0  0  281310  0  0  0  0  0 
1441629940  0  0  0  0  0  0  0  0  0  1823122  0  0  0  0  0  0  0  0  0  0  0  0  0  0  0  0  0  0  0  0  0  0  0 
1441629941  0  0  0  0  0  0  0  0  0  2280204  0  0  0  0  0  0  0  0  0  13  0  0  0  0  0  39  0  457082  0  0  0  0  0 
1441629941  0  0  0  0  0  0  0  0  0  3157160  0  0  0  0  0  0  0  0  0  16  0  0  0  0  0  43  0  876956  0  0  0  0  0 
1441629942  0  0  0  0  0  0  0  0  0  3571728  0  0  0  0  0  0  0  0  0  21  0  0  0  0  0  46  0  414568  0  0  0  0  0 
1441629942  0  0  0  0  0  0  0  0  0  3613187  0  0  0  0  0  0  0  0  0  21  0  0  0  0  0  46  0  41459  0  0  0  0  0 
1441629943  0  0  0  0  0  0  0  0  0  3613187  0  0  0  0  0  0  0  0  0  21  0  0  0  0  0  46  0  0  0  0  0  0  0 
1441629943  0  0  0  0  0  0  0  0  0  3613187  0  0  0  0  0  0  0  0  0  21  0  0  0  0  0  46  0  0  0  0  0  0  0 
1441629944  0  0  0  0  0  0  0  0  0  3613187  0  0  0  0  0  0  0  0  0  21  0  0  0  0  0  46  0  0  0  0  0  0  0 
1441629944  0  0  0  0  0  0  0  0  0  3613187  0  0  0  0  0  0  0  0  0  21  0  0  0  0  0  46  0  0  0  0  0  0  0 
1441629945  0  0  0  0  0  0  0  0  0  3613187  0  0  0  0  0  0  0  0  0  21  0  0  0  0  0  46  0  0  0  0  0  0  0 
1441629945  0  0  0  0  0  0  0  0  0  3613187  0  0  0  0  0  0  0  0  0  21  0  0  0  0  0  46  0  0  0  0  0  0  0 
1441629946  0  0  0  0  0  0  0  0  0  3613187  0  0  0  0  0  0  0  0  0  21  0  0  0  0  0  46  0  0  0  0  0  0  0 
1441629946  0  0  0  0  0  0  0  0  0  3613187  0  0  0  0  0  0  0  0  0  21  0  0  0  0  0  46  0  0  0  0  0  0  0 
1441629947  0  0  0  0  0  0  0  0  0  3613187  0  0  0  0  0  0  0  0  0  21  0  0  0  0  0  46  0  0  0  0  0  0  0 
1441629947  0  0  0  0  0  0  0  0  0  3613187  0  0  0  0  0  0  0  0  0  21  0  0  0  0  0  46  0  0  0  0  0  0  0 
1441629948  0  0  0  0  0  0  0  0  0  3613187  0  0  0  0  0  0  0  0  0  21  0  0  0  0  0  46  0  0  0  0  0  0  0 
1441629948  0  0  0  0  0  0  0  0  0  3613187  0  0  0  0  0  0  0  0  0  21  0  0  0  0  0  46  0  0  0  0  0  0  0 
1441629949  0  0  0  0  0  0  0  0  0  3613187  0  0  0  0  0  0  0  0  0  21  0  0  0  0  0  46  0  0  0  0  0  0  0 
1441629949  0  0  0  0  0  0  0  0  0  3613187  0  0  0  0  0  0  0  0  0  21  0  0  0  0  0  46  0  0  0  0  0  0  0 
1441629950  0  0  0  0  0  0  0  0  0  3613187  0  0  0  0  0  0  0  0  0  21  0  0  0  0  0  46  0  0  0  0  0  0  0 
1441629950  0  0  0  0  0  0  0  0  0  3613187  0  0  0  0  0  0  0  0  0  21  0  0  0  0  0  46  0  0  0  0  0  0  0 
1441629951  0  0  0  0  0  0  0  0  0  3613187  0  0  0  0  0  0  0  0  0  21  0  0  0  0  0  46  0  0  0  0  0  0  0 
1441629951  0  0  0  0  0  0  0  0  0  3613187  0  0  0  0  0  0  0  0  0  21  0  0  0  0  0  46  0  0  0  0  0  0  0 
1441629952  0  0  0  0  0  0  0  0  0  3613187  0  0  0  0  0  0  0  0  0  21  0  0  0  0  0  46  0  0  0  0  0  0  0 
1441629952  0  0  0  0  0  0  0  0  0  3613187  0  0  0  0  0  0  0  0  0  21  0  0  0  0  0  46  0  0  0  0  0  0  0 
1441629953  0  0  0  0  0  0  0  0  0  3613187  0  0  0  0  0  0  0  0  0  21  0  0  0  0  0  46  0  0  0  0  0  0  0 
1441629953  0  0  0  0  0  0  0  0  0  3613187  0  0  0  0  0  0  0  0  0  21  0  0  0  0  0  46  0  0  0  0  0  0  0 
1441629954  0  0  0  0  0  0  0  0  0  3613187  0  0  0  0  0  0  0  0  0  21  0  0  0  0  0  46  0  0  0  0  0  0  0 
1441629954  0  0  0  0  0  0  0  0  0  3613187  0  0  0  0  0  0  0  0  0  21  0  0  0  0  0  46  0  0  0  0  0  0  0 
1441629955  0  0  0  0  0  0  0  0  0  3613187  0  0  0  0  0  0  0  0  0  21  0  0  0  0  0  46  0  0  0  0  0  0  0 
1441629955  0  0  0  0  0  0  0  0  0  3613187  0  0  0  0  0  0  0  0  0  21  0  0  0  0  0  46  0  0  0  0  0  0  0 
1441629956  0  0  0  0  0  0  0  0  0  3613187  0  0  0  0  0  0  0  0  0  21  0  0  0  0  0  46  0  0  0  0  0  0  0 
1441629956  0  0  0  0  0  0  0  0  0  3613187  0  0  0  0  0  0  0  0  0  21  0  0  0  0  0  46  0  0  0  0  0  0  0 
1441629957  0  0  0  0  0  0  0  0  0  3613187  0  0  0  0  0  0  0  0  0  21  0  0  0  0  0  46  0  0  0  0  0  0  0 
1441629957  0  0  0  0  0  0  0  0  0  3613187  0  0  0  0  0  0  0  0  0  21  0  0  0  0  0  46  0  0  0  0  0  0  0 
1441629958  0  0  0  0  0  0  0  0  0  3613187  0  0  0  0  0  0  0  0  0  21  0  0  0  0  0  46  0  0  0  0  0  0  0 
1441629959  0  0  0  0  0  0  0  0  0  3613187  0  0  0  0  0  0  0  0  0  21  0  0  0  0  0  46  0  0  0  0  0  0  0 
1441629959  0  0  0  0  0  0  0  0  0  3613187  0  0  0  0  0  0  0  0  0  21  0  0  0  0  0  46  0  0  0  0  0  0  0 
1441629960  0  0  0  0  0  0  0  0  0  3613187  0  0  0  0  0  0  0  0  0  21  0  0  0  0  0  46  0  0  0  0  0  0  0 
1441629960  0  0  0  0  0  0  0  0  0  3613187  0  0  0  0  0  0  0  0  0  21  0  0  0  0  0  46  0  0  0  0  0  0  0 
1441629961  0  0  0  0  0  0  0  0  0  3613187  0  0  0  0  0  0  0  0  0  21  0  0  0  0  0  46  0  0  0  0  0  0  0 
1441629961  0  0  0  0  0  0  0  0  0  3613187  0  0  0  0  0  0  0  0  0  21  0  0  0  0  0  46  0  0  0  0  0  0  0 
1441629962  0  0  0  0  0  0  0  0  0  3613187  0  0  0  0  0  0  0  0  0  21  0  0  0  0  0  46  0  0  0  0  0  0  0 
1441629962  0  0  0  0  0  0  0  0  0  3613187  0  0  0  0  0  0  0  0  0  21  0  0  0  0  0  46  0  0  0  0  0  0  0 
1441629963  0  0  0  0  0  0  0  0  0  3613187  0  0  0  0  0  0  0  0  0  21  0  0  0  0  0  46  0  0  0  0  0  0  0 
1441629963  0  0  0  0  0  0  0  0  0  3613187  0  0  0  0  0  0  0  0  0  21  0  0  0  0  0  46  0  0  0  0  0  0  0 
1441629964  0  0  0  0  0  0  0  0  0  3613187  0  0  0  0  0  0  0  0  0  21  0  0  0  0  0  46  0  0  0  0  0  0  0 
1441629964  0  0  0  0  0  0  0  0  0  3613187  0  0  0  0  0  0  0  0  0  21  0  0  0  0  0  46  0  0  0  0  0  0  0 
1441629965  0  0  0  0  0  0  0  0  0  3613187  0  0  0  0  0  0  0  0  0  21  0  0  0  0  0  46  0  0  0  0  0  0  0 
1441629965  0  0  0  0  0  0  0  0  0  3613187  0  0  0  0  0  0  0  0  0  21  0  0  0  0  0  46  0  0  0  0  0  0  0 
1441629966  0  0  0  0  0  0  0  0  0  3613187  0  0  0  0  0  0  0  0  0  21  0  0  0  0  0  46  0  0  0  0  0  0  0 
1441629966  0  0  0  0  0  0  0  0  0  3613187  0  0  0  0  0  0  0  0  0  21  0  0  0  0  0  46  0  0  0  0  0  0  0 
1441629967  0  0  0  0  0  0  0  0  0  3613187  0  0  0  0  0  0  0  0  0  21  0  0  0  0  0  46  0  0  0  0  0  0  0 
1441629967  0  0  0  0  0  0  0  0  0  3613187  0  0  0  0  0  0  0  0  0  21  0  0  0  0  0  46  0  0  0  0  0  0  0 
1441629968  0  0  0  0  0  0  0  0  0  3613187  0  0  0  0  0  0  0  0  0  21  0  0  0  0  0  46  0  0  0  0  0  0  0 
1441629968  0  0  0  0  0  0  0  0  0  3613187  0  0  0  0  0  0  0  0  0  21  0  0  0  0  0  46  0  0  0  0  0  0  0 
1441629969  0  0  0  0  0  0  0  0  0  3613187  0  0  0  0  0  0  0  0  0  21  0  0  0  0  0  46  0  0  0  0  0  0  0 
1441629969  0  0  0  0  0  0  0  0  0  3613187  0  0  0  0  0  0  0  0  0  21  0  0  0  0  0  46  0  0  0  0  0  0  0 
1441629970  0  0  0  0  0  0  0  0  0  3613187  0  0  0  0  0  0  0  0  0  21  0  0  0  0  0  46  0  0  0  0  0  0  0 
1441629970  0  0  0  0  0  0  0  0  0  3613187  0  0  0  0  0  0  0  0  0  21  0  0  0  0  0  46  0  0  0  0  0  0  0 
1441629971  0  0  0  0  0  0  0  0  0  3613187  0  0  0  0  0  0  0  0  0  21  0  0  0  0  0  46  0  0  0  0  0  0  0 
1441629971  0  0  0  0  0  0  0  0  0  3613187  0  0  0  0  0  0  0  0  0  21  0  0  0  0  0  46  0  0  0  0  0  0  0 
1441629972  0  0  0  0  0  0  0  0  0  3613187  0  0  0  0  0  0  0  0  0  21  0  0  0  0  0  46  0  0  0  0  0  0  0 
1441629972  0  0  0  0  0  0  0  0  0  3613187  0  0  0  0  0  0  0  0  0  21  0  0  0  0  0  46  0  0  0  0  0  0  0 
1441629973  0  0  0  0  0  0  0  0  0  3613187  0  0  0  0  0  0  0  0  0  21  0  0  0  0  0  46  0  0  0  0  0  0  0 
1441629973  0  0  0  0  0  0  0  0  0  3613187  0  0  0  0  0  0  0  0  0  21  0  0  0  0  0  46  0  0  0  0  0  0  0 
1441629974  0  0  0  0  0  0  0  0  0  3613187  0  0  0  0  0  0  0  0  0  21  0  0  0  0  0  46  0  0  0  0  0  0  0 
1441629974  0  0  0  0  0  0  0  0  0  3613187  0  0  0  0  0  0  0  0  0  21  0  0  0  0  0  46  0  0  0  0  0  0  0 
1441629975  0  0  0  0  0  0  0  0  0  3613187  0  0  0  0  0  0  0  0  0  21  0  0  0  0  0  46  0  0  0  0  0  0  0 
1441629975  0  0  0  0  0  0  0  0  0  3613187  0  0  0  0  0  0  0  0  0  21  0  0  0  0  0  46  0  0  0  0  0  0  0 
1441629976  0  0  0  0  0  0  0  0  0  3613187  0  0  0  0  0  0  0  0  0  21  0  0  0  0  0  46  0  0  0  0  0  0  0 
1441629976  0  0  0  0  0  0  0  0  0  3613187  0  0  0  0  0  0  0  0  0  21  0  0  0  0  0  46  0  0  0  0  0  0  0 
1441629977  0  0  0  0  0  0  0  0  0  3613187  0  0  0  0  0  0  0  0  0  21  0  0  0  0  0  46  0  0  0  0  0  0  0 
1441629977  0  0  0  0  0  0  0  0  0  3613187  0  0  0  0  0  0  0  0  0  21  0  0  0  0  0  46  0  0  0  0  0  0  0 
1441629978  0  0  0  0  0  0  0  0  0  3613187  0  0  0  0  0  0  0  0  0  21  0  0  0  0  0  46  0  0  0  0  0  0  0 
1441629978  0  0  0  0  0  0  0  0  0  3613187  0  0  0  0  0  0  0  0  0  21  0  0  0  0  0  46  0  0  0  0  0  0  0 
1441629979  0  0  0  0  0  0  0  0  0  3613187  0  0  0  0  0  0  0  0  0  21  0  0  0  0  0  46  0  0  0  0  0  0  0 
1441629979  0  0  0  0  0  0  0  0  0  3613187  0  0  0  0  0  0  0  0  0  21  0  0  0  0  0  46  0  0  0  0  0  0  0 
1441629980  0  0  0  0  0  0  0  0  0  3613187  0  0  0  0  0  0  0  0  0  21  0  0  0  0  0  46  0  0  0  0  0  0  0 
1441629980  0  0  0  0  0  0  0  0  0  3613187  0  0  0  0  0  0  0  0  0  21  0  0  0  0  0  46  0  0  0  0  0  0  0 
1441629981  0  0  0  0  0  0  0  0  0  3613187  0  0  0  0  0  0  0  0  0  21  0  0  0  0  0  46  0  0  0  0  0  0  0 
1441629981  0  0  0  0  0  0  0  0  0  3613187  0  0  0  0  0  0  0  0  0  21  0  0  0  0  0  46  0  0  0  0  0  0  0 
1441629982  0  0  0  0  0  0  0  0  0  3613187  0  0  0  0  0  0  0  0  0  21  0  0  0  0  0  46  0  0  0  0  0  0  0 
1441629982  0  0  0  0  0  0  0  0  0  3613187  0  0  0  0  0  0  0  0  0  21  0  0  0  0  0  46  0  0  0  0  0  0  0 
1441629983  0  0  0  0  0  0  0  0  0  3613187  0  0  0  0  0  0  0  0  0  21  0  0  0  0  0  46  0  0  0  0  0  0  0 
1441629983  0  0  0  0  0  0  0  0  0  3613187  0  0  0  0  0  0  0  0  0  21  0  0  0  0  0  46  0  0  0  0  0  0  0 
1441629984  0  0  0  0  0  0  0  0  0  3613187  0  0  0  0  0  0  0  0  0  21  0  0  0  0  0  46  0  0  0  0  0  0  0 
1441629984  0  0  0  0  0  0  0  0  0  3613187  0  0  0  0  0  0  0  0  0  21  0  0  0  0  0  46  0  0  0  0  0  0  0 
1441629985  0  0  0  0  0  0  0  0  0  3613187  0  0  0  0  0  0  0  0  0  21  0  0  0  0  0  46  0  0  0  0  0  0  0 
1441629985  0  0  0  0  0  0  0  0  0  3613187  0  0  0  0  0  0  0  0  0  21  0  0  0  0  0  46  0  0  0  0  0  0  0 
1441629986  0  0  0  0  0  0  0  0  0  3613187  0  0  0  0  0  0  0  0  0  21  0  0  0  0  0  46  0  0  0  0  0  0  0 
1441629986  0  0  0  0  0  0  0  0  0  3613187  0  0  0  0  0  0  0  0  0  21  0  0  0  0  0  46  0  0  0  0  0  0  0 
1441629987  0  0  0  0  0  0  0  0  0  3613187  0  0  0  0  0  0  0  0  0  21  0  0  0  0  0  46  0  0  0  0  0  0  0 
1441629987  0  0  0  0  0  0  0  0  0  3613187  0  0  0  0  0  0  0  0  0  21  0  0  0  0  0  46  0  0  0  0  0  0  0 
1441629988  0  0  0  0  0  0  0  0  0  3613187  0  0  0  0  0  0  0  0  0  21  0  0  0  0  0  46  0  0  0  0  0  0  0 
1441629988  0  0  0  0  0  0  0  0  0  3613187  0  0  0  0  0  0  0  0  0  21  0  0  0  0  0  46  0  0  0  0  0  0  0 
1441629989  0  0  0  0  0  0  0  0  0  3613187  0  0  0  0  0  0  0  0  0  21  0  0  0  0  0  46  0  0  0  0  0  0  0 
1441629989  0  0  0  0  0  0  0  0  0  3613187  0  0  0  0  0  0  0  0  0  21  0  0  0  0  0  46  0  0  0  0  0  0  0 
1441629990  0  0  0  0  0  0  0  0  0  3613187  0  0  0  0  0  0  0  0  0  21  0  0  0  0  0  46  0  0  0  0  0  0  0 
1441629990  0  0  0  0  0  0  0  0  0  3613187  0  0  0  0  0  0  0  0  0  21  0  0  0  0  0  46  0  0  0  0  0  0  0 
1441629991  0  0  0  0  0  0  0  0  0  3613187  0  0  0  0  0  0  0  0  0  21  0  0  0  0  0  46  0  0  0  0  0  0  0 
1441629991  0  0  0  0  0  0  0  0  0  3613187  0  0  0  0  0  0  0  0  0  21  0  0  0  0  0  46  0  0  0  0  0  0  0 
1441629992  0  0  0  0  0  0  0  0  0  3613187  0  0  0  0  0  0  0  0  0  21  0  0  0  0  0  46  0  0  0  0  0  0  0 
1441629992  0  0  0  0  0  0  0  0  0  3613187  0  0  0  0  0  0  0  0  0  21  0  0  0  0  0  46  0  0  0  0  0  0  0 
1441629993  0  0  0  0  0  0  0  0  0  3613187  0  0  0  0  0  0  0  0  0  21  0  0  0  0  0  46  0  0  0  0  0  0  0 
1441629993  0  0  0  0  0  0  0  0  0  3613187  0  0  0  0  0  0  0  0  0  21  0  0  0  0  0  46  0  0  0  0  0  0  0 
1441629994  0  0  0  0  0  0  0  0  0  3620967  0  0  0  0  0  0  0  0  0  21  0  0  0  0  0  47  0  7780  0  0  0  0  0 
1441629994  0  0  0  0  0  0  0  0  0  3620967  0  0  0  0  0  0  0  0  0  21  0  0  0  0  0  47  0  0  0  0  0  0  0 
1441629995  0  0  0  0  0  0  0  0  0  3620967  0  0  0  0  0  0  0  0  0  21  0  0  0  0  0  47  0  0  0  0  0  0  0 
1441629995  0  0  0  0  0  0  0  0  0  3620967  0  0  0  0  0  0  0  0  0  21  0  0  0  0  0  47  0  0  0  0  0  0  0 
1441629996  0  0  0  0  0  0  0  0  0  3620967  0  0  0  0  0  0  0  0  0  21  0  0  0  0  0  47  0  0  0  0  0  0  0 
1441629996  0  0  0  0  0  0  0  0  0  3620967  0  0  0  0  0  0  0  0  0  21  0  0  0  0  0  47  0  0  0  0  0  0  0 
1441629997  0  0  0  0  0  0  0  0  0  3620967  0  0  0  0  0  0  0  0  0  21  0  0  0  0  0  47  0  0  0  0  0  0  0 
1441629997  0  0  0  0  0  0  0  0  0  3620967  0  0  0  0  0  0  0  0  0  21  0  0  0  0  0  47  0  0  0  0  0  0  0 
1441629998  0  0  0  0  0  0  0  0  0  3620967  0  0  0  0  0  0  0  0  0  21  0  0  0  0  0  47  0  0  0  0  0  0  0 
1441629998  0  0  0  0  0  0  0  0  0  3620967  0  0  0  0  0  0  0  0  0  21  0  0  0  0  0  47  0  0  0  0  0  0  0 
1441629999  0  0  0  0  0  0  0  0  0  3620967  0  0  0  0  0  0  0  0  0  21  0  0  0  0  0  47  0  0  0  0  0  0  0 
1441629999  0  0  0  0  0  0  0  0  0  3620967  0  0  0  0  0  0  0  0  0  21  0  0  0  0  0  47  0  0  0  0  0  0  0 
1441630000  0  0  0  0  0  0  0  0  0  3620967  0  0  0  0  0  0  0  0  0  21  0  0  0  0  0  47  0  0  0  0  0  0  0 
1441630000  0  0  0  0  0  0  0  0  0  3620967  0  0  0  0  0  0  0  0  0  21  0  0  0  0  0  47  0  0  0  0  0  0  0 
1441630001  0  0  0  0  0  0  0  0  0  3620967  0  0  0  0  0  0  0  0  0  21  0  0  0  0  0  47  0  0  0  0  0  0  0 
1441630001  0  0  0  0  0  0  0  0  0  3620967  0  0  0  0  0  0  0  0  0  21  0  0  0  0  0  47  0  0  0  0  0  0  0 
1441630002  0  0  0  0  0  0  0  0  0  3620967  0  0  0  0  0  0  0  0  0  21  0  0  0  0  0  47  0  0  0  0  0  0  0 
1441630002  0  0  0  0  0  0  0  0  0  3620967  0  0  0  0  0  0  0  0  0  21  0  0  0  0  0  47  0  0  0  0  0  0  0 
1441630003  0  0  0  0  0  0  0  0  0  3620967  0  0  0  0  0  0  0  0  0  21  0  0  0  0  0  47  0  0  0  0  0  0  0 
1441630004  0  0  0  0  0  0  0  0  0  3620967  0  0  0  0  0  0  0  0  0  21  0  0  0  0  0  47  0  0  0  0  0  0  0 
1441630004  0  0  0  0  0  0  0  0  0  3624237  0  0  0  0  0  0  0  0  0  21  0  0  0  0  0  48  0  3270  0  0  0  0  0 
1441630005  0  0  0  0  0  0  0  0  0  3624237  0  0  0  0  0  0  0  0  0  21  0  0  0  0  0  48  0  0  0  0  0  0  0 
1441630005  0  0  0  0  0  0  0  0  0  3624237  0  0  0  0  0  0  0  0  0  21  0  0  0  0  0  48  0  0  0  0  0  0  0 
1441630006  0  0  0  0  0  0  0  0  0  3624237  0  0  0  0  0  0  0  0  0  21  0  0  0  0  0  48  0  0  0  0  0  0  0 
1441630006  0  0  0  0  0  0  0  0  0  3624237  0  0  0  0  0  0  0  0  0  21  0  0  0  0  0  48  0  0  0  0  0  0  0 
1441630007  0  0  0  0  0  0  0  0  0  3624237  0  0  0  0  0  0  0  0  0  21  0  0  0  0  0  48  0  0  0  0  0  0  0 
1441630007  0  0  0  0  0  0  0  0  0  3624237  0  0  0  0  0  0  0  0  0  21  0  0  0  0  0  48  0  0  0  0  0  0  0 
1441630008  0  0  0  0  0  0  0  0  0  3624237  0  0  0  0  0  0  0  0  0  21  0  0  0  0  0  48  0  0  0  0  0  0  0 
1441630008  0  0  0  0  0  0  0  0  0  3624237  0  0  0  0  0  0  0  0  0  21  0  0  0  0  0  48  0  0  0  0  0  0  0 
1441630009  0  0  0  0  0  0  0  0  0  3624237  0  0  0  0  0  0  0  0  0  21  0  0  0  0  0  48  0  0  0  0  0  0  0 
1441630009  0  0  0  0  0  0  0  0  0  3624237  0  0  0  0  0  0  0  0  0  21  0  0  0  0  0  48  0  0  0  0  0  0  0 
1441630010  0  0  0  0  0  0  0  0  0  3624237  0  0  0  0  0  0  0  0  0  21  0  0  0  0  0  48  0  0  0  0  0  0  0 
1441630010  0  0  0  0  0  0  0  0  0  3624237  0  0  0  0  0  0  0  0  0  21  0  0  0  0  0  48  0  0  0  0  0  0  0 
1441630011  0  0  0  0  0  0  0  0  0  3624237  0  0  0  0  0  0  0  0  0  21  0  0  0  0  0  48  0  0  0  0  0  0  0 
1441630011  0  0  0  0  0  0  0  0  0  3624237  0  0  0  0  0  0  0  0  0  21  0  0  0  0  0  48  0  0  0  0  0  0  0 
1441630012  0  0  0  0  0  0  0  0  0  3624237  0  0  0  0  0  0  0  0  0  21  0  0  0  0  0  48  0  0  0  0  0  0  0 
1441630012  0  0  0  0  0  0  0  0  0  3624237  0  0  0  0  0  0  0  0  0  21  0  0  0  0  0  48  0  0  0  0  0  0  0 
1441630013  0  0  0  0  0  0  0  0  0  3624237  0  0  0  0  0  0  0  0  0  21  0  0  0  0  0  48  0  0  0  0  0  0  0 
1441630013  0  0  0  0  0  0  0  0  0  3624237  0  0  0  0  0  0  0  0  0  21  0  0  0  0  0  48  0  0  0  0  0  0  0 
1441630014  0  0  0  0  0  0  0  0  0  3628943  0  0  0  0  0  0  0  0  0  21  0  0  0  0  0  49  0  4706  0  0  0  0  0 
1441630014  0  0  0  0  0  0  0  0  0  3628943  0  0  0  0  0  0  0  0  0  21  0  0  0  0  0  49  0  0  0  0  0  0  0 
1441630015  0  0  0  0  0  0  0  0  0  3628943  0  0  0  0  0  0  0  0  0  21  0  0  0  0  0  49  0  0  0  0  0  0  0 
1441630015  0  0  0  0  0  0  0  0  0  3628943  0  0  0  0  0  0  0  0  0  21  0  0  0  0  0  49  0  0  0  0  0  0  0 
1441630016  0  0  0  0  0  0  0  0  0  3628943  0  0  0  0  0  0  0  0  0  21  0  0  0  0  0  49  0  0  0  0  0  0  0 
1441630016  0  0  0  0  0  0  0  0  0  3628943  0  0  0  0  0  0  0  0  0  21  0  0  0  0  0  49  0  0  0  0  0  0  0 
1441630017  0  0  0  0  0  0  0  0  0  3628943  0  0  0  0  0  0  0  0  0  21  0  0  0  0  0  49  0  0  0  0  0  0  0 
1441630017  0  0  0  0  0  0  0  0  0  3628943  0  0  0  0  0  0  0  0  0  21  0  0  0  0  0  49  0  0  0  0  0  0  0 
1441630018  0  0  0  0  0  0  0  0  0  3628943  0  0  0  0  0  0  0  0  0  21  0  0  0  0  0  49  0  0  0  0  0  0  0 
1441630018  0  0  0  0  0  0  0  0  0  3628943  0  0  0  0  0  0  0  0  0  21  0  0  0  0  0  49  0  0  0  0  0  0  0 
1441630019  0  0  0  0  0  0  0  0  0  3628943  0  0  0  0  0  0  0  0  0  21  0  0  0  0  0  49  0  0  0  0  0  0  0 
1441630019  0  0  0  0  0  0  0  0  0  3628943  0  0  0  0  0  0  0  0  0  21  0  0  0  0  0  49  0  0  0  0  0  0  0 
1441630020  0  0  0  0  0  0  0  0  0  3628943  0  0  0  0  0  0  0  0  0  21  0  0  0  0  0  49  0  0  0  0  0  0  0 
1441630020  0  0  0  0  0  0  0  0  0  3628943  0  0  0  0  0  0  0  0  0  21  0  0  0  0  0  49  0  0  0  0  0  0  0 
1441630021  0  0  0  0  0  0  0  0  0  3628943  0  0  0  0  0  0  0  0  0  21  0  0  0  0  0  49  0  0  0  0  0  0  0 
1441630021  0  0  0  0  0  0  0  0  0  3719754  0  0  0  0  0  0  0  0  0  21  0  0  0  0  0  50  0  90811  0  0  0  0  0 
1441630022  0  0  0  0  0  0  0  0  0  3719754  0  0  0  0  0  0  0  0  0  21  0  0  0  0  0  50  0  0  0  0  0  0  0 
1441630022  0  0  0  0  0  0  0  0  0  3719754  0  0  0  0  0  0  0  0  0  21  0  0  0  0  0  50  0  0  0  0  0  0  0 
1441630023  0  0  0  0  0  0  0  0  0  3719754  0  0  0  0  0  0  0  0  0  21  0  0  0  0  0  50  0  0  0  0  0  0  0 
1441630023  0  0  0  0  0  0  0  0  0  3719754  0  0  0  0  0  0  0  0  0  21  0  0  0  0  0  50  0  0  0  0  0  0  0 
1441630024  0  0  0  0  0  0  0  0  0  3724082  0  0  0  0  0  0  0  0  0  21  0  0  0  0  0  51  0  4328  0  0  0  0  0 
1441630024  0  0  0  0  0  0  0  0  0  3724082  0  0  0  0  0  0  0  0  0  21  0  0  0  0  0  51  0  0  0  0  0  0  0 
1441630025  0  0  0  0  0  0  0  0  0  3724082  0  0  0  0  0  0  0  0  0  21  0  0  0  0  0  51  0  0  0  0  0  0  0 
1441630025  0  0  0  0  0  0  0  0  0  3724082  0  0  0  0  0  0  0  0  0  21  0  0  0  0  0  51  0  0  0  0  0  0  0 
1441630026  0  0  0  0  0  0  0  0  0  3724082  0  0  0  0  0  0  0  0  0  21  0  0  0  0  0  51  0  0  0  0  0  0  0 
1441630026  0  0  0  0  0  0  0  0  0  3724082  0  0  0  0  0  0  0  0  0  21  0  0  0  0  0  51  0  0  0  0  0  0  0 
1441630027  0  0  0  0  0  0  0  0  0  3724082  0  0  0  0  0  0  0  0  0  21  0  0  0  0  0  51  0  0  0  0  0  0  0 
1441630027  0  0  0  0  0  0  0  0  0  3724082  0  0  0  0  0  0  0  0  0  21  0  0  0  0  0  51  0  0  0  0  0  0  0 
1441630028  0  0  0  0  0  0  0  0  0  3724082  0  0  0  0  0  0  0  0  0  21  0  0  0  0  0  51  0  0  0  0  0  0  0 
1441630028  0  0  0  0  0  0  0  0  0  3724082  0  0  0  0  0  0  0  0  0  21  0  0  0  0  0  51  0  0  0  0  0  0  0 
1441630029  0  0  0  0  0  0  0  0  0  3724082  0  0  0  0  0  0  0  0  0  21  0  0  0  0  0  51  0  0  0  0  0  0  0 
1441630029  0  0  0  0  0  0  0  0  0  3724082  0  0  0  0  0  0  0  0  0  21  0  0  0  0  0  51  0  0  0  0  0  0  0 
1441630030  0  0  0  0  0  0  0  0  0  3724082  0  0  0  0  0  0  0  0  0  21  0  0  0  0  0  51  0  0  0  0  0  0  0 
1441630030  0  0  0  0  0  0  0  0  0  3724082  0  0  0  0  0  0  0  0  0  21  0  0  0  0  0  51  0  0  0  0  0  0  0 
1441630031  0  0  0  0  0  0  0  0  0  3724082  0  0  0  0  0  0  0  0  0  21  0  0  0  0  0  51  0  0  0  0  0  0  0 
1441630031  0  0  0  0  0  0  0  0  0  3724082  0  0  0  0  0  0  0  0  0  21  0  0  0  0  0  51  0  0  0  0  0  0  0 
1441630032  0  0  0  0  0  0  0  0  0  3724082  0  0  0  0  0  0  0  0  0  21  0  0  0  0  0  51  0  0  0  0  0  0  0 
1441630032  0  0  0  0  0  0  0  0  0  3724082  0  0  0  0  0  0  0  0  0  21  0  0  0  0  0  51  0  0  0  0  0  0  0 
1441630033  0  0  0  0  0  0  0  0  0  3724082  0  0  0  0  0  0  0  0  0  21  0  0  0  0  0  51  0  0  0  0  0  0  0 
1441630033  0  0  0  0  0  0  0  0  0  3724082  0  0  0  0  0  0  0  0  0  21  0  0  0  0  0  51  0  0  0  0  0  0  0 
1441630034  0  0  0  0  0  0  0  0  0  3726513  0  0  0  0  0  0  0  0  0  21  0  0  0  0  0  52  0  2431  0  0  0  0  0 
1441630034  0  0  0  0  0  0  0  0  0  3726513  0  0  0  0  0  0  0  0  0  21  0  0  0  0  0  52  0  0  0  0  0  0  0 
1441630035  0  0  0  0  0  0  0  0  0  3726513  0  0  0  0  0  0  0  0  0  21  0  0  0  0  0  52  0  0  0  0  0  0  0 
1441630035  0  0  0  0  0  0  0  0  0  3726513  0  0  0  0  0  0  0  0  0  21  0  0  0  0  0  52  0  0  0  0  0  0  0 
1441630036  0  0  0  0  0  0  0  0  0  3726513  0  0  0  0  0  0  0  0  0  21  0  0  0  0  0  52  0  0  0  0  0  0  0 
1441630036  0  0  0  0  0  0  0  0  0  3726513  0  0  0  0  0  0  0  0  0  21  0  0  0  0  0  52  0  0  0  0  0  0  0 
1441630037  0  0  0  0  0  0  0  0  0  3726513  0  0  0  0  0  0  0  0  0  21  0  0  0  0  0  52  0  0  0  0  0  0  0 
1441630037  0  0  0  0  0  0  0  0  0  3726513  0  0  0  0  0  0  0  0  0  21  0  0  0  0  0  52  0  0  0  0  0  0  0 
1441630038  0  0  0  0  0  0  0  0  0  3726513  0  0  0  0  0  0  0  0  0  21  0  0  0  0  0  52  0  0  0  0  0  0  0 
1441630038  0  0  0  0  0  0  0  0  0  3726513  0  0  0  0  0  0  0  0  0  21  0  0  0  0  0  52  0  0  0  0  0  0  0 
1441630039  0  0  0  0  0  0  0  0  0  3726513  0  0  0  0  0  0  0  0  0  21  0  0  0  0  0  52  0  0  0  0  0  0  0 
1441630039  0  0  0  0  0  0  0  0  0  3726513  0  0  0  0  0  0  0  0  0  21  0  0  0  0  0  52  0  0  0  0  0  0  0 
1441630040  0  0  0  0  0  0  0  0  0  3726513  0  0  0  0  0  0  0  0  0  21  0  0  0  0  0  52  0  0  0  0  0  0  0 
1441630040  0  0  0  0  0  0  0  0  0  3726513  0  0  0  0  0  0  0  0  0  21  0  0  0  0  0  52  0  0  0  0  0  0  0 
1441630041  0  0  0  0  0  0  0  0  0  3726513  0  0  0  0  0  0  0  0  0  21  0  0  0  0  0  52  0  0  0  0  0  0  0 
1441630041  0  0  0  0  0  0  0  0  0  3726513  0  0  0  0  0  0  0  0  0  21  0  0  0  0  0  52  0  0  0  0  0  0  0 
1441630042  0  0  0  0  0  0  0  0  0  3726513  0  0  0  0  0  0  0  0  0  21  0  0  0  0  0  52  0  0  0  0  0  0  0 
1441630042  0  0  0  0  0  0  0  0  0  3726513  0  0  0  0  0  0  0  0  0  21  0  0  0  0  0  52  0  0  0  0  0  0  0 
1441630043  0  0  0  0  0  0  0  0  0  3726513  0  0  0  0  0  0  0  0  0  21  0  0  0  0  0  52  0  0  0  0  0  0  0 
1441630043  0  0  0  0  0  0  0  0  0  3726513  0  0  0  0  0  0  0  0  0  21  0  0  0  0  0  52  0  0  0  0  0  0  0 
1441630044  0  0  0  0  0  0  0  0  0  3726513  0  0  0  0  0  0  0  0  0  21  0  0  0  0  0  52  0  0  0  0  0  0  0 
1441630044  0  0  0  0  0  0  0  0  0  3797063  0  0  0  0  0  0  0  0  0  25  0  0  0  0  0  65  0  70550  0  0  0  0  0 
1441630045  0  0  0  0  0  0  0  0  0  3807960  0  0  0  0  0  0  0  0  0  25  0  0  0  0  0  65  0  10897  0  0  0  0  0 
1441630045  0  0  0  0  0  0  0  0  0  3807960  0  0  0  0  0  0  0  0  0  25  0  0  0  0  0  65  0  0  0  0  0  0  0 
