#Type:X;CI:1;ww:0;ca:0;co:0;fr:0;Type:X;CI:1;PI:0;PT:EP;U0:0;U1:0;Type:X;CI:1;PI:1;PT:EP;U0:0;U1:0;
#time  Pp  gt  gs  cn  cm  cb  Nc  Pc  cp  Tc  Nm  pr  ps  pt  px  pd  Pm  Om  fs  ft  Oc  Em  Gp  Ec  Ge  ot  os  Total_cycles_diff  Successful_get_diff  Total_get_diff  succ_put_diff  total_put_diff  get_hit  
1441629720  0  0  0  0  0  0  0  0  0  4320442  0  0  0  0  0  0  0  0  0  21  0  0  0  0  0  46  0  4320442  0  0  0  0  
1441629721  0  0  0  0  0  0  0  0  0  4327956  0  0  0  0  0  0  0  0  0  21  0  0  0  0  0  47  0  7514  0  0  0  0  0 
1441629721  0  0  0  0  0  0  0  0  0  4327956  0  0  0  0  0  0  0  0  0  21  0  0  0  0  0  47  0  0  0  0  0  0  0 
1441629722  0  0  0  0  0  0  0  0  0  4327956  0  0  0  0  0  0  0  0  0  21  0  0  0  0  0  47  0  0  0  0  0  0  0 
1441629722  0  0  0  0  0  0  0  0  0  4327956  0  0  0  0  0  0  0  0  0  21  0  0  0  0  0  47  0  0  0  0  0  0  0 
1441629723  0  0  0  0  0  0  0  0  0  4327956  0  0  0  0  0  0  0  0  0  21  0  0  0  0  0  47  0  0  0  0  0  0  0 
1441629723  0  0  0  0  0  0  0  0  0  4327956  0  0  0  0  0  0  0  0  0  21  0  0  0  0  0  47  0  0  0  0  0  0  0 
1441629724  0  0  0  0  0  0  0  0  0  4327956  0  0  0  0  0  0  0  0  0  21  0  0  0  0  0  47  0  0  0  0  0  0  0 
1441629724  0  0  0  0  0  0  0  0  0  4327956  0  0  0  0  0  0  0  0  0  21  0  0  0  0  0  47  0  0  0  0  0  0  0 
1441629725  0  0  0  0  0  0  0  0  0  4327956  0  0  0  0  0  0  0  0  0  21  0  0  0  0  0  47  0  0  0  0  0  0  0 
1441629726  0  0  0  0  0  0  0  0  0  4327956  0  0  0  0  0  0  0  0  0  21  0  0  0  0  0  47  0  0  0  0  0  0  0 
1441629726  0  0  0  0  0  0  0  0  0  4327956  0  0  0  0  0  0  0  0  0  21  0  0  0  0  0  47  0  0  0  0  0  0  0 
1441629727  0  0  0  0  0  0  0  0  0  4327956  0  0  0  0  0  0  0  0  0  21  0  0  0  0  0  47  0  0  0  0  0  0  0 
1441629727  0  0  0  0  0  0  0  0  0  4327956  0  0  0  0  0  0  0  0  0  21  0  0  0  0  0  47  0  0  0  0  0  0  0 
1441629728  0  0  0  0  0  0  0  0  0  4327956  0  0  0  0  0  0  0  0  0  21  0  0  0  0  0  47  0  0  0  0  0  0  0 
1441629728  0  0  0  0  0  0  0  0  0  4327956  0  0  0  0  0  0  0  0  0  21  0  0  0  0  0  47  0  0  0  0  0  0  0 
1441629729  0  0  0  0  0  0  0  0  0  4327956  0  0  0  0  0  0  0  0  0  21  0  0  0  0  0  47  0  0  0  0  0  0  0 
1441629729  0  0  0  0  0  0  0  0  0  4327956  0  0  0  0  0  0  0  0  0  21  0  0  0  0  0  47  0  0  0  0  0  0  0 
1441629730  0  0  0  0  0  0  0  0  0  4327956  0  0  0  0  0  0  0  0  0  21  0  0  0  0  0  47  0  0  0  0  0  0  0 
1441629730  0  0  0  0  0  0  0  0  0  4327956  0  0  0  0  0  0  0  0  0  21  0  0  0  0  0  47  0  0  0  0  0  0  0 
1441629731  0  0  0  0  0  0  0  0  0  4327956  0  0  0  0  0  0  0  0  0  21  0  0  0  0  0  47  0  0  0  0  0  0  0 
1441629731  0  0  0  0  0  0  0  0  0  4331144  0  0  0  0  0  0  0  0  0  21  0  0  0  0  0  48  0  3188  0  0  0  0  0 
1441629732  0  0  0  0  0  0  0  0  0  4331144  0  0  0  0  0  0  0  0  0  21  0  0  0  0  0  48  0  0  0  0  0  0  0 
1441629732  0  0  0  0  0  0  0  0  0  4331144  0  0  0  0  0  0  0  0  0  21  0  0  0  0  0  48  0  0  0  0  0  0  0 
1441629733  0  0  0  0  0  0  0  0  0  4331144  0  0  0  0  0  0  0  0  0  21  0  0  0  0  0  48  0  0  0  0  0  0  0 
1441629733  0  0  0  0  0  0  0  0  0  4331144  0  0  0  0  0  0  0  0  0  21  0  0  0  0  0  48  0  0  0  0  0  0  0 
1441629734  0  0  0  0  0  0  0  0  0  4331144  0  0  0  0  0  0  0  0  0  21  0  0  0  0  0  48  0  0  0  0  0  0  0 
1441629734  0  0  0  0  0  0  0  0  0  4331144  0  0  0  0  0  0  0  0  0  21  0  0  0  0  0  48  0  0  0  0  0  0  0 
1441629735  0  0  0  0  0  0  0  0  0  4331144  0  0  0  0  0  0  0  0  0  21  0  0  0  0  0  48  0  0  0  0  0  0  0 
1441629735  0  0  0  0  0  0  0  0  0  4331144  0  0  0  0  0  0  0  0  0  21  0  0  0  0  0  48  0  0  0  0  0  0  0 
1441629736  0  0  0  0  0  0  0  0  0  4331144  0  0  0  0  0  0  0  0  0  21  0  0  0  0  0  48  0  0  0  0  0  0  0 
1441629736  0  0  0  0  0  0  0  0  0  4331144  0  0  0  0  0  0  0  0  0  21  0  0  0  0  0  48  0  0  0  0  0  0  0 
1441629737  0  0  0  0  0  0  0  0  0  4331144  0  0  0  0  0  0  0  0  0  21  0  0  0  0  0  48  0  0  0  0  0  0  0 
1441629737  0  0  0  0  0  0  0  0  0  4331144  0  0  0  0  0  0  0  0  0  21  0  0  0  0  0  48  0  0  0  0  0  0  0 
1441629738  0  0  0  0  0  0  0  0  0  4331144  0  0  0  0  0  0  0  0  0  21  0  0  0  0  0  48  0  0  0  0  0  0  0 
1441629738  0  0  0  0  0  0  0  0  0  4331144  0  0  0  0  0  0  0  0  0  21  0  0  0  0  0  48  0  0  0  0  0  0  0 
1441629739  0  0  0  0  0  0  0  0  0  4331144  0  0  0  0  0  0  0  0  0  21  0  0  0  0  0  48  0  0  0  0  0  0  0 
1441629739  0  0  0  0  0  0  0  0  0  4331144  0  0  0  0  0  0  0  0  0  21  0  0  0  0  0  48  0  0  0  0  0  0  0 
1441629740  0  0  0  0  0  0  0  0  0  4331144  0  0  0  0  0  0  0  0  0  21  0  0  0  0  0  48  0  0  0  0  0  0  0 
1441629740  0  0  0  0  0  0  0  0  0  4331144  0  0  0  0  0  0  0  0  0  21  0  0  0  0  0  48  0  0  0  0  0  0  0 
1441629741  0  0  0  0  0  0  0  0  0  4333863  0  0  0  0  0  0  0  0  0  21  0  0  0  0  0  49  0  2719  0  0  0  0  0 
1441629741  0  0  0  0  0  0  0  0  0  4333863  0  0  0  0  0  0  0  0  0  21  0  0  0  0  0  49  0  0  0  0  0  0  0 
1441629742  0  0  0  0  0  0  0  0  0  4333863  0  0  0  0  0  0  0  0  0  21  0  0  0  0  0  49  0  0  0  0  0  0  0 
1441629742  0  0  0  0  0  0  0  0  0  4333863  0  0  0  0  0  0  0  0  0  21  0  0  0  0  0  49  0  0  0  0  0  0  0 
1441629743  0  0  0  0  0  0  0  0  0  4333863  0  0  0  0  0  0  0  0  0  21  0  0  0  0  0  49  0  0  0  0  0  0  0 
1441629743  0  0  0  0  0  0  0  0  0  4333863  0  0  0  0  0  0  0  0  0  21  0  0  0  0  0  49  0  0  0  0  0  0  0 
1441629744  0  0  0  0  0  0  0  0  0  4333863  0  0  0  0  0  0  0  0  0  21  0  0  0  0  0  49  0  0  0  0  0  0  0 
1441629744  0  0  0  0  0  0  0  0  0  4333863  0  0  0  0  0  0  0  0  0  21  0  0  0  0  0  49  0  0  0  0  0  0  0 
1441629745  0  0  0  0  0  0  0  0  0  4333863  0  0  0  0  0  0  0  0  0  21  0  0  0  0  0  49  0  0  0  0  0  0  0 
1441629745  0  0  0  0  0  0  0  0  0  4333863  0  0  0  0  0  0  0  0  0  21  0  0  0  0  0  49  0  0  0  0  0  0  0 
1441629746  0  0  0  0  0  0  0  0  0  4333863  0  0  0  0  0  0  0  0  0  21  0  0  0  0  0  49  0  0  0  0  0  0  0 
1441629746  0  0  0  0  0  0  0  0  0  4333863  0  0  0  0  0  0  0  0  0  21  0  0  0  0  0  49  0  0  0  0  0  0  0 
1441629747  0  0  0  0  0  0  0  0  0  4333863  0  0  0  0  0  0  0  0  0  21  0  0  0  0  0  49  0  0  0  0  0  0  0 
1441629747  0  0  0  0  0  0  0  0  0  4333863  0  0  0  0  0  0  0  0  0  21  0  0  0  0  0  49  0  0  0  0  0  0  0 
1441629748  0  0  0  0  0  0  0  0  0  4333863  0  0  0  0  0  0  0  0  0  21  0  0  0  0  0  49  0  0  0  0  0  0  0 
1441629748  0  0  0  0  0  0  0  0  0  4333863  0  0  0  0  0  0  0  0  0  21  0  0  0  0  0  49  0  0  0  0  0  0  0 
1441629749  0  0  0  0  0  0  0  0  0  4333863  0  0  0  0  0  0  0  0  0  21  0  0  0  0  0  49  0  0  0  0  0  0  0 
1441629749  0  0  0  0  0  0  0  0  0  4333863  0  0  0  0  0  0  0  0  0  21  0  0  0  0  0  49  0  0  0  0  0  0  0 
1441629750  0  0  0  0  0  0  0  0  0  4333863  0  0  0  0  0  0  0  0  0  21  0  0  0  0  0  49  0  0  0  0  0  0  0 
1441629750  0  0  0  0  0  0  0  0  0  4333863  0  0  0  0  0  0  0  0  0  21  0  0  0  0  0  49  0  0  0  0  0  0  0 
1441629751  0  0  0  0  0  0  0  0  0  4338151  0  0  0  0  0  0  0  0  0  21  0  0  0  0  0  50  0  4288  0  0  0  0  0 
1441629751  0  0  0  0  0  0  0  0  0  4338151  0  0  0  0  0  0  0  0  0  21  0  0  0  0  0  50  0  0  0  0  0  0  0 
1441629752  0  0  0  0  0  0  0  0  0  4338151  0  0  0  0  0  0  0  0  0  21  0  0  0  0  0  50  0  0  0  0  0  0  0 
1441629752  0  0  0  0  0  0  0  0  0  4338151  0  0  0  0  0  0  0  0  0  21  0  0  0  0  0  50  0  0  0  0  0  0  0 
1441629753  0  0  0  0  0  0  0  0  0  4338151  0  0  0  0  0  0  0  0  0  21  0  0  0  0  0  50  0  0  0  0  0  0  0 
1441629753  0  0  0  0  0  0  0  0  0  4338151  0  0  0  0  0  0  0  0  0  21  0  0  0  0  0  50  0  0  0  0  0  0  0 
1441629754  0  0  0  0  0  0  0  0  0  4338151  0  0  0  0  0  0  0  0  0  21  0  0  0  0  0  50  0  0  0  0  0  0  0 
1441629754  0  0  0  0  0  0  0  0  0  4338151  0  0  0  0  0  0  0  0  0  21  0  0  0  0  0  50  0  0  0  0  0  0  0 
1441629755  0  0  0  0  0  0  0  0  0  4338151  0  0  0  0  0  0  0  0  0  21  0  0  0  0  0  50  0  0  0  0  0  0  0 
1441629755  0  0  0  0  0  0  0  0  0  4338151  0  0  0  0  0  0  0  0  0  21  0  0  0  0  0  50  0  0  0  0  0  0  0 
1441629756  0  0  0  0  0  0  0  0  0  4338151  0  0  0  0  0  0  0  0  0  21  0  0  0  0  0  50  0  0  0  0  0  0  0 
1441629756  0  0  0  0  0  0  0  0  0  4338151  0  0  0  0  0  0  0  0  0  21  0  0  0  0  0  50  0  0  0  0  0  0  0 
1441629757  0  0  0  0  0  0  0  0  0  4338151  0  0  0  0  0  0  0  0  0  21  0  0  0  0  0  50  0  0  0  0  0  0  0 
1441629757  0  0  0  0  0  0  0  0  0  4338151  0  0  0  0  0  0  0  0  0  21  0  0  0  0  0  50  0  0  0  0  0  0  0 
1441629758  0  0  0  0  0  0  0  0  0  4338151  0  0  0  0  0  0  0  0  0  21  0  0  0  0  0  50  0  0  0  0  0  0  0 
1441629758  0  0  0  0  0  0  0  0  0  4338151  0  0  0  0  0  0  0  0  0  21  0  0  0  0  0  50  0  0  0  0  0  0  0 
1441629759  0  0  0  0  0  0  0  0  0  4338151  0  0  0  0  0  0  0  0  0  21  0  0  0  0  0  50  0  0  0  0  0  0  0 
1441629759  0  0  0  0  0  0  0  0  0  4338151  0  0  0  0  0  0  0  0  0  21  0  0  0  0  0  50  0  0  0  0  0  0  0 
1441629760  0  0  0  0  0  0  0  0  0  4338151  0  0  0  0  0  0  0  0  0  21  0  0  0  0  0  50  0  0  0  0  0  0  0 
1441629760  0  0  0  0  0  0  0  0  0  4338151  0  0  0  0  0  0  0  0  0  21  0  0  0  0  0  50  0  0  0  0  0  0  0 
1441629761  0  0  0  0  0  0  0  0  0  4409678  0  0  0  0  0  0  0  0  0  23  0  0  0  0  0  54  0  71527  0  0  0  0  0 
1441629761  0  0  0  0  0  0  0  0  0  4440059  0  0  0  0  0  0  0  0  0  25  0  0  0  0  0  63  0  30381  0  0  0  0  0 
1441629762  0  0  0  0  0  0  0  0  0  4440059  0  0  0  0  0  0  0  0  0  25  0  0  0  0  0  63  0  0  0  0  0  0  0 
1441629762  0  0  0  0  0  0  0  0  0  4440059  0  0  0  0  0  0  0  0  0  25  0  0  0  0  0  63  0  0  0  0  0  0  0 
