#Type:X;CI:7;ww:0;ca:0;co:0;fr:0;Type:X;CI:7;PI:0;PT:EP;U0:0;U1:0;
#time  Pp  gt  gs  cn  cm  cb  Nc  Pc  cp  Tc  Nm  pr  ps  pt  px  pd  Pm  Om  fs  ft  Oc  Em  Gp  Ec  Ge  ot  os  Total_cycles_diff  Successful_get_diff  Total_get_diff  succ_put_diff  total_put_diff  get_hit  
1441630079  0  0  0  0  0  0  0  0  0  241832  0  0  0  0  0  0  0  0  0  0  0  0  0  0  0  0  0  241832  0  0  0  0  
1441630079  0  0  0  0  0  0  0  0  0  898624  0  0  0  0  0  0  0  0  0  0  0  0  0  0  0  0  0  656792  0  0  0  0  0 
1441630080  0  0  0  0  0  0  0  0  0  1318213  0  0  0  0  0  0  0  0  0  0  0  0  0  0  0  0  0  419589  0  0  0  0  0 
1441630080  0  0  0  0  0  0  0  0  0  1578982  0  0  0  0  0  0  0  0  0  0  0  0  0  0  0  0  0  260769  0  0  0  0  0 
1441630081  0  0  0  0  0  0  0  0  0  1895433  0  0  0  0  0  0  0  0  0  0  0  0  0  0  0  0  0  316451  0  0  0  0  0 
1441630081  0  0  0  0  0  0  0  0  0  2395927  0  0  0  0  0  0  0  0  0  13  0  0  0  0  0  39  0  500494  0  0  0  0  0 
1441630082  0  0  0  0  0  0  0  0  0  2395927  0  0  0  0  0  0  0  0  0  13  0  0  0  0  0  39  0  0  0  0  0  0  0 
1441630082  0  0  0  0  0  0  0  0  0  3148555  0  0  0  0  0  0  0  0  0  15  0  0  0  0  0  41  0  752628  0  0  0  0  0 
1441630083  0  0  0  0  0  0  0  0  0  3653332  0  0  0  0  0  0  0  0  0  21  0  0  0  0  0  46  0  504777  0  0  0  0  0 
1441630083  0  0  0  0  0  0  0  0  0  3762153  0  0  0  0  0  0  0  0  0  21  0  0  0  0  0  46  0  108821  0  0  0  0  0 
1441630084  0  0  0  0  0  0  0  0  0  3762153  0  0  0  0  0  0  0  0  0  21  0  0  0  0  0  46  0  0  0  0  0  0  0 
1441630084  0  0  0  0  0  0  0  0  0  3762153  0  0  0  0  0  0  0  0  0  21  0  0  0  0  0  46  0  0  0  0  0  0  0 
1441630085  0  0  0  0  0  0  0  0  0  3762153  0  0  0  0  0  0  0  0  0  21  0  0  0  0  0  46  0  0  0  0  0  0  0 
1441630085  0  0  0  0  0  0  0  0  0  3762153  0  0  0  0  0  0  0  0  0  21  0  0  0  0  0  46  0  0  0  0  0  0  0 
1441630086  0  0  0  0  0  0  0  0  0  3762153  0  0  0  0  0  0  0  0  0  21  0  0  0  0  0  46  0  0  0  0  0  0  0 
1441630086  0  0  0  0  0  0  0  0  0  3762153  0  0  0  0  0  0  0  0  0  21  0  0  0  0  0  46  0  0  0  0  0  0  0 
1441630087  0  0  0  0  0  0  0  0  0  3762153  0  0  0  0  0  0  0  0  0  21  0  0  0  0  0  46  0  0  0  0  0  0  0 
1441630087  0  0  0  0  0  0  0  0  0  3762153  0  0  0  0  0  0  0  0  0  21  0  0  0  0  0  46  0  0  0  0  0  0  0 
1441630088  0  0  0  0  0  0  0  0  0  3762153  0  0  0  0  0  0  0  0  0  21  0  0  0  0  0  46  0  0  0  0  0  0  0 
1441630088  0  0  0  0  0  0  0  0  0  3762153  0  0  0  0  0  0  0  0  0  21  0  0  0  0  0  46  0  0  0  0  0  0  0 
1441630089  0  0  0  0  0  0  0  0  0  3762153  0  0  0  0  0  0  0  0  0  21  0  0  0  0  0  46  0  0  0  0  0  0  0 
1441630089  0  0  0  0  0  0  0  0  0  3762153  0  0  0  0  0  0  0  0  0  21  0  0  0  0  0  46  0  0  0  0  0  0  0 
1441630090  0  0  0  0  0  0  0  0  0  3762153  0  0  0  0  0  0  0  0  0  21  0  0  0  0  0  46  0  0  0  0  0  0  0 
1441630090  0  0  0  0  0  0  0  0  0  3762153  0  0  0  0  0  0  0  0  0  21  0  0  0  0  0  46  0  0  0  0  0  0  0 
1441630091  0  0  0  0  0  0  0  0  0  3762153  0  0  0  0  0  0  0  0  0  21  0  0  0  0  0  46  0  0  0  0  0  0  0 
1441630091  0  0  0  0  0  0  0  0  0  3762153  0  0  0  0  0  0  0  0  0  21  0  0  0  0  0  46  0  0  0  0  0  0  0 
1441630092  0  0  0  0  0  0  0  0  0  3762153  0  0  0  0  0  0  0  0  0  21  0  0  0  0  0  46  0  0  0  0  0  0  0 
1441630092  0  0  0  0  0  0  0  0  0  3762153  0  0  0  0  0  0  0  0  0  21  0  0  0  0  0  46  0  0  0  0  0  0  0 
1441630093  0  0  0  0  0  0  0  0  0  3762153  0  0  0  0  0  0  0  0  0  21  0  0  0  0  0  46  0  0  0  0  0  0  0 
1441630093  0  0  0  0  0  0  0  0  0  3762153  0  0  0  0  0  0  0  0  0  21  0  0  0  0  0  46  0  0  0  0  0  0  0 
1441630094  0  0  0  0  0  0  0  0  0  3762153  0  0  0  0  0  0  0  0  0  21  0  0  0  0  0  46  0  0  0  0  0  0  0 
1441630094  0  0  0  0  0  0  0  0  0  3762153  0  0  0  0  0  0  0  0  0  21  0  0  0  0  0  46  0  0  0  0  0  0  0 
1441630095  0  0  0  0  0  0  0  0  0  3762153  0  0  0  0  0  0  0  0  0  21  0  0  0  0  0  46  0  0  0  0  0  0  0 
1441630095  0  0  0  0  0  0  0  0  0  3762153  0  0  0  0  0  0  0  0  0  21  0  0  0  0  0  46  0  0  0  0  0  0  0 
1441630096  0  0  0  0  0  0  0  0  0  3762153  0  0  0  0  0  0  0  0  0  21  0  0  0  0  0  46  0  0  0  0  0  0  0 
1441630096  0  0  0  0  0  0  0  0  0  3762153  0  0  0  0  0  0  0  0  0  21  0  0  0  0  0  46  0  0  0  0  0  0  0 
1441630097  0  0  0  0  0  0  0  0  0  3762153  0  0  0  0  0  0  0  0  0  21  0  0  0  0  0  46  0  0  0  0  0  0  0 
1441630097  0  0  0  0  0  0  0  0  0  3762153  0  0  0  0  0  0  0  0  0  21  0  0  0  0  0  46  0  0  0  0  0  0  0 
1441630098  0  0  0  0  0  0  0  0  0  3762153  0  0  0  0  0  0  0  0  0  21  0  0  0  0  0  46  0  0  0  0  0  0  0 
1441630098  0  0  0  0  0  0  0  0  0  3762153  0  0  0  0  0  0  0  0  0  21  0  0  0  0  0  46  0  0  0  0  0  0  0 
1441630099  0  0  0  0  0  0  0  0  0  3762153  0  0  0  0  0  0  0  0  0  21  0  0  0  0  0  46  0  0  0  0  0  0  0 
1441630099  0  0  0  0  0  0  0  0  0  3762153  0  0  0  0  0  0  0  0  0  21  0  0  0  0  0  46  0  0  0  0  0  0  0 
1441630100  0  0  0  0  0  0  0  0  0  3762153  0  0  0  0  0  0  0  0  0  21  0  0  0  0  0  46  0  0  0  0  0  0  0 
1441630100  0  0  0  0  0  0  0  0  0  3762153  0  0  0  0  0  0  0  0  0  21  0  0  0  0  0  46  0  0  0  0  0  0  0 
1441630101  0  0  0  0  0  0  0  0  0  3762153  0  0  0  0  0  0  0  0  0  21  0  0  0  0  0  46  0  0  0  0  0  0  0 
1441630101  0  0  0  0  0  0  0  0  0  3762153  0  0  0  0  0  0  0  0  0  21  0  0  0  0  0  46  0  0  0  0  0  0  0 
1441630102  0  0  0  0  0  0  0  0  0  3762153  0  0  0  0  0  0  0  0  0  21  0  0  0  0  0  46  0  0  0  0  0  0  0 
1441630102  0  0  0  0  0  0  0  0  0  3762153  0  0  0  0  0  0  0  0  0  21  0  0  0  0  0  46  0  0  0  0  0  0  0 
1441630103  0  0  0  0  0  0  0  0  0  3762153  0  0  0  0  0  0  0  0  0  21  0  0  0  0  0  46  0  0  0  0  0  0  0 
1441630103  0  0  0  0  0  0  0  0  0  3762153  0  0  0  0  0  0  0  0  0  21  0  0  0  0  0  46  0  0  0  0  0  0  0 
1441630104  0  0  0  0  0  0  0  0  0  3762153  0  0  0  0  0  0  0  0  0  21  0  0  0  0  0  46  0  0  0  0  0  0  0 
1441630104  0  0  0  0  0  0  0  0  0  3762153  0  0  0  0  0  0  0  0  0  21  0  0  0  0  0  46  0  0  0  0  0  0  0 
1441630105  0  0  0  0  0  0  0  0  0  3762153  0  0  0  0  0  0  0  0  0  21  0  0  0  0  0  46  0  0  0  0  0  0  0 
1441630105  0  0  0  0  0  0  0  0  0  3762153  0  0  0  0  0  0  0  0  0  21  0  0  0  0  0  46  0  0  0  0  0  0  0 
1441630106  0  0  0  0  0  0  0  0  0  3762153  0  0  0  0  0  0  0  0  0  21  0  0  0  0  0  46  0  0  0  0  0  0  0 
1441630106  0  0  0  0  0  0  0  0  0  3762153  0  0  0  0  0  0  0  0  0  21  0  0  0  0  0  46  0  0  0  0  0  0  0 
1441630107  0  0  0  0  0  0  0  0  0  3762153  0  0  0  0  0  0  0  0  0  21  0  0  0  0  0  46  0  0  0  0  0  0  0 
1441630107  0  0  0  0  0  0  0  0  0  3762153  0  0  0  0  0  0  0  0  0  21  0  0  0  0  0  46  0  0  0  0  0  0  0 
1441630108  0  0  0  0  0  0  0  0  0  3762153  0  0  0  0  0  0  0  0  0  21  0  0  0  0  0  46  0  0  0  0  0  0  0 
1441630108  0  0  0  0  0  0  0  0  0  3762153  0  0  0  0  0  0  0  0  0  21  0  0  0  0  0  46  0  0  0  0  0  0  0 
1441630109  0  0  0  0  0  0  0  0  0  3762153  0  0  0  0  0  0  0  0  0  21  0  0  0  0  0  46  0  0  0  0  0  0  0 
1441630109  0  0  0  0  0  0  0  0  0  3762153  0  0  0  0  0  0  0  0  0  21  0  0  0  0  0  46  0  0  0  0  0  0  0 
1441630110  0  0  0  0  0  0  0  0  0  3762153  0  0  0  0  0  0  0  0  0  21  0  0  0  0  0  46  0  0  0  0  0  0  0 
1441630111  0  0  0  0  0  0  0  0  0  3762153  0  0  0  0  0  0  0  0  0  21  0  0  0  0  0  46  0  0  0  0  0  0  0 
1441630111  0  0  0  0  0  0  0  0  0  3762153  0  0  0  0  0  0  0  0  0  21  0  0  0  0  0  46  0  0  0  0  0  0  0 
1441630112  0  0  0  0  0  0  0  0  0  3762153  0  0  0  0  0  0  0  0  0  21  0  0  0  0  0  46  0  0  0  0  0  0  0 
1441630112  0  0  0  0  0  0  0  0  0  3762153  0  0  0  0  0  0  0  0  0  21  0  0  0  0  0  46  0  0  0  0  0  0  0 
1441630113  0  0  0  0  0  0  0  0  0  3762153  0  0  0  0  0  0  0  0  0  21  0  0  0  0  0  46  0  0  0  0  0  0  0 
1441630113  0  0  0  0  0  0  0  0  0  3762153  0  0  0  0  0  0  0  0  0  21  0  0  0  0  0  46  0  0  0  0  0  0  0 
1441630114  0  0  0  0  0  0  0  0  0  3762153  0  0  0  0  0  0  0  0  0  21  0  0  0  0  0  46  0  0  0  0  0  0  0 
1441630114  0  0  0  0  0  0  0  0  0  3762153  0  0  0  0  0  0  0  0  0  21  0  0  0  0  0  46  0  0  0  0  0  0  0 
1441630115  0  0  0  0  0  0  0  0  0  3762153  0  0  0  0  0  0  0  0  0  21  0  0  0  0  0  46  0  0  0  0  0  0  0 
1441630115  0  0  0  0  0  0  0  0  0  3762153  0  0  0  0  0  0  0  0  0  21  0  0  0  0  0  46  0  0  0  0  0  0  0 
1441630116  0  0  0  0  0  0  0  0  0  3762153  0  0  0  0  0  0  0  0  0  21  0  0  0  0  0  46  0  0  0  0  0  0  0 
1441630116  0  0  0  0  0  0  0  0  0  3762153  0  0  0  0  0  0  0  0  0  21  0  0  0  0  0  46  0  0  0  0  0  0  0 
1441630117  0  0  0  0  0  0  0  0  0  3762153  0  0  0  0  0  0  0  0  0  21  0  0  0  0  0  46  0  0  0  0  0  0  0 
1441630117  0  0  0  0  0  0  0  0  0  3762153  0  0  0  0  0  0  0  0  0  21  0  0  0  0  0  46  0  0  0  0  0  0  0 
1441630118  0  0  0  0  0  0  0  0  0  3762153  0  0  0  0  0  0  0  0  0  21  0  0  0  0  0  46  0  0  0  0  0  0  0 
1441630118  0  0  0  0  0  0  0  0  0  3762153  0  0  0  0  0  0  0  0  0  21  0  0  0  0  0  46  0  0  0  0  0  0  0 
1441630119  0  0  0  0  0  0  0  0  0  3762153  0  0  0  0  0  0  0  0  0  21  0  0  0  0  0  46  0  0  0  0  0  0  0 
1441630119  0  0  0  0  0  0  0  0  0  3762153  0  0  0  0  0  0  0  0  0  21  0  0  0  0  0  46  0  0  0  0  0  0  0 
1441630120  0  0  0  0  0  0  0  0  0  3762153  0  0  0  0  0  0  0  0  0  21  0  0  0  0  0  46  0  0  0  0  0  0  0 
1441630120  0  0  0  0  0  0  0  0  0  3762153  0  0  0  0  0  0  0  0  0  21  0  0  0  0  0  46  0  0  0  0  0  0  0 
1441630121  0  0  0  0  0  0  0  0  0  3762153  0  0  0  0  0  0  0  0  0  21  0  0  0  0  0  46  0  0  0  0  0  0  0 
1441630121  0  0  0  0  0  0  0  0  0  3762153  0  0  0  0  0  0  0  0  0  21  0  0  0  0  0  46  0  0  0  0  0  0  0 
1441630122  0  0  0  0  0  0  0  0  0  3762153  0  0  0  0  0  0  0  0  0  21  0  0  0  0  0  46  0  0  0  0  0  0  0 
1441630122  0  0  0  0  0  0  0  0  0  3762153  0  0  0  0  0  0  0  0  0  21  0  0  0  0  0  46  0  0  0  0  0  0  0 
1441630123  0  0  0  0  0  0  0  0  0  3762153  0  0  0  0  0  0  0  0  0  21  0  0  0  0  0  46  0  0  0  0  0  0  0 
1441630123  0  0  0  0  0  0  0  0  0  3762153  0  0  0  0  0  0  0  0  0  21  0  0  0  0  0  46  0  0  0  0  0  0  0 
1441630124  0  0  0  0  0  0  0  0  0  3762153  0  0  0  0  0  0  0  0  0  21  0  0  0  0  0  46  0  0  0  0  0  0  0 
1441630124  0  0  0  0  0  0  0  0  0  3762153  0  0  0  0  0  0  0  0  0  21  0  0  0  0  0  46  0  0  0  0  0  0  0 
1441630125  0  0  0  0  0  0  0  0  0  3762153  0  0  0  0  0  0  0  0  0  21  0  0  0  0  0  46  0  0  0  0  0  0  0 
1441630125  0  0  0  0  0  0  0  0  0  3762153  0  0  0  0  0  0  0  0  0  21  0  0  0  0  0  46  0  0  0  0  0  0  0 
1441630126  0  0  0  0  0  0  0  0  0  3762153  0  0  0  0  0  0  0  0  0  21  0  0  0  0  0  46  0  0  0  0  0  0  0 
1441630126  0  0  0  0  0  0  0  0  0  3762153  0  0  0  0  0  0  0  0  0  21  0  0  0  0  0  46  0  0  0  0  0  0  0 
1441630127  0  0  0  0  0  0  0  0  0  3762153  0  0  0  0  0  0  0  0  0  21  0  0  0  0  0  46  0  0  0  0  0  0  0 
1441630127  0  0  0  0  0  0  0  0  0  3762153  0  0  0  0  0  0  0  0  0  21  0  0  0  0  0  46  0  0  0  0  0  0  0 
1441630128  0  0  0  0  0  0  0  0  0  3762153  0  0  0  0  0  0  0  0  0  21  0  0  0  0  0  46  0  0  0  0  0  0  0 
1441630128  0  0  0  0  0  0  0  0  0  3762153  0  0  0  0  0  0  0  0  0  21  0  0  0  0  0  46  0  0  0  0  0  0  0 
1441630129  0  0  0  0  0  0  0  0  0  3762153  0  0  0  0  0  0  0  0  0  21  0  0  0  0  0  46  0  0  0  0  0  0  0 
1441630129  0  0  0  0  0  0  0  0  0  3762153  0  0  0  0  0  0  0  0  0  21  0  0  0  0  0  46  0  0  0  0  0  0  0 
1441630130  0  0  0  0  0  0  0  0  0  3762153  0  0  0  0  0  0  0  0  0  21  0  0  0  0  0  46  0  0  0  0  0  0  0 
1441630130  0  0  0  0  0  0  0  0  0  3762153  0  0  0  0  0  0  0  0  0  21  0  0  0  0  0  46  0  0  0  0  0  0  0 
1441630131  0  0  0  0  0  0  0  0  0  3762153  0  0  0  0  0  0  0  0  0  21  0  0  0  0  0  46  0  0  0  0  0  0  0 
1441630131  0  0  0  0  0  0  0  0  0  3762153  0  0  0  0  0  0  0  0  0  21  0  0  0  0  0  46  0  0  0  0  0  0  0 
1441630132  0  0  0  0  0  0  0  0  0  3762153  0  0  0  0  0  0  0  0  0  21  0  0  0  0  0  46  0  0  0  0  0  0  0 
1441630132  0  0  0  0  0  0  0  0  0  3762153  0  0  0  0  0  0  0  0  0  21  0  0  0  0  0  46  0  0  0  0  0  0  0 
1441630133  0  0  0  0  0  0  0  0  0  3762153  0  0  0  0  0  0  0  0  0  21  0  0  0  0  0  46  0  0  0  0  0  0  0 
1441630133  0  0  0  0  0  0  0  0  0  3762153  0  0  0  0  0  0  0  0  0  21  0  0  0  0  0  46  0  0  0  0  0  0  0 
1441630134  0  0  0  0  0  0  0  0  0  3762153  0  0  0  0  0  0  0  0  0  21  0  0  0  0  0  46  0  0  0  0  0  0  0 
1441630134  0  0  0  0  0  0  0  0  0  3762153  0  0  0  0  0  0  0  0  0  21  0  0  0  0  0  46  0  0  0  0  0  0  0 
1441630135  0  0  0  0  0  0  0  0  0  3762153  0  0  0  0  0  0  0  0  0  21  0  0  0  0  0  46  0  0  0  0  0  0  0 
1441630135  0  0  0  0  0  0  0  0  0  3768978  0  0  0  0  0  0  0  0  0  21  0  0  0  0  0  47  0  6825  0  0  0  0  0 
1441630136  0  0  0  0  0  0  0  0  0  3768978  0  0  0  0  0  0  0  0  0  21  0  0  0  0  0  47  0  0  0  0  0  0  0 
1441630136  0  0  0  0  0  0  0  0  0  3768978  0  0  0  0  0  0  0  0  0  21  0  0  0  0  0  47  0  0  0  0  0  0  0 
1441630137  0  0  0  0  0  0  0  0  0  3768978  0  0  0  0  0  0  0  0  0  21  0  0  0  0  0  47  0  0  0  0  0  0  0 
1441630138  0  0  0  0  0  0  0  0  0  3768978  0  0  0  0  0  0  0  0  0  21  0  0  0  0  0  47  0  0  0  0  0  0  0 
1441630138  0  0  0  0  0  0  0  0  0  3768978  0  0  0  0  0  0  0  0  0  21  0  0  0  0  0  47  0  0  0  0  0  0  0 
1441630139  0  0  0  0  0  0  0  0  0  3768978  0  0  0  0  0  0  0  0  0  21  0  0  0  0  0  47  0  0  0  0  0  0  0 
1441630139  0  0  0  0  0  0  0  0  0  3768978  0  0  0  0  0  0  0  0  0  21  0  0  0  0  0  47  0  0  0  0  0  0  0 
1441630140  0  0  0  0  0  0  0  0  0  3768978  0  0  0  0  0  0  0  0  0  21  0  0  0  0  0  47  0  0  0  0  0  0  0 
1441630140  0  0  0  0  0  0  0  0  0  3768978  0  0  0  0  0  0  0  0  0  21  0  0  0  0  0  47  0  0  0  0  0  0  0 
1441630141  0  0  0  0  0  0  0  0  0  3768978  0  0  0  0  0  0  0  0  0  21  0  0  0  0  0  47  0  0  0  0  0  0  0 
1441630141  0  0  0  0  0  0  0  0  0  3768978  0  0  0  0  0  0  0  0  0  21  0  0  0  0  0  47  0  0  0  0  0  0  0 
1441630142  0  0  0  0  0  0  0  0  0  3768978  0  0  0  0  0  0  0  0  0  21  0  0  0  0  0  47  0  0  0  0  0  0  0 
1441630142  0  0  0  0  0  0  0  0  0  3768978  0  0  0  0  0  0  0  0  0  21  0  0  0  0  0  47  0  0  0  0  0  0  0 
1441630143  0  0  0  0  0  0  0  0  0  3768978  0  0  0  0  0  0  0  0  0  21  0  0  0  0  0  47  0  0  0  0  0  0  0 
1441630143  0  0  0  0  0  0  0  0  0  3768978  0  0  0  0  0  0  0  0  0  21  0  0  0  0  0  47  0  0  0  0  0  0  0 
1441630144  0  0  0  0  0  0  0  0  0  3768978  0  0  0  0  0  0  0  0  0  21  0  0  0  0  0  47  0  0  0  0  0  0  0 
1441630144  0  0  0  0  0  0  0  0  0  3768978  0  0  0  0  0  0  0  0  0  21  0  0  0  0  0  47  0  0  0  0  0  0  0 
1441630145  0  0  0  0  0  0  0  0  0  3768978  0  0  0  0  0  0  0  0  0  21  0  0  0  0  0  47  0  0  0  0  0  0  0 
1441630145  0  0  0  0  0  0  0  0  0  3768978  0  0  0  0  0  0  0  0  0  21  0  0  0  0  0  47  0  0  0  0  0  0  0 
1441630146  0  0  0  0  0  0  0  0  0  3771824  0  0  0  0  0  0  0  0  0  21  0  0  0  0  0  48  0  2846  0  0  0  0  0 
1441630146  0  0  0  0  0  0  0  0  0  3771824  0  0  0  0  0  0  0  0  0  21  0  0  0  0  0  48  0  0  0  0  0  0  0 
1441630147  0  0  0  0  0  0  0  0  0  3771824  0  0  0  0  0  0  0  0  0  21  0  0  0  0  0  48  0  0  0  0  0  0  0 
1441630147  0  0  0  0  0  0  0  0  0  3771824  0  0  0  0  0  0  0  0  0  21  0  0  0  0  0  48  0  0  0  0  0  0  0 
1441630148  0  0  0  0  0  0  0  0  0  3771824  0  0  0  0  0  0  0  0  0  21  0  0  0  0  0  48  0  0  0  0  0  0  0 
1441630148  0  0  0  0  0  0  0  0  0  3771824  0  0  0  0  0  0  0  0  0  21  0  0  0  0  0  48  0  0  0  0  0  0  0 
1441630149  0  0  0  0  0  0  0  0  0  3771824  0  0  0  0  0  0  0  0  0  21  0  0  0  0  0  48  0  0  0  0  0  0  0 
1441630149  0  0  0  0  0  0  0  0  0  3771824  0  0  0  0  0  0  0  0  0  21  0  0  0  0  0  48  0  0  0  0  0  0  0 
1441630150  0  0  0  0  0  0  0  0  0  3771824  0  0  0  0  0  0  0  0  0  21  0  0  0  0  0  48  0  0  0  0  0  0  0 
1441630150  0  0  0  0  0  0  0  0  0  3771824  0  0  0  0  0  0  0  0  0  21  0  0  0  0  0  48  0  0  0  0  0  0  0 
1441630151  0  0  0  0  0  0  0  0  0  3771824  0  0  0  0  0  0  0  0  0  21  0  0  0  0  0  48  0  0  0  0  0  0  0 
1441630151  0  0  0  0  0  0  0  0  0  3771824  0  0  0  0  0  0  0  0  0  21  0  0  0  0  0  48  0  0  0  0  0  0  0 
1441630152  0  0  0  0  0  0  0  0  0  3771824  0  0  0  0  0  0  0  0  0  21  0  0  0  0  0  48  0  0  0  0  0  0  0 
1441630152  0  0  0  0  0  0  0  0  0  3771824  0  0  0  0  0  0  0  0  0  21  0  0  0  0  0  48  0  0  0  0  0  0  0 
1441630153  0  0  0  0  0  0  0  0  0  3771824  0  0  0  0  0  0  0  0  0  21  0  0  0  0  0  48  0  0  0  0  0  0  0 
1441630153  0  0  0  0  0  0  0  0  0  3771824  0  0  0  0  0  0  0  0  0  21  0  0  0  0  0  48  0  0  0  0  0  0  0 
1441630154  0  0  0  0  0  0  0  0  0  3771824  0  0  0  0  0  0  0  0  0  21  0  0  0  0  0  48  0  0  0  0  0  0  0 
1441630154  0  0  0  0  0  0  0  0  0  3771824  0  0  0  0  0  0  0  0  0  21  0  0  0  0  0  48  0  0  0  0  0  0  0 
1441630155  0  0  0  0  0  0  0  0  0  3771824  0  0  0  0  0  0  0  0  0  21  0  0  0  0  0  48  0  0  0  0  0  0  0 
1441630155  0  0  0  0  0  0  0  0  0  3774803  0  0  0  0  0  0  0  0  0  21  0  0  0  0  0  49  0  2979  0  0  0  0  0 
1441630156  0  0  0  0  0  0  0  0  0  3774803  0  0  0  0  0  0  0  0  0  21  0  0  0  0  0  49  0  0  0  0  0  0  0 
1441630156  0  0  0  0  0  0  0  0  0  3774803  0  0  0  0  0  0  0  0  0  21  0  0  0  0  0  49  0  0  0  0  0  0  0 
1441630157  0  0  0  0  0  0  0  0  0  3774803  0  0  0  0  0  0  0  0  0  21  0  0  0  0  0  49  0  0  0  0  0  0  0 
1441630157  0  0  0  0  0  0  0  0  0  3774803  0  0  0  0  0  0  0  0  0  21  0  0  0  0  0  49  0  0  0  0  0  0  0 
1441630158  0  0  0  0  0  0  0  0  0  3774803  0  0  0  0  0  0  0  0  0  21  0  0  0  0  0  49  0  0  0  0  0  0  0 
1441630158  0  0  0  0  0  0  0  0  0  3774803  0  0  0  0  0  0  0  0  0  21  0  0  0  0  0  49  0  0  0  0  0  0  0 
1441630159  0  0  0  0  0  0  0  0  0  3774803  0  0  0  0  0  0  0  0  0  21  0  0  0  0  0  49  0  0  0  0  0  0  0 
1441630159  0  0  0  0  0  0  0  0  0  3774803  0  0  0  0  0  0  0  0  0  21  0  0  0  0  0  49  0  0  0  0  0  0  0 
1441630160  0  0  0  0  0  0  0  0  0  3774803  0  0  0  0  0  0  0  0  0  21  0  0  0  0  0  49  0  0  0  0  0  0  0 
1441630160  0  0  0  0  0  0  0  0  0  3774803  0  0  0  0  0  0  0  0  0  21  0  0  0  0  0  49  0  0  0  0  0  0  0 
1441630161  0  0  0  0  0  0  0  0  0  3774803  0  0  0  0  0  0  0  0  0  21  0  0  0  0  0  49  0  0  0  0  0  0  0 
1441630161  0  0  0  0  0  0  0  0  0  3774803  0  0  0  0  0  0  0  0  0  21  0  0  0  0  0  49  0  0  0  0  0  0  0 
1441630162  0  0  0  0  0  0  0  0  0  3774803  0  0  0  0  0  0  0  0  0  21  0  0  0  0  0  49  0  0  0  0  0  0  0 
1441630162  0  0  0  0  0  0  0  0  0  3774803  0  0  0  0  0  0  0  0  0  21  0  0  0  0  0  49  0  0  0  0  0  0  0 
1441630163  0  0  0  0  0  0  0  0  0  3774803  0  0  0  0  0  0  0  0  0  21  0  0  0  0  0  49  0  0  0  0  0  0  0 
1441630163  0  0  0  0  0  0  0  0  0  3774803  0  0  0  0  0  0  0  0  0  21  0  0  0  0  0  49  0  0  0  0  0  0  0 
1441630164  0  0  0  0  0  0  0  0  0  3774803  0  0  0  0  0  0  0  0  0  21  0  0  0  0  0  49  0  0  0  0  0  0  0 
1441630164  0  0  0  0  0  0  0  0  0  3774803  0  0  0  0  0  0  0  0  0  21  0  0  0  0  0  49  0  0  0  0  0  0  0 
1441630165  0  0  0  0  0  0  0  0  0  3774803  0  0  0  0  0  0  0  0  0  21  0  0  0  0  0  49  0  0  0  0  0  0  0 
1441630165  0  0  0  0  0  0  0  0  0  3777712  0  0  0  0  0  0  0  0  0  21  0  0  0  0  0  50  0  2909  0  0  0  0  0 
1441630166  0  0  0  0  0  0  0  0  0  3777712  0  0  0  0  0  0  0  0  0  21  0  0  0  0  0  50  0  0  0  0  0  0  0 
1441630166  0  0  0  0  0  0  0  0  0  3777712  0  0  0  0  0  0  0  0  0  21  0  0  0  0  0  50  0  0  0  0  0  0  0 
1441630167  0  0  0  0  0  0  0  0  0  3777712  0  0  0  0  0  0  0  0  0  21  0  0  0  0  0  50  0  0  0  0  0  0  0 
1441630167  0  0  0  0  0  0  0  0  0  3777712  0  0  0  0  0  0  0  0  0  21  0  0  0  0  0  50  0  0  0  0  0  0  0 
1441630168  0  0  0  0  0  0  0  0  0  3777712  0  0  0  0  0  0  0  0  0  21  0  0  0  0  0  50  0  0  0  0  0  0  0 
1441630168  0  0  0  0  0  0  0  0  0  3777712  0  0  0  0  0  0  0  0  0  21  0  0  0  0  0  50  0  0  0  0  0  0  0 
1441630169  0  0  0  0  0  0  0  0  0  3777712  0  0  0  0  0  0  0  0  0  21  0  0  0  0  0  50  0  0  0  0  0  0  0 
1441630169  0  0  0  0  0  0  0  0  0  3777712  0  0  0  0  0  0  0  0  0  21  0  0  0  0  0  50  0  0  0  0  0  0  0 
1441630170  0  0  0  0  0  0  0  0  0  3777712  0  0  0  0  0  0  0  0  0  21  0  0  0  0  0  50  0  0  0  0  0  0  0 
1441630170  0  0  0  0  0  0  0  0  0  3777712  0  0  0  0  0  0  0  0  0  21  0  0  0  0  0  50  0  0  0  0  0  0  0 
1441630171  0  0  0  0  0  0  0  0  0  3777712  0  0  0  0  0  0  0  0  0  21  0  0  0  0  0  50  0  0  0  0  0  0  0 
1441630171  0  0  0  0  0  0  0  0  0  3777712  0  0  0  0  0  0  0  0  0  21  0  0  0  0  0  50  0  0  0  0  0  0  0 
1441630172  0  0  0  0  0  0  0  0  0  3777712  0  0  0  0  0  0  0  0  0  21  0  0  0  0  0  50  0  0  0  0  0  0  0 
1441630172  0  0  0  0  0  0  0  0  0  3777712  0  0  0  0  0  0  0  0  0  21  0  0  0  0  0  50  0  0  0  0  0  0  0 
1441630173  0  0  0  0  0  0  0  0  0  3777712  0  0  0  0  0  0  0  0  0  21  0  0  0  0  0  50  0  0  0  0  0  0  0 
1441630173  0  0  0  0  0  0  0  0  0  3777712  0  0  0  0  0  0  0  0  0  21  0  0  0  0  0  50  0  0  0  0  0  0  0 
1441630174  0  0  0  0  0  0  0  0  0  3777712  0  0  0  0  0  0  0  0  0  21  0  0  0  0  0  50  0  0  0  0  0  0  0 
1441630174  0  0  0  0  0  0  0  0  0  3777712  0  0  0  0  0  0  0  0  0  21  0  0  0  0  0  50  0  0  0  0  0  0  0 
1441630175  0  0  0  0  0  0  0  0  0  3780404  0  0  0  0  0  0  0  0  0  21  0  0  0  0  0  51  0  2692  0  0  0  0  0 
1441630176  0  0  0  0  0  0  0  0  0  3780404  0  0  0  0  0  0  0  0  0  21  0  0  0  0  0  51  0  0  0  0  0  0  0 
1441630176  0  0  0  0  0  0  0  0  0  3780404  0  0  0  0  0  0  0  0  0  21  0  0  0  0  0  51  0  0  0  0  0  0  0 
1441630177  0  0  0  0  0  0  0  0  0  3780404  0  0  0  0  0  0  0  0  0  21  0  0  0  0  0  51  0  0  0  0  0  0  0 
1441630177  0  0  0  0  0  0  0  0  0  3780404  0  0  0  0  0  0  0  0  0  21  0  0  0  0  0  51  0  0  0  0  0  0  0 
1441630178  0  0  0  0  0  0  0  0  0  3780404  0  0  0  0  0  0  0  0  0  21  0  0  0  0  0  51  0  0  0  0  0  0  0 
1441630178  0  0  0  0  0  0  0  0  0  3780404  0  0  0  0  0  0  0  0  0  21  0  0  0  0  0  51  0  0  0  0  0  0  0 
1441630179  0  0  0  0  0  0  0  0  0  3780404  0  0  0  0  0  0  0  0  0  21  0  0  0  0  0  51  0  0  0  0  0  0  0 
1441630179  0  0  0  0  0  0  0  0  0  3780404  0  0  0  0  0  0  0  0  0  21  0  0  0  0  0  51  0  0  0  0  0  0  0 
1441630180  0  0  0  0  0  0  0  0  0  3780404  0  0  0  0  0  0  0  0  0  21  0  0  0  0  0  51  0  0  0  0  0  0  0 
1441630180  0  0  0  0  0  0  0  0  0  3780404  0  0  0  0  0  0  0  0  0  21  0  0  0  0  0  51  0  0  0  0  0  0  0 
1441630181  0  0  0  0  0  0  0  0  0  3780404  0  0  0  0  0  0  0  0  0  21  0  0  0  0  0  51  0  0  0  0  0  0  0 
1441630181  0  0  0  0  0  0  0  0  0  3780404  0  0  0  0  0  0  0  0  0  21  0  0  0  0  0  51  0  0  0  0  0  0  0 
1441630182  0  0  0  0  0  0  0  0  0  3780404  0  0  0  0  0  0  0  0  0  21  0  0  0  0  0  51  0  0  0  0  0  0  0 
1441630182  0  0  0  0  0  0  0  0  0  3780404  0  0  0  0  0  0  0  0  0  21  0  0  0  0  0  51  0  0  0  0  0  0  0 
1441630183  0  0  0  0  0  0  0  0  0  3780404  0  0  0  0  0  0  0  0  0  21  0  0  0  0  0  51  0  0  0  0  0  0  0 
1441630183  0  0  0  0  0  0  0  0  0  3780404  0  0  0  0  0  0  0  0  0  21  0  0  0  0  0  51  0  0  0  0  0  0  0 
1441630184  0  0  0  0  0  0  0  0  0  3780404  0  0  0  0  0  0  0  0  0  21  0  0  0  0  0  51  0  0  0  0  0  0  0 
1441630184  0  0  0  0  0  0  0  0  0  3780404  0  0  0  0  0  0  0  0  0  21  0  0  0  0  0  51  0  0  0  0  0  0  0 
1441630185  0  0  0  0  0  0  0  0  0  3780404  0  0  0  0  0  0  0  0  0  21  0  0  0  0  0  51  0  0  0  0  0  0  0 
1441630185  0  0  0  0  0  0  0  0  0  3780404  0  0  0  0  0  0  0  0  0  21  0  0  0  0  0  51  0  0  0  0  0  0  0 
1441630186  0  0  0  0  0  0  0  0  0  3836713  0  0  0  0  0  0  0  0  0  23  0  0  0  0  0  55  0  56309  0  0  0  0  0 
1441630186  0  0  0  0  0  0  0  0  0  3866233  0  0  0  0  0  0  0  0  0  25  0  0  0  0  0  64  0  29520  0  0  0  0  0 
1441630187  0  0  0  0  0  0  0  0  0  3866233  0  0  0  0  0  0  0  0  0  25  0  0  0  0  0  64  0  0  0  0  0  0  0 
1441630187  0  0  0  0  0  0  0  0  0  3866233  0  0  0  0  0  0  0  0  0  25  0  0  0  0  0  64  0  0  0  0  0  0  0 
