#Type:X;CI:3;ww:0;ca:0;co:0;fr:0;Type:X;CI:3;PI:0;PT:EP;U0:0;U1:0;
#time  Pp  gt  gs  cn  cm  cb  Nc  Pc  cp  Tc  Nm  pr  ps  pt  px  pd  Pm  Om  fs  ft  Oc  Em  Gp  Ec  Ge  ot  os  Total_cycles_diff  Successful_get_diff  Total_get_diff  succ_put_diff  total_put_diff  get_hit  
1441629794  0  0  0  0  0  0  0  0  0  0  0  0  0  0  0  0  0  0  0  0  0  0  0  0  0  0  0  0  0  0  0  0  
1441629795  0  0  0  0  0  0  0  0  0  671001  0  0  0  0  0  0  0  0  0  0  0  0  0  0  0  0  0  671001  0  0  0  0  0 
1441629795  0  0  0  0  0  0  0  0  0  671001  0  0  0  0  0  0  0  0  0  0  0  0  0  0  0  0  0  0  0  0  0  0  0 
1441629796  0  0  0  0  0  0  0  0  0  1105867  0  0  0  0  0  0  0  0  0  0  0  0  0  0  0  0  0  434866  0  0  0  0  0 
1441629796  0  0  0  0  0  0  0  0  0  1420806  0  0  0  0  0  0  0  0  0  0  0  0  0  0  0  0  0  314939  0  0  0  0  0 
1441629797  0  0  0  0  0  0  0  0  0  1627638  0  0  0  0  0  0  0  0  0  0  0  0  0  0  0  0  0  206832  0  0  0  0  0 
1441629797  0  0  0  0  0  0  0  0  0  2007019  0  0  0  0  0  0  0  0  0  11  0  0  0  0  0  34  0  379381  0  0  0  0  0 
1441629798  0  0  0  0  0  0  0  0  0  2842543  0  0  0  0  0  0  0  0  0  13  0  0  0  0  0  39  0  835524  0  0  0  0  0 
1441629798  0  0  0  0  0  0  0  0  0  3462603  0  0  0  0  0  0  0  0  0  16  0  0  0  0  0  43  0  620060  0  0  0  0  0 
1441629799  0  0  0  0  0  0  0  0  0  3816905  0  0  0  0  0  0  0  0  0  21  0  0  0  0  0  46  0  354302  0  0  0  0  0 
1441629799  0  0  0  0  0  0  0  0  0  3816905  0  0  0  0  0  0  0  0  0  21  0  0  0  0  0  46  0  0  0  0  0  0  0 
1441629800  0  0  0  0  0  0  0  0  0  3828034  0  0  0  0  0  0  0  0  0  21  0  0  0  0  0  46  0  11129  0  0  0  0  0 
1441629800  0  0  0  0  0  0  0  0  0  3828034  0  0  0  0  0  0  0  0  0  21  0  0  0  0  0  46  0  0  0  0  0  0  0 
1441629801  0  0  0  0  0  0  0  0  0  3828034  0  0  0  0  0  0  0  0  0  21  0  0  0  0  0  46  0  0  0  0  0  0  0 
1441629801  0  0  0  0  0  0  0  0  0  3828034  0  0  0  0  0  0  0  0  0  21  0  0  0  0  0  46  0  0  0  0  0  0  0 
1441629802  0  0  0  0  0  0  0  0  0  3828034  0  0  0  0  0  0  0  0  0  21  0  0  0  0  0  46  0  0  0  0  0  0  0 
1441629802  0  0  0  0  0  0  0  0  0  3828034  0  0  0  0  0  0  0  0  0  21  0  0  0  0  0  46  0  0  0  0  0  0  0 
1441629803  0  0  0  0  0  0  0  0  0  3828034  0  0  0  0  0  0  0  0  0  21  0  0  0  0  0  46  0  0  0  0  0  0  0 
1441629803  0  0  0  0  0  0  0  0  0  3828034  0  0  0  0  0  0  0  0  0  21  0  0  0  0  0  46  0  0  0  0  0  0  0 
1441629804  0  0  0  0  0  0  0  0  0  3828034  0  0  0  0  0  0  0  0  0  21  0  0  0  0  0  46  0  0  0  0  0  0  0 
1441629804  0  0  0  0  0  0  0  0  0  3828034  0  0  0  0  0  0  0  0  0  21  0  0  0  0  0  46  0  0  0  0  0  0  0 
1441629805  0  0  0  0  0  0  0  0  0  3828034  0  0  0  0  0  0  0  0  0  21  0  0  0  0  0  46  0  0  0  0  0  0  0 
1441629805  0  0  0  0  0  0  0  0  0  3828034  0  0  0  0  0  0  0  0  0  21  0  0  0  0  0  46  0  0  0  0  0  0  0 
1441629806  0  0  0  0  0  0  0  0  0  3828034  0  0  0  0  0  0  0  0  0  21  0  0  0  0  0  46  0  0  0  0  0  0  0 
1441629806  0  0  0  0  0  0  0  0  0  3828034  0  0  0  0  0  0  0  0  0  21  0  0  0  0  0  46  0  0  0  0  0  0  0 
1441629807  0  0  0  0  0  0  0  0  0  3828034  0  0  0  0  0  0  0  0  0  21  0  0  0  0  0  46  0  0  0  0  0  0  0 
1441629807  0  0  0  0  0  0  0  0  0  3828034  0  0  0  0  0  0  0  0  0  21  0  0  0  0  0  46  0  0  0  0  0  0  0 
1441629808  0  0  0  0  0  0  0  0  0  3828034  0  0  0  0  0  0  0  0  0  21  0  0  0  0  0  46  0  0  0  0  0  0  0 
1441629808  0  0  0  0  0  0  0  0  0  3828034  0  0  0  0  0  0  0  0  0  21  0  0  0  0  0  46  0  0  0  0  0  0  0 
1441629809  0  0  0  0  0  0  0  0  0  3828034  0  0  0  0  0  0  0  0  0  21  0  0  0  0  0  46  0  0  0  0  0  0  0 
1441629809  0  0  0  0  0  0  0  0  0  3828034  0  0  0  0  0  0  0  0  0  21  0  0  0  0  0  46  0  0  0  0  0  0  0 
1441629810  0  0  0  0  0  0  0  0  0  3828034  0  0  0  0  0  0  0  0  0  21  0  0  0  0  0  46  0  0  0  0  0  0  0 
1441629810  0  0  0  0  0  0  0  0  0  3828034  0  0  0  0  0  0  0  0  0  21  0  0  0  0  0  46  0  0  0  0  0  0  0 
1441629811  0  0  0  0  0  0  0  0  0  3828034  0  0  0  0  0  0  0  0  0  21  0  0  0  0  0  46  0  0  0  0  0  0  0 
1441629811  0  0  0  0  0  0  0  0  0  3828034  0  0  0  0  0  0  0  0  0  21  0  0  0  0  0  46  0  0  0  0  0  0  0 
1441629812  0  0  0  0  0  0  0  0  0  3828034  0  0  0  0  0  0  0  0  0  21  0  0  0  0  0  46  0  0  0  0  0  0  0 
1441629812  0  0  0  0  0  0  0  0  0  3828034  0  0  0  0  0  0  0  0  0  21  0  0  0  0  0  46  0  0  0  0  0  0  0 
1441629813  0  0  0  0  0  0  0  0  0  3828034  0  0  0  0  0  0  0  0  0  21  0  0  0  0  0  46  0  0  0  0  0  0  0 
1441629813  0  0  0  0  0  0  0  0  0  3828034  0  0  0  0  0  0  0  0  0  21  0  0  0  0  0  46  0  0  0  0  0  0  0 
1441629814  0  0  0  0  0  0  0  0  0  3828034  0  0  0  0  0  0  0  0  0  21  0  0  0  0  0  46  0  0  0  0  0  0  0 
1441629814  0  0  0  0  0  0  0  0  0  3828034  0  0  0  0  0  0  0  0  0  21  0  0  0  0  0  46  0  0  0  0  0  0  0 
1441629815  0  0  0  0  0  0  0  0  0  3828034  0  0  0  0  0  0  0  0  0  21  0  0  0  0  0  46  0  0  0  0  0  0  0 
1441629815  0  0  0  0  0  0  0  0  0  3828034  0  0  0  0  0  0  0  0  0  21  0  0  0  0  0  46  0  0  0  0  0  0  0 
1441629816  0  0  0  0  0  0  0  0  0  3828034  0  0  0  0  0  0  0  0  0  21  0  0  0  0  0  46  0  0  0  0  0  0  0 
1441629816  0  0  0  0  0  0  0  0  0  3828034  0  0  0  0  0  0  0  0  0  21  0  0  0  0  0  46  0  0  0  0  0  0  0 
1441629817  0  0  0  0  0  0  0  0  0  3828034  0  0  0  0  0  0  0  0  0  21  0  0  0  0  0  46  0  0  0  0  0  0  0 
1441629817  0  0  0  0  0  0  0  0  0  3828034  0  0  0  0  0  0  0  0  0  21  0  0  0  0  0  46  0  0  0  0  0  0  0 
1441629818  0  0  0  0  0  0  0  0  0  3828034  0  0  0  0  0  0  0  0  0  21  0  0  0  0  0  46  0  0  0  0  0  0  0 
1441629818  0  0  0  0  0  0  0  0  0  3828034  0  0  0  0  0  0  0  0  0  21  0  0  0  0  0  46  0  0  0  0  0  0  0 
1441629819  0  0  0  0  0  0  0  0  0  3828034  0  0  0  0  0  0  0  0  0  21  0  0  0  0  0  46  0  0  0  0  0  0  0 
1441629819  0  0  0  0  0  0  0  0  0  3828034  0  0  0  0  0  0  0  0  0  21  0  0  0  0  0  46  0  0  0  0  0  0  0 
1441629820  0  0  0  0  0  0  0  0  0  3828034  0  0  0  0  0  0  0  0  0  21  0  0  0  0  0  46  0  0  0  0  0  0  0 
1441629820  0  0  0  0  0  0  0  0  0  3828034  0  0  0  0  0  0  0  0  0  21  0  0  0  0  0  46  0  0  0  0  0  0  0 
1441629821  0  0  0  0  0  0  0  0  0  3828034  0  0  0  0  0  0  0  0  0  21  0  0  0  0  0  46  0  0  0  0  0  0  0 
1441629821  0  0  0  0  0  0  0  0  0  3828034  0  0  0  0  0  0  0  0  0  21  0  0  0  0  0  46  0  0  0  0  0  0  0 
1441629822  0  0  0  0  0  0  0  0  0  3828034  0  0  0  0  0  0  0  0  0  21  0  0  0  0  0  46  0  0  0  0  0  0  0 
1441629822  0  0  0  0  0  0  0  0  0  3828034  0  0  0  0  0  0  0  0  0  21  0  0  0  0  0  46  0  0  0  0  0  0  0 
1441629823  0  0  0  0  0  0  0  0  0  3828034  0  0  0  0  0  0  0  0  0  21  0  0  0  0  0  46  0  0  0  0  0  0  0 
1441629824  0  0  0  0  0  0  0  0  0  3828034  0  0  0  0  0  0  0  0  0  21  0  0  0  0  0  46  0  0  0  0  0  0  0 
1441629824  0  0  0  0  0  0  0  0  0  3828034  0  0  0  0  0  0  0  0  0  21  0  0  0  0  0  46  0  0  0  0  0  0  0 
1441629825  0  0  0  0  0  0  0  0  0  3828034  0  0  0  0  0  0  0  0  0  21  0  0  0  0  0  46  0  0  0  0  0  0  0 
1441629825  0  0  0  0  0  0  0  0  0  3828034  0  0  0  0  0  0  0  0  0  21  0  0  0  0  0  46  0  0  0  0  0  0  0 
1441629826  0  0  0  0  0  0  0  0  0  3828034  0  0  0  0  0  0  0  0  0  21  0  0  0  0  0  46  0  0  0  0  0  0  0 
1441629826  0  0  0  0  0  0  0  0  0  3828034  0  0  0  0  0  0  0  0  0  21  0  0  0  0  0  46  0  0  0  0  0  0  0 
1441629827  0  0  0  0  0  0  0  0  0  3828034  0  0  0  0  0  0  0  0  0  21  0  0  0  0  0  46  0  0  0  0  0  0  0 
1441629827  0  0  0  0  0  0  0  0  0  3828034  0  0  0  0  0  0  0  0  0  21  0  0  0  0  0  46  0  0  0  0  0  0  0 
1441629828  0  0  0  0  0  0  0  0  0  3828034  0  0  0  0  0  0  0  0  0  21  0  0  0  0  0  46  0  0  0  0  0  0  0 
1441629828  0  0  0  0  0  0  0  0  0  3828034  0  0  0  0  0  0  0  0  0  21  0  0  0  0  0  46  0  0  0  0  0  0  0 
1441629829  0  0  0  0  0  0  0  0  0  3828034  0  0  0  0  0  0  0  0  0  21  0  0  0  0  0  46  0  0  0  0  0  0  0 
1441629829  0  0  0  0  0  0  0  0  0  3828034  0  0  0  0  0  0  0  0  0  21  0  0  0  0  0  46  0  0  0  0  0  0  0 
1441629830  0  0  0  0  0  0  0  0  0  3828034  0  0  0  0  0  0  0  0  0  21  0  0  0  0  0  46  0  0  0  0  0  0  0 
1441629830  0  0  0  0  0  0  0  0  0  3828034  0  0  0  0  0  0  0  0  0  21  0  0  0  0  0  46  0  0  0  0  0  0  0 
1441629831  0  0  0  0  0  0  0  0  0  3828034  0  0  0  0  0  0  0  0  0  21  0  0  0  0  0  46  0  0  0  0  0  0  0 
1441629831  0  0  0  0  0  0  0  0  0  3828034  0  0  0  0  0  0  0  0  0  21  0  0  0  0  0  46  0  0  0  0  0  0  0 
1441629832  0  0  0  0  0  0  0  0  0  3828034  0  0  0  0  0  0  0  0  0  21  0  0  0  0  0  46  0  0  0  0  0  0  0 
1441629832  0  0  0  0  0  0  0  0  0  3828034  0  0  0  0  0  0  0  0  0  21  0  0  0  0  0  46  0  0  0  0  0  0  0 
1441629833  0  0  0  0  0  0  0  0  0  3828034  0  0  0  0  0  0  0  0  0  21  0  0  0  0  0  46  0  0  0  0  0  0  0 
1441629833  0  0  0  0  0  0  0  0  0  3828034  0  0  0  0  0  0  0  0  0  21  0  0  0  0  0  46  0  0  0  0  0  0  0 
1441629834  0  0  0  0  0  0  0  0  0  3828034  0  0  0  0  0  0  0  0  0  21  0  0  0  0  0  46  0  0  0  0  0  0  0 
1441629834  0  0  0  0  0  0  0  0  0  3828034  0  0  0  0  0  0  0  0  0  21  0  0  0  0  0  46  0  0  0  0  0  0  0 
1441629835  0  0  0  0  0  0  0  0  0  3828034  0  0  0  0  0  0  0  0  0  21  0  0  0  0  0  46  0  0  0  0  0  0  0 
1441629835  0  0  0  0  0  0  0  0  0  3828034  0  0  0  0  0  0  0  0  0  21  0  0  0  0  0  46  0  0  0  0  0  0  0 
1441629836  0  0  0  0  0  0  0  0  0  3828034  0  0  0  0  0  0  0  0  0  21  0  0  0  0  0  46  0  0  0  0  0  0  0 
1441629836  0  0  0  0  0  0  0  0  0  3828034  0  0  0  0  0  0  0  0  0  21  0  0  0  0  0  46  0  0  0  0  0  0  0 
1441629837  0  0  0  0  0  0  0  0  0  3828034  0  0  0  0  0  0  0  0  0  21  0  0  0  0  0  46  0  0  0  0  0  0  0 
1441629837  0  0  0  0  0  0  0  0  0  3828034  0  0  0  0  0  0  0  0  0  21  0  0  0  0  0  46  0  0  0  0  0  0  0 
1441629838  0  0  0  0  0  0  0  0  0  3828034  0  0  0  0  0  0  0  0  0  21  0  0  0  0  0  46  0  0  0  0  0  0  0 
1441629838  0  0  0  0  0  0  0  0  0  3828034  0  0  0  0  0  0  0  0  0  21  0  0  0  0  0  46  0  0  0  0  0  0  0 
1441629839  0  0  0  0  0  0  0  0  0  3828034  0  0  0  0  0  0  0  0  0  21  0  0  0  0  0  46  0  0  0  0  0  0  0 
1441629839  0  0  0  0  0  0  0  0  0  3828034  0  0  0  0  0  0  0  0  0  21  0  0  0  0  0  46  0  0  0  0  0  0  0 
1441629840  0  0  0  0  0  0  0  0  0  3828034  0  0  0  0  0  0  0  0  0  21  0  0  0  0  0  46  0  0  0  0  0  0  0 
1441629840  0  0  0  0  0  0  0  0  0  3828034  0  0  0  0  0  0  0  0  0  21  0  0  0  0  0  46  0  0  0  0  0  0  0 
1441629841  0  0  0  0  0  0  0  0  0  3828034  0  0  0  0  0  0  0  0  0  21  0  0  0  0  0  46  0  0  0  0  0  0  0 
1441629841  0  0  0  0  0  0  0  0  0  3828034  0  0  0  0  0  0  0  0  0  21  0  0  0  0  0  46  0  0  0  0  0  0  0 
1441629842  0  0  0  0  0  0  0  0  0  3828034  0  0  0  0  0  0  0  0  0  21  0  0  0  0  0  46  0  0  0  0  0  0  0 
1441629842  0  0  0  0  0  0  0  0  0  3828034  0  0  0  0  0  0  0  0  0  21  0  0  0  0  0  46  0  0  0  0  0  0  0 
1441629843  0  0  0  0  0  0  0  0  0  3828034  0  0  0  0  0  0  0  0  0  21  0  0  0  0  0  46  0  0  0  0  0  0  0 
1441629843  0  0  0  0  0  0  0  0  0  3828034  0  0  0  0  0  0  0  0  0  21  0  0  0  0  0  46  0  0  0  0  0  0  0 
1441629844  0  0  0  0  0  0  0  0  0  3828034  0  0  0  0  0  0  0  0  0  21  0  0  0  0  0  46  0  0  0  0  0  0  0 
1441629844  0  0  0  0  0  0  0  0  0  3828034  0  0  0  0  0  0  0  0  0  21  0  0  0  0  0  46  0  0  0  0  0  0  0 
1441629845  0  0  0  0  0  0  0  0  0  3828034  0  0  0  0  0  0  0  0  0  21  0  0  0  0  0  46  0  0  0  0  0  0  0 
1441629845  0  0  0  0  0  0  0  0  0  3828034  0  0  0  0  0  0  0  0  0  21  0  0  0  0  0  46  0  0  0  0  0  0  0 
1441629846  0  0  0  0  0  0  0  0  0  3828034  0  0  0  0  0  0  0  0  0  21  0  0  0  0  0  46  0  0  0  0  0  0  0 
1441629846  0  0  0  0  0  0  0  0  0  3828034  0  0  0  0  0  0  0  0  0  21  0  0  0  0  0  46  0  0  0  0  0  0  0 
1441629847  0  0  0  0  0  0  0  0  0  3828034  0  0  0  0  0  0  0  0  0  21  0  0  0  0  0  46  0  0  0  0  0  0  0 
1441629847  0  0  0  0  0  0  0  0  0  3828034  0  0  0  0  0  0  0  0  0  21  0  0  0  0  0  46  0  0  0  0  0  0  0 
1441629848  0  0  0  0  0  0  0  0  0  3828034  0  0  0  0  0  0  0  0  0  21  0  0  0  0  0  46  0  0  0  0  0  0  0 
1441629848  0  0  0  0  0  0  0  0  0  3828034  0  0  0  0  0  0  0  0  0  21  0  0  0  0  0  46  0  0  0  0  0  0  0 
1441629849  0  0  0  0  0  0  0  0  0  3828034  0  0  0  0  0  0  0  0  0  21  0  0  0  0  0  46  0  0  0  0  0  0  0 
1441629849  0  0  0  0  0  0  0  0  0  3828034  0  0  0  0  0  0  0  0  0  21  0  0  0  0  0  46  0  0  0  0  0  0  0 
1441629850  0  0  0  0  0  0  0  0  0  3828034  0  0  0  0  0  0  0  0  0  21  0  0  0  0  0  46  0  0  0  0  0  0  0 
1441629850  0  0  0  0  0  0  0  0  0  3828034  0  0  0  0  0  0  0  0  0  21  0  0  0  0  0  46  0  0  0  0  0  0  0 
1441629851  0  0  0  0  0  0  0  0  0  3828034  0  0  0  0  0  0  0  0  0  21  0  0  0  0  0  46  0  0  0  0  0  0  0 
1441629851  0  0  0  0  0  0  0  0  0  3828034  0  0  0  0  0  0  0  0  0  21  0  0  0  0  0  46  0  0  0  0  0  0  0 
1441629852  0  0  0  0  0  0  0  0  0  3833811  0  0  0  0  0  0  0  0  0  21  0  0  0  0  0  47  0  5777  0  0  0  0  0 
1441629852  0  0  0  0  0  0  0  0  0  3833811  0  0  0  0  0  0  0  0  0  21  0  0  0  0  0  47  0  0  0  0  0  0  0 
1441629853  0  0  0  0  0  0  0  0  0  3833811  0  0  0  0  0  0  0  0  0  21  0  0  0  0  0  47  0  0  0  0  0  0  0 
1441629853  0  0  0  0  0  0  0  0  0  3833811  0  0  0  0  0  0  0  0  0  21  0  0  0  0  0  47  0  0  0  0  0  0  0 
1441629854  0  0  0  0  0  0  0  0  0  3833811  0  0  0  0  0  0  0  0  0  21  0  0  0  0  0  47  0  0  0  0  0  0  0 
1441629854  0  0  0  0  0  0  0  0  0  3833811  0  0  0  0  0  0  0  0  0  21  0  0  0  0  0  47  0  0  0  0  0  0  0 
1441629855  0  0  0  0  0  0  0  0  0  3833811  0  0  0  0  0  0  0  0  0  21  0  0  0  0  0  47  0  0  0  0  0  0  0 
1441629855  0  0  0  0  0  0  0  0  0  3833811  0  0  0  0  0  0  0  0  0  21  0  0  0  0  0  47  0  0  0  0  0  0  0 
1441629856  0  0  0  0  0  0  0  0  0  3833811  0  0  0  0  0  0  0  0  0  21  0  0  0  0  0  47  0  0  0  0  0  0  0 
1441629856  0  0  0  0  0  0  0  0  0  3833811  0  0  0  0  0  0  0  0  0  21  0  0  0  0  0  47  0  0  0  0  0  0  0 
1441629857  0  0  0  0  0  0  0  0  0  3833811  0  0  0  0  0  0  0  0  0  21  0  0  0  0  0  47  0  0  0  0  0  0  0 
1441629857  0  0  0  0  0  0  0  0  0  3833811  0  0  0  0  0  0  0  0  0  21  0  0  0  0  0  47  0  0  0  0  0  0  0 
1441629858  0  0  0  0  0  0  0  0  0  3833811  0  0  0  0  0  0  0  0  0  21  0  0  0  0  0  47  0  0  0  0  0  0  0 
1441629858  0  0  0  0  0  0  0  0  0  3833811  0  0  0  0  0  0  0  0  0  21  0  0  0  0  0  47  0  0  0  0  0  0  0 
1441629859  0  0  0  0  0  0  0  0  0  3833811  0  0  0  0  0  0  0  0  0  21  0  0  0  0  0  47  0  0  0  0  0  0  0 
1441629859  0  0  0  0  0  0  0  0  0  3833811  0  0  0  0  0  0  0  0  0  21  0  0  0  0  0  47  0  0  0  0  0  0  0 
1441629860  0  0  0  0  0  0  0  0  0  3833811  0  0  0  0  0  0  0  0  0  21  0  0  0  0  0  47  0  0  0  0  0  0  0 
1441629860  0  0  0  0  0  0  0  0  0  3833811  0  0  0  0  0  0  0  0  0  21  0  0  0  0  0  47  0  0  0  0  0  0  0 
1441629861  0  0  0  0  0  0  0  0  0  3833811  0  0  0  0  0  0  0  0  0  21  0  0  0  0  0  47  0  0  0  0  0  0  0 
1441629861  0  0  0  0  0  0  0  0  0  3833811  0  0  0  0  0  0  0  0  0  21  0  0  0  0  0  47  0  0  0  0  0  0  0 
1441629862  0  0  0  0  0  0  0  0  0  3836518  0  0  0  0  0  0  0  0  0  21  0  0  0  0  0  48  0  2707  0  0  0  0  0 
1441629862  0  0  0  0  0  0  0  0  0  3836518  0  0  0  0  0  0  0  0  0  21  0  0  0  0  0  48  0  0  0  0  0  0  0 
1441629863  0  0  0  0  0  0  0  0  0  3836518  0  0  0  0  0  0  0  0  0  21  0  0  0  0  0  48  0  0  0  0  0  0  0 
1441629863  0  0  0  0  0  0  0  0  0  3836518  0  0  0  0  0  0  0  0  0  21  0  0  0  0  0  48  0  0  0  0  0  0  0 
1441629864  0  0  0  0  0  0  0  0  0  3836518  0  0  0  0  0  0  0  0  0  21  0  0  0  0  0  48  0  0  0  0  0  0  0 
1441629864  0  0  0  0  0  0  0  0  0  3836518  0  0  0  0  0  0  0  0  0  21  0  0  0  0  0  48  0  0  0  0  0  0  0 
1441629865  0  0  0  0  0  0  0  0  0  3836518  0  0  0  0  0  0  0  0  0  21  0  0  0  0  0  48  0  0  0  0  0  0  0 
1441629865  0  0  0  0  0  0  0  0  0  3836518  0  0  0  0  0  0  0  0  0  21  0  0  0  0  0  48  0  0  0  0  0  0  0 
1441629866  0  0  0  0  0  0  0  0  0  3836518  0  0  0  0  0  0  0  0  0  21  0  0  0  0  0  48  0  0  0  0  0  0  0 
1441629866  0  0  0  0  0  0  0  0  0  3836518  0  0  0  0  0  0  0  0  0  21  0  0  0  0  0  48  0  0  0  0  0  0  0 
1441629867  0  0  0  0  0  0  0  0  0  3836518  0  0  0  0  0  0  0  0  0  21  0  0  0  0  0  48  0  0  0  0  0  0  0 
1441629868  0  0  0  0  0  0  0  0  0  3836518  0  0  0  0  0  0  0  0  0  21  0  0  0  0  0  48  0  0  0  0  0  0  0 
1441629868  0  0  0  0  0  0  0  0  0  3836518  0  0  0  0  0  0  0  0  0  21  0  0  0  0  0  48  0  0  0  0  0  0  0 
1441629869  0  0  0  0  0  0  0  0  0  3836518  0  0  0  0  0  0  0  0  0  21  0  0  0  0  0  48  0  0  0  0  0  0  0 
1441629869  0  0  0  0  0  0  0  0  0  3836518  0  0  0  0  0  0  0  0  0  21  0  0  0  0  0  48  0  0  0  0  0  0  0 
1441629870  0  0  0  0  0  0  0  0  0  3836518  0  0  0  0  0  0  0  0  0  21  0  0  0  0  0  48  0  0  0  0  0  0  0 
1441629870  0  0  0  0  0  0  0  0  0  3836518  0  0  0  0  0  0  0  0  0  21  0  0  0  0  0  48  0  0  0  0  0  0  0 
1441629871  0  0  0  0  0  0  0  0  0  3836518  0  0  0  0  0  0  0  0  0  21  0  0  0  0  0  48  0  0  0  0  0  0  0 
1441629871  0  0  0  0  0  0  0  0  0  3836518  0  0  0  0  0  0  0  0  0  21  0  0  0  0  0  48  0  0  0  0  0  0  0 
1441629872  0  0  0  0  0  0  0  0  0  3836518  0  0  0  0  0  0  0  0  0  21  0  0  0  0  0  48  0  0  0  0  0  0  0 
1441629872  0  0  0  0  0  0  0  0  0  3839588  0  0  0  0  0  0  0  0  0  21  0  0  0  0  0  49  0  3070  0  0  0  0  0 
1441629873  0  0  0  0  0  0  0  0  0  3839588  0  0  0  0  0  0  0  0  0  21  0  0  0  0  0  49  0  0  0  0  0  0  0 
1441629873  0  0  0  0  0  0  0  0  0  3839588  0  0  0  0  0  0  0  0  0  21  0  0  0  0  0  49  0  0  0  0  0  0  0 
1441629874  0  0  0  0  0  0  0  0  0  3839588  0  0  0  0  0  0  0  0  0  21  0  0  0  0  0  49  0  0  0  0  0  0  0 
1441629874  0  0  0  0  0  0  0  0  0  3839588  0  0  0  0  0  0  0  0  0  21  0  0  0  0  0  49  0  0  0  0  0  0  0 
1441629875  0  0  0  0  0  0  0  0  0  3839588  0  0  0  0  0  0  0  0  0  21  0  0  0  0  0  49  0  0  0  0  0  0  0 
1441629875  0  0  0  0  0  0  0  0  0  3839588  0  0  0  0  0  0  0  0  0  21  0  0  0  0  0  49  0  0  0  0  0  0  0 
1441629876  0  0  0  0  0  0  0  0  0  3839588  0  0  0  0  0  0  0  0  0  21  0  0  0  0  0  49  0  0  0  0  0  0  0 
1441629876  0  0  0  0  0  0  0  0  0  3839588  0  0  0  0  0  0  0  0  0  21  0  0  0  0  0  49  0  0  0  0  0  0  0 
1441629877  0  0  0  0  0  0  0  0  0  3839588  0  0  0  0  0  0  0  0  0  21  0  0  0  0  0  49  0  0  0  0  0  0  0 
1441629877  0  0  0  0  0  0  0  0  0  3839588  0  0  0  0  0  0  0  0  0  21  0  0  0  0  0  49  0  0  0  0  0  0  0 
1441629878  0  0  0  0  0  0  0  0  0  3839588  0  0  0  0  0  0  0  0  0  21  0  0  0  0  0  49  0  0  0  0  0  0  0 
1441629878  0  0  0  0  0  0  0  0  0  3839588  0  0  0  0  0  0  0  0  0  21  0  0  0  0  0  49  0  0  0  0  0  0  0 
1441629879  0  0  0  0  0  0  0  0  0  3839588  0  0  0  0  0  0  0  0  0  21  0  0  0  0  0  49  0  0  0  0  0  0  0 
1441629879  0  0  0  0  0  0  0  0  0  3839588  0  0  0  0  0  0  0  0  0  21  0  0  0  0  0  49  0  0  0  0  0  0  0 
1441629880  0  0  0  0  0  0  0  0  0  3839588  0  0  0  0  0  0  0  0  0  21  0  0  0  0  0  49  0  0  0  0  0  0  0 
1441629880  0  0  0  0  0  0  0  0  0  3839588  0  0  0  0  0  0  0  0  0  21  0  0  0  0  0  49  0  0  0  0  0  0  0 
1441629881  0  0  0  0  0  0  0  0  0  3839588  0  0  0  0  0  0  0  0  0  21  0  0  0  0  0  49  0  0  0  0  0  0  0 
1441629881  0  0  0  0  0  0  0  0  0  3839588  0  0  0  0  0  0  0  0  0  21  0  0  0  0  0  49  0  0  0  0  0  0  0 
1441629882  0  0  0  0  0  0  0  0  0  3839588  0  0  0  0  0  0  0  0  0  21  0  0  0  0  0  49  0  0  0  0  0  0  0 
1441629882  0  0  0  0  0  0  0  0  0  3841872  0  0  0  0  0  0  0  0  0  21  0  0  0  0  0  50  0  2284  0  0  0  0  0 
1441629883  0  0  0  0  0  0  0  0  0  3841872  0  0  0  0  0  0  0  0  0  21  0  0  0  0  0  50  0  0  0  0  0  0  0 
1441629883  0  0  0  0  0  0  0  0  0  3841872  0  0  0  0  0  0  0  0  0  21  0  0  0  0  0  50  0  0  0  0  0  0  0 
1441629884  0  0  0  0  0  0  0  0  0  3841872  0  0  0  0  0  0  0  0  0  21  0  0  0  0  0  50  0  0  0  0  0  0  0 
1441629884  0  0  0  0  0  0  0  0  0  3841872  0  0  0  0  0  0  0  0  0  21  0  0  0  0  0  50  0  0  0  0  0  0  0 
1441629885  0  0  0  0  0  0  0  0  0  3841872  0  0  0  0  0  0  0  0  0  21  0  0  0  0  0  50  0  0  0  0  0  0  0 
1441629885  0  0  0  0  0  0  0  0  0  3841872  0  0  0  0  0  0  0  0  0  21  0  0  0  0  0  50  0  0  0  0  0  0  0 
1441629886  0  0  0  0  0  0  0  0  0  3841872  0  0  0  0  0  0  0  0  0  21  0  0  0  0  0  50  0  0  0  0  0  0  0 
1441629886  0  0  0  0  0  0  0  0  0  3841872  0  0  0  0  0  0  0  0  0  21  0  0  0  0  0  50  0  0  0  0  0  0  0 
1441629887  0  0  0  0  0  0  0  0  0  3841872  0  0  0  0  0  0  0  0  0  21  0  0  0  0  0  50  0  0  0  0  0  0  0 
1441629887  0  0  0  0  0  0  0  0  0  3841872  0  0  0  0  0  0  0  0  0  21  0  0  0  0  0  50  0  0  0  0  0  0  0 
1441629888  0  0  0  0  0  0  0  0  0  3841872  0  0  0  0  0  0  0  0  0  21  0  0  0  0  0  50  0  0  0  0  0  0  0 
1441629888  0  0  0  0  0  0  0  0  0  3841872  0  0  0  0  0  0  0  0  0  21  0  0  0  0  0  50  0  0  0  0  0  0  0 
1441629889  0  0  0  0  0  0  0  0  0  3841872  0  0  0  0  0  0  0  0  0  21  0  0  0  0  0  50  0  0  0  0  0  0  0 
1441629889  0  0  0  0  0  0  0  0  0  3841872  0  0  0  0  0  0  0  0  0  21  0  0  0  0  0  50  0  0  0  0  0  0  0 
1441629890  0  0  0  0  0  0  0  0  0  3841872  0  0  0  0  0  0  0  0  0  21  0  0  0  0  0  50  0  0  0  0  0  0  0 
1441629890  0  0  0  0  0  0  0  0  0  3841872  0  0  0  0  0  0  0  0  0  21  0  0  0  0  0  50  0  0  0  0  0  0  0 
1441629891  0  0  0  0  0  0  0  0  0  3841872  0  0  0  0  0  0  0  0  0  21  0  0  0  0  0  50  0  0  0  0  0  0  0 
1441629891  0  0  0  0  0  0  0  0  0  3841872  0  0  0  0  0  0  0  0  0  21  0  0  0  0  0  50  0  0  0  0  0  0  0 
1441629892  0  0  0  0  0  0  0  0  0  3844754  0  0  0  0  0  0  0  0  0  21  0  0  0  0  0  51  0  2882  0  0  0  0  0 
1441629892  0  0  0  0  0  0  0  0  0  3844754  0  0  0  0  0  0  0  0  0  21  0  0  0  0  0  51  0  0  0  0  0  0  0 
1441629893  0  0  0  0  0  0  0  0  0  3844754  0  0  0  0  0  0  0  0  0  21  0  0  0  0  0  51  0  0  0  0  0  0  0 
1441629893  0  0  0  0  0  0  0  0  0  3844754  0  0  0  0  0  0  0  0  0  21  0  0  0  0  0  51  0  0  0  0  0  0  0 
1441629894  0  0  0  0  0  0  0  0  0  3844754  0  0  0  0  0  0  0  0  0  21  0  0  0  0  0  51  0  0  0  0  0  0  0 
1441629894  0  0  0  0  0  0  0  0  0  3844754  0  0  0  0  0  0  0  0  0  21  0  0  0  0  0  51  0  0  0  0  0  0  0 
1441629895  0  0  0  0  0  0  0  0  0  3844754  0  0  0  0  0  0  0  0  0  21  0  0  0  0  0  51  0  0  0  0  0  0  0 
1441629895  0  0  0  0  0  0  0  0  0  3844754  0  0  0  0  0  0  0  0  0  21  0  0  0  0  0  51  0  0  0  0  0  0  0 
1441629896  0  0  0  0  0  0  0  0  0  3844754  0  0  0  0  0  0  0  0  0  21  0  0  0  0  0  51  0  0  0  0  0  0  0 
1441629896  0  0  0  0  0  0  0  0  0  3844754  0  0  0  0  0  0  0  0  0  21  0  0  0  0  0  51  0  0  0  0  0  0  0 
1441629897  0  0  0  0  0  0  0  0  0  3844754  0  0  0  0  0  0  0  0  0  21  0  0  0  0  0  51  0  0  0  0  0  0  0 
1441629897  0  0  0  0  0  0  0  0  0  3844754  0  0  0  0  0  0  0  0  0  21  0  0  0  0  0  51  0  0  0  0  0  0  0 
1441629898  0  0  0  0  0  0  0  0  0  3844754  0  0  0  0  0  0  0  0  0  21  0  0  0  0  0  51  0  0  0  0  0  0  0 
1441629898  0  0  0  0  0  0  0  0  0  3844754  0  0  0  0  0  0  0  0  0  21  0  0  0  0  0  51  0  0  0  0  0  0  0 
1441629899  0  0  0  0  0  0  0  0  0  3844754  0  0  0  0  0  0  0  0  0  21  0  0  0  0  0  51  0  0  0  0  0  0  0 
1441629899  0  0  0  0  0  0  0  0  0  3844754  0  0  0  0  0  0  0  0  0  21  0  0  0  0  0  51  0  0  0  0  0  0  0 
1441629900  0  0  0  0  0  0  0  0  0  3844754  0  0  0  0  0  0  0  0  0  21  0  0  0  0  0  51  0  0  0  0  0  0  0 
1441629900  0  0  0  0  0  0  0  0  0  3844754  0  0  0  0  0  0  0  0  0  21  0  0  0  0  0  51  0  0  0  0  0  0  0 
1441629901  0  0  0  0  0  0  0  0  0  3844754  0  0  0  0  0  0  0  0  0  21  0  0  0  0  0  51  0  0  0  0  0  0  0 
1441629901  0  0  0  0  0  0  0  0  0  3844754  0  0  0  0  0  0  0  0  0  21  0  0  0  0  0  51  0  0  0  0  0  0  0 
1441629902  0  0  0  0  0  0  0  0  0  3844754  0  0  0  0  0  0  0  0  0  21  0  0  0  0  0  51  0  0  0  0  0  0  0 
1441629902  0  0  0  0  0  0  0  0  0  3914008  0  0  0  0  0  0  0  0  0  24  0  0  0  0  0  59  0  69254  0  0  0  0  0 
1441629903  0  0  0  0  0  0  0  0  0  3929176  0  0  0  0  0  0  0  0  0  25  0  0  0  0  0  64  0  15168  0  0  0  0  0 
1441629903  0  0  0  0  0  0  0  0  0  3929176  0  0  0  0  0  0  0  0  0  25  0  0  0  0  0  64  0  0  0  0  0  0  0 
1441629904  0  0  0  0  0  0  0  0  0  3929176  0  0  0  0  0  0  0  0  0  25  0  0  0  0  0  64  0  0  0  0  0  0  0 
