#Type:X;CI:1;ww:0;ca:0;co:1;fr:0;Type:X;CI:1;PI:0;PT:EP;U0:0;U1:0;Type:X;CI:1;PI:1;PT:EP;U0:0;U1:0;
#time  Pp  gt  gs  cn  cm  cb  Nc  Pc  cp  Tc  Nm  pr  ps  pt  px  pd  Pm  Om  fs  ft  Oc  Em  Gp  Ec  Ge  ot  os  Total_cycles_diff  Successful_get_diff  Total_get_diff  succ_put_diff  total_put_diff  get_hit  
1441318260  0  0  0  0  0  0  0  0  0  4245125  0  0  0  0  0  0  0  0  0  21  0  0  0  0  0  46  0  4245125  0  0  0  0  
1441318261  0  0  0  0  0  0  0  0  0  4250072  0  0  0  0  0  0  0  0  0  21  0  0  0  0  0  47  0  4947  0  0  0  0  0 
1441318261  0  0  0  0  0  0  0  0  0  4250072  0  0  0  0  0  0  0  0  0  21  0  0  0  0  0  47  0  0  0  0  0  0  0 
1441318262  0  0  0  0  0  0  0  0  0  4250072  0  0  0  0  0  0  0  0  0  21  0  0  0  0  0  47  0  0  0  0  0  0  0 
1441318262  0  0  0  0  0  0  0  0  0  4250072  0  0  0  0  0  0  0  0  0  21  0  0  0  0  0  47  0  0  0  0  0  0  0 
1441318263  0  0  0  0  0  0  0  0  0  4250072  0  0  0  0  0  0  0  0  0  21  0  0  0  0  0  47  0  0  0  0  0  0  0 
1441318263  0  0  0  0  0  0  0  0  0  4250072  0  0  0  0  0  0  0  0  0  21  0  0  0  0  0  47  0  0  0  0  0  0  0 
1441318264  0  0  0  0  0  0  0  0  0  4250072  0  0  0  0  0  0  0  0  0  21  0  0  0  0  0  47  0  0  0  0  0  0  0 
1441318264  0  0  0  0  0  0  0  0  0  4250072  0  0  0  0  0  0  0  0  0  21  0  0  0  0  0  47  0  0  0  0  0  0  0 
1441318265  0  0  0  0  0  0  0  0  0  4250072  0  0  0  0  0  0  0  0  0  21  0  0  0  0  0  47  0  0  0  0  0  0  0 
1441318265  0  0  0  0  0  0  0  0  0  4250072  0  0  0  0  0  0  0  0  0  21  0  0  0  0  0  47  0  0  0  0  0  0  0 
1441318266  0  0  0  0  0  0  0  0  0  4250072  0  0  0  0  0  0  0  0  0  21  0  0  0  0  0  47  0  0  0  0  0  0  0 
1441318266  0  0  0  0  0  0  0  0  0  4250072  0  0  0  0  0  0  0  0  0  21  0  0  0  0  0  47  0  0  0  0  0  0  0 
1441318267  0  0  0  0  0  0  0  0  0  4250072  0  0  0  0  0  0  0  0  0  21  0  0  0  0  0  47  0  0  0  0  0  0  0 
1441318267  0  0  0  0  0  0  0  0  0  4250072  0  0  0  0  0  0  0  0  0  21  0  0  0  0  0  47  0  0  0  0  0  0  0 
1441318268  0  0  0  0  0  0  0  0  0  4250072  0  0  0  0  0  0  0  0  0  21  0  0  0  0  0  47  0  0  0  0  0  0  0 
1441318268  0  0  0  0  0  0  0  0  0  4250072  0  0  0  0  0  0  0  0  0  21  0  0  0  0  0  47  0  0  0  0  0  0  0 
1441318269  0  0  0  0  0  0  0  0  0  4250072  0  0  0  0  0  0  0  0  0  21  0  0  0  0  0  47  0  0  0  0  0  0  0 
1441318269  0  0  0  0  0  0  0  0  0  4250072  0  0  0  0  0  0  0  0  0  21  0  0  0  0  0  47  0  0  0  0  0  0  0 
1441318270  0  0  0  0  0  0  0  0  0  4250072  0  0  0  0  0  0  0  0  0  21  0  0  0  0  0  47  0  0  0  0  0  0  0 
1441318270  0  0  0  0  0  0  0  0  0  4253359  0  0  0  0  0  0  0  0  0  21  0  0  0  0  0  47  0  3287  0  0  0  0  0 
1441318271  0  119  119  13  5  6639734  197  2816  2807  235075168  234  0  3417  3422  5  0  3417  354  0  113  220  3417  0  2816  119  250  126  230821809  119  119  3417  3422  100.0  
1441318271  0  485  298  13  5  6217462  181  2637  2631  246424759  234  0  3417  3422  5  0  3417  354  0  113  192  3417  0  2637  298  250  126  11349591  179  366  0  0  61.4432989691  
1441318272  0  504  317  13  5  6171449  179  2618  2612  248547234  234  0  3417  3422  5  0  3417  354  0  113  190  3417  0  2618  317  250  126  2122475  19  19  0  0  62.8968253968  
1441318272  0  504  317  13  5  6171449  179  2618  2612  248547234  234  0  3417  3422  5  0  3417  354  0  113  190  3417  0  2618  317  250  126  0  0  0  0  0  62.8968253968  
1441318273  0  504  317  13  5  6171449  179  2618  2612  248547234  234  0  3417  3422  5  0  3417  354  0  113  190  3417  0  2618  317  250  126  0  0  0  0  0  62.8968253968  
1441318273  0  504  317  13  5  6171449  179  2618  2612  248547234  234  0  3417  3422  5  0  3417  354  0  113  190  3417  0  2618  317  250  126  0  0  0  0  0  62.8968253968  
1441318274  0  504  317  13  5  6171449  179  2618  2612  248547234  234  0  3417  3422  5  0  3417  354  0  113  190  3417  0  2618  317  250  126  0  0  0  0  0  62.8968253968  
1441318274  0  504  317  13  5  6171449  179  2618  2612  248547234  234  0  3417  3422  5  0  3417  354  0  113  190  3417  0  2618  317  250  126  0  0  0  0  0  62.8968253968  
1441318275  0  504  317  13  5  6171449  179  2618  2612  248547234  234  0  3417  3422  5  0  3417  354  0  113  190  3417  0  2618  317  250  126  0  0  0  0  0  62.8968253968  
1441318275  0  504  317  13  5  6171449  179  2618  2612  248547234  234  0  3417  3422  5  0  3417  354  0  113  190  3417  0  2618  317  250  126  0  0  0  0  0  62.8968253968  
1441318276  0  504  317  13  5  6171449  179  2618  2612  248547234  234  0  3417  3422  5  0  3417  354  0  113  190  3417  0  2618  317  250  126  0  0  0  0  0  62.8968253968  
1441318276  0  504  317  13  5  6171449  179  2618  2612  248547234  234  0  3417  3422  5  0  3417  354  0  113  190  3417  0  2618  317  250  126  0  0  0  0  0  62.8968253968  
1441318277  0  504  317  13  5  6171449  179  2618  2612  248547234  234  0  3417  3422  5  0  3417  354  0  113  190  3417  0  2618  317  250  126  0  0  0  0  0  62.8968253968  
1441318277  0  504  317  32  17  7139093  209  3018  2993  278365466  234  0  3817  3834  17  0  3417  354  0  6507  227  3417  0  3018  317  250  126  29818232  0  0  400  412  62.8968253968  
1441318278  0  504  317  32  17  7139093  209  3018  2993  279691036  234  0  3817  3834  17  0  3417  354  0  11882  227  3417  0  3018  317  250  126  1325570  0  0  0  0  62.8968253968  
1441318278  0  504  317  32  17  7139093  209  3018  2993  280840851  234  0  3817  3834  17  0  3417  354  0  15792  227  3417  0  3018  317  250  126  1149815  0  0  0  0  62.8968253968  
1441318279  0  504  317  32  17  7139093  209  3018  2993  283131010  234  0  3817  3834  17  0  3417  354  0  25104  227  3417  0  3018  317  250  126  2290159  0  0  0  0  62.8968253968  
1441318279  0  586  398  32  17  6963076  206  2937  2912  288451564  234  0  3817  3834  17  0  3417  354  0  38746  223  3417  0  2937  398  250  126  5320554  81  82  0  0  67.9180887372  
1441318280  0  586  398  32  17  6963076  206  2937  2912  288451564  234  0  3817  3834  17  0  3417  354  0  38746  223  3417  0  2937  398  250  126  0  0  0  0  0  67.9180887372  
1441318280  0  586  398  32  17  6963076  206  2937  2912  293088416  234  0  3817  3834  17  0  3417  354  0  57452  223  3417  0  2937  398  250  126  4636852  0  0  0  0  67.9180887372  
1441318281  0  653  401  32  17  6954820  205  2934  2909  297626376  234  0  3817  3834  17  0  3417  354  0  68057  223  3417  0  2934  401  250  126  4537960  3  67  0  0  61.4088820827  
1441318281  0  877  401  32  17  6954820  205  2934  2909  304290018  234  0  3817  3834  17  0  3417  354  0  75258  223  3417  0  2934  401  251  126  6663642  0  224  0  0  45.724059293  
1441318282  0  3149  401  185  18  8725545  220  3806  3628  515973845  234  0  4689  4707  18  0  3806  354  0  79757  228  3806  0  3806  401  251  126  211683827  0  2272  872  873  12.7342013338  
1441318282  0  3864  401  223  18  8797139  223  3867  3651  537358068  234  0  4750  4768  18  0  3867  354  0  85931  229  3867  0  3867  401  252  126  21384223  0  715  61  61  10.3778467909  
1441318283  0  5753  401  265  18  8797139  224  3909  3651  561834402  234  0  4792  4810  18  0  3909  354  0  91556  229  3909  0  3909  401  255  126  24476334  0  1889  42  42  6.97027637754  
1441318283  0  5753  401  265  18  8797139  224  3909  3651  561834402  234  0  4792  4810  18  0  3909  354  0  91556  229  3909  0  3909  401  255  126  0  0  0  0  0  6.97027637754  
1441318284  0  8665  401  358  18  8797139  231  4002  3651  596385085  234  0  4885  4903  18  0  4002  354  0  101562  231  4002  0  4002  401  259  126  34550683  0  2912  93  93  4.62781304097  
1441318284  0  11788  401  358  18  8797139  231  4002  3651  602519546  234  0  4885  4903  18  0  4002  354  0  104085  231  4002  0  4002  401  261  126  6134461  0  3123  0  0  3.40176450628  
1441318285  0  13472  401  370  18  8797139  232  4014  3651  613088940  234  0  4897  4915  18  0  4014  354  0  108589  231  4014  0  4014  401  265  126  10569394  0  1684  12  12  2.97654394299  
1441318286  0  14286  413  562  18  8799561  239  4195  3652  683709983  239  0  5090  5108  18  0  4195  354  0  115022  232  4195  0  4195  413  269  126  70621043  12  814  193  193  2.89094218116  
1441318286  0  14942  413  736  19  8978020  249  4459  3742  758086530  249  0  5354  5373  19  0  4459  354  0  125975  236  4459  0  4459  413  271  126  74376547  0  656  264  265  2.76402088074  
1441318287  0  15263  413  736  19  8978020  249  4459  3742  759687558  249  0  5354  5373  19  0  4459  354  0  127343  236  4459  0  4459  413  271  126  1601028  0  321  0  0  2.70589006093  
1441318287  0  15263  413  736  19  8978020  249  4459  3742  759687558  249  0  5354  5373  19  0  4459  354  0  127343  236  4459  0  4459  413  271  126  0  0  0  0  0  2.70589006093  
1441318288  0  16860  435  1537  19  8978440  263  5253  3757  951126296  263  0  6170  6189  19  0  5253  354  0  132133  235  5253  0  5253  435  275  126  191438738  22  1597  816  816  2.58007117438  
1441318288  0  18588  435  4862  19  8983926  328  8702  3881  1568937539  328  0  9619  9638  19  0  8702  354  0  135498  238  8702  0  8702  435  275  126  617811243  0  1728  3449  3449  2.34021949645  
1441318289  0  20764  1043  7944  19  8983926  375  11176  3881  2127508759  375  0  12701  12720  19  0  11176  354  0  138964  238  11176  0  11176  1043  275  126  558571220  608  2176  3082  3082  5.02311693315  
1441318289  0  23872  2215  9317  19  8983926  361  10314  3881  2428610723  389  0  14076  14095  19  0  11842  354  0  145115  236  11842  0  10314  2215  278  127  301101964  1172  3108  1375  1375  9.27865281501  
1441318290  0  25735  2215  10060  19  8986670  382  11155  3979  2585740177  389  0  14917  14936  19  0  11842  354  0  149812  240  11842  0  11155  2215  278  127  157129454  0  1863  841  841  8.60695550806  
1441318290  0  28774  2215  10956  19  8985676  391  11673  4029  2821908095  398  0  15864  15883  19  0  11882  354  0  155190  240  11882  0  11673  2215  281  128  236167918  0  3039  947  947  7.6979217349  
1441318291  0  28774  2215  10956  19  8985676  391  11673  4029  2821908095  398  0  15864  15883  19  0  11882  354  0  155190  240  11882  0  11673  2215  281  128  0  0  0  0  0  7.6979217349  
1441318291  0  31816  2215  11217  19  8988420  405  12032  4127  2923227915  405  0  16223  16242  19  0  12032  354  0  160186  242  12032  0  12032  2215  281  128  101319820  0  3042  359  359  6.96190595927  
1441318292  0  33480  2215  11725  19  8989176  421  12567  4154  3053931745  421  0  16758  16777  19  0  12567  354  0  164218  243  12567  0  12567  2215  281  128  130703830  0  1664  535  535  6.61589008363  
1441318292  0  36968  2215  13568  19  8995252  461  14627  4371  3549610024  461  0  18818  18837  19  0  14627  354  0  168770  246  14627  0  14627  2215  281  128  495678279  0  3488  2060  2060  5.99166847003  
1441318293  0  40372  2227  14499  19  9003361  483  15804  4629  3864853173  483  0  20007  20026  19  0  15804  354  0  172921  246  15804  0  15804  2227  283  128  315243149  12  3404  1189  1189  5.51619934608  
1441318293  0  43348  2227  16087  19  9020413  518  18001  5238  4326573253  518  0  22204  22223  19  0  18001  354  0  176057  246  18001  0  18001  2227  283  128  461720080  0  2976  2197  2197  5.13749192581  
1441318294  0  51417  7668  19119  19  9064631  511  17202  6845  4924340516  541  0  26846  26865  19  0  19569  354  0  182361  245  19569  0  17202  7668  288  128  597767263  5441  8069  4642  4642  14.913355505  
1441318294  0  51417  7668  19119  19  9064631  511  17202  6845  4924340516  541  0  26846  26865  19  0  19569  354  0  182361  245  19569  0  17202  7668  288  128  0  0  0  0  0  14.913355505  
1441318295  0  52761  7668  20927  19  9032235  522  17853  5688  5360467612  547  0  29805  29824  19  0  19569  354  0  186061  244  19569  0  17853  7668  290  129  436127096  0  1344  2959  2959  14.5334622164  
1441318295  0  53880  7763  22899  19  9060772  536  19677  6711  5870020040  547  0  32896  32915  19  0  19686  354  0  188179  243  19686  0  19677  7763  291  130  509552428  95  1119  3091  3091  14.4079435783  
1441318296  0  55512  7763  24074  19  9075220  561  21368  7227  6240526726  561  0  34587  34606  19  0  21368  354  0  191432  243  21368  0  21368  7763  292  130  370506686  0  1632  1691  1691  13.9843637412  
1441318296  0  57336  7763  25306  19  9095800  589  23335  7962  6657215338  589  0  36554  36573  19  0  23335  354  0  193339  244  23335  0  23335  7763  292  130  416688612  0  1824  1967  1967  13.5394865355  
1441318297  0  59256  8000  25879  19  9036144  544  21534  8013  6808044947  590  0  37382  37401  19  0  23488  354  0  196943  241  23488  0  21534  8000  296  131  150829609  237  1920  828  828  13.5007425408  
1441318297  0  62907  9283  27789  19  9028584  487  17498  7743  7330116345  590  0  40305  40324  19  0  23488  354  0  199988  245  23488  0  17498  9283  299  132  522071398  1283  3651  2923  2923  14.7567043413  
1441318298  0  64507  9283  29418  19  9038216  514  19471  8087  7798190647  590  0  42278  42297  19  0  23488  354  0  202187  245  23488  0  19471  9283  299  132  468074302  0  1600  1973  1973  14.3906862821  
1441318298  0  64507  9283  29418  19  9038216  514  19471  8087  7798190647  590  0  42278  42297  19  0  23488  354  0  202187  245  23488  0  19471  9283  299  132  0  0  0  0  0  14.3906862821  
1441318299  0  67130  9283  33476  19  9038748  584  23548  8106  8529191189  590  0  46355  46374  19  0  23548  354  0  203189  245  23548  0  23548  9283  299  132  731000542  0  2623  4077  4077  13.8283926709  
1441318299  0  69393  9298  35476  19  9041643  617  25562  8132  8871310739  617  0  48384  48403  19  0  25565  354  0  207160  244  25565  0  25562  9298  303  132  342119550  15  2263  2029  2029  13.3990460133  
1441318300  0  70801  9298  36436  19  9043192  638  26567  8177  9212269367  638  0  49389  49408  19  0  26567  354  0  210203  244  26567  0  26567  9298  303  132  340958628  0  1408  1005  1005  13.1325828731  
1441318300  0  73458  9302  37083  19  9062238  672  27874  8841  9409127467  672  0  50700  50719  19  0  27874  354  0  214846  249  27874  0  27874  9302  303  132  196858100  4  2657  1311  1311  12.6630183234  
1441318301  0  74804  9303  37586  19  9073057  600  23397  9321  9578736617  682  0  51685  51704  19  0  28406  354  0  218328  247  28406  0  23397  9303  308  134  169609150  1  1346  985  985  12.4365007219  
1441318301  0  79316  9303  39064  19  9114287  647  26284  10730  10002291827  682  0  54572  54591  19  0  28406  354  0  221162  247  28406  0  26284  9303  308  134  423555210  0  4512  2887  2887  11.7290332342  
1441318302  0  79316  9303  39064  19  9114287  647  26284  10730  10002291827  682  0  54572  54591  19  0  28406  354  0  221162  247  28406  0  26284  9303  308  134  0  0  0  0  0  11.7290332342  
1441318302  0  83724  11535  40512  19  9172447  676  27853  10851  10419584126  682  0  58373  58392  19  0  28406  354  0  224744  248  28406  0  27853  11535  308  134  417292299  2232  4408  3801  3801  13.7774114949  
1441318303  0  86602  11630  42528  19  9180595  714  30160  11142  10861252267  714  0  60839  60858  19  0  30160  354  0  227378  248  30160  0  30160  11630  310  135  441668141  95  2878  2466  2466  13.4292510566  
1441318303  0  90730  13134  45039  19  9133359  703  29480  9455  11383842924  726  0  63423  63442  19  0  31142  354  0  232785  249  31142  0  29480  13134  315  136  522590657  1504  4128  2584  2584  14.4759175576  
1441318304  0  93834  13134  47734  19  9134423  743  32213  9493  12021511374  743  0  66156  66175  19  0  32213  354  0  236380  249  32213  0  32213  13134  315  136  637668450  0  3104  2733  2733  13.9970586355  
1441318304  0  96746  13134  49803  19  9136781  722  30856  9561  12527559899  789  0  68293  68312  19  0  34350  354  0  240991  250  34350  0  30856  13134  318  137  506048525  0  2912  2137  2137  13.57575507  
1441318305  0  99440  14420  52003  19  9124277  742  32384  8889  12980370872  789  0  71107  71126  19  0  34350  354  0  243959  250  34350  0  32384  14420  320  137  452810973  1286  2694  2814  2814  14.5012067578  
1441318305  0  99440  14420  52003  19  9124277  742  32384  8889  12980370872  789  0  71107  71126  19  0  34350  354  0  243959  250  34350  0  32384  14420  320  137  0  0  0  0  0  14.5012067578  
1441318306  0  100673  14420  52547  19  9177869  789  34842  10803  13156451175  789  0  73565  73584  19  0  34842  354  0  245247  251  34842  0  34842  14420  320  137  176080303  0  1233  2458  2458  14.3236021575  
1441318306  0  102928  14420  53605  19  9203509  829  36731  11634  13521967778  829  0  75454  75473  19  0  36731  354  0  248071  254  36731  0  36731  14420  320  137  365516603  0  2255  1889  1889  14.0097932535  
1441318307  0  104152  14420  54095  19  9211545  844  37508  11921  13715635776  844  0  76231  76250  19  0  37508  354  0  249848  254  37508  0  37508  14420  320  137  193667998  0  1224  777  777  13.845149397  
1441318307  0  107386  16884  57004  19  9240737  867  38985  12951  14263614868  867  0  80172  80191  19  0  38985  354  0  254160  253  38985  0  38985  16884  327  137  547979092  2464  3234  3941  3941  15.7227199076  
1441318308  0  110554  19082  58844  19  9297623  868  39920  14881  14735006184  887  0  83949  83968  19  0  40581  354  0  259219  252  40581  0  39920  19082  331  138  471391316  2198  3168  3777  3777  17.2603433616  
1441318308  0  112627  20124  59991  19  9324857  765  34337  15575  15110298644  887  0  86832  86851  19  0  40635  354  0  263895  249  40635  0  34337  20124  337  139  375292460  1042  2073  2883  2883  17.8678292061  
1441318309  0  112627  20124  59991  19  9324857  765  34337  15575  15110298644  887  0  86832  86851  19  0  40635  354  0  263895  249  40635  0  34337  20124  337  139  0  0  0  0  0  17.8678292061  
1441318309  0  114355  20124  60919  19  9342730  788  35608  15918  15460435331  887  0  88103  88122  19  0  40635  354  0  267691  251  40635  0  35608  20124  337  139  350136687  0  1728  1271  1271  17.5978313148  
1441318310  0  116612  20248  62640  19  9376189  820  37982  16695  16007533311  887  0  90601  90620  19  0  40635  354  0  270493  251  40635  0  37982  20248  339  139  547097980  124  2257  2498  2498  17.3635646417  
1441318310  0  127615  29072  67846  19  9367863  762  34452  16146  16809074425  887  0  96159  96178  19  0  40635  354  0  279810  249  40635  0  34452  29072  347  140  801541114  8824  11003  5558  5558  22.7810210398  
1441318311  0  129108  29072  69448  19  9418713  830  37312  17404  17188432691  887  0  99019  99038  19  0  40635  354  0  284816  253  40635  0  37312  29072  349  140  379358266  0  1493  2860  2860  22.5175821793  
1441318311  0  129716  29072  69767  19  9448402  868  38552  18325  17303372249  887  0  100259  100278  19  0  40635  354  0  288004  253  40635  0  38552  29072  349  140  114939558  0  608  1240  1240  22.4120386074  
1441318312  0  130747  29072  70423  19  9421241  857  37820  16937  17490143236  887  0  101831  101850  19  0  40635  354  0  290479  252  40635  0  37820  29072  350  141  186770987  0  1031  1572  1572  22.2353094144  
1441318313  0  130747  29072  70423  19  9421241  857  37820  16937  17490143236  887  0  101831  101850  19  0  40635  354  0  290479  252  40635  0  37820  29072  350  141  0  0  0  0  0  22.2353094144  
1441318313  0  134292  31304  73777  19  9409547  861  38373  16338  18183654002  887  0  106820  106839  19  0  40635  354  0  294507  253  40635  0  38373  31304  354  142  693510766  2232  3545  4989  4989  23.3103982367  
1441318314  0  136506  32073  78341  19  9422223  931  43406  16807  18967677012  931  0  112622  112641  19  0  43406  354  0  295997  252  43406  0  43406  32073  356  142  784023010  769  2214  5802  5802  23.49567052  
1441318314  0  139729  33463  80347  19  9245217  844  38727  10122  19372780985  966  0  115422  115441  19  0  45681  354  0  300839  251  45681  0  38727  33463  360  144  405103973  1390  3223  2800  2800  23.9485003113  
1441318315  0  142168  34750  80602  19  9210603  827  37762  8902  19506966986  966  0  115744  115763  19  0  45681  354  0  308538  250  45681  0  37762  34750  361  144  134186001  1287  2439  322  322  24.4429126104  
1441318315  0  148140  39186  81953  19  9248317  800  35786  10139  19959164339  966  0  119228  119247  19  0  45681  354  0  316249  248  45681  0  35786  39186  366  145  452197353  4436  5972  3484  3484  26.4520048603  
1441318316  0  150252  39186  82796  19  9262261  838  37127  10637  20286140880  966  0  120570  120589  19  0  45681  354  1  321094  252  45681  0  37127  39186  366  145  326976541  0  2112  1342  1342  26.0801852887  
1441318316  0  150252  39186  82796  19  9262261  838  37127  10637  20286140880  966  0  120570  120589  19  0  45681  354  1  321094  252  45681  0  37127  39186  366  145  0  0  0  0  0  26.0801852887  
1441318317  0  152716  39186  84031  19  9279509  879  38903  11178  20661654688  966  0  122346  122365  19  0  45681  354  1  324664  253  45681  0  38903  39186  366  145  375513808  0  2464  1776  1776  25.6593939076  
1441318317  0  156079  39794  84637  19  9301209  888  39676  11953  20817069113  966  0  123727  123746  19  0  45681  354  1  328706  252  45681  0  39676  39794  368  145  155414425  608  3363  1381  1381  25.4960628912  
1441318318  0  157871  39794  84806  19  9320529  898  40535  12643  20903326270  966  0  124586  124605  19  0  45681  354  1  329382  252  45681  0  40535  39794  368  145  86257157  0  1792  859  859  25.2066560673  
1441318318  0  160912  40037  85067  19  9350797  911  41813  13724  21018836675  966  0  126202  126221  19  0  45681  354  1  332527  252  45681  0  41813  40037  373  146  115510405  243  3041  1616  1616  24.881301581  
1441318319  0  163412  40050  86870  19  9330364  979  43939  14047  21434389436  979  0  128341  128360  19  0  45681  354  1  335683  255  45681  0  43939  40050  373  146  415552761  13  2500  2139  2139  24.5086040193  
1441318319  0  164939  40149  89760  19  9354151  1044  47560  14873  21990585776  1044  0  132061  132080  19  0  47560  354  1  337797  256  47560  0  47560  40149  373  146  556196340  99  1527  3720  3720  24.3417263352  
1441318320  0  166210  40935  91391  19  7732845  1051  48445  14265  22338336082  1063  0  133732  133751  19  0  49018  354  1  339438  248  49018  0  48445  40935  375  146  347750306  786  1271  1671  1671  24.6284820408  
