#Type:X;CI:5;ww:0;ca:0;co:1;fr:0;Type:X;CI:5;PI:0;PT:EP;U0:0;U1:0;
#time  Pp  gt  gs  cn  cm  cb  Nc  Pc  cp  Tc  Nm  pr  ps  pt  px  pd  Pm  Om  fs  ft  Oc  Em  Gp  Ec  Ge  ot  os  Total_cycles_diff  Successful_get_diff  Total_get_diff  succ_put_diff  total_put_diff  get_hit  
1441645864  0  0  0  0  0  0  0  0  0  205956  0  0  0  0  0  0  0  0  0  0  0  0  0  0  0  0  0  205956  0  0  0  0  
1441645864  0  0  0  0  0  0  0  0  0  813970  0  0  0  0  0  0  0  0  0  0  0  0  0  0  0  0  0  608014  0  0  0  0  0 
1441645865  0  0  0  0  0  0  0  0  0  813970  0  0  0  0  0  0  0  0  0  0  0  0  0  0  0  0  0  0  0  0  0  0  0 
1441645865  0  0  0  0  0  0  0  0  0  1199044  0  0  0  0  0  0  0  0  0  0  0  0  0  0  0  0  0  385074  0  0  0  0  0 
1441645866  0  0  0  0  0  0  0  0  0  1497460  0  0  0  0  0  0  0  0  0  0  0  0  0  0  0  0  0  298416  0  0  0  0  0 
1441645866  0  0  0  0  0  0  0  0  0  1787242  0  0  0  0  0  0  0  0  0  0  0  0  0  0  0  0  0  289782  0  0  0  0  0 
1441645867  0  0  0  0  0  0  0  0  0  2299851  0  0  0  0  0  0  0  0  0  13  0  0  0  0  0  39  0  512609  0  0  0  0  0 
1441645867  0  0  0  0  0  0  0  0  0  3065036  0  0  0  0  0  0  0  0  0  15  0  0  0  0  0  42  0  765185  0  0  0  0  0 
1441645868  0  0  0  0  0  0  0  0  0  3569043  0  0  0  0  0  0  0  0  0  21  0  0  0  0  0  46  0  504007  0  0  0  0  0 
1441645868  0  0  0  0  0  0  0  0  0  3569043  0  0  0  0  0  0  0  0  0  21  0  0  0  0  0  46  0  0  0  0  0  0  0 
1441645869  0  0  0  0  0  0  0  0  0  3668954  0  0  0  0  0  0  0  0  0  21  0  0  0  0  0  46  0  99911  0  0  0  0  0 
1441645869  0  0  0  0  0  0  0  0  0  3668954  0  0  0  0  0  0  0  0  0  21  0  0  0  0  0  46  0  0  0  0  0  0  0 
1441645870  0  0  0  0  0  0  0  0  0  3668954  0  0  0  0  0  0  0  0  0  21  0  0  0  0  0  46  0  0  0  0  0  0  0 
1441645870  0  0  0  0  0  0  0  0  0  3668954  0  0  0  0  0  0  0  0  0  21  0  0  0  0  0  46  0  0  0  0  0  0  0 
1441645871  0  0  0  0  0  0  0  0  0  3668954  0  0  0  0  0  0  0  0  0  21  0  0  0  0  0  46  0  0  0  0  0  0  0 
1441645871  0  0  0  0  0  0  0  0  0  3668954  0  0  0  0  0  0  0  0  0  21  0  0  0  0  0  46  0  0  0  0  0  0  0 
1441645872  0  0  0  0  0  0  0  0  0  3668954  0  0  0  0  0  0  0  0  0  21  0  0  0  0  0  46  0  0  0  0  0  0  0 
1441645872  0  0  0  0  0  0  0  0  0  3668954  0  0  0  0  0  0  0  0  0  21  0  0  0  0  0  46  0  0  0  0  0  0  0 
1441645873  0  0  0  0  0  0  0  0  0  3668954  0  0  0  0  0  0  0  0  0  21  0  0  0  0  0  46  0  0  0  0  0  0  0 
1441645873  0  0  0  0  0  0  0  0  0  3668954  0  0  0  0  0  0  0  0  0  21  0  0  0  0  0  46  0  0  0  0  0  0  0 
1441645874  0  0  0  0  0  0  0  0  0  3668954  0  0  0  0  0  0  0  0  0  21  0  0  0  0  0  46  0  0  0  0  0  0  0 
1441645874  0  0  0  0  0  0  0  0  0  3668954  0  0  0  0  0  0  0  0  0  21  0  0  0  0  0  46  0  0  0  0  0  0  0 
1441645875  0  0  0  0  0  0  0  0  0  3668954  0  0  0  0  0  0  0  0  0  21  0  0  0  0  0  46  0  0  0  0  0  0  0 
1441645875  0  0  0  0  0  0  0  0  0  3668954  0  0  0  0  0  0  0  0  0  21  0  0  0  0  0  46  0  0  0  0  0  0  0 
1441645876  0  0  0  0  0  0  0  0  0  3668954  0  0  0  0  0  0  0  0  0  21  0  0  0  0  0  46  0  0  0  0  0  0  0 
1441645876  0  0  0  0  0  0  0  0  0  3668954  0  0  0  0  0  0  0  0  0  21  0  0  0  0  0  46  0  0  0  0  0  0  0 
1441645877  0  0  0  0  0  0  0  0  0  3668954  0  0  0  0  0  0  0  0  0  21  0  0  0  0  0  46  0  0  0  0  0  0  0 
1441645877  0  0  0  0  0  0  0  0  0  3668954  0  0  0  0  0  0  0  0  0  21  0  0  0  0  0  46  0  0  0  0  0  0  0 
1441645878  0  0  0  0  0  0  0  0  0  3668954  0  0  0  0  0  0  0  0  0  21  0  0  0  0  0  46  0  0  0  0  0  0  0 
1441645878  0  0  0  0  0  0  0  0  0  3668954  0  0  0  0  0  0  0  0  0  21  0  0  0  0  0  46  0  0  0  0  0  0  0 
1441645879  0  0  0  0  0  0  0  0  0  3668954  0  0  0  0  0  0  0  0  0  21  0  0  0  0  0  46  0  0  0  0  0  0  0 
1441645879  0  0  0  0  0  0  0  0  0  3668954  0  0  0  0  0  0  0  0  0  21  0  0  0  0  0  46  0  0  0  0  0  0  0 
1441645880  0  0  0  0  0  0  0  0  0  3668954  0  0  0  0  0  0  0  0  0  21  0  0  0  0  0  46  0  0  0  0  0  0  0 
1441645880  0  0  0  0  0  0  0  0  0  3668954  0  0  0  0  0  0  0  0  0  21  0  0  0  0  0  46  0  0  0  0  0  0  0 
1441645881  0  0  0  0  0  0  0  0  0  3668954  0  0  0  0  0  0  0  0  0  21  0  0  0  0  0  46  0  0  0  0  0  0  0 
1441645881  0  0  0  0  0  0  0  0  0  3668954  0  0  0  0  0  0  0  0  0  21  0  0  0  0  0  46  0  0  0  0  0  0  0 
1441645882  0  0  0  0  0  0  0  0  0  3668954  0  0  0  0  0  0  0  0  0  21  0  0  0  0  0  46  0  0  0  0  0  0  0 
1441645882  0  0  0  0  0  0  0  0  0  3668954  0  0  0  0  0  0  0  0  0  21  0  0  0  0  0  46  0  0  0  0  0  0  0 
1441645883  0  0  0  0  0  0  0  0  0  3668954  0  0  0  0  0  0  0  0  0  21  0  0  0  0  0  46  0  0  0  0  0  0  0 
1441645883  0  0  0  0  0  0  0  0  0  3668954  0  0  0  0  0  0  0  0  0  21  0  0  0  0  0  46  0  0  0  0  0  0  0 
1441645884  0  0  0  0  0  0  0  0  0  3668954  0  0  0  0  0  0  0  0  0  21  0  0  0  0  0  46  0  0  0  0  0  0  0 
1441645884  0  0  0  0  0  0  0  0  0  3668954  0  0  0  0  0  0  0  0  0  21  0  0  0  0  0  46  0  0  0  0  0  0  0 
1441645885  0  0  0  0  0  0  0  0  0  3668954  0  0  0  0  0  0  0  0  0  21  0  0  0  0  0  46  0  0  0  0  0  0  0 
1441645885  0  0  0  0  0  0  0  0  0  3668954  0  0  0  0  0  0  0  0  0  21  0  0  0  0  0  46  0  0  0  0  0  0  0 
1441645886  0  0  0  0  0  0  0  0  0  3668954  0  0  0  0  0  0  0  0  0  21  0  0  0  0  0  46  0  0  0  0  0  0  0 
1441645886  0  0  0  0  0  0  0  0  0  3668954  0  0  0  0  0  0  0  0  0  21  0  0  0  0  0  46  0  0  0  0  0  0  0 
1441645887  0  0  0  0  0  0  0  0  0  3668954  0  0  0  0  0  0  0  0  0  21  0  0  0  0  0  46  0  0  0  0  0  0  0 
1441645887  0  0  0  0  0  0  0  0  0  3668954  0  0  0  0  0  0  0  0  0  21  0  0  0  0  0  46  0  0  0  0  0  0  0 
1441645888  0  0  0  0  0  0  0  0  0  3668954  0  0  0  0  0  0  0  0  0  21  0  0  0  0  0  46  0  0  0  0  0  0  0 
1441645888  0  0  0  0  0  0  0  0  0  3668954  0  0  0  0  0  0  0  0  0  21  0  0  0  0  0  46  0  0  0  0  0  0  0 
1441645889  0  0  0  0  0  0  0  0  0  3668954  0  0  0  0  0  0  0  0  0  21  0  0  0  0  0  46  0  0  0  0  0  0  0 
1441645889  0  0  0  0  0  0  0  0  0  3668954  0  0  0  0  0  0  0  0  0  21  0  0  0  0  0  46  0  0  0  0  0  0  0 
1441645890  0  0  0  0  0  0  0  0  0  3668954  0  0  0  0  0  0  0  0  0  21  0  0  0  0  0  46  0  0  0  0  0  0  0 
1441645890  0  0  0  0  0  0  0  0  0  3668954  0  0  0  0  0  0  0  0  0  21  0  0  0  0  0  46  0  0  0  0  0  0  0 
1441645891  0  0  0  0  0  0  0  0  0  3668954  0  0  0  0  0  0  0  0  0  21  0  0  0  0  0  46  0  0  0  0  0  0  0 
1441645891  0  0  0  0  0  0  0  0  0  3668954  0  0  0  0  0  0  0  0  0  21  0  0  0  0  0  46  0  0  0  0  0  0  0 
1441645892  0  0  0  0  0  0  0  0  0  3668954  0  0  0  0  0  0  0  0  0  21  0  0  0  0  0  46  0  0  0  0  0  0  0 
1441645892  0  0  0  0  0  0  0  0  0  3668954  0  0  0  0  0  0  0  0  0  21  0  0  0  0  0  46  0  0  0  0  0  0  0 
1441645893  0  0  0  0  0  0  0  0  0  3668954  0  0  0  0  0  0  0  0  0  21  0  0  0  0  0  46  0  0  0  0  0  0  0 
1441645894  0  0  0  0  0  0  0  0  0  3668954  0  0  0  0  0  0  0  0  0  21  0  0  0  0  0  46  0  0  0  0  0  0  0 
1441645894  0  0  0  0  0  0  0  0  0  3668954  0  0  0  0  0  0  0  0  0  21  0  0  0  0  0  46  0  0  0  0  0  0  0 
1441645895  0  0  0  0  0  0  0  0  0  3668954  0  0  0  0  0  0  0  0  0  21  0  0  0  0  0  46  0  0  0  0  0  0  0 
1441645895  0  0  0  0  0  0  0  0  0  3668954  0  0  0  0  0  0  0  0  0  21  0  0  0  0  0  46  0  0  0  0  0  0  0 
1441645896  0  0  0  0  0  0  0  0  0  3668954  0  0  0  0  0  0  0  0  0  21  0  0  0  0  0  46  0  0  0  0  0  0  0 
1441645896  0  0  0  0  0  0  0  0  0  3668954  0  0  0  0  0  0  0  0  0  21  0  0  0  0  0  46  0  0  0  0  0  0  0 
1441645897  0  0  0  0  0  0  0  0  0  3668954  0  0  0  0  0  0  0  0  0  21  0  0  0  0  0  46  0  0  0  0  0  0  0 
1441645897  0  0  0  0  0  0  0  0  0  3668954  0  0  0  0  0  0  0  0  0  21  0  0  0  0  0  46  0  0  0  0  0  0  0 
1441645898  0  0  0  0  0  0  0  0  0  3668954  0  0  0  0  0  0  0  0  0  21  0  0  0  0  0  46  0  0  0  0  0  0  0 
1441645898  0  0  0  0  0  0  0  0  0  3668954  0  0  0  0  0  0  0  0  0  21  0  0  0  0  0  46  0  0  0  0  0  0  0 
1441645899  0  0  0  0  0  0  0  0  0  3668954  0  0  0  0  0  0  0  0  0  21  0  0  0  0  0  46  0  0  0  0  0  0  0 
1441645899  0  0  0  0  0  0  0  0  0  3668954  0  0  0  0  0  0  0  0  0  21  0  0  0  0  0  46  0  0  0  0  0  0  0 
1441645900  0  0  0  0  0  0  0  0  0  3668954  0  0  0  0  0  0  0  0  0  21  0  0  0  0  0  46  0  0  0  0  0  0  0 
1441645900  0  0  0  0  0  0  0  0  0  3668954  0  0  0  0  0  0  0  0  0  21  0  0  0  0  0  46  0  0  0  0  0  0  0 
1441645901  0  0  0  0  0  0  0  0  0  3668954  0  0  0  0  0  0  0  0  0  21  0  0  0  0  0  46  0  0  0  0  0  0  0 
1441645901  0  0  0  0  0  0  0  0  0  3668954  0  0  0  0  0  0  0  0  0  21  0  0  0  0  0  46  0  0  0  0  0  0  0 
1441645902  0  0  0  0  0  0  0  0  0  3668954  0  0  0  0  0  0  0  0  0  21  0  0  0  0  0  46  0  0  0  0  0  0  0 
1441645902  0  0  0  0  0  0  0  0  0  3668954  0  0  0  0  0  0  0  0  0  21  0  0  0  0  0  46  0  0  0  0  0  0  0 
1441645903  0  0  0  0  0  0  0  0  0  3668954  0  0  0  0  0  0  0  0  0  21  0  0  0  0  0  46  0  0  0  0  0  0  0 
1441645903  0  0  0  0  0  0  0  0  0  3668954  0  0  0  0  0  0  0  0  0  21  0  0  0  0  0  46  0  0  0  0  0  0  0 
1441645904  0  0  0  0  0  0  0  0  0  3668954  0  0  0  0  0  0  0  0  0  21  0  0  0  0  0  46  0  0  0  0  0  0  0 
1441645904  0  0  0  0  0  0  0  0  0  3668954  0  0  0  0  0  0  0  0  0  21  0  0  0  0  0  46  0  0  0  0  0  0  0 
1441645905  0  0  0  0  0  0  0  0  0  3668954  0  0  0  0  0  0  0  0  0  21  0  0  0  0  0  46  0  0  0  0  0  0  0 
1441645905  0  0  0  0  0  0  0  0  0  3668954  0  0  0  0  0  0  0  0  0  21  0  0  0  0  0  46  0  0  0  0  0  0  0 
1441645906  0  0  0  0  0  0  0  0  0  3668954  0  0  0  0  0  0  0  0  0  21  0  0  0  0  0  46  0  0  0  0  0  0  0 
1441645906  0  0  0  0  0  0  0  0  0  3668954  0  0  0  0  0  0  0  0  0  21  0  0  0  0  0  46  0  0  0  0  0  0  0 
1441645907  0  0  0  0  0  0  0  0  0  3668954  0  0  0  0  0  0  0  0  0  21  0  0  0  0  0  46  0  0  0  0  0  0  0 
1441645907  0  0  0  0  0  0  0  0  0  3668954  0  0  0  0  0  0  0  0  0  21  0  0  0  0  0  46  0  0  0  0  0  0  0 
1441645908  0  0  0  0  0  0  0  0  0  3668954  0  0  0  0  0  0  0  0  0  21  0  0  0  0  0  46  0  0  0  0  0  0  0 
1441645908  0  0  0  0  0  0  0  0  0  3668954  0  0  0  0  0  0  0  0  0  21  0  0  0  0  0  46  0  0  0  0  0  0  0 
1441645909  0  0  0  0  0  0  0  0  0  3668954  0  0  0  0  0  0  0  0  0  21  0  0  0  0  0  46  0  0  0  0  0  0  0 
1441645909  0  0  0  0  0  0  0  0  0  3668954  0  0  0  0  0  0  0  0  0  21  0  0  0  0  0  46  0  0  0  0  0  0  0 
1441645910  0  0  0  0  0  0  0  0  0  3668954  0  0  0  0  0  0  0  0  0  21  0  0  0  0  0  46  0  0  0  0  0  0  0 
1441645910  0  0  0  0  0  0  0  0  0  3668954  0  0  0  0  0  0  0  0  0  21  0  0  0  0  0  46  0  0  0  0  0  0  0 
1441645911  0  0  0  0  0  0  0  0  0  3668954  0  0  0  0  0  0  0  0  0  21  0  0  0  0  0  46  0  0  0  0  0  0  0 
1441645911  0  0  0  0  0  0  0  0  0  3668954  0  0  0  0  0  0  0  0  0  21  0  0  0  0  0  46  0  0  0  0  0  0  0 
1441645912  0  0  0  0  0  0  0  0  0  3668954  0  0  0  0  0  0  0  0  0  21  0  0  0  0  0  46  0  0  0  0  0  0  0 
1441645912  0  0  0  0  0  0  0  0  0  3668954  0  0  0  0  0  0  0  0  0  21  0  0  0  0  0  46  0  0  0  0  0  0  0 
1441645913  0  0  0  0  0  0  0  0  0  3668954  0  0  0  0  0  0  0  0  0  21  0  0  0  0  0  46  0  0  0  0  0  0  0 
1441645913  0  0  0  0  0  0  0  0  0  3668954  0  0  0  0  0  0  0  0  0  21  0  0  0  0  0  46  0  0  0  0  0  0  0 
1441645914  0  0  0  0  0  0  0  0  0  3668954  0  0  0  0  0  0  0  0  0  21  0  0  0  0  0  46  0  0  0  0  0  0  0 
1441645914  0  0  0  0  0  0  0  0  0  3668954  0  0  0  0  0  0  0  0  0  21  0  0  0  0  0  46  0  0  0  0  0  0  0 
1441645915  0  0  0  0  0  0  0  0  0  3668954  0  0  0  0  0  0  0  0  0  21  0  0  0  0  0  46  0  0  0  0  0  0  0 
1441645915  0  0  0  0  0  0  0  0  0  3668954  0  0  0  0  0  0  0  0  0  21  0  0  0  0  0  46  0  0  0  0  0  0  0 
1441645916  0  0  0  0  0  0  0  0  0  3668954  0  0  0  0  0  0  0  0  0  21  0  0  0  0  0  46  0  0  0  0  0  0  0 
1441645916  0  0  0  0  0  0  0  0  0  3668954  0  0  0  0  0  0  0  0  0  21  0  0  0  0  0  46  0  0  0  0  0  0  0 
1441645917  0  0  0  0  0  0  0  0  0  3668954  0  0  0  0  0  0  0  0  0  21  0  0  0  0  0  46  0  0  0  0  0  0  0 
1441645917  0  0  0  0  0  0  0  0  0  3668954  0  0  0  0  0  0  0  0  0  21  0  0  0  0  0  46  0  0  0  0  0  0  0 
1441645918  0  0  0  0  0  0  0  0  0  3668954  0  0  0  0  0  0  0  0  0  21  0  0  0  0  0  46  0  0  0  0  0  0  0 
1441645918  0  0  0  0  0  0  0  0  0  3668954  0  0  0  0  0  0  0  0  0  21  0  0  0  0  0  46  0  0  0  0  0  0  0 
1441645919  0  0  0  0  0  0  0  0  0  3668954  0  0  0  0  0  0  0  0  0  21  0  0  0  0  0  46  0  0  0  0  0  0  0 
1441645919  0  0  0  0  0  0  0  0  0  3668954  0  0  0  0  0  0  0  0  0  21  0  0  0  0  0  46  0  0  0  0  0  0  0 
1441645920  0  0  0  0  0  0  0  0  0  3668954  0  0  0  0  0  0  0  0  0  21  0  0  0  0  0  46  0  0  0  0  0  0  0 
1441645920  0  0  0  0  0  0  0  0  0  3668954  0  0  0  0  0  0  0  0  0  21  0  0  0  0  0  46  0  0  0  0  0  0  0 
1441645921  0  0  0  0  0  0  0  0  0  3677865  0  0  0  0  0  0  0  0  0  21  0  0  0  0  0  47  0  8911  0  0  0  0  0 
1441645922  0  0  0  0  0  0  0  0  0  3677865  0  0  0  0  0  0  0  0  0  21  0  0  0  0  0  47  0  0  0  0  0  0  0 
1441645922  0  0  0  0  0  0  0  0  0  3677865  0  0  0  0  0  0  0  0  0  21  0  0  0  0  0  47  0  0  0  0  0  0  0 
1441645923  0  0  0  0  0  0  0  0  0  3677865  0  0  0  0  0  0  0  0  0  21  0  0  0  0  0  47  0  0  0  0  0  0  0 
1441645923  0  0  0  0  0  0  0  0  0  3677865  0  0  0  0  0  0  0  0  0  21  0  0  0  0  0  47  0  0  0  0  0  0  0 
1441645924  0  0  0  0  0  0  0  0  0  3677865  0  0  0  0  0  0  0  0  0  21  0  0  0  0  0  47  0  0  0  0  0  0  0 
1441645924  0  0  0  0  0  0  0  0  0  3677865  0  0  0  0  0  0  0  0  0  21  0  0  0  0  0  47  0  0  0  0  0  0  0 
1441645925  0  0  0  0  0  0  0  0  0  3677865  0  0  0  0  0  0  0  0  0  21  0  0  0  0  0  47  0  0  0  0  0  0  0 
1441645925  0  0  0  0  0  0  0  0  0  3677865  0  0  0  0  0  0  0  0  0  21  0  0  0  0  0  47  0  0  0  0  0  0  0 
1441645926  0  0  0  0  0  0  0  0  0  3677865  0  0  0  0  0  0  0  0  0  21  0  0  0  0  0  47  0  0  0  0  0  0  0 
1441645926  0  0  0  0  0  0  0  0  0  3677865  0  0  0  0  0  0  0  0  0  21  0  0  0  0  0  47  0  0  0  0  0  0  0 
1441645927  0  0  0  0  0  0  0  0  0  3677865  0  0  0  0  0  0  0  0  0  21  0  0  0  0  0  47  0  0  0  0  0  0  0 
1441645927  0  0  0  0  0  0  0  0  0  3677865  0  0  0  0  0  0  0  0  0  21  0  0  0  0  0  47  0  0  0  0  0  0  0 
1441645928  0  0  0  0  0  0  0  0  0  3677865  0  0  0  0  0  0  0  0  0  21  0  0  0  0  0  47  0  0  0  0  0  0  0 
1441645928  0  0  0  0  0  0  0  0  0  3677865  0  0  0  0  0  0  0  0  0  21  0  0  0  0  0  47  0  0  0  0  0  0  0 
1441645929  0  0  0  0  0  0  0  0  0  3677865  0  0  0  0  0  0  0  0  0  21  0  0  0  0  0  47  0  0  0  0  0  0  0 
1441645929  0  0  0  0  0  0  0  0  0  3677865  0  0  0  0  0  0  0  0  0  21  0  0  0  0  0  47  0  0  0  0  0  0  0 
1441645930  0  0  0  0  0  0  0  0  0  3677865  0  0  0  0  0  0  0  0  0  21  0  0  0  0  0  47  0  0  0  0  0  0  0 
1441645930  0  0  0  0  0  0  0  0  0  3677865  0  0  0  0  0  0  0  0  0  21  0  0  0  0  0  47  0  0  0  0  0  0  0 
1441645931  0  0  0  0  0  0  0  0  0  3677865  0  0  0  0  0  0  0  0  0  21  0  0  0  0  0  47  0  0  0  0  0  0  0 
1441645931  0  0  0  0  0  0  0  0  0  3680439  0  0  0  0  0  0  0  0  0  21  0  0  0  0  0  48  0  2574  0  0  0  0  0 
1441645932  0  0  0  0  0  0  0  0  0  3680439  0  0  0  0  0  0  0  0  0  21  0  0  0  0  0  48  0  0  0  0  0  0  0 
1441645932  0  0  0  0  0  0  0  0  0  3680439  0  0  0  0  0  0  0  0  0  21  0  0  0  0  0  48  0  0  0  0  0  0  0 
1441645933  0  0  0  0  0  0  0  0  0  3680439  0  0  0  0  0  0  0  0  0  21  0  0  0  0  0  48  0  0  0  0  0  0  0 
1441645933  0  0  0  0  0  0  0  0  0  3680439  0  0  0  0  0  0  0  0  0  21  0  0  0  0  0  48  0  0  0  0  0  0  0 
1441645934  0  0  0  0  0  0  0  0  0  3680439  0  0  0  0  0  0  0  0  0  21  0  0  0  0  0  48  0  0  0  0  0  0  0 
1441645934  0  0  0  0  0  0  0  0  0  3680439  0  0  0  0  0  0  0  0  0  21  0  0  0  0  0  48  0  0  0  0  0  0  0 
1441645935  0  0  0  0  0  0  0  0  0  3680439  0  0  0  0  0  0  0  0  0  21  0  0  0  0  0  48  0  0  0  0  0  0  0 
1441645935  0  0  0  0  0  0  0  0  0  3680439  0  0  0  0  0  0  0  0  0  21  0  0  0  0  0  48  0  0  0  0  0  0  0 
1441645936  0  0  0  0  0  0  0  0  0  3680439  0  0  0  0  0  0  0  0  0  21  0  0  0  0  0  48  0  0  0  0  0  0  0 
1441645936  0  0  0  0  0  0  0  0  0  3680439  0  0  0  0  0  0  0  0  0  21  0  0  0  0  0  48  0  0  0  0  0  0  0 
1441645937  0  0  0  0  0  0  0  0  0  3680439  0  0  0  0  0  0  0  0  0  21  0  0  0  0  0  48  0  0  0  0  0  0  0 
1441645937  0  0  0  0  0  0  0  0  0  3680439  0  0  0  0  0  0  0  0  0  21  0  0  0  0  0  48  0  0  0  0  0  0  0 
1441645938  0  0  0  0  0  0  0  0  0  3680439  0  0  0  0  0  0  0  0  0  21  0  0  0  0  0  48  0  0  0  0  0  0  0 
1441645938  0  0  0  0  0  0  0  0  0  3680439  0  0  0  0  0  0  0  0  0  21  0  0  0  0  0  48  0  0  0  0  0  0  0 
1441645939  0  0  0  0  0  0  0  0  0  3680439  0  0  0  0  0  0  0  0  0  21  0  0  0  0  0  48  0  0  0  0  0  0  0 
1441645939  0  0  0  0  0  0  0  0  0  3680439  0  0  0  0  0  0  0  0  0  21  0  0  0  0  0  48  0  0  0  0  0  0  0 
1441645940  0  0  0  0  0  0  0  0  0  3680439  0  0  0  0  0  0  0  0  0  21  0  0  0  0  0  48  0  0  0  0  0  0  0 
1441645940  0  0  0  0  0  0  0  0  0  3680439  0  0  0  0  0  0  0  0  0  21  0  0  0  0  0  48  0  0  0  0  0  0  0 
1441645941  0  0  0  0  0  0  0  0  0  3680439  0  0  0  0  0  0  0  0  0  21  0  0  0  0  0  48  0  0  0  0  0  0  0 
1441645941  0  0  0  0  0  0  0  0  0  3683158  0  0  0  0  0  0  0  0  0  21  0  0  0  0  0  49  0  2719  0  0  0  0  0 
1441645942  0  0  0  0  0  0  0  0  0  3683158  0  0  0  0  0  0  0  0  0  21  0  0  0  0  0  49  0  0  0  0  0  0  0 
1441645942  0  0  0  0  0  0  0  0  0  3683158  0  0  0  0  0  0  0  0  0  21  0  0  0  0  0  49  0  0  0  0  0  0  0 
1441645943  0  0  0  0  0  0  0  0  0  3683158  0  0  0  0  0  0  0  0  0  21  0  0  0  0  0  49  0  0  0  0  0  0  0 
1441645943  0  0  0  0  0  0  0  0  0  3683158  0  0  0  0  0  0  0  0  0  21  0  0  0  0  0  49  0  0  0  0  0  0  0 
1441645944  0  0  0  0  0  0  0  0  0  3683158  0  0  0  0  0  0  0  0  0  21  0  0  0  0  0  49  0  0  0  0  0  0  0 
1441645944  0  0  0  0  0  0  0  0  0  3683158  0  0  0  0  0  0  0  0  0  21  0  0  0  0  0  49  0  0  0  0  0  0  0 
1441645945  0  0  0  0  0  0  0  0  0  3683158  0  0  0  0  0  0  0  0  0  21  0  0  0  0  0  49  0  0  0  0  0  0  0 
1441645945  0  0  0  0  0  0  0  0  0  3683158  0  0  0  0  0  0  0  0  0  21  0  0  0  0  0  49  0  0  0  0  0  0  0 
1441645946  0  0  0  0  0  0  0  0  0  3683158  0  0  0  0  0  0  0  0  0  21  0  0  0  0  0  49  0  0  0  0  0  0  0 
1441645946  0  0  0  0  0  0  0  0  0  3683158  0  0  0  0  0  0  0  0  0  21  0  0  0  0  0  49  0  0  0  0  0  0  0 
1441645947  0  0  0  0  0  0  0  0  0  3683158  0  0  0  0  0  0  0  0  0  21  0  0  0  0  0  49  0  0  0  0  0  0  0 
1441645947  0  0  0  0  0  0  0  0  0  3683158  0  0  0  0  0  0  0  0  0  21  0  0  0  0  0  49  0  0  0  0  0  0  0 
1441645948  0  0  0  0  0  0  0  0  0  3683158  0  0  0  0  0  0  0  0  0  21  0  0  0  0  0  49  0  0  0  0  0  0  0 
1441645948  0  0  0  0  0  0  0  0  0  3683158  0  0  0  0  0  0  0  0  0  21  0  0  0  0  0  49  0  0  0  0  0  0  0 
1441645949  0  0  0  0  0  0  0  0  0  3683158  0  0  0  0  0  0  0  0  0  21  0  0  0  0  0  49  0  0  0  0  0  0  0 
1441645949  0  0  0  0  0  0  0  0  0  3683158  0  0  0  0  0  0  0  0  0  21  0  0  0  0  0  49  0  0  0  0  0  0  0 
1441645950  0  0  0  0  0  0  0  0  0  3683158  0  0  0  0  0  0  0  0  0  21  0  0  0  0  0  49  0  0  0  0  0  0  0 
1441645950  0  0  0  0  0  0  0  0  0  3683158  0  0  0  0  0  0  0  0  0  21  0  0  0  0  0  49  0  0  0  0  0  0  0 
1441645951  0  0  0  0  0  0  0  0  0  3685774  0  0  0  0  0  0  0  0  0  21  0  0  0  0  0  50  0  2616  0  0  0  0  0 
1441645951  0  0  0  0  0  0  0  0  0  3685774  0  0  0  0  0  0  0  0  0  21  0  0  0  0  0  50  0  0  0  0  0  0  0 
1441645952  0  0  0  0  0  0  0  0  0  3685774  0  0  0  0  0  0  0  0  0  21  0  0  0  0  0  50  0  0  0  0  0  0  0 
1441645952  0  0  0  0  0  0  0  0  0  3685774  0  0  0  0  0  0  0  0  0  21  0  0  0  0  0  50  0  0  0  0  0  0  0 
1441645953  0  0  0  0  0  0  0  0  0  3685774  0  0  0  0  0  0  0  0  0  21  0  0  0  0  0  50  0  0  0  0  0  0  0 
1441645953  0  0  0  0  0  0  0  0  0  3685774  0  0  0  0  0  0  0  0  0  21  0  0  0  0  0  50  0  0  0  0  0  0  0 
1441645954  0  0  0  0  0  0  0  0  0  3685774  0  0  0  0  0  0  0  0  0  21  0  0  0  0  0  50  0  0  0  0  0  0  0 
1441645954  0  0  0  0  0  0  0  0  0  3685774  0  0  0  0  0  0  0  0  0  21  0  0  0  0  0  50  0  0  0  0  0  0  0 
1441645955  0  0  0  0  0  0  0  0  0  3685774  0  0  0  0  0  0  0  0  0  21  0  0  0  0  0  50  0  0  0  0  0  0  0 
1441645955  0  0  0  0  0  0  0  0  0  3685774  0  0  0  0  0  0  0  0  0  21  0  0  0  0  0  50  0  0  0  0  0  0  0 
1441645956  0  0  0  0  0  0  0  0  0  3685774  0  0  0  0  0  0  0  0  0  21  0  0  0  0  0  50  0  0  0  0  0  0  0 
1441645956  0  0  0  0  0  0  0  0  0  3685774  0  0  0  0  0  0  0  0  0  21  0  0  0  0  0  50  0  0  0  0  0  0  0 
1441645957  0  0  0  0  0  0  0  0  0  3685774  0  0  0  0  0  0  0  0  0  21  0  0  0  0  0  50  0  0  0  0  0  0  0 
1441645957  0  0  0  0  0  0  0  0  0  3685774  0  0  0  0  0  0  0  0  0  21  0  0  0  0  0  50  0  0  0  0  0  0  0 
1441645958  0  0  0  0  0  0  0  0  0  3685774  0  0  0  0  0  0  0  0  0  21  0  0  0  0  0  50  0  0  0  0  0  0  0 
1441645958  0  0  0  0  0  0  0  0  0  3685774  0  0  0  0  0  0  0  0  0  21  0  0  0  0  0  50  0  0  0  0  0  0  0 
1441645959  0  0  0  0  0  0  0  0  0  3685774  0  0  0  0  0  0  0  0  0  21  0  0  0  0  0  50  0  0  0  0  0  0  0 
1441645959  0  0  0  0  0  0  0  0  0  3685774  0  0  0  0  0  0  0  0  0  21  0  0  0  0  0  50  0  0  0  0  0  0  0 
1441645960  0  0  0  0  0  0  0  0  0  3685774  0  0  0  0  0  0  0  0  0  21  0  0  0  0  0  50  0  0  0  0  0  0  0 
1441645961  0  0  0  0  0  0  0  0  0  3685774  0  0  0  0  0  0  0  0  0  21  0  0  0  0  0  50  0  0  0  0  0  0  0 
1441645961  0  0  0  0  0  0  0  0  0  3688357  0  0  0  0  0  0  0  0  0  21  0  0  0  0  0  51  0  2583  0  0  0  0  0 
1441645962  0  0  0  0  0  0  0  0  0  3688357  0  0  0  0  0  0  0  0  0  21  0  0  0  0  0  51  0  0  0  0  0  0  0 
1441645962  0  0  0  0  0  0  0  0  0  3688357  0  0  0  0  0  0  0  0  0  21  0  0  0  0  0  51  0  0  0  0  0  0  0 
1441645963  0  0  0  0  0  0  0  0  0  3688357  0  0  0  0  0  0  0  0  0  21  0  0  0  0  0  51  0  0  0  0  0  0  0 
1441645963  0  0  0  0  0  0  0  0  0  3688357  0  0  0  0  0  0  0  0  0  21  0  0  0  0  0  51  0  0  0  0  0  0  0 
1441645964  0  0  0  0  0  0  0  0  0  3688357  0  0  0  0  0  0  0  0  0  21  0  0  0  0  0  51  0  0  0  0  0  0  0 
1441645964  0  0  0  0  0  0  0  0  0  3688357  0  0  0  0  0  0  0  0  0  21  0  0  0  0  0  51  0  0  0  0  0  0  0 
1441645965  0  0  0  0  0  0  0  0  0  3688357  0  0  0  0  0  0  0  0  0  21  0  0  0  0  0  51  0  0  0  0  0  0  0 
1441645965  0  0  0  0  0  0  0  0  0  3688357  0  0  0  0  0  0  0  0  0  21  0  0  0  0  0  51  0  0  0  0  0  0  0 
1441645966  0  0  0  0  0  0  0  0  0  3688357  0  0  0  0  0  0  0  0  0  21  0  0  0  0  0  51  0  0  0  0  0  0  0 
1441645966  0  0  0  0  0  0  0  0  0  3688357  0  0  0  0  0  0  0  0  0  21  0  0  0  0  0  51  0  0  0  0  0  0  0 
1441645967  0  0  0  0  0  0  0  0  0  3688357  0  0  0  0  0  0  0  0  0  21  0  0  0  0  0  51  0  0  0  0  0  0  0 
1441645967  0  0  0  0  0  0  0  0  0  3688357  0  0  0  0  0  0  0  0  0  21  0  0  0  0  0  51  0  0  0  0  0  0  0 
1441645968  0  0  0  0  0  0  0  0  0  3688357  0  0  0  0  0  0  0  0  0  21  0  0  0  0  0  51  0  0  0  0  0  0  0 
1441645968  0  0  0  0  0  0  0  0  0  3688357  0  0  0  0  0  0  0  0  0  21  0  0  0  0  0  51  0  0  0  0  0  0  0 
1441645969  0  0  0  0  0  0  0  0  0  3688357  0  0  0  0  0  0  0  0  0  21  0  0  0  0  0  51  0  0  0  0  0  0  0 
1441645969  0  0  0  0  0  0  0  0  0  3688357  0  0  0  0  0  0  0  0  0  21  0  0  0  0  0  51  0  0  0  0  0  0  0 
1441645970  0  0  0  0  0  0  0  0  0  3688357  0  0  0  0  0  0  0  0  0  21  0  0  0  0  0  51  0  0  0  0  0  0  0 
1441645970  0  0  0  0  0  0  0  0  0  3688357  0  0  0  0  0  0  0  0  0  21  0  0  0  0  0  51  0  0  0  0  0  0  0 
1441645971  0  0  0  0  0  0  0  0  0  3688357  0  0  0  0  0  0  0  0  0  21  0  0  0  0  0  51  0  0  0  0  0  0  0 
1441645971  0  0  0  0  0  0  0  0  0  3699780  0  0  0  0  0  0  0  0  0  21  0  0  0  0  0  51  0  11423  0  0  0  0  0 
1441645972  0  0  0  0  0  0  0  0  0  3767010  0  0  0  0  0  0  0  0  0  25  0  0  0  0  0  64  0  67230  0  0  0  0  0 
1441645972  0  0  0  0  0  0  0  0  0  3777891  0  0  0  0  0  0  0  0  0  25  0  0  0  0  0  64  0  10881  0  0  0  0  0 
1441645973  0  0  0  0  0  0  0  0  0  3777891  0  0  0  0  0  0  0  0  0  25  0  0  0  0  0  64  0  0  0  0  0  0  0 
