#Type:X;CI:7;ww:0;ca:0;co:1;fr:0;Type:X;CI:7;PI:0;PT:EP;U0:0;U1:0;
#time  Pp  gt  gs  cn  cm  cb  Nc  Pc  cp  Tc  Nm  pr  ps  pt  px  pd  Pm  Om  fs  ft  Oc  Em  Gp  Ec  Ge  ot  os  Total_cycles_diff  Successful_get_diff  Total_get_diff  succ_put_diff  total_put_diff  get_hit  
1441646005  0  0  0  0  0  0  0  0  0  699125  0  0  0  0  0  0  0  0  0  0  0  0  0  0  0  0  0  699125  0  0  0  0  
1441646005  0  0  0  0  0  0  0  0  0  699125  0  0  0  0  0  0  0  0  0  0  0  0  0  0  0  0  0  0  0  0  0  0  0 
1441646006  0  0  0  0  0  0  0  0  0  1147742  0  0  0  0  0  0  0  0  0  0  0  0  0  0  0  0  0  448617  0  0  0  0  0 
1441646006  0  0  0  0  0  0  0  0  0  1447903  0  0  0  0  0  0  0  0  0  0  0  0  0  0  0  0  0  300161  0  0  0  0  0 
1441646007  0  0  0  0  0  0  0  0  0  1649394  0  0  0  0  0  0  0  0  0  0  0  0  0  0  0  0  0  201491  0  0  0  0  0 
1441646007  0  0  0  0  0  0  0  0  0  2050275  0  0  0  0  0  0  0  0  0  11  0  0  0  0  0  34  0  400881  0  0  0  0  0 
1441646008  0  0  0  0  0  0  0  0  0  2556385  0  0  0  0  0  0  0  0  0  15  0  0  0  0  0  41  0  506110  0  0  0  0  0 
1441646008  0  0  0  0  0  0  0  0  0  3310499  0  0  0  0  0  0  0  0  0  21  0  0  0  0  0  46  0  754114  0  0  0  0  0 
1441646009  0  0  0  0  0  0  0  0  0  3310499  0  0  0  0  0  0  0  0  0  21  0  0  0  0  0  46  0  0  0  0  0  0  0 
1441646009  0  0  0  0  0  0  0  0  0  3780363  0  0  0  0  0  0  0  0  0  21  0  0  0  0  0  46  0  469864  0  0  0  0  0 
1441646010  0  0  0  0  0  0  0  0  0  3780363  0  0  0  0  0  0  0  0  0  21  0  0  0  0  0  46  0  0  0  0  0  0  0 
1441646010  0  0  0  0  0  0  0  0  0  3780363  0  0  0  0  0  0  0  0  0  21  0  0  0  0  0  46  0  0  0  0  0  0  0 
1441646011  0  0  0  0  0  0  0  0  0  3780363  0  0  0  0  0  0  0  0  0  21  0  0  0  0  0  46  0  0  0  0  0  0  0 
1441646011  0  0  0  0  0  0  0  0  0  3780363  0  0  0  0  0  0  0  0  0  21  0  0  0  0  0  46  0  0  0  0  0  0  0 
1441646012  0  0  0  0  0  0  0  0  0  3780363  0  0  0  0  0  0  0  0  0  21  0  0  0  0  0  46  0  0  0  0  0  0  0 
1441646012  0  0  0  0  0  0  0  0  0  3780363  0  0  0  0  0  0  0  0  0  21  0  0  0  0  0  46  0  0  0  0  0  0  0 
1441646013  0  0  0  0  0  0  0  0  0  3780363  0  0  0  0  0  0  0  0  0  21  0  0  0  0  0  46  0  0  0  0  0  0  0 
1441646013  0  0  0  0  0  0  0  0  0  3780363  0  0  0  0  0  0  0  0  0  21  0  0  0  0  0  46  0  0  0  0  0  0  0 
1441646014  0  0  0  0  0  0  0  0  0  3780363  0  0  0  0  0  0  0  0  0  21  0  0  0  0  0  46  0  0  0  0  0  0  0 
1441646014  0  0  0  0  0  0  0  0  0  3780363  0  0  0  0  0  0  0  0  0  21  0  0  0  0  0  46  0  0  0  0  0  0  0 
1441646015  0  0  0  0  0  0  0  0  0  3780363  0  0  0  0  0  0  0  0  0  21  0  0  0  0  0  46  0  0  0  0  0  0  0 
1441646015  0  0  0  0  0  0  0  0  0  3780363  0  0  0  0  0  0  0  0  0  21  0  0  0  0  0  46  0  0  0  0  0  0  0 
1441646016  0  0  0  0  0  0  0  0  0  3780363  0  0  0  0  0  0  0  0  0  21  0  0  0  0  0  46  0  0  0  0  0  0  0 
1441646016  0  0  0  0  0  0  0  0  0  3780363  0  0  0  0  0  0  0  0  0  21  0  0  0  0  0  46  0  0  0  0  0  0  0 
1441646017  0  0  0  0  0  0  0  0  0  3780363  0  0  0  0  0  0  0  0  0  21  0  0  0  0  0  46  0  0  0  0  0  0  0 
1441646017  0  0  0  0  0  0  0  0  0  3780363  0  0  0  0  0  0  0  0  0  21  0  0  0  0  0  46  0  0  0  0  0  0  0 
1441646018  0  0  0  0  0  0  0  0  0  3780363  0  0  0  0  0  0  0  0  0  21  0  0  0  0  0  46  0  0  0  0  0  0  0 
1441646018  0  0  0  0  0  0  0  0  0  3780363  0  0  0  0  0  0  0  0  0  21  0  0  0  0  0  46  0  0  0  0  0  0  0 
1441646019  0  0  0  0  0  0  0  0  0  3780363  0  0  0  0  0  0  0  0  0  21  0  0  0  0  0  46  0  0  0  0  0  0  0 
1441646019  0  0  0  0  0  0  0  0  0  3780363  0  0  0  0  0  0  0  0  0  21  0  0  0  0  0  46  0  0  0  0  0  0  0 
1441646020  0  0  0  0  0  0  0  0  0  3780363  0  0  0  0  0  0  0  0  0  21  0  0  0  0  0  46  0  0  0  0  0  0  0 
1441646020  0  0  0  0  0  0  0  0  0  3780363  0  0  0  0  0  0  0  0  0  21  0  0  0  0  0  46  0  0  0  0  0  0  0 
1441646021  0  0  0  0  0  0  0  0  0  3780363  0  0  0  0  0  0  0  0  0  21  0  0  0  0  0  46  0  0  0  0  0  0  0 
1441646022  0  0  0  0  0  0  0  0  0  3780363  0  0  0  0  0  0  0  0  0  21  0  0  0  0  0  46  0  0  0  0  0  0  0 
1441646022  0  0  0  0  0  0  0  0  0  3780363  0  0  0  0  0  0  0  0  0  21  0  0  0  0  0  46  0  0  0  0  0  0  0 
1441646023  0  0  0  0  0  0  0  0  0  3780363  0  0  0  0  0  0  0  0  0  21  0  0  0  0  0  46  0  0  0  0  0  0  0 
1441646023  0  0  0  0  0  0  0  0  0  3780363  0  0  0  0  0  0  0  0  0  21  0  0  0  0  0  46  0  0  0  0  0  0  0 
1441646024  0  0  0  0  0  0  0  0  0  3780363  0  0  0  0  0  0  0  0  0  21  0  0  0  0  0  46  0  0  0  0  0  0  0 
1441646024  0  0  0  0  0  0  0  0  0  3780363  0  0  0  0  0  0  0  0  0  21  0  0  0  0  0  46  0  0  0  0  0  0  0 
1441646025  0  0  0  0  0  0  0  0  0  3780363  0  0  0  0  0  0  0  0  0  21  0  0  0  0  0  46  0  0  0  0  0  0  0 
1441646025  0  0  0  0  0  0  0  0  0  3780363  0  0  0  0  0  0  0  0  0  21  0  0  0  0  0  46  0  0  0  0  0  0  0 
1441646026  0  0  0  0  0  0  0  0  0  3780363  0  0  0  0  0  0  0  0  0  21  0  0  0  0  0  46  0  0  0  0  0  0  0 
1441646026  0  0  0  0  0  0  0  0  0  3780363  0  0  0  0  0  0  0  0  0  21  0  0  0  0  0  46  0  0  0  0  0  0  0 
1441646027  0  0  0  0  0  0  0  0  0  3780363  0  0  0  0  0  0  0  0  0  21  0  0  0  0  0  46  0  0  0  0  0  0  0 
1441646027  0  0  0  0  0  0  0  0  0  3780363  0  0  0  0  0  0  0  0  0  21  0  0  0  0  0  46  0  0  0  0  0  0  0 
1441646028  0  0  0  0  0  0  0  0  0  3780363  0  0  0  0  0  0  0  0  0  21  0  0  0  0  0  46  0  0  0  0  0  0  0 
1441646028  0  0  0  0  0  0  0  0  0  3780363  0  0  0  0  0  0  0  0  0  21  0  0  0  0  0  46  0  0  0  0  0  0  0 
1441646029  0  0  0  0  0  0  0  0  0  3780363  0  0  0  0  0  0  0  0  0  21  0  0  0  0  0  46  0  0  0  0  0  0  0 
1441646029  0  0  0  0  0  0  0  0  0  3780363  0  0  0  0  0  0  0  0  0  21  0  0  0  0  0  46  0  0  0  0  0  0  0 
1441646030  0  0  0  0  0  0  0  0  0  3780363  0  0  0  0  0  0  0  0  0  21  0  0  0  0  0  46  0  0  0  0  0  0  0 
1441646030  0  0  0  0  0  0  0  0  0  3780363  0  0  0  0  0  0  0  0  0  21  0  0  0  0  0  46  0  0  0  0  0  0  0 
1441646031  0  0  0  0  0  0  0  0  0  3780363  0  0  0  0  0  0  0  0  0  21  0  0  0  0  0  46  0  0  0  0  0  0  0 
1441646031  0  0  0  0  0  0  0  0  0  3780363  0  0  0  0  0  0  0  0  0  21  0  0  0  0  0  46  0  0  0  0  0  0  0 
1441646032  0  0  0  0  0  0  0  0  0  3780363  0  0  0  0  0  0  0  0  0  21  0  0  0  0  0  46  0  0  0  0  0  0  0 
1441646032  0  0  0  0  0  0  0  0  0  3780363  0  0  0  0  0  0  0  0  0  21  0  0  0  0  0  46  0  0  0  0  0  0  0 
1441646033  0  0  0  0  0  0  0  0  0  3780363  0  0  0  0  0  0  0  0  0  21  0  0  0  0  0  46  0  0  0  0  0  0  0 
1441646033  0  0  0  0  0  0  0  0  0  3780363  0  0  0  0  0  0  0  0  0  21  0  0  0  0  0  46  0  0  0  0  0  0  0 
1441646034  0  0  0  0  0  0  0  0  0  3780363  0  0  0  0  0  0  0  0  0  21  0  0  0  0  0  46  0  0  0  0  0  0  0 
1441646034  0  0  0  0  0  0  0  0  0  3780363  0  0  0  0  0  0  0  0  0  21  0  0  0  0  0  46  0  0  0  0  0  0  0 
1441646035  0  0  0  0  0  0  0  0  0  3780363  0  0  0  0  0  0  0  0  0  21  0  0  0  0  0  46  0  0  0  0  0  0  0 
1441646035  0  0  0  0  0  0  0  0  0  3780363  0  0  0  0  0  0  0  0  0  21  0  0  0  0  0  46  0  0  0  0  0  0  0 
1441646036  0  0  0  0  0  0  0  0  0  3780363  0  0  0  0  0  0  0  0  0  21  0  0  0  0  0  46  0  0  0  0  0  0  0 
1441646036  0  0  0  0  0  0  0  0  0  3780363  0  0  0  0  0  0  0  0  0  21  0  0  0  0  0  46  0  0  0  0  0  0  0 
1441646037  0  0  0  0  0  0  0  0  0  3780363  0  0  0  0  0  0  0  0  0  21  0  0  0  0  0  46  0  0  0  0  0  0  0 
1441646037  0  0  0  0  0  0  0  0  0  3780363  0  0  0  0  0  0  0  0  0  21  0  0  0  0  0  46  0  0  0  0  0  0  0 
1441646038  0  0  0  0  0  0  0  0  0  3780363  0  0  0  0  0  0  0  0  0  21  0  0  0  0  0  46  0  0  0  0  0  0  0 
1441646038  0  0  0  0  0  0  0  0  0  3780363  0  0  0  0  0  0  0  0  0  21  0  0  0  0  0  46  0  0  0  0  0  0  0 
1441646039  0  0  0  0  0  0  0  0  0  3780363  0  0  0  0  0  0  0  0  0  21  0  0  0  0  0  46  0  0  0  0  0  0  0 
1441646039  0  0  0  0  0  0  0  0  0  3780363  0  0  0  0  0  0  0  0  0  21  0  0  0  0  0  46  0  0  0  0  0  0  0 
1441646040  0  0  0  0  0  0  0  0  0  3780363  0  0  0  0  0  0  0  0  0  21  0  0  0  0  0  46  0  0  0  0  0  0  0 
1441646040  0  0  0  0  0  0  0  0  0  3780363  0  0  0  0  0  0  0  0  0  21  0  0  0  0  0  46  0  0  0  0  0  0  0 
1441646041  0  0  0  0  0  0  0  0  0  3780363  0  0  0  0  0  0  0  0  0  21  0  0  0  0  0  46  0  0  0  0  0  0  0 
1441646041  0  0  0  0  0  0  0  0  0  3780363  0  0  0  0  0  0  0  0  0  21  0  0  0  0  0  46  0  0  0  0  0  0  0 
1441646042  0  0  0  0  0  0  0  0  0  3780363  0  0  0  0  0  0  0  0  0  21  0  0  0  0  0  46  0  0  0  0  0  0  0 
1441646042  0  0  0  0  0  0  0  0  0  3780363  0  0  0  0  0  0  0  0  0  21  0  0  0  0  0  46  0  0  0  0  0  0  0 
1441646043  0  0  0  0  0  0  0  0  0  3780363  0  0  0  0  0  0  0  0  0  21  0  0  0  0  0  46  0  0  0  0  0  0  0 
1441646043  0  0  0  0  0  0  0  0  0  3780363  0  0  0  0  0  0  0  0  0  21  0  0  0  0  0  46  0  0  0  0  0  0  0 
1441646044  0  0  0  0  0  0  0  0  0  3780363  0  0  0  0  0  0  0  0  0  21  0  0  0  0  0  46  0  0  0  0  0  0  0 
1441646044  0  0  0  0  0  0  0  0  0  3780363  0  0  0  0  0  0  0  0  0  21  0  0  0  0  0  46  0  0  0  0  0  0  0 
1441646045  0  0  0  0  0  0  0  0  0  3780363  0  0  0  0  0  0  0  0  0  21  0  0  0  0  0  46  0  0  0  0  0  0  0 
1441646045  0  0  0  0  0  0  0  0  0  3780363  0  0  0  0  0  0  0  0  0  21  0  0  0  0  0  46  0  0  0  0  0  0  0 
1441646046  0  0  0  0  0  0  0  0  0  3780363  0  0  0  0  0  0  0  0  0  21  0  0  0  0  0  46  0  0  0  0  0  0  0 
1441646046  0  0  0  0  0  0  0  0  0  3780363  0  0  0  0  0  0  0  0  0  21  0  0  0  0  0  46  0  0  0  0  0  0  0 
1441646047  0  0  0  0  0  0  0  0  0  3780363  0  0  0  0  0  0  0  0  0  21  0  0  0  0  0  46  0  0  0  0  0  0  0 
1441646047  0  0  0  0  0  0  0  0  0  3780363  0  0  0  0  0  0  0  0  0  21  0  0  0  0  0  46  0  0  0  0  0  0  0 
1441646048  0  0  0  0  0  0  0  0  0  3780363  0  0  0  0  0  0  0  0  0  21  0  0  0  0  0  46  0  0  0  0  0  0  0 
1441646048  0  0  0  0  0  0  0  0  0  3780363  0  0  0  0  0  0  0  0  0  21  0  0  0  0  0  46  0  0  0  0  0  0  0 
1441646049  0  0  0  0  0  0  0  0  0  3780363  0  0  0  0  0  0  0  0  0  21  0  0  0  0  0  46  0  0  0  0  0  0  0 
1441646049  0  0  0  0  0  0  0  0  0  3780363  0  0  0  0  0  0  0  0  0  21  0  0  0  0  0  46  0  0  0  0  0  0  0 
1441646050  0  0  0  0  0  0  0  0  0  3780363  0  0  0  0  0  0  0  0  0  21  0  0  0  0  0  46  0  0  0  0  0  0  0 
1441646050  0  0  0  0  0  0  0  0  0  3780363  0  0  0  0  0  0  0  0  0  21  0  0  0  0  0  46  0  0  0  0  0  0  0 
1441646051  0  0  0  0  0  0  0  0  0  3780363  0  0  0  0  0  0  0  0  0  21  0  0  0  0  0  46  0  0  0  0  0  0  0 
1441646051  0  0  0  0  0  0  0  0  0  3780363  0  0  0  0  0  0  0  0  0  21  0  0  0  0  0  46  0  0  0  0  0  0  0 
1441646052  0  0  0  0  0  0  0  0  0  3780363  0  0  0  0  0  0  0  0  0  21  0  0  0  0  0  46  0  0  0  0  0  0  0 
1441646052  0  0  0  0  0  0  0  0  0  3780363  0  0  0  0  0  0  0  0  0  21  0  0  0  0  0  46  0  0  0  0  0  0  0 
1441646053  0  0  0  0  0  0  0  0  0  3780363  0  0  0  0  0  0  0  0  0  21  0  0  0  0  0  46  0  0  0  0  0  0  0 
1441646053  0  0  0  0  0  0  0  0  0  3780363  0  0  0  0  0  0  0  0  0  21  0  0  0  0  0  46  0  0  0  0  0  0  0 
1441646054  0  0  0  0  0  0  0  0  0  3780363  0  0  0  0  0  0  0  0  0  21  0  0  0  0  0  46  0  0  0  0  0  0  0 
1441646054  0  0  0  0  0  0  0  0  0  3780363  0  0  0  0  0  0  0  0  0  21  0  0  0  0  0  46  0  0  0  0  0  0  0 
1441646055  0  0  0  0  0  0  0  0  0  3780363  0  0  0  0  0  0  0  0  0  21  0  0  0  0  0  46  0  0  0  0  0  0  0 
1441646055  0  0  0  0  0  0  0  0  0  3780363  0  0  0  0  0  0  0  0  0  21  0  0  0  0  0  46  0  0  0  0  0  0  0 
1441646056  0  0  0  0  0  0  0  0  0  3780363  0  0  0  0  0  0  0  0  0  21  0  0  0  0  0  46  0  0  0  0  0  0  0 
1441646056  0  0  0  0  0  0  0  0  0  3780363  0  0  0  0  0  0  0  0  0  21  0  0  0  0  0  46  0  0  0  0  0  0  0 
1441646057  0  0  0  0  0  0  0  0  0  3780363  0  0  0  0  0  0  0  0  0  21  0  0  0  0  0  46  0  0  0  0  0  0  0 
1441646057  0  0  0  0  0  0  0  0  0  3780363  0  0  0  0  0  0  0  0  0  21  0  0  0  0  0  46  0  0  0  0  0  0  0 
1441646058  0  0  0  0  0  0  0  0  0  3780363  0  0  0  0  0  0  0  0  0  21  0  0  0  0  0  46  0  0  0  0  0  0  0 
1441646058  0  0  0  0  0  0  0  0  0  3780363  0  0  0  0  0  0  0  0  0  21  0  0  0  0  0  46  0  0  0  0  0  0  0 
1441646059  0  0  0  0  0  0  0  0  0  3780363  0  0  0  0  0  0  0  0  0  21  0  0  0  0  0  46  0  0  0  0  0  0  0 
1441646059  0  0  0  0  0  0  0  0  0  3780363  0  0  0  0  0  0  0  0  0  21  0  0  0  0  0  46  0  0  0  0  0  0  0 
1441646060  0  0  0  0  0  0  0  0  0  3780363  0  0  0  0  0  0  0  0  0  21  0  0  0  0  0  46  0  0  0  0  0  0  0 
1441646060  0  0  0  0  0  0  0  0  0  3780363  0  0  0  0  0  0  0  0  0  21  0  0  0  0  0  46  0  0  0  0  0  0  0 
1441646061  0  0  0  0  0  0  0  0  0  3780363  0  0  0  0  0  0  0  0  0  21  0  0  0  0  0  46  0  0  0  0  0  0  0 
1441646061  0  0  0  0  0  0  0  0  0  3780363  0  0  0  0  0  0  0  0  0  21  0  0  0  0  0  46  0  0  0  0  0  0  0 
1441646062  0  0  0  0  0  0  0  0  0  3780363  0  0  0  0  0  0  0  0  0  21  0  0  0  0  0  46  0  0  0  0  0  0  0 
1441646062  0  0  0  0  0  0  0  0  0  3787538  0  0  0  0  0  0  0  0  0  21  0  0  0  0  0  47  0  7175  0  0  0  0  0 
1441646063  0  0  0  0  0  0  0  0  0  3787538  0  0  0  0  0  0  0  0  0  21  0  0  0  0  0  47  0  0  0  0  0  0  0 
1441646063  0  0  0  0  0  0  0  0  0  3787538  0  0  0  0  0  0  0  0  0  21  0  0  0  0  0  47  0  0  0  0  0  0  0 
1441646064  0  0  0  0  0  0  0  0  0  3787538  0  0  0  0  0  0  0  0  0  21  0  0  0  0  0  47  0  0  0  0  0  0  0 
1441646064  0  0  0  0  0  0  0  0  0  3787538  0  0  0  0  0  0  0  0  0  21  0  0  0  0  0  47  0  0  0  0  0  0  0 
1441646065  0  0  0  0  0  0  0  0  0  3787538  0  0  0  0  0  0  0  0  0  21  0  0  0  0  0  47  0  0  0  0  0  0  0 
1441646065  0  0  0  0  0  0  0  0  0  3787538  0  0  0  0  0  0  0  0  0  21  0  0  0  0  0  47  0  0  0  0  0  0  0 
1441646066  0  0  0  0  0  0  0  0  0  3787538  0  0  0  0  0  0  0  0  0  21  0  0  0  0  0  47  0  0  0  0  0  0  0 
1441646066  0  0  0  0  0  0  0  0  0  3787538  0  0  0  0  0  0  0  0  0  21  0  0  0  0  0  47  0  0  0  0  0  0  0 
1441646067  0  0  0  0  0  0  0  0  0  3787538  0  0  0  0  0  0  0  0  0  21  0  0  0  0  0  47  0  0  0  0  0  0  0 
1441646067  0  0  0  0  0  0  0  0  0  3787538  0  0  0  0  0  0  0  0  0  21  0  0  0  0  0  47  0  0  0  0  0  0  0 
1441646068  0  0  0  0  0  0  0  0  0  3787538  0  0  0  0  0  0  0  0  0  21  0  0  0  0  0  47  0  0  0  0  0  0  0 
1441646069  0  0  0  0  0  0  0  0  0  3787538  0  0  0  0  0  0  0  0  0  21  0  0  0  0  0  47  0  0  0  0  0  0  0 
1441646069  0  0  0  0  0  0  0  0  0  3787538  0  0  0  0  0  0  0  0  0  21  0  0  0  0  0  47  0  0  0  0  0  0  0 
1441646070  0  0  0  0  0  0  0  0  0  3787538  0  0  0  0  0  0  0  0  0  21  0  0  0  0  0  47  0  0  0  0  0  0  0 
1441646070  0  0  0  0  0  0  0  0  0  3787538  0  0  0  0  0  0  0  0  0  21  0  0  0  0  0  47  0  0  0  0  0  0  0 
1441646071  0  0  0  0  0  0  0  0  0  3787538  0  0  0  0  0  0  0  0  0  21  0  0  0  0  0  47  0  0  0  0  0  0  0 
1441646071  0  0  0  0  0  0  0  0  0  3787538  0  0  0  0  0  0  0  0  0  21  0  0  0  0  0  47  0  0  0  0  0  0  0 
1441646072  0  0  0  0  0  0  0  0  0  3787538  0  0  0  0  0  0  0  0  0  21  0  0  0  0  0  47  0  0  0  0  0  0  0 
1441646072  0  0  0  0  0  0  0  0  0  3790402  0  0  0  0  0  0  0  0  0  21  0  0  0  0  0  48  0  2864  0  0  0  0  0 
1441646073  0  0  0  0  0  0  0  0  0  3790402  0  0  0  0  0  0  0  0  0  21  0  0  0  0  0  48  0  0  0  0  0  0  0 
1441646073  0  0  0  0  0  0  0  0  0  3790402  0  0  0  0  0  0  0  0  0  21  0  0  0  0  0  48  0  0  0  0  0  0  0 
1441646074  0  0  0  0  0  0  0  0  0  3790402  0  0  0  0  0  0  0  0  0  21  0  0  0  0  0  48  0  0  0  0  0  0  0 
1441646074  0  0  0  0  0  0  0  0  0  3790402  0  0  0  0  0  0  0  0  0  21  0  0  0  0  0  48  0  0  0  0  0  0  0 
1441646075  0  0  0  0  0  0  0  0  0  3790402  0  0  0  0  0  0  0  0  0  21  0  0  0  0  0  48  0  0  0  0  0  0  0 
1441646075  0  0  0  0  0  0  0  0  0  3790402  0  0  0  0  0  0  0  0  0  21  0  0  0  0  0  48  0  0  0  0  0  0  0 
1441646076  0  0  0  0  0  0  0  0  0  3790402  0  0  0  0  0  0  0  0  0  21  0  0  0  0  0  48  0  0  0  0  0  0  0 
1441646076  0  0  0  0  0  0  0  0  0  3790402  0  0  0  0  0  0  0  0  0  21  0  0  0  0  0  48  0  0  0  0  0  0  0 
1441646077  0  0  0  0  0  0  0  0  0  3790402  0  0  0  0  0  0  0  0  0  21  0  0  0  0  0  48  0  0  0  0  0  0  0 
1441646077  0  0  0  0  0  0  0  0  0  3790402  0  0  0  0  0  0  0  0  0  21  0  0  0  0  0  48  0  0  0  0  0  0  0 
1441646078  0  0  0  0  0  0  0  0  0  3790402  0  0  0  0  0  0  0  0  0  21  0  0  0  0  0  48  0  0  0  0  0  0  0 
1441646078  0  0  0  0  0  0  0  0  0  3790402  0  0  0  0  0  0  0  0  0  21  0  0  0  0  0  48  0  0  0  0  0  0  0 
1441646079  0  0  0  0  0  0  0  0  0  3790402  0  0  0  0  0  0  0  0  0  21  0  0  0  0  0  48  0  0  0  0  0  0  0 
1441646079  0  0  0  0  0  0  0  0  0  3790402  0  0  0  0  0  0  0  0  0  21  0  0  0  0  0  48  0  0  0  0  0  0  0 
1441646080  0  0  0  0  0  0  0  0  0  3790402  0  0  0  0  0  0  0  0  0  21  0  0  0  0  0  48  0  0  0  0  0  0  0 
1441646080  0  0  0  0  0  0  0  0  0  3790402  0  0  0  0  0  0  0  0  0  21  0  0  0  0  0  48  0  0  0  0  0  0  0 
1441646081  0  0  0  0  0  0  0  0  0  3790402  0  0  0  0  0  0  0  0  0  21  0  0  0  0  0  48  0  0  0  0  0  0  0 
1441646081  0  0  0  0  0  0  0  0  0  3790402  0  0  0  0  0  0  0  0  0  21  0  0  0  0  0  48  0  0  0  0  0  0  0 
1441646082  0  0  0  0  0  0  0  0  0  3790402  0  0  0  0  0  0  0  0  0  21  0  0  0  0  0  48  0  0  0  0  0  0  0 
1441646082  0  0  0  0  0  0  0  0  0  3792937  0  0  0  0  0  0  0  0  0  21  0  0  0  0  0  49  0  2535  0  0  0  0  0 
1441646083  0  0  0  0  0  0  0  0  0  3792937  0  0  0  0  0  0  0  0  0  21  0  0  0  0  0  49  0  0  0  0  0  0  0 
1441646083  0  0  0  0  0  0  0  0  0  3792937  0  0  0  0  0  0  0  0  0  21  0  0  0  0  0  49  0  0  0  0  0  0  0 
1441646084  0  0  0  0  0  0  0  0  0  3792937  0  0  0  0  0  0  0  0  0  21  0  0  0  0  0  49  0  0  0  0  0  0  0 
1441646084  0  0  0  0  0  0  0  0  0  3792937  0  0  0  0  0  0  0  0  0  21  0  0  0  0  0  49  0  0  0  0  0  0  0 
1441646085  0  0  0  0  0  0  0  0  0  3792937  0  0  0  0  0  0  0  0  0  21  0  0  0  0  0  49  0  0  0  0  0  0  0 
1441646085  0  0  0  0  0  0  0  0  0  3792937  0  0  0  0  0  0  0  0  0  21  0  0  0  0  0  49  0  0  0  0  0  0  0 
1441646086  0  0  0  0  0  0  0  0  0  3792937  0  0  0  0  0  0  0  0  0  21  0  0  0  0  0  49  0  0  0  0  0  0  0 
1441646086  0  0  0  0  0  0  0  0  0  3792937  0  0  0  0  0  0  0  0  0  21  0  0  0  0  0  49  0  0  0  0  0  0  0 
1441646087  0  0  0  0  0  0  0  0  0  3792937  0  0  0  0  0  0  0  0  0  21  0  0  0  0  0  49  0  0  0  0  0  0  0 
1441646087  0  0  0  0  0  0  0  0  0  3792937  0  0  0  0  0  0  0  0  0  21  0  0  0  0  0  49  0  0  0  0  0  0  0 
1441646088  0  0  0  0  0  0  0  0  0  3792937  0  0  0  0  0  0  0  0  0  21  0  0  0  0  0  49  0  0  0  0  0  0  0 
1441646088  0  0  0  0  0  0  0  0  0  3792937  0  0  0  0  0  0  0  0  0  21  0  0  0  0  0  49  0  0  0  0  0  0  0 
1441646089  0  0  0  0  0  0  0  0  0  3792937  0  0  0  0  0  0  0  0  0  21  0  0  0  0  0  49  0  0  0  0  0  0  0 
1441646089  0  0  0  0  0  0  0  0  0  3792937  0  0  0  0  0  0  0  0  0  21  0  0  0  0  0  49  0  0  0  0  0  0  0 
1441646090  0  0  0  0  0  0  0  0  0  3792937  0  0  0  0  0  0  0  0  0  21  0  0  0  0  0  49  0  0  0  0  0  0  0 
1441646090  0  0  0  0  0  0  0  0  0  3792937  0  0  0  0  0  0  0  0  0  21  0  0  0  0  0  49  0  0  0  0  0  0  0 
1441646091  0  0  0  0  0  0  0  0  0  3792937  0  0  0  0  0  0  0  0  0  21  0  0  0  0  0  49  0  0  0  0  0  0  0 
1441646091  0  0  0  0  0  0  0  0  0  3792937  0  0  0  0  0  0  0  0  0  21  0  0  0  0  0  49  0  0  0  0  0  0  0 
1441646092  0  0  0  0  0  0  0  0  0  3792937  0  0  0  0  0  0  0  0  0  21  0  0  0  0  0  49  0  0  0  0  0  0  0 
1441646092  0  0  0  0  0  0  0  0  0  3796424  0  0  0  0  0  0  0  0  0  21  0  0  0  0  0  50  0  3487  0  0  0  0  0 
1441646093  0  0  0  0  0  0  0  0  0  3796424  0  0  0  0  0  0  0  0  0  21  0  0  0  0  0  50  0  0  0  0  0  0  0 
1441646093  0  0  0  0  0  0  0  0  0  3796424  0  0  0  0  0  0  0  0  0  21  0  0  0  0  0  50  0  0  0  0  0  0  0 
1441646094  0  0  0  0  0  0  0  0  0  3796424  0  0  0  0  0  0  0  0  0  21  0  0  0  0  0  50  0  0  0  0  0  0  0 
1441646094  0  0  0  0  0  0  0  0  0  3796424  0  0  0  0  0  0  0  0  0  21  0  0  0  0  0  50  0  0  0  0  0  0  0 
1441646095  0  0  0  0  0  0  0  0  0  3796424  0  0  0  0  0  0  0  0  0  21  0  0  0  0  0  50  0  0  0  0  0  0  0 
1441646095  0  0  0  0  0  0  0  0  0  3796424  0  0  0  0  0  0  0  0  0  21  0  0  0  0  0  50  0  0  0  0  0  0  0 
1441646096  0  0  0  0  0  0  0  0  0  3796424  0  0  0  0  0  0  0  0  0  21  0  0  0  0  0  50  0  0  0  0  0  0  0 
1441646096  0  0  0  0  0  0  0  0  0  3796424  0  0  0  0  0  0  0  0  0  21  0  0  0  0  0  50  0  0  0  0  0  0  0 
1441646097  0  0  0  0  0  0  0  0  0  3796424  0  0  0  0  0  0  0  0  0  21  0  0  0  0  0  50  0  0  0  0  0  0  0 
1441646097  0  0  0  0  0  0  0  0  0  3796424  0  0  0  0  0  0  0  0  0  21  0  0  0  0  0  50  0  0  0  0  0  0  0 
1441646098  0  0  0  0  0  0  0  0  0  3796424  0  0  0  0  0  0  0  0  0  21  0  0  0  0  0  50  0  0  0  0  0  0  0 
1441646098  0  0  0  0  0  0  0  0  0  3796424  0  0  0  0  0  0  0  0  0  21  0  0  0  0  0  50  0  0  0  0  0  0  0 
1441646099  0  0  0  0  0  0  0  0  0  3796424  0  0  0  0  0  0  0  0  0  21  0  0  0  0  0  50  0  0  0  0  0  0  0 
1441646099  0  0  0  0  0  0  0  0  0  3796424  0  0  0  0  0  0  0  0  0  21  0  0  0  0  0  50  0  0  0  0  0  0  0 
1441646100  0  0  0  0  0  0  0  0  0  3796424  0  0  0  0  0  0  0  0  0  21  0  0  0  0  0  50  0  0  0  0  0  0  0 
1441646100  0  0  0  0  0  0  0  0  0  3796424  0  0  0  0  0  0  0  0  0  21  0  0  0  0  0  50  0  0  0  0  0  0  0 
1441646101  0  0  0  0  0  0  0  0  0  3796424  0  0  0  0  0  0  0  0  0  21  0  0  0  0  0  50  0  0  0  0  0  0  0 
1441646101  0  0  0  0  0  0  0  0  0  3796424  0  0  0  0  0  0  0  0  0  21  0  0  0  0  0  50  0  0  0  0  0  0  0 
1441646102  0  0  0  0  0  0  0  0  0  3796424  0  0  0  0  0  0  0  0  0  21  0  0  0  0  0  50  0  0  0  0  0  0  0 
1441646102  0  0  0  0  0  0  0  0  0  3799303  0  0  0  0  0  0  0  0  0  21  0  0  0  0  0  51  0  2879  0  0  0  0  0 
1441646103  0  0  0  0  0  0  0  0  0  3799303  0  0  0  0  0  0  0  0  0  21  0  0  0  0  0  51  0  0  0  0  0  0  0 
1441646103  0  0  0  0  0  0  0  0  0  3799303  0  0  0  0  0  0  0  0  0  21  0  0  0  0  0  51  0  0  0  0  0  0  0 
1441646104  0  0  0  0  0  0  0  0  0  3799303  0  0  0  0  0  0  0  0  0  21  0  0  0  0  0  51  0  0  0  0  0  0  0 
1441646104  0  0  0  0  0  0  0  0  0  3799303  0  0  0  0  0  0  0  0  0  21  0  0  0  0  0  51  0  0  0  0  0  0  0 
1441646105  0  0  0  0  0  0  0  0  0  3799303  0  0  0  0  0  0  0  0  0  21  0  0  0  0  0  51  0  0  0  0  0  0  0 
1441646105  0  0  0  0  0  0  0  0  0  3799303  0  0  0  0  0  0  0  0  0  21  0  0  0  0  0  51  0  0  0  0  0  0  0 
1441646106  0  0  0  0  0  0  0  0  0  3799303  0  0  0  0  0  0  0  0  0  21  0  0  0  0  0  51  0  0  0  0  0  0  0 
1441646107  0  0  0  0  0  0  0  0  0  3799303  0  0  0  0  0  0  0  0  0  21  0  0  0  0  0  51  0  0  0  0  0  0  0 
1441646107  0  0  0  0  0  0  0  0  0  3799303  0  0  0  0  0  0  0  0  0  21  0  0  0  0  0  51  0  0  0  0  0  0  0 
1441646108  0  0  0  0  0  0  0  0  0  3799303  0  0  0  0  0  0  0  0  0  21  0  0  0  0  0  51  0  0  0  0  0  0  0 
1441646108  0  0  0  0  0  0  0  0  0  3799303  0  0  0  0  0  0  0  0  0  21  0  0  0  0  0  51  0  0  0  0  0  0  0 
1441646109  0  0  0  0  0  0  0  0  0  3799303  0  0  0  0  0  0  0  0  0  21  0  0  0  0  0  51  0  0  0  0  0  0  0 
1441646109  0  0  0  0  0  0  0  0  0  3799303  0  0  0  0  0  0  0  0  0  21  0  0  0  0  0  51  0  0  0  0  0  0  0 
1441646110  0  0  0  0  0  0  0  0  0  3799303  0  0  0  0  0  0  0  0  0  21  0  0  0  0  0  51  0  0  0  0  0  0  0 
1441646110  0  0  0  0  0  0  0  0  0  3799303  0  0  0  0  0  0  0  0  0  21  0  0  0  0  0  51  0  0  0  0  0  0  0 
1441646111  0  0  0  0  0  0  0  0  0  3799303  0  0  0  0  0  0  0  0  0  21  0  0  0  0  0  51  0  0  0  0  0  0  0 
1441646111  0  0  0  0  0  0  0  0  0  3799303  0  0  0  0  0  0  0  0  0  21  0  0  0  0  0  51  0  0  0  0  0  0  0 
1441646112  0  0  0  0  0  0  0  0  0  3799303  0  0  0  0  0  0  0  0  0  21  0  0  0  0  0  51  0  0  0  0  0  0  0 
1441646112  0  0  0  0  0  0  0  0  0  3799303  0  0  0  0  0  0  0  0  0  21  0  0  0  0  0  51  0  0  0  0  0  0  0 
1441646113  0  0  0  0  0  0  0  0  0  3846113  0  0  0  0  0  0  0  0  0  22  0  0  0  0  0  53  0  46810  0  0  0  0  0 
1441646113  0  0  0  0  0  0  0  0  0  3912926  0  0  0  0  0  0  0  0  0  25  0  0  0  0  0  64  0  66813  0  0  0  0  0 
1441646114  0  0  0  0  0  0  0  0  0  3912926  0  0  0  0  0  0  0  0  0  25  0  0  0  0  0  64  0  0  0  0  0  0  0 
1441646114  0  0  0  0  0  0  0  0  0  3912926  0  0  0  0  0  0  0  0  0  25  0  0  0  0  0  64  0  0  0  0  0  0  0 
