#Type:X;CI:1;ww:0;ca:0;co:1;fr:0;Type:X;CI:1;PI:0;PT:EP;U0:0;U1:0;Type:X;CI:1;PI:1;PT:EP;U0:0;U1:0;
#time  Pp  gt  gs  cn  cm  cb  Nc  Pc  cp  Tc  Nm  pr  ps  pt  px  pd  Pm  Om  fs  ft  Oc  Em  Gp  Ec  Ge  ot  os  Total_cycles_diff  Successful_get_diff  Total_get_diff  succ_put_diff  total_put_diff  get_hit  
1441663984  0  0  0  0  0  0  0  0  0  3977413  0  0  0  0  0  0  0  0  0  21  0  0  0  0  0  46  0  3977413  0  0  0  0  
1441663984  0  0  0  0  0  0  0  0  0  3984187  0  0  0  0  0  0  0  0  0  21  0  0  0  0  0  47  0  6774  0  0  0  0  0 
1441663985  0  0  0  0  0  0  0  0  0  3984187  0  0  0  0  0  0  0  0  0  21  0  0  0  0  0  47  0  0  0  0  0  0  0 
1441663985  0  0  0  0  0  0  0  0  0  3984187  0  0  0  0  0  0  0  0  0  21  0  0  0  0  0  47  0  0  0  0  0  0  0 
1441663986  0  0  0  0  0  0  0  0  0  3984187  0  0  0  0  0  0  0  0  0  21  0  0  0  0  0  47  0  0  0  0  0  0  0 
1441663986  0  0  0  0  0  0  0  0  0  3984187  0  0  0  0  0  0  0  0  0  21  0  0  0  0  0  47  0  0  0  0  0  0  0 
1441663987  0  0  0  0  0  0  0  0  0  3984187  0  0  0  0  0  0  0  0  0  21  0  0  0  0  0  47  0  0  0  0  0  0  0 
1441663987  0  0  0  0  0  0  0  0  0  3984187  0  0  0  0  0  0  0  0  0  21  0  0  0  0  0  47  0  0  0  0  0  0  0 
1441663988  0  0  0  0  0  0  0  0  0  3984187  0  0  0  0  0  0  0  0  0  21  0  0  0  0  0  47  0  0  0  0  0  0  0 
1441663988  0  0  0  0  0  0  0  0  0  3984187  0  0  0  0  0  0  0  0  0  21  0  0  0  0  0  47  0  0  0  0  0  0  0 
1441663989  0  0  0  0  0  0  0  0  0  3984187  0  0  0  0  0  0  0  0  0  21  0  0  0  0  0  47  0  0  0  0  0  0  0 
1441663989  0  0  0  0  0  0  0  0  0  3984187  0  0  0  0  0  0  0  0  0  21  0  0  0  0  0  47  0  0  0  0  0  0  0 
1441663990  0  0  0  0  0  0  0  0  0  3984187  0  0  0  0  0  0  0  0  0  21  0  0  0  0  0  47  0  0  0  0  0  0  0 
1441663990  0  0  0  0  0  0  0  0  0  3984187  0  0  0  0  0  0  0  0  0  21  0  0  0  0  0  47  0  0  0  0  0  0  0 
1441663991  0  0  0  0  0  0  0  0  0  3984187  0  0  0  0  0  0  0  0  0  21  0  0  0  0  0  47  0  0  0  0  0  0  0 
1441663991  0  0  0  0  0  0  0  0  0  3984187  0  0  0  0  0  0  0  0  0  21  0  0  0  0  0  47  0  0  0  0  0  0  0 
1441663992  0  0  0  0  0  0  0  0  0  3984187  0  0  0  0  0  0  0  0  0  21  0  0  0  0  0  47  0  0  0  0  0  0  0 
1441663992  0  0  0  0  0  0  0  0  0  3984187  0  0  0  0  0  0  0  0  0  21  0  0  0  0  0  47  0  0  0  0  0  0  0 
1441663993  0  0  0  0  0  0  0  0  0  3984187  0  0  0  0  0  0  0  0  0  21  0  0  0  0  0  47  0  0  0  0  0  0  0 
1441663993  0  0  0  0  0  0  0  0  0  3984187  0  0  0  0  0  0  0  0  0  21  0  0  0  0  0  47  0  0  0  0  0  0  0 
1441663994  0  0  0  0  0  0  0  0  0  3987792  0  0  0  0  0  0  0  0  0  21  0  0  0  0  0  48  0  3605  0  0  0  0  0 
1441663994  0  0  0  0  0  0  0  0  0  3987792  0  0  0  0  0  0  0  0  0  21  0  0  0  0  0  48  0  0  0  0  0  0  0 
1441663995  0  0  0  0  0  0  0  0  0  3987792  0  0  0  0  0  0  0  0  0  21  0  0  0  0  0  48  0  0  0  0  0  0  0 
1441663995  0  0  0  0  0  0  0  0  0  3987792  0  0  0  0  0  0  0  0  0  21  0  0  0  0  0  48  0  0  0  0  0  0  0 
1441663996  0  0  0  0  0  0  0  0  0  3987792  0  0  0  0  0  0  0  0  0  21  0  0  0  0  0  48  0  0  0  0  0  0  0 
1441663997  0  0  0  0  0  0  0  0  0  3987792  0  0  0  0  0  0  0  0  0  21  0  0  0  0  0  48  0  0  0  0  0  0  0 
1441663997  0  0  0  0  0  0  0  0  0  3987792  0  0  0  0  0  0  0  0  0  21  0  0  0  0  0  48  0  0  0  0  0  0  0 
1441663998  0  0  0  0  0  0  0  0  0  3987792  0  0  0  0  0  0  0  0  0  21  0  0  0  0  0  48  0  0  0  0  0  0  0 
1441663998  0  0  0  0  0  0  0  0  0  3987792  0  0  0  0  0  0  0  0  0  21  0  0  0  0  0  48  0  0  0  0  0  0  0 
1441663999  0  0  0  0  0  0  0  0  0  3987792  0  0  0  0  0  0  0  0  0  21  0  0  0  0  0  48  0  0  0  0  0  0  0 
1441663999  0  0  0  0  0  0  0  0  0  3987792  0  0  0  0  0  0  0  0  0  21  0  0  0  0  0  48  0  0  0  0  0  0  0 
1441664000  0  0  0  0  0  0  0  0  0  3987792  0  0  0  0  0  0  0  0  0  21  0  0  0  0  0  48  0  0  0  0  0  0  0 
1441664000  0  0  0  0  0  0  0  0  0  3987792  0  0  0  0  0  0  0  0  0  21  0  0  0  0  0  48  0  0  0  0  0  0  0 
1441664001  0  0  0  0  0  0  0  0  0  3987792  0  0  0  0  0  0  0  0  0  21  0  0  0  0  0  48  0  0  0  0  0  0  0 
1441664001  0  0  0  0  0  0  0  0  0  3987792  0  0  0  0  0  0  0  0  0  21  0  0  0  0  0  48  0  0  0  0  0  0  0 
1441664002  0  0  0  0  0  0  0  0  0  3987792  0  0  0  0  0  0  0  0  0  21  0  0  0  0  0  48  0  0  0  0  0  0  0 
1441664002  0  0  0  0  0  0  0  0  0  3987792  0  0  0  0  0  0  0  0  0  21  0  0  0  0  0  48  0  0  0  0  0  0  0 
1441664003  0  0  0  0  0  0  0  0  0  3987792  0  0  0  0  0  0  0  0  0  21  0  0  0  0  0  48  0  0  0  0  0  0  0 
1441664003  0  0  0  0  0  0  0  0  0  3987792  0  0  0  0  0  0  0  0  0  21  0  0  0  0  0  48  0  0  0  0  0  0  0 
1441664004  0  0  0  0  0  0  0  0  0  3987792  0  0  0  0  0  0  0  0  0  21  0  0  0  0  0  48  0  0  0  0  0  0  0 
1441664004  0  0  0  0  0  0  0  0  0  3990717  0  0  0  0  0  0  0  0  0  21  0  0  0  0  0  49  0  2925  0  0  0  0  0 
1441664005  0  0  0  0  0  0  0  0  0  3990717  0  0  0  0  0  0  0  0  0  21  0  0  0  0  0  49  0  0  0  0  0  0  0 
1441664005  0  0  0  0  0  0  0  0  0  3990717  0  0  0  0  0  0  0  0  0  21  0  0  0  0  0  49  0  0  0  0  0  0  0 
1441664006  0  0  0  0  0  0  0  0  0  3990717  0  0  0  0  0  0  0  0  0  21  0  0  0  0  0  49  0  0  0  0  0  0  0 
1441664006  0  0  0  0  0  0  0  0  0  3990717  0  0  0  0  0  0  0  0  0  21  0  0  0  0  0  49  0  0  0  0  0  0  0 
1441664007  0  0  0  0  0  0  0  0  0  3990717  0  0  0  0  0  0  0  0  0  21  0  0  0  0  0  49  0  0  0  0  0  0  0 
1441664007  0  0  0  0  0  0  0  0  0  3990717  0  0  0  0  0  0  0  0  0  21  0  0  0  0  0  49  0  0  0  0  0  0  0 
1441664008  0  0  0  0  0  0  0  0  0  3990717  0  0  0  0  0  0  0  0  0  21  0  0  0  0  0  49  0  0  0  0  0  0  0 
1441664008  0  0  0  0  0  0  0  0  0  3990717  0  0  0  0  0  0  0  0  0  21  0  0  0  0  0  49  0  0  0  0  0  0  0 
1441664009  0  0  0  0  0  0  0  0  0  3990717  0  0  0  0  0  0  0  0  0  21  0  0  0  0  0  49  0  0  0  0  0  0  0 
1441664009  0  0  0  0  0  0  0  0  0  3990717  0  0  0  0  0  0  0  0  0  21  0  0  0  0  0  49  0  0  0  0  0  0  0 
1441664010  0  0  0  0  0  0  0  0  0  3990717  0  0  0  0  0  0  0  0  0  21  0  0  0  0  0  49  0  0  0  0  0  0  0 
1441664010  0  0  0  0  0  0  0  0  0  3990717  0  0  0  0  0  0  0  0  0  21  0  0  0  0  0  49  0  0  0  0  0  0  0 
1441664011  0  0  0  0  0  0  0  0  0  3990717  0  0  0  0  0  0  0  0  0  21  0  0  0  0  0  49  0  0  0  0  0  0  0 
1441664011  0  0  0  0  0  0  0  0  0  3990717  0  0  0  0  0  0  0  0  0  21  0  0  0  0  0  49  0  0  0  0  0  0  0 
1441664012  0  0  0  0  0  0  0  0  0  3990717  0  0  0  0  0  0  0  0  0  21  0  0  0  0  0  49  0  0  0  0  0  0  0 
1441664012  0  0  0  0  0  0  0  0  0  3990717  0  0  0  0  0  0  0  0  0  21  0  0  0  0  0  49  0  0  0  0  0  0  0 
1441664013  0  0  0  0  0  0  0  0  0  3990717  0  0  0  0  0  0  0  0  0  21  0  0  0  0  0  49  0  0  0  0  0  0  0 
1441664013  0  0  0  0  0  0  0  0  0  3990717  0  0  0  0  0  0  0  0  0  21  0  0  0  0  0  49  0  0  0  0  0  0  0 
1441664014  0  0  0  0  0  0  0  0  0  3990717  0  0  0  0  0  0  0  0  0  21  0  0  0  0  0  49  0  0  0  0  0  0  0 
1441664014  0  0  0  0  0  0  0  0  0  3990717  0  0  0  0  0  0  0  0  0  21  0  0  0  0  0  49  0  0  0  0  0  0  0 
1441664015  0  0  0  0  0  0  0  0  0  3994373  0  0  0  0  0  0  0  0  0  21  0  0  0  0  0  50  0  3656  0  0  0  0  0 
1441664015  0  0  0  0  0  0  0  0  0  3994373  0  0  0  0  0  0  0  0  0  21  0  0  0  0  0  50  0  0  0  0  0  0  0 
1441664016  0  0  0  0  0  0  0  0  0  3994373  0  0  0  0  0  0  0  0  0  21  0  0  0  0  0  50  0  0  0  0  0  0  0 
1441664016  0  0  0  0  0  0  0  0  0  3994373  0  0  0  0  0  0  0  0  0  21  0  0  0  0  0  50  0  0  0  0  0  0  0 
1441664017  0  0  0  0  0  0  0  0  0  3994373  0  0  0  0  0  0  0  0  0  21  0  0  0  0  0  50  0  0  0  0  0  0  0 
1441664017  0  0  0  0  0  0  0  0  0  3994373  0  0  0  0  0  0  0  0  0  21  0  0  0  0  0  50  0  0  0  0  0  0  0 
1441664018  0  0  0  0  0  0  0  0  0  3994373  0  0  0  0  0  0  0  0  0  21  0  0  0  0  0  50  0  0  0  0  0  0  0 
1441664018  0  0  0  0  0  0  0  0  0  3994373  0  0  0  0  0  0  0  0  0  21  0  0  0  0  0  50  0  0  0  0  0  0  0 
1441664019  0  0  0  0  0  0  0  0  0  3994373  0  0  0  0  0  0  0  0  0  21  0  0  0  0  0  50  0  0  0  0  0  0  0 
1441664019  0  0  0  0  0  0  0  0  0  3994373  0  0  0  0  0  0  0  0  0  21  0  0  0  0  0  50  0  0  0  0  0  0  0 
1441664020  0  0  0  0  0  0  0  0  0  3994373  0  0  0  0  0  0  0  0  0  21  0  0  0  0  0  50  0  0  0  0  0  0  0 
1441664020  0  0  0  0  0  0  0  0  0  3994373  0  0  0  0  0  0  0  0  0  21  0  0  0  0  0  50  0  0  0  0  0  0  0 
1441664021  0  0  0  0  0  0  0  0  0  3994373  0  0  0  0  0  0  0  0  0  21  0  0  0  0  0  50  0  0  0  0  0  0  0 
1441664021  0  0  0  0  0  0  0  0  0  3994373  0  0  0  0  0  0  0  0  0  21  0  0  0  0  0  50  0  0  0  0  0  0  0 
1441664022  0  0  0  0  0  0  0  0  0  3994373  0  0  0  0  0  0  0  0  0  21  0  0  0  0  0  50  0  0  0  0  0  0  0 
1441664022  0  0  0  0  0  0  0  0  0  3994373  0  0  0  0  0  0  0  0  0  21  0  0  0  0  0  50  0  0  0  0  0  0  0 
1441664023  0  0  0  0  0  0  0  0  0  3994373  0  0  0  0  0  0  0  0  0  21  0  0  0  0  0  50  0  0  0  0  0  0  0 
1441664023  0  0  0  0  0  0  0  0  0  3994373  0  0  0  0  0  0  0  0  0  21  0  0  0  0  0  50  0  0  0  0  0  0  0 
1441664024  0  0  0  0  0  0  0  0  0  3994373  0  0  0  0  0  0  0  0  0  21  0  0  0  0  0  50  0  0  0  0  0  0  0 
1441664024  0  0  0  0  0  0  0  0  0  3994373  0  0  0  0  0  0  0  0  0  21  0  0  0  0  0  50  0  0  0  0  0  0  0 
1441664025  0  0  0  0  0  0  0  0  0  4085909  0  0  0  0  0  0  0  0  0  25  0  0  0  0  0  63  0  91536  0  0  0  0  0 
1441664025  0  0  0  0  0  0  0  0  0  4095272  0  0  0  0  0  0  0  0  0  25  0  0  0  0  0  63  0  9363  0  0  0  0  0 
1441664026  0  0  0  0  0  0  0  0  0  4095272  0  0  0  0  0  0  0  0  0  25  0  0  0  0  0  63  0  0  0  0  0  0  0 
