#Type:X;CI:2;ww:0;ca:0;co:1;fr:0;Type:X;CI:2;PI:0;PT:EP;U0:0;U1:0;Type:X;CI:2;PI:1;PT:EP;U0:0;U1:0;
#time  Pp  gt  gs  cn  cm  cb  Nc  Pc  cp  Tc  Nm  pr  ps  pt  px  pd  Pm  Om  fs  ft  Oc  Em  Gp  Ec  Ge  ot  os  Total_cycles_diff  Successful_get_diff  Total_get_diff  succ_put_diff  total_put_diff  get_hit  
1441620258  0  0  0  0  0  0  0  0  0  4269938  0  0  0  0  0  0  0  0  0  21  0  0  0  0  0  46  0  4269938  0  0  0  0  
1441620258  0  0  0  0  0  0  0  0  0  4274268  0  0  0  0  0  0  0  0  0  21  0  0  0  0  0  47  0  4330  0  0  0  0  0 
1441620259  0  0  0  0  0  0  0  0  0  4274268  0  0  0  0  0  0  0  0  0  21  0  0  0  0  0  47  0  0  0  0  0  0  0 
1441620259  0  0  0  0  0  0  0  0  0  4274268  0  0  0  0  0  0  0  0  0  21  0  0  0  0  0  47  0  0  0  0  0  0  0 
1441620260  0  0  0  0  0  0  0  0  0  4274268  0  0  0  0  0  0  0  0  0  21  0  0  0  0  0  47  0  0  0  0  0  0  0 
1441620260  0  0  0  0  0  0  0  0  0  4274268  0  0  0  0  0  0  0  0  0  21  0  0  0  0  0  47  0  0  0  0  0  0  0 
1441620261  0  0  0  0  0  0  0  0  0  4274268  0  0  0  0  0  0  0  0  0  21  0  0  0  0  0  47  0  0  0  0  0  0  0 
1441620261  0  0  0  0  0  0  0  0  0  4274268  0  0  0  0  0  0  0  0  0  21  0  0  0  0  0  47  0  0  0  0  0  0  0 
1441620262  0  0  0  0  0  0  0  0  0  4274268  0  0  0  0  0  0  0  0  0  21  0  0  0  0  0  47  0  0  0  0  0  0  0 
1441620262  0  0  0  0  0  0  0  0  0  4274268  0  0  0  0  0  0  0  0  0  21  0  0  0  0  0  47  0  0  0  0  0  0  0 
1441620263  0  0  0  0  0  0  0  0  0  4274268  0  0  0  0  0  0  0  0  0  21  0  0  0  0  0  47  0  0  0  0  0  0  0 
1441620263  0  0  0  0  0  0  0  0  0  4274268  0  0  0  0  0  0  0  0  0  21  0  0  0  0  0  47  0  0  0  0  0  0  0 
1441620264  0  0  0  0  0  0  0  0  0  4274268  0  0  0  0  0  0  0  0  0  21  0  0  0  0  0  47  0  0  0  0  0  0  0 
1441620264  0  0  0  0  0  0  0  0  0  4274268  0  0  0  0  0  0  0  0  0  21  0  0  0  0  0  47  0  0  0  0  0  0  0 
1441620265  0  0  0  0  0  0  0  0  0  4274268  0  0  0  0  0  0  0  0  0  21  0  0  0  0  0  47  0  0  0  0  0  0  0 
1441620265  0  0  0  0  0  0  0  0  0  4274268  0  0  0  0  0  0  0  0  0  21  0  0  0  0  0  47  0  0  0  0  0  0  0 
1441620266  0  0  0  0  0  0  0  0  0  4274268  0  0  0  0  0  0  0  0  0  21  0  0  0  0  0  47  0  0  0  0  0  0  0 
1441620266  0  0  0  0  0  0  0  0  0  4274268  0  0  0  0  0  0  0  0  0  21  0  0  0  0  0  47  0  0  0  0  0  0  0 
1441620267  0  0  0  0  0  0  0  0  0  4274268  0  0  0  0  0  0  0  0  0  21  0  0  0  0  0  47  0  0  0  0  0  0  0 
1441620267  0  0  0  0  0  0  0  0  0  4274268  0  0  0  0  0  0  0  0  0  21  0  0  0  0  0  47  0  0  0  0  0  0  0 
1441620268  0  0  0  0  0  0  0  0  0  4276488  0  0  0  0  0  0  0  0  0  21  0  0  0  0  0  48  0  2220  0  0  0  0  0 
1441620268  0  0  0  0  0  0  0  0  0  4276488  0  0  0  0  0  0  0  0  0  21  0  0  0  0  0  48  0  0  0  0  0  0  0 
1441620269  0  0  0  0  0  0  0  0  0  4276488  0  0  0  0  0  0  0  0  0  21  0  0  0  0  0  48  0  0  0  0  0  0  0 
1441620269  0  0  0  0  0  0  0  0  0  4276488  0  0  0  0  0  0  0  0  0  21  0  0  0  0  0  48  0  0  0  0  0  0  0 
1441620270  0  0  0  0  0  0  0  0  0  4276488  0  0  0  0  0  0  0  0  0  21  0  0  0  0  0  48  0  0  0  0  0  0  0 
1441620270  0  0  0  0  0  0  0  0  0  4276488  0  0  0  0  0  0  0  0  0  21  0  0  0  0  0  48  0  0  0  0  0  0  0 
1441620271  0  0  0  0  0  0  0  0  0  4276488  0  0  0  0  0  0  0  0  0  21  0  0  0  0  0  48  0  0  0  0  0  0  0 
1441620271  0  0  0  0  0  0  0  0  0  4276488  0  0  0  0  0  0  0  0  0  21  0  0  0  0  0  48  0  0  0  0  0  0  0 
1441620272  0  0  0  0  0  0  0  0  0  4276488  0  0  0  0  0  0  0  0  0  21  0  0  0  0  0  48  0  0  0  0  0  0  0 
1441620272  0  0  0  0  0  0  0  0  0  4276488  0  0  0  0  0  0  0  0  0  21  0  0  0  0  0  48  0  0  0  0  0  0  0 
1441620273  0  0  0  0  0  0  0  0  0  4276488  0  0  0  0  0  0  0  0  0  21  0  0  0  0  0  48  0  0  0  0  0  0  0 
1441620273  0  0  0  0  0  0  0  0  0  4276488  0  0  0  0  0  0  0  0  0  21  0  0  0  0  0  48  0  0  0  0  0  0  0 
1441620274  0  0  0  0  0  0  0  0  0  4276488  0  0  0  0  0  0  0  0  0  21  0  0  0  0  0  48  0  0  0  0  0  0  0 
1441620274  0  0  0  0  0  0  0  0  0  4276488  0  0  0  0  0  0  0  0  0  21  0  0  0  0  0  48  0  0  0  0  0  0  0 
1441620275  0  0  0  0  0  0  0  0  0  4276488  0  0  0  0  0  0  0  0  0  21  0  0  0  0  0  48  0  0  0  0  0  0  0 
1441620275  0  0  0  0  0  0  0  0  0  4276488  0  0  0  0  0  0  0  0  0  21  0  0  0  0  0  48  0  0  0  0  0  0  0 
1441620276  0  0  0  0  0  0  0  0  0  4276488  0  0  0  0  0  0  0  0  0  21  0  0  0  0  0  48  0  0  0  0  0  0  0 
1441620276  0  0  0  0  0  0  0  0  0  4276488  0  0  0  0  0  0  0  0  0  21  0  0  0  0  0  48  0  0  0  0  0  0  0 
1441620277  0  0  0  0  0  0  0  0  0  4276488  0  0  0  0  0  0  0  0  0  21  0  0  0  0  0  48  0  0  0  0  0  0  0 
1441620277  0  0  0  0  0  0  0  0  0  4276488  0  0  0  0  0  0  0  0  0  21  0  0  0  0  0  48  0  0  0  0  0  0  0 
1441620278  0  0  0  0  0  0  0  0  0  4276488  0  0  0  0  0  0  0  0  0  21  0  0  0  0  0  48  0  0  0  0  0  0  0 
1441620278  0  0  0  0  0  0  0  0  0  4278656  0  0  0  0  0  0  0  0  0  21  0  0  0  0  0  49  0  2168  0  0  0  0  0 
1441620279  0  0  0  0  0  0  0  0  0  4278656  0  0  0  0  0  0  0  0  0  21  0  0  0  0  0  49  0  0  0  0  0  0  0 
1441620279  0  0  0  0  0  0  0  0  0  4278656  0  0  0  0  0  0  0  0  0  21  0  0  0  0  0  49  0  0  0  0  0  0  0 
1441620280  0  0  0  0  0  0  0  0  0  4278656  0  0  0  0  0  0  0  0  0  21  0  0  0  0  0  49  0  0  0  0  0  0  0 
1441620280  0  0  0  0  0  0  0  0  0  4278656  0  0  0  0  0  0  0  0  0  21  0  0  0  0  0  49  0  0  0  0  0  0  0 
1441620281  0  0  0  0  0  0  0  0  0  4278656  0  0  0  0  0  0  0  0  0  21  0  0  0  0  0  49  0  0  0  0  0  0  0 
1441620281  0  0  0  0  0  0  0  0  0  4278656  0  0  0  0  0  0  0  0  0  21  0  0  0  0  0  49  0  0  0  0  0  0  0 
1441620282  0  0  0  0  0  0  0  0  0  4278656  0  0  0  0  0  0  0  0  0  21  0  0  0  0  0  49  0  0  0  0  0  0  0 
1441620282  0  0  0  0  0  0  0  0  0  4278656  0  0  0  0  0  0  0  0  0  21  0  0  0  0  0  49  0  0  0  0  0  0  0 
1441620283  0  0  0  0  0  0  0  0  0  4278656  0  0  0  0  0  0  0  0  0  21  0  0  0  0  0  49  0  0  0  0  0  0  0 
1441620283  0  0  0  0  0  0  0  0  0  4278656  0  0  0  0  0  0  0  0  0  21  0  0  0  0  0  49  0  0  0  0  0  0  0 
1441620284  0  0  0  0  0  0  0  0  0  4278656  0  0  0  0  0  0  0  0  0  21  0  0  0  0  0  49  0  0  0  0  0  0  0 
1441620284  0  0  0  0  0  0  0  0  0  4278656  0  0  0  0  0  0  0  0  0  21  0  0  0  0  0  49  0  0  0  0  0  0  0 
1441620285  0  0  0  0  0  0  0  0  0  4278656  0  0  0  0  0  0  0  0  0  21  0  0  0  0  0  49  0  0  0  0  0  0  0 
1441620285  0  0  0  0  0  0  0  0  0  4278656  0  0  0  0  0  0  0  0  0  21  0  0  0  0  0  49  0  0  0  0  0  0  0 
1441620286  0  0  0  0  0  0  0  0  0  4278656  0  0  0  0  0  0  0  0  0  21  0  0  0  0  0  49  0  0  0  0  0  0  0 
1441620286  0  0  0  0  0  0  0  0  0  4278656  0  0  0  0  0  0  0  0  0  21  0  0  0  0  0  49  0  0  0  0  0  0  0 
1441620287  0  0  0  0  0  0  0  0  0  4278656  0  0  0  0  0  0  0  0  0  21  0  0  0  0  0  49  0  0  0  0  0  0  0 
1441620287  0  0  0  0  0  0  0  0  0  4278656  0  0  0  0  0  0  0  0  0  21  0  0  0  0  0  49  0  0  0  0  0  0  0 
1441620288  0  0  0  0  0  0  0  0  0  4280948  0  0  0  0  0  0  0  0  0  21  0  0  0  0  0  50  0  2292  0  0  0  0  0 
1441620288  0  0  0  0  0  0  0  0  0  4280948  0  0  0  0  0  0  0  0  0  21  0  0  0  0  0  50  0  0  0  0  0  0  0 
1441620289  0  0  0  0  0  0  0  0  0  4280948  0  0  0  0  0  0  0  0  0  21  0  0  0  0  0  50  0  0  0  0  0  0  0 
1441620289  0  0  0  0  0  0  0  0  0  4280948  0  0  0  0  0  0  0  0  0  21  0  0  0  0  0  50  0  0  0  0  0  0  0 
1441620290  0  0  0  0  0  0  0  0  0  4280948  0  0  0  0  0  0  0  0  0  21  0  0  0  0  0  50  0  0  0  0  0  0  0 
1441620290  0  0  0  0  0  0  0  0  0  4280948  0  0  0  0  0  0  0  0  0  21  0  0  0  0  0  50  0  0  0  0  0  0  0 
1441620291  0  0  0  0  0  0  0  0  0  4280948  0  0  0  0  0  0  0  0  0  21  0  0  0  0  0  50  0  0  0  0  0  0  0 
1441620291  0  0  0  0  0  0  0  0  0  4280948  0  0  0  0  0  0  0  0  0  21  0  0  0  0  0  50  0  0  0  0  0  0  0 
1441620292  0  0  0  0  0  0  0  0  0  4280948  0  0  0  0  0  0  0  0  0  21  0  0  0  0  0  50  0  0  0  0  0  0  0 
1441620293  0  0  0  0  0  0  0  0  0  4280948  0  0  0  0  0  0  0  0  0  21  0  0  0  0  0  50  0  0  0  0  0  0  0 
1441620293  0  0  0  0  0  0  0  0  0  4280948  0  0  0  0  0  0  0  0  0  21  0  0  0  0  0  50  0  0  0  0  0  0  0 
1441620294  0  0  0  0  0  0  0  0  0  4280948  0  0  0  0  0  0  0  0  0  21  0  0  0  0  0  50  0  0  0  0  0  0  0 
1441620294  0  0  0  0  0  0  0  0  0  4280948  0  0  0  0  0  0  0  0  0  21  0  0  0  0  0  50  0  0  0  0  0  0  0 
1441620295  0  0  0  0  0  0  0  0  0  4280948  0  0  0  0  0  0  0  0  0  21  0  0  0  0  0  50  0  0  0  0  0  0  0 
1441620295  0  0  0  0  0  0  0  0  0  4280948  0  0  0  0  0  0  0  0  0  21  0  0  0  0  0  50  0  0  0  0  0  0  0 
1441620296  0  0  0  0  0  0  0  0  0  4280948  0  0  0  0  0  0  0  0  0  21  0  0  0  0  0  50  0  0  0  0  0  0  0 
1441620296  0  0  0  0  0  0  0  0  0  4280948  0  0  0  0  0  0  0  0  0  21  0  0  0  0  0  50  0  0  0  0  0  0  0 
1441620297  0  0  0  0  0  0  0  0  0  4280948  0  0  0  0  0  0  0  0  0  21  0  0  0  0  0  50  0  0  0  0  0  0  0 
1441620297  0  0  0  0  0  0  0  0  0  4280948  0  0  0  0  0  0  0  0  0  21  0  0  0  0  0  50  0  0  0  0  0  0  0 
1441620298  0  0  0  0  0  0  0  0  0  4280948  0  0  0  0  0  0  0  0  0  21  0  0  0  0  0  50  0  0  0  0  0  0  0 
1441620298  0  0  0  0  0  0  0  0  0  4282973  0  0  0  0  0  0  0  0  0  21  0  0  0  0  0  50  0  2025  0  0  0  0  0 
1441620299  0  0  0  0  0  0  0  0  0  4321862  0  0  0  0  0  0  0  0  0  21  0  0  0  0  0  50  0  38889  0  0  0  0  0 
1441620299  0  0  0  0  0  0  0  0  0  4374028  0  0  0  0  0  0  0  0  0  25  0  0  0  0  0  63  0  52166  0  0  0  0  0 
1441620300  0  0  0  0  0  0  0  0  0  4374028  0  0  0  0  0  0  0  0  0  25  0  0  0  0  0  63  0  0  0  0  0  0  0 
1441620300  0  0  0  0  0  0  0  0  0  4380870  0  0  0  0  0  0  0  0  0  25  0  0  0  0  0  63  0  6842  0  0  0  0  0 
1441620301  0  0  0  0  0  0  0  0  0  4380870  0  0  0  0  0  0  0  0  0  25  0  0  0  0  0  63  0  0  0  0  0  0  0 
