#Type:X;CI:3;ww:0;ca:0;co:1;fr:0;Type:X;CI:3;PI:0;PT:EP;U0:0;U1:0;
#time  Pp  gt  gs  cn  cm  cb  Nc  Pc  cp  Tc  Nm  pr  ps  pt  px  pd  Pm  Om  fs  ft  Oc  Em  Gp  Ec  Ge  ot  os  Total_cycles_diff  Successful_get_diff  Total_get_diff  succ_put_diff  total_put_diff  get_hit  
1441620333  0  0  0  0  0  0  0  0  0  393480  0  0  0  0  0  0  0  0  0  0  0  0  0  0  0  0  0  393480  0  0  0  0  
1441620334  0  0  0  0  0  0  0  0  0  719089  0  0  0  0  0  0  0  0  0  0  0  0  0  0  0  0  0  325609  0  0  0  0  0 
1441620334  0  0  0  0  0  0  0  0  0  1112160  0  0  0  0  0  0  0  0  0  0  0  0  0  0  0  0  0  393071  0  0  0  0  0 
1441620335  0  0  0  0  0  0  0  0  0  1356395  0  0  0  0  0  0  0  0  0  0  0  0  0  0  0  0  0  244235  0  0  0  0  0 
1441620336  0  0  0  0  0  0  0  0  0  1669382  0  0  0  0  0  0  0  0  0  0  0  0  0  0  0  0  0  312987  0  0  0  0  0 
1441620336  0  0  0  0  0  0  0  0  0  1669382  0  0  0  0  0  0  0  0  0  0  0  0  0  0  0  0  0  0  0  0  0  0  0 
1441620337  0  0  0  0  0  0  0  0  0  2100430  0  0  0  0  0  0  0  0  0  13  0  0  0  0  0  39  0  431048  0  0  0  0  0 
1441620337  0  0  0  0  0  0  0  0  0  3022804  0  0  0  0  0  0  0  0  0  15  0  0  0  0  0  41  0  922374  0  0  0  0  0 
1441620338  0  0  0  0  0  0  0  0  0  3538801  0  0  0  0  0  0  0  0  0  21  0  0  0  0  0  46  0  515997  0  0  0  0  0 
1441620338  0  0  0  0  0  0  0  0  0  3708902  0  0  0  0  0  0  0  0  0  21  0  0  0  0  0  46  0  170101  0  0  0  0  0 
1441620339  0  0  0  0  0  0  0  0  0  3708902  0  0  0  0  0  0  0  0  0  21  0  0  0  0  0  46  0  0  0  0  0  0  0 
1441620339  0  0  0  0  0  0  0  0  0  3708902  0  0  0  0  0  0  0  0  0  21  0  0  0  0  0  46  0  0  0  0  0  0  0 
1441620340  0  0  0  0  0  0  0  0  0  3708902  0  0  0  0  0  0  0  0  0  21  0  0  0  0  0  46  0  0  0  0  0  0  0 
1441620340  0  0  0  0  0  0  0  0  0  3708902  0  0  0  0  0  0  0  0  0  21  0  0  0  0  0  46  0  0  0  0  0  0  0 
1441620341  0  0  0  0  0  0  0  0  0  3708902  0  0  0  0  0  0  0  0  0  21  0  0  0  0  0  46  0  0  0  0  0  0  0 
1441620341  0  0  0  0  0  0  0  0  0  3708902  0  0  0  0  0  0  0  0  0  21  0  0  0  0  0  46  0  0  0  0  0  0  0 
1441620342  0  0  0  0  0  0  0  0  0  3708902  0  0  0  0  0  0  0  0  0  21  0  0  0  0  0  46  0  0  0  0  0  0  0 
1441620342  0  0  0  0  0  0  0  0  0  3708902  0  0  0  0  0  0  0  0  0  21  0  0  0  0  0  46  0  0  0  0  0  0  0 
1441620343  0  0  0  0  0  0  0  0  0  3708902  0  0  0  0  0  0  0  0  0  21  0  0  0  0  0  46  0  0  0  0  0  0  0 
1441620343  0  0  0  0  0  0  0  0  0  3708902  0  0  0  0  0  0  0  0  0  21  0  0  0  0  0  46  0  0  0  0  0  0  0 
1441620344  0  0  0  0  0  0  0  0  0  3708902  0  0  0  0  0  0  0  0  0  21  0  0  0  0  0  46  0  0  0  0  0  0  0 
1441620344  0  0  0  0  0  0  0  0  0  3708902  0  0  0  0  0  0  0  0  0  21  0  0  0  0  0  46  0  0  0  0  0  0  0 
1441620345  0  0  0  0  0  0  0  0  0  3708902  0  0  0  0  0  0  0  0  0  21  0  0  0  0  0  46  0  0  0  0  0  0  0 
1441620345  0  0  0  0  0  0  0  0  0  3708902  0  0  0  0  0  0  0  0  0  21  0  0  0  0  0  46  0  0  0  0  0  0  0 
1441620346  0  0  0  0  0  0  0  0  0  3708902  0  0  0  0  0  0  0  0  0  21  0  0  0  0  0  46  0  0  0  0  0  0  0 
1441620346  0  0  0  0  0  0  0  0  0  3708902  0  0  0  0  0  0  0  0  0  21  0  0  0  0  0  46  0  0  0  0  0  0  0 
1441620347  0  0  0  0  0  0  0  0  0  3708902  0  0  0  0  0  0  0  0  0  21  0  0  0  0  0  46  0  0  0  0  0  0  0 
1441620347  0  0  0  0  0  0  0  0  0  3708902  0  0  0  0  0  0  0  0  0  21  0  0  0  0  0  46  0  0  0  0  0  0  0 
1441620348  0  0  0  0  0  0  0  0  0  3708902  0  0  0  0  0  0  0  0  0  21  0  0  0  0  0  46  0  0  0  0  0  0  0 
1441620348  0  0  0  0  0  0  0  0  0  3708902  0  0  0  0  0  0  0  0  0  21  0  0  0  0  0  46  0  0  0  0  0  0  0 
1441620349  0  0  0  0  0  0  0  0  0  3708902  0  0  0  0  0  0  0  0  0  21  0  0  0  0  0  46  0  0  0  0  0  0  0 
1441620349  0  0  0  0  0  0  0  0  0  3708902  0  0  0  0  0  0  0  0  0  21  0  0  0  0  0  46  0  0  0  0  0  0  0 
1441620350  0  0  0  0  0  0  0  0  0  3708902  0  0  0  0  0  0  0  0  0  21  0  0  0  0  0  46  0  0  0  0  0  0  0 
1441620350  0  0  0  0  0  0  0  0  0  3708902  0  0  0  0  0  0  0  0  0  21  0  0  0  0  0  46  0  0  0  0  0  0  0 
1441620351  0  0  0  0  0  0  0  0  0  3708902  0  0  0  0  0  0  0  0  0  21  0  0  0  0  0  46  0  0  0  0  0  0  0 
1441620351  0  0  0  0  0  0  0  0  0  3708902  0  0  0  0  0  0  0  0  0  21  0  0  0  0  0  46  0  0  0  0  0  0  0 
1441620352  0  0  0  0  0  0  0  0  0  3708902  0  0  0  0  0  0  0  0  0  21  0  0  0  0  0  46  0  0  0  0  0  0  0 
1441620352  0  0  0  0  0  0  0  0  0  3708902  0  0  0  0  0  0  0  0  0  21  0  0  0  0  0  46  0  0  0  0  0  0  0 
1441620353  0  0  0  0  0  0  0  0  0  3708902  0  0  0  0  0  0  0  0  0  21  0  0  0  0  0  46  0  0  0  0  0  0  0 
1441620353  0  0  0  0  0  0  0  0  0  3708902  0  0  0  0  0  0  0  0  0  21  0  0  0  0  0  46  0  0  0  0  0  0  0 
1441620354  0  0  0  0  0  0  0  0  0  3708902  0  0  0  0  0  0  0  0  0  21  0  0  0  0  0  46  0  0  0  0  0  0  0 
1441620354  0  0  0  0  0  0  0  0  0  3708902  0  0  0  0  0  0  0  0  0  21  0  0  0  0  0  46  0  0  0  0  0  0  0 
1441620355  0  0  0  0  0  0  0  0  0  3708902  0  0  0  0  0  0  0  0  0  21  0  0  0  0  0  46  0  0  0  0  0  0  0 
1441620355  0  0  0  0  0  0  0  0  0  3708902  0  0  0  0  0  0  0  0  0  21  0  0  0  0  0  46  0  0  0  0  0  0  0 
1441620356  0  0  0  0  0  0  0  0  0  3708902  0  0  0  0  0  0  0  0  0  21  0  0  0  0  0  46  0  0  0  0  0  0  0 
1441620356  0  0  0  0  0  0  0  0  0  3708902  0  0  0  0  0  0  0  0  0  21  0  0  0  0  0  46  0  0  0  0  0  0  0 
1441620357  0  0  0  0  0  0  0  0  0  3708902  0  0  0  0  0  0  0  0  0  21  0  0  0  0  0  46  0  0  0  0  0  0  0 
1441620357  0  0  0  0  0  0  0  0  0  3708902  0  0  0  0  0  0  0  0  0  21  0  0  0  0  0  46  0  0  0  0  0  0  0 
1441620358  0  0  0  0  0  0  0  0  0  3708902  0  0  0  0  0  0  0  0  0  21  0  0  0  0  0  46  0  0  0  0  0  0  0 
1441620358  0  0  0  0  0  0  0  0  0  3708902  0  0  0  0  0  0  0  0  0  21  0  0  0  0  0  46  0  0  0  0  0  0  0 
1441620359  0  0  0  0  0  0  0  0  0  3708902  0  0  0  0  0  0  0  0  0  21  0  0  0  0  0  46  0  0  0  0  0  0  0 
1441620359  0  0  0  0  0  0  0  0  0  3708902  0  0  0  0  0  0  0  0  0  21  0  0  0  0  0  46  0  0  0  0  0  0  0 
1441620360  0  0  0  0  0  0  0  0  0  3708902  0  0  0  0  0  0  0  0  0  21  0  0  0  0  0  46  0  0  0  0  0  0  0 
1441620360  0  0  0  0  0  0  0  0  0  3708902  0  0  0  0  0  0  0  0  0  21  0  0  0  0  0  46  0  0  0  0  0  0  0 
1441620361  0  0  0  0  0  0  0  0  0  3708902  0  0  0  0  0  0  0  0  0  21  0  0  0  0  0  46  0  0  0  0  0  0  0 
1441620361  0  0  0  0  0  0  0  0  0  3708902  0  0  0  0  0  0  0  0  0  21  0  0  0  0  0  46  0  0  0  0  0  0  0 
1441620362  0  0  0  0  0  0  0  0  0  3708902  0  0  0  0  0  0  0  0  0  21  0  0  0  0  0  46  0  0  0  0  0  0  0 
1441620362  0  0  0  0  0  0  0  0  0  3708902  0  0  0  0  0  0  0  0  0  21  0  0  0  0  0  46  0  0  0  0  0  0  0 
1441620363  0  0  0  0  0  0  0  0  0  3708902  0  0  0  0  0  0  0  0  0  21  0  0  0  0  0  46  0  0  0  0  0  0  0 
1441620363  0  0  0  0  0  0  0  0  0  3708902  0  0  0  0  0  0  0  0  0  21  0  0  0  0  0  46  0  0  0  0  0  0  0 
1441620364  0  0  0  0  0  0  0  0  0  3708902  0  0  0  0  0  0  0  0  0  21  0  0  0  0  0  46  0  0  0  0  0  0  0 
1441620364  0  0  0  0  0  0  0  0  0  3708902  0  0  0  0  0  0  0  0  0  21  0  0  0  0  0  46  0  0  0  0  0  0  0 
1441620365  0  0  0  0  0  0  0  0  0  3708902  0  0  0  0  0  0  0  0  0  21  0  0  0  0  0  46  0  0  0  0  0  0  0 
1441620365  0  0  0  0  0  0  0  0  0  3708902  0  0  0  0  0  0  0  0  0  21  0  0  0  0  0  46  0  0  0  0  0  0  0 
1441620366  0  0  0  0  0  0  0  0  0  3708902  0  0  0  0  0  0  0  0  0  21  0  0  0  0  0  46  0  0  0  0  0  0  0 
1441620366  0  0  0  0  0  0  0  0  0  3708902  0  0  0  0  0  0  0  0  0  21  0  0  0  0  0  46  0  0  0  0  0  0  0 
1441620367  0  0  0  0  0  0  0  0  0  3708902  0  0  0  0  0  0  0  0  0  21  0  0  0  0  0  46  0  0  0  0  0  0  0 
1441620367  0  0  0  0  0  0  0  0  0  3708902  0  0  0  0  0  0  0  0  0  21  0  0  0  0  0  46  0  0  0  0  0  0  0 
1441620368  0  0  0  0  0  0  0  0  0  3708902  0  0  0  0  0  0  0  0  0  21  0  0  0  0  0  46  0  0  0  0  0  0  0 
1441620368  0  0  0  0  0  0  0  0  0  3708902  0  0  0  0  0  0  0  0  0  21  0  0  0  0  0  46  0  0  0  0  0  0  0 
1441620369  0  0  0  0  0  0  0  0  0  3708902  0  0  0  0  0  0  0  0  0  21  0  0  0  0  0  46  0  0  0  0  0  0  0 
1441620369  0  0  0  0  0  0  0  0  0  3708902  0  0  0  0  0  0  0  0  0  21  0  0  0  0  0  46  0  0  0  0  0  0  0 
1441620370  0  0  0  0  0  0  0  0  0  3708902  0  0  0  0  0  0  0  0  0  21  0  0  0  0  0  46  0  0  0  0  0  0  0 
1441620370  0  0  0  0  0  0  0  0  0  3708902  0  0  0  0  0  0  0  0  0  21  0  0  0  0  0  46  0  0  0  0  0  0  0 
1441620371  0  0  0  0  0  0  0  0  0  3708902  0  0  0  0  0  0  0  0  0  21  0  0  0  0  0  46  0  0  0  0  0  0  0 
1441620371  0  0  0  0  0  0  0  0  0  3708902  0  0  0  0  0  0  0  0  0  21  0  0  0  0  0  46  0  0  0  0  0  0  0 
1441620372  0  0  0  0  0  0  0  0  0  3708902  0  0  0  0  0  0  0  0  0  21  0  0  0  0  0  46  0  0  0  0  0  0  0 
1441620372  0  0  0  0  0  0  0  0  0  3708902  0  0  0  0  0  0  0  0  0  21  0  0  0  0  0  46  0  0  0  0  0  0  0 
1441620373  0  0  0  0  0  0  0  0  0  3708902  0  0  0  0  0  0  0  0  0  21  0  0  0  0  0  46  0  0  0  0  0  0  0 
1441620373  0  0  0  0  0  0  0  0  0  3708902  0  0  0  0  0  0  0  0  0  21  0  0  0  0  0  46  0  0  0  0  0  0  0 
1441620374  0  0  0  0  0  0  0  0  0  3708902  0  0  0  0  0  0  0  0  0  21  0  0  0  0  0  46  0  0  0  0  0  0  0 
1441620374  0  0  0  0  0  0  0  0  0  3708902  0  0  0  0  0  0  0  0  0  21  0  0  0  0  0  46  0  0  0  0  0  0  0 
1441620375  0  0  0  0  0  0  0  0  0  3708902  0  0  0  0  0  0  0  0  0  21  0  0  0  0  0  46  0  0  0  0  0  0  0 
1441620376  0  0  0  0  0  0  0  0  0  3708902  0  0  0  0  0  0  0  0  0  21  0  0  0  0  0  46  0  0  0  0  0  0  0 
1441620376  0  0  0  0  0  0  0  0  0  3708902  0  0  0  0  0  0  0  0  0  21  0  0  0  0  0  46  0  0  0  0  0  0  0 
1441620377  0  0  0  0  0  0  0  0  0  3708902  0  0  0  0  0  0  0  0  0  21  0  0  0  0  0  46  0  0  0  0  0  0  0 
1441620377  0  0  0  0  0  0  0  0  0  3708902  0  0  0  0  0  0  0  0  0  21  0  0  0  0  0  46  0  0  0  0  0  0  0 
1441620378  0  0  0  0  0  0  0  0  0  3708902  0  0  0  0  0  0  0  0  0  21  0  0  0  0  0  46  0  0  0  0  0  0  0 
1441620378  0  0  0  0  0  0  0  0  0  3708902  0  0  0  0  0  0  0  0  0  21  0  0  0  0  0  46  0  0  0  0  0  0  0 
1441620379  0  0  0  0  0  0  0  0  0  3708902  0  0  0  0  0  0  0  0  0  21  0  0  0  0  0  46  0  0  0  0  0  0  0 
1441620379  0  0  0  0  0  0  0  0  0  3708902  0  0  0  0  0  0  0  0  0  21  0  0  0  0  0  46  0  0  0  0  0  0  0 
1441620380  0  0  0  0  0  0  0  0  0  3708902  0  0  0  0  0  0  0  0  0  21  0  0  0  0  0  46  0  0  0  0  0  0  0 
1441620380  0  0  0  0  0  0  0  0  0  3708902  0  0  0  0  0  0  0  0  0  21  0  0  0  0  0  46  0  0  0  0  0  0  0 
1441620381  0  0  0  0  0  0  0  0  0  3708902  0  0  0  0  0  0  0  0  0  21  0  0  0  0  0  46  0  0  0  0  0  0  0 
1441620381  0  0  0  0  0  0  0  0  0  3708902  0  0  0  0  0  0  0  0  0  21  0  0  0  0  0  46  0  0  0  0  0  0  0 
1441620382  0  0  0  0  0  0  0  0  0  3708902  0  0  0  0  0  0  0  0  0  21  0  0  0  0  0  46  0  0  0  0  0  0  0 
1441620382  0  0  0  0  0  0  0  0  0  3708902  0  0  0  0  0  0  0  0  0  21  0  0  0  0  0  46  0  0  0  0  0  0  0 
1441620383  0  0  0  0  0  0  0  0  0  3708902  0  0  0  0  0  0  0  0  0  21  0  0  0  0  0  46  0  0  0  0  0  0  0 
1441620383  0  0  0  0  0  0  0  0  0  3708902  0  0  0  0  0  0  0  0  0  21  0  0  0  0  0  46  0  0  0  0  0  0  0 
1441620384  0  0  0  0  0  0  0  0  0  3708902  0  0  0  0  0  0  0  0  0  21  0  0  0  0  0  46  0  0  0  0  0  0  0 
1441620384  0  0  0  0  0  0  0  0  0  3708902  0  0  0  0  0  0  0  0  0  21  0  0  0  0  0  46  0  0  0  0  0  0  0 
1441620385  0  0  0  0  0  0  0  0  0  3708902  0  0  0  0  0  0  0  0  0  21  0  0  0  0  0  46  0  0  0  0  0  0  0 
1441620385  0  0  0  0  0  0  0  0  0  3708902  0  0  0  0  0  0  0  0  0  21  0  0  0  0  0  46  0  0  0  0  0  0  0 
1441620386  0  0  0  0  0  0  0  0  0  3708902  0  0  0  0  0  0  0  0  0  21  0  0  0  0  0  46  0  0  0  0  0  0  0 
1441620386  0  0  0  0  0  0  0  0  0  3708902  0  0  0  0  0  0  0  0  0  21  0  0  0  0  0  46  0  0  0  0  0  0  0 
1441620387  0  0  0  0  0  0  0  0  0  3708902  0  0  0  0  0  0  0  0  0  21  0  0  0  0  0  46  0  0  0  0  0  0  0 
1441620387  0  0  0  0  0  0  0  0  0  3708902  0  0  0  0  0  0  0  0  0  21  0  0  0  0  0  46  0  0  0  0  0  0  0 
1441620388  0  0  0  0  0  0  0  0  0  3708902  0  0  0  0  0  0  0  0  0  21  0  0  0  0  0  46  0  0  0  0  0  0  0 
1441620388  0  0  0  0  0  0  0  0  0  3708902  0  0  0  0  0  0  0  0  0  21  0  0  0  0  0  46  0  0  0  0  0  0  0 
1441620389  0  0  0  0  0  0  0  0  0  3708902  0  0  0  0  0  0  0  0  0  21  0  0  0  0  0  46  0  0  0  0  0  0  0 
1441620389  0  0  0  0  0  0  0  0  0  3708902  0  0  0  0  0  0  0  0  0  21  0  0  0  0  0  46  0  0  0  0  0  0  0 
1441620390  0  0  0  0  0  0  0  0  0  3716573  0  0  0  0  0  0  0  0  0  21  0  0  0  0  0  47  0  7671  0  0  0  0  0 
1441620390  0  0  0  0  0  0  0  0  0  3716573  0  0  0  0  0  0  0  0  0  21  0  0  0  0  0  47  0  0  0  0  0  0  0 
1441620391  0  0  0  0  0  0  0  0  0  3716573  0  0  0  0  0  0  0  0  0  21  0  0  0  0  0  47  0  0  0  0  0  0  0 
1441620391  0  0  0  0  0  0  0  0  0  3716573  0  0  0  0  0  0  0  0  0  21  0  0  0  0  0  47  0  0  0  0  0  0  0 
1441620392  0  0  0  0  0  0  0  0  0  3716573  0  0  0  0  0  0  0  0  0  21  0  0  0  0  0  47  0  0  0  0  0  0  0 
1441620392  0  0  0  0  0  0  0  0  0  3716573  0  0  0  0  0  0  0  0  0  21  0  0  0  0  0  47  0  0  0  0  0  0  0 
1441620393  0  0  0  0  0  0  0  0  0  3716573  0  0  0  0  0  0  0  0  0  21  0  0  0  0  0  47  0  0  0  0  0  0  0 
1441620393  0  0  0  0  0  0  0  0  0  3716573  0  0  0  0  0  0  0  0  0  21  0  0  0  0  0  47  0  0  0  0  0  0  0 
1441620394  0  0  0  0  0  0  0  0  0  3716573  0  0  0  0  0  0  0  0  0  21  0  0  0  0  0  47  0  0  0  0  0  0  0 
1441620394  0  0  0  0  0  0  0  0  0  3716573  0  0  0  0  0  0  0  0  0  21  0  0  0  0  0  47  0  0  0  0  0  0  0 
1441620395  0  0  0  0  0  0  0  0  0  3716573  0  0  0  0  0  0  0  0  0  21  0  0  0  0  0  47  0  0  0  0  0  0  0 
1441620395  0  0  0  0  0  0  0  0  0  3716573  0  0  0  0  0  0  0  0  0  21  0  0  0  0  0  47  0  0  0  0  0  0  0 
1441620396  0  0  0  0  0  0  0  0  0  3716573  0  0  0  0  0  0  0  0  0  21  0  0  0  0  0  47  0  0  0  0  0  0  0 
1441620396  0  0  0  0  0  0  0  0  0  3716573  0  0  0  0  0  0  0  0  0  21  0  0  0  0  0  47  0  0  0  0  0  0  0 
1441620397  0  0  0  0  0  0  0  0  0  3716573  0  0  0  0  0  0  0  0  0  21  0  0  0  0  0  47  0  0  0  0  0  0  0 
1441620397  0  0  0  0  0  0  0  0  0  3716573  0  0  0  0  0  0  0  0  0  21  0  0  0  0  0  47  0  0  0  0  0  0  0 
1441620398  0  0  0  0  0  0  0  0  0  3716573  0  0  0  0  0  0  0  0  0  21  0  0  0  0  0  47  0  0  0  0  0  0  0 
1441620398  0  0  0  0  0  0  0  0  0  3716573  0  0  0  0  0  0  0  0  0  21  0  0  0  0  0  47  0  0  0  0  0  0  0 
1441620399  0  0  0  0  0  0  0  0  0  3716573  0  0  0  0  0  0  0  0  0  21  0  0  0  0  0  47  0  0  0  0  0  0  0 
1441620399  0  0  0  0  0  0  0  0  0  3719401  0  0  0  0  0  0  0  0  0  21  0  0  0  0  0  48  0  2828  0  0  0  0  0 
1441620400  0  0  0  0  0  0  0  0  0  3719401  0  0  0  0  0  0  0  0  0  21  0  0  0  0  0  48  0  0  0  0  0  0  0 
1441620400  0  0  0  0  0  0  0  0  0  3719401  0  0  0  0  0  0  0  0  0  21  0  0  0  0  0  48  0  0  0  0  0  0  0 
1441620401  0  0  0  0  0  0  0  0  0  3719401  0  0  0  0  0  0  0  0  0  21  0  0  0  0  0  48  0  0  0  0  0  0  0 
1441620401  0  0  0  0  0  0  0  0  0  3719401  0  0  0  0  0  0  0  0  0  21  0  0  0  0  0  48  0  0  0  0  0  0  0 
1441620402  0  0  0  0  0  0  0  0  0  3719401  0  0  0  0  0  0  0  0  0  21  0  0  0  0  0  48  0  0  0  0  0  0  0 
1441620402  0  0  0  0  0  0  0  0  0  3719401  0  0  0  0  0  0  0  0  0  21  0  0  0  0  0  48  0  0  0  0  0  0  0 
1441620403  0  0  0  0  0  0  0  0  0  3719401  0  0  0  0  0  0  0  0  0  21  0  0  0  0  0  48  0  0  0  0  0  0  0 
1441620403  0  0  0  0  0  0  0  0  0  3719401  0  0  0  0  0  0  0  0  0  21  0  0  0  0  0  48  0  0  0  0  0  0  0 
1441620404  0  0  0  0  0  0  0  0  0  3719401  0  0  0  0  0  0  0  0  0  21  0  0  0  0  0  48  0  0  0  0  0  0  0 
1441620404  0  0  0  0  0  0  0  0  0  3719401  0  0  0  0  0  0  0  0  0  21  0  0  0  0  0  48  0  0  0  0  0  0  0 
1441620405  0  0  0  0  0  0  0  0  0  3719401  0  0  0  0  0  0  0  0  0  21  0  0  0  0  0  48  0  0  0  0  0  0  0 
1441620406  0  0  0  0  0  0  0  0  0  3719401  0  0  0  0  0  0  0  0  0  21  0  0  0  0  0  48  0  0  0  0  0  0  0 
1441620406  0  0  0  0  0  0  0  0  0  3719401  0  0  0  0  0  0  0  0  0  21  0  0  0  0  0  48  0  0  0  0  0  0  0 
1441620407  0  0  0  0  0  0  0  0  0  3719401  0  0  0  0  0  0  0  0  0  21  0  0  0  0  0  48  0  0  0  0  0  0  0 
1441620407  0  0  0  0  0  0  0  0  0  3719401  0  0  0  0  0  0  0  0  0  21  0  0  0  0  0  48  0  0  0  0  0  0  0 
1441620408  0  0  0  0  0  0  0  0  0  3719401  0  0  0  0  0  0  0  0  0  21  0  0  0  0  0  48  0  0  0  0  0  0  0 
1441620408  0  0  0  0  0  0  0  0  0  3719401  0  0  0  0  0  0  0  0  0  21  0  0  0  0  0  48  0  0  0  0  0  0  0 
1441620409  0  0  0  0  0  0  0  0  0  3719401  0  0  0  0  0  0  0  0  0  21  0  0  0  0  0  48  0  0  0  0  0  0  0 
1441620409  0  0  0  0  0  0  0  0  0  3719401  0  0  0  0  0  0  0  0  0  21  0  0  0  0  0  48  0  0  0  0  0  0  0 
1441620410  0  0  0  0  0  0  0  0  0  3721706  0  0  0  0  0  0  0  0  0  21  0  0  0  0  0  49  0  2305  0  0  0  0  0 
1441620410  0  0  0  0  0  0  0  0  0  3721706  0  0  0  0  0  0  0  0  0  21  0  0  0  0  0  49  0  0  0  0  0  0  0 
1441620411  0  0  0  0  0  0  0  0  0  3721706  0  0  0  0  0  0  0  0  0  21  0  0  0  0  0  49  0  0  0  0  0  0  0 
1441620411  0  0  0  0  0  0  0  0  0  3721706  0  0  0  0  0  0  0  0  0  21  0  0  0  0  0  49  0  0  0  0  0  0  0 
1441620412  0  0  0  0  0  0  0  0  0  3721706  0  0  0  0  0  0  0  0  0  21  0  0  0  0  0  49  0  0  0  0  0  0  0 
1441620412  0  0  0  0  0  0  0  0  0  3721706  0  0  0  0  0  0  0  0  0  21  0  0  0  0  0  49  0  0  0  0  0  0  0 
1441620413  0  0  0  0  0  0  0  0  0  3721706  0  0  0  0  0  0  0  0  0  21  0  0  0  0  0  49  0  0  0  0  0  0  0 
1441620413  0  0  0  0  0  0  0  0  0  3721706  0  0  0  0  0  0  0  0  0  21  0  0  0  0  0  49  0  0  0  0  0  0  0 
1441620414  0  0  0  0  0  0  0  0  0  3721706  0  0  0  0  0  0  0  0  0  21  0  0  0  0  0  49  0  0  0  0  0  0  0 
1441620414  0  0  0  0  0  0  0  0  0  3721706  0  0  0  0  0  0  0  0  0  21  0  0  0  0  0  49  0  0  0  0  0  0  0 
1441620415  0  0  0  0  0  0  0  0  0  3721706  0  0  0  0  0  0  0  0  0  21  0  0  0  0  0  49  0  0  0  0  0  0  0 
1441620415  0  0  0  0  0  0  0  0  0  3721706  0  0  0  0  0  0  0  0  0  21  0  0  0  0  0  49  0  0  0  0  0  0  0 
1441620416  0  0  0  0  0  0  0  0  0  3721706  0  0  0  0  0  0  0  0  0  21  0  0  0  0  0  49  0  0  0  0  0  0  0 
1441620416  0  0  0  0  0  0  0  0  0  3721706  0  0  0  0  0  0  0  0  0  21  0  0  0  0  0  49  0  0  0  0  0  0  0 
1441620417  0  0  0  0  0  0  0  0  0  3721706  0  0  0  0  0  0  0  0  0  21  0  0  0  0  0  49  0  0  0  0  0  0  0 
1441620417  0  0  0  0  0  0  0  0  0  3721706  0  0  0  0  0  0  0  0  0  21  0  0  0  0  0  49  0  0  0  0  0  0  0 
1441620418  0  0  0  0  0  0  0  0  0  3721706  0  0  0  0  0  0  0  0  0  21  0  0  0  0  0  49  0  0  0  0  0  0  0 
1441620418  0  0  0  0  0  0  0  0  0  3721706  0  0  0  0  0  0  0  0  0  21  0  0  0  0  0  49  0  0  0  0  0  0  0 
1441620419  0  0  0  0  0  0  0  0  0  3721706  0  0  0  0  0  0  0  0  0  21  0  0  0  0  0  49  0  0  0  0  0  0  0 
1441620419  0  0  0  0  0  0  0  0  0  3723974  0  0  0  0  0  0  0  0  0  21  0  0  0  0  0  50  0  2268  0  0  0  0  0 
1441620420  0  0  0  0  0  0  0  0  0  3723974  0  0  0  0  0  0  0  0  0  21  0  0  0  0  0  50  0  0  0  0  0  0  0 
1441620420  0  0  0  0  0  0  0  0  0  3723974  0  0  0  0  0  0  0  0  0  21  0  0  0  0  0  50  0  0  0  0  0  0  0 
1441620421  0  0  0  0  0  0  0  0  0  3723974  0  0  0  0  0  0  0  0  0  21  0  0  0  0  0  50  0  0  0  0  0  0  0 
1441620421  0  0  0  0  0  0  0  0  0  3723974  0  0  0  0  0  0  0  0  0  21  0  0  0  0  0  50  0  0  0  0  0  0  0 
1441620422  0  0  0  0  0  0  0  0  0  3723974  0  0  0  0  0  0  0  0  0  21  0  0  0  0  0  50  0  0  0  0  0  0  0 
1441620422  0  0  0  0  0  0  0  0  0  3723974  0  0  0  0  0  0  0  0  0  21  0  0  0  0  0  50  0  0  0  0  0  0  0 
1441620423  0  0  0  0  0  0  0  0  0  3723974  0  0  0  0  0  0  0  0  0  21  0  0  0  0  0  50  0  0  0  0  0  0  0 
1441620423  0  0  0  0  0  0  0  0  0  3723974  0  0  0  0  0  0  0  0  0  21  0  0  0  0  0  50  0  0  0  0  0  0  0 
1441620424  0  0  0  0  0  0  0  0  0  3723974  0  0  0  0  0  0  0  0  0  21  0  0  0  0  0  50  0  0  0  0  0  0  0 
1441620424  0  0  0  0  0  0  0  0  0  3723974  0  0  0  0  0  0  0  0  0  21  0  0  0  0  0  50  0  0  0  0  0  0  0 
1441620425  0  0  0  0  0  0  0  0  0  3723974  0  0  0  0  0  0  0  0  0  21  0  0  0  0  0  50  0  0  0  0  0  0  0 
1441620425  0  0  0  0  0  0  0  0  0  3723974  0  0  0  0  0  0  0  0  0  21  0  0  0  0  0  50  0  0  0  0  0  0  0 
1441620426  0  0  0  0  0  0  0  0  0  3723974  0  0  0  0  0  0  0  0  0  21  0  0  0  0  0  50  0  0  0  0  0  0  0 
1441620426  0  0  0  0  0  0  0  0  0  3723974  0  0  0  0  0  0  0  0  0  21  0  0  0  0  0  50  0  0  0  0  0  0  0 
1441620427  0  0  0  0  0  0  0  0  0  3723974  0  0  0  0  0  0  0  0  0  21  0  0  0  0  0  50  0  0  0  0  0  0  0 
1441620427  0  0  0  0  0  0  0  0  0  3723974  0  0  0  0  0  0  0  0  0  21  0  0  0  0  0  50  0  0  0  0  0  0  0 
1441620428  0  0  0  0  0  0  0  0  0  3723974  0  0  0  0  0  0  0  0  0  21  0  0  0  0  0  50  0  0  0  0  0  0  0 
1441620428  0  0  0  0  0  0  0  0  0  3723974  0  0  0  0  0  0  0  0  0  21  0  0  0  0  0  50  0  0  0  0  0  0  0 
1441620429  0  0  0  0  0  0  0  0  0  3723974  0  0  0  0  0  0  0  0  0  21  0  0  0  0  0  50  0  0  0  0  0  0  0 
1441620429  0  0  0  0  0  0  0  0  0  3723974  0  0  0  0  0  0  0  0  0  21  0  0  0  0  0  50  0  0  0  0  0  0  0 
1441620430  0  0  0  0  0  0  0  0  0  3726669  0  0  0  0  0  0  0  0  0  21  0  0  0  0  0  51  0  2695  0  0  0  0  0 
1441620430  0  0  0  0  0  0  0  0  0  3726669  0  0  0  0  0  0  0  0  0  21  0  0  0  0  0  51  0  0  0  0  0  0  0 
1441620431  0  0  0  0  0  0  0  0  0  3726669  0  0  0  0  0  0  0  0  0  21  0  0  0  0  0  51  0  0  0  0  0  0  0 
1441620431  0  0  0  0  0  0  0  0  0  3726669  0  0  0  0  0  0  0  0  0  21  0  0  0  0  0  51  0  0  0  0  0  0  0 
1441620432  0  0  0  0  0  0  0  0  0  3726669  0  0  0  0  0  0  0  0  0  21  0  0  0  0  0  51  0  0  0  0  0  0  0 
1441620432  0  0  0  0  0  0  0  0  0  3726669  0  0  0  0  0  0  0  0  0  21  0  0  0  0  0  51  0  0  0  0  0  0  0 
1441620433  0  0  0  0  0  0  0  0  0  3726669  0  0  0  0  0  0  0  0  0  21  0  0  0  0  0  51  0  0  0  0  0  0  0 
1441620433  0  0  0  0  0  0  0  0  0  3726669  0  0  0  0  0  0  0  0  0  21  0  0  0  0  0  51  0  0  0  0  0  0  0 
1441620434  0  0  0  0  0  0  0  0  0  3726669  0  0  0  0  0  0  0  0  0  21  0  0  0  0  0  51  0  0  0  0  0  0  0 
1441620434  0  0  0  0  0  0  0  0  0  3726669  0  0  0  0  0  0  0  0  0  21  0  0  0  0  0  51  0  0  0  0  0  0  0 
1441620435  0  0  0  0  0  0  0  0  0  3726669  0  0  0  0  0  0  0  0  0  21  0  0  0  0  0  51  0  0  0  0  0  0  0 
1441620435  0  0  0  0  0  0  0  0  0  3726669  0  0  0  0  0  0  0  0  0  21  0  0  0  0  0  51  0  0  0  0  0  0  0 
1441620436  0  0  0  0  0  0  0  0  0  3726669  0  0  0  0  0  0  0  0  0  21  0  0  0  0  0  51  0  0  0  0  0  0  0 
1441620436  0  0  0  0  0  0  0  0  0  3726669  0  0  0  0  0  0  0  0  0  21  0  0  0  0  0  51  0  0  0  0  0  0  0 
1441620437  0  0  0  0  0  0  0  0  0  3726669  0  0  0  0  0  0  0  0  0  21  0  0  0  0  0  51  0  0  0  0  0  0  0 
1441620437  0  0  0  0  0  0  0  0  0  3726669  0  0  0  0  0  0  0  0  0  21  0  0  0  0  0  51  0  0  0  0  0  0  0 
1441620438  0  0  0  0  0  0  0  0  0  3726669  0  0  0  0  0  0  0  0  0  21  0  0  0  0  0  51  0  0  0  0  0  0  0 
1441620438  0  0  0  0  0  0  0  0  0  3726669  0  0  0  0  0  0  0  0  0  21  0  0  0  0  0  51  0  0  0  0  0  0  0 
1441620439  0  0  0  0  0  0  0  0  0  3726669  0  0  0  0  0  0  0  0  0  21  0  0  0  0  0  51  0  0  0  0  0  0  0 
1441620439  0  0  0  0  0  0  0  0  0  3726669  0  0  0  0  0  0  0  0  0  21  0  0  0  0  0  51  0  0  0  0  0  0  0 
1441620440  0  0  0  0  0  0  0  0  0  3785676  0  0  0  0  0  0  0  0  0  23  0  0  0  0  0  55  0  59007  0  0  0  0  0 
1441620441  0  0  0  0  0  0  0  0  0  3810874  0  0  0  0  0  0  0  0  0  25  0  0  0  0  0  64  0  25198  0  0  0  0  0 
1441620441  0  0  0  0  0  0  0  0  0  3810874  0  0  0  0  0  0  0  0  0  25  0  0  0  0  0  64  0  0  0  0  0  0  0 
1441620442  0  0  0  0  0  0  0  0  0  3810874  0  0  0  0  0  0  0  0  0  25  0  0  0  0  0  64  0  0  0  0  0  0  0 
