#Type:X;CI:7;ww:0;ca:0;co:1;fr:0;Type:X;CI:7;PI:0;PT:EP;U0:0;U1:0;
#time  Pp  gt  gs  cn  cm  cb  Nc  Pc  cp  Tc  Nm  pr  ps  pt  px  pd  Pm  Om  fs  ft  Oc  Em  Gp  Ec  Ge  ot  os  Total_cycles_diff  Successful_get_diff  Total_get_diff  succ_put_diff  total_put_diff  get_hit  
1441620616  0  0  0  0  0  0  0  0  0  718036  0  0  0  0  0  0  0  0  0  0  0  0  0  0  0  0  0  718036  0  0  0  0  
1441620616  0  0  0  0  0  0  0  0  0  1163930  0  0  0  0  0  0  0  0  0  0  0  0  0  0  0  0  0  445894  0  0  0  0  0 
1441620617  0  0  0  0  0  0  0  0  0  1506963  0  0  0  0  0  0  0  0  0  0  0  0  0  0  0  0  0  343033  0  0  0  0  0 
1441620617  0  0  0  0  0  0  0  0  0  1740042  0  0  0  0  0  0  0  0  0  0  0  0  0  0  0  0  0  233079  0  0  0  0  0 
1441620618  0  0  0  0  0  0  0  0  0  2005244  0  0  0  0  0  0  0  0  0  0  0  0  0  0  0  0  0  265202  0  0  0  0  0 
1441620618  0  0  0  0  0  0  0  0  0  2346070  0  0  0  0  0  0  0  0  0  13  0  0  0  0  0  39  0  340826  0  0  0  0  0 
1441620619  0  0  0  0  0  0  0  0  0  3208671  0  0  0  0  0  0  0  0  0  15  0  0  0  0  0  41  0  862601  0  0  0  0  0 
1441620619  0  0  0  0  0  0  0  0  0  3208671  0  0  0  0  0  0  0  0  0  15  0  0  0  0  0  41  0  0  0  0  0  0  0 
1441620620  0  0  0  0  0  0  0  0  0  3879099  0  0  0  0  0  0  0  0  0  21  0  0  0  0  0  46  0  670428  0  0  0  0  0 
1441620620  0  0  0  0  0  0  0  0  0  4130321  0  0  0  0  0  0  0  0  0  21  0  0  0  0  0  46  0  251222  0  0  0  0  0 
1441620621  0  0  0  0  0  0  0  0  0  4130321  0  0  0  0  0  0  0  0  0  21  0  0  0  0  0  46  0  0  0  0  0  0  0 
1441620621  0  0  0  0  0  0  0  0  0  4130321  0  0  0  0  0  0  0  0  0  21  0  0  0  0  0  46  0  0  0  0  0  0  0 
1441620622  0  0  0  0  0  0  0  0  0  4130321  0  0  0  0  0  0  0  0  0  21  0  0  0  0  0  46  0  0  0  0  0  0  0 
1441620622  0  0  0  0  0  0  0  0  0  4130321  0  0  0  0  0  0  0  0  0  21  0  0  0  0  0  46  0  0  0  0  0  0  0 
1441620623  0  0  0  0  0  0  0  0  0  4130321  0  0  0  0  0  0  0  0  0  21  0  0  0  0  0  46  0  0  0  0  0  0  0 
1441620623  0  0  0  0  0  0  0  0  0  4130321  0  0  0  0  0  0  0  0  0  21  0  0  0  0  0  46  0  0  0  0  0  0  0 
1441620624  0  0  0  0  0  0  0  0  0  4130321  0  0  0  0  0  0  0  0  0  21  0  0  0  0  0  46  0  0  0  0  0  0  0 
1441620624  0  0  0  0  0  0  0  0  0  4130321  0  0  0  0  0  0  0  0  0  21  0  0  0  0  0  46  0  0  0  0  0  0  0 
1441620625  0  0  0  0  0  0  0  0  0  4130321  0  0  0  0  0  0  0  0  0  21  0  0  0  0  0  46  0  0  0  0  0  0  0 
1441620625  0  0  0  0  0  0  0  0  0  4130321  0  0  0  0  0  0  0  0  0  21  0  0  0  0  0  46  0  0  0  0  0  0  0 
1441620626  0  0  0  0  0  0  0  0  0  4130321  0  0  0  0  0  0  0  0  0  21  0  0  0  0  0  46  0  0  0  0  0  0  0 
1441620626  0  0  0  0  0  0  0  0  0  4130321  0  0  0  0  0  0  0  0  0  21  0  0  0  0  0  46  0  0  0  0  0  0  0 
1441620627  0  0  0  0  0  0  0  0  0  4130321  0  0  0  0  0  0  0  0  0  21  0  0  0  0  0  46  0  0  0  0  0  0  0 
1441620627  0  0  0  0  0  0  0  0  0  4130321  0  0  0  0  0  0  0  0  0  21  0  0  0  0  0  46  0  0  0  0  0  0  0 
1441620628  0  0  0  0  0  0  0  0  0  4130321  0  0  0  0  0  0  0  0  0  21  0  0  0  0  0  46  0  0  0  0  0  0  0 
1441620628  0  0  0  0  0  0  0  0  0  4130321  0  0  0  0  0  0  0  0  0  21  0  0  0  0  0  46  0  0  0  0  0  0  0 
1441620629  0  0  0  0  0  0  0  0  0  4130321  0  0  0  0  0  0  0  0  0  21  0  0  0  0  0  46  0  0  0  0  0  0  0 
1441620629  0  0  0  0  0  0  0  0  0  4130321  0  0  0  0  0  0  0  0  0  21  0  0  0  0  0  46  0  0  0  0  0  0  0 
1441620630  0  0  0  0  0  0  0  0  0  4130321  0  0  0  0  0  0  0  0  0  21  0  0  0  0  0  46  0  0  0  0  0  0  0 
1441620630  0  0  0  0  0  0  0  0  0  4130321  0  0  0  0  0  0  0  0  0  21  0  0  0  0  0  46  0  0  0  0  0  0  0 
1441620631  0  0  0  0  0  0  0  0  0  4130321  0  0  0  0  0  0  0  0  0  21  0  0  0  0  0  46  0  0  0  0  0  0  0 
1441620631  0  0  0  0  0  0  0  0  0  4130321  0  0  0  0  0  0  0  0  0  21  0  0  0  0  0  46  0  0  0  0  0  0  0 
1441620632  0  0  0  0  0  0  0  0  0  4130321  0  0  0  0  0  0  0  0  0  21  0  0  0  0  0  46  0  0  0  0  0  0  0 
1441620632  0  0  0  0  0  0  0  0  0  4130321  0  0  0  0  0  0  0  0  0  21  0  0  0  0  0  46  0  0  0  0  0  0  0 
1441620633  0  0  0  0  0  0  0  0  0  4130321  0  0  0  0  0  0  0  0  0  21  0  0  0  0  0  46  0  0  0  0  0  0  0 
1441620633  0  0  0  0  0  0  0  0  0  4130321  0  0  0  0  0  0  0  0  0  21  0  0  0  0  0  46  0  0  0  0  0  0  0 
1441620634  0  0  0  0  0  0  0  0  0  4130321  0  0  0  0  0  0  0  0  0  21  0  0  0  0  0  46  0  0  0  0  0  0  0 
1441620635  0  0  0  0  0  0  0  0  0  4130321  0  0  0  0  0  0  0  0  0  21  0  0  0  0  0  46  0  0  0  0  0  0  0 
1441620635  0  0  0  0  0  0  0  0  0  4130321  0  0  0  0  0  0  0  0  0  21  0  0  0  0  0  46  0  0  0  0  0  0  0 
1441620636  0  0  0  0  0  0  0  0  0  4130321  0  0  0  0  0  0  0  0  0  21  0  0  0  0  0  46  0  0  0  0  0  0  0 
1441620636  0  0  0  0  0  0  0  0  0  4130321  0  0  0  0  0  0  0  0  0  21  0  0  0  0  0  46  0  0  0  0  0  0  0 
1441620637  0  0  0  0  0  0  0  0  0  4130321  0  0  0  0  0  0  0  0  0  21  0  0  0  0  0  46  0  0  0  0  0  0  0 
1441620637  0  0  0  0  0  0  0  0  0  4130321  0  0  0  0  0  0  0  0  0  21  0  0  0  0  0  46  0  0  0  0  0  0  0 
1441620638  0  0  0  0  0  0  0  0  0  4130321  0  0  0  0  0  0  0  0  0  21  0  0  0  0  0  46  0  0  0  0  0  0  0 
1441620638  0  0  0  0  0  0  0  0  0  4130321  0  0  0  0  0  0  0  0  0  21  0  0  0  0  0  46  0  0  0  0  0  0  0 
1441620639  0  0  0  0  0  0  0  0  0  4130321  0  0  0  0  0  0  0  0  0  21  0  0  0  0  0  46  0  0  0  0  0  0  0 
1441620639  0  0  0  0  0  0  0  0  0  4130321  0  0  0  0  0  0  0  0  0  21  0  0  0  0  0  46  0  0  0  0  0  0  0 
1441620640  0  0  0  0  0  0  0  0  0  4130321  0  0  0  0  0  0  0  0  0  21  0  0  0  0  0  46  0  0  0  0  0  0  0 
1441620640  0  0  0  0  0  0  0  0  0  4130321  0  0  0  0  0  0  0  0  0  21  0  0  0  0  0  46  0  0  0  0  0  0  0 
1441620641  0  0  0  0  0  0  0  0  0  4130321  0  0  0  0  0  0  0  0  0  21  0  0  0  0  0  46  0  0  0  0  0  0  0 
1441620641  0  0  0  0  0  0  0  0  0  4130321  0  0  0  0  0  0  0  0  0  21  0  0  0  0  0  46  0  0  0  0  0  0  0 
1441620642  0  0  0  0  0  0  0  0  0  4130321  0  0  0  0  0  0  0  0  0  21  0  0  0  0  0  46  0  0  0  0  0  0  0 
1441620642  0  0  0  0  0  0  0  0  0  4130321  0  0  0  0  0  0  0  0  0  21  0  0  0  0  0  46  0  0  0  0  0  0  0 
1441620643  0  0  0  0  0  0  0  0  0  4130321  0  0  0  0  0  0  0  0  0  21  0  0  0  0  0  46  0  0  0  0  0  0  0 
1441620643  0  0  0  0  0  0  0  0  0  4130321  0  0  0  0  0  0  0  0  0  21  0  0  0  0  0  46  0  0  0  0  0  0  0 
1441620644  0  0  0  0  0  0  0  0  0  4130321  0  0  0  0  0  0  0  0  0  21  0  0  0  0  0  46  0  0  0  0  0  0  0 
1441620644  0  0  0  0  0  0  0  0  0  4130321  0  0  0  0  0  0  0  0  0  21  0  0  0  0  0  46  0  0  0  0  0  0  0 
1441620645  0  0  0  0  0  0  0  0  0  4130321  0  0  0  0  0  0  0  0  0  21  0  0  0  0  0  46  0  0  0  0  0  0  0 
1441620645  0  0  0  0  0  0  0  0  0  4130321  0  0  0  0  0  0  0  0  0  21  0  0  0  0  0  46  0  0  0  0  0  0  0 
1441620646  0  0  0  0  0  0  0  0  0  4130321  0  0  0  0  0  0  0  0  0  21  0  0  0  0  0  46  0  0  0  0  0  0  0 
1441620646  0  0  0  0  0  0  0  0  0  4130321  0  0  0  0  0  0  0  0  0  21  0  0  0  0  0  46  0  0  0  0  0  0  0 
1441620647  0  0  0  0  0  0  0  0  0  4130321  0  0  0  0  0  0  0  0  0  21  0  0  0  0  0  46  0  0  0  0  0  0  0 
1441620647  0  0  0  0  0  0  0  0  0  4130321  0  0  0  0  0  0  0  0  0  21  0  0  0  0  0  46  0  0  0  0  0  0  0 
1441620648  0  0  0  0  0  0  0  0  0  4130321  0  0  0  0  0  0  0  0  0  21  0  0  0  0  0  46  0  0  0  0  0  0  0 
1441620648  0  0  0  0  0  0  0  0  0  4130321  0  0  0  0  0  0  0  0  0  21  0  0  0  0  0  46  0  0  0  0  0  0  0 
1441620649  0  0  0  0  0  0  0  0  0  4130321  0  0  0  0  0  0  0  0  0  21  0  0  0  0  0  46  0  0  0  0  0  0  0 
1441620649  0  0  0  0  0  0  0  0  0  4130321  0  0  0  0  0  0  0  0  0  21  0  0  0  0  0  46  0  0  0  0  0  0  0 
1441620650  0  0  0  0  0  0  0  0  0  4130321  0  0  0  0  0  0  0  0  0  21  0  0  0  0  0  46  0  0  0  0  0  0  0 
1441620650  0  0  0  0  0  0  0  0  0  4130321  0  0  0  0  0  0  0  0  0  21  0  0  0  0  0  46  0  0  0  0  0  0  0 
1441620651  0  0  0  0  0  0  0  0  0  4130321  0  0  0  0  0  0  0  0  0  21  0  0  0  0  0  46  0  0  0  0  0  0  0 
1441620651  0  0  0  0  0  0  0  0  0  4130321  0  0  0  0  0  0  0  0  0  21  0  0  0  0  0  46  0  0  0  0  0  0  0 
1441620652  0  0  0  0  0  0  0  0  0  4130321  0  0  0  0  0  0  0  0  0  21  0  0  0  0  0  46  0  0  0  0  0  0  0 
1441620652  0  0  0  0  0  0  0  0  0  4130321  0  0  0  0  0  0  0  0  0  21  0  0  0  0  0  46  0  0  0  0  0  0  0 
1441620653  0  0  0  0  0  0  0  0  0  4130321  0  0  0  0  0  0  0  0  0  21  0  0  0  0  0  46  0  0  0  0  0  0  0 
1441620653  0  0  0  0  0  0  0  0  0  4130321  0  0  0  0  0  0  0  0  0  21  0  0  0  0  0  46  0  0  0  0  0  0  0 
1441620654  0  0  0  0  0  0  0  0  0  4130321  0  0  0  0  0  0  0  0  0  21  0  0  0  0  0  46  0  0  0  0  0  0  0 
1441620654  0  0  0  0  0  0  0  0  0  4130321  0  0  0  0  0  0  0  0  0  21  0  0  0  0  0  46  0  0  0  0  0  0  0 
1441620655  0  0  0  0  0  0  0  0  0  4130321  0  0  0  0  0  0  0  0  0  21  0  0  0  0  0  46  0  0  0  0  0  0  0 
1441620655  0  0  0  0  0  0  0  0  0  4130321  0  0  0  0  0  0  0  0  0  21  0  0  0  0  0  46  0  0  0  0  0  0  0 
1441620656  0  0  0  0  0  0  0  0  0  4130321  0  0  0  0  0  0  0  0  0  21  0  0  0  0  0  46  0  0  0  0  0  0  0 
1441620656  0  0  0  0  0  0  0  0  0  4130321  0  0  0  0  0  0  0  0  0  21  0  0  0  0  0  46  0  0  0  0  0  0  0 
1441620657  0  0  0  0  0  0  0  0  0  4130321  0  0  0  0  0  0  0  0  0  21  0  0  0  0  0  46  0  0  0  0  0  0  0 
1441620657  0  0  0  0  0  0  0  0  0  4130321  0  0  0  0  0  0  0  0  0  21  0  0  0  0  0  46  0  0  0  0  0  0  0 
1441620658  0  0  0  0  0  0  0  0  0  4130321  0  0  0  0  0  0  0  0  0  21  0  0  0  0  0  46  0  0  0  0  0  0  0 
1441620658  0  0  0  0  0  0  0  0  0  4130321  0  0  0  0  0  0  0  0  0  21  0  0  0  0  0  46  0  0  0  0  0  0  0 
1441620659  0  0  0  0  0  0  0  0  0  4130321  0  0  0  0  0  0  0  0  0  21  0  0  0  0  0  46  0  0  0  0  0  0  0 
1441620659  0  0  0  0  0  0  0  0  0  4130321  0  0  0  0  0  0  0  0  0  21  0  0  0  0  0  46  0  0  0  0  0  0  0 
1441620660  0  0  0  0  0  0  0  0  0  4130321  0  0  0  0  0  0  0  0  0  21  0  0  0  0  0  46  0  0  0  0  0  0  0 
1441620660  0  0  0  0  0  0  0  0  0  4130321  0  0  0  0  0  0  0  0  0  21  0  0  0  0  0  46  0  0  0  0  0  0  0 
1441620661  0  0  0  0  0  0  0  0  0  4130321  0  0  0  0  0  0  0  0  0  21  0  0  0  0  0  46  0  0  0  0  0  0  0 
1441620661  0  0  0  0  0  0  0  0  0  4130321  0  0  0  0  0  0  0  0  0  21  0  0  0  0  0  46  0  0  0  0  0  0  0 
1441620662  0  0  0  0  0  0  0  0  0  4130321  0  0  0  0  0  0  0  0  0  21  0  0  0  0  0  46  0  0  0  0  0  0  0 
1441620662  0  0  0  0  0  0  0  0  0  4130321  0  0  0  0  0  0  0  0  0  21  0  0  0  0  0  46  0  0  0  0  0  0  0 
1441620663  0  0  0  0  0  0  0  0  0  4130321  0  0  0  0  0  0  0  0  0  21  0  0  0  0  0  46  0  0  0  0  0  0  0 
1441620663  0  0  0  0  0  0  0  0  0  4130321  0  0  0  0  0  0  0  0  0  21  0  0  0  0  0  46  0  0  0  0  0  0  0 
1441620664  0  0  0  0  0  0  0  0  0  4130321  0  0  0  0  0  0  0  0  0  21  0  0  0  0  0  46  0  0  0  0  0  0  0 
1441620664  0  0  0  0  0  0  0  0  0  4130321  0  0  0  0  0  0  0  0  0  21  0  0  0  0  0  46  0  0  0  0  0  0  0 
1441620665  0  0  0  0  0  0  0  0  0  4130321  0  0  0  0  0  0  0  0  0  21  0  0  0  0  0  46  0  0  0  0  0  0  0 
1441620665  0  0  0  0  0  0  0  0  0  4130321  0  0  0  0  0  0  0  0  0  21  0  0  0  0  0  46  0  0  0  0  0  0  0 
1441620666  0  0  0  0  0  0  0  0  0  4130321  0  0  0  0  0  0  0  0  0  21  0  0  0  0  0  46  0  0  0  0  0  0  0 
1441620666  0  0  0  0  0  0  0  0  0  4130321  0  0  0  0  0  0  0  0  0  21  0  0  0  0  0  46  0  0  0  0  0  0  0 
1441620667  0  0  0  0  0  0  0  0  0  4130321  0  0  0  0  0  0  0  0  0  21  0  0  0  0  0  46  0  0  0  0  0  0  0 
1441620667  0  0  0  0  0  0  0  0  0  4130321  0  0  0  0  0  0  0  0  0  21  0  0  0  0  0  46  0  0  0  0  0  0  0 
1441620668  0  0  0  0  0  0  0  0  0  4130321  0  0  0  0  0  0  0  0  0  21  0  0  0  0  0  46  0  0  0  0  0  0  0 
1441620668  0  0  0  0  0  0  0  0  0  4130321  0  0  0  0  0  0  0  0  0  21  0  0  0  0  0  46  0  0  0  0  0  0  0 
1441620669  0  0  0  0  0  0  0  0  0  4130321  0  0  0  0  0  0  0  0  0  21  0  0  0  0  0  46  0  0  0  0  0  0  0 
1441620669  0  0  0  0  0  0  0  0  0  4130321  0  0  0  0  0  0  0  0  0  21  0  0  0  0  0  46  0  0  0  0  0  0  0 
1441620670  0  0  0  0  0  0  0  0  0  4130321  0  0  0  0  0  0  0  0  0  21  0  0  0  0  0  46  0  0  0  0  0  0  0 
1441620670  0  0  0  0  0  0  0  0  0  4130321  0  0  0  0  0  0  0  0  0  21  0  0  0  0  0  46  0  0  0  0  0  0  0 
1441620671  0  0  0  0  0  0  0  0  0  4130321  0  0  0  0  0  0  0  0  0  21  0  0  0  0  0  46  0  0  0  0  0  0  0 
1441620671  0  0  0  0  0  0  0  0  0  4130321  0  0  0  0  0  0  0  0  0  21  0  0  0  0  0  46  0  0  0  0  0  0  0 
1441620672  0  0  0  0  0  0  0  0  0  4130321  0  0  0  0  0  0  0  0  0  21  0  0  0  0  0  46  0  0  0  0  0  0  0 
1441620672  0  0  0  0  0  0  0  0  0  4141388  0  0  0  0  0  0  0  0  0  21  0  0  0  0  0  47  0  11067  0  0  0  0  0 
1441620673  0  0  0  0  0  0  0  0  0  4141388  0  0  0  0  0  0  0  0  0  21  0  0  0  0  0  47  0  0  0  0  0  0  0 
1441620673  0  0  0  0  0  0  0  0  0  4141388  0  0  0  0  0  0  0  0  0  21  0  0  0  0  0  47  0  0  0  0  0  0  0 
1441620674  0  0  0  0  0  0  0  0  0  4141388  0  0  0  0  0  0  0  0  0  21  0  0  0  0  0  47  0  0  0  0  0  0  0 
1441620674  0  0  0  0  0  0  0  0  0  4141388  0  0  0  0  0  0  0  0  0  21  0  0  0  0  0  47  0  0  0  0  0  0  0 
1441620675  0  0  0  0  0  0  0  0  0  4141388  0  0  0  0  0  0  0  0  0  21  0  0  0  0  0  47  0  0  0  0  0  0  0 
1441620676  0  0  0  0  0  0  0  0  0  4141388  0  0  0  0  0  0  0  0  0  21  0  0  0  0  0  47  0  0  0  0  0  0  0 
1441620676  0  0  0  0  0  0  0  0  0  4141388  0  0  0  0  0  0  0  0  0  21  0  0  0  0  0  47  0  0  0  0  0  0  0 
1441620677  0  0  0  0  0  0  0  0  0  4141388  0  0  0  0  0  0  0  0  0  21  0  0  0  0  0  47  0  0  0  0  0  0  0 
1441620677  0  0  0  0  0  0  0  0  0  4141388  0  0  0  0  0  0  0  0  0  21  0  0  0  0  0  47  0  0  0  0  0  0  0 
1441620678  0  0  0  0  0  0  0  0  0  4141388  0  0  0  0  0  0  0  0  0  21  0  0  0  0  0  47  0  0  0  0  0  0  0 
1441620678  0  0  0  0  0  0  0  0  0  4141388  0  0  0  0  0  0  0  0  0  21  0  0  0  0  0  47  0  0  0  0  0  0  0 
1441620679  0  0  0  0  0  0  0  0  0  4141388  0  0  0  0  0  0  0  0  0  21  0  0  0  0  0  47  0  0  0  0  0  0  0 
1441620679  0  0  0  0  0  0  0  0  0  4141388  0  0  0  0  0  0  0  0  0  21  0  0  0  0  0  47  0  0  0  0  0  0  0 
1441620680  0  0  0  0  0  0  0  0  0  4141388  0  0  0  0  0  0  0  0  0  21  0  0  0  0  0  47  0  0  0  0  0  0  0 
1441620680  0  0  0  0  0  0  0  0  0  4141388  0  0  0  0  0  0  0  0  0  21  0  0  0  0  0  47  0  0  0  0  0  0  0 
1441620681  0  0  0  0  0  0  0  0  0  4141388  0  0  0  0  0  0  0  0  0  21  0  0  0  0  0  47  0  0  0  0  0  0  0 
1441620681  0  0  0  0  0  0  0  0  0  4141388  0  0  0  0  0  0  0  0  0  21  0  0  0  0  0  47  0  0  0  0  0  0  0 
1441620682  0  0  0  0  0  0  0  0  0  4141388  0  0  0  0  0  0  0  0  0  21  0  0  0  0  0  47  0  0  0  0  0  0  0 
1441620682  0  0  0  0  0  0  0  0  0  4144258  0  0  0  0  0  0  0  0  0  21  0  0  0  0  0  48  0  2870  0  0  0  0  0 
1441620683  0  0  0  0  0  0  0  0  0  4144258  0  0  0  0  0  0  0  0  0  21  0  0  0  0  0  48  0  0  0  0  0  0  0 
1441620683  0  0  0  0  0  0  0  0  0  4144258  0  0  0  0  0  0  0  0  0  21  0  0  0  0  0  48  0  0  0  0  0  0  0 
1441620684  0  0  0  0  0  0  0  0  0  4144258  0  0  0  0  0  0  0  0  0  21  0  0  0  0  0  48  0  0  0  0  0  0  0 
1441620684  0  0  0  0  0  0  0  0  0  4144258  0  0  0  0  0  0  0  0  0  21  0  0  0  0  0  48  0  0  0  0  0  0  0 
1441620685  0  0  0  0  0  0  0  0  0  4144258  0  0  0  0  0  0  0  0  0  21  0  0  0  0  0  48  0  0  0  0  0  0  0 
1441620685  0  0  0  0  0  0  0  0  0  4144258  0  0  0  0  0  0  0  0  0  21  0  0  0  0  0  48  0  0  0  0  0  0  0 
1441620686  0  0  0  0  0  0  0  0  0  4144258  0  0  0  0  0  0  0  0  0  21  0  0  0  0  0  48  0  0  0  0  0  0  0 
1441620686  0  0  0  0  0  0  0  0  0  4144258  0  0  0  0  0  0  0  0  0  21  0  0  0  0  0  48  0  0  0  0  0  0  0 
1441620687  0  0  0  0  0  0  0  0  0  4144258  0  0  0  0  0  0  0  0  0  21  0  0  0  0  0  48  0  0  0  0  0  0  0 
1441620687  0  0  0  0  0  0  0  0  0  4144258  0  0  0  0  0  0  0  0  0  21  0  0  0  0  0  48  0  0  0  0  0  0  0 
1441620688  0  0  0  0  0  0  0  0  0  4144258  0  0  0  0  0  0  0  0  0  21  0  0  0  0  0  48  0  0  0  0  0  0  0 
1441620688  0  0  0  0  0  0  0  0  0  4144258  0  0  0  0  0  0  0  0  0  21  0  0  0  0  0  48  0  0  0  0  0  0  0 
1441620689  0  0  0  0  0  0  0  0  0  4144258  0  0  0  0  0  0  0  0  0  21  0  0  0  0  0  48  0  0  0  0  0  0  0 
1441620689  0  0  0  0  0  0  0  0  0  4144258  0  0  0  0  0  0  0  0  0  21  0  0  0  0  0  48  0  0  0  0  0  0  0 
1441620690  0  0  0  0  0  0  0  0  0  4144258  0  0  0  0  0  0  0  0  0  21  0  0  0  0  0  48  0  0  0  0  0  0  0 
1441620690  0  0  0  0  0  0  0  0  0  4144258  0  0  0  0  0  0  0  0  0  21  0  0  0  0  0  48  0  0  0  0  0  0  0 
1441620691  0  0  0  0  0  0  0  0  0  4144258  0  0  0  0  0  0  0  0  0  21  0  0  0  0  0  48  0  0  0  0  0  0  0 
1441620691  0  0  0  0  0  0  0  0  0  4144258  0  0  0  0  0  0  0  0  0  21  0  0  0  0  0  48  0  0  0  0  0  0  0 
1441620692  0  0  0  0  0  0  0  0  0  4144258  0  0  0  0  0  0  0  0  0  21  0  0  0  0  0  48  0  0  0  0  0  0  0 
1441620692  0  0  0  0  0  0  0  0  0  4146575  0  0  0  0  0  0  0  0  0  21  0  0  0  0  0  49  0  2317  0  0  0  0  0 
1441620693  0  0  0  0  0  0  0  0  0  4146575  0  0  0  0  0  0  0  0  0  21  0  0  0  0  0  49  0  0  0  0  0  0  0 
1441620693  0  0  0  0  0  0  0  0  0  4146575  0  0  0  0  0  0  0  0  0  21  0  0  0  0  0  49  0  0  0  0  0  0  0 
1441620694  0  0  0  0  0  0  0  0  0  4146575  0  0  0  0  0  0  0  0  0  21  0  0  0  0  0  49  0  0  0  0  0  0  0 
1441620694  0  0  0  0  0  0  0  0  0  4146575  0  0  0  0  0  0  0  0  0  21  0  0  0  0  0  49  0  0  0  0  0  0  0 
1441620695  0  0  0  0  0  0  0  0  0  4146575  0  0  0  0  0  0  0  0  0  21  0  0  0  0  0  49  0  0  0  0  0  0  0 
1441620695  0  0  0  0  0  0  0  0  0  4146575  0  0  0  0  0  0  0  0  0  21  0  0  0  0  0  49  0  0  0  0  0  0  0 
1441620696  0  0  0  0  0  0  0  0  0  4146575  0  0  0  0  0  0  0  0  0  21  0  0  0  0  0  49  0  0  0  0  0  0  0 
1441620696  0  0  0  0  0  0  0  0  0  4146575  0  0  0  0  0  0  0  0  0  21  0  0  0  0  0  49  0  0  0  0  0  0  0 
1441620697  0  0  0  0  0  0  0  0  0  4146575  0  0  0  0  0  0  0  0  0  21  0  0  0  0  0  49  0  0  0  0  0  0  0 
1441620697  0  0  0  0  0  0  0  0  0  4146575  0  0  0  0  0  0  0  0  0  21  0  0  0  0  0  49  0  0  0  0  0  0  0 
1441620698  0  0  0  0  0  0  0  0  0  4146575  0  0  0  0  0  0  0  0  0  21  0  0  0  0  0  49  0  0  0  0  0  0  0 
1441620698  0  0  0  0  0  0  0  0  0  4146575  0  0  0  0  0  0  0  0  0  21  0  0  0  0  0  49  0  0  0  0  0  0  0 
1441620699  0  0  0  0  0  0  0  0  0  4146575  0  0  0  0  0  0  0  0  0  21  0  0  0  0  0  49  0  0  0  0  0  0  0 
1441620699  0  0  0  0  0  0  0  0  0  4146575  0  0  0  0  0  0  0  0  0  21  0  0  0  0  0  49  0  0  0  0  0  0  0 
1441620700  0  0  0  0  0  0  0  0  0  4146575  0  0  0  0  0  0  0  0  0  21  0  0  0  0  0  49  0  0  0  0  0  0  0 
1441620700  0  0  0  0  0  0  0  0  0  4146575  0  0  0  0  0  0  0  0  0  21  0  0  0  0  0  49  0  0  0  0  0  0  0 
1441620701  0  0  0  0  0  0  0  0  0  4146575  0  0  0  0  0  0  0  0  0  21  0  0  0  0  0  49  0  0  0  0  0  0  0 
1441620701  0  0  0  0  0  0  0  0  0  4146575  0  0  0  0  0  0  0  0  0  21  0  0  0  0  0  49  0  0  0  0  0  0  0 
1441620702  0  0  0  0  0  0  0  0  0  4146575  0  0  0  0  0  0  0  0  0  21  0  0  0  0  0  49  0  0  0  0  0  0  0 
1441620702  0  0  0  0  0  0  0  0  0  4149031  0  0  0  0  0  0  0  0  0  21  0  0  0  0  0  50  0  2456  0  0  0  0  0 
1441620703  0  0  0  0  0  0  0  0  0  4149031  0  0  0  0  0  0  0  0  0  21  0  0  0  0  0  50  0  0  0  0  0  0  0 
1441620703  0  0  0  0  0  0  0  0  0  4149031  0  0  0  0  0  0  0  0  0  21  0  0  0  0  0  50  0  0  0  0  0  0  0 
1441620704  0  0  0  0  0  0  0  0  0  4149031  0  0  0  0  0  0  0  0  0  21  0  0  0  0  0  50  0  0  0  0  0  0  0 
1441620704  0  0  0  0  0  0  0  0  0  4149031  0  0  0  0  0  0  0  0  0  21  0  0  0  0  0  50  0  0  0  0  0  0  0 
1441620705  0  0  0  0  0  0  0  0  0  4149031  0  0  0  0  0  0  0  0  0  21  0  0  0  0  0  50  0  0  0  0  0  0  0 
1441620705  0  0  0  0  0  0  0  0  0  4149031  0  0  0  0  0  0  0  0  0  21  0  0  0  0  0  50  0  0  0  0  0  0  0 
1441620706  0  0  0  0  0  0  0  0  0  4149031  0  0  0  0  0  0  0  0  0  21  0  0  0  0  0  50  0  0  0  0  0  0  0 
1441620706  0  0  0  0  0  0  0  0  0  4149031  0  0  0  0  0  0  0  0  0  21  0  0  0  0  0  50  0  0  0  0  0  0  0 
1441620707  0  0  0  0  0  0  0  0  0  4149031  0  0  0  0  0  0  0  0  0  21  0  0  0  0  0  50  0  0  0  0  0  0  0 
1441620707  0  0  0  0  0  0  0  0  0  4149031  0  0  0  0  0  0  0  0  0  21  0  0  0  0  0  50  0  0  0  0  0  0  0 
1441620708  0  0  0  0  0  0  0  0  0  4149031  0  0  0  0  0  0  0  0  0  21  0  0  0  0  0  50  0  0  0  0  0  0  0 
1441620708  0  0  0  0  0  0  0  0  0  4149031  0  0  0  0  0  0  0  0  0  21  0  0  0  0  0  50  0  0  0  0  0  0  0 
1441620709  0  0  0  0  0  0  0  0  0  4149031  0  0  0  0  0  0  0  0  0  21  0  0  0  0  0  50  0  0  0  0  0  0  0 
1441620709  0  0  0  0  0  0  0  0  0  4149031  0  0  0  0  0  0  0  0  0  21  0  0  0  0  0  50  0  0  0  0  0  0  0 
1441620710  0  0  0  0  0  0  0  0  0  4149031  0  0  0  0  0  0  0  0  0  21  0  0  0  0  0  50  0  0  0  0  0  0  0 
1441620710  0  0  0  0  0  0  0  0  0  4149031  0  0  0  0  0  0  0  0  0  21  0  0  0  0  0  50  0  0  0  0  0  0  0 
1441620711  0  0  0  0  0  0  0  0  0  4149031  0  0  0  0  0  0  0  0  0  21  0  0  0  0  0  50  0  0  0  0  0  0  0 
1441620711  0  0  0  0  0  0  0  0  0  4149031  0  0  0  0  0  0  0  0  0  21  0  0  0  0  0  50  0  0  0  0  0  0  0 
1441620712  0  0  0  0  0  0  0  0  0  4152137  0  0  0  0  0  0  0  0  0  21  0  0  0  0  0  51  0  3106  0  0  0  0  0 
1441620713  0  0  0  0  0  0  0  0  0  4152137  0  0  0  0  0  0  0  0  0  21  0  0  0  0  0  51  0  0  0  0  0  0  0 
1441620713  0  0  0  0  0  0  0  0  0  4152137  0  0  0  0  0  0  0  0  0  21  0  0  0  0  0  51  0  0  0  0  0  0  0 
1441620714  0  0  0  0  0  0  0  0  0  4152137  0  0  0  0  0  0  0  0  0  21  0  0  0  0  0  51  0  0  0  0  0  0  0 
1441620714  0  0  0  0  0  0  0  0  0  4152137  0  0  0  0  0  0  0  0  0  21  0  0  0  0  0  51  0  0  0  0  0  0  0 
1441620715  0  0  0  0  0  0  0  0  0  4152137  0  0  0  0  0  0  0  0  0  21  0  0  0  0  0  51  0  0  0  0  0  0  0 
1441620715  0  0  0  0  0  0  0  0  0  4152137  0  0  0  0  0  0  0  0  0  21  0  0  0  0  0  51  0  0  0  0  0  0  0 
1441620716  0  0  0  0  0  0  0  0  0  4152137  0  0  0  0  0  0  0  0  0  21  0  0  0  0  0  51  0  0  0  0  0  0  0 
1441620716  0  0  0  0  0  0  0  0  0  4152137  0  0  0  0  0  0  0  0  0  21  0  0  0  0  0  51  0  0  0  0  0  0  0 
1441620717  0  0  0  0  0  0  0  0  0  4152137  0  0  0  0  0  0  0  0  0  21  0  0  0  0  0  51  0  0  0  0  0  0  0 
1441620717  0  0  0  0  0  0  0  0  0  4152137  0  0  0  0  0  0  0  0  0  21  0  0  0  0  0  51  0  0  0  0  0  0  0 
1441620718  0  0  0  0  0  0  0  0  0  4152137  0  0  0  0  0  0  0  0  0  21  0  0  0  0  0  51  0  0  0  0  0  0  0 
1441620718  0  0  0  0  0  0  0  0  0  4152137  0  0  0  0  0  0  0  0  0  21  0  0  0  0  0  51  0  0  0  0  0  0  0 
1441620719  0  0  0  0  0  0  0  0  0  4152137  0  0  0  0  0  0  0  0  0  21  0  0  0  0  0  51  0  0  0  0  0  0  0 
1441620719  0  0  0  0  0  0  0  0  0  4152137  0  0  0  0  0  0  0  0  0  21  0  0  0  0  0  51  0  0  0  0  0  0  0 
1441620720  0  0  0  0  0  0  0  0  0  4152137  0  0  0  0  0  0  0  0  0  21  0  0  0  0  0  51  0  0  0  0  0  0  0 
1441620720  0  0  0  0  0  0  0  0  0  4152137  0  0  0  0  0  0  0  0  0  21  0  0  0  0  0  51  0  0  0  0  0  0  0 
1441620721  0  0  0  0  0  0  0  0  0  4152137  0  0  0  0  0  0  0  0  0  21  0  0  0  0  0  51  0  0  0  0  0  0  0 
1441620721  0  0  0  0  0  0  0  0  0  4152137  0  0  0  0  0  0  0  0  0  21  0  0  0  0  0  51  0  0  0  0  0  0  0 
1441620722  0  0  0  0  0  0  0  0  0  4152137  0  0  0  0  0  0  0  0  0  21  0  0  0  0  0  51  0  0  0  0  0  0  0 
1441620722  0  0  0  0  0  0  0  0  0  4152137  0  0  0  0  0  0  0  0  0  21  0  0  0  0  0  51  0  0  0  0  0  0  0 
1441620723  0  0  0  0  0  0  0  0  0  4214600  0  0  0  0  0  0  0  0  0  23  0  0  0  0  0  55  0  62463  0  0  0  0  0 
1441620723  0  0  0  0  0  0  0  0  0  4253376  0  0  0  0  0  0  0  0  0  25  0  0  0  0  0  64  0  38776  0  0  0  0  0 
1441620724  0  0  0  0  0  0  0  0  0  4253376  0  0  0  0  0  0  0  0  0  25  0  0  0  0  0  64  0  0  0  0  0  0  0 
1441620724  0  0  0  0  0  0  0  0  0  4253376  0  0  0  0  0  0  0  0  0  25  0  0  0  0  0  64  0  0  0  0  0  0  0 
