#Type:X;CI:1;ww:0;ca:0;co:1;fr:0;Type:X;CI:1;PI:0;PT:EP;U0:0;U1:0;Type:X;CI:1;PI:1;PT:EP;U0:0;U1:0;
#time  Pp  gt  gs  cn  cm  cb  Nc  Pc  cp  Tc  Nm  pr  ps  pt  px  pd  Pm  Om  fs  ft  Oc  Em  Gp  Ec  Ge  ot  os  Total_cycles_diff  Successful_get_diff  Total_get_diff  succ_put_diff  total_put_diff  get_hit  
1441620258  0  0  0  0  0  0  0  0  0  21157  0  0  0  0  0  0  0  0  0  0  0  0  0  0  0  0  0  21157  0  0  0  0  
1441620258  0  0  0  0  0  0  0  0  0  21157  0  0  0  0  0  0  0  0  0  0  0  0  0  0  0  0  0  0  0  0  0  0  0 
1441620259  0  0  0  0  0  0  0  0  0  21157  0  0  0  0  0  0  0  0  0  0  0  0  0  0  0  0  0  0  0  0  0  0  0 
1441620259  0  0  0  0  0  0  0  0  0  21157  0  0  0  0  0  0  0  0  0  0  0  0  0  0  0  0  0  0  0  0  0  0  0 
1441620260  0  0  0  0  0  0  0  0  0  21157  0  0  0  0  0  0  0  0  0  0  0  0  0  0  0  0  0  0  0  0  0  0  0 
1441620260  0  0  0  0  0  0  0  0  0  21157  0  0  0  0  0  0  0  0  0  0  0  0  0  0  0  0  0  0  0  0  0  0  0 
1441620261  0  0  0  0  0  0  0  0  0  21157  0  0  0  0  0  0  0  0  0  0  0  0  0  0  0  0  0  0  0  0  0  0  0 
1441620261  0  0  0  0  0  0  0  0  0  21157  0  0  0  0  0  0  0  0  0  0  0  0  0  0  0  0  0  0  0  0  0  0  0 
1441620262  0  0  0  0  0  0  0  0  0  21157  0  0  0  0  0  0  0  0  0  0  0  0  0  0  0  0  0  0  0  0  0  0  0 
1441620262  0  0  0  0  0  0  0  0  0  21157  0  0  0  0  0  0  0  0  0  0  0  0  0  0  0  0  0  0  0  0  0  0  0 
1441620263  0  0  0  0  0  0  0  0  0  21157  0  0  0  0  0  0  0  0  0  0  0  0  0  0  0  0  0  0  0  0  0  0  0 
1441620263  0  0  0  0  0  0  0  0  0  21157  0  0  0  0  0  0  0  0  0  0  0  0  0  0  0  0  0  0  0  0  0  0  0 
1441620264  0  0  0  0  0  0  0  0  0  21157  0  0  0  0  0  0  0  0  0  0  0  0  0  0  0  0  0  0  0  0  0  0  0 
1441620264  0  0  0  0  0  0  0  0  0  21157  0  0  0  0  0  0  0  0  0  0  0  0  0  0  0  0  0  0  0  0  0  0  0 
1441620265  0  0  0  0  0  0  0  0  0  21157  0  0  0  0  0  0  0  0  0  0  0  0  0  0  0  0  0  0  0  0  0  0  0 
1441620265  0  0  0  0  0  0  0  0  0  21157  0  0  0  0  0  0  0  0  0  0  0  0  0  0  0  0  0  0  0  0  0  0  0 
1441620266  0  0  0  0  0  0  0  0  0  21157  0  0  0  0  0  0  0  0  0  0  0  0  0  0  0  0  0  0  0  0  0  0  0 
1441620266  0  0  0  0  0  0  0  0  0  21157  0  0  0  0  0  0  0  0  0  0  0  0  0  0  0  0  0  0  0  0  0  0  0 
1441620267  0  0  0  0  0  0  0  0  0  21157  0  0  0  0  0  0  0  0  0  0  0  0  0  0  0  0  0  0  0  0  0  0  0 
1441620267  0  0  0  0  0  0  0  0  0  21157  0  0  0  0  0  0  0  0  0  0  0  0  0  0  0  0  0  0  0  0  0  0  0 
1441620268  0  0  0  0  0  0  0  0  0  21157  0  0  0  0  0  0  0  0  0  0  0  0  0  0  0  0  0  0  0  0  0  0  0 
1441620268  0  0  0  0  0  0  0  0  0  21157  0  0  0  0  0  0  0  0  0  0  0  0  0  0  0  0  0  0  0  0  0  0  0 
1441620269  0  0  0  0  0  0  0  0  0  21157  0  0  0  0  0  0  0  0  0  0  0  0  0  0  0  0  0  0  0  0  0  0  0 
1441620269  0  0  0  0  0  0  0  0  0  21157  0  0  0  0  0  0  0  0  0  0  0  0  0  0  0  0  0  0  0  0  0  0  0 
1441620270  0  0  0  0  0  0  0  0  0  21157  0  0  0  0  0  0  0  0  0  0  0  0  0  0  0  0  0  0  0  0  0  0  0 
1441620270  0  0  0  0  0  0  0  0  0  21157  0  0  0  0  0  0  0  0  0  0  0  0  0  0  0  0  0  0  0  0  0  0  0 
1441620271  0  0  0  0  0  0  0  0  0  21157  0  0  0  0  0  0  0  0  0  0  0  0  0  0  0  0  0  0  0  0  0  0  0 
1441620271  0  0  0  0  0  0  0  0  0  21157  0  0  0  0  0  0  0  0  0  0  0  0  0  0  0  0  0  0  0  0  0  0  0 
1441620272  0  0  0  0  0  0  0  0  0  21157  0  0  0  0  0  0  0  0  0  0  0  0  0  0  0  0  0  0  0  0  0  0  0 
1441620272  0  0  0  0  0  0  0  0  0  21157  0  0  0  0  0  0  0  0  0  0  0  0  0  0  0  0  0  0  0  0  0  0  0 
1441620273  0  0  0  0  0  0  0  0  0  21157  0  0  0  0  0  0  0  0  0  0  0  0  0  0  0  0  0  0  0  0  0  0  0 
1441620273  0  0  0  0  0  0  0  0  0  21157  0  0  0  0  0  0  0  0  0  0  0  0  0  0  0  0  0  0  0  0  0  0  0 
1441620274  0  0  0  0  0  0  0  0  0  21157  0  0  0  0  0  0  0  0  0  0  0  0  0  0  0  0  0  0  0  0  0  0  0 
1441620274  0  0  0  0  0  0  0  0  0  21157  0  0  0  0  0  0  0  0  0  0  0  0  0  0  0  0  0  0  0  0  0  0  0 
1441620275  0  0  0  0  0  0  0  0  0  21157  0  0  0  0  0  0  0  0  0  0  0  0  0  0  0  0  0  0  0  0  0  0  0 
1441620275  0  0  0  0  0  0  0  0  0  21157  0  0  0  0  0  0  0  0  0  0  0  0  0  0  0  0  0  0  0  0  0  0  0 
1441620276  0  0  0  0  0  0  0  0  0  21157  0  0  0  0  0  0  0  0  0  0  0  0  0  0  0  0  0  0  0  0  0  0  0 
1441620276  0  0  0  0  0  0  0  0  0  21157  0  0  0  0  0  0  0  0  0  0  0  0  0  0  0  0  0  0  0  0  0  0  0 
1441620277  0  0  0  0  0  0  0  0  0  21157  0  0  0  0  0  0  0  0  0  0  0  0  0  0  0  0  0  0  0  0  0  0  0 
1441620277  0  0  0  0  0  0  0  0  0  21157  0  0  0  0  0  0  0  0  0  0  0  0  0  0  0  0  0  0  0  0  0  0  0 
1441620278  0  0  0  0  0  0  0  0  0  21157  0  0  0  0  0  0  0  0  0  0  0  0  0  0  0  0  0  0  0  0  0  0  0 
1441620278  0  0  0  0  0  0  0  0  0  21157  0  0  0  0  0  0  0  0  0  0  0  0  0  0  0  0  0  0  0  0  0  0  0 
1441620279  0  0  0  0  0  0  0  0  0  21157  0  0  0  0  0  0  0  0  0  0  0  0  0  0  0  0  0  0  0  0  0  0  0 
1441620279  0  0  0  0  0  0  0  0  0  21157  0  0  0  0  0  0  0  0  0  0  0  0  0  0  0  0  0  0  0  0  0  0  0 
1441620280  0  0  0  0  0  0  0  0  0  21157  0  0  0  0  0  0  0  0  0  0  0  0  0  0  0  0  0  0  0  0  0  0  0 
1441620280  0  0  0  0  0  0  0  0  0  21157  0  0  0  0  0  0  0  0  0  0  0  0  0  0  0  0  0  0  0  0  0  0  0 
1441620281  0  0  0  0  0  0  0  0  0  21157  0  0  0  0  0  0  0  0  0  0  0  0  0  0  0  0  0  0  0  0  0  0  0 
1441620281  0  0  0  0  0  0  0  0  0  21157  0  0  0  0  0  0  0  0  0  0  0  0  0  0  0  0  0  0  0  0  0  0  0 
1441620282  0  0  0  0  0  0  0  0  0  21157  0  0  0  0  0  0  0  0  0  0  0  0  0  0  0  0  0  0  0  0  0  0  0 
1441620282  0  0  0  0  0  0  0  0  0  21157  0  0  0  0  0  0  0  0  0  0  0  0  0  0  0  0  0  0  0  0  0  0  0 
1441620283  0  0  0  0  0  0  0  0  0  21157  0  0  0  0  0  0  0  0  0  0  0  0  0  0  0  0  0  0  0  0  0  0  0 
1441620283  0  0  0  0  0  0  0  0  0  21157  0  0  0  0  0  0  0  0  0  0  0  0  0  0  0  0  0  0  0  0  0  0  0 
1441620284  0  0  0  0  0  0  0  0  0  21157  0  0  0  0  0  0  0  0  0  0  0  0  0  0  0  0  0  0  0  0  0  0  0 
1441620284  0  0  0  0  0  0  0  0  0  21157  0  0  0  0  0  0  0  0  0  0  0  0  0  0  0  0  0  0  0  0  0  0  0 
1441620285  0  0  0  0  0  0  0  0  0  21157  0  0  0  0  0  0  0  0  0  0  0  0  0  0  0  0  0  0  0  0  0  0  0 
1441620285  0  0  0  0  0  0  0  0  0  21157  0  0  0  0  0  0  0  0  0  0  0  0  0  0  0  0  0  0  0  0  0  0  0 
1441620286  0  0  0  0  0  0  0  0  0  21157  0  0  0  0  0  0  0  0  0  0  0  0  0  0  0  0  0  0  0  0  0  0  0 
1441620286  0  0  0  0  0  0  0  0  0  21157  0  0  0  0  0  0  0  0  0  0  0  0  0  0  0  0  0  0  0  0  0  0  0 
1441620287  0  0  0  0  0  0  0  0  0  21157  0  0  0  0  0  0  0  0  0  0  0  0  0  0  0  0  0  0  0  0  0  0  0 
1441620287  0  0  0  0  0  0  0  0  0  21157  0  0  0  0  0  0  0  0  0  0  0  0  0  0  0  0  0  0  0  0  0  0  0 
1441620288  0  0  0  0  0  0  0  0  0  21157  0  0  0  0  0  0  0  0  0  0  0  0  0  0  0  0  0  0  0  0  0  0  0 
1441620288  0  0  0  0  0  0  0  0  0  21157  0  0  0  0  0  0  0  0  0  0  0  0  0  0  0  0  0  0  0  0  0  0  0 
1441620289  0  0  0  0  0  0  0  0  0  21157  0  0  0  0  0  0  0  0  0  0  0  0  0  0  0  0  0  0  0  0  0  0  0 
1441620289  0  0  0  0  0  0  0  0  0  21157  0  0  0  0  0  0  0  0  0  0  0  0  0  0  0  0  0  0  0  0  0  0  0 
1441620290  0  0  0  0  0  0  0  0  0  21157  0  0  0  0  0  0  0  0  0  0  0  0  0  0  0  0  0  0  0  0  0  0  0 
1441620290  0  0  0  0  0  0  0  0  0  21157  0  0  0  0  0  0  0  0  0  0  0  0  0  0  0  0  0  0  0  0  0  0  0 
1441620291  0  0  0  0  0  0  0  0  0  21157  0  0  0  0  0  0  0  0  0  0  0  0  0  0  0  0  0  0  0  0  0  0  0 
1441620291  0  0  0  0  0  0  0  0  0  21157  0  0  0  0  0  0  0  0  0  0  0  0  0  0  0  0  0  0  0  0  0  0  0 
1441620292  0  0  0  0  0  0  0  0  0  21157  0  0  0  0  0  0  0  0  0  0  0  0  0  0  0  0  0  0  0  0  0  0  0 
1441620293  0  0  0  0  0  0  0  0  0  21157  0  0  0  0  0  0  0  0  0  0  0  0  0  0  0  0  0  0  0  0  0  0  0 
1441620293  0  0  0  0  0  0  0  0  0  21157  0  0  0  0  0  0  0  0  0  0  0  0  0  0  0  0  0  0  0  0  0  0  0 
1441620294  0  0  0  0  0  0  0  0  0  21157  0  0  0  0  0  0  0  0  0  0  0  0  0  0  0  0  0  0  0  0  0  0  0 
1441620294  0  0  0  0  0  0  0  0  0  21157  0  0  0  0  0  0  0  0  0  0  0  0  0  0  0  0  0  0  0  0  0  0  0 
1441620295  0  0  0  0  0  0  0  0  0  21157  0  0  0  0  0  0  0  0  0  0  0  0  0  0  0  0  0  0  0  0  0  0  0 
1441620295  0  0  0  0  0  0  0  0  0  21157  0  0  0  0  0  0  0  0  0  0  0  0  0  0  0  0  0  0  0  0  0  0  0 
1441620296  0  0  0  0  0  0  0  0  0  21157  0  0  0  0  0  0  0  0  0  0  0  0  0  0  0  0  0  0  0  0  0  0  0 
1441620296  0  0  0  0  0  0  0  0  0  21157  0  0  0  0  0  0  0  0  0  0  0  0  0  0  0  0  0  0  0  0  0  0  0 
1441620297  0  0  0  0  0  0  0  0  0  21157  0  0  0  0  0  0  0  0  0  0  0  0  0  0  0  0  0  0  0  0  0  0  0 
1441620297  0  0  0  0  0  0  0  0  0  21157  0  0  0  0  0  0  0  0  0  0  0  0  0  0  0  0  0  0  0  0  0  0  0 
1441620298  0  0  0  0  0  0  0  0  0  21157  0  0  0  0  0  0  0  0  0  0  0  0  0  0  0  0  0  0  0  0  0  0  0 
1441620298  0  0  0  0  0  0  0  0  0  124469  0  0  0  0  0  0  0  0  0  0  0  0  0  0  0  0  0  103312  0  0  0  0  0 
1441620299  0  0  0  0  0  0  0  0  0  177453  0  0  0  0  0  0  0  0  0  0  0  0  0  0  0  0  0  52984  0  0  0  0  0 
1441620299  0  0  0  0  0  0  0  0  0  334638  0  0  0  0  0  0  0  0  0  1  0  0  0  0  0  3  0  157185  0  0  0  0  0 
1441620300  0  0  0  0  0  0  0  0  0  334638  0  0  0  0  0  0  0  0  0  1  0  0  0  0  0  3  0  0  0  0  0  0  0 
1441620300  0  0  0  0  0  0  0  0  0  414762  0  0  0  0  0  0  0  0  0  3  0  0  0  0  0  12  0  80124  0  0  0  0  0 
1441620301  0  0  0  0  0  0  0  0  0  414762  0  0  0  0  0  0  0  0  0  3  0  0  0  0  0  12  0  0  0  0  0  0  0 
