#Type:X;CI:11;ww:0;ca:0;co:1;fr:0;Type:X;CI:11;PI:0;PT:EP;U0:0;U1:0;
#time  Pp  gt  gs  cn  cm  cb  Nc  Pc  cp  Tc  Nm  pr  ps  pt  px  pd  Pm  Om  fs  ft  Oc  Em  Gp  Ec  Ge  ot  os  Total_cycles_diff  Successful_get_diff  Total_get_diff  succ_put_diff  total_put_diff  get_hit  
1441620899  0  0  0  0  0  0  0  0  0  187659  0  0  0  0  0  0  0  0  0  0  0  0  0  0  0  0  0  187659  0  0  0  0  
1441620899  0  0  0  0  0  0  0  0  0  759510  0  0  0  0  0  0  0  0  0  0  0  0  0  0  0  0  0  571851  0  0  0  0  0 
1441620900  0  0  0  0  0  0  0  0  0  1123411  0  0  0  0  0  0  0  0  0  0  0  0  0  0  0  0  0  363901  0  0  0  0  0 
1441620900  0  0  0  0  0  0  0  0  0  1384601  0  0  0  0  0  0  0  0  0  0  0  0  0  0  0  0  0  261190  0  0  0  0  0 
1441620901  0  0  0  0  0  0  0  0  0  1735653  0  0  0  0  0  0  0  0  0  0  0  0  0  0  0  1  0  351052  0  0  0  0  0 
1441620901  0  0  0  0  0  0  0  0  0  2346694  0  0  0  0  0  0  0  0  0  13  0  0  0  0  0  39  0  611041  0  0  0  0  0 
1441620902  0  0  0  0  0  0  0  0  0  2346694  0  0  0  0  0  0  0  0  0  13  0  0  0  0  0  39  0  0  0  0  0  0  0 
1441620902  0  0  0  0  0  0  0  0  0  3159567  0  0  0  0  0  0  0  0  0  20  0  0  0  0  0  44  0  812873  0  0  0  0  0 
1441620903  0  0  0  0  0  0  0  0  0  3623483  0  0  0  0  0  0  0  0  0  21  0  0  0  0  0  46  0  463916  0  0  0  0  0 
1441620903  0  0  0  0  0  0  0  0  0  3623483  0  0  0  0  0  0  0  0  0  21  0  0  0  0  0  46  0  0  0  0  0  0  0 
1441620904  0  0  0  0  0  0  0  0  0  3623483  0  0  0  0  0  0  0  0  0  21  0  0  0  0  0  46  0  0  0  0  0  0  0 
1441620904  0  0  0  0  0  0  0  0  0  3623483  0  0  0  0  0  0  0  0  0  21  0  0  0  0  0  46  0  0  0  0  0  0  0 
1441620905  0  0  0  0  0  0  0  0  0  3623483  0  0  0  0  0  0  0  0  0  21  0  0  0  0  0  46  0  0  0  0  0  0  0 
1441620905  0  0  0  0  0  0  0  0  0  3623483  0  0  0  0  0  0  0  0  0  21  0  0  0  0  0  46  0  0  0  0  0  0  0 
1441620906  0  0  0  0  0  0  0  0  0  3623483  0  0  0  0  0  0  0  0  0  21  0  0  0  0  0  46  0  0  0  0  0  0  0 
1441620906  0  0  0  0  0  0  0  0  0  3623483  0  0  0  0  0  0  0  0  0  21  0  0  0  0  0  46  0  0  0  0  0  0  0 
1441620907  0  0  0  0  0  0  0  0  0  3623483  0  0  0  0  0  0  0  0  0  21  0  0  0  0  0  46  0  0  0  0  0  0  0 
1441620907  0  0  0  0  0  0  0  0  0  3623483  0  0  0  0  0  0  0  0  0  21  0  0  0  0  0  46  0  0  0  0  0  0  0 
1441620908  0  0  0  0  0  0  0  0  0  3623483  0  0  0  0  0  0  0  0  0  21  0  0  0  0  0  46  0  0  0  0  0  0  0 
1441620908  0  0  0  0  0  0  0  0  0  3623483  0  0  0  0  0  0  0  0  0  21  0  0  0  0  0  46  0  0  0  0  0  0  0 
1441620909  0  0  0  0  0  0  0  0  0  3623483  0  0  0  0  0  0  0  0  0  21  0  0  0  0  0  46  0  0  0  0  0  0  0 
1441620909  0  0  0  0  0  0  0  0  0  3623483  0  0  0  0  0  0  0  0  0  21  0  0  0  0  0  46  0  0  0  0  0  0  0 
1441620910  0  0  0  0  0  0  0  0  0  3623483  0  0  0  0  0  0  0  0  0  21  0  0  0  0  0  46  0  0  0  0  0  0  0 
1441620910  0  0  0  0  0  0  0  0  0  3623483  0  0  0  0  0  0  0  0  0  21  0  0  0  0  0  46  0  0  0  0  0  0  0 
1441620911  0  0  0  0  0  0  0  0  0  3623483  0  0  0  0  0  0  0  0  0  21  0  0  0  0  0  46  0  0  0  0  0  0  0 
1441620911  0  0  0  0  0  0  0  0  0  3623483  0  0  0  0  0  0  0  0  0  21  0  0  0  0  0  46  0  0  0  0  0  0  0 
1441620912  0  0  0  0  0  0  0  0  0  3623483  0  0  0  0  0  0  0  0  0  21  0  0  0  0  0  46  0  0  0  0  0  0  0 
1441620912  0  0  0  0  0  0  0  0  0  3623483  0  0  0  0  0  0  0  0  0  21  0  0  0  0  0  46  0  0  0  0  0  0  0 
1441620913  0  0  0  0  0  0  0  0  0  3623483  0  0  0  0  0  0  0  0  0  21  0  0  0  0  0  46  0  0  0  0  0  0  0 
1441620913  0  0  0  0  0  0  0  0  0  3623483  0  0  0  0  0  0  0  0  0  21  0  0  0  0  0  46  0  0  0  0  0  0  0 
1441620914  0  0  0  0  0  0  0  0  0  3623483  0  0  0  0  0  0  0  0  0  21  0  0  0  0  0  46  0  0  0  0  0  0  0 
1441620914  0  0  0  0  0  0  0  0  0  3623483  0  0  0  0  0  0  0  0  0  21  0  0  0  0  0  46  0  0  0  0  0  0  0 
1441620915  0  0  0  0  0  0  0  0  0  3623483  0  0  0  0  0  0  0  0  0  21  0  0  0  0  0  46  0  0  0  0  0  0  0 
1441620915  0  0  0  0  0  0  0  0  0  3623483  0  0  0  0  0  0  0  0  0  21  0  0  0  0  0  46  0  0  0  0  0  0  0 
1441620916  0  0  0  0  0  0  0  0  0  3623483  0  0  0  0  0  0  0  0  0  21  0  0  0  0  0  46  0  0  0  0  0  0  0 
1441620916  0  0  0  0  0  0  0  0  0  3623483  0  0  0  0  0  0  0  0  0  21  0  0  0  0  0  46  0  0  0  0  0  0  0 
1441620917  0  0  0  0  0  0  0  0  0  3623483  0  0  0  0  0  0  0  0  0  21  0  0  0  0  0  46  0  0  0  0  0  0  0 
1441620917  0  0  0  0  0  0  0  0  0  3623483  0  0  0  0  0  0  0  0  0  21  0  0  0  0  0  46  0  0  0  0  0  0  0 
1441620918  0  0  0  0  0  0  0  0  0  3623483  0  0  0  0  0  0  0  0  0  21  0  0  0  0  0  46  0  0  0  0  0  0  0 
1441620918  0  0  0  0  0  0  0  0  0  3623483  0  0  0  0  0  0  0  0  0  21  0  0  0  0  0  46  0  0  0  0  0  0  0 
1441620919  0  0  0  0  0  0  0  0  0  3623483  0  0  0  0  0  0  0  0  0  21  0  0  0  0  0  46  0  0  0  0  0  0  0 
1441620919  0  0  0  0  0  0  0  0  0  3623483  0  0  0  0  0  0  0  0  0  21  0  0  0  0  0  46  0  0  0  0  0  0  0 
1441620920  0  0  0  0  0  0  0  0  0  3623483  0  0  0  0  0  0  0  0  0  21  0  0  0  0  0  46  0  0  0  0  0  0  0 
1441620920  0  0  0  0  0  0  0  0  0  3623483  0  0  0  0  0  0  0  0  0  21  0  0  0  0  0  46  0  0  0  0  0  0  0 
1441620921  0  0  0  0  0  0  0  0  0  3623483  0  0  0  0  0  0  0  0  0  21  0  0  0  0  0  46  0  0  0  0  0  0  0 
1441620921  0  0  0  0  0  0  0  0  0  3623483  0  0  0  0  0  0  0  0  0  21  0  0  0  0  0  46  0  0  0  0  0  0  0 
1441620922  0  0  0  0  0  0  0  0  0  3623483  0  0  0  0  0  0  0  0  0  21  0  0  0  0  0  46  0  0  0  0  0  0  0 
1441620922  0  0  0  0  0  0  0  0  0  3623483  0  0  0  0  0  0  0  0  0  21  0  0  0  0  0  46  0  0  0  0  0  0  0 
1441620923  0  0  0  0  0  0  0  0  0  3623483  0  0  0  0  0  0  0  0  0  21  0  0  0  0  0  46  0  0  0  0  0  0  0 
1441620923  0  0  0  0  0  0  0  0  0  3623483  0  0  0  0  0  0  0  0  0  21  0  0  0  0  0  46  0  0  0  0  0  0  0 
1441620924  0  0  0  0  0  0  0  0  0  3623483  0  0  0  0  0  0  0  0  0  21  0  0  0  0  0  46  0  0  0  0  0  0  0 
1441620924  0  0  0  0  0  0  0  0  0  3623483  0  0  0  0  0  0  0  0  0  21  0  0  0  0  0  46  0  0  0  0  0  0  0 
1441620925  0  0  0  0  0  0  0  0  0  3623483  0  0  0  0  0  0  0  0  0  21  0  0  0  0  0  46  0  0  0  0  0  0  0 
1441620925  0  0  0  0  0  0  0  0  0  3623483  0  0  0  0  0  0  0  0  0  21  0  0  0  0  0  46  0  0  0  0  0  0  0 
1441620926  0  0  0  0  0  0  0  0  0  3623483  0  0  0  0  0  0  0  0  0  21  0  0  0  0  0  46  0  0  0  0  0  0  0 
1441620926  0  0  0  0  0  0  0  0  0  3623483  0  0  0  0  0  0  0  0  0  21  0  0  0  0  0  46  0  0  0  0  0  0  0 
1441620927  0  0  0  0  0  0  0  0  0  3623483  0  0  0  0  0  0  0  0  0  21  0  0  0  0  0  46  0  0  0  0  0  0  0 
1441620927  0  0  0  0  0  0  0  0  0  3623483  0  0  0  0  0  0  0  0  0  21  0  0  0  0  0  46  0  0  0  0  0  0  0 
1441620928  0  0  0  0  0  0  0  0  0  3623483  0  0  0  0  0  0  0  0  0  21  0  0  0  0  0  46  0  0  0  0  0  0  0 
1441620928  0  0  0  0  0  0  0  0  0  3623483  0  0  0  0  0  0  0  0  0  21  0  0  0  0  0  46  0  0  0  0  0  0  0 
1441620929  0  0  0  0  0  0  0  0  0  3623483  0  0  0  0  0  0  0  0  0  21  0  0  0  0  0  46  0  0  0  0  0  0  0 
1441620929  0  0  0  0  0  0  0  0  0  3623483  0  0  0  0  0  0  0  0  0  21  0  0  0  0  0  46  0  0  0  0  0  0  0 
1441620930  0  0  0  0  0  0  0  0  0  3623483  0  0  0  0  0  0  0  0  0  21  0  0  0  0  0  46  0  0  0  0  0  0  0 
1441620930  0  0  0  0  0  0  0  0  0  3623483  0  0  0  0  0  0  0  0  0  21  0  0  0  0  0  46  0  0  0  0  0  0  0 
1441620931  0  0  0  0  0  0  0  0  0  3623483  0  0  0  0  0  0  0  0  0  21  0  0  0  0  0  46  0  0  0  0  0  0  0 
1441620931  0  0  0  0  0  0  0  0  0  3623483  0  0  0  0  0  0  0  0  0  21  0  0  0  0  0  46  0  0  0  0  0  0  0 
1441620932  0  0  0  0  0  0  0  0  0  3623483  0  0  0  0  0  0  0  0  0  21  0  0  0  0  0  46  0  0  0  0  0  0  0 
1441620932  0  0  0  0  0  0  0  0  0  3623483  0  0  0  0  0  0  0  0  0  21  0  0  0  0  0  46  0  0  0  0  0  0  0 
1441620933  0  0  0  0  0  0  0  0  0  3623483  0  0  0  0  0  0  0  0  0  21  0  0  0  0  0  46  0  0  0  0  0  0  0 
1441620933  0  0  0  0  0  0  0  0  0  3623483  0  0  0  0  0  0  0  0  0  21  0  0  0  0  0  46  0  0  0  0  0  0  0 
1441620934  0  0  0  0  0  0  0  0  0  3623483  0  0  0  0  0  0  0  0  0  21  0  0  0  0  0  46  0  0  0  0  0  0  0 
1441620934  0  0  0  0  0  0  0  0  0  3623483  0  0  0  0  0  0  0  0  0  21  0  0  0  0  0  46  0  0  0  0  0  0  0 
1441620935  0  0  0  0  0  0  0  0  0  3623483  0  0  0  0  0  0  0  0  0  21  0  0  0  0  0  46  0  0  0  0  0  0  0 
1441620935  0  0  0  0  0  0  0  0  0  3623483  0  0  0  0  0  0  0  0  0  21  0  0  0  0  0  46  0  0  0  0  0  0  0 
1441620936  0  0  0  0  0  0  0  0  0  3623483  0  0  0  0  0  0  0  0  0  21  0  0  0  0  0  46  0  0  0  0  0  0  0 
1441620936  0  0  0  0  0  0  0  0  0  3623483  0  0  0  0  0  0  0  0  0  21  0  0  0  0  0  46  0  0  0  0  0  0  0 
1441620937  0  0  0  0  0  0  0  0  0  3623483  0  0  0  0  0  0  0  0  0  21  0  0  0  0  0  46  0  0  0  0  0  0  0 
1441620937  0  0  0  0  0  0  0  0  0  3623483  0  0  0  0  0  0  0  0  0  21  0  0  0  0  0  46  0  0  0  0  0  0  0 
1441620938  0  0  0  0  0  0  0  0  0  3623483  0  0  0  0  0  0  0  0  0  21  0  0  0  0  0  46  0  0  0  0  0  0  0 
1441620938  0  0  0  0  0  0  0  0  0  3623483  0  0  0  0  0  0  0  0  0  21  0  0  0  0  0  46  0  0  0  0  0  0  0 
1441620939  0  0  0  0  0  0  0  0  0  3623483  0  0  0  0  0  0  0  0  0  21  0  0  0  0  0  46  0  0  0  0  0  0  0 
1441620939  0  0  0  0  0  0  0  0  0  3623483  0  0  0  0  0  0  0  0  0  21  0  0  0  0  0  46  0  0  0  0  0  0  0 
1441620940  0  0  0  0  0  0  0  0  0  3623483  0  0  0  0  0  0  0  0  0  21  0  0  0  0  0  46  0  0  0  0  0  0  0 
1441620940  0  0  0  0  0  0  0  0  0  3623483  0  0  0  0  0  0  0  0  0  21  0  0  0  0  0  46  0  0  0  0  0  0  0 
1441620941  0  0  0  0  0  0  0  0  0  3623483  0  0  0  0  0  0  0  0  0  21  0  0  0  0  0  46  0  0  0  0  0  0  0 
1441620941  0  0  0  0  0  0  0  0  0  3623483  0  0  0  0  0  0  0  0  0  21  0  0  0  0  0  46  0  0  0  0  0  0  0 
1441620942  0  0  0  0  0  0  0  0  0  3623483  0  0  0  0  0  0  0  0  0  21  0  0  0  0  0  46  0  0  0  0  0  0  0 
1441620942  0  0  0  0  0  0  0  0  0  3623483  0  0  0  0  0  0  0  0  0  21  0  0  0  0  0  46  0  0  0  0  0  0  0 
1441620943  0  0  0  0  0  0  0  0  0  3623483  0  0  0  0  0  0  0  0  0  21  0  0  0  0  0  46  0  0  0  0  0  0  0 
1441620943  0  0  0  0  0  0  0  0  0  3623483  0  0  0  0  0  0  0  0  0  21  0  0  0  0  0  46  0  0  0  0  0  0  0 
1441620944  0  0  0  0  0  0  0  0  0  3623483  0  0  0  0  0  0  0  0  0  21  0  0  0  0  0  46  0  0  0  0  0  0  0 
1441620944  0  0  0  0  0  0  0  0  0  3623483  0  0  0  0  0  0  0  0  0  21  0  0  0  0  0  46  0  0  0  0  0  0  0 
1441620945  0  0  0  0  0  0  0  0  0  3623483  0  0  0  0  0  0  0  0  0  21  0  0  0  0  0  46  0  0  0  0  0  0  0 
1441620945  0  0  0  0  0  0  0  0  0  3623483  0  0  0  0  0  0  0  0  0  21  0  0  0  0  0  46  0  0  0  0  0  0  0 
1441620946  0  0  0  0  0  0  0  0  0  3623483  0  0  0  0  0  0  0  0  0  21  0  0  0  0  0  46  0  0  0  0  0  0  0 
1441620946  0  0  0  0  0  0  0  0  0  3623483  0  0  0  0  0  0  0  0  0  21  0  0  0  0  0  46  0  0  0  0  0  0  0 
1441620947  0  0  0  0  0  0  0  0  0  3623483  0  0  0  0  0  0  0  0  0  21  0  0  0  0  0  46  0  0  0  0  0  0  0 
1441620948  0  0  0  0  0  0  0  0  0  3623483  0  0  0  0  0  0  0  0  0  21  0  0  0  0  0  46  0  0  0  0  0  0  0 
1441620948  0  0  0  0  0  0  0  0  0  3623483  0  0  0  0  0  0  0  0  0  21  0  0  0  0  0  46  0  0  0  0  0  0  0 
1441620949  0  0  0  0  0  0  0  0  0  3623483  0  0  0  0  0  0  0  0  0  21  0  0  0  0  0  46  0  0  0  0  0  0  0 
1441620949  0  0  0  0  0  0  0  0  0  3623483  0  0  0  0  0  0  0  0  0  21  0  0  0  0  0  46  0  0  0  0  0  0  0 
1441620950  0  0  0  0  0  0  0  0  0  3623483  0  0  0  0  0  0  0  0  0  21  0  0  0  0  0  46  0  0  0  0  0  0  0 
1441620950  0  0  0  0  0  0  0  0  0  3623483  0  0  0  0  0  0  0  0  0  21  0  0  0  0  0  46  0  0  0  0  0  0  0 
1441620951  0  0  0  0  0  0  0  0  0  3623483  0  0  0  0  0  0  0  0  0  21  0  0  0  0  0  46  0  0  0  0  0  0  0 
1441620951  0  0  0  0  0  0  0  0  0  3623483  0  0  0  0  0  0  0  0  0  21  0  0  0  0  0  46  0  0  0  0  0  0  0 
1441620952  0  0  0  0  0  0  0  0  0  3623483  0  0  0  0  0  0  0  0  0  21  0  0  0  0  0  46  0  0  0  0  0  0  0 
1441620952  0  0  0  0  0  0  0  0  0  3623483  0  0  0  0  0  0  0  0  0  21  0  0  0  0  0  46  0  0  0  0  0  0  0 
1441620953  0  0  0  0  0  0  0  0  0  3623483  0  0  0  0  0  0  0  0  0  21  0  0  0  0  0  46  0  0  0  0  0  0  0 
1441620953  0  0  0  0  0  0  0  0  0  3623483  0  0  0  0  0  0  0  0  0  21  0  0  0  0  0  46  0  0  0  0  0  0  0 
1441620954  0  0  0  0  0  0  0  0  0  3623483  0  0  0  0  0  0  0  0  0  21  0  0  0  0  0  46  0  0  0  0  0  0  0 
1441620954  0  0  0  0  0  0  0  0  0  3623483  0  0  0  0  0  0  0  0  0  21  0  0  0  0  0  46  0  0  0  0  0  0  0 
1441620955  0  0  0  0  0  0  0  0  0  3623483  0  0  0  0  0  0  0  0  0  21  0  0  0  0  0  46  0  0  0  0  0  0  0 
1441620955  0  0  0  0  0  0  0  0  0  3631615  0  0  0  0  0  0  0  0  0  21  0  0  0  0  0  47  0  8132  0  0  0  0  0 
1441620956  0  0  0  0  0  0  0  0  0  3631615  0  0  0  0  0  0  0  0  0  21  0  0  0  0  0  47  0  0  0  0  0  0  0 
1441620956  0  0  0  0  0  0  0  0  0  3631615  0  0  0  0  0  0  0  0  0  21  0  0  0  0  0  47  0  0  0  0  0  0  0 
1441620957  0  0  0  0  0  0  0  0  0  3631615  0  0  0  0  0  0  0  0  0  21  0  0  0  0  0  47  0  0  0  0  0  0  0 
1441620957  0  0  0  0  0  0  0  0  0  3631615  0  0  0  0  0  0  0  0  0  21  0  0  0  0  0  47  0  0  0  0  0  0  0 
1441620958  0  0  0  0  0  0  0  0  0  3631615  0  0  0  0  0  0  0  0  0  21  0  0  0  0  0  47  0  0  0  0  0  0  0 
1441620958  0  0  0  0  0  0  0  0  0  3631615  0  0  0  0  0  0  0  0  0  21  0  0  0  0  0  47  0  0  0  0  0  0  0 
1441620959  0  0  0  0  0  0  0  0  0  3631615  0  0  0  0  0  0  0  0  0  21  0  0  0  0  0  47  0  0  0  0  0  0  0 
1441620959  0  0  0  0  0  0  0  0  0  3631615  0  0  0  0  0  0  0  0  0  21  0  0  0  0  0  47  0  0  0  0  0  0  0 
1441620960  0  0  0  0  0  0  0  0  0  3631615  0  0  0  0  0  0  0  0  0  21  0  0  0  0  0  47  0  0  0  0  0  0  0 
1441620960  0  0  0  0  0  0  0  0  0  3631615  0  0  0  0  0  0  0  0  0  21  0  0  0  0  0  47  0  0  0  0  0  0  0 
1441620961  0  0  0  0  0  0  0  0  0  3631615  0  0  0  0  0  0  0  0  0  21  0  0  0  0  0  47  0  0  0  0  0  0  0 
1441620961  0  0  0  0  0  0  0  0  0  3631615  0  0  0  0  0  0  0  0  0  21  0  0  0  0  0  47  0  0  0  0  0  0  0 
1441620962  0  0  0  0  0  0  0  0  0  3631615  0  0  0  0  0  0  0  0  0  21  0  0  0  0  0  47  0  0  0  0  0  0  0 
1441620962  0  0  0  0  0  0  0  0  0  3631615  0  0  0  0  0  0  0  0  0  21  0  0  0  0  0  47  0  0  0  0  0  0  0 
1441620963  0  0  0  0  0  0  0  0  0  3631615  0  0  0  0  0  0  0  0  0  21  0  0  0  0  0  47  0  0  0  0  0  0  0 
1441620963  0  0  0  0  0  0  0  0  0  3631615  0  0  0  0  0  0  0  0  0  21  0  0  0  0  0  47  0  0  0  0  0  0  0 
1441620964  0  0  0  0  0  0  0  0  0  3631615  0  0  0  0  0  0  0  0  0  21  0  0  0  0  0  47  0  0  0  0  0  0  0 
1441620964  0  0  0  0  0  0  0  0  0  3631615  0  0  0  0  0  0  0  0  0  21  0  0  0  0  0  47  0  0  0  0  0  0  0 
1441620965  0  0  0  0  0  0  0  0  0  3631615  0  0  0  0  0  0  0  0  0  21  0  0  0  0  0  47  0  0  0  0  0  0  0 
1441620965  0  0  0  0  0  0  0  0  0  3634567  0  0  0  0  0  0  0  0  0  21  0  0  0  0  0  48  0  2952  0  0  0  0  0 
1441620966  0  0  0  0  0  0  0  0  0  3634567  0  0  0  0  0  0  0  0  0  21  0  0  0  0  0  48  0  0  0  0  0  0  0 
1441620966  0  0  0  0  0  0  0  0  0  3634567  0  0  0  0  0  0  0  0  0  21  0  0  0  0  0  48  0  0  0  0  0  0  0 
1441620967  0  0  0  0  0  0  0  0  0  3634567  0  0  0  0  0  0  0  0  0  21  0  0  0  0  0  48  0  0  0  0  0  0  0 
1441620967  0  0  0  0  0  0  0  0  0  3634567  0  0  0  0  0  0  0  0  0  21  0  0  0  0  0  48  0  0  0  0  0  0  0 
1441620968  0  0  0  0  0  0  0  0  0  3634567  0  0  0  0  0  0  0  0  0  21  0  0  0  0  0  48  0  0  0  0  0  0  0 
1441620968  0  0  0  0  0  0  0  0  0  3634567  0  0  0  0  0  0  0  0  0  21  0  0  0  0  0  48  0  0  0  0  0  0  0 
1441620969  0  0  0  0  0  0  0  0  0  3634567  0  0  0  0  0  0  0  0  0  21  0  0  0  0  0  48  0  0  0  0  0  0  0 
1441620969  0  0  0  0  0  0  0  0  0  3634567  0  0  0  0  0  0  0  0  0  21  0  0  0  0  0  48  0  0  0  0  0  0  0 
1441620970  0  0  0  0  0  0  0  0  0  3634567  0  0  0  0  0  0  0  0  0  21  0  0  0  0  0  48  0  0  0  0  0  0  0 
1441620970  0  0  0  0  0  0  0  0  0  3634567  0  0  0  0  0  0  0  0  0  21  0  0  0  0  0  48  0  0  0  0  0  0  0 
1441620971  0  0  0  0  0  0  0  0  0  3634567  0  0  0  0  0  0  0  0  0  21  0  0  0  0  0  48  0  0  0  0  0  0  0 
1441620971  0  0  0  0  0  0  0  0  0  3634567  0  0  0  0  0  0  0  0  0  21  0  0  0  0  0  48  0  0  0  0  0  0  0 
1441620972  0  0  0  0  0  0  0  0  0  3634567  0  0  0  0  0  0  0  0  0  21  0  0  0  0  0  48  0  0  0  0  0  0  0 
1441620972  0  0  0  0  0  0  0  0  0  3634567  0  0  0  0  0  0  0  0  0  21  0  0  0  0  0  48  0  0  0  0  0  0  0 
1441620973  0  0  0  0  0  0  0  0  0  3634567  0  0  0  0  0  0  0  0  0  21  0  0  0  0  0  48  0  0  0  0  0  0  0 
1441620973  0  0  0  0  0  0  0  0  0  3634567  0  0  0  0  0  0  0  0  0  21  0  0  0  0  0  48  0  0  0  0  0  0  0 
1441620974  0  0  0  0  0  0  0  0  0  3634567  0  0  0  0  0  0  0  0  0  21  0  0  0  0  0  48  0  0  0  0  0  0  0 
1441620974  0  0  0  0  0  0  0  0  0  3634567  0  0  0  0  0  0  0  0  0  21  0  0  0  0  0  48  0  0  0  0  0  0  0 
1441620975  0  0  0  0  0  0  0  0  0  3637794  0  0  0  0  0  0  0  0  0  21  0  0  0  0  0  49  0  3227  0  0  0  0  0 
1441620975  0  0  0  0  0  0  0  0  0  3637794  0  0  0  0  0  0  0  0  0  21  0  0  0  0  0  49  0  0  0  0  0  0  0 
1441620976  0  0  0  0  0  0  0  0  0  3637794  0  0  0  0  0  0  0  0  0  21  0  0  0  0  0  49  0  0  0  0  0  0  0 
1441620976  0  0  0  0  0  0  0  0  0  3637794  0  0  0  0  0  0  0  0  0  21  0  0  0  0  0  49  0  0  0  0  0  0  0 
1441620977  0  0  0  0  0  0  0  0  0  3637794  0  0  0  0  0  0  0  0  0  21  0  0  0  0  0  49  0  0  0  0  0  0  0 
1441620977  0  0  0  0  0  0  0  0  0  3637794  0  0  0  0  0  0  0  0  0  21  0  0  0  0  0  49  0  0  0  0  0  0  0 
1441620978  0  0  0  0  0  0  0  0  0  3637794  0  0  0  0  0  0  0  0  0  21  0  0  0  0  0  49  0  0  0  0  0  0  0 
1441620978  0  0  0  0  0  0  0  0  0  3637794  0  0  0  0  0  0  0  0  0  21  0  0  0  0  0  49  0  0  0  0  0  0  0 
1441620979  0  0  0  0  0  0  0  0  0  3637794  0  0  0  0  0  0  0  0  0  21  0  0  0  0  0  49  0  0  0  0  0  0  0 
1441620979  0  0  0  0  0  0  0  0  0  3637794  0  0  0  0  0  0  0  0  0  21  0  0  0  0  0  49  0  0  0  0  0  0  0 
1441620980  0  0  0  0  0  0  0  0  0  3637794  0  0  0  0  0  0  0  0  0  21  0  0  0  0  0  49  0  0  0  0  0  0  0 
1441620980  0  0  0  0  0  0  0  0  0  3637794  0  0  0  0  0  0  0  0  0  21  0  0  0  0  0  49  0  0  0  0  0  0  0 
1441620981  0  0  0  0  0  0  0  0  0  3637794  0  0  0  0  0  0  0  0  0  21  0  0  0  0  0  49  0  0  0  0  0  0  0 
1441620981  0  0  0  0  0  0  0  0  0  3637794  0  0  0  0  0  0  0  0  0  21  0  0  0  0  0  49  0  0  0  0  0  0  0 
1441620982  0  0  0  0  0  0  0  0  0  3637794  0  0  0  0  0  0  0  0  0  21  0  0  0  0  0  49  0  0  0  0  0  0  0 
1441620982  0  0  0  0  0  0  0  0  0  3637794  0  0  0  0  0  0  0  0  0  21  0  0  0  0  0  49  0  0  0  0  0  0  0 
1441620983  0  0  0  0  0  0  0  0  0  3637794  0  0  0  0  0  0  0  0  0  21  0  0  0  0  0  49  0  0  0  0  0  0  0 
1441620984  0  0  0  0  0  0  0  0  0  3637794  0  0  0  0  0  0  0  0  0  21  0  0  0  0  0  49  0  0  0  0  0  0  0 
1441620984  0  0  0  0  0  0  0  0  0  3637794  0  0  0  0  0  0  0  0  0  21  0  0  0  0  0  49  0  0  0  0  0  0  0 
1441620985  0  0  0  0  0  0  0  0  0  3637794  0  0  0  0  0  0  0  0  0  21  0  0  0  0  0  49  0  0  0  0  0  0  0 
1441620985  0  0  0  0  0  0  0  0  0  3639944  0  0  0  0  0  0  0  0  0  21  0  0  0  0  0  50  0  2150  0  0  0  0  0 
1441620986  0  0  0  0  0  0  0  0  0  3639944  0  0  0  0  0  0  0  0  0  21  0  0  0  0  0  50  0  0  0  0  0  0  0 
1441620986  0  0  0  0  0  0  0  0  0  3639944  0  0  0  0  0  0  0  0  0  21  0  0  0  0  0  50  0  0  0  0  0  0  0 
1441620987  0  0  0  0  0  0  0  0  0  3639944  0  0  0  0  0  0  0  0  0  21  0  0  0  0  0  50  0  0  0  0  0  0  0 
1441620987  0  0  0  0  0  0  0  0  0  3639944  0  0  0  0  0  0  0  0  0  21  0  0  0  0  0  50  0  0  0  0  0  0  0 
1441620988  0  0  0  0  0  0  0  0  0  3639944  0  0  0  0  0  0  0  0  0  21  0  0  0  0  0  50  0  0  0  0  0  0  0 
1441620988  0  0  0  0  0  0  0  0  0  3639944  0  0  0  0  0  0  0  0  0  21  0  0  0  0  0  50  0  0  0  0  0  0  0 
1441620989  0  0  0  0  0  0  0  0  0  3639944  0  0  0  0  0  0  0  0  0  21  0  0  0  0  0  50  0  0  0  0  0  0  0 
1441620989  0  0  0  0  0  0  0  0  0  3639944  0  0  0  0  0  0  0  0  0  21  0  0  0  0  0  50  0  0  0  0  0  0  0 
1441620990  0  0  0  0  0  0  0  0  0  3639944  0  0  0  0  0  0  0  0  0  21  0  0  0  0  0  50  0  0  0  0  0  0  0 
1441620990  0  0  0  0  0  0  0  0  0  3639944  0  0  0  0  0  0  0  0  0  21  0  0  0  0  0  50  0  0  0  0  0  0  0 
1441620991  0  0  0  0  0  0  0  0  0  3639944  0  0  0  0  0  0  0  0  0  21  0  0  0  0  0  50  0  0  0  0  0  0  0 
1441620991  0  0  0  0  0  0  0  0  0  3639944  0  0  0  0  0  0  0  0  0  21  0  0  0  0  0  50  0  0  0  0  0  0  0 
1441620992  0  0  0  0  0  0  0  0  0  3639944  0  0  0  0  0  0  0  0  0  21  0  0  0  0  0  50  0  0  0  0  0  0  0 
1441620992  0  0  0  0  0  0  0  0  0  3639944  0  0  0  0  0  0  0  0  0  21  0  0  0  0  0  50  0  0  0  0  0  0  0 
1441620993  0  0  0  0  0  0  0  0  0  3639944  0  0  0  0  0  0  0  0  0  21  0  0  0  0  0  50  0  0  0  0  0  0  0 
1441620993  0  0  0  0  0  0  0  0  0  3639944  0  0  0  0  0  0  0  0  0  21  0  0  0  0  0  50  0  0  0  0  0  0  0 
1441620994  0  0  0  0  0  0  0  0  0  3639944  0  0  0  0  0  0  0  0  0  21  0  0  0  0  0  50  0  0  0  0  0  0  0 
1441620994  0  0  0  0  0  0  0  0  0  3639944  0  0  0  0  0  0  0  0  0  21  0  0  0  0  0  50  0  0  0  0  0  0  0 
1441620995  0  0  0  0  0  0  0  0  0  3639944  0  0  0  0  0  0  0  0  0  21  0  0  0  0  0  50  0  0  0  0  0  0  0 
1441620995  0  0  0  0  0  0  0  0  0  3639944  0  0  0  0  0  0  0  0  0  21  0  0  0  0  0  50  0  0  0  0  0  0  0 
1441620996  0  0  0  0  0  0  0  0  0  3643035  0  0  0  0  0  0  0  0  0  21  0  0  0  0  0  51  0  3091  0  0  0  0  0 
1441620996  0  0  0  0  0  0  0  0  0  3643035  0  0  0  0  0  0  0  0  0  21  0  0  0  0  0  51  0  0  0  0  0  0  0 
1441620997  0  0  0  0  0  0  0  0  0  3643035  0  0  0  0  0  0  0  0  0  21  0  0  0  0  0  51  0  0  0  0  0  0  0 
1441620997  0  0  0  0  0  0  0  0  0  3643035  0  0  0  0  0  0  0  0  0  21  0  0  0  0  0  51  0  0  0  0  0  0  0 
1441620998  0  0  0  0  0  0  0  0  0  3643035  0  0  0  0  0  0  0  0  0  21  0  0  0  0  0  51  0  0  0  0  0  0  0 
1441620998  0  0  0  0  0  0  0  0  0  3643035  0  0  0  0  0  0  0  0  0  21  0  0  0  0  0  51  0  0  0  0  0  0  0 
1441620999  0  0  0  0  0  0  0  0  0  3643035  0  0  0  0  0  0  0  0  0  21  0  0  0  0  0  51  0  0  0  0  0  0  0 
1441620999  0  0  0  0  0  0  0  0  0  3643035  0  0  0  0  0  0  0  0  0  21  0  0  0  0  0  51  0  0  0  0  0  0  0 
1441621000  0  0  0  0  0  0  0  0  0  3643035  0  0  0  0  0  0  0  0  0  21  0  0  0  0  0  51  0  0  0  0  0  0  0 
1441621000  0  0  0  0  0  0  0  0  0  3643035  0  0  0  0  0  0  0  0  0  21  0  0  0  0  0  51  0  0  0  0  0  0  0 
1441621001  0  0  0  0  0  0  0  0  0  3643035  0  0  0  0  0  0  0  0  0  21  0  0  0  0  0  51  0  0  0  0  0  0  0 
1441621001  0  0  0  0  0  0  0  0  0  3643035  0  0  0  0  0  0  0  0  0  21  0  0  0  0  0  51  0  0  0  0  0  0  0 
1441621002  0  0  0  0  0  0  0  0  0  3643035  0  0  0  0  0  0  0  0  0  21  0  0  0  0  0  51  0  0  0  0  0  0  0 
1441621002  0  0  0  0  0  0  0  0  0  3643035  0  0  0  0  0  0  0  0  0  21  0  0  0  0  0  51  0  0  0  0  0  0  0 
1441621003  0  0  0  0  0  0  0  0  0  3643035  0  0  0  0  0  0  0  0  0  21  0  0  0  0  0  51  0  0  0  0  0  0  0 
1441621003  0  0  0  0  0  0  0  0  0  3643035  0  0  0  0  0  0  0  0  0  21  0  0  0  0  0  51  0  0  0  0  0  0  0 
1441621004  0  0  0  0  0  0  0  0  0  3643035  0  0  0  0  0  0  0  0  0  21  0  0  0  0  0  51  0  0  0  0  0  0  0 
1441621004  0  0  0  0  0  0  0  0  0  3643035  0  0  0  0  0  0  0  0  0  21  0  0  0  0  0  51  0  0  0  0  0  0  0 
1441621005  0  0  0  0  0  0  0  0  0  3643035  0  0  0  0  0  0  0  0  0  21  0  0  0  0  0  51  0  0  0  0  0  0  0 
1441621005  0  0  0  0  0  0  0  0  0  3692646  0  0  0  0  0  0  0  0  0  23  0  0  0  0  0  55  0  49611  0  0  0  0  0 
1441621006  0  0  0  0  0  0  0  0  0  3738805  0  0  0  0  0  0  0  0  0  25  0  0  0  0  0  64  0  46159  0  0  0  0  0 
1441621006  0  0  0  0  0  0  0  0  0  3738805  0  0  0  0  0  0  0  0  0  25  0  0  0  0  0  64  0  0  0  0  0  0  0 
1441621007  0  0  0  0  0  0  0  0  0  3738805  0  0  0  0  0  0  0  0  0  25  0  0  0  0  0  64  0  0  0  0  0  0  0 
