#type:T;
#time  gt  cn  Pt  Px  gx  cx  gn  gm  Pn  Pm  Ft  cm  pt  Fx  px  ct  pn  Fm  Fn  pm  dn  On  Om  dm  dx  Ox  dt  Ot  Gt  Cn  Cm  Gx  Cx  Gn  Gm  Ct  
1441317911  4117591  0  0  0  13299  0  4895  157  0  2147483647  18558  2147483647  0  3100  0  0  0  233  21  2147483647  0  46  254  2147483647  0  3658  0  51943  0  0  2147483647  0  0  0  2147483647  0  
1441317911  4120703  0  0  0  13299  0  4896  157  0  2147483647  18558  2147483647  0  3100  0  0  0  233  21  2147483647  0  47  254  2147483647  0  4743  0  56686  0  0  2147483647  0  0  0  2147483647  0  
1441317912  4120703  0  0  0  13299  0  4896  157  0  2147483647  18558  2147483647  0  3100  0  0  0  233  21  2147483647  0  47  254  2147483647  0  4743  0  56686  0  0  2147483647  0  0  0  2147483647  0  
1441317912  4120703  0  0  0  13299  0  4896  157  0  2147483647  18558  2147483647  0  3100  0  0  0  233  21  2147483647  0  47  254  2147483647  0  4743  0  56686  0  0  2147483647  0  0  0  2147483647  0  
1441317913  4120703  0  0  0  13299  0  4896  157  0  2147483647  18558  2147483647  0  3100  0  0  0  233  21  2147483647  0  47  254  2147483647  0  4743  0  56686  0  0  2147483647  0  0  0  2147483647  0  
1441317913  4120703  0  0  0  13299  0  4896  157  0  2147483647  18558  2147483647  0  3100  0  0  0  233  21  2147483647  0  47  254  2147483647  0  4743  0  56686  0  0  2147483647  0  0  0  2147483647  0  
1441317914  4120703  0  0  0  13299  0  4896  157  0  2147483647  18558  2147483647  0  3100  0  0  0  233  21  2147483647  0  47  254  2147483647  0  4743  0  56686  0  0  2147483647  0  0  0  2147483647  0  
1441317914  4120703  0  0  0  13299  0  4896  157  0  2147483647  18558  2147483647  0  3100  0  0  0  233  21  2147483647  0  47  254  2147483647  0  4743  0  56686  0  0  2147483647  0  0  0  2147483647  0  
1441317915  4120703  0  0  0  13299  0  4896  157  0  2147483647  18558  2147483647  0  3100  0  0  0  233  21  2147483647  0  47  254  2147483647  0  4743  0  56686  0  0  2147483647  0  0  0  2147483647  0  
1441317915  4120703  0  0  0  13299  0  4896  157  0  2147483647  18558  2147483647  0  3100  0  0  0  233  21  2147483647  0  47  254  2147483647  0  4743  0  56686  0  0  2147483647  0  0  0  2147483647  0  
1441317916  4120703  0  0  0  13299  0  4896  157  0  2147483647  18558  2147483647  0  3100  0  0  0  233  21  2147483647  0  47  254  2147483647  0  4743  0  56686  0  0  2147483647  0  0  0  2147483647  0  
1441317916  4120703  0  0  0  13299  0  4896  157  0  2147483647  18558  2147483647  0  3100  0  0  0  233  21  2147483647  0  47  254  2147483647  0  4743  0  56686  0  0  2147483647  0  0  0  2147483647  0  
1441317917  4120703  0  0  0  13299  0  4896  157  0  2147483647  18558  2147483647  0  3100  0  0  0  233  21  2147483647  0  47  254  2147483647  0  4743  0  56686  0  0  2147483647  0  0  0  2147483647  0  
1441317917  4120703  0  0  0  13299  0  4896  157  0  2147483647  18558  2147483647  0  3100  0  0  0  233  21  2147483647  0  47  254  2147483647  0  4743  0  56686  0  0  2147483647  0  0  0  2147483647  0  
1441317918  4120703  0  0  0  13299  0  4896  157  0  2147483647  18558  2147483647  0  3100  0  0  0  233  21  2147483647  0  47  254  2147483647  0  4743  0  56686  0  0  2147483647  0  0  0  2147483647  0  
1441317918  4120703  0  0  0  13299  0  4896  157  0  2147483647  18558  2147483647  0  3100  0  0  0  233  21  2147483647  0  47  254  2147483647  0  4743  0  56686  0  0  2147483647  0  0  0  2147483647  0  
1441317919  4120703  0  0  0  13299  0  4896  157  0  2147483647  18558  2147483647  0  3100  0  0  0  233  21  2147483647  0  47  254  2147483647  0  4743  0  56686  0  0  2147483647  0  0  0  2147483647  0  
1441317919  4120703  0  0  0  13299  0  4896  157  0  2147483647  18558  2147483647  0  3100  0  0  0  233  21  2147483647  0  47  254  2147483647  0  4743  0  56686  0  0  2147483647  0  0  0  2147483647  0  
1441317920  4120703  0  0  0  13299  0  4896  157  0  2147483647  18558  2147483647  0  3100  0  0  0  233  21  2147483647  0  47  254  2147483647  0  4743  0  56686  0  0  2147483647  0  0  0  2147483647  0  
1441317920  4120703  0  0  0  13299  0  4896  157  0  2147483647  18558  2147483647  0  3100  0  0  0  233  21  2147483647  0  47  254  2147483647  0  4743  0  56686  0  0  2147483647  0  0  0  2147483647  0  
1441317921  4123228  0  0  0  13299  0  4897  157  0  2147483647  18558  2147483647  0  3100  0  0  0  233  21  2147483647  0  47  254  2147483647  0  4743  0  56686  0  0  2147483647  0  0  0  2147483647  0  
1441317921  4279965  0  15779153  67781  13299  0  5009  157  3421  2870  44101  2147483647  0  3100  0  0  0  208  111  2147483647  0  249  254  2147483647  0  56598  0  614529  962018  3540  554  34860  7168  119  1869  6203865  
1441317922  4399285  0  15779153  67781  13299  0  5089  157  3421  2870  44101  2147483647  0  3100  0  0  0  208  111  2147483647  0  249  254  2147483647  0  56598  0  614529  2547034  3665  554  34860  7168  244  1869  6628718  
1441317922  4530753  0  15779153  67781  13299  0  5191  157  3421  2870  44101  2147483647  0  3100  0  0  0  208  111  2147483647  0  249  254  2147483647  0  56598  0  614529  3491050  3743  554  34860  9223  322  1869  6947433  
1441317923  4530753  0  15779153  67781  13299  0  5191  157  3421  2870  44101  2147483647  0  3100  0  0  0  208  111  2147483647  0  249  254  2147483647  0  56598  0  614529  3491050  3743  554  34860  9223  322  1869  6947433  
1441317923  4530753  0  15779153  67781  13299  0  5191  157  3421  2870  44101  2147483647  0  3100  0  0  0  208  111  2147483647  0  249  254  2147483647  0  56598  0  614529  3491050  3743  554  34860  9223  322  1869  6947433  
1441317924  4530753  0  15779153  67781  13299  0  5191  157  3421  2870  44101  2147483647  0  3100  0  0  0  208  111  2147483647  0  249  254  2147483647  0  56598  0  614529  3491050  3743  554  34860  9223  322  1869  6947433  
1441317924  4530753  0  15779153  67781  13299  0  5191  157  3421  2870  44101  2147483647  0  3100  0  0  0  208  111  2147483647  0  249  254  2147483647  0  56598  0  614529  3491050  3743  554  34860  9223  322  1869  6947433  
1441317925  4530753  0  15779153  67781  13299  0  5191  157  3421  2870  44101  2147483647  0  3100  0  0  0  208  111  2147483647  0  249  254  2147483647  0  56598  0  614529  3491050  3743  554  34860  9223  322  1869  6947433  
1441317925  4530753  0  15779153  67781  13299  0  5191  157  3421  2870  44101  2147483647  0  3100  0  0  0  208  111  2147483647  0  249  254  2147483647  0  56598  0  614529  3491050  3743  554  34860  9223  322  1869  6947433  
1441317926  4530753  0  15779153  67781  13299  0  5191  157  3421  2870  44101  2147483647  0  3100  0  0  0  208  111  2147483647  0  249  254  2147483647  0  56598  0  614529  3491050  3743  554  34860  9223  322  1869  6947433  
1441317926  4530753  0  15779153  67781  13299  0  5191  157  3421  2870  44101  2147483647  0  3100  0  0  0  208  111  2147483647  0  249  254  2147483647  0  56598  0  614529  3491050  3743  554  34860  9223  322  1869  6947433  
1441317927  4530753  0  15779153  67781  13299  0  5191  157  3421  2870  44101  2147483647  0  3100  0  0  0  208  111  2147483647  0  249  254  2147483647  0  56598  0  614529  3491050  3743  554  34860  9223  322  1869  6947433  
1441317927  4530753  0  15779153  67781  13299  0  5191  157  3421  2870  44101  2147483647  0  3100  0  0  0  208  111  2147483647  0  249  254  2147483647  0  56598  0  614529  3491050  3743  554  34860  9223  322  1869  6947433  
1441317928  4530753  0  15779153  67781  13299  0  5191  157  3421  2870  44101  2147483647  0  3100  0  0  0  208  111  2147483647  0  249  254  2147483647  0  56598  0  614529  3491050  3743  554  34860  9223  322  1869  6947433  
1441317928  4530753  0  16811615  67781  13299  0  5191  157  3590  2870  45220  2147483647  0  3100  0  0  0  208  112  2147483647  0  249  254  2147483647  0  56598  0  614529  3491050  3912  554  34860  9223  322  1869  7234925  
1441317929  4530753  0  16811615  67781  13299  0  5191  157  3590  2870  45220  2147483647  0  3100  0  0  0  208  112  2147483647  0  249  254  2147483647  0  56598  0  614529  3491050  3912  554  34860  9223  322  1869  7234925  
1441317929  4530753  0  18288500  67781  13299  0  5191  157  3843  2870  3083359  2147483647  0  4379  0  0  0  205  12339  2147483647  0  249  254  2147483647  0  56598  0  614529  3491050  4165  554  34860  9223  322  1869  7668160  
1441317930  4530753  0  18288500  67781  13299  0  5191  157  3843  2870  6139066  2147483647  0  4791  0  0  0  205  24741  2147483647  0  249  254  2147483647  0  56598  0  614529  3491050  4165  554  34860  9223  322  1869  7668160  
1441317931  4530753  0  18288500  67781  13299  0  5191  157  3843  2870  6811908  2147483647  0  4791  0  0  0  205  27353  2147483647  0  249  254  2147483647  0  56598  0  614529  3491050  4165  554  34860  9223  322  1869  7668160  
1441317931  4530753  0  18288500  67781  13299  0  5191  157  3843  2870  6811908  2147483647  0  4791  0  0  0  205  27353  2147483647  0  249  254  2147483647  0  56598  0  614529  3491050  4165  554  34860  9223  322  1869  7668160  
1441317932  4530753  0  18288500  67781  13299  0  5191  157  3843  2870  14118521  2147483647  0  4791  0  0  0  205  57611  2147483647  0  249  254  2147483647  0  56598  0  614529  3903991  4255  554  34860  9223  412  1869  7832582  
1441317932  4530753  0  18288500  67781  13299  0  5191  157  3843  2870  14118521  2147483647  0  4791  0  0  0  205  57611  2147483647  0  249  254  2147483647  0  56598  0  614529  3903991  4255  554  34860  9223  412  1869  7832582  
1441317933  4764488  0  28813839  113259  13299  0  5671  157  4556  2870  20912433  2147483647  0  7580  0  0  0  205  77119  2147483647  0  251  254  2147483647  0  56598  0  625919  3959791  4971  554  34860  16880  415  1869  10654529  
1441317933  7152096  0  29678100  113259  13299  0  8007  157  4618  2870  26250373  2147483647  0  12602  0  0  0  205  82963  2147483647  0  252  254  2147483647  0  56598  0  632692  3959791  5033  554  34860  16880  415  1869  10819069  
1441317934  9341946  0  31486192  113259  13299  0  10212  157  4758  2870  32019453  2147483647  0  12912  0  0  0  205  89172  2147483647  0  254  254  2147483647  0  56598  0  642317  3959791  5173  554  34860  16880  415  1869  11198845  
1441317934  11517154  0  31667185  113259  13299  0  12516  157  4767  2870  40584452  2147483647  0  14803  0  0  0  205  97888  2147483647  0  256  254  2147483647  0  56598  0  650455  3959791  5182  554  34860  16880  415  1869  11229271  
1441317935  11517154  0  31667185  113259  13299  0  12516  157  4767  2870  40584452  2147483647  0  14803  0  0  0  205  97888  2147483647  0  256  254  2147483647  0  56598  0  650455  3959791  5182  554  34860  16880  415  1869  11229271  
1441317935  19512305  0  31965730  113259  13299  0  20110  157  4780  2870  47451092  2147483647  0  15453  0  0  0  205  105555  2147483647  0  258  254  2147483647  0  56598  0  654546  3959791  5195  554  34860  16880  415  1869  11274069  
1441317936  27275923  0  32313147  113259  13299  0  27552  157  4796  2870  55462941  2147483647  0  15453  0  0  0  205  113819  2147483647  0  263  254  2147483647  0  56598  0  669071  3959791  5211  554  34860  16880  415  1869  11336315  
1441317936  27884147  0  33897759  113259  13299  0  28128  157  4894  2870  60357082  2147483647  0  15453  0  0  0  205  119152  2147483647  0  263  254  2147483647  0  56598  0  669071  3959791  5309  554  34860  16880  415  1869  11712030  
1441317937  28908053  0  34514841  113259  15066  0  29408  157  4928  2870  63436448  2147483647  0  15453  0  0  0  205  122838  2147483647  0  263  254  2147483647  0  56598  0  669071  3959791  5343  554  34860  16880  415  1869  11835567  
1441317937  30907455  0  46231610  113259  15066  0  31424  157  5933  2764  69481319  2147483647  0  15453  0  0  0  205  128739  2147483647  0  265  254  2147483647  0  56598  0  673038  4091805  6358  554  34860  16880  425  1869  15019894  
1441317938  34528260  0  94517961  113259  15066  0  34748  157  9082  2764  72105349  2147483647  0  15453  0  0  0  205  131397  2147483647  0  266  254  2147483647  0  56598  0  679316  4107491  9508  554  34860  16880  426  1869  26975894  
1441317938  34528260  0  94517961  113259  15066  0  34748  157  9082  2764  72105349  2147483647  0  15453  0  0  0  205  131397  2147483647  0  266  254  2147483647  0  56598  0  679316  4107491  9508  554  34860  16880  426  1869  26975894  
1441317939  38840032  0  103849517  113259  15066  0  38593  157  9693  2764  80199163  2147483647  0  15453  0  0  0  205  139722  2147483647  0  268  254  2147483647  0  3790851  0  4471562  4107491  10119  554  34860  17577  426  1869  29191618  
1441317939  39654443  0  105685395  113259  15066  0  39743  157  9821  2764  82539601  2147483647  0  15453  0  0  0  205  142430  2147483647  0  268  254  2147483647  0  3790851  0  4471562  4107491  10247  554  34860  17577  426  1869  29610329  
1441317940  42768377  0  143514027  113259  15066  0  42271  157  12742  2764  85048761  2147483647  0  15453  0  0  0  205  145122  2147483647  0  270  254  2147483647  0  3790851  0  4476491  4107491  13168  554  34860  17577  426  1869  39241488  
1441317940  44328269  0  238194159  113259  15066  0  43733  157  20892  2764  85537981  2147483647  0  15453  0  0  0  205  146502  2147483647  0  273  254  2147483647  0  3790851  0  4479229  28753548  25118  554  34860  18305  4226  1869  72698050  
1441317941  46776092  0  254395604  113259  15066  0  46016  157  21918  2764  89614090  2147483647  0  15453  0  0  0  205  150731  2147483647  0  274  254  2147483647  0  3790851  0  4483616  28753548  26144  554  34860  18305  4226  1869  76381853  
1441317941  47690027  0  280782569  113259  15066  0  46957  157  23417  2764  92560663  2147483647  0  15453  0  0  0  205  153825  2147483647  0  274  254  2147483647  0  3790851  0  4483616  28753548  27643  554  34860  18305  4226  1869  81171466  
1441317942  47690027  0  280782569  113259  15066  0  46957  157  23417  2764  92560663  2147483647  0  15453  0  0  0  205  153825  2147483647  0  274  254  2147483647  0  3790851  0  4483616  28753548  27643  554  34860  18305  4226  1869  81171466  
1441317942  50189239  0  323722353  113259  15066  0  49202  157  25855  2764  94904683  2147483647  0  15453  0  0  0  205  156082  2147483647  0  277  254  2147483647  0  5016606  0  9509367  28753548  30081  554  34860  18305  4226  1869  89207168  
1441317943  52008294  0  368414233  113259  15066  0  51169  157  28521  2764  97256572  2147483647  0  15453  0  0  0  205  158655  2147483647  0  277  254  2147483647  0  5016606  0  9509367  28753548  32747  554  34860  18305  4226  1869  97774914  
1441317943  55330352  0  420504591  113259  15066  0  54272  157  31557  2764  99578034  2147483647  0  15453  0  0  0  205  161358  2147483647  0  277  254  2147483647  0  5016606  0  9509367  28753548  35783  554  34860  30969  4226  1869  107687208  
1441317944  58722502  0  465481936  113259  15066  0  57256  157  34178  2764  104462348  2147483647  0  15453  0  0  0  205  166504  2147483647  0  280  254  2147483647  0  5016606  0  9565846  36811403  39680  554  34860  30969  5502  1869  117716026  
1441317944  60355673  0  538920993  113259  15066  0  58963  157  39004  2764  107879625  2147483647  0  15453  0  0  0  205  169972  2147483647  0  281  254  2147483647  0  5016606  0  9569628  49722794  46568  554  34860  30969  7564  1869  136986743  
1441317945  60857722  0  558676162  113259  15066  0  59425  157  40291  2764  110732004  2147483647  0  15453  0  0  0  205  172681  2147483647  0  281  254  2147483647  0  5016606  0  9569628  49722794  47855  554  34860  30969  7564  1869  140656895  
1441317945  60857722  0  558676162  113259  15066  0  59425  157  40291  2764  110732004  2147483647  0  15453  0  0  0  205  172681  2147483647  0  281  254  2147483647  0  5016606  0  9569628  49722794  47855  554  34860  30969  7564  1869  140656895  
1441317946  61582523  0  577425287  113259  15066  0  60319  157  42010  2764  119706365  2147483647  0  15453  0  0  0  205  183692  2147483647  0  287  254  2147483647  0  5016606  0  9581097  101414751  55232  554  34860  30969  13222  1869  163360222  
1441317946  62408883  0  610609788  113259  15066  0  61059  157  43967  2764  123760251  2147483647  0  15453  0  0  0  205  188185  2147483647  0  290  254  2147483647  0  5016606  0  9588480  101414751  57189  554  34860  30969  13222  1869  169110401  
1441317947  62881190  0  686113620  113259  15066  0  61433  157  48046  2764  125976524  2147483647  0  15453  0  0  0  205  190482  2147483647  0  290  254  2147483647  0  5016606  0  9588480  101473031  61272  554  34860  30969  13226  1869  181551327  
1441317947  63291043  0  720681296  113259  15066  0  61945  157  50169  2764  132530534  2147483647  0  15453  0  0  0  205  198787  2147483647  0  304  242  2147483647  0  5016606  0  14523655  137782559  67895  357  34860  30969  17726  1415  200198890  
1441317948  63941244  0  727300447  113259  15066  0  62553  157  50731  2764  137287909  2147483647  0  48577  0  0  0  205  204903  2147483647  0  306  242  2147483647  0  5016606  0  14527282  138087257  68482  357  34860  30969  17751  1415  201819071  
1441317948  64917967  0  769576724  113259  15066  0  63459  157  53128  2764  141706042  2147483647  0  48577  0  0  0  205  209615  2147483647  0  306  242  2147483647  0  5016606  0  14527282  138087257  70879  357  34860  30969  17751  1415  207870723  
1441317949  66055558  0  814697818  113259  15066  0  64461  157  56158  2764  143750233  2147483647  0  48577  0  0  0  205  211566  2147483647  0  306  242  2147483647  0  5016606  0  14527282  138087257  73909  357  34860  30969  17751  1415  218873842  
1441317949  66055558  0  814697818  113259  15066  0  64461  157  56158  2764  143750233  2147483647  0  48577  0  0  0  205  211566  2147483647  0  306  242  2147483647  0  5016606  0  14527282  138087257  73909  357  34860  30969  17751  1415  218873842  
1441317950  66515699  0  855864895  113259  15066  0  64882  157  58926  2764  147048175  2147483647  0  48577  0  0  0  205  216341  2147483647  0  310  242  2147483647  0  7434342  0  21963009  164780322  79153  357  38704  33186  20227  1415  238242905  
1441317950  67951303  0  866555635  113259  15066  0  66247  157  59548  2764  154410095  2147483647  0  48577  0  0  0  205  224746  2147483647  0  315  242  2147483647  0  7434342  0  21975655  180232602  82682  287  38704  33186  23134  1346  243337605  
1441317951  69075207  0  904525521  113259  15066  0  67447  157  62324  2764  158062833  2147483647  0  48577  0  0  0  205  228467  2147483647  0  317  242  2147483647  0  7434342  0  28145141  195394439  86861  287  38704  33186  24537  1346  257369021  
1441317951  71293077  0  926677253  113259  15066  0  69417  157  63324  2764  165816131  2147483647  0  48577  0  0  0  205  236629  2147483647  0  323  242  2147483647  0  7434342  0  28276085  195394439  87861  287  38704  33186  24537  1346  260026144  
1441317952  73727570  0  944805113  113259  15066  0  71647  157  64301  2764  171365173  2147483647  0  48577  0  0  0  205  244677  2147483647  0  328  242  2147483647  0  7434342  0  28286553  214132323  91300  287  38704  33186  26999  1346  269143612  
1441317952  74822616  0  963682354  113259  15066  0  72627  157  65199  2764  174710992  2147483647  0  48577  0  0  0  205  248186  2147483647  0  328  242  2147483647  0  7434342  0  28286553  214132323  92198  287  38704  33186  26999  1346  271796326  
1441317953  74822616  0  963682354  113259  15066  0  72627  157  65199  2764  174710992  2147483647  0  48577  0  0  0  205  248186  2147483647  0  328  242  2147483647  0  7434342  0  28286553  214132323  92198  287  38704  33186  26999  1346  271796326  
1441317953  76989253  0  1004528420  113259  15066  0  74835  157  67569  2764  179423449  2147483647  0  48577  0  0  0  205  253191  2147483647  0  330  242  2147483647  0  7434342  0  28292350  215045556  94657  287  38704  33186  27088  1346  277320746  
1441317954  78205552  0  1052846434  113259  15066  0  76147  157  69831  2764  182719914  2147483647  0  48577  0  0  0  205  257096  2147483647  0  330  242  2147483647  0  7434342  0  28292350  215045556  96919  287  38704  33186  27088  1346  282687415  
1441317954  79491464  0  1093261797  113259  15066  0  77366  157  73396  2764  186236863  2147483647  0  48577  0  0  0  205  262109  2147483647  0  331  242  2147483647  0  7434342  0  28294219  230680491  104274  287  38704  33186  30878  1346  295496356  
1441317955  80581084  0  1117652507  113259  15066  0  78390  157  74416  2764  190344172  2147483647  0  48577  0  0  0  205  266559  2147483647  0  332  242  2147483647  0  7434342  0  28298084  230680491  105294  287  38704  33186  30878  1346  298067679  
1441317955  82004143  0  1168945454  113259  15066  0  79622  157  77856  2764  192441591  2147483647  0  48577  0  0  0  205  272573  2147483647  0  335  242  2147483647  0  7434342  0  28302990  236218843  110146  287  38704  33186  32290  1346  311468757  
1441317956  83922667  0  1187565789  113259  15066  0  81478  157  78739  2764  196491133  2147483647  0  48577  0  0  0  205  276578  2147483647  0  338  242  2147483647  0  7434342  0  28312879  244077161  112342  287  38704  33186  33603  1346  315530310  
1441317956  83922667  0  1187565789  113259  15066  0  81478  157  78739  2764  196491133  2147483647  0  48577  0  0  0  205  276578  2147483647  0  338  242  2147483647  0  7434342  0  28312879  244077161  112342  287  38704  33186  33603  1346  315530310  
1441317957  86007795  0  1253650631  113259  15066  0  83359  157  82231  2764  202776969  2147483647  0  48577  0  0  0  205  283177  2147483647  0  345  242  2147483647  0  7434342  0  28328121  264587473  118515  287  38704  33186  36284  1346  332792201  
1441317957  88251337  0  1296166984  113259  15066  0  85279  157  84793  2764  205009919  2147483647  0  48577  0  0  0  205  285304  2147483647  0  349  242  2147483647  0  7434342  0  28339762  264587473  121077  287  38704  33186  36284  1346  341980928  
1441317958  89522851  0  1323432436  113259  15066  0  86505  157  86255  2764  211969755  2147483647  0  48577  0  0  0  205  292827  2147483647  0  353  242  2147483647  0  7434342  0  28450215  280684118  125652  287  38704  33186  39397  1346  350004291  
1441317958  95214633  0  1361535108  113259  15066  0  91433  157  88486  2764  215942281  2147483647  0  48577  0  0  0  205  297221  2147483647  0  356  242  2147483647  0  7434342  0  28507782  280684118  127883  287  38704  33186  39397  1346  357503607  
1441317959  99596009  0  1406971673  113259  15066  0  95172  157  90483  2764  217335884  2147483647  0  48577  0  0  0  205  298792  2147483647  0  356  242  2147483647  0  7434342  0  28507782  280745792  129885  287  38704  33186  39402  1346  362624795  
1441317960  99989634  0  1467748915  113259  15066  0  95600  157  93269  2764  220069791  2147483647  0  48577  0  0  0  205  301786  2147483647  0  357  242  2147483647  0  7434342  0  28510711  280745792  132671  287  38704  33186  39402  1346  370292284  
1441317960  99989634  0  1467748915  113259  15066  0  95600  157  93269  2764  220069791  2147483647  0  48577  0  0  0  205  301786  2147483647  0  357  242  2147483647  0  7434342  0  28510711  280745792  132671  287  38704  33186  39402  1346  370292284  
1441317961  100161193  0  1503455490  113259  15066  0  95760  157  95591  2764  224087964  2147483647  0  48577  0  0  0  205  307492  2147483647  0  361  242  2147483647  0  7434342  0  32566010  290109909  136124  287  41813  33186  40533  1346  380205830  
1441317961  100794531  0  1563698981  113259  15066  0  96366  157  99049  2764  228297577  2147483647  0  48577  0  0  0  205  311656  2147483647  0  364  242  2147483647  0  7434342  0  32573310  297704579  140517  287  41813  33186  41468  1346  390528867  
1441317962  101382302  0  1599899787  113259  15066  0  97006  157  101385  2764  232690869  2147483647  0  48577  0  0  0  205  315823  2147483647  0  364  242  2147483647  0  7434342  0  32573310  297771306  142857  287  41813  33186  41472  1346  395486951  
1441317962  101879811  0  1690873923  113259  15066  0  97486  157  105492  2764  233191873  2147483647  0  48577  0  0  0  205  316293  2147483647  0  364  242  2147483647  0  7434342  0  32573310  297771306  146964  287  41813  33186  41472  1346  405598828  
1441317963  103070793  0  1698840650  113259  15066  0  98944  157  106028  2764  236119779  2147483647  0  48577  0  0  0  205  320192  2147483647  0  364  242  2147483647  0  7434342  0  32573310  297771306  147500  287  41813  33186  41472  1346  406659712  
1441317963  103672616  0  1703777551  113259  15066  0  99561  157  106407  2764  240490049  2147483647  0  48577  0  0  0  205  324483  2147483647  0  365  242  2147483647  0  7434342  0  32576503  307824178  148818  287  41813  33186  42411  1346  411418511  
1441317964  103672616  0  1703777551  113259  15066  0  99561  157  106407  2764  240490049  2147483647  0  48577  0  0  0  205  324483  2147483647  0  365  242  2147483647  0  7434342  0  32576503  307824178  148818  287  41813  33186  42411  1346  411418511  
1441317964  105732445  0  1717597497  113259  15066  0  101776  157  107459  2764  244651827  2147483647  0  48577  0  0  0  205  330489  2147483647  0  367  242  2147483647  0  7434342  0  32674469  307824178  149870  287  41813  33186  42411  1346  414332504  
1441317965  108424453  0  1736753086  113259  15066  0  104076  157  108680  2764  247096242  2147483647  0  48577  0  0  0  205  332991  2147483647  0  369  242  2147483647  0  7434342  0  32682172  307824178  151091  287  41813  33186  42411  1346  417440509  
1441317965  110501263  0  1747382694  113259  15066  0  106060  157  109371  2764  253752127  2147483647  0  48577  0  0  0  205  340891  2147483647  0  371  242  2147483647  0  7434342  0  32683352  324502546  155366  287  42121  38915  45995  1318  423271104  
1441317966  113132252  0  1757354744  113259  15066  0  108619  157  109909  2764  262426482  2147483647  0  48577  0  0  0  205  349941  2147483647  0  375  242  2147483647  0  7434342  0  33549632  324502546  155904  287  42121  38915  45995  1318  424514507  
1441317966  117361782  0  1769217732  113259  15066  0  112427  157  110643  2764  266317544  2147483647  0  48577  0  0  0  205  353805  2147483647  0  375  242  2147483647  0  7434342  0  33549632  324502546  156638  287  42121  38915  45995  1318  425975616  
1441317967  121676837  0  1813554360  113259  15066  0  116427  157  113302  2764  269979830  2147483647  0  48577  0  0  0  205  357565  2147483647  0  375  242  2147483647  0  7434342  0  33549632  324502546  159297  287  42121  38915  45995  1318  433544076  
1441317967  121676837  0  1813554360  113259  15066  0  116427  157  113302  2764  269979830  2147483647  0  48577  0  0  0  205  357565  2147483647  0  375  242  2147483647  0  7434342  0  33549632  324502546  159297  287  42121  38915  45995  1318  433544076  
1441317968  124688187  0  1867759556  113259  15066  0  119307  157  116339  2764  274841172  2147483647  0  48577  0  0  0  205  362638  2147483647  0  381  242  2147483647  0  7434342  0  36210021  354000713  165011  287  42121  38915  48672  1318  450946831  
1441317968  126911180  0  1954881370  113259  15066  0  121164  157  123228  2764  277426650  2147483647  0  48577  0  0  0  205  365392  2147483647  0  381  242  2147483647  0  7434342  0  36210021  360969894  176009  254  42121  38915  52781  1276  466115670  
1441317969  128527791  0  1995561793  113259  15066  0  122477  157  125628  2764  279694247  2147483647  0  48577  0  0  0  205  367909  2147483647  0  381  242  2147483647  0  7434342  0  36210021  364550280  179041  254  42121  38915  53413  1276  472554557  
1441317969  130190921  0  2039203348  113259  15066  0  123821  157  127749  2764  283188585  2147483647  0  48577  0  0  0  205  371617  2147483647  0  381  242  2147483647  0  7434342  0  36210021  364948866  181196  254  42121  38915  53447  1276  477887303  
1441317970  131875510  0  2059920646  113259  15066  0  125357  157  129094  2764  284161087  2147483647  0  48577  0  0  0  205  372887  2147483647  0  381  242  2147483647  0  7434342  0  36210021  365300676  182615  254  42121  38915  53521  1276  480847430  
1441317970  133483504  0  2076664366  113259  15066  0  126637  157  129895  2764  284582527  2147483647  0  48577  0  0  0  205  373294  2147483647  0  383  242  2147483647  0  7434342  0  36218298  365300676  183416  254  42121  38915  53521  1276  482958340  
