#type:G;
#time  Rt  Nm  Tt  Nc  Rx  Gz  Pc  Pf  Ra  Te  Pm  Fp  Fc  Ta  Fm  Om  Lm  Oc  Sm  Sc  Em  Af  Ea  Cf  Ec  Gd  Zt  Et  Ep  dedup_put_diff  total_eph_put_diff  dedup_factor  dedup_curr  compression_saving  tze_saving  
1441317911  0  0  4969  0  0  0  0  0  0  4895  0  0  0  0  0  0  0  0  0  0  0  0  0  0  0  0  0  0  0  0  0  0 0 0 0 
1441317911  0  0  4972  0  0  0  0  0  0  4896  0  0  0  0  0  0  0  0  0  0  0  0  0  0  0  0  0  0  0  0  0  0 0 0 0 
1441317912  0  0  4973  0  0  0  0  0  0  4896  0  0  0  0  0  0  0  0  0  0  0  0  0  0  0  0  0  0  0  0  0  0 0 0 0 
1441317912  0  0  4973  0  0  0  0  0  0  4896  0  0  0  0  0  0  0  0  0  0  0  0  0  0  0  0  0  0  0  0  0  0 0 0 0 
1441317913  0  0  4974  0  0  0  0  0  0  4896  0  0  0  0  0  0  0  0  0  0  0  0  0  0  0  0  0  0  0  0  0  0 0 0 0 
1441317913  0  0  4975  0  0  0  0  0  0  4896  0  0  0  0  0  0  0  0  0  0  0  0  0  0  0  0  0  0  0  0  0  0 0 0 0 
1441317914  0  0  4976  0  0  0  0  0  0  4896  0  0  0  0  0  0  0  0  0  0  0  0  0  0  0  0  0  0  0  0  0  0 0 0 0 
1441317914  0  0  4977  0  0  0  0  0  0  4896  0  0  0  0  0  0  0  0  0  0  0  0  0  0  0  0  0  0  0  0  0  0 0 0 0 
1441317915  0  0  4978  0  0  0  0  0  0  4896  0  0  0  0  0  0  0  0  0  0  0  0  0  0  0  0  0  0  0  0  0  0 0 0 0 
1441317915  0  0  4979  0  0  0  0  0  0  4896  0  0  0  0  0  0  0  0  0  0  0  0  0  0  0  0  0  0  0  0  0  0 0 0 0 
1441317916  0  0  4980  0  0  0  0  0  0  4896  0  0  0  0  0  0  0  0  0  0  0  0  0  0  0  0  0  0  0  0  0  0 0 0 0 
1441317916  0  0  4980  0  0  0  0  0  0  4896  0  0  0  0  0  0  0  0  0  0  0  0  0  0  0  0  0  0  0  0  0  0 0 0 0 
1441317917  0  0  4981  0  0  0  0  0  0  4896  0  0  0  0  0  0  0  0  0  0  0  0  0  0  0  0  0  0  0  0  0  0 0 0 0 
1441317917  0  0  4982  0  0  0  0  0  0  4896  0  0  0  0  0  0  0  0  0  0  0  0  0  0  0  0  0  0  0  0  0  0 0 0 0 
1441317918  0  0  4983  0  0  0  0  0  0  4896  0  0  0  0  0  0  0  0  0  0  0  0  0  0  0  0  0  0  0  0  0  0 0 0 0 
1441317918  0  0  4984  0  0  0  0  0  0  4896  0  0  0  0  0  0  0  0  0  0  0  0  0  0  0  0  0  0  0  0  0  0 0 0 0 
1441317919  0  0  4985  0  0  0  0  0  0  4896  0  0  0  0  0  0  0  0  0  0  0  0  0  0  0  0  0  0  0  0  0  0 0 0 0 
1441317919  0  0  4986  0  0  0  0  0  0  4896  0  0  0  0  0  0  0  0  0  0  0  0  0  0  0  0  0  0  0  0  0  0 0 0 0 
1441317920  0  0  4987  0  0  0  0  0  0  4896  0  0  0  0  0  0  0  0  0  0  0  0  0  0  0  0  0  0  0  0  0  0 0 0 0 
1441317920  0  0  4987  0  0  0  0  0  0  4896  0  0  0  0  0  0  0  0  0  0  0  0  0  0  0  0  0  0  0  0  0  0 0 0 0 
1441317921  0  0  4989  0  0  0  0  0  0  4897  0  0  0  0  0  0  0  0  0  0  0  0  0  0  0  0  0  0  0  0  0  0 0 0 0 
1441317921  0  234  8934  197  0  0  2820  0  0  5009  3421  0  2818  621  3419  354  0  220  3419  2818  3421  0  0  0  2820  2  0  0  3421  2  3421  0.0584624378837  0.0709219858156  100.0  100.0  
1441317922  0  234  9140  183  0  0  2695  0  0  5009  3421  0  2693  751  3419  354  0  192  3419  2693  3421  0  0  0  2695  2  0  0  3421  0  0  0.0584624378837  0.0742115027829  100.0  100.0  
1441317922  0  234  9321  179  0  0  2617  0  0  5009  3421  0  2615  832  3419  354  0  190  3419  2615  3421  0  0  0  2617  2  0  0  3421  0  0  0.0584624378837  0.076423385556  100.0  100.0  
1441317923  0  234  9322  179  0  0  2617  0  0  5009  3421  0  2615  832  3419  354  0  190  3419  2615  3421  0  0  0  2617  2  0  0  3421  0  0  0.0584624378837  0.076423385556  100.0  100.0  
1441317923  0  234  9322  179  0  0  2617  0  0  5009  3421  0  2615  832  3419  354  0  190  3419  2615  3421  0  0  0  2617  2  0  0  3421  0  0  0.0584624378837  0.076423385556  100.0  100.0  
1441317924  0  234  9323  179  0  0  2617  0  0  5009  3421  0  2615  832  3419  354  0  190  3419  2615  3421  0  0  0  2617  2  0  0  3421  0  0  0.0584624378837  0.076423385556  100.0  100.0  
1441317924  0  234  9324  179  0  0  2617  0  0  5009  3421  0  2615  832  3419  354  0  190  3419  2615  3421  0  0  0  2617  2  0  0  3421  0  0  0.0584624378837  0.076423385556  100.0  100.0  
1441317925  0  234  9325  179  0  0  2617  0  0  5009  3421  0  2615  832  3419  354  0  190  3419  2615  3421  0  0  0  2617  2  0  0  3421  0  0  0.0584624378837  0.076423385556  100.0  100.0  
1441317925  0  234  9326  179  0  0  2617  0  0  5009  3421  0  2615  832  3419  354  0  190  3419  2615  3421  0  0  0  2617  2  0  0  3421  0  0  0.0584624378837  0.076423385556  100.0  100.0  
1441317926  0  234  9327  179  0  0  2617  0  0  5009  3421  0  2615  832  3419  354  0  190  3419  2615  3421  0  0  0  2617  2  0  0  3421  0  0  0.0584624378837  0.076423385556  100.0  100.0  
1441317926  0  234  9327  179  0  0  2617  0  0  5009  3421  0  2615  832  3419  354  0  190  3419  2615  3421  0  0  0  2617  2  0  0  3421  0  0  0.0584624378837  0.076423385556  100.0  100.0  
1441317927  0  234  9328  179  0  0  2617  0  0  5009  3421  0  2615  832  3419  354  0  190  3419  2615  3421  0  0  0  2617  2  0  0  3421  0  0  0.0584624378837  0.076423385556  100.0  100.0  
1441317927  0  234  9329  179  0  0  2617  0  0  5009  3421  0  2615  832  3419  354  0  190  3419  2615  3421  0  0  0  2617  2  0  0  3421  0  0  0.0584624378837  0.076423385556  100.0  100.0  
1441317928  0  234  9330  179  0  0  2617  0  0  5009  3421  0  2615  832  3419  354  0  190  3419  2615  3421  0  0  0  2617  2  0  0  3421  0  0  0.0584624378837  0.076423385556  100.0  100.0  
1441317928  0  234  9501  192  0  0  2786  0  0  5009  3421  0  2784  663  3419  354  0  204  3419  2784  3421  0  0  0  2786  2  0  0  3590  0  169  0.0557103064067  0.0717875089734  100.0  100.0  
1441317929  0  234  9501  192  0  0  2786  0  0  5009  3421  0  2784  663  3419  354  0  204  3419  2784  3421  0  0  0  2786  2  0  0  3590  0  0  0.0557103064067  0.0717875089734  100.0  100.0  
1441317929  0  234  21982  210  0  0  3039  0  0  5009  3421  0  3037  408  3419  354  0  227  3419  3037  3421  0  0  0  3039  2  0  0  3843  0  253  0.0520426749935  0.0658111220796  100.0  100.0  
1441317930  0  234  34385  210  0  0  3039  0  0  5009  3421  0  3037  408  3419  354  0  227  3419  3037  3421  0  0  0  3039  2  0  0  3843  0  0  0.0520426749935  0.0658111220796  100.0  100.0  
1441317931  0  234  36998  210  0  0  3039  0  0  5009  3421  0  3037  408  3419  354  0  227  3419  3037  3421  0  0  0  3039  2  0  0  3843  0  0  0.0520426749935  0.0658111220796  100.0  100.0  
1441317931  0  234  36998  210  0  0  3039  0  0  5009  3421  0  3037  408  3419  354  0  227  3419  3037  3421  0  0  0  3039  2  0  0  3843  0  0  0.0520426749935  0.0658111220796  100.0  100.0  
1441317932  0  234  67347  207  0  0  2949  0  0  5009  3421  0  2947  498  3419  354  0  223  3419  2947  3421  0  0  0  2949  2  0  0  3843  0  0  0.0520426749935  0.0678195998644  100.0  100.0  
1441317932  0  234  67348  207  0  0  2949  0  0  5009  3421  0  2947  498  3419  354  0  223  3419  2947  3421  0  0  0  2949  2  0  0  3843  0  0  0.0520426749935  0.0678195998644  100.0  100.0  
1441317933  0  234  88055  208  0  0  3659  0  0  5009  3659  0  3657  0  3657  354  0  224  3657  3657  3659  0  0  0  3659  2  0  0  4556  0  713  0.0438981562774  0.0546597430992  100.0  100.0  
1441317933  0  234  96299  214  0  0  3721  0  0  5009  3721  0  3719  0  3719  354  0  226  3719  3719  3721  0  0  0  3721  2  0  0  4618  0  62  0.0433087916847  0.0537489922064  100.0  100.0  
1441317934  0  234  104856  225  0  0  3861  0  0  5009  3861  0  3859  0  3859  354  0  228  3859  3859  3861  0  0  0  3861  2  0  0  4758  0  140  0.042034468264  0.0518000518001  100.0  100.0  
1441317934  0  234  115888  226  0  0  3870  0  0  5009  3870  0  3868  0  3868  354  0  228  3868  3868  3870  0  0  0  3870  2  0  0  4767  0  9  0.0419551080344  0.0516795865633  100.0  100.0  
1441317935  0  234  115888  226  0  0  3870  0  0  5009  3870  0  3868  0  3868  354  0  228  3868  3868  3870  0  0  0  3870  2  0  0  4767  0  0  0.0419551080344  0.0516795865633  100.0  100.0  
1441317935  0  234  131165  231  0  0  3883  0  0  5009  3883  0  3881  0  3881  354  0  229  3881  3881  3883  0  0  0  3883  2  0  0  4780  0  13  0.0418410041841  0.0515065670873  100.0  100.0  
1441317936  0  237  146893  237  0  0  3899  0  0  5009  3899  0  3897  0  3897  354  0  229  3897  3897  3899  0  0  0  3899  2  0  0  4796  0  16  0.0417014178482  0.0512952038984  100.0  100.0  
1441317936  0  241  152901  241  0  0  3997  0  0  5009  3997  0  3995  0  3995  354  0  232  3995  3995  3997  0  0  0  3997  2  0  0  4894  0  98  0.04086636698  0.0500375281461  100.0  100.0  
1441317937  0  247  157902  247  0  0  4031  0  0  5009  4031  0  4029  0  4029  354  0  233  4029  4029  4031  0  0  0  4031  2  0  0  4928  0  34  0.0405844155844  0.0496154800298  100.0  100.0  
1441317937  0  266  166837  266  0  0  5026  0  0  5009  5026  0  5022  0  5022  354  0  236  5022  5022  5026  0  0  0  5026  4  0  0  5933  2  1005  0.0674195179504  0.0795861520095  100.0  100.0  
1441317938  0  318  175971  318  0  0  8174  0  0  5009  8174  0  8127  0  8127  354  0  237  8127  8127  8174  0  0  0  8174  48  0  0  9082  44  3149  0.528517947589  0.574993883044  100.0  100.0  
1441317938  0  318  175971  318  0  0  8174  0  0  5009  8174  0  8127  0  8127  354  0  237  8127  8127  8174  0  0  0  8174  48  0  0  9082  0  0  0.528517947589  0.574993883044  100.0  100.0  
1441317939  0  334  188755  303  0  0  7483  0  0  5009  8785  0  7419  1337  8721  354  0  237  8721  7419  8785  0  0  0  7483  65  0  0  9693  17  611  0.670587021562  0.855271949753  100.0  100.0  
1441317939  0  334  192742  310  0  0  7611  0  0  5009  8785  0  7521  1235  8721  354  0  238  8721  7521  8785  0  0  0  7611  91  0  0  9821  26  128  0.926585887384  1.18249901458  100.0  100.0  
1441317940  0  363  200886  363  0  0  10532  0  0  5009  10532  0  10411  0  10411  354  0  239  10411  10411  10532  0  0  0  10532  122  0  0  12742  31  2921  0.957463506514  1.14887960501  100.0  100.0  
1441317940  0  440  215682  440  0  0  14882  0  0  5009  14882  0  14761  0  14761  354  0  239  14761  14761  14882  0  0  0  14882  122  0  0  20892  0  8150  0.583955581084  0.813062760382  100.0  100.0  
1441317941  0  456  223222  456  0  0  15908  0  0  5009  15908  0  15787  0  15787  354  0  239  15787  15787  15908  0  0  0  15908  122  0  0  21918  0  1026  0.556620129574  0.760623585617  100.0  100.0  
1441317941  0  483  228757  483  0  0  17407  0  0  5009  17407  0  16781  1  16782  354  0  240  16781  16781  17407  0  0  0  17407  627  0  0  23417  505  1499  2.6775419567  3.59625438042  100.0  100.0  
1441317942  0  483  228757  483  0  0  17407  0  0  5009  17407  0  16781  1  16782  354  0  240  16781  16781  17407  0  0  0  17407  627  0  0  23417  0  0  2.6775419567  3.59625438042  100.0  100.0  
1441317942  0  490  235701  490  0  0  18121  0  0  5009  18121  0  16790  252  17045  354  0  241  17045  16790  18121  0  0  0  18121  1332  0  0  25855  705  2438  5.1518081609  7.34506925666  100.0  100.0  
1441317943  0  528  242908  528  0  0  20787  0  0  5009  20787  0  18913  0  18913  354  0  243  18913  18913  20787  0  0  0  20787  1875  0  0  28521  543  2666  6.57410329231  9.01524991581  100.0  100.0  
1441317943  0  584  251751  584  0  0  23823  0  0  5009  23823  0  21140  0  21140  354  0  244  21140  21140  23823  0  0  0  23823  2684  0  0  31557  809  3036  8.50524447825  11.2622255803  100.0  100.0  
1441317944  0  610  263782  610  0  0  25157  0  0  5009  25157  0  22936  1  22937  354  0  244  22936  22936  25157  0  0  0  25157  3498  0  0  34178  814  2621  10.2346538709  8.82855666415  100.0  100.0  
1441317944  0  653  275847  653  0  0  27921  0  0  5009  27921  0  27436  0  27436  354  0  244  27436  27436  27921  0  0  0  27921  3816  0  0  39004  318  4826  9.78361193724  1.73704380216  100.0  100.0  
1441317945  0  671  280306  671  0  0  29208  0  0  5009  29208  0  28348  1  28349  354  0  244  28348  28348  29208  0  0  0  29208  4191  0  0  40291  375  1287  10.4018267107  2.94439879485  100.0  100.0  
1441317945  0  671  280306  671  0  0  29208  0  0  5009  29208  0  28348  1  28349  354  0  244  28348  28348  29208  0  0  0  29208  4191  0  0  40291  0  0  10.4018267107  2.94439879485  100.0  100.0  
1441317946  0  673  299595  612  0  0  25269  0  0  5009  29383  0  23793  4896  28482  354  0  243  28482  23793  29383  0  0  0  25269  4807  0  0  42010  616  1719  11.4425136872  5.84114923424  100.0  100.0  
1441317946  0  673  306789  643  0  0  27226  0  0  5009  29383  0  24976  3639  28482  354  0  244  28482  24976  29383  0  0  0  27226  5581  0  0  43967  774  1957  12.6936111174  8.26415925953  100.0  100.0  
1441317947  0  705  313544  705  0  0  31301  0  0  5009  31301  0  27196  1254  28482  354  0  244  28482  27196  31301  0  0  0  31301  7436  0  0  48046  1855  4079  15.4768347001  13.1145969777  100.0  100.0  
1441317947  0  717  328999  557  0  0  23676  0  0  5009  32270  0  20611  8072  28482  354  0  239  28482  20611  32270  0  0  0  23676  8100  0  0  50169  664  2123  16.1454284518  12.9455989187  100.0  100.0  
1441317948  0  717  336313  565  0  0  24213  0  0  5009  32270  0  20970  7713  28482  354  0  238  28482  20970  32270  0  0  0  24213  8278  0  0  50731  178  562  16.3174390412  13.3936315203  100.0  100.0  
1441317948  0  717  344329  602  0  0  26610  0  0  5009  32270  0  21590  7093  28482  354  0  239  28482  21590  32270  0  0  0  26610  10055  0  0  53128  1777  2397  18.9259900617  18.8650883127  100.0  100.0  
1441317949  0  717  350313  652  0  0  29640  0  0  5009  32270  0  24558  3997  28482  354  0  240  28482  24558  32270  0  0  0  29640  10117  0  0  56158  62  3030  18.0152427081  17.1457489879  100.0  100.0  
1441317949  0  717  350313  652  0  0  29640  0  0  5009  32270  0  24558  3997  28482  354  0  240  28482  24558  32270  0  0  0  29640  10117  0  0  56158  0  0  18.0152427081  17.1457489879  100.0  100.0  
1441317950  0  717  360758  535  0  0  22759  0  0  5009  32270  0  17739  11060  28482  354  0  237  28482  17739  32270  0  0  0  22759  10117  0  0  58926  0  2768  17.1689916166  22.0572081374  100.0  100.0  
1441317950  0  717  374063  510  0  0  20474  0  0  5009  32270  0  17944  10886  28482  354  0  237  28482  17944  32270  0  0  0  20474  10534  0  0  59548  417  622  17.6899308121  12.3571358797  100.0  100.0  
1441317951  0  717  383166  437  0  0  15475  0  0  5009  32270  0  12742  16358  28482  354  0  238  28482  12742  32270  0  0  0  15475  10737  0  0  62324  203  2776  17.2277132405  17.6607431341  100.0  100.0  
1441317951  0  717  394305  456  0  0  16404  0  0  5009  32270  0  12977  16124  28482  354  0  240  28482  12977  32270  0  0  0  16404  11502  0  0  63324  765  1000  18.1637293917  20.8912460376  100.0  100.0  
1441317952  0  717  408028  443  0  0  14919  0  0  5009  32270  0  10732  18456  28482  354  0  241  28482  10732  32270  0  0  0  14919  12262  0  0  64301  760  977  19.0696878742  28.0648837053  100.0  100.0  
1441317952  0  717  413416  462  0  0  15817  0  0  5009  32270  0  11052  18136  28482  354  0  241  28482  11052  32270  0  0  0  15817  12840  0  0  65199  578  898  19.6935535821  30.1258139976  100.0  100.0  
1441317953  0  717  413416  462  0  0  15817  0  0  5009  32270  0  11052  18136  28482  354  0  241  28482  11052  32270  0  0  0  15817  12840  0  0  65199  0  0  19.6935535821  30.1258139976  100.0  100.0  
1441317953  0  717  423091  491  0  0  18098  0  0  5009  32270  0  11147  18013  28482  354  0  242  28482  11147  32270  0  0  0  18098  15026  0  0  67569  2186  2370  22.2380085542  38.4075588463  100.0  100.0  
1441317954  0  717  430571  523  0  0  20360  0  0  5009  32270  0  11167  17926  28482  354  0  243  28482  11167  32270  0  0  0  20360  17268  0  0  69831  2242  2262  24.7282725437  45.152259332  100.0  100.0  
1441317954  0  717  444160  524  0  0  20135  0  0  5009  32270  0  8738  20409  28482  354  0  243  28482  8738  32270  0  0  0  20135  19472  0  0  73396  2204  3565  26.5300561338  56.602930221  100.0  100.0  
1441317955  0  717  450656  542  0  0  21155  0  0  5009  32270  0  8740  20376  28482  354  0  243  28482  8740  32270  0  0  0  21155  20490  0  0  74416  1018  1020  27.534401204  58.6858898606  100.0  100.0  
1441317955  0  717  462758  581  0  0  23183  0  0  5009  32270  0  9757  19276  28482  354  0  244  28482  9757  32270  0  0  0  23183  21510  0  0  77856  1020  3440  27.6279284834  57.9131259975  100.0  100.0  
1441317956  0  717  470819  563  0  0  22753  0  0  5009  32270  0  9776  19269  28482  354  0  244  28482  9776  32270  0  0  0  22753  22374  0  0  78739  864  883  28.4153977063  57.0342372434  100.0  100.0  
1441317956  0  717  470819  563  0  0  22753  0  0  5009  32270  0  9776  19269  28482  354  0  244  28482  9776  32270  0  0  0  22753  22374  0  0  78739  0  0  28.4153977063  57.0342372434  100.0  100.0  
1441317957  0  717  485480  579  0  0  23564  0  0  5009  32270  0  11112  17885  28482  354  0  246  28482  11112  32270  0  0  0  23564  23902  0  0  82231  1528  3492  29.0668969124  52.8433203191  100.0  100.0  
1441317957  0  717  492094  615  0  0  26126  0  0  5009  32270  0  13194  15686  28482  354  0  246  28482  13194  32270  0  0  0  26126  24382  0  0  84793  480  2562  28.7547321123  49.4985837863  100.0  100.0  
1441317958  0  717  505423  589  0  0  24413  0  0  5009  32270  0  13788  15131  28482  354  0  245  28482  13788  32270  0  0  0  24413  25250  0  0  86255  868  1462  29.2736652948  43.5218940728  100.0  100.0  
1441317958  0  717  516980  623  0  0  26615  0  0  5009  32270  0  15355  13468  28482  354  0  244  28482  15355  32270  0  0  0  26615  25914  0  0  88486  664  2231  29.285988744  42.3069697539  100.0  100.0  
1441317959  0  717  524293  684  0  0  28607  0  0  5009  32270  0  15529  13227  28482  354  0  245  28482  15529  32270  0  0  0  28607  27732  0  0  90483  1818  1997  30.6488511654  45.7160834761  100.0  100.0  
1441317960  0  734  530503  734  0  0  31393  0  0  5009  32270  0  16017  12645  28482  354  0  246  28482  16017  32270  0  0  0  31393  30030  0  0  93269  2298  2786  32.1971930652  48.9790717676  100.0  100.0  
1441317960  0  734  530503  734  0  0  31393  0  0  5009  32270  0  16017  12645  28482  354  0  246  28482  16017  32270  0  0  0  31393  30030  0  0  93269  0  0  32.1971930652  48.9790717676  100.0  100.0  
1441317961  0  747  539827  698  0  0  30086  0  0  5009  32270  0  14326  14410  28482  354  0  243  28482  14326  32270  0  0  0  30086  31509  0  0  95591  1479  2322  32.9623081671  52.383168251  100.0  100.0  
1441317961  0  747  548994  738  0  0  32609  0  0  5009  32609  0  14326  14334  28482  354  0  244  28482  14326  32609  0  0  0  32609  34967  0  0  99049  3458  3458  35.3027289523  56.0673433715  100.0  100.0  
1441317962  0  770  556142  770  0  0  34940  0  0  5009  34940  0  14348  14243  28482  354  0  244  28482  14348  34940  0  0  0  34940  37276  0  0  101385  2309  2336  36.7667800957  58.9353176875  100.0  100.0  
1441317962  0  823  561200  823  0  0  39047  0  0  5009  39047  0  14351  14119  28482  354  0  245  28482  14351  39047  0  0  0  39047  41380  0  0  105492  4104  4107  39.2257232776  63.2468563526  100.0  100.0  
1441317963  0  835  567094  835  0  0  39583  0  0  5009  39583  0  14360  14093  28482  354  0  246  28482  14360  39583  0  0  0  39583  41907  0  0  106028  527  536  39.5244652356  63.7217997625  100.0  100.0  
1441317963  0  838  573322  837  0  0  39023  0  0  5009  39583  0  13783  14676  28482  354  0  249  28482  13783  39583  0  0  0  39023  41933  0  0  106407  26  379  39.4081216461  64.679804218  100.0  100.0  
1441317964  0  838  573322  837  0  0  39023  0  0  5009  39583  0  13783  14676  28482  354  0  249  28482  13783  39583  0  0  0  39023  41933  0  0  106407  0  0  39.4081216461  64.679804218  100.0  100.0  
1441317964  0  867  582598  861  0  0  39800  0  0  5009  40075  0  14638  13791  28482  354  0  249  28482  14638  40075  0  0  0  39800  42130  0  0  107459  197  1052  39.2056505272  63.2211055276  100.0  100.0  
1441317965  0  885  588624  885  0  0  41021  0  0  5009  41021  0  14750  13648  28482  354  0  251  28482  14750  41021  0  0  0  41021  43239  0  0  108680  1109  1221  39.7856091277  64.0428073426  100.0  100.0  
1441317965  0  895  602786  851  0  0  38128  0  0  5009  41431  0  14857  13547  28482  354  0  254  28482  14857  41431  0  0  0  38128  43823  0  0  109371  584  691  40.0682082088  61.0338858582  100.0  100.0  
1441317966  0  895  614938  835  0  0  38257  0  0  5009  41431  0  14682  13727  28482  354  0  253  28482  14682  41431  0  0  0  38257  44361  0  0  109909  538  538  40.3615718458  61.6227095695  100.0  100.0  
1441317966  0  895  623345  853  0  0  38990  0  0  5009  41431  0  14716  13693  28482  354  0  254  28482  14716  41431  0  0  0  38990  45061  0  0  110643  700  734  40.726480663  62.2569889715  100.0  100.0  
1441317967  0  904  633765  904  0  0  41649  0  0  5009  41649  0  15553  12810  28482  354  0  255  28482  15553  41649  0  0  0  41649  46883  0  0  113302  1822  2659  41.3787929604  62.6569665538  100.0  100.0  
1441317967  0  904  633765  904  0  0  41649  0  0  5009  41649  0  15553  12810  28482  354  0  255  28482  15553  41649  0  0  0  41649  46883  0  0  113302  0  0  41.3787929604  62.6569665538  100.0  100.0  
1441317968  0  908  647439  902  0  0  40217  0  0  5009  41770  0  13078  15322  28482  354  0  255  28482  13078  41770  0  0  0  40217  49734  0  0  116339  2851  3037  42.7492070587  67.4814133327  100.0  100.0  
1441317968  0  942  663049  924  0  0  42997  0  0  5009  43312  0  13151  15216  28482  354  0  255  28482  13151  43312  0  0  0  42997  56550  0  0  123228  6816  6889  45.8905443568  69.4141451729  100.0  100.0  
1441317969  0  952  669912  952  0  0  44765  0  0  5009  44765  0  12539  15787  28482  354  0  255  28482  12539  44765  0  0  0  44765  58934  0  0  125628  2384  2400  46.9115165409  71.9892773372  100.0  100.0  
1441317969  0  997  677120  997  0  0  46852  0  0  5009  46852  0  12519  15744  28482  354  0  255  28482  12519  46852  0  0  0  46852  61041  0  0  127749  2107  2121  47.7819787239  73.2796892342  100.0  100.0  
1441317970  0  1017  681346  1017  0  0  48123  0  0  5009  48123  0  12445  15781  28482  354  0  254  28482  12445  48123  0  0  0  48123  62386  0  0  129094  1345  1345  48.3260259966  74.1391850051  100.0  100.0  
1441317970  0  1032  683837  1032  0  0  48924  0  0  5009  48924  0  12475  15727  28482  354  0  254  28482  12475  48924  0  0  0  48924  63157  0  0  129895  771  801  48.6215789676  74.5012672717  100.0  100.0  
