#type:G;
#time  Rt  Nm  Tt  Nc  Rx  Gz  Pc  Pf  Ra  Te  Pm  Fp  Fc  Ta  Fm  Om  Lm  Oc  Sm  Sc  Em  Af  Ea  Cf  Ec  Gd  Zt  Et  Ep  dedup_put_diff  total_eph_put_diff  dedup_factor  dedup_curr  compression_saving  tze_saving  
1441319050  0  0  4969  0  0  0  0  0  0  4895  0  0  0  0  0  0  0  0  0  0  0  0  0  0  0  0  0  0  0  0  0  0 0 0 0 
1441319051  0  0  4972  0  0  0  0  0  0  4896  0  0  0  0  0  0  0  0  0  0  0  0  0  0  0  0  0  0  0  0  0  0 0 0 0 
1441319052  0  0  4973  0  0  0  0  0  0  4896  0  0  0  0  0  0  0  0  0  0  0  0  0  0  0  0  0  0  0  0  0  0 0 0 0 
1441319052  0  0  4973  0  0  0  0  0  0  4896  0  0  0  0  0  0  0  0  0  0  0  0  0  0  0  0  0  0  0  0  0  0 0 0 0 
1441319053  0  0  4974  0  0  0  0  0  0  4896  0  0  0  0  0  0  0  0  0  0  0  0  0  0  0  0  0  0  0  0  0  0 0 0 0 
1441319053  0  0  4975  0  0  0  0  0  0  4896  0  0  0  0  0  0  0  0  0  0  0  0  0  0  0  0  0  0  0  0  0  0 0 0 0 
1441319054  0  0  4976  0  0  0  0  0  0  4896  0  0  0  0  0  0  0  0  0  0  0  0  0  0  0  0  0  0  0  0  0  0 0 0 0 
1441319054  0  0  4977  0  0  0  0  0  0  4896  0  0  0  0  0  0  0  0  0  0  0  0  0  0  0  0  0  0  0  0  0  0 0 0 0 
1441319055  0  0  4978  0  0  0  0  0  0  4896  0  0  0  0  0  0  0  0  0  0  0  0  0  0  0  0  0  0  0  0  0  0 0 0 0 
1441319055  0  0  4979  0  0  0  0  0  0  4896  0  0  0  0  0  0  0  0  0  0  0  0  0  0  0  0  0  0  0  0  0  0 0 0 0 
1441319056  0  0  4980  0  0  0  0  0  0  4896  0  0  0  0  0  0  0  0  0  0  0  0  0  0  0  0  0  0  0  0  0  0 0 0 0 
1441319056  0  0  4980  0  0  0  0  0  0  4896  0  0  0  0  0  0  0  0  0  0  0  0  0  0  0  0  0  0  0  0  0  0 0 0 0 
1441319057  0  0  4981  0  0  0  0  0  0  4896  0  0  0  0  0  0  0  0  0  0  0  0  0  0  0  0  0  0  0  0  0  0 0 0 0 
1441319057  0  0  4982  0  0  0  0  0  0  4896  0  0  0  0  0  0  0  0  0  0  0  0  0  0  0  0  0  0  0  0  0  0 0 0 0 
1441319058  0  0  4983  0  0  0  0  0  0  4896  0  0  0  0  0  0  0  0  0  0  0  0  0  0  0  0  0  0  0  0  0  0 0 0 0 
1441319058  0  0  4984  0  0  0  0  0  0  4896  0  0  0  0  0  0  0  0  0  0  0  0  0  0  0  0  0  0  0  0  0  0 0 0 0 
1441319059  0  0  4985  0  0  0  0  0  0  4896  0  0  0  0  0  0  0  0  0  0  0  0  0  0  0  0  0  0  0  0  0  0 0 0 0 
1441319059  0  0  4986  0  0  0  0  0  0  4896  0  0  0  0  0  0  0  0  0  0  0  0  0  0  0  0  0  0  0  0  0  0 0 0 0 
1441319060  0  0  4986  0  0  0  0  0  0  4896  0  0  0  0  0  0  0  0  0  0  0  0  0  0  0  0  0  0  0  0  0  0 0 0 0 
1441319060  0  0  4987  0  0  0  0  0  0  4896  0  0  0  0  0  0  0  0  0  0  0  0  0  0  0  0  0  0  0  0  0  0 0 0 0 
1441319061  0  0  4989  0  0  0  0  0  0  4897  0  0  0  0  0  0  0  0  0  0  0  0  0  0  0  0  0  0  0  0  0  0 0 0 0 
1441319061  0  234  8987  194  0  0  2795  0  0  5009  3422  0  2795  639  3422  354  0  216  0  0  3422  0  0  0  2795  0  0  0  3422  0  3422  0.0  100.0  0 0 
1441319062  0  234  9282  183  0  0  2647  0  0  5009  3422  0  2647  791  3422  354  0  191  0  0  3422  0  0  0  2647  0  0  0  3422  0  0  0.0  100.0  0 0 
1441319062  0  234  9337  179  0  0  2617  0  0  5009  3422  0  2617  821  3422  354  0  189  0  0  3422  0  0  0  2617  0  0  0  3422  0  0  0.0  100.0  0 0 
1441319063  0  234  9338  179  0  0  2617  0  0  5009  3422  0  2617  821  3422  354  0  189  0  0  3422  0  0  0  2617  0  0  0  3422  0  0  0.0  100.0  0 0 
1441319063  0  234  9338  179  0  0  2617  0  0  5009  3422  0  2617  821  3422  354  0  189  0  0  3422  0  0  0  2617  0  0  0  3422  0  0  0.0  100.0  0 0 
1441319064  0  234  9339  179  0  0  2617  0  0  5009  3422  0  2617  821  3422  354  0  189  0  0  3422  0  0  0  2617  0  0  0  3422  0  0  0.0  100.0  0 0 
1441319064  0  234  9340  179  0  0  2617  0  0  5009  3422  0  2617  821  3422  354  0  189  0  0  3422  0  0  0  2617  0  0  0  3422  0  0  0.0  100.0  0 0 
1441319065  0  234  9341  179  0  0  2617  0  0  5009  3422  0  2617  821  3422  354  0  189  0  0  3422  0  0  0  2617  0  0  0  3422  0  0  0.0  100.0  0 0 
1441319065  0  234  9342  179  0  0  2617  0  0  5009  3422  0  2617  821  3422  354  0  189  0  0  3422  0  0  0  2617  0  0  0  3422  0  0  0.0  100.0  0 0 
1441319066  0  234  9343  179  0  0  2617  0  0  5009  3422  0  2617  821  3422  354  0  189  0  0  3422  0  0  0  2617  0  0  0  3422  0  0  0.0  100.0  0 0 
1441319066  0  234  9343  179  0  0  2617  0  0  5009  3422  0  2617  821  3422  354  0  189  0  0  3422  0  0  0  2617  0  0  0  3422  0  0  0.0  100.0  0 0 
1441319067  0  234  9344  179  0  0  2617  0  0  5009  3422  0  2617  821  3422  354  0  189  0  0  3422  0  0  0  2617  0  0  0  3422  0  0  0.0  100.0  0 0 
1441319067  0  234  11033  209  0  0  3027  0  0  5009  3422  0  3027  411  3422  354  0  226  0  0  3422  0  0  0  3027  0  0  0  3832  0  410  0.0  100.0  0 0 
1441319068  0  234  16121  209  0  0  3027  0  0  5009  3422  0  3027  411  3422  354  0  226  0  0  3422  0  0  0  3027  0  0  0  3832  0  0  0.0  100.0  0 0 
1441319068  0  234  23301  209  0  0  3027  0  0  5009  3422  0  3027  411  3422  354  0  226  0  0  3422  0  0  0  3027  0  0  0  3832  0  0  0.0  100.0  0 0 
1441319069  0  234  29290  209  0  0  3027  0  0  5009  3422  0  3027  411  3422  354  0  226  0  0  3422  0  0  0  3027  0  0  0  3832  0  0  0.0  100.0  0 0 
1441319069  0  234  36345  209  0  0  3027  0  0  5009  3422  0  3027  411  3422  354  0  226  0  0  3422  0  0  0  3027  0  0  0  3832  0  0  0.0  100.0  0 0 
1441319070  0  234  67223  208  0  0  2981  0  0  5009  3422  0  2981  457  3422  354  0  224  0  0  3422  0  0  0  2981  0  0  0  3868  0  36  0.0  100.0  0 0 
1441319070  0  234  67223  208  0  0  2981  0  0  5009  3422  0  2981  457  3422  354  0  224  0  0  3422  0  0  0  2981  0  0  0  3868  0  0  0.0  100.0  0 0 
1441319071  0  234  67224  208  0  0  2981  0  0  5009  3422  0  2981  457  3422  354  0  224  0  0  3422  0  0  0  2981  0  0  0  3868  0  0  0.0  100.0  0 0 
1441319071  0  234  82086  209  0  0  2994  0  0  5009  3422  0  2994  444  3422  354  0  225  0  0  3422  0  0  0  2994  0  0  0  3884  0  16  0.0  100.0  0 0 
1441319072  0  234  89428  219  0  0  3842  0  0  5009  3842  0  3842  0  3842  354  0  228  0  0  3842  0  0  0  3842  0  0  0  4732  0  848  0.0  100.0  0 0 
1441319072  0  234  97003  228  0  0  3950  0  0  5009  3950  0  3950  0  3950  354  0  229  0  0  3950  0  0  0  3950  0  0  0  4847  0  115  0.0  100.0  0 0 
1441319073  0  234  104179  230  0  0  4003  0  0  5009  4003  0  4003  0  4003  354  0  229  0  0  4003  0  0  0  4003  0  0  0  4903  0  56  0.0  100.0  0 0 
1441319073  0  234  112072  230  0  0  4003  0  0  5009  4003  0  4003  0  4003  354  0  229  0  0  4003  0  0  0  4003  0  0  0  4903  0  0  0.0  100.0  0 0 
1441319074  0  234  112072  230  0  0  4003  0  0  5009  4003  0  4003  0  4003  354  0  229  0  0  4003  0  0  0  4003  0  0  0  4903  0  0  0.0  100.0  0 0 
1441319074  0  239  122635  239  0  0  4103  0  0  5009  4103  0  4103  0  4103  354  0  232  0  0  4103  0  0  0  4103  0  0  0  5003  0  100  0.0  100.0  0 0 
1441319075  0  239  129428  239  0  0  4103  0  0  5009  4103  0  4103  0  4103  354  0  232  0  0  4103  0  0  0  4103  0  0  0  5003  0  0  0.0  100.0  0 0 
1441319076  0  239  139421  232  0  0  3973  0  0  5009  4103  0  3973  131  4103  354  0  231  0  0  4103  0  0  0  3973  0  0  0  5003  0  0  0.0  100.0  0 0 
1441319076  0  257  149150  257  0  0  4419  0  0  5009  4419  0  4419  0  4419  354  0  236  0  0  4419  0  0  0  4419  0  0  0  5449  0  446  0.0  100.0  0 0 
1441319077  0  270  156593  270  0  0  5230  0  0  5009  5230  0  5230  0  5230  354  0  236  0  0  5230  0  0  0  5230  0  0  0  6260  0  811  0.0  100.0  0 0 
1441319077  0  301  164909  301  0  0  7250  0  0  5009  7250  0  7250  0  7250  354  0  236  0  0  7250  0  0  0  7250  0  0  0  8280  0  2020  0.0  100.0  0 0 
1441319078  0  301  164909  301  0  0  7250  0  0  5009  7250  0  7250  0  7250  354  0  236  0  0  7250  0  0  0  7250  0  0  0  8280  0  0  0.0  100.0  0 0 
1441319078  0  354  174558  354  0  0  10720  0  0  5009  10720  0  10720  0  10720  354  0  236  0  0  10720  0  0  0  10720  0  0  0  11750  0  3470  0.0  100.0  0 0 
1441319079  0  397  182327  397  0  0  13712  0  0  5009  13712  0  13712  0  13712  354  0  236  0  0  13712  0  0  0  13712  0  0  0  14742  0  2992  0.0  100.0  0 0 
1441319079  0  461  190603  461  0  0  16398  0  0  5009  16398  0  16398  0  16398  354  0  241  0  0  16398  0  0  0  16398  0  0  0  17428  0  2686  0.0  100.0  0 0 
1441319080  0  514  198983  514  0  0  19427  0  0  5009  19427  0  19427  0  19427  354  0  243  0  0  19427  0  0  0  19427  0  0  0  20457  0  3029  0.0  100.0  0 0 
1441319080  0  567  207137  567  0  0  22071  0  0  5009  22071  0  22071  0  22071  354  0  243  0  0  22071  0  0  0  22071  0  0  0  23101  0  2644  0.0  100.0  0 0 
1441319081  0  591  214932  591  0  0  23490  0  0  5009  23490  0  23490  0  23490  354  0  243  0  0  23490  0  0  0  23490  0  0  0  24522  0  1421  0.0  100.0  0 0 
1441319081  0  591  214932  591  0  0  23490  0  0  5009  23490  0  23490  0  23490  354  0  243  0  0  23490  0  0  0  23490  0  0  0  24522  0  0  0.0  100.0  0 0 
1441319082  0  621  221058  621  0  0  25459  0  0  5009  25459  0  25459  0  25459  354  0  243  0  0  25459  0  0  0  25459  0  0  0  26491  0  1969  0.0  100.0  0 0 
1441319082  0  646  227910  644  0  0  27114  0  0  5009  27114  0  27114  0  27114  354  0  242  0  0  27114  0  0  0  27114  0  0  0  28202  0  1711  0.0  100.0  0 0 
1441319084  0  666  235472  661  0  0  28293  0  0  5009  28370  0  28293  77  28370  354  0  243  0  0  28370  0  0  0  28293  0  0  0  29458  0  1256  0.0  100.0  0 0 
1441319084  0  709  257808  601  0  0  24647  0  0  5009  31335  0  24647  6765  31335  354  0  244  0  0  31335  0  0  0  24647  0  0  0  34368  0  4910  0.0  100.0  0 0 
1441319085  0  709  257808  601  0  0  24647  0  0  5009  31335  0  24647  6765  31335  354  0  244  0  0  31335  0  0  0  24647  0  0  0  34368  0  0  0.0  100.0  0 0 
1441319085  0  709  269035  619  0  0  27209  0  0  5009  31335  0  27209  4216  31335  354  0  242  0  0  31335  0  0  0  27209  0  0  0  38322  0  3954  0.0  100.0  0 0 
1441319086  0  709  274986  675  0  0  30637  0  0  5009  31335  0  30637  722  31335  354  0  244  0  0  31335  0  0  0  30637  0  0  0  41750  0  3428  0.0  100.0  0 0 
1441319086  0  709  282772  707  0  0  32276  0  0  5009  32276  0  32276  0  32276  354  0  245  0  0  32276  0  0  0  32276  0  0  0  43389  0  1639  0.0  100.0  0 0 
1441319087  0  732  289269  732  0  0  33151  0  0  5009  33151  0  33151  0  33151  354  0  247  0  0  33151  0  0  0  33151  0  0  0  45032  0  1643  0.0  100.0  0 0 
1441319087  0  736  296497  728  0  0  33101  0  0  5009  33536  0  33101  439  33536  354  0  246  0  0  33536  0  0  0  33101  0  0  0  46102  0  1070  0.0  100.0  0 0 
1441319088  0  798  319564  727  0  0  30922  0  0  5009  36170  0  30922  5293  36170  354  0  250  0  0  36170  0  0  0  30922  0  0  0  50297  0  4195  0.0  100.0  0 0 
1441319088  0  798  319564  727  0  0  30922  0  0  5009  36170  0  30922  5293  36170  354  0  250  0  0  36170  0  0  0  30922  0  0  0  50297  0  0  0.0  100.0  0 0 
1441319089  0  798  329422  797  0  0  35160  0  0  5009  36170  0  35160  1038  36170  354  0  250  0  0  36170  0  0  0  35160  0  0  0  54561  0  4264  0.0  100.0  0 0 
1441319089  0  833  335573  833  0  0  37498  0  0  5009  37498  0  37498  0  37498  354  0  248  0  0  37498  0  0  0  37498  0  0  0  57166  0  2605  0.0  100.0  0 0 
1441319090  0  876  342867  876  0  0  40714  0  0  5009  40714  0  40714  0  40714  354  0  247  0  0  40714  0  0  0  40714  0  0  0  60517  0  3351  0.0  100.0  0 0 
1441319090  0  898  349080  898  0  0  41964  0  0  5009  41964  0  41964  0  41964  354  0  247  0  0  41964  0  0  0  41964  0  0  0  61767  0  1250  0.0  100.0  0 0 
1441319091  0  899  350818  899  0  0  42348  0  0  5009  42348  0  42348  0  42348  354  0  247  0  0  42348  0  0  0  42348  0  0  0  62151  0  384  0.0  100.0  0 0 
1441319091  0  909  352860  909  0  0  42791  0  0  5009  42791  0  42791  0  42791  354  0  246  0  0  42791  0  0  0  42791  0  0  0  62682  0  531  0.0  100.0  0 0 
1441319092  0  909  352860  909  0  0  42791  0  0  5009  42791  0  42791  0  42791  354  0  246  0  0  42791  0  0  0  42791  0  0  0  62682  0  0  0.0  100.0  0 0 
