#Type:X;CI:1;ww:0;ca:0;co:1;fr:0;Type:X;CI:1;PI:0;PT:EP;U0:0;U1:0;Type:X;CI:1;PI:1;PT:EP;U0:0;U1:0;
#time  Pp  gt  gs  cn  cm  cb  Nc  Pc  cp  Tc  Nm  pr  ps  pt  px  pd  Pm  Om  fs  ft  Oc  Em  Gp  Ec  Ge  ot  os  Total_cycles_diff  Successful_get_diff  Total_get_diff  succ_put_diff  total_put_diff  get_hit  
1441314342  0  0  0  0  0  0  0  0  0  4188964  0  0  0  0  0  0  0  0  0  21  0  0  0  0  0  46  0  4188964  0  0  0  0  
1441314343  0  0  0  0  0  0  0  0  0  4195050  0  0  0  0  0  0  0  0  0  21  0  0  0  0  0  47  0  6086  0  0  0  0  0 
1441314344  0  0  0  0  0  0  0  0  0  4195050  0  0  0  0  0  0  0  0  0  21  0  0  0  0  0  47  0  0  0  0  0  0  0 
1441314344  0  0  0  0  0  0  0  0  0  4195050  0  0  0  0  0  0  0  0  0  21  0  0  0  0  0  47  0  0  0  0  0  0  0 
1441314345  0  0  0  0  0  0  0  0  0  4195050  0  0  0  0  0  0  0  0  0  21  0  0  0  0  0  47  0  0  0  0  0  0  0 
1441314345  0  0  0  0  0  0  0  0  0  4195050  0  0  0  0  0  0  0  0  0  21  0  0  0  0  0  47  0  0  0  0  0  0  0 
1441314346  0  0  0  0  0  0  0  0  0  4195050  0  0  0  0  0  0  0  0  0  21  0  0  0  0  0  47  0  0  0  0  0  0  0 
1441314346  0  0  0  0  0  0  0  0  0  4195050  0  0  0  0  0  0  0  0  0  21  0  0  0  0  0  47  0  0  0  0  0  0  0 
1441314347  0  0  0  0  0  0  0  0  0  4195050  0  0  0  0  0  0  0  0  0  21  0  0  0  0  0  47  0  0  0  0  0  0  0 
1441314347  0  0  0  0  0  0  0  0  0  4195050  0  0  0  0  0  0  0  0  0  21  0  0  0  0  0  47  0  0  0  0  0  0  0 
1441314348  0  0  0  0  0  0  0  0  0  4195050  0  0  0  0  0  0  0  0  0  21  0  0  0  0  0  47  0  0  0  0  0  0  0 
1441314348  0  0  0  0  0  0  0  0  0  4195050  0  0  0  0  0  0  0  0  0  21  0  0  0  0  0  47  0  0  0  0  0  0  0 
1441314349  0  0  0  0  0  0  0  0  0  4195050  0  0  0  0  0  0  0  0  0  21  0  0  0  0  0  47  0  0  0  0  0  0  0 
1441314349  0  0  0  0  0  0  0  0  0  4195050  0  0  0  0  0  0  0  0  0  21  0  0  0  0  0  47  0  0  0  0  0  0  0 
1441314350  0  0  0  0  0  0  0  0  0  4195050  0  0  0  0  0  0  0  0  0  21  0  0  0  0  0  47  0  0  0  0  0  0  0 
1441314350  0  0  0  0  0  0  0  0  0  4195050  0  0  0  0  0  0  0  0  0  21  0  0  0  0  0  47  0  0  0  0  0  0  0 
1441314351  0  0  0  0  0  0  0  0  0  4195050  0  0  0  0  0  0  0  0  0  21  0  0  0  0  0  47  0  0  0  0  0  0  0 
1441314351  0  0  0  0  0  0  0  0  0  4195050  0  0  0  0  0  0  0  0  0  21  0  0  0  0  0  47  0  0  0  0  0  0  0 
1441314352  0  0  0  0  0  0  0  0  0  4195050  0  0  0  0  0  0  0  0  0  21  0  0  0  0  0  47  0  0  0  0  0  0  0 
1441314352  0  0  0  0  0  0  0  0  0  4195050  0  0  0  0  0  0  0  0  0  21  0  0  0  0  0  47  0  0  0  0  0  0  0 
1441314353  0  0  0  0  0  0  0  0  0  4195050  0  0  0  0  0  0  0  0  0  21  0  0  0  0  0  47  0  0  0  0  0  0  0 
1441314353  0  0  0  6  0  5334545  171  2305  2299  155650327  171  0  2305  2305  0  0  2305  228  0  72  228  2305  0  2305  0  123  0  151455277  0  0  2305  2305  0 
1441314354  0  311  229  13  5  6407930  183  2704  2695  247983723  234  0  3416  3421  5  0  3416  354  0  125  191  3416  0  2704  229  271  127  92333396  229  311  1111  1116  73.6334405145  
1441314354  0  504  317  13  5  6169572  179  2616  2610  256842236  234  0  3416  3421  5  0  3416  354  0  125  189  3416  0  2616  317  271  127  8858513  88  193  0  0  62.8968253968  
1441314355  0  504  317  13  5  6169572  179  2616  2610  256842236  234  0  3416  3421  5  0  3416  354  0  125  189  3416  0  2616  317  271  127  0  0  0  0  0  62.8968253968  
1441314355  0  504  317  13  5  6169572  179  2616  2610  256842236  234  0  3416  3421  5  0  3416  354  0  125  189  3416  0  2616  317  271  127  0  0  0  0  0  62.8968253968  
1441314356  0  504  317  13  5  6169572  179  2616  2610  256842236  234  0  3416  3421  5  0  3416  354  0  125  189  3416  0  2616  317  271  127  0  0  0  0  0  62.8968253968  
1441314356  0  504  317  13  5  6169572  179  2616  2610  256842236  234  0  3416  3421  5  0  3416  354  0  125  189  3416  0  2616  317  271  127  0  0  0  0  0  62.8968253968  
1441314357  0  504  317  13  5  6169572  179  2616  2610  256842236  234  0  3416  3421  5  0  3416  354  0  125  189  3416  0  2616  317  271  127  0  0  0  0  0  62.8968253968  
1441314357  0  504  317  13  5  6169572  179  2616  2610  256842236  234  0  3416  3421  5  0  3416  354  0  125  189  3416  0  2616  317  271  127  0  0  0  0  0  62.8968253968  
1441314358  0  504  317  13  5  6169572  179  2616  2610  256842236  234  0  3416  3421  5  0  3416  354  0  125  189  3416  0  2616  317  271  127  0  0  0  0  0  62.8968253968  
1441314358  0  504  317  13  5  6169572  179  2616  2610  256842236  234  0  3416  3421  5  0  3416  354  0  125  189  3416  0  2616  317  271  127  0  0  0  0  0  62.8968253968  
1441314359  0  504  317  13  5  6169572  179  2616  2610  256842236  234  0  3416  3421  5  0  3416  354  0  125  189  3416  0  2616  317  271  127  0  0  0  0  0  62.8968253968  
1441314359  0  504  317  13  5  6169572  179  2616  2610  256842236  234  0  3416  3421  5  0  3416  354  0  125  189  3416  0  2616  317  271  127  0  0  0  0  0  62.8968253968  
1441314360  0  504  317  32  17  7239320  210  3060  3035  288839061  234  0  3860  3877  17  0  3416  354  0  752  226  3416  0  3060  317  271  127  31996825  0  0  444  456  62.8968253968  
1441314360  0  514  324  32  17  7224826  210  3055  3030  292421436  234  0  3862  3879  17  0  3416  354  0  11229  226  3416  0  3055  324  271  127  3582375  7  10  2  2  63.0350194553  
1441314361  0  514  324  32  17  7224826  210  3055  3030  294084083  234  0  3862  3879  17  0  3416  354  0  17867  226  3416  0  3055  324  271  127  1662647  0  0  0  0  63.0350194553  
1441314361  0  514  324  32  17  7224826  210  3055  3030  295640332  234  0  3862  3879  17  0  3416  354  0  24293  226  3416  0  3055  324  271  127  1556249  0  0  0  0  63.0350194553  
1441314362  0  514  324  32  17  7224826  210  3055  3030  298372561  234  0  3862  3879  17  0  3416  354  0  34229  226  3416  0  3055  324  271  127  2732229  0  0  0  0  63.0350194553  
1441314363  0  514  324  32  17  7224826  210  3055  3030  300883940  234  0  3862  3879  17  0  3416  354  0  44350  226  3416  0  3055  324  271  127  2511379  0  0  0  0  63.0350194553  
1441314363  0  514  324  32  17  7224826  210  3055  3030  300883940  234  0  3862  3879  17  0  3416  354  0  44350  226  3416  0  3055  324  271  127  0  0  0  0  0  63.0350194553  
1441314364  0  514  324  32  17  7224826  210  3055  3030  303413459  234  0  3862  3879  17  0  3416  354  0  53328  226  3416  0  3055  324  271  127  2529519  0  0  0  0  63.0350194553  
1441314364  0  514  324  32  17  7224826  210  3055  3030  305137313  234  0  3862  3879  17  0  3416  354  0  59229  226  3416  0  3055  324  271  127  1723854  0  0  0  0  63.0350194553  
1441314365  0  514  324  32  17  7224826  210  3055  3030  307908193  234  0  3862  3879  17  0  3416  354  0  70188  226  3416  0  3055  324  271  127  2770880  0  0  0  0  63.0350194553  
1441314365  0  596  405  34  18  8609444  208  3613  3586  356558075  234  0  4501  4519  18  0  3613  354  0  88792  223  3613  0  3613  405  271  127  48649882  81  82  639  640  67.9530201342  
1441314366  0  596  405  34  18  8609444  208  3613  3586  356558075  234  0  4501  4519  18  0  3613  354  0  88792  223  3613  0  3613  405  271  127  0  0  0  0  0  67.9530201342  
1441314366  0  596  405  37  18  8802884  209  3684  3654  364151917  234  0  4572  4590  18  0  3684  354  0  96450  224  3684  0  3684  405  271  127  7593842  0  0  71  71  67.9530201342  
1441314367  0  622  421  37  18  8762388  209  3668  3638  373054578  234  0  4572  4590  18  0  3684  354  0  114020  224  3684  0  3668  421  271  127  8902661  16  26  0  0  67.6848874598  
1441314367  0  1422  421  46  18  8762388  211  3677  3638  381026330  234  0  4581  4599  18  0  3684  354  0  120986  225  3684  0  3677  421  271  127  7971752  0  800  9  9  29.6061884669  
1441314368  0  3836  421  133  18  8762388  221  3764  3638  420187566  234  0  4668  4686  18  0  3764  354  0  126416  228  3764  0  3764  421  271  127  39161236  0  2414  87  87  10.9749739312  
1441314368  0  6716  421  149  18  8762388  225  3780  3638  427909901  234  0  4684  4702  18  0  3780  354  0  129730  230  3780  0  3780  421  274  127  7722335  0  2880  16  16  6.26861226921  
1441314369  0  9080  421  316  18  8762388  234  3947  3638  491892091  234  0  4851  4869  18  0  3947  354  0  135807  231  3947  0  3947  421  276  127  63982190  0  2364  167  167  4.63656387665  
1441314370  0  9080  421  316  18  8762388  234  3947  3638  491892091  234  0  4851  4869  18  0  3947  354  0  135807  231  3947  0  3947  421  276  127  0  0  0  0  0  4.63656387665  
1441314370  0  10607  421  383  18  8762388  238  4014  3638  519386450  238  0  4918  4936  18  0  4014  354  0  142417  232  4014  0  4014  421  279  127  27494359  0  1527  67  67  3.96907702461  
1441314371  0  12334  421  470  18  8762388  242  4101  3638  551150886  242  0  5005  5023  18  0  4101  354  0  148975  232  4101  0  4101  421  279  127  31764436  0  1727  87  87  3.41332900924  
1441314371  0  13189  421  488  18  8762388  244  4119  3638  561451991  244  0  5023  5041  18  0  4119  354  0  154833  233  4119  0  4119  421  281  127  10301105  0  855  18  18  3.19205398438  
1441314372  0  14513  421  492  19  8967264  247  4216  3731  576345672  247  0  5120  5139  19  0  4216  354  0  160131  236  4216  0  4216  421  284  127  14893681  0  1324  97  98  2.90084751602  
1441314372  0  17193  436  545  19  8967264  257  4254  3731  604331999  257  0  5173  5192  19  0  4263  354  0  164995  239  4263  0  4254  436  284  127  27986327  15  2680  53  53  2.53591577968  
1441314373  0  20137  444  1449  19  8967264  283  5150  3731  786668463  283  0  6077  6096  19  0  5150  354  0  169695  241  5150  0  5150  444  284  127  182336464  8  2944  904  904  2.20489645925  
1441314373  0  20137  444  1449  19  8967264  283  5150  3731  786668463  283  0  6077  6096  19  0  5150  354  0  169695  241  5150  0  5150  444  284  127  0  0  0  0  0  2.20489645925  
1441314374  0  24093  454  3359  19  8967656  313  7064  3745  1176646155  315  0  8001  8020  19  0  7074  354  0  175464  242  7074  0  7064  454  286  127  389977692  10  3956  1924  1924  1.88436475325  
1441314375  0  28417  454  5507  19  8973177  355  9276  3809  1520374650  355  0  10213  10232  19  0  9276  354  0  177973  244  9276  0  9276  454  290  127  343728495  0  4324  2212  2212  1.59763521836  
1441314375  0  30881  454  8925  20  8976367  402  12696  3811  2212377143  402  0  13633  13653  20  0  12696  354  0  179959  244  12696  0  12696  454  291  127  692002493  0  2464  3420  3421  1.47015964509  
1441314376  0  32703  454  11089  20  8978408  434  14861  3812  2714434730  434  0  15798  15818  20  0  14861  354  0  183699  244  14861  0  14861  454  292  127  502057587  0  1822  2165  2165  1.38825184234  
1441314376  0  36967  2222  12668  20  8985108  428  13873  4090  3139787468  470  0  17657  17677  20  0  16582  354  0  190669  245  16582  0  13873  2222  293  128  425352738  1768  4264  1859  1859  6.01076635919  
1441314377  0  38763  2222  15897  20  8994539  486  17144  4132  3793073027  486  0  20928  20948  20  0  17144  354  0  193050  245  17144  0  17144  2222  293  128  653285559  0  1796  3271  3271  5.7322704641  
1441314377  0  41687  2849  19260  20  8995427  519  19881  4133  4475033837  519  0  24292  24312  20  0  19881  354  0  195866  246  19881  0  19881  2849  294  128  681960810  627  2924  3364  3364  6.83426487874  
1441314378  0  44241  2849  22511  20  8995427  571  23132  4133  5217827778  571  0  27543  27563  20  0  23132  354  0  198174  246  23132  0  23132  2849  296  128  742793941  0  2554  3251  3251  6.43972785425  
1441314378  0  44241  2849  22511  20  8995427  571  23132  4133  5217827778  571  0  27543  27563  20  0  23132  354  0  198174  246  23132  0  23132  2849  296  128  0  0  0  0  0  6.43972785425  
1441314379  0  47384  3408  25736  20  8993255  617  25863  4083  5927571394  624  0  30833  30853  20  0  25972  354  0  199611  248  25972  0  25863  3408  300  128  709743616  559  3143  3290  3290  7.19230119872  
1441314379  0  50154  3433  27646  20  8935100  653  27767  4077  6352630016  653  0  32762  32782  20  0  27767  354  0  200336  249  27767  0  27767  3433  300  128  425058622  25  2770  1929  1929  6.84491765363  
1441314380  0  53038  3437  29567  20  9004881  697  29945  4334  6767854875  697  0  34945  34965  20  0  29945  354  1  203366  251  29945  0  29945  3437  301  128  415224859  4  2884  2183  2183  6.48025943663  
1441314380  0  55615  3445  31710  20  9005844  683  29292  4335  7184435146  729  0  37097  37117  20  0  31993  354  1  207868  250  31993  0  29292  3445  304  129  416580271  8  2577  2152  2152  6.19437202194  
1441314381  0  59347  4553  33936  20  9005952  704  30418  4342  7642798489  729  0  39331  39351  20  0  31993  354  1  213521  250  31993  0  30418  4553  308  129  458363343  1108  3732  2234  2234  7.67182839908  
1441314381  0  62162  4553  36221  20  9008822  743  32754  4393  8207172593  743  0  41667  41687  20  0  32754  354  1  215958  250  32754  0  32754  4553  310  129  564374104  0  2815  2336  2336  7.32441041151  
1441314382  0  64146  4553  38374  21  9008822  776  34907  4393  8643492083  776  0  43820  43841  21  0  34907  354  1  220773  250  34907  0  34907  4553  312  129  436319490  0  1984  2153  2154  7.09787048296  
1441314382  0  64146  4553  38374  21  9008822  776  34907  4393  8643492083  776  0  43820  43841  21  0  34907  354  1  220773  250  34907  0  34907  4553  312  129  0  0  0  0  0  7.09787048296  
1441314383  0  68198  6589  42086  21  9032390  815  37473  5282  9335405931  815  0  48423  48444  21  0  37473  354  2  224167  250  37473  0  37473  6589  313  129  691913848  2036  4052  4603  4603  9.66157365319  
1441314383  0  70342  6589  44837  21  9102056  897  42570  7628  10024168177  897  0  53520  53541  21  0  42570  354  2  225478  251  42570  0  42570  6589  313  129  688762246  0  2144  5097  5097  9.36709220665  
1441314384  0  72486  6589  46747  21  9138680  945  45788  8936  10494830945  945  0  56738  56759  21  0  45788  354  2  228304  251  45788  0  45788  6589  313  129  470662768  0  2144  3218  3218  9.09003117843  
1441314384  0  74662  6589  47864  21  9169139  987  47885  9916  10859029624  987  0  58835  58856  21  0  47885  354  2  231774  252  47885  0  47885  6589  313  129  364198679  0  2176  2097  2097  8.8251051405  
1441314385  0  77350  6589  49664  21  9177242  1028  50085  10316  11374470237  1028  0  61036  61057  21  0  50085  354  3  234021  255  50085  0  50085  6589  313  129  515440613  0  2688  2201  2201  8.51842275372  
1441314385  0  83429  10020  52070  21  9200880  970  46415  11440  11819910083  1048  0  64650  64671  21  0  50952  354  3  241737  253  50952  0  46415  10020  319  132  445439846  3431  6079  3614  3614  12.0102122763  
1441314386  0  85125  10020  52860  21  9210170  986  47430  11665  12051350439  1048  0  65665  65686  21  0  50952  354  3  242864  253  50952  0  47430  10020  319  132  231440356  0  1696  1015  1015  11.7709251101  
1441314386  0  85125  10020  52860  21  9210170  986  47430  11665  12051350439  1048  0  65665  65686  21  0  50952  354  3  242864  253  50952  0  47430  10020  319  132  0  0  0  0  0  11.7709251101  
1441314387  0  91989  14951  56800  21  9101072  995  47441  7736  12709819695  1048  0  70607  70628  21  0  50952  354  3  247893  253  50952  0  47441  14951  321  132  658469256  4931  6864  4942  4942  16.2530302536  
1441314387  0  96573  17255  58794  21  9038783  989  47177  5478  13255026224  1048  0  72647  72668  21  0  50952  354  3  253441  254  50952  0  47177  17255  325  132  545206529  2304  4584  2040  2040  17.86731281  
1441314388  0  98621  17255  60491  21  9039819  1030  48911  5515  13717804573  1048  0  74381  74402  21  0  50952  354  3  258097  255  50952  0  48911  17255  325  132  462778349  0  2048  1734  1734  17.4962736131  
1441314388  0  100862  17256  62787  21  9039327  1070  51206  5514  14294703104  1070  0  76677  76698  21  0  51206  354  3  261905  256  51206  0  51206  17256  326  132  576898531  1  2241  2296  2296  17.1085245186  
1441314389  0  103966  17256  67462  21  9041187  1136  55887  5520  15115445285  1136  0  81358  81379  21  0  55887  354  3  263611  257  55887  0  55887  17256  326  132  820742181  0  3104  4681  4681  16.5977338745  
1441314390  0  106238  17256  69469  21  9045322  1174  57957  5583  15509341812  1174  0  83428  83449  21  0  57957  354  3  263874  257  57957  0  57957  17256  326  132  393896527  0  2272  2070  2070  16.2427756547  
1441314390  0  106238  17256  69469  21  9045322  1174  57957  5583  15509341812  1174  0  83428  83449  21  0  57957  354  3  263874  257  57957  0  57957  17256  326  132  0  0  0  0  0  16.2427756547  
1441314391  0  110720  19929  72342  21  9053970  1160  57377  5809  16030272186  1186  0  86629  86650  21  0  58498  354  3  267209  257  58498  0  57377  19929  328  133  520930374  2673  4482  3201  3201  17.9994580925  
1441314391  0  113115  19929  72804  21  9132370  1211  60639  8609  16222078351  1211  0  89891  89912  21  0  60639  354  3  268779  257  60639  0  60639  19929  328  133  191806165  0  2395  3262  3262  17.6183530036  
1441314392  0  120188  25381  74816  21  9225818  1211  60488  11897  16627719481  1254  0  95192  95213  21  0  63621  354  3  273389  258  63621  0  60488  25381  328  133  405641130  5452  7073  5301  5301  21.1177488601  
1441314392  0  125343  28200  76236  21  9299939  1234  61845  14652  17070196977  1254  0  99368  99389  21  0  63621  354  3  279373  259  63621  0  61845  28200  334  133  442477496  2819  5155  4176  4176  22.4982647615  
1441314393  0  130632  30321  79587  21  9336892  1276  64451  16027  17740431313  1276  0  104095  104116  21  0  64451  354  3  283995  258  64451  0  64451  30321  335  133  670234336  2121  5289  4727  4727  23.2110049605  
1441314393  0  133129  30321  81992  21  9378948  1271  64006  17529  18279258848  1338  0  108002  108023  21  0  68068  354  3  285599  258  68068  0  64006  30321  337  134  538827535  0  2497  3907  3907  22.7756536893  
1441314394  0  133129  30321  81992  21  9378948  1271  64006  17529  18279258848  1338  0  108002  108023  21  0  68068  354  3  285599  258  68068  0  64006  30321  337  134  0  0  0  0  0  22.7756536893  
1441314394  0  135885  31309  85147  21  9385433  1199  59475  17789  18864607488  1338  0  111419  111440  21  0  68068  354  3  288307  258  68068  0  59475  31309  341  135  585348640  988  2756  3417  3417  23.0408065644  
1441314395  0  138168  31936  86825  21  9418962  1097  53287  18874  19432479489  1338  0  114186  114207  21  0  68068  354  3  292128  258  68068  0  53287  31936  343  136  567872001  627  2283  2767  2767  23.1138903364  
1441314395  0  139736  31936  87962  21  9440634  1129  55198  19648  19763732540  1338  0  116097  116118  21  0  68068  354  3  294023  259  68068  0  55198  31936  343  136  331253051  0  1568  1911  1911  22.854525677  
1441314396  0  144775  34895  93919  21  9446038  1184  58389  19841  20544322510  1338  0  122247  122268  21  0  68068  354  3  294326  259  68068  0  58389  34895  343  136  780589970  2959  5039  6150  6150  24.1029183215  
1441314396  0  150662  38785  97509  21  9455193  1224  58539  20285  21183927049  1338  0  127522  127543  21  0  68068  354  3  300238  259  68068  0  58539  38785  351  137  639604539  3890  5887  5275  5275  25.7430539884  
1441314397  0  152567  38785  99403  21  9469200  1257  60878  20730  21540687549  1338  0  129975  129996  21  0  68068  354  3  304241  258  68068  0  60878  38785  353  138  356760500  0  1905  2453  2453  25.4216180432  
1441314397  0  154065  38794  100490  21  9505544  1285  63254  22028  21913860392  1338  0  132360  132381  21  0  68068  354  3  306428  258  68068  0  63254  38794  353  138  373172843  9  1498  2385  2385  25.1802810502  
1441314398  0  154065  38794  100490  21  9505544  1285  63254  22028  21913860392  1338  0  132360  132381  21  0  68068  354  3  306428  258  68068  0  63254  38794  353  138  0  0  0  0  0  25.1802810502  
1441314398  0  159570  41611  101640  21  9468938  1175  56853  20848  22406681269  1338  0  135248  135269  21  0  68068  354  3  312287  258  68068  0  56853  41611  356  140  492820877  2817  5505  2888  2888  26.0769568215  
1441314399  0  164800  44189  103183  21  9501333  1185  56835  21865  22681943981  1338  0  137808  137829  21  0  68068  354  3  316971  259  68068  0  56835  44189  357  140  275262712  2578  5230  2560  2560  26.8137135922  
1441314399  0  167004  44189  104443  22  9440711  1150  55914  19684  23062147262  1338  0  139613  139635  22  0  68068  354  3  323357  258  68068  0  55914  44189  359  141  380203281  0  2204  1805  1806  26.4598452732  
1441314400  0  168636  44189  105041  22  9447599  1164  56758  19930  23191972869  1338  0  140457  140479  22  0  68068  354  3  325701  258  68068  0  56758  44189  363  141  129825607  0  1632  844  844  26.2037761806  
1441314400  0  170524  44189  108011  22  9463047  1213  60143  20345  23728809361  1338  0  143842  143864  22  0  68068  354  3  326574  258  68068  0  60143  44189  363  141  536836492  0  1888  3385  3385  25.913654383  
1441314401  0  172253  44190  112586  22  9471571  1320  64927  20554  24376469702  1338  0  148627  148649  22  0  68068  354  3  327625  261  68068  0  64927  44190  363  141  647660341  1  1729  4785  4785  25.654125037  
1441314401  0  174916  46311  114316  22  9479443  1294  63780  20836  24786809803  1338  0  150641  150663  22  0  68068  354  3  333895  260  68068  0  63780  46311  366  142  410340101  2121  2663  2014  2014  26.4761371172  
1441314402  0  174916  46311  114316  22  9479443  1294  63780  20836  24786809803  1338  0  150641  150663  22  0  68068  354  3  333895  260  68068  0  63780  46311  366  142  0  0  0  0  0  26.4761371172  
1441314402  0  176485  47104  115518  22  9487545  1302  64349  20996  25167347790  1338  0  152003  152025  22  0  68068  354  3  338613  260  68068  0  64349  47104  366  142  380537987  793  1569  1362  1362  26.6900869762  
1441314403  0  178157  48072  116825  22  9499301  1273  63285  21599  25496167148  1338  0  153915  153937  22  0  68068  354  4  341272  259  68068  0  63285  48072  368  143  328819358  968  1672  1912  1912  26.9829420118  
1441314403  0  182196  51409  117346  22  9579996  1222  61015  24607  25688579176  1338  0  157446  157468  22  0  68068  354  5  347509  258  68068  0  61015  51409  372  144  192412028  3337  4039  3531  3531  28.2163164943  
1441314404  0  183220  51409  120892  22  9602228  1279  65253  25299  26344612251  1338  0  161684  161706  22  0  68068  354  5  349710  259  68068  0  65253  51409  373  144  656033075  0  1024  4238  4238  28.0586180548  
1441314404  0  189337  56310  123203  22  9568536  1249  63775  24106  26877187146  1338  0  165107  165129  22  0  68068  354  5  356499  260  68068  0  63775  56310  376  144  532574895  4901  6117  3423  3423  29.7406212204  
1441314405  0  190681  56315  124753  22  9588752  1281  66047  24828  27305597409  1338  0  167384  167406  22  0  68068  354  5  359701  261  68068  0  66047  56315  376  144  428410263  5  1344  2277  2277  29.5336189762  
1441314406  0  196161  61045  127373  22  9513243  1127  56577  22076  27691284728  1338  0  170069  170091  22  0  68068  354  5  363887  259  68068  0  56577  61045  379  146  385687319  4730  5480  2685  2685  31.1198454331  
1441314406  0  196161  61045  127373  22  9513243  1127  56577  22076  27691284728  1338  0  170069  170091  22  0  68068  354  5  363887  259  68068  0  56577  61045  379  146  0  0  0  0  0  31.1198454331  
1441314407  0  201150  64050  129861  22  9524456  1089  53624  22218  28134738985  1338  0  172701  172723  22  0  68068  354  5  371192  261  68068  0  53624  64050  381  147  443454257  3005  4989  2632  2632  31.8419090231  
1441314407  0  211425  72309  135228  22  9524837  1060  50794  22279  28925564579  1338  0  178131  178153  22  0  68068  354  6  380758  261  68068  0  50794  72309  383  147  790825594  8259  10275  5430  5430  34.2007804186  
1441314408  0  215637  74345  138387  22  9579118  1108  53890  24251  29504439419  1338  0  183264  183286  22  0  68068  354  7  384444  262  68068  0  53890  74345  384  147  578874840  2036  4212  5133  5133  34.4769218641  
1441314408  0  216890  74345  138949  22  9623072  1137  55915  25714  29678302491  1338  0  185289  185311  22  0  68068  354  7  388521  262  68068  0  55915  74345  385  147  173863072  0  1253  2025  2025  34.2777444788  
1441314409  0  218002  74364  140192  22  9596826  1168  57713  26269  30009258761  1338  0  187106  187128  22  0  68068  354  7  392168  262  68068  0  57713  74364  385  147  330956270  19  1112  1817  1817  34.1116136549  
1441314409  0  219954  75132  145197  22  9603994  1236  62206  26525  30727750285  1338  0  192621  192643  22  0  68068  354  7  393677  261  68068  0  62206  75132  387  148  718491524  768  1952  5515  5515  34.1580512289  
1441314410  0  219954  75132  145197  22  9603994  1236  62206  26525  30727750285  1338  0  192621  192643  22  0  68068  354  7  393677  261  68068  0  62206  75132  387  148  0  0  0  0  0  34.1580512289  
1441314410  0  222003  75933  147879  22  9608985  1268  64509  26941  31188185244  1338  0  195725  195747  22  0  68068  354  7  396588  262  68068  0  64509  75933  388  148  460434959  801  2049  3104  3104  34.2035918434  
1441314411  0  229534  82248  153896  22  9447835  1182  59989  21297  32101399198  1338  0  203078  203100  22  0  68068  354  7  402491  260  68068  0  59989  82248  392  150  913213954  6315  7531  7353  7353  35.8325999634  
1441314411  0  231934  82248  155864  22  9427899  1201  61245  20585  32332455907  1338  0  205102  205124  22  0  68068  354  7  402594  259  68068  0  61245  82248  393  151  231056709  0  2400  2024  2024  35.4618124122  
1441314412  0  236265  84747  158173  22  9381890  1207  61803  18834  32718886642  1338  0  208159  208181  22  0  68068  354  7  406794  259  68068  0  61803  84747  394  151  386430735  2499  4331  3057  3057  35.8694686052  
1441314412  0  246469  91974  161814  22  9026546  975  45905  6397  33428749695  1338  0  212617  212639  22  0  68068  354  7  415170  259  68068  0  45905  91974  396  153  709863053  7227  10204  4458  4458  37.3166605131  
1441314413  0  252395  95054  164450  22  9061279  972  45557  6493  33986906988  1338  0  215350  215372  22  0  68068  354  8  420305  261  68068  0  45557  95054  396  153  558157293  3080  5926  2733  2733  37.6608094455  
1441314413  0  252395  95054  164450  22  9061279  972  45557  6493  33986906988  1338  0  215350  215372  22  0  68068  354  8  420305  261  68068  0  45557  95054  396  153  0  0  0  0  0  37.6608094455  
1441314414  0  254253  95086  165787  22  9068611  998  46867  6498  34401658406  1338  0  216693  216715  22  0  68068  354  9  422538  261  68068  0  46867  95086  399  153  414751418  32  1858  1343  1343  37.3981821257  
1441314414  0  255551  95296  166578  22  9070613  946  44198  6666  34596604082  1338  0  217653  217675  22  0  68068  354  9  431470  259  68068  0  44198  95296  406  154  194945676  210  1298  960  960  37.2904038724  
1441314415  0  257631  95296  168778  22  9070613  979  46398  6666  34914592183  1338  0  219853  219875  22  0  68068  354  9  432910  259  68068  0  46398  95296  408  154  317988101  0  2080  2200  2200  36.9893374633  
1441314415  0  259410  95296  171395  22  9156271  1064  51697  9348  35484533814  1338  0  225152  225174  22  0  68068  354  9  435130  259  68068  0  51697  95296  408  154  569941631  0  1779  5299  5299  36.7356694036  
1441314416  0  259762  95296  171555  22  9199167  1089  53389  10880  35579542950  1338  0  226844  226866  22  0  68068  354  9  437048  259  68068  0  53389  95296  410  154  95009136  0  352  1692  1692  36.6858893911  
1441314416  0  261234  95840  172029  22  9289371  1135  56487  14048  35829616273  1338  0  230488  230510  22  0  68068  354  11  439152  259  68068  0  56487  95840  410  154  250073323  544  1472  3644  3644  36.6874143488  
1441314417  0  264379  98184  173392  22  9419596  1185  60152  18694  36199015110  1338  0  236497  236519  22  0  68068  354  11  441205  259  68068  0  60152  98184  412  154  369398837  2344  3145  6009  6009  37.1375941357  
1441314417  0  264379  98184  173392  22  9419596  1185  60152  18694  36199015110  1338  0  236497  236519  22  0  68068  354  11  441205  259  68068  0  60152  98184  412  154  0  0  0  0  0  37.1375941357  
1441314418  0  266331  98760  177164  22  9452276  1241  63997  19343  36900166847  1338  0  240918  240940  22  0  68068  354  11  443451  259  68068  0  63997  98760  412  154  701151737  576  1952  4421  4421  37.0816765604  
1441314418  0  274587  104936  180613  22  9499175  1210  61434  20473  37478957235  1338  0  245498  245520  22  0  68068  354  11  452310  261  68068  0  61434  104936  415  155  578790388  6176  8256  4580  4580  38.2159388463  
1441314419  0  277140  105857  181441  22  9518277  1219  61809  20940  37801812797  1338  0  246794  246816  22  0  68068  354  11  458187  261  68068  0  61809  105857  417  155  322855562  921  2553  1296  1296  38.1962185177  
1441314419  0  278356  105857  182084  22  9528843  1195  60239  21317  38036046129  1338  0  247815  247837  22  0  68068  354  11  461076  261  68068  0  60239  105857  418  156  234233332  0  1216  1021  1021  38.0293580882  
1441314420  0  283746  108846  182898  22  9466860  1169  58299  19249  38327857991  1338  0  249068  249090  22  0  68068  354  11  467611  260  68068  0  58299  108846  421  157  291811862  2989  5390  1253  1253  38.3603645514  
1441314420  0  285475  108846  185477  22  9452975  1127  55727  19555  38867359959  1338  0  252017  252039  22  0  68068  354  11  470814  260  68068  0  55727  108846  425  159  539501968  0  1729  2949  2949  38.128032227  
1441314421  0  285475  108846  185477  22  9452975  1127  55727  19555  38867359959  1338  0  252017  252039  22  0  68068  354  11  470814  260  68068  0  55727  108846  425  159  0  0  0  0  0  38.128032227  
1441314421  0  288752  111418  186491  22  9461487  1048  51393  19859  39139745186  1338  0  253335  253357  22  0  68068  354  11  477216  258  68068  0  51393  111418  428  160  272385227  2572  3277  1318  1318  38.5860530836  
1441314422  0  289680  111439  187149  22  9475299  1066  52639  20468  39375056541  1338  0  254603  254625  22  0  68068  354  12  482102  258  68068  0  52639  111439  428  160  235311355  21  928  1268  1268  38.4696906932  
1441314422  0  295606  116480  191804  22  9484457  1067  52695  20908  40020479830  1338  0  259700  259722  22  0  68068  354  12  487713  258  68068  0  52695  116480  432  160  645423289  5041  5926  5097  5097  39.4038010054  
1441314423  0  298470  118601  195204  22  9487446  1081  53512  21465  40567400617  1338  0  263662  263684  22  0  68068  354  12  491929  257  68068  0  53512  118601  435  161  546920787  2121  2864  3962  3962  39.7363219084  
1441314423  0  298950  118601  196440  22  9529164  1118  55902  22619  40887155265  1338  0  266052  266074  22  0  68068  354  12  495686  257  68068  0  55902  118601  435  161  319754648  0  480  2390  2390  39.6725204884  
1441314424  0  299974  118601  198879  22  9571562  1167  59389  23667  41477452682  1338  0  269539  269561  22  0  68068  354  12  498372  257  68068  0  59389  118601  435  161  590297417  0  1024  3487  3487  39.5370932147  
1441314425  0  301318  118601  200390  22  9641746  1218  63182  25949  41984334552  1338  0  273332  273354  22  0  68068  354  12  500967  258  68068  0  63182  118601  435  161  506881870  0  1344  3793  3793  39.3607418077  
1441314425  0  301318  118601  200390  22  9641746  1218  63182  25949  41984334552  1338  0  273332  273354  22  0  68068  354  12  500967  258  68068  0  63182  118601  435  161  0  0  0  0  0  39.3607418077  
1441314426  0  302598  118601  203276  22  9641746  1263  66068  25949  42564578433  1338  0  276218  276240  22  0  68068  354  12  503099  259  68068  0  66068  118601  435  161  580243881  0  1280  2886  2886  39.1942445092  
1441314426  0  308903  124234  204707  22  9541740  1179  60348  23426  42888933099  1338  0  277667  277689  22  0  68068  354  12  512357  258  68068  0  60348  124234  439  162  324354666  5633  6305  1449  1449  40.2178029996  
1441314427  0  310439  124234  207025  22  9541740  1217  62666  23426  43343438395  1338  0  279985  280007  22  0  68068  354  12  513996  259  68068  0  62666  124234  439  162  454505296  0  1536  2318  2318  40.0188120694  
1441314427  0  312711  124234  210306  22  9540111  1238  63821  23425  43935435729  1338  0  283267  283289  22  0  68068  354  12  517116  260  68068  0  63821  124234  440  163  591997334  0  2272  3282  3282  39.7280556168  
1441314428  0  316779  126538  212480  22  9541533  1244  63693  23427  44299788998  1338  0  285443  285465  22  0  68068  354  12  522355  260  68068  0  63693  126538  441  163  364353269  2304  4068  2176  2176  39.9451983875  
1441314428  0  319709  127219  214519  22  9541474  1272  65125  23499  44625354946  1338  0  287556  287578  22  0  68068  354  12  526694  263  68068  0  65125  127219  443  163  325565948  681  2930  2113  2113  39.7921234623  
1441314429  0  319709  127219  214519  22  9541474  1272  65125  23499  44625354946  1338  0  287556  287578  22  0  68068  354  12  526694  263  68068  0  65125  127219  443  163  0  0  0  0  0  39.7921234623  
1441314429  0  322878  127246  215159  22  9539130  1275  64375  23538  44863341878  1338  0  288240  288262  22  0  68068  354  12  531517  264  68068  0  64375  127246  444  164  237986932  27  3169  684  684  39.4099319248  
1441314430  0  326174  127246  216245  22  9540474  1300  65509  23586  45211971938  1338  0  289374  289396  22  0  68068  354  12  536007  265  68068  0  65509  127246  445  164  348630060  0  3296  1134  1134  39.0116931454  
1441314430  0  330398  127246  217651  22  9543610  1334  67027  23698  45718553038  1338  0  290892  290914  22  0  68068  354  12  539942  266  68068  0  67027  127246  445  164  506581100  0  4224  1518  1518  38.5129449936  
1441314431  0  334187  127771  220423  22  9541328  1366  69290  23713  46316228894  1371  0  293680  293702  22  0  69500  354  12  545704  265  69500  0  69290  127771  448  164  597675856  525  3789  2788  2788  38.2333843028  
1441314431  0  337482  129018  221645  22  9557733  1374  69755  24202  46527134843  1374  0  295392  295414  22  0  69755  354  12  546823  265  69755  0  69755  129018  451  164  210905949  1247  3295  1712  1712  38.2295944673  
1441314432  0  341002  129018  222509  22  9645746  1401  70687  26390  46803017220  1432  0  298445  298467  22  0  72638  354  12  549100  265  72638  0  70687  129018  455  165  275882377  0  3520  3053  3053  37.8349687099  
1441314432  0  345098  130234  225978  22  9643328  1435  72965  26415  47412241979  1446  0  301940  301962  22  0  73843  354  13  554320  265  73843  0  72965  130234  455  165  609224759  1216  4096  3495  3495  37.7382656521  
1441314433  0  353340  135488  230537  22  9625861  1446  74318  26303  48137539471  1469  0  308549  308571  22  0  75255  354  15  560117  265  75255  0  74318  135488  458  165  725297492  5254  8242  6609  6609  38.344936888  
1441314433  0  353340  135488  230537  22  9625861  1446  74318  26303  48137539471  1469  0  308549  308571  22  0  75255  354  15  560117  265  75255  0  74318  135488  458  165  0  0  0  0  0  38.344936888  
1441314434  0  358233  137921  232317  22  9640542  1455  75426  26403  48655213194  1483  0  312862  312884  22  0  76818  354  15  564044  264  76818  0  75426  137921  460  166  517673723  2433  4893  4313  4313  38.5003614966  
1441314434  0  359961  137941  234315  22  9710601  1506  79278  28277  49248400998  1506  0  316735  316757  22  0  79278  354  16  565104  264  79278  0  79278  137941  461  166  593187804  20  1728  3873  3873  38.3210958965  
1441314435  0  364747  140689  237189  22  9648961  1508  78815  25384  49846828666  1552  0  321772  321794  22  0  81775  354  16  568433  263  81775  0  78815  140689  464  167  598427668  2748  4786  5037  5037  38.5716674846  
1441314435  0  372023  146595  242487  22  9570543  1432  74243  21152  50668676944  1552  0  328738  328760  22  0  81775  354  16  573115  263  81775  0  74243  146595  466  168  821848278  5906  7276  6966  6966  39.4048217449  
1441314436  0  375159  148131  244349  22  9579962  1402  72617  21833  51064121186  1552  0  331287  331309  22  0  81775  354  16  577386  262  81775  0  72617  148131  469  169  395444242  1536  3136  2549  2549  39.48485842  
1441314436  0  377172  148131  247248  22  9593170  1451  75800  22117  51644373841  1552  0  334470  334492  22  0  81775  354  16  578297  262  81775  0  75800  148131  470  169  580252655  0  2013  3183  3183  39.2741242722  
1441314437  0  377172  148131  247248  22  9593170  1451  75800  22117  51644373841  1552  0  334470  334492  22  0  81775  354  16  578297  262  81775  0  75800  148131  470  169  0  0  0  0  0  39.2741242722  
1441314437  0  380293  150388  249535  22  9652335  1431  74952  24431  52088539277  1552  0  339147  339169  22  0  81775  354  16  581448  260  81775  0  74952  150388  474  171  444165436  2257  3121  4677  4677  39.5452979676  
1441314438  0  382873  152424  250164  22  9777038  1473  77451  28336  52341786817  1552  0  343682  343704  22  0  81775  354  16  584989  262  81775  0  77451  152424  475  171  253247540  2036  2580  4535  4535  39.8105899345  
1441314438  0  383097  152424  250643  22  9821864  1505  79398  29804  52560476092  1552  0  345629  345651  22  0  81775  354  16  589022  262  81775  0  79398  152424  477  171  218689275  0  224  1947  1947  39.7873123517  
1441314439  0  384456  152439  250802  22  9873374  1548  82805  33052  52697033669  1552  0  349051  349073  22  0  82805  354  16  591739  262  82805  0  82805  152439  477  171  136557577  15  1359  3422  3422  39.6505711967  
1441314439  0  388113  155104  251349  22  9957972  1572  83917  36279  52883812969  1572  0  352828  352850  22  0  83917  354  16  595087  264  83917  0  83917  155104  479  171  186779300  2665  3657  3777  3777  39.963618843  
1441314443  0  416393  175823  261439  22  9913037  1377  69044  33127  54911364309  1625  0  370906  370928  22  0  87424  354  17  627280  263  87424  0  69044  175823  500  176  2027551340  20719  28280  18078  18078  42.2252535465  
1441314443  0  416393  175823  261439  22  9913037  1377  69044  33127  54911364309  1625  0  370906  370928  22  0  87424  354  17  627280  263  87424  0  69044  175823  500  176  0  0  0  0  0  42.2252535465  
1441314444  0  416606  176033  267222  22  9985412  1474  75906  34415  55752590531  1625  0  377979  378001  22  0  87424  354  18  629328  262  87424  0  75906  176033  501  176  841226222  210  213  7073  7073  42.2540721929  
1441314444  0  419345  178069  268493  22  10057722  1477  76659  37392  56069628060  1625  0  382240  382262  22  0  87424  354  18  634332  261  87424  0  76659  178069  505  177  317037529  2036  2739  4261  4261  42.4636039538  
1441314445  0  420721  178837  268560  22  10178675  1505  79515  42189  56233008261  1625  0  387403  387425  22  0  87424  354  18  636739  260  87424  0  79515  178837  507  179  163380201  768  1376  5163  5163  42.5072672864  
1441314445  0  421527  179637  269320  22  10218718  1526  81110  43819  56426770489  1625  0  389800  389822  22  0  87424  354  20  642696  261  87424  0  81110  179637  507  179  193762228  800  806  2397  2397  42.6157755019  
1441314446  0  426154  184263  273188  22  10086882  1410  75518  38993  57050128684  1625  0  397026  397048  22  0  87424  354  20  646720  259  87424  0  75518  184263  512  181  623358195  4626  4627  7226  7226  43.2385944987  
1441314446  0  428714  186311  273497  22  10028072  1369  72918  37004  57176133681  1625  0  397399  397421  22  0  87424  354  20  655116  257  87424  0  72918  186311  513  182  126004997  2048  2560  373  373  43.4581096022  
1441314447  0  428714  186311  273497  22  10028072  1369  72918  37004  57176133681  1625  0  397399  397421  22  0  87424  354  20  655116  257  87424  0  72918  186311  513  182  0  0  0  0  0  43.4581096022  
1441314447  0  429866  186311  274284  22  10030802  1385  73706  37005  57308561900  1625  0  398187  398209  22  0  87424  354  20  660221  259  87424  0  73706  186311  514  182  132428219  0  1152  788  788  43.3416460013  
1441314448  0  431924  186991  275916  22  10033405  1404  74661  37007  57673001565  1625  0  399822  399844  22  0  87424  354  20  661763  261  87424  0  74661  186991  514  182  364439665  680  2058  1635  1635  43.2925699892  
1441314448  0  438521  191600  277852  22  9890502  1275  66193  31212  58064936709  1625  0  401783  401805  22  0  87424  354  20  669572  261  87424  0  66193  191600  519  184  391935144  4609  6597  1961  1961  43.6923203222  
1441314449  0  440281  191600  278586  22  9893050  1322  67018  31303  58163637816  1625  0  402608  402630  22  0  87424  354  20  676281  263  87424  0  67018  191600  519  184  98701107  0  1760  825  825  43.5176625837  
1441314449  0  442937  191600  278774  22  9907183  1330  67249  31346  58200655914  1625  0  402839  402861  22  0  87424  354  20  682065  265  87424  0  67249  191600  521  184  37018098  0  2656  231  231  43.2567159664  
1441314450  0  446420  192907  282025  22  9907912  1354  69209  31362  58769169649  1625  0  406106  406128  22  0  87424  354  20  685154  264  87424  0  69209  192907  523  184  568513735  1307  3483  3267  3267  43.2119976704  
1441314450  0  446420  192907  282025  22  9907912  1354  69209  31362  58769169649  1625  0  406106  406128  22  0  87424  354  20  685154  264  87424  0  69209  192907  523  184  0  0  0  0  0  43.2119976704  
1441314451  0  456637  200177  284316  22  9962295  1284  64136  33451  59198969349  1625  0  410562  410584  22  0  87424  354  22  694991  264  87424  0  64136  200177  525  185  429799700  7270  10217  4456  4456  43.8372273819  
1441314451  0  460808  202213  285380  22  10002740  1290  63780  34066  59448878881  1625  0  412243  412265  22  0  87424  354  23  699916  265  87424  0  63780  202213  526  185  249909532  2036  4171  1681  1681  43.882267669  
1441314452  0  464528  203845  288958  23  10060323  1324  66635  34975  60142785692  1625  0  416730  416753  23  0  87424  354  23  702606  265  87424  0  66635  203845  530  185  693906811  1632  3720  4487  4488  43.8821771777  
1441314452  0  468793  205870  292922  23  10084719  1372  68896  35294  60732451374  1625  0  421016  421039  23  0  87424  354  23  706520  266  87424  0  68896  205870  531  185  589665682  2025  4265  4286  4286  43.9149048727  
1441314453  0  468793  205870  292922  23  10084719  1372  68896  35294  60732451374  1625  0  421016  421039  23  0  87424  354  23  706520  266  87424  0  68896  205870  531  185  0  0  0  0  0  43.9149048727  
1441314453  0  471193  205870  293338  23  10115138  1398  70152  36134  60890756553  1625  0  422272  422295  23  0  87424  354  23  707616  266  87424  0  70152  205870  531  185  158305179  0  2400  1256  1256  43.6912263128  
1441314454  0  477275  209711  297340  23  10102485  1435  72097  35377  61688393676  1625  0  428059  428082  23  0  87424  354  24  713196  266  87424  0  72097  209711  533  185  797637123  3841  6082  5787  5787  43.9392383846  
1441314454  0  479257  210479  303990  23  9955309  1430  72926  31050  62607236441  1625  0  434776  434799  23  0  87424  354  24  713742  263  87424  0  72926  210479  538  188  918842765  768  1982  6717  6717  43.917772719  
1441314455  0  482394  212783  307106  23  9944645  1448  74312  29320  63261415769  1625  0  438466  438489  23  0  87424  354  24  717155  263  87424  0  74312  212783  538  188  654179328  2304  3137  3690  3690  44.1097940687  
1441314455  0  489003  218098  312429  23  9776697  1240  61074  21958  64074510580  1625  0  443855  443878  23  0  87424  354  24  721478  262  87424  0  61074  218098  542  190  813094811  5315  6609  5389  5389  44.6005443729  
1441314456  0  494451  220658  317065  23  9665153  1222  60088  19380  64753033334  1625  0  448552  448575  23  0  87424  354  24  726058  263  87424  0  60088  220658  544  191  678522754  2560  5448  4697  4697  44.6268689921  
1441314457  0  496555  220658  318916  23  9692829  1249  61981  19422  65240494641  1625  0  450445  450468  23  0  87424  354  24  729696  263  87424  0  61981  220658  544  191  487461307  0  2104  1893  1893  44.4377762786  
1441314457  0  496555  220658  318916  23  9692829  1249  61981  19422  65240494641  1625  0  450445  450468  23  0  87424  354  24  729696  263  87424  0  61981  220658  544  191  0  0  0  0  0  44.4377762786  
1441314458  0  502140  223230  322399  23  9743623  1274  63358  19888  65880110534  1625  0  454394  454417  23  0  87424  354  24  733980  264  87424  0  63358  223230  544  191  639615893  2572  5585  3949  3949  44.4557294778  
1441314458  0  504252  223230  322541  23  9829595  1298  65335  22038  66002894473  1625  0  456686  456709  23  0  87424  354  24  736190  263  87424  0  65335  223230  546  192  122783939  0  2112  2292  2292  44.2695319007  
1441314459  0  506551  223230  322985  23  9762672  1104  53763  22027  66215362354  1625  0  457149  457172  23  0  87424  354  24  740894  261  87424  0  53763  223230  552  195  212467881  0  2299  463  463  44.0686130321  
1441314459  0  507809  223230  324046  23  9774538  1121  54849  22052  66491242096  1625  0  458235  458258  23  0  87424  354  24  746125  261  87424  0  54849  223230  554  195  275879742  0  1258  1086  1086  43.9594414435  
1441314460  0  507969  223230  324694  23  9840016  1167  57784  24339  66774187384  1625  0  461170  461193  23  0  87424  354  24  749195  261  87424  0  57784  223230  554  195  282945288  0  160  2935  2935  43.9455951052  
1441314460  0  508711  223230  329370  23  9854664  1232  62530  24409  67562591586  1625  0  465916  465939  23  0  87424  354  24  751645  261  87424  0  62530  223230  554  195  788404202  0  742  4746  4746  43.8814965668  
1441314461  0  508711  223230  329370  23  9854664  1232  62530  24409  67562591586  1625  0  465916  465939  23  0  87424  354  24  751645  261  87424  0  62530  223230  554  195  0  0  0  0  0  43.8814965668  
1441314461  0  510088  223998  331706  23  9900361  1270  65320  25631  68068269240  1625  0  469474  469497  23  0  87424  354  24  754254  261  87424  0  65320  223998  555  195  505677654  768  1377  3558  3558  43.9135992221  
1441314462  0  513745  226663  332871  23  10008663  1299  66684  28492  68459780012  1625  0  473503  473526  23  0  87424  354  24  758221  263  87424  0  66684  226663  556  195  391510772  2665  3657  4029  4029  44.1197481241  
1441314462  0  515959  227944  335146  23  10050743  1328  68790  29603  69012548641  1625  0  476890  476913  23  0  87424  354  24  761432  263  87424  0  68790  227944  558  195  552768629  1281  2214  3387  3387  44.1787041218  
1441314463  0  522250  233338  339092  23  10066233  1332  69370  29583  69673580714  1625  0  482865  482888  23  0  87424  354  25  766888  263  87424  0  69370  233338  562  195  661032073  5394  6291  5975  5975  44.6793681187  
1441314463  0  528908  239484  340156  23  10008819  1255  64595  27584  70025262813  1625  0  484237  484260  23  0  87424  354  26  777290  263  87424  0  64595  239484  564  195  351682099  6146  6658  1372  1372  45.2789521051  
1441314464  0  535678  245691  341230  23  9829638  1116  55692  25491  70219675960  1625  0  485315  485338  23  0  87424  354  26  787987  260  87424  0  55692  245691  569  197  194413147  6207  6770  1078  1078  45.8654266182  
1441314464  0  535678  245691  341230  23  9829638  1116  55692  25491  70219675960  1625  0  485315  485338  23  0  87424  354  26  787987  260  87424  0  55692  245691  569  197  0  0  0  0  0  45.8654266182  
1441314465  0  541830  251071  345289  23  9690079  1120  54946  20709  70979264388  1625  0  489949  489972  23  0  87424  354  26  795467  261  87424  0  54946  251071  572  197  759588428  5380  6152  4634  4634  46.3375966632  
1441314465  0  545094  253759  349620  23  9721863  1143  56601  20721  71743842989  1625  0  494292  494315  23  0  87424  354  26  799564  261  87424  0  56601  253759  572  197  764578601  2688  3264  4343  4343  46.5532550349  
1441314466  0  547526  253791  351930  23  9791532  1218  60934  22776  72199689710  1625  0  498657  498680  23  0  87424  354  26  803031  262  87424  0  60934  253791  573  197  455846721  32  2432  4365  4365  46.3523193419  
1441314466  0  553342  257431  355852  23  9739659  1235  62015  24283  72873995910  1625  0  504120  504143  23  0  87424  354  26  806755  261  87424  0  62015  257431  577  198  674306200  3640  5816  5463  5463  46.5229460261  
1441314467  0  554603  257431  357065  23  9778351  1276  64081  25136  73082332572  1625  0  506186  506209  23  0  87424  354  26  810077  264  87424  0  64081  257431  578  198  208336662  0  1261  2066  2066  46.4171668743  
1441314467  0  554603  257431  357065  23  9778351  1276  64081  25136  73082332572  1625  0  506186  506209  23  0  87424  354  26  810077  264  87424  0  64081  257431  578  198  0  0  0  0  0  46.4171668743  
1441314468  0  557259  257431  361937  23  9880397  1354  69067  25250  73863309936  1625  0  511172  511195  23  0  87424  354  26  811949  265  87424  0  69067  257431  578  198  780977364  0  2656  4986  4986  46.1959340271  
1441314468  0  559467  257431  362134  23  9952088  1390  71695  27681  74014074056  1625  0  513800  513823  23  0  87424  354  26  814675  265  87424  0  71695  257431  578  198  150764120  0  2208  2628  2628  46.0136165314  
1441314469  0  561146  257446  362346  23  10001182  1383  71647  30083  74142644563  1625  0  516432  516455  23  0  87424  354  26  815645  265  87424  0  71647  257446  579  199  128570507  15  1679  2632  2632  45.8786126962  
1441314469  0  562522  257446  362880  23  10008512  1391  72184  30086  74319893997  1625  0  516969  516992  23  0  87424  354  26  820896  265  87424  0  72184  257446  579  199  177249434  0  1376  537  537  45.7663878035  
1441314470  0  565919  258727  363335  23  10020918  1388  71485  30212  74457585247  1625  0  517551  517574  23  0  87424  354  26  829254  266  87424  0  71485  258727  581  199  137691250  1281  3397  582  582  45.7180267848  
1441314470  0  569151  258727  366329  23  10028153  1443  74608  30341  75014730793  1625  0  520674  520697  23  0  87424  354  26  830612  267  87424  0  74608  258727  582  199  557145546  0  3232  3123  3123  45.4584108611  
1441314471  0  571455  258727  368030  23  10089458  1417  73160  31032  75528855232  1625  0  523067  523090  23  0  87424  354  26  834259  266  87424  0  73160  258727  584  200  514124439  0  2304  2393  2393  45.2751310252  
1441314471  0  571455  258727  368030  23  10089458  1417  73160  31032  75528855232  1625  0  523067  523090  23  0  87424  354  26  834259  266  87424  0  73160  258727  584  200  0  0  0  0  0  45.2751310252  
1441314472  0  576704  261032  372340  23  10153151  1466  76341  29903  76295575756  1625  0  528554  528577  23  0  87424  354  27  836851  267  87424  0  76341  261032  585  200  766720524  2305  5249  5487  5487  45.2627344357  
1441314472  0  580431  261714  373572  23  10194819  1486  77601  30610  76644684082  1625  0  530496  530519  23  0  87424  354  27  840654  267  87424  0  77601  261714  586  200  349108326  682  3727  1942  1942  45.0895972131  
1441314476  0  605038  273361  389516  23  10136132  1350  68837  24464  80595960484  1625  0  551735  551758  23  0  87424  354  28  866830  263  87424  0  68837  273361  598  206  3951276402  11647  24607  21239  21239  45.1807985614  
1441314476  0  608722  275669  395627  23  10089651  1434  73027  22573  81488896359  1625  0  558234  558257  23  0  87424  354  29  868704  264  87424  0  73027  275669  599  206  892935875  2308  3684  6499  6499  45.2865183121  
1441314477  0  608722  275669  395627  23  10089651  1434  73027  22573  81488896359  1625  0  558234  558257  23  0  87424  354  29  868704  264  87424  0  73027  275669  599  206  0  0  0  0  0  45.2865183121  
1441314478  0  614011  279486  401027  23  10172775  1434  73532  23276  82323837706  1625  0  564348  564371  23  0  87424  354  29  872879  263  87424  0  73532  279486  602  207  834941347  3817  5289  6114  6114  45.5180770377  
1441314478  0  615963  279486  402840  23  10242738  1466  76152  24083  82801003249  1625  0  566968  566991  23  0  87424  354  29  876367  264  87424  0  76152  279486  602  207  477165543  0  1952  2620  2620  45.3738292722  
1441314479  0  623068  284350  409105  23  10148596  1494  77850  24345  83663327776  1625  0  573530  573553  23  0  87424  354  29  879756  264  87424  0  77850  284350  602  207  862324527  4864  7105  6562  6562  45.6370733211  
1441314479  0  625120  284350  409798  23  10171370  1516  79014  24816  83942374598  1625  0  574694  574717  23  0  87424  354  29  882175  266  87424  0  79014  284350  602  207  279046822  0  2052  1164  1164  45.4872664448  
1441314480  0  626882  285126  410515  23  10051033  1374  70172  22358  84217372021  1625  0  576101  576124  23  0  87424  354  29  886763  262  87424  0  70172  285126  606  211  274997423  776  1762  1407  1407  45.4832009852  
1441314480  0  630882  287974  412531  23  10071182  1372  70438  23401  84628990059  1625  0  579215  579238  23  0  87424  354  29  892130  262  87424  0  70438  287974  606  211  411618038  2848  4000  3114  3114  45.6462539746  
1441314481  0  630882  287974  412531  23  10071182  1372  70438  23401  84628990059  1625  0  579215  579238  23  0  87424  354  29  892130  262  87424  0  70438  287974  606  211  0  0  0  0  0  45.6462539746  
1441314481  0  635647  290654  413382  23  10150106  1385  71411  26150  84893203501  1625  0  582868  582891  23  0  87424  354  29  896321  263  87424  0  71411  290654  606  211  264213442  2680  4765  3653  3653  45.7256936633  
1441314482  0  639540  292222  415033  23  10156258  1401  71993  26611  85310365629  1625  0  585018  585041  23  0  87424  354  29  899512  266  87424  0  71993  292222  610  211  417162128  1568  3893  2150  2150  45.6925290052  
1441314482  0  643284  292222  418226  23  10195402  1461  75799  27224  85962235875  1625  0  588824  588847  23  0  87424  354  29  902299  266  87424  0  75799  292222  610  211  651870246  0  3744  3806  3806  45.4265922983  
1441314483  0  646389  292222  419534  23  10234441  1491  77614  27731  86346731141  1625  0  590641  590664  23  0  87424  354  31  905247  266  87424  0  77614  292222  610  211  384495266  0  3105  1817  1817  45.2083807119  
1441314483  0  651377  294676  423930  23  10307483  1480  77207  28079  87135620177  1625  0  595408  595431  23  0  87424  354  31  907100  265  87424  0  77207  294676  612  212  788889036  2454  4988  4767  4767  45.2389322927  
1441314484  0  659859  300887  427800  23  10279002  1475  74259  29763  87679831684  1625  0  601031  601054  23  0  87424  354  31  913719  266  87424  0  74259  300887  619  213  544211507  6211  8482  5623  5623  45.5986809303  
1441314484  0  659859  300887  427800  23  10279002  1475  74259  29763  87679831684  1625  0  601031  601054  23  0  87424  354  31  913719  266  87424  0  74259  300887  619  213  0  0  0  0  0  45.5986809303  
1441314485  0  661367  300887  429173  23  10294881  1497  75652  29783  88030789061  1625  0  602424  602447  23  0  87424  354  31  919144  266  87424  0  75652  300887  621  213  350957377  0  1508  1393  1393  45.4947101987  
1441314485  0  663221  300887  434060  23  10398025  1568  80636  29880  88832696791  1625  0  607409  607432  23  0  87424  354  32  919577  266  87424  0  80636  300887  622  213  801907730  0  1854  4985  4985  45.3675320896  
1441314486  0  666934  302168  437885  23  10450460  1608  83660  30359  89547425052  1625  0  611715  611738  23  0  87424  354  33  922708  266  87424  0  83660  302168  623  213  714728261  1281  3713  4306  4306  45.3070318802  
1441314486  0  674614  308504  441708  23  10466336  1472  75185  32817  90278277708  1632  0  618028  618051  23  0  87424  354  33  927063  265  87424  0  75185  308504  625  214  730852656  6336  7680  6313  6313  45.7304473373  
1441314487  0  676292  308504  443583  23  10362291  1400  71542  27299  90851633197  1632  0  621809  621832  23  0  87424  354  33  929269  264  87424  0  71542  308504  627  215  573355489  0  1678  3781  3781  45.6169820137  
1441314487  0  677428  308504  446948  23  10442039  1448  74935  27771  91508994936  1632  0  625646  625669  23  0  87424  354  33  930572  264  87424  0  74935  308504  630  216  657361739  0  1136  3837  3837  45.5404854833  
1441314488  0  680562  309304  452908  23  10528623  1523  80277  27159  92428002459  1632  0  631788  631811  23  0  87424  354  33  931390  265  87424  0  80277  309304  630  216  919007523  800  3134  6142  6142  45.4483206526  
1441314488  0  680562  309304  452908  23  10528623  1523  80277  27159  92428002459  1632  0  631788  631811  23  0  87424  354  33  931390  265  87424  0  80277  309304  630  216  0  0  0  0  0  45.4483206526  
1441314489  0  690057  317982  454631  23  10600481  1455  75710  27801  92818144758  1632  0  635899  635922  23  0  87424  354  33  940523  266  87424  0  75710  317982  632  216  390142299  8678  9495  4111  4111  46.0805411727  
1441314489  0  691530  317982  455108  23  10619099  1451  75465  28612  93032974058  1632  0  637195  637218  23  0  87424  354  33  943235  265  87424  0  75465  317982  633  217  214829300  0  1473  1296  1296  45.9823868813  
1441314490  0  694244  319480  457269  23  10551500  1574  75051  27559  93455753937  1632  0  641352  641375  23  0  87424  354  34  948957  264  87424  0  75051  319480  639  218  422779879  1498  2714  4157  4157  46.0184027518  
1441314490  0  697052  321515  462541  23  10676902  1602  78875  28146  94207675435  1632  0  647213  647236  23  0  87424  354  36  950658  265  87424  0  78875  321515  640  218  751921498  2035  2808  5861  5861  46.1249662866  
1441314491  0  697820  321515  464775  23  10725629  1639  82057  29094  94693709994  1639  0  650396  650419  23  0  87424  354  37  954561  265  87424  0  82057  321515  640  218  486034559  0  768  3183  3183  46.0742025164  
1441314491  0  700153  323267  465727  23  10786517  1628  82405  30242  95000773870  1641  0  652496  652519  23  0  87424  354  37  960197  264  87424  0  82405  323267  644  218  307063876  1752  2333  2100  2100  46.1709083586  
1441314492  0  700153  323267  465727  23  10786517  1628  82405  30242  95000773870  1641  0  652496  652519  23  0  87424  354  37  960197  264  87424  0  82405  323267  644  218  0  0  0  0  0  46.1709083586  
1441314492  0  700858  323267  468294  23  10837584  1639  84709  31764  95601096217  1662  0  656592  656615  23  0  87424  354  37  962177  263  87424  0  84709  323267  645  219  600322347  0  705  4096  4096  46.1244645848  
1441314493  0  705280  327108  473783  23  10813597  1642  87843  30709  96404800291  1662  0  663567  663590  23  0  87904  354  37  964823  264  87904  0  87843  327108  646  219  803704074  3841  4422  6975  6975  46.3798774955  
1441314493  0  709370  330454  476737  23  10777192  1555  83537  30859  96891764435  1662  0  666704  666727  23  0  88155  354  38  971414  264  88155  0  83537  330454  647  220  486964144  3346  4090  3137  3137  46.584152135  
1441314494  0  714239  334329  479358  23  10627666  1483  79011  28075  97386610113  1662  0  669384  669407  23  0  88155  354  38  978124  264  88155  0  79011  334329  649  222  494845678  3875  4869  2680  2680  46.8091213165  
1441314494  0  717918  335769  481335  23  10494379  1414  74045  27980  97717350465  1662  0  671391  671414  23  0  88155  354  38  982264  264  88155  0  74045  335769  652  223  330740352  1440  3679  2007  2007  46.7698260804  
1441314495  0  717918  335769  481335  23  10494379  1414  74045  27980  97717350465  1662  0  671391  671414  23  0  88155  354  38  982264  264  88155  0  74045  335769  652  223  0  0  0  0  0  46.7698260804  
1441314495  0  726783  343200  484260  23  9933329  1292  64581  15828  98360513360  1662  0  675247  675270  23  0  88155  354  39  991811  263  88155  0  64581  343200  654  225  643162895  7431  8865  3856  3856  47.2217979782  
1441314496  0  735135  349600  486536  23  9760634  1267  62845  11866  98861924241  1662  0  679911  679934  23  0  88155  354  39  999310  263  88155  0  62845  349600  654  225  501410881  6400  8352  4664  4664  47.5558910948  
1441314496  0  737247  349600  488988  23  9738106  1262  62695  11992  99339603832  1662  0  682578  682601  23  0  88155  354  39  1002014  263  88155  0  62695  349600  656  226  477679591  0  2112  2667  2667  47.4196571841  
1441314497  0  740063  349600  490719  23  9739478  1305  64475  12041  99722267436  1662  0  684358  684381  23  0  88155  354  39  1006424  264  88155  0  64475  349600  656  226  382663604  0  2816  1780  1780  47.2392215257  
1441314497  0  741727  349600  491288  23  9770783  1327  65802  12799  99916719319  1662  0  685685  685708  23  0  88155  354  39  1009641  264  88155  0  65802  349600  656  226  194451883  0  1664  1327  1327  47.1332444417  
1441314498  0  742463  349600  493191  23  9798595  1357  67713  12807  100299049917  1662  0  687596  687619  23  0  88155  354  39  1011987  264  88155  0  67713  349600  658  226  382330598  0  736  1911  1911  47.0865214832  
1441314499  0  748203  353675  498479  23  9820464  1385  70403  11520  101216183351  1662  0  694361  694384  23  0  88155  354  39  1015011  265  88155  0  70403  353675  661  226  917133434  4075  5740  6765  6765  47.2699254079  
1441314499  0  748203  353675  498479  23  9820464  1385  70403  11520  101216183351  1662  0  694361  694384  23  0  88155  354  39  1015011  265  88155  0  70403  353675  661  226  0  0  0  0  0  47.2699254079  
1441314500  0  749291  353675  498649  23  10026230  1442  75005  15952  101370018263  1662  0  698963  698986  23  0  88155  354  39  1015705  265  88155  0  75005  353675  662  226  153834912  0  1088  4602  4602  47.2012876172  
1441314500  0  753637  355761  499866  23  10065310  1446  74848  16653  101772760991  1662  0  700892  700915  23  0  88155  354  39  1019729  267  88155  0  74848  355761  664  226  402742728  2086  4346  1929  1929  47.2058829383  
1441314501  0  755238  356530  500298  23  10127539  1420  73267  19169  101922270208  1662  0  703860  703883  23  0  88155  354  39  1022779  265  88155  0  73267  356530  669  228  149509217  769  1601  2968  2968  47.207635209  
1441314501  0  758470  356530  501161  23  10323768  1505  78692  23731  102255198907  1662  0  709285  709308  23  0  88155  354  39  1023677  267  88155  0  78692  356530  669  228  332928699  0  3232  5425  5425  47.0064735586  
1441314502  0  759690  356530  501967  23  10381264  1537  80527  24760  102563932341  1662  0  711120  711143  23  0  88155  354  39  1025695  268  88155  0  80527  356530  669  228  308733434  0  1220  1835  1835  46.930985007  
1441314502  0  760962  356618  502734  23  10224776  1558  81965  25431  102820171447  1662  0  712646  712669  23  0  88155  354  39  1028032  267  88155  0  81965  356618  669  228  256239106  88  1272  1526  1526  46.8641009669  
