#Type:X;CI:5;ww:0;ca:0;co:0;fr:0;Type:X;CI:5;PI:0;PT:EP;U0:0;U1:0;
#time  Pp  gt  gs  cn  cm  cb  Nc  Pc  cp  Tc  Nm  pr  ps  pt  px  pd  Pm  Om  fs  ft  Oc  Em  Gp  Ec  Ge  ot  os  Total_cycles_diff  Successful_get_diff  Total_get_diff  succ_put_diff  total_put_diff  get_hit  
1441634014  0  0  0  0  0  0  0  0  0  0  0  0  0  0  0  0  0  0  0  0  0  0  0  0  0  0  0  0  0  0  0  0  
1441634014  0  0  0  0  0  0  0  0  0  674745  0  0  0  0  0  0  0  0  0  0  0  0  0  0  0  0  0  674745  0  0  0  0  0 
1441634015  0  0  0  0  0  0  0  0  0  674745  0  0  0  0  0  0  0  0  0  0  0  0  0  0  0  0  0  0  0  0  0  0  0 
1441634015  0  0  0  0  0  0  0  0  0  1119992  0  0  0  0  0  0  0  0  0  0  0  0  0  0  0  0  0  445247  0  0  0  0  0 
1441634016  0  0  0  0  0  0  0  0  0  1451754  0  0  0  0  0  0  0  0  0  0  0  0  0  0  0  0  0  331762  0  0  0  0  0 
1441634016  0  0  0  0  0  0  0  0  0  1647678  0  0  0  0  0  0  0  0  0  0  0  0  0  0  0  0  0  195924  0  0  0  0  0 
1441634017  0  0  0  0  0  0  0  0  0  2032007  0  0  0  0  0  0  0  0  0  0  0  0  0  0  0  1  0  384329  0  0  0  0  0 
1441634017  0  0  0  0  0  0  0  0  0  2662309  0  0  0  0  0  0  0  0  0  15  0  0  0  0  0  41  0  630302  0  0  0  0  0 
1441634018  0  0  0  0  0  0  0  0  0  3454929  0  0  0  0  0  0  0  0  0  21  0  0  0  0  0  46  0  792620  0  0  0  0  0 
1441634018  0  0  0  0  0  0  0  0  0  3454929  0  0  0  0  0  0  0  0  0  21  0  0  0  0  0  46  0  0  0  0  0  0  0 
1441634019  0  0  0  0  0  0  0  0  0  3729973  0  0  0  0  0  0  0  0  0  21  0  0  0  0  0  46  0  275044  0  0  0  0  0 
1441634019  0  0  0  0  0  0  0  0  0  3729973  0  0  0  0  0  0  0  0  0  21  0  0  0  0  0  46  0  0  0  0  0  0  0 
1441634020  0  0  0  0  0  0  0  0  0  3729973  0  0  0  0  0  0  0  0  0  21  0  0  0  0  0  46  0  0  0  0  0  0  0 
1441634020  0  0  0  0  0  0  0  0  0  3729973  0  0  0  0  0  0  0  0  0  21  0  0  0  0  0  46  0  0  0  0  0  0  0 
1441634021  0  0  0  0  0  0  0  0  0  3729973  0  0  0  0  0  0  0  0  0  21  0  0  0  0  0  46  0  0  0  0  0  0  0 
1441634021  0  0  0  0  0  0  0  0  0  3729973  0  0  0  0  0  0  0  0  0  21  0  0  0  0  0  46  0  0  0  0  0  0  0 
1441634022  0  0  0  0  0  0  0  0  0  3729973  0  0  0  0  0  0  0  0  0  21  0  0  0  0  0  46  0  0  0  0  0  0  0 
1441634022  0  0  0  0  0  0  0  0  0  3729973  0  0  0  0  0  0  0  0  0  21  0  0  0  0  0  46  0  0  0  0  0  0  0 
1441634023  0  0  0  0  0  0  0  0  0  3729973  0  0  0  0  0  0  0  0  0  21  0  0  0  0  0  46  0  0  0  0  0  0  0 
1441634023  0  0  0  0  0  0  0  0  0  3729973  0  0  0  0  0  0  0  0  0  21  0  0  0  0  0  46  0  0  0  0  0  0  0 
1441634024  0  0  0  0  0  0  0  0  0  3729973  0  0  0  0  0  0  0  0  0  21  0  0  0  0  0  46  0  0  0  0  0  0  0 
1441634024  0  0  0  0  0  0  0  0  0  3729973  0  0  0  0  0  0  0  0  0  21  0  0  0  0  0  46  0  0  0  0  0  0  0 
1441634025  0  0  0  0  0  0  0  0  0  3729973  0  0  0  0  0  0  0  0  0  21  0  0  0  0  0  46  0  0  0  0  0  0  0 
1441634025  0  0  0  0  0  0  0  0  0  3729973  0  0  0  0  0  0  0  0  0  21  0  0  0  0  0  46  0  0  0  0  0  0  0 
1441634026  0  0  0  0  0  0  0  0  0  3729973  0  0  0  0  0  0  0  0  0  21  0  0  0  0  0  46  0  0  0  0  0  0  0 
1441634026  0  0  0  0  0  0  0  0  0  3729973  0  0  0  0  0  0  0  0  0  21  0  0  0  0  0  46  0  0  0  0  0  0  0 
1441634027  0  0  0  0  0  0  0  0  0  3729973  0  0  0  0  0  0  0  0  0  21  0  0  0  0  0  46  0  0  0  0  0  0  0 
1441634027  0  0  0  0  0  0  0  0  0  3729973  0  0  0  0  0  0  0  0  0  21  0  0  0  0  0  46  0  0  0  0  0  0  0 
1441634028  0  0  0  0  0  0  0  0  0  3729973  0  0  0  0  0  0  0  0  0  21  0  0  0  0  0  46  0  0  0  0  0  0  0 
1441634028  0  0  0  0  0  0  0  0  0  3729973  0  0  0  0  0  0  0  0  0  21  0  0  0  0  0  46  0  0  0  0  0  0  0 
1441634029  0  0  0  0  0  0  0  0  0  3729973  0  0  0  0  0  0  0  0  0  21  0  0  0  0  0  46  0  0  0  0  0  0  0 
1441634029  0  0  0  0  0  0  0  0  0  3729973  0  0  0  0  0  0  0  0  0  21  0  0  0  0  0  46  0  0  0  0  0  0  0 
1441634030  0  0  0  0  0  0  0  0  0  3729973  0  0  0  0  0  0  0  0  0  21  0  0  0  0  0  46  0  0  0  0  0  0  0 
1441634030  0  0  0  0  0  0  0  0  0  3729973  0  0  0  0  0  0  0  0  0  21  0  0  0  0  0  46  0  0  0  0  0  0  0 
1441634031  0  0  0  0  0  0  0  0  0  3729973  0  0  0  0  0  0  0  0  0  21  0  0  0  0  0  46  0  0  0  0  0  0  0 
1441634031  0  0  0  0  0  0  0  0  0  3729973  0  0  0  0  0  0  0  0  0  21  0  0  0  0  0  46  0  0  0  0  0  0  0 
1441634032  0  0  0  0  0  0  0  0  0  3729973  0  0  0  0  0  0  0  0  0  21  0  0  0  0  0  46  0  0  0  0  0  0  0 
1441634032  0  0  0  0  0  0  0  0  0  3729973  0  0  0  0  0  0  0  0  0  21  0  0  0  0  0  46  0  0  0  0  0  0  0 
1441634033  0  0  0  0  0  0  0  0  0  3729973  0  0  0  0  0  0  0  0  0  21  0  0  0  0  0  46  0  0  0  0  0  0  0 
1441634033  0  0  0  0  0  0  0  0  0  3729973  0  0  0  0  0  0  0  0  0  21  0  0  0  0  0  46  0  0  0  0  0  0  0 
1441634034  0  0  0  0  0  0  0  0  0  3729973  0  0  0  0  0  0  0  0  0  21  0  0  0  0  0  46  0  0  0  0  0  0  0 
1441634034  0  0  0  0  0  0  0  0  0  3729973  0  0  0  0  0  0  0  0  0  21  0  0  0  0  0  46  0  0  0  0  0  0  0 
1441634035  0  0  0  0  0  0  0  0  0  3729973  0  0  0  0  0  0  0  0  0  21  0  0  0  0  0  46  0  0  0  0  0  0  0 
1441634035  0  0  0  0  0  0  0  0  0  3729973  0  0  0  0  0  0  0  0  0  21  0  0  0  0  0  46  0  0  0  0  0  0  0 
1441634036  0  0  0  0  0  0  0  0  0  3729973  0  0  0  0  0  0  0  0  0  21  0  0  0  0  0  46  0  0  0  0  0  0  0 
1441634036  0  0  0  0  0  0  0  0  0  3729973  0  0  0  0  0  0  0  0  0  21  0  0  0  0  0  46  0  0  0  0  0  0  0 
1441634037  0  0  0  0  0  0  0  0  0  3729973  0  0  0  0  0  0  0  0  0  21  0  0  0  0  0  46  0  0  0  0  0  0  0 
1441634037  0  0  0  0  0  0  0  0  0  3729973  0  0  0  0  0  0  0  0  0  21  0  0  0  0  0  46  0  0  0  0  0  0  0 
1441634038  0  0  0  0  0  0  0  0  0  3729973  0  0  0  0  0  0  0  0  0  21  0  0  0  0  0  46  0  0  0  0  0  0  0 
1441634038  0  0  0  0  0  0  0  0  0  3729973  0  0  0  0  0  0  0  0  0  21  0  0  0  0  0  46  0  0  0  0  0  0  0 
1441634039  0  0  0  0  0  0  0  0  0  3729973  0  0  0  0  0  0  0  0  0  21  0  0  0  0  0  46  0  0  0  0  0  0  0 
1441634039  0  0  0  0  0  0  0  0  0  3729973  0  0  0  0  0  0  0  0  0  21  0  0  0  0  0  46  0  0  0  0  0  0  0 
1441634040  0  0  0  0  0  0  0  0  0  3729973  0  0  0  0  0  0  0  0  0  21  0  0  0  0  0  46  0  0  0  0  0  0  0 
1441634040  0  0  0  0  0  0  0  0  0  3729973  0  0  0  0  0  0  0  0  0  21  0  0  0  0  0  46  0  0  0  0  0  0  0 
1441634041  0  0  0  0  0  0  0  0  0  3729973  0  0  0  0  0  0  0  0  0  21  0  0  0  0  0  46  0  0  0  0  0  0  0 
1441634041  0  0  0  0  0  0  0  0  0  3729973  0  0  0  0  0  0  0  0  0  21  0  0  0  0  0  46  0  0  0  0  0  0  0 
1441634042  0  0  0  0  0  0  0  0  0  3729973  0  0  0  0  0  0  0  0  0  21  0  0  0  0  0  46  0  0  0  0  0  0  0 
1441634042  0  0  0  0  0  0  0  0  0  3729973  0  0  0  0  0  0  0  0  0  21  0  0  0  0  0  46  0  0  0  0  0  0  0 
1441634043  0  0  0  0  0  0  0  0  0  3729973  0  0  0  0  0  0  0  0  0  21  0  0  0  0  0  46  0  0  0  0  0  0  0 
1441634043  0  0  0  0  0  0  0  0  0  3729973  0  0  0  0  0  0  0  0  0  21  0  0  0  0  0  46  0  0  0  0  0  0  0 
1441634044  0  0  0  0  0  0  0  0  0  3729973  0  0  0  0  0  0  0  0  0  21  0  0  0  0  0  46  0  0  0  0  0  0  0 
1441634045  0  0  0  0  0  0  0  0  0  3729973  0  0  0  0  0  0  0  0  0  21  0  0  0  0  0  46  0  0  0  0  0  0  0 
1441634045  0  0  0  0  0  0  0  0  0  3729973  0  0  0  0  0  0  0  0  0  21  0  0  0  0  0  46  0  0  0  0  0  0  0 
1441634046  0  0  0  0  0  0  0  0  0  3729973  0  0  0  0  0  0  0  0  0  21  0  0  0  0  0  46  0  0  0  0  0  0  0 
1441634046  0  0  0  0  0  0  0  0  0  3729973  0  0  0  0  0  0  0  0  0  21  0  0  0  0  0  46  0  0  0  0  0  0  0 
1441634047  0  0  0  0  0  0  0  0  0  3729973  0  0  0  0  0  0  0  0  0  21  0  0  0  0  0  46  0  0  0  0  0  0  0 
1441634047  0  0  0  0  0  0  0  0  0  3729973  0  0  0  0  0  0  0  0  0  21  0  0  0  0  0  46  0  0  0  0  0  0  0 
1441634048  0  0  0  0  0  0  0  0  0  3729973  0  0  0  0  0  0  0  0  0  21  0  0  0  0  0  46  0  0  0  0  0  0  0 
1441634048  0  0  0  0  0  0  0  0  0  3729973  0  0  0  0  0  0  0  0  0  21  0  0  0  0  0  46  0  0  0  0  0  0  0 
1441634049  0  0  0  0  0  0  0  0  0  3729973  0  0  0  0  0  0  0  0  0  21  0  0  0  0  0  46  0  0  0  0  0  0  0 
1441634049  0  0  0  0  0  0  0  0  0  3729973  0  0  0  0  0  0  0  0  0  21  0  0  0  0  0  46  0  0  0  0  0  0  0 
1441634050  0  0  0  0  0  0  0  0  0  3729973  0  0  0  0  0  0  0  0  0  21  0  0  0  0  0  46  0  0  0  0  0  0  0 
1441634050  0  0  0  0  0  0  0  0  0  3729973  0  0  0  0  0  0  0  0  0  21  0  0  0  0  0  46  0  0  0  0  0  0  0 
1441634051  0  0  0  0  0  0  0  0  0  3729973  0  0  0  0  0  0  0  0  0  21  0  0  0  0  0  46  0  0  0  0  0  0  0 
1441634051  0  0  0  0  0  0  0  0  0  3729973  0  0  0  0  0  0  0  0  0  21  0  0  0  0  0  46  0  0  0  0  0  0  0 
1441634052  0  0  0  0  0  0  0  0  0  3729973  0  0  0  0  0  0  0  0  0  21  0  0  0  0  0  46  0  0  0  0  0  0  0 
1441634052  0  0  0  0  0  0  0  0  0  3729973  0  0  0  0  0  0  0  0  0  21  0  0  0  0  0  46  0  0  0  0  0  0  0 
1441634053  0  0  0  0  0  0  0  0  0  3729973  0  0  0  0  0  0  0  0  0  21  0  0  0  0  0  46  0  0  0  0  0  0  0 
1441634053  0  0  0  0  0  0  0  0  0  3729973  0  0  0  0  0  0  0  0  0  21  0  0  0  0  0  46  0  0  0  0  0  0  0 
1441634054  0  0  0  0  0  0  0  0  0  3729973  0  0  0  0  0  0  0  0  0  21  0  0  0  0  0  46  0  0  0  0  0  0  0 
1441634054  0  0  0  0  0  0  0  0  0  3729973  0  0  0  0  0  0  0  0  0  21  0  0  0  0  0  46  0  0  0  0  0  0  0 
1441634055  0  0  0  0  0  0  0  0  0  3729973  0  0  0  0  0  0  0  0  0  21  0  0  0  0  0  46  0  0  0  0  0  0  0 
1441634055  0  0  0  0  0  0  0  0  0  3729973  0  0  0  0  0  0  0  0  0  21  0  0  0  0  0  46  0  0  0  0  0  0  0 
1441634056  0  0  0  0  0  0  0  0  0  3729973  0  0  0  0  0  0  0  0  0  21  0  0  0  0  0  46  0  0  0  0  0  0  0 
1441634056  0  0  0  0  0  0  0  0  0  3729973  0  0  0  0  0  0  0  0  0  21  0  0  0  0  0  46  0  0  0  0  0  0  0 
1441634057  0  0  0  0  0  0  0  0  0  3729973  0  0  0  0  0  0  0  0  0  21  0  0  0  0  0  46  0  0  0  0  0  0  0 
1441634057  0  0  0  0  0  0  0  0  0  3729973  0  0  0  0  0  0  0  0  0  21  0  0  0  0  0  46  0  0  0  0  0  0  0 
1441634058  0  0  0  0  0  0  0  0  0  3729973  0  0  0  0  0  0  0  0  0  21  0  0  0  0  0  46  0  0  0  0  0  0  0 
1441634058  0  0  0  0  0  0  0  0  0  3729973  0  0  0  0  0  0  0  0  0  21  0  0  0  0  0  46  0  0  0  0  0  0  0 
1441634059  0  0  0  0  0  0  0  0  0  3729973  0  0  0  0  0  0  0  0  0  21  0  0  0  0  0  46  0  0  0  0  0  0  0 
1441634059  0  0  0  0  0  0  0  0  0  3729973  0  0  0  0  0  0  0  0  0  21  0  0  0  0  0  46  0  0  0  0  0  0  0 
1441634060  0  0  0  0  0  0  0  0  0  3729973  0  0  0  0  0  0  0  0  0  21  0  0  0  0  0  46  0  0  0  0  0  0  0 
1441634060  0  0  0  0  0  0  0  0  0  3729973  0  0  0  0  0  0  0  0  0  21  0  0  0  0  0  46  0  0  0  0  0  0  0 
1441634061  0  0  0  0  0  0  0  0  0  3729973  0  0  0  0  0  0  0  0  0  21  0  0  0  0  0  46  0  0  0  0  0  0  0 
1441634061  0  0  0  0  0  0  0  0  0  3729973  0  0  0  0  0  0  0  0  0  21  0  0  0  0  0  46  0  0  0  0  0  0  0 
1441634062  0  0  0  0  0  0  0  0  0  3729973  0  0  0  0  0  0  0  0  0  21  0  0  0  0  0  46  0  0  0  0  0  0  0 
1441634062  0  0  0  0  0  0  0  0  0  3729973  0  0  0  0  0  0  0  0  0  21  0  0  0  0  0  46  0  0  0  0  0  0  0 
1441634063  0  0  0  0  0  0  0  0  0  3729973  0  0  0  0  0  0  0  0  0  21  0  0  0  0  0  46  0  0  0  0  0  0  0 
1441634063  0  0  0  0  0  0  0  0  0  3729973  0  0  0  0  0  0  0  0  0  21  0  0  0  0  0  46  0  0  0  0  0  0  0 
1441634064  0  0  0  0  0  0  0  0  0  3729973  0  0  0  0  0  0  0  0  0  21  0  0  0  0  0  46  0  0  0  0  0  0  0 
1441634064  0  0  0  0  0  0  0  0  0  3729973  0  0  0  0  0  0  0  0  0  21  0  0  0  0  0  46  0  0  0  0  0  0  0 
1441634065  0  0  0  0  0  0  0  0  0  3729973  0  0  0  0  0  0  0  0  0  21  0  0  0  0  0  46  0  0  0  0  0  0  0 
1441634065  0  0  0  0  0  0  0  0  0  3729973  0  0  0  0  0  0  0  0  0  21  0  0  0  0  0  46  0  0  0  0  0  0  0 
1441634066  0  0  0  0  0  0  0  0  0  3729973  0  0  0  0  0  0  0  0  0  21  0  0  0  0  0  46  0  0  0  0  0  0  0 
1441634066  0  0  0  0  0  0  0  0  0  3729973  0  0  0  0  0  0  0  0  0  21  0  0  0  0  0  46  0  0  0  0  0  0  0 
1441634067  0  0  0  0  0  0  0  0  0  3729973  0  0  0  0  0  0  0  0  0  21  0  0  0  0  0  46  0  0  0  0  0  0  0 
1441634067  0  0  0  0  0  0  0  0  0  3729973  0  0  0  0  0  0  0  0  0  21  0  0  0  0  0  46  0  0  0  0  0  0  0 
1441634068  0  0  0  0  0  0  0  0  0  3729973  0  0  0  0  0  0  0  0  0  21  0  0  0  0  0  46  0  0  0  0  0  0  0 
1441634068  0  0  0  0  0  0  0  0  0  3729973  0  0  0  0  0  0  0  0  0  21  0  0  0  0  0  46  0  0  0  0  0  0  0 
1441634069  0  0  0  0  0  0  0  0  0  3729973  0  0  0  0  0  0  0  0  0  21  0  0  0  0  0  46  0  0  0  0  0  0  0 
1441634069  0  0  0  0  0  0  0  0  0  3729973  0  0  0  0  0  0  0  0  0  21  0  0  0  0  0  46  0  0  0  0  0  0  0 
1441634070  0  0  0  0  0  0  0  0  0  3729973  0  0  0  0  0  0  0  0  0  21  0  0  0  0  0  46  0  0  0  0  0  0  0 
1441634070  0  0  0  0  0  0  0  0  0  3729973  0  0  0  0  0  0  0  0  0  21  0  0  0  0  0  46  0  0  0  0  0  0  0 
1441634071  0  0  0  0  0  0  0  0  0  3729973  0  0  0  0  0  0  0  0  0  21  0  0  0  0  0  46  0  0  0  0  0  0  0 
1441634071  0  0  0  0  0  0  0  0  0  3729973  0  0  0  0  0  0  0  0  0  21  0  0  0  0  0  46  0  0  0  0  0  0  0 
1441634072  0  0  0  0  0  0  0  0  0  3738664  0  0  0  0  0  0  0  0  0  21  0  0  0  0  0  47  0  8691  0  0  0  0  0 
1441634072  0  0  0  0  0  0  0  0  0  3738664  0  0  0  0  0  0  0  0  0  21  0  0  0  0  0  47  0  0  0  0  0  0  0 
1441634073  0  0  0  0  0  0  0  0  0  3738664  0  0  0  0  0  0  0  0  0  21  0  0  0  0  0  47  0  0  0  0  0  0  0 
1441634073  0  0  0  0  0  0  0  0  0  3738664  0  0  0  0  0  0  0  0  0  21  0  0  0  0  0  47  0  0  0  0  0  0  0 
1441634074  0  0  0  0  0  0  0  0  0  3738664  0  0  0  0  0  0  0  0  0  21  0  0  0  0  0  47  0  0  0  0  0  0  0 
1441634074  0  0  0  0  0  0  0  0  0  3738664  0  0  0  0  0  0  0  0  0  21  0  0  0  0  0  47  0  0  0  0  0  0  0 
1441634075  0  0  0  0  0  0  0  0  0  3738664  0  0  0  0  0  0  0  0  0  21  0  0  0  0  0  47  0  0  0  0  0  0  0 
1441634075  0  0  0  0  0  0  0  0  0  3738664  0  0  0  0  0  0  0  0  0  21  0  0  0  0  0  47  0  0  0  0  0  0  0 
1441634076  0  0  0  0  0  0  0  0  0  3738664  0  0  0  0  0  0  0  0  0  21  0  0  0  0  0  47  0  0  0  0  0  0  0 
1441634076  0  0  0  0  0  0  0  0  0  3738664  0  0  0  0  0  0  0  0  0  21  0  0  0  0  0  47  0  0  0  0  0  0  0 
1441634077  0  0  0  0  0  0  0  0  0  3738664  0  0  0  0  0  0  0  0  0  21  0  0  0  0  0  47  0  0  0  0  0  0  0 
1441634077  0  0  0  0  0  0  0  0  0  3738664  0  0  0  0  0  0  0  0  0  21  0  0  0  0  0  47  0  0  0  0  0  0  0 
1441634078  0  0  0  0  0  0  0  0  0  3738664  0  0  0  0  0  0  0  0  0  21  0  0  0  0  0  47  0  0  0  0  0  0  0 
1441634078  0  0  0  0  0  0  0  0  0  3738664  0  0  0  0  0  0  0  0  0  21  0  0  0  0  0  47  0  0  0  0  0  0  0 
1441634079  0  0  0  0  0  0  0  0  0  3738664  0  0  0  0  0  0  0  0  0  21  0  0  0  0  0  47  0  0  0  0  0  0  0 
1441634079  0  0  0  0  0  0  0  0  0  3738664  0  0  0  0  0  0  0  0  0  21  0  0  0  0  0  47  0  0  0  0  0  0  0 
1441634080  0  0  0  0  0  0  0  0  0  3738664  0  0  0  0  0  0  0  0  0  21  0  0  0  0  0  47  0  0  0  0  0  0  0 
1441634080  0  0  0  0  0  0  0  0  0  3738664  0  0  0  0  0  0  0  0  0  21  0  0  0  0  0  47  0  0  0  0  0  0  0 
1441634081  0  0  0  0  0  0  0  0  0  3738664  0  0  0  0  0  0  0  0  0  21  0  0  0  0  0  47  0  0  0  0  0  0  0 
1441634082  0  0  0  0  0  0  0  0  0  3741940  0  0  0  0  0  0  0  0  0  21  0  0  0  0  0  48  0  3276  0  0  0  0  0 
1441634082  0  0  0  0  0  0  0  0  0  3741940  0  0  0  0  0  0  0  0  0  21  0  0  0  0  0  48  0  0  0  0  0  0  0 
1441634083  0  0  0  0  0  0  0  0  0  3741940  0  0  0  0  0  0  0  0  0  21  0  0  0  0  0  48  0  0  0  0  0  0  0 
1441634083  0  0  0  0  0  0  0  0  0  3741940  0  0  0  0  0  0  0  0  0  21  0  0  0  0  0  48  0  0  0  0  0  0  0 
1441634084  0  0  0  0  0  0  0  0  0  3741940  0  0  0  0  0  0  0  0  0  21  0  0  0  0  0  48  0  0  0  0  0  0  0 
1441634084  0  0  0  0  0  0  0  0  0  3741940  0  0  0  0  0  0  0  0  0  21  0  0  0  0  0  48  0  0  0  0  0  0  0 
1441634085  0  0  0  0  0  0  0  0  0  3741940  0  0  0  0  0  0  0  0  0  21  0  0  0  0  0  48  0  0  0  0  0  0  0 
1441634085  0  0  0  0  0  0  0  0  0  3741940  0  0  0  0  0  0  0  0  0  21  0  0  0  0  0  48  0  0  0  0  0  0  0 
1441634086  0  0  0  0  0  0  0  0  0  3741940  0  0  0  0  0  0  0  0  0  21  0  0  0  0  0  48  0  0  0  0  0  0  0 
1441634086  0  0  0  0  0  0  0  0  0  3741940  0  0  0  0  0  0  0  0  0  21  0  0  0  0  0  48  0  0  0  0  0  0  0 
1441634087  0  0  0  0  0  0  0  0  0  3741940  0  0  0  0  0  0  0  0  0  21  0  0  0  0  0  48  0  0  0  0  0  0  0 
1441634087  0  0  0  0  0  0  0  0  0  3741940  0  0  0  0  0  0  0  0  0  21  0  0  0  0  0  48  0  0  0  0  0  0  0 
1441634088  0  0  0  0  0  0  0  0  0  3741940  0  0  0  0  0  0  0  0  0  21  0  0  0  0  0  48  0  0  0  0  0  0  0 
1441634088  0  0  0  0  0  0  0  0  0  3741940  0  0  0  0  0  0  0  0  0  21  0  0  0  0  0  48  0  0  0  0  0  0  0 
1441634089  0  0  0  0  0  0  0  0  0  3741940  0  0  0  0  0  0  0  0  0  21  0  0  0  0  0  48  0  0  0  0  0  0  0 
1441634089  0  0  0  0  0  0  0  0  0  3741940  0  0  0  0  0  0  0  0  0  21  0  0  0  0  0  48  0  0  0  0  0  0  0 
1441634090  0  0  0  0  0  0  0  0  0  3741940  0  0  0  0  0  0  0  0  0  21  0  0  0  0  0  48  0  0  0  0  0  0  0 
1441634090  0  0  0  0  0  0  0  0  0  3741940  0  0  0  0  0  0  0  0  0  21  0  0  0  0  0  48  0  0  0  0  0  0  0 
1441634091  0  0  0  0  0  0  0  0  0  3741940  0  0  0  0  0  0  0  0  0  21  0  0  0  0  0  48  0  0  0  0  0  0  0 
1441634091  0  0  0  0  0  0  0  0  0  3741940  0  0  0  0  0  0  0  0  0  21  0  0  0  0  0  48  0  0  0  0  0  0  0 
1441634092  0  0  0  0  0  0  0  0  0  3744483  0  0  0  0  0  0  0  0  0  21  0  0  0  0  0  49  0  2543  0  0  0  0  0 
1441634092  0  0  0  0  0  0  0  0  0  3744483  0  0  0  0  0  0  0  0  0  21  0  0  0  0  0  49  0  0  0  0  0  0  0 
1441634093  0  0  0  0  0  0  0  0  0  3744483  0  0  0  0  0  0  0  0  0  21  0  0  0  0  0  49  0  0  0  0  0  0  0 
1441634093  0  0  0  0  0  0  0  0  0  3744483  0  0  0  0  0  0  0  0  0  21  0  0  0  0  0  49  0  0  0  0  0  0  0 
1441634094  0  0  0  0  0  0  0  0  0  3744483  0  0  0  0  0  0  0  0  0  21  0  0  0  0  0  49  0  0  0  0  0  0  0 
1441634094  0  0  0  0  0  0  0  0  0  3744483  0  0  0  0  0  0  0  0  0  21  0  0  0  0  0  49  0  0  0  0  0  0  0 
1441634095  0  0  0  0  0  0  0  0  0  3744483  0  0  0  0  0  0  0  0  0  21  0  0  0  0  0  49  0  0  0  0  0  0  0 
1441634095  0  0  0  0  0  0  0  0  0  3744483  0  0  0  0  0  0  0  0  0  21  0  0  0  0  0  49  0  0  0  0  0  0  0 
1441634096  0  0  0  0  0  0  0  0  0  3744483  0  0  0  0  0  0  0  0  0  21  0  0  0  0  0  49  0  0  0  0  0  0  0 
1441634096  0  0  0  0  0  0  0  0  0  3744483  0  0  0  0  0  0  0  0  0  21  0  0  0  0  0  49  0  0  0  0  0  0  0 
1441634097  0  0  0  0  0  0  0  0  0  3744483  0  0  0  0  0  0  0  0  0  21  0  0  0  0  0  49  0  0  0  0  0  0  0 
1441634097  0  0  0  0  0  0  0  0  0  3744483  0  0  0  0  0  0  0  0  0  21  0  0  0  0  0  49  0  0  0  0  0  0  0 
1441634098  0  0  0  0  0  0  0  0  0  3744483  0  0  0  0  0  0  0  0  0  21  0  0  0  0  0  49  0  0  0  0  0  0  0 
1441634098  0  0  0  0  0  0  0  0  0  3744483  0  0  0  0  0  0  0  0  0  21  0  0  0  0  0  49  0  0  0  0  0  0  0 
1441634099  0  0  0  0  0  0  0  0  0  3744483  0  0  0  0  0  0  0  0  0  21  0  0  0  0  0  49  0  0  0  0  0  0  0 
1441634099  0  0  0  0  0  0  0  0  0  3744483  0  0  0  0  0  0  0  0  0  21  0  0  0  0  0  49  0  0  0  0  0  0  0 
1441634100  0  0  0  0  0  0  0  0  0  3744483  0  0  0  0  0  0  0  0  0  21  0  0  0  0  0  49  0  0  0  0  0  0  0 
1441634100  0  0  0  0  0  0  0  0  0  3744483  0  0  0  0  0  0  0  0  0  21  0  0  0  0  0  49  0  0  0  0  0  0  0 
1441634101  0  0  0  0  0  0  0  0  0  3744483  0  0  0  0  0  0  0  0  0  21  0  0  0  0  0  49  0  0  0  0  0  0  0 
1441634101  0  0  0  0  0  0  0  0  0  3744483  0  0  0  0  0  0  0  0  0  21  0  0  0  0  0  49  0  0  0  0  0  0  0 
1441634102  0  0  0  0  0  0  0  0  0  3744483  0  0  0  0  0  0  0  0  0  21  0  0  0  0  0  49  0  0  0  0  0  0  0 
1441634102  0  0  0  0  0  0  0  0  0  3747060  0  0  0  0  0  0  0  0  0  21  0  0  0  0  0  50  0  2577  0  0  0  0  0 
1441634103  0  0  0  0  0  0  0  0  0  3747060  0  0  0  0  0  0  0  0  0  21  0  0  0  0  0  50  0  0  0  0  0  0  0 
1441634103  0  0  0  0  0  0  0  0  0  3747060  0  0  0  0  0  0  0  0  0  21  0  0  0  0  0  50  0  0  0  0  0  0  0 
1441634104  0  0  0  0  0  0  0  0  0  3747060  0  0  0  0  0  0  0  0  0  21  0  0  0  0  0  50  0  0  0  0  0  0  0 
1441634104  0  0  0  0  0  0  0  0  0  3747060  0  0  0  0  0  0  0  0  0  21  0  0  0  0  0  50  0  0  0  0  0  0  0 
1441634105  0  0  0  0  0  0  0  0  0  3747060  0  0  0  0  0  0  0  0  0  21  0  0  0  0  0  50  0  0  0  0  0  0  0 
1441634105  0  0  0  0  0  0  0  0  0  3747060  0  0  0  0  0  0  0  0  0  21  0  0  0  0  0  50  0  0  0  0  0  0  0 
1441634106  0  0  0  0  0  0  0  0  0  3747060  0  0  0  0  0  0  0  0  0  21  0  0  0  0  0  50  0  0  0  0  0  0  0 
1441634106  0  0  0  0  0  0  0  0  0  3747060  0  0  0  0  0  0  0  0  0  21  0  0  0  0  0  50  0  0  0  0  0  0  0 
1441634107  0  0  0  0  0  0  0  0  0  3747060  0  0  0  0  0  0  0  0  0  21  0  0  0  0  0  50  0  0  0  0  0  0  0 
1441634107  0  0  0  0  0  0  0  0  0  3747060  0  0  0  0  0  0  0  0  0  21  0  0  0  0  0  50  0  0  0  0  0  0  0 
1441634108  0  0  0  0  0  0  0  0  0  3747060  0  0  0  0  0  0  0  0  0  21  0  0  0  0  0  50  0  0  0  0  0  0  0 
1441634108  0  0  0  0  0  0  0  0  0  3747060  0  0  0  0  0  0  0  0  0  21  0  0  0  0  0  50  0  0  0  0  0  0  0 
1441634109  0  0  0  0  0  0  0  0  0  3747060  0  0  0  0  0  0  0  0  0  21  0  0  0  0  0  50  0  0  0  0  0  0  0 
1441634109  0  0  0  0  0  0  0  0  0  3747060  0  0  0  0  0  0  0  0  0  21  0  0  0  0  0  50  0  0  0  0  0  0  0 
1441634110  0  0  0  0  0  0  0  0  0  3747060  0  0  0  0  0  0  0  0  0  21  0  0  0  0  0  50  0  0  0  0  0  0  0 
1441634110  0  0  0  0  0  0  0  0  0  3747060  0  0  0  0  0  0  0  0  0  21  0  0  0  0  0  50  0  0  0  0  0  0  0 
1441634111  0  0  0  0  0  0  0  0  0  3747060  0  0  0  0  0  0  0  0  0  21  0  0  0  0  0  50  0  0  0  0  0  0  0 
1441634111  0  0  0  0  0  0  0  0  0  3747060  0  0  0  0  0  0  0  0  0  21  0  0  0  0  0  50  0  0  0  0  0  0  0 
1441634112  0  0  0  0  0  0  0  0  0  3750218  0  0  0  0  0  0  0  0  0  21  0  0  0  0  0  51  0  3158  0  0  0  0  0 
1441634112  0  0  0  0  0  0  0  0  0  3750218  0  0  0  0  0  0  0  0  0  21  0  0  0  0  0  51  0  0  0  0  0  0  0 
1441634113  0  0  0  0  0  0  0  0  0  3750218  0  0  0  0  0  0  0  0  0  21  0  0  0  0  0  51  0  0  0  0  0  0  0 
1441634113  0  0  0  0  0  0  0  0  0  3750218  0  0  0  0  0  0  0  0  0  21  0  0  0  0  0  51  0  0  0  0  0  0  0 
1441634114  0  0  0  0  0  0  0  0  0  3750218  0  0  0  0  0  0  0  0  0  21  0  0  0  0  0  51  0  0  0  0  0  0  0 
1441634114  0  0  0  0  0  0  0  0  0  3750218  0  0  0  0  0  0  0  0  0  21  0  0  0  0  0  51  0  0  0  0  0  0  0 
1441634115  0  0  0  0  0  0  0  0  0  3750218  0  0  0  0  0  0  0  0  0  21  0  0  0  0  0  51  0  0  0  0  0  0  0 
1441634115  0  0  0  0  0  0  0  0  0  3750218  0  0  0  0  0  0  0  0  0  21  0  0  0  0  0  51  0  0  0  0  0  0  0 
1441634116  0  0  0  0  0  0  0  0  0  3750218  0  0  0  0  0  0  0  0  0  21  0  0  0  0  0  51  0  0  0  0  0  0  0 
1441634116  0  0  0  0  0  0  0  0  0  3750218  0  0  0  0  0  0  0  0  0  21  0  0  0  0  0  51  0  0  0  0  0  0  0 
1441634117  0  0  0  0  0  0  0  0  0  3750218  0  0  0  0  0  0  0  0  0  21  0  0  0  0  0  51  0  0  0  0  0  0  0 
1441634117  0  0  0  0  0  0  0  0  0  3750218  0  0  0  0  0  0  0  0  0  21  0  0  0  0  0  51  0  0  0  0  0  0  0 
1441634118  0  0  0  0  0  0  0  0  0  3750218  0  0  0  0  0  0  0  0  0  21  0  0  0  0  0  51  0  0  0  0  0  0  0 
1441634118  0  0  0  0  0  0  0  0  0  3750218  0  0  0  0  0  0  0  0  0  21  0  0  0  0  0  51  0  0  0  0  0  0  0 
1441634119  0  0  0  0  0  0  0  0  0  3750218  0  0  0  0  0  0  0  0  0  21  0  0  0  0  0  51  0  0  0  0  0  0  0 
1441634119  0  0  0  0  0  0  0  0  0  3750218  0  0  0  0  0  0  0  0  0  21  0  0  0  0  0  51  0  0  0  0  0  0  0 
1441634120  0  0  0  0  0  0  0  0  0  3750218  0  0  0  0  0  0  0  0  0  21  0  0  0  0  0  51  0  0  0  0  0  0  0 
1441634120  0  0  0  0  0  0  0  0  0  3750218  0  0  0  0  0  0  0  0  0  21  0  0  0  0  0  51  0  0  0  0  0  0  0 
1441634121  0  0  0  0  0  0  0  0  0  3750218  0  0  0  0  0  0  0  0  0  21  0  0  0  0  0  51  0  0  0  0  0  0  0 
1441634121  0  0  0  0  0  0  0  0  0  3750218  0  0  0  0  0  0  0  0  0  21  0  0  0  0  0  51  0  0  0  0  0  0  0 
1441634122  0  0  0  0  0  0  0  0  0  3803730  0  0  0  0  0  0  0  0  0  23  0  0  0  0  0  55  0  53512  0  0  0  0  0 
1441634123  0  0  0  0  0  0  0  0  0  3836293  0  0  0  0  0  0  0  0  0  25  0  0  0  0  0  64  0  32563  0  0  0  0  0 
1441634123  0  0  0  0  0  0  0  0  0  3836293  0  0  0  0  0  0  0  0  0  25  0  0  0  0  0  64  0  0  0  0  0  0  0 
1441634124  0  0  0  0  0  0  0  0  0  3836293  0  0  0  0  0  0  0  0  0  25  0  0  0  0  0  64  0  0  0  0  0  0  0 
