#Type:X;CI:1;ww:0;ca:0;co:0;fr:0;Type:X;CI:1;PI:0;PT:EP;U0:0;U1:0;Type:X;CI:1;PI:1;PT:EP;U0:0;U1:0;
#time  Pp  gt  gs  cn  cm  cb  Nc  Pc  cp  Tc  Nm  pr  ps  pt  px  pd  Pm  Om  fs  ft  Oc  Em  Gp  Ec  Ge  ot  os  Total_cycles_diff  Successful_get_diff  Total_get_diff  succ_put_diff  total_put_diff  get_hit  
1441633798  0  0  0  0  0  0  0  0  0  4024921  0  0  0  0  0  0  0  0  0  21  0  0  0  0  0  46  0  4024921  0  0  0  0  
1441633798  0  0  0  0  0  0  0  0  0  4034418  0  0  0  0  0  0  0  0  0  21  0  0  0  0  0  47  0  9497  0  0  0  0  0 
1441633799  0  0  0  0  0  0  0  0  0  4034418  0  0  0  0  0  0  0  0  0  21  0  0  0  0  0  47  0  0  0  0  0  0  0 
1441633799  0  0  0  0  0  0  0  0  0  4034418  0  0  0  0  0  0  0  0  0  21  0  0  0  0  0  47  0  0  0  0  0  0  0 
1441633800  0  0  0  0  0  0  0  0  0  4034418  0  0  0  0  0  0  0  0  0  21  0  0  0  0  0  47  0  0  0  0  0  0  0 
1441633800  0  0  0  0  0  0  0  0  0  4034418  0  0  0  0  0  0  0  0  0  21  0  0  0  0  0  47  0  0  0  0  0  0  0 
1441633801  0  0  0  0  0  0  0  0  0  4034418  0  0  0  0  0  0  0  0  0  21  0  0  0  0  0  47  0  0  0  0  0  0  0 
1441633801  0  0  0  0  0  0  0  0  0  4034418  0  0  0  0  0  0  0  0  0  21  0  0  0  0  0  47  0  0  0  0  0  0  0 
1441633802  0  0  0  0  0  0  0  0  0  4034418  0  0  0  0  0  0  0  0  0  21  0  0  0  0  0  47  0  0  0  0  0  0  0 
1441633802  0  0  0  0  0  0  0  0  0  4034418  0  0  0  0  0  0  0  0  0  21  0  0  0  0  0  47  0  0  0  0  0  0  0 
1441633803  0  0  0  0  0  0  0  0  0  4034418  0  0  0  0  0  0  0  0  0  21  0  0  0  0  0  47  0  0  0  0  0  0  0 
1441633804  0  0  0  0  0  0  0  0  0  4034418  0  0  0  0  0  0  0  0  0  21  0  0  0  0  0  47  0  0  0  0  0  0  0 
1441633804  0  0  0  0  0  0  0  0  0  4034418  0  0  0  0  0  0  0  0  0  21  0  0  0  0  0  47  0  0  0  0  0  0  0 
1441633805  0  0  0  0  0  0  0  0  0  4034418  0  0  0  0  0  0  0  0  0  21  0  0  0  0  0  47  0  0  0  0  0  0  0 
1441633805  0  0  0  0  0  0  0  0  0  4034418  0  0  0  0  0  0  0  0  0  21  0  0  0  0  0  47  0  0  0  0  0  0  0 
1441633806  0  0  0  0  0  0  0  0  0  4034418  0  0  0  0  0  0  0  0  0  21  0  0  0  0  0  47  0  0  0  0  0  0  0 
1441633806  0  0  0  0  0  0  0  0  0  4034418  0  0  0  0  0  0  0  0  0  21  0  0  0  0  0  47  0  0  0  0  0  0  0 
1441633807  0  0  0  0  0  0  0  0  0  4034418  0  0  0  0  0  0  0  0  0  21  0  0  0  0  0  47  0  0  0  0  0  0  0 
1441633807  0  0  0  0  0  0  0  0  0  4034418  0  0  0  0  0  0  0  0  0  21  0  0  0  0  0  47  0  0  0  0  0  0  0 
1441633808  0  0  0  0  0  0  0  0  0  4034418  0  0  0  0  0  0  0  0  0  21  0  0  0  0  0  47  0  0  0  0  0  0  0 
1441633808  0  0  0  0  0  0  0  0  0  4034418  0  0  0  0  0  0  0  0  0  21  0  0  0  0  0  47  0  0  0  0  0  0  0 
1441633809  0  0  0  0  0  0  0  0  0  4037276  0  0  0  0  0  0  0  0  0  21  0  0  0  0  0  48  0  2858  0  0  0  0  0 
1441633809  0  0  0  0  0  0  0  0  0  4037276  0  0  0  0  0  0  0  0  0  21  0  0  0  0  0  48  0  0  0  0  0  0  0 
1441633810  0  0  0  0  0  0  0  0  0  4037276  0  0  0  0  0  0  0  0  0  21  0  0  0  0  0  48  0  0  0  0  0  0  0 
1441633810  0  0  0  0  0  0  0  0  0  4037276  0  0  0  0  0  0  0  0  0  21  0  0  0  0  0  48  0  0  0  0  0  0  0 
1441633811  0  0  0  0  0  0  0  0  0  4037276  0  0  0  0  0  0  0  0  0  21  0  0  0  0  0  48  0  0  0  0  0  0  0 
1441633811  0  0  0  0  0  0  0  0  0  4037276  0  0  0  0  0  0  0  0  0  21  0  0  0  0  0  48  0  0  0  0  0  0  0 
1441633812  0  0  0  0  0  0  0  0  0  4037276  0  0  0  0  0  0  0  0  0  21  0  0  0  0  0  48  0  0  0  0  0  0  0 
1441633812  0  0  0  0  0  0  0  0  0  4037276  0  0  0  0  0  0  0  0  0  21  0  0  0  0  0  48  0  0  0  0  0  0  0 
1441633813  0  0  0  0  0  0  0  0  0  4037276  0  0  0  0  0  0  0  0  0  21  0  0  0  0  0  48  0  0  0  0  0  0  0 
1441633813  0  0  0  0  0  0  0  0  0  4037276  0  0  0  0  0  0  0  0  0  21  0  0  0  0  0  48  0  0  0  0  0  0  0 
1441633814  0  0  0  0  0  0  0  0  0  4037276  0  0  0  0  0  0  0  0  0  21  0  0  0  0  0  48  0  0  0  0  0  0  0 
1441633814  0  0  0  0  0  0  0  0  0  4037276  0  0  0  0  0  0  0  0  0  21  0  0  0  0  0  48  0  0  0  0  0  0  0 
1441633815  0  0  0  0  0  0  0  0  0  4037276  0  0  0  0  0  0  0  0  0  21  0  0  0  0  0  48  0  0  0  0  0  0  0 
1441633815  0  0  0  0  0  0  0  0  0  4037276  0  0  0  0  0  0  0  0  0  21  0  0  0  0  0  48  0  0  0  0  0  0  0 
1441633816  0  0  0  0  0  0  0  0  0  4037276  0  0  0  0  0  0  0  0  0  21  0  0  0  0  0  48  0  0  0  0  0  0  0 
1441633816  0  0  0  0  0  0  0  0  0  4037276  0  0  0  0  0  0  0  0  0  21  0  0  0  0  0  48  0  0  0  0  0  0  0 
1441633817  0  0  0  0  0  0  0  0  0  4037276  0  0  0  0  0  0  0  0  0  21  0  0  0  0  0  48  0  0  0  0  0  0  0 
1441633817  0  0  0  0  0  0  0  0  0  4037276  0  0  0  0  0  0  0  0  0  21  0  0  0  0  0  48  0  0  0  0  0  0  0 
1441633818  0  0  0  0  0  0  0  0  0  4037276  0  0  0  0  0  0  0  0  0  21  0  0  0  0  0  48  0  0  0  0  0  0  0 
1441633818  0  0  0  0  0  0  0  0  0  4040170  0  0  0  0  0  0  0  0  0  21  0  0  0  0  0  49  0  2894  0  0  0  0  0 
1441633819  0  0  0  0  0  0  0  0  0  4040170  0  0  0  0  0  0  0  0  0  21  0  0  0  0  0  49  0  0  0  0  0  0  0 
1441633819  0  0  0  0  0  0  0  0  0  4040170  0  0  0  0  0  0  0  0  0  21  0  0  0  0  0  49  0  0  0  0  0  0  0 
1441633820  0  0  0  0  0  0  0  0  0  4040170  0  0  0  0  0  0  0  0  0  21  0  0  0  0  0  49  0  0  0  0  0  0  0 
1441633820  0  0  0  0  0  0  0  0  0  4040170  0  0  0  0  0  0  0  0  0  21  0  0  0  0  0  49  0  0  0  0  0  0  0 
1441633821  0  0  0  0  0  0  0  0  0  4040170  0  0  0  0  0  0  0  0  0  21  0  0  0  0  0  49  0  0  0  0  0  0  0 
1441633821  0  0  0  0  0  0  0  0  0  4040170  0  0  0  0  0  0  0  0  0  21  0  0  0  0  0  49  0  0  0  0  0  0  0 
1441633822  0  0  0  0  0  0  0  0  0  4040170  0  0  0  0  0  0  0  0  0  21  0  0  0  0  0  49  0  0  0  0  0  0  0 
1441633822  0  0  0  0  0  0  0  0  0  4040170  0  0  0  0  0  0  0  0  0  21  0  0  0  0  0  49  0  0  0  0  0  0  0 
1441633823  0  0  0  0  0  0  0  0  0  4040170  0  0  0  0  0  0  0  0  0  21  0  0  0  0  0  49  0  0  0  0  0  0  0 
1441633823  0  0  0  0  0  0  0  0  0  4040170  0  0  0  0  0  0  0  0  0  21  0  0  0  0  0  49  0  0  0  0  0  0  0 
1441633824  0  0  0  0  0  0  0  0  0  4040170  0  0  0  0  0  0  0  0  0  21  0  0  0  0  0  49  0  0  0  0  0  0  0 
1441633824  0  0  0  0  0  0  0  0  0  4040170  0  0  0  0  0  0  0  0  0  21  0  0  0  0  0  49  0  0  0  0  0  0  0 
1441633825  0  0  0  0  0  0  0  0  0  4040170  0  0  0  0  0  0  0  0  0  21  0  0  0  0  0  49  0  0  0  0  0  0  0 
1441633825  0  0  0  0  0  0  0  0  0  4040170  0  0  0  0  0  0  0  0  0  21  0  0  0  0  0  49  0  0  0  0  0  0  0 
1441633826  0  0  0  0  0  0  0  0  0  4040170  0  0  0  0  0  0  0  0  0  21  0  0  0  0  0  49  0  0  0  0  0  0  0 
1441633826  0  0  0  0  0  0  0  0  0  4040170  0  0  0  0  0  0  0  0  0  21  0  0  0  0  0  49  0  0  0  0  0  0  0 
1441633827  0  0  0  0  0  0  0  0  0  4040170  0  0  0  0  0  0  0  0  0  21  0  0  0  0  0  49  0  0  0  0  0  0  0 
1441633827  0  0  0  0  0  0  0  0  0  4040170  0  0  0  0  0  0  0  0  0  21  0  0  0  0  0  49  0  0  0  0  0  0  0 
1441633828  0  0  0  0  0  0  0  0  0  4040170  0  0  0  0  0  0  0  0  0  21  0  0  0  0  0  49  0  0  0  0  0  0  0 
1441633828  0  0  0  0  0  0  0  0  0  4042950  0  0  0  0  0  0  0  0  0  21  0  0  0  0  0  50  0  2780  0  0  0  0  0 
1441633829  0  0  0  0  0  0  0  0  0  4042950  0  0  0  0  0  0  0  0  0  21  0  0  0  0  0  50  0  0  0  0  0  0  0 
1441633829  0  0  0  0  0  0  0  0  0  4042950  0  0  0  0  0  0  0  0  0  21  0  0  0  0  0  50  0  0  0  0  0  0  0 
1441633830  0  0  0  0  0  0  0  0  0  4042950  0  0  0  0  0  0  0  0  0  21  0  0  0  0  0  50  0  0  0  0  0  0  0 
1441633830  0  0  0  0  0  0  0  0  0  4042950  0  0  0  0  0  0  0  0  0  21  0  0  0  0  0  50  0  0  0  0  0  0  0 
1441633831  0  0  0  0  0  0  0  0  0  4042950  0  0  0  0  0  0  0  0  0  21  0  0  0  0  0  50  0  0  0  0  0  0  0 
1441633831  0  0  0  0  0  0  0  0  0  4042950  0  0  0  0  0  0  0  0  0  21  0  0  0  0  0  50  0  0  0  0  0  0  0 
1441633832  0  0  0  0  0  0  0  0  0  4042950  0  0  0  0  0  0  0  0  0  21  0  0  0  0  0  50  0  0  0  0  0  0  0 
1441633832  0  0  0  0  0  0  0  0  0  4042950  0  0  0  0  0  0  0  0  0  21  0  0  0  0  0  50  0  0  0  0  0  0  0 
1441633833  0  0  0  0  0  0  0  0  0  4042950  0  0  0  0  0  0  0  0  0  21  0  0  0  0  0  50  0  0  0  0  0  0  0 
1441633833  0  0  0  0  0  0  0  0  0  4042950  0  0  0  0  0  0  0  0  0  21  0  0  0  0  0  50  0  0  0  0  0  0  0 
1441633834  0  0  0  0  0  0  0  0  0  4042950  0  0  0  0  0  0  0  0  0  21  0  0  0  0  0  50  0  0  0  0  0  0  0 
1441633835  0  0  0  0  0  0  0  0  0  4042950  0  0  0  0  0  0  0  0  0  21  0  0  0  0  0  50  0  0  0  0  0  0  0 
1441633835  0  0  0  0  0  0  0  0  0  4042950  0  0  0  0  0  0  0  0  0  21  0  0  0  0  0  50  0  0  0  0  0  0  0 
1441633836  0  0  0  0  0  0  0  0  0  4042950  0  0  0  0  0  0  0  0  0  21  0  0  0  0  0  50  0  0  0  0  0  0  0 
1441633836  0  0  0  0  0  0  0  0  0  4042950  0  0  0  0  0  0  0  0  0  21  0  0  0  0  0  50  0  0  0  0  0  0  0 
1441633837  0  0  0  0  0  0  0  0  0  4042950  0  0  0  0  0  0  0  0  0  21  0  0  0  0  0  50  0  0  0  0  0  0  0 
1441633837  0  0  0  0  0  0  0  0  0  4042950  0  0  0  0  0  0  0  0  0  21  0  0  0  0  0  50  0  0  0  0  0  0  0 
1441633838  0  0  0  0  0  0  0  0  0  4042950  0  0  0  0  0  0  0  0  0  21  0  0  0  0  0  50  0  0  0  0  0  0  0 
1441633838  0  0  0  0  0  0  0  0  0  4042950  0  0  0  0  0  0  0  0  0  21  0  0  0  0  0  50  0  0  0  0  0  0  0 
1441633839  0  0  0  0  0  0  0  0  0  4085800  0  0  0  0  0  0  0  0  0  21  0  0  0  0  0  50  0  42850  0  0  0  0  0 
1441633839  0  0  0  0  0  0  0  0  0  4160490  0  0  0  0  0  0  0  0  0  25  0  0  0  0  0  63  0  74690  0  0  0  0  0 
1441633840  0  0  0  0  0  0  0  0  0  4163448  0  0  0  0  0  0  0  0  0  25  0  0  0  0  0  63  0  2958  0  0  0  0  0 
