#Type:X;CI:3;ww:0;ca:0;co:0;fr:0;Type:X;CI:3;PI:0;PT:EP;U0:0;U1:0;
#time  Pp  gt  gs  cn  cm  cb  Nc  Pc  cp  Tc  Nm  pr  ps  pt  px  pd  Pm  Om  fs  ft  Oc  Em  Gp  Ec  Ge  ot  os  Total_cycles_diff  Successful_get_diff  Total_get_diff  succ_put_diff  total_put_diff  get_hit  
1441633873  0  0  0  0  0  0  0  0  0  103371  0  0  0  0  0  0  0  0  0  0  0  0  0  0  0  0  0  103371  0  0  0  0  
1441633873  0  0  0  0  0  0  0  0  0  103371  0  0  0  0  0  0  0  0  0  0  0  0  0  0  0  0  0  0  0  0  0  0  0 
1441633874  0  0  0  0  0  0  0  0  0  889634  0  0  0  0  0  0  0  0  0  0  0  0  0  0  0  0  0  786263  0  0  0  0  0 
1441633874  0  0  0  0  0  0  0  0  0  1294507  0  0  0  0  0  0  0  0  0  0  0  0  0  0  0  0  0  404873  0  0  0  0  0 
1441633875  0  0  0  0  0  0  0  0  0  1510466  0  0  0  0  0  0  0  0  0  0  0  0  0  0  0  0  0  215959  0  0  0  0  0 
1441633875  0  0  0  0  0  0  0  0  0  1831103  0  0  0  0  0  0  0  0  0  0  0  0  0  0  0  0  0  320637  0  0  0  0  0 
1441633876  0  0  0  0  0  0  0  0  0  2163595  0  0  0  0  0  0  0  0  0  13  0  0  0  0  0  38  0  332492  0  0  0  0  0 
1441633876  0  0  0  0  0  0  0  0  0  2163595  0  0  0  0  0  0  0  0  0  13  0  0  0  0  0  38  0  0  0  0  0  0  0 
1441633877  0  0  0  0  0  0  0  0  0  3067589  0  0  0  0  0  0  0  0  0  15  0  0  0  0  0  41  0  903994  0  0  0  0  0 
1441633877  0  0  0  0  0  0  0  0  0  3720119  0  0  0  0  0  0  0  0  0  21  0  0  0  0  0  46  0  652530  0  0  0  0  0 
1441633878  0  0  0  0  0  0  0  0  0  3818462  0  0  0  0  0  0  0  0  0  21  0  0  0  0  0  46  0  98343  0  0  0  0  0 
1441633878  0  0  0  0  0  0  0  0  0  3818462  0  0  0  0  0  0  0  0  0  21  0  0  0  0  0  46  0  0  0  0  0  0  0 
1441633879  0  0  0  0  0  0  0  0  0  3818462  0  0  0  0  0  0  0  0  0  21  0  0  0  0  0  46  0  0  0  0  0  0  0 
1441633879  0  0  0  0  0  0  0  0  0  3818462  0  0  0  0  0  0  0  0  0  21  0  0  0  0  0  46  0  0  0  0  0  0  0 
1441633880  0  0  0  0  0  0  0  0  0  3818462  0  0  0  0  0  0  0  0  0  21  0  0  0  0  0  46  0  0  0  0  0  0  0 
1441633880  0  0  0  0  0  0  0  0  0  3818462  0  0  0  0  0  0  0  0  0  21  0  0  0  0  0  46  0  0  0  0  0  0  0 
1441633881  0  0  0  0  0  0  0  0  0  3818462  0  0  0  0  0  0  0  0  0  21  0  0  0  0  0  46  0  0  0  0  0  0  0 
1441633881  0  0  0  0  0  0  0  0  0  3818462  0  0  0  0  0  0  0  0  0  21  0  0  0  0  0  46  0  0  0  0  0  0  0 
1441633882  0  0  0  0  0  0  0  0  0  3818462  0  0  0  0  0  0  0  0  0  21  0  0  0  0  0  46  0  0  0  0  0  0  0 
1441633882  0  0  0  0  0  0  0  0  0  3818462  0  0  0  0  0  0  0  0  0  21  0  0  0  0  0  46  0  0  0  0  0  0  0 
1441633883  0  0  0  0  0  0  0  0  0  3818462  0  0  0  0  0  0  0  0  0  21  0  0  0  0  0  46  0  0  0  0  0  0  0 
1441633883  0  0  0  0  0  0  0  0  0  3818462  0  0  0  0  0  0  0  0  0  21  0  0  0  0  0  46  0  0  0  0  0  0  0 
1441633884  0  0  0  0  0  0  0  0  0  3818462  0  0  0  0  0  0  0  0  0  21  0  0  0  0  0  46  0  0  0  0  0  0  0 
1441633884  0  0  0  0  0  0  0  0  0  3818462  0  0  0  0  0  0  0  0  0  21  0  0  0  0  0  46  0  0  0  0  0  0  0 
1441633885  0  0  0  0  0  0  0  0  0  3818462  0  0  0  0  0  0  0  0  0  21  0  0  0  0  0  46  0  0  0  0  0  0  0 
1441633885  0  0  0  0  0  0  0  0  0  3818462  0  0  0  0  0  0  0  0  0  21  0  0  0  0  0  46  0  0  0  0  0  0  0 
1441633886  0  0  0  0  0  0  0  0  0  3818462  0  0  0  0  0  0  0  0  0  21  0  0  0  0  0  46  0  0  0  0  0  0  0 
1441633886  0  0  0  0  0  0  0  0  0  3818462  0  0  0  0  0  0  0  0  0  21  0  0  0  0  0  46  0  0  0  0  0  0  0 
1441633887  0  0  0  0  0  0  0  0  0  3818462  0  0  0  0  0  0  0  0  0  21  0  0  0  0  0  46  0  0  0  0  0  0  0 
1441633888  0  0  0  0  0  0  0  0  0  3818462  0  0  0  0  0  0  0  0  0  21  0  0  0  0  0  46  0  0  0  0  0  0  0 
1441633888  0  0  0  0  0  0  0  0  0  3818462  0  0  0  0  0  0  0  0  0  21  0  0  0  0  0  46  0  0  0  0  0  0  0 
1441633889  0  0  0  0  0  0  0  0  0  3818462  0  0  0  0  0  0  0  0  0  21  0  0  0  0  0  46  0  0  0  0  0  0  0 
1441633889  0  0  0  0  0  0  0  0  0  3818462  0  0  0  0  0  0  0  0  0  21  0  0  0  0  0  46  0  0  0  0  0  0  0 
1441633890  0  0  0  0  0  0  0  0  0  3818462  0  0  0  0  0  0  0  0  0  21  0  0  0  0  0  46  0  0  0  0  0  0  0 
1441633890  0  0  0  0  0  0  0  0  0  3818462  0  0  0  0  0  0  0  0  0  21  0  0  0  0  0  46  0  0  0  0  0  0  0 
1441633891  0  0  0  0  0  0  0  0  0  3818462  0  0  0  0  0  0  0  0  0  21  0  0  0  0  0  46  0  0  0  0  0  0  0 
1441633891  0  0  0  0  0  0  0  0  0  3818462  0  0  0  0  0  0  0  0  0  21  0  0  0  0  0  46  0  0  0  0  0  0  0 
1441633892  0  0  0  0  0  0  0  0  0  3818462  0  0  0  0  0  0  0  0  0  21  0  0  0  0  0  46  0  0  0  0  0  0  0 
1441633892  0  0  0  0  0  0  0  0  0  3818462  0  0  0  0  0  0  0  0  0  21  0  0  0  0  0  46  0  0  0  0  0  0  0 
1441633893  0  0  0  0  0  0  0  0  0  3818462  0  0  0  0  0  0  0  0  0  21  0  0  0  0  0  46  0  0  0  0  0  0  0 
1441633893  0  0  0  0  0  0  0  0  0  3818462  0  0  0  0  0  0  0  0  0  21  0  0  0  0  0  46  0  0  0  0  0  0  0 
1441633894  0  0  0  0  0  0  0  0  0  3818462  0  0  0  0  0  0  0  0  0  21  0  0  0  0  0  46  0  0  0  0  0  0  0 
1441633894  0  0  0  0  0  0  0  0  0  3818462  0  0  0  0  0  0  0  0  0  21  0  0  0  0  0  46  0  0  0  0  0  0  0 
1441633895  0  0  0  0  0  0  0  0  0  3818462  0  0  0  0  0  0  0  0  0  21  0  0  0  0  0  46  0  0  0  0  0  0  0 
1441633895  0  0  0  0  0  0  0  0  0  3818462  0  0  0  0  0  0  0  0  0  21  0  0  0  0  0  46  0  0  0  0  0  0  0 
1441633896  0  0  0  0  0  0  0  0  0  3818462  0  0  0  0  0  0  0  0  0  21  0  0  0  0  0  46  0  0  0  0  0  0  0 
1441633896  0  0  0  0  0  0  0  0  0  3818462  0  0  0  0  0  0  0  0  0  21  0  0  0  0  0  46  0  0  0  0  0  0  0 
1441633897  0  0  0  0  0  0  0  0  0  3818462  0  0  0  0  0  0  0  0  0  21  0  0  0  0  0  46  0  0  0  0  0  0  0 
1441633897  0  0  0  0  0  0  0  0  0  3818462  0  0  0  0  0  0  0  0  0  21  0  0  0  0  0  46  0  0  0  0  0  0  0 
1441633898  0  0  0  0  0  0  0  0  0  3818462  0  0  0  0  0  0  0  0  0  21  0  0  0  0  0  46  0  0  0  0  0  0  0 
1441633898  0  0  0  0  0  0  0  0  0  3818462  0  0  0  0  0  0  0  0  0  21  0  0  0  0  0  46  0  0  0  0  0  0  0 
1441633899  0  0  0  0  0  0  0  0  0  3818462  0  0  0  0  0  0  0  0  0  21  0  0  0  0  0  46  0  0  0  0  0  0  0 
1441633899  0  0  0  0  0  0  0  0  0  3818462  0  0  0  0  0  0  0  0  0  21  0  0  0  0  0  46  0  0  0  0  0  0  0 
1441633900  0  0  0  0  0  0  0  0  0  3818462  0  0  0  0  0  0  0  0  0  21  0  0  0  0  0  46  0  0  0  0  0  0  0 
1441633900  0  0  0  0  0  0  0  0  0  3818462  0  0  0  0  0  0  0  0  0  21  0  0  0  0  0  46  0  0  0  0  0  0  0 
1441633901  0  0  0  0  0  0  0  0  0  3818462  0  0  0  0  0  0  0  0  0  21  0  0  0  0  0  46  0  0  0  0  0  0  0 
1441633901  0  0  0  0  0  0  0  0  0  3818462  0  0  0  0  0  0  0  0  0  21  0  0  0  0  0  46  0  0  0  0  0  0  0 
1441633902  0  0  0  0  0  0  0  0  0  3818462  0  0  0  0  0  0  0  0  0  21  0  0  0  0  0  46  0  0  0  0  0  0  0 
1441633902  0  0  0  0  0  0  0  0  0  3818462  0  0  0  0  0  0  0  0  0  21  0  0  0  0  0  46  0  0  0  0  0  0  0 
1441633903  0  0  0  0  0  0  0  0  0  3818462  0  0  0  0  0  0  0  0  0  21  0  0  0  0  0  46  0  0  0  0  0  0  0 
1441633903  0  0  0  0  0  0  0  0  0  3818462  0  0  0  0  0  0  0  0  0  21  0  0  0  0  0  46  0  0  0  0  0  0  0 
1441633904  0  0  0  0  0  0  0  0  0  3818462  0  0  0  0  0  0  0  0  0  21  0  0  0  0  0  46  0  0  0  0  0  0  0 
1441633904  0  0  0  0  0  0  0  0  0  3818462  0  0  0  0  0  0  0  0  0  21  0  0  0  0  0  46  0  0  0  0  0  0  0 
1441633905  0  0  0  0  0  0  0  0  0  3818462  0  0  0  0  0  0  0  0  0  21  0  0  0  0  0  46  0  0  0  0  0  0  0 
1441633905  0  0  0  0  0  0  0  0  0  3818462  0  0  0  0  0  0  0  0  0  21  0  0  0  0  0  46  0  0  0  0  0  0  0 
1441633906  0  0  0  0  0  0  0  0  0  3818462  0  0  0  0  0  0  0  0  0  21  0  0  0  0  0  46  0  0  0  0  0  0  0 
1441633906  0  0  0  0  0  0  0  0  0  3818462  0  0  0  0  0  0  0  0  0  21  0  0  0  0  0  46  0  0  0  0  0  0  0 
1441633907  0  0  0  0  0  0  0  0  0  3818462  0  0  0  0  0  0  0  0  0  21  0  0  0  0  0  46  0  0  0  0  0  0  0 
1441633907  0  0  0  0  0  0  0  0  0  3818462  0  0  0  0  0  0  0  0  0  21  0  0  0  0  0  46  0  0  0  0  0  0  0 
1441633908  0  0  0  0  0  0  0  0  0  3818462  0  0  0  0  0  0  0  0  0  21  0  0  0  0  0  46  0  0  0  0  0  0  0 
1441633908  0  0  0  0  0  0  0  0  0  3818462  0  0  0  0  0  0  0  0  0  21  0  0  0  0  0  46  0  0  0  0  0  0  0 
1441633909  0  0  0  0  0  0  0  0  0  3818462  0  0  0  0  0  0  0  0  0  21  0  0  0  0  0  46  0  0  0  0  0  0  0 
1441633909  0  0  0  0  0  0  0  0  0  3818462  0  0  0  0  0  0  0  0  0  21  0  0  0  0  0  46  0  0  0  0  0  0  0 
1441633910  0  0  0  0  0  0  0  0  0  3818462  0  0  0  0  0  0  0  0  0  21  0  0  0  0  0  46  0  0  0  0  0  0  0 
1441633910  0  0  0  0  0  0  0  0  0  3818462  0  0  0  0  0  0  0  0  0  21  0  0  0  0  0  46  0  0  0  0  0  0  0 
1441633911  0  0  0  0  0  0  0  0  0  3818462  0  0  0  0  0  0  0  0  0  21  0  0  0  0  0  46  0  0  0  0  0  0  0 
1441633911  0  0  0  0  0  0  0  0  0  3818462  0  0  0  0  0  0  0  0  0  21  0  0  0  0  0  46  0  0  0  0  0  0  0 
1441633912  0  0  0  0  0  0  0  0  0  3818462  0  0  0  0  0  0  0  0  0  21  0  0  0  0  0  46  0  0  0  0  0  0  0 
1441633912  0  0  0  0  0  0  0  0  0  3818462  0  0  0  0  0  0  0  0  0  21  0  0  0  0  0  46  0  0  0  0  0  0  0 
1441633913  0  0  0  0  0  0  0  0  0  3818462  0  0  0  0  0  0  0  0  0  21  0  0  0  0  0  46  0  0  0  0  0  0  0 
1441633913  0  0  0  0  0  0  0  0  0  3818462  0  0  0  0  0  0  0  0  0  21  0  0  0  0  0  46  0  0  0  0  0  0  0 
1441633914  0  0  0  0  0  0  0  0  0  3818462  0  0  0  0  0  0  0  0  0  21  0  0  0  0  0  46  0  0  0  0  0  0  0 
1441633914  0  0  0  0  0  0  0  0  0  3818462  0  0  0  0  0  0  0  0  0  21  0  0  0  0  0  46  0  0  0  0  0  0  0 
1441633915  0  0  0  0  0  0  0  0  0  3818462  0  0  0  0  0  0  0  0  0  21  0  0  0  0  0  46  0  0  0  0  0  0  0 
1441633916  0  0  0  0  0  0  0  0  0  3818462  0  0  0  0  0  0  0  0  0  21  0  0  0  0  0  46  0  0  0  0  0  0  0 
1441633916  0  0  0  0  0  0  0  0  0  3818462  0  0  0  0  0  0  0  0  0  21  0  0  0  0  0  46  0  0  0  0  0  0  0 
1441633917  0  0  0  0  0  0  0  0  0  3818462  0  0  0  0  0  0  0  0  0  21  0  0  0  0  0  46  0  0  0  0  0  0  0 
1441633917  0  0  0  0  0  0  0  0  0  3818462  0  0  0  0  0  0  0  0  0  21  0  0  0  0  0  46  0  0  0  0  0  0  0 
1441633918  0  0  0  0  0  0  0  0  0  3818462  0  0  0  0  0  0  0  0  0  21  0  0  0  0  0  46  0  0  0  0  0  0  0 
1441633918  0  0  0  0  0  0  0  0  0  3818462  0  0  0  0  0  0  0  0  0  21  0  0  0  0  0  46  0  0  0  0  0  0  0 
1441633919  0  0  0  0  0  0  0  0  0  3818462  0  0  0  0  0  0  0  0  0  21  0  0  0  0  0  46  0  0  0  0  0  0  0 
1441633919  0  0  0  0  0  0  0  0  0  3818462  0  0  0  0  0  0  0  0  0  21  0  0  0  0  0  46  0  0  0  0  0  0  0 
1441633920  0  0  0  0  0  0  0  0  0  3818462  0  0  0  0  0  0  0  0  0  21  0  0  0  0  0  46  0  0  0  0  0  0  0 
1441633920  0  0  0  0  0  0  0  0  0  3818462  0  0  0  0  0  0  0  0  0  21  0  0  0  0  0  46  0  0  0  0  0  0  0 
1441633921  0  0  0  0  0  0  0  0  0  3818462  0  0  0  0  0  0  0  0  0  21  0  0  0  0  0  46  0  0  0  0  0  0  0 
1441633921  0  0  0  0  0  0  0  0  0  3818462  0  0  0  0  0  0  0  0  0  21  0  0  0  0  0  46  0  0  0  0  0  0  0 
1441633922  0  0  0  0  0  0  0  0  0  3818462  0  0  0  0  0  0  0  0  0  21  0  0  0  0  0  46  0  0  0  0  0  0  0 
1441633922  0  0  0  0  0  0  0  0  0  3818462  0  0  0  0  0  0  0  0  0  21  0  0  0  0  0  46  0  0  0  0  0  0  0 
1441633923  0  0  0  0  0  0  0  0  0  3818462  0  0  0  0  0  0  0  0  0  21  0  0  0  0  0  46  0  0  0  0  0  0  0 
1441633923  0  0  0  0  0  0  0  0  0  3818462  0  0  0  0  0  0  0  0  0  21  0  0  0  0  0  46  0  0  0  0  0  0  0 
1441633924  0  0  0  0  0  0  0  0  0  3818462  0  0  0  0  0  0  0  0  0  21  0  0  0  0  0  46  0  0  0  0  0  0  0 
1441633924  0  0  0  0  0  0  0  0  0  3818462  0  0  0  0  0  0  0  0  0  21  0  0  0  0  0  46  0  0  0  0  0  0  0 
1441633925  0  0  0  0  0  0  0  0  0  3818462  0  0  0  0  0  0  0  0  0  21  0  0  0  0  0  46  0  0  0  0  0  0  0 
1441633925  0  0  0  0  0  0  0  0  0  3818462  0  0  0  0  0  0  0  0  0  21  0  0  0  0  0  46  0  0  0  0  0  0  0 
1441633926  0  0  0  0  0  0  0  0  0  3818462  0  0  0  0  0  0  0  0  0  21  0  0  0  0  0  46  0  0  0  0  0  0  0 
1441633926  0  0  0  0  0  0  0  0  0  3818462  0  0  0  0  0  0  0  0  0  21  0  0  0  0  0  46  0  0  0  0  0  0  0 
1441633927  0  0  0  0  0  0  0  0  0  3818462  0  0  0  0  0  0  0  0  0  21  0  0  0  0  0  46  0  0  0  0  0  0  0 
1441633927  0  0  0  0  0  0  0  0  0  3818462  0  0  0  0  0  0  0  0  0  21  0  0  0  0  0  46  0  0  0  0  0  0  0 
1441633928  0  0  0  0  0  0  0  0  0  3818462  0  0  0  0  0  0  0  0  0  21  0  0  0  0  0  46  0  0  0  0  0  0  0 
1441633928  0  0  0  0  0  0  0  0  0  3818462  0  0  0  0  0  0  0  0  0  21  0  0  0  0  0  46  0  0  0  0  0  0  0 
1441633929  0  0  0  0  0  0  0  0  0  3818462  0  0  0  0  0  0  0  0  0  21  0  0  0  0  0  46  0  0  0  0  0  0  0 
1441633929  0  0  0  0  0  0  0  0  0  3818462  0  0  0  0  0  0  0  0  0  21  0  0  0  0  0  46  0  0  0  0  0  0  0 
1441633930  0  0  0  0  0  0  0  0  0  3818462  0  0  0  0  0  0  0  0  0  21  0  0  0  0  0  46  0  0  0  0  0  0  0 
1441633930  0  0  0  0  0  0  0  0  0  3826059  0  0  0  0  0  0  0  0  0  21  0  0  0  0  0  47  0  7597  0  0  0  0  0 
1441633931  0  0  0  0  0  0  0  0  0  3826059  0  0  0  0  0  0  0  0  0  21  0  0  0  0  0  47  0  0  0  0  0  0  0 
1441633931  0  0  0  0  0  0  0  0  0  3826059  0  0  0  0  0  0  0  0  0  21  0  0  0  0  0  47  0  0  0  0  0  0  0 
1441633932  0  0  0  0  0  0  0  0  0  3826059  0  0  0  0  0  0  0  0  0  21  0  0  0  0  0  47  0  0  0  0  0  0  0 
1441633932  0  0  0  0  0  0  0  0  0  3826059  0  0  0  0  0  0  0  0  0  21  0  0  0  0  0  47  0  0  0  0  0  0  0 
1441633933  0  0  0  0  0  0  0  0  0  3826059  0  0  0  0  0  0  0  0  0  21  0  0  0  0  0  47  0  0  0  0  0  0  0 
1441633933  0  0  0  0  0  0  0  0  0  3826059  0  0  0  0  0  0  0  0  0  21  0  0  0  0  0  47  0  0  0  0  0  0  0 
1441633934  0  0  0  0  0  0  0  0  0  3826059  0  0  0  0  0  0  0  0  0  21  0  0  0  0  0  47  0  0  0  0  0  0  0 
1441633934  0  0  0  0  0  0  0  0  0  3826059  0  0  0  0  0  0  0  0  0  21  0  0  0  0  0  47  0  0  0  0  0  0  0 
1441633935  0  0  0  0  0  0  0  0  0  3826059  0  0  0  0  0  0  0  0  0  21  0  0  0  0  0  47  0  0  0  0  0  0  0 
1441633935  0  0  0  0  0  0  0  0  0  3826059  0  0  0  0  0  0  0  0  0  21  0  0  0  0  0  47  0  0  0  0  0  0  0 
1441633936  0  0  0  0  0  0  0  0  0  3826059  0  0  0  0  0  0  0  0  0  21  0  0  0  0  0  47  0  0  0  0  0  0  0 
1441633936  0  0  0  0  0  0  0  0  0  3826059  0  0  0  0  0  0  0  0  0  21  0  0  0  0  0  47  0  0  0  0  0  0  0 
1441633937  0  0  0  0  0  0  0  0  0  3826059  0  0  0  0  0  0  0  0  0  21  0  0  0  0  0  47  0  0  0  0  0  0  0 
1441633937  0  0  0  0  0  0  0  0  0  3826059  0  0  0  0  0  0  0  0  0  21  0  0  0  0  0  47  0  0  0  0  0  0  0 
1441633938  0  0  0  0  0  0  0  0  0  3826059  0  0  0  0  0  0  0  0  0  21  0  0  0  0  0  47  0  0  0  0  0  0  0 
1441633938  0  0  0  0  0  0  0  0  0  3826059  0  0  0  0  0  0  0  0  0  21  0  0  0  0  0  47  0  0  0  0  0  0  0 
1441633939  0  0  0  0  0  0  0  0  0  3826059  0  0  0  0  0  0  0  0  0  21  0  0  0  0  0  47  0  0  0  0  0  0  0 
1441633939  0  0  0  0  0  0  0  0  0  3826059  0  0  0  0  0  0  0  0  0  21  0  0  0  0  0  47  0  0  0  0  0  0  0 
1441633940  0  0  0  0  0  0  0  0  0  3826059  0  0  0  0  0  0  0  0  0  21  0  0  0  0  0  47  0  0  0  0  0  0  0 
1441633940  0  0  0  0  0  0  0  0  0  3828742  0  0  0  0  0  0  0  0  0  21  0  0  0  0  0  48  0  2683  0  0  0  0  0 
1441633941  0  0  0  0  0  0  0  0  0  3828742  0  0  0  0  0  0  0  0  0  21  0  0  0  0  0  48  0  0  0  0  0  0  0 
1441633941  0  0  0  0  0  0  0  0  0  3828742  0  0  0  0  0  0  0  0  0  21  0  0  0  0  0  48  0  0  0  0  0  0  0 
1441633942  0  0  0  0  0  0  0  0  0  3828742  0  0  0  0  0  0  0  0  0  21  0  0  0  0  0  48  0  0  0  0  0  0  0 
1441633942  0  0  0  0  0  0  0  0  0  3828742  0  0  0  0  0  0  0  0  0  21  0  0  0  0  0  48  0  0  0  0  0  0  0 
1441633943  0  0  0  0  0  0  0  0  0  3828742  0  0  0  0  0  0  0  0  0  21  0  0  0  0  0  48  0  0  0  0  0  0  0 
1441633943  0  0  0  0  0  0  0  0  0  3828742  0  0  0  0  0  0  0  0  0  21  0  0  0  0  0  48  0  0  0  0  0  0  0 
1441633944  0  0  0  0  0  0  0  0  0  3828742  0  0  0  0  0  0  0  0  0  21  0  0  0  0  0  48  0  0  0  0  0  0  0 
1441633944  0  0  0  0  0  0  0  0  0  3828742  0  0  0  0  0  0  0  0  0  21  0  0  0  0  0  48  0  0  0  0  0  0  0 
1441633945  0  0  0  0  0  0  0  0  0  3828742  0  0  0  0  0  0  0  0  0  21  0  0  0  0  0  48  0  0  0  0  0  0  0 
1441633945  0  0  0  0  0  0  0  0  0  3828742  0  0  0  0  0  0  0  0  0  21  0  0  0  0  0  48  0  0  0  0  0  0  0 
1441633946  0  0  0  0  0  0  0  0  0  3828742  0  0  0  0  0  0  0  0  0  21  0  0  0  0  0  48  0  0  0  0  0  0  0 
1441633946  0  0  0  0  0  0  0  0  0  3828742  0  0  0  0  0  0  0  0  0  21  0  0  0  0  0  48  0  0  0  0  0  0  0 
1441633947  0  0  0  0  0  0  0  0  0  3828742  0  0  0  0  0  0  0  0  0  21  0  0  0  0  0  48  0  0  0  0  0  0  0 
1441633947  0  0  0  0  0  0  0  0  0  3828742  0  0  0  0  0  0  0  0  0  21  0  0  0  0  0  48  0  0  0  0  0  0  0 
1441633948  0  0  0  0  0  0  0  0  0  3828742  0  0  0  0  0  0  0  0  0  21  0  0  0  0  0  48  0  0  0  0  0  0  0 
1441633948  0  0  0  0  0  0  0  0  0  3828742  0  0  0  0  0  0  0  0  0  21  0  0  0  0  0  48  0  0  0  0  0  0  0 
1441633949  0  0  0  0  0  0  0  0  0  3828742  0  0  0  0  0  0  0  0  0  21  0  0  0  0  0  48  0  0  0  0  0  0  0 
1441633949  0  0  0  0  0  0  0  0  0  3828742  0  0  0  0  0  0  0  0  0  21  0  0  0  0  0  48  0  0  0  0  0  0  0 
1441633950  0  0  0  0  0  0  0  0  0  3828742  0  0  0  0  0  0  0  0  0  21  0  0  0  0  0  48  0  0  0  0  0  0  0 
1441633950  0  0  0  0  0  0  0  0  0  3831960  0  0  0  0  0  0  0  0  0  21  0  0  0  0  0  49  0  3218  0  0  0  0  0 
1441633951  0  0  0  0  0  0  0  0  0  3831960  0  0  0  0  0  0  0  0  0  21  0  0  0  0  0  49  0  0  0  0  0  0  0 
1441633951  0  0  0  0  0  0  0  0  0  3831960  0  0  0  0  0  0  0  0  0  21  0  0  0  0  0  49  0  0  0  0  0  0  0 
1441633952  0  0  0  0  0  0  0  0  0  3831960  0  0  0  0  0  0  0  0  0  21  0  0  0  0  0  49  0  0  0  0  0  0  0 
1441633952  0  0  0  0  0  0  0  0  0  3831960  0  0  0  0  0  0  0  0  0  21  0  0  0  0  0  49  0  0  0  0  0  0  0 
1441633953  0  0  0  0  0  0  0  0  0  3831960  0  0  0  0  0  0  0  0  0  21  0  0  0  0  0  49  0  0  0  0  0  0  0 
1441633953  0  0  0  0  0  0  0  0  0  3831960  0  0  0  0  0  0  0  0  0  21  0  0  0  0  0  49  0  0  0  0  0  0  0 
1441633954  0  0  0  0  0  0  0  0  0  3831960  0  0  0  0  0  0  0  0  0  21  0  0  0  0  0  49  0  0  0  0  0  0  0 
1441633954  0  0  0  0  0  0  0  0  0  3831960  0  0  0  0  0  0  0  0  0  21  0  0  0  0  0  49  0  0  0  0  0  0  0 
1441633955  0  0  0  0  0  0  0  0  0  3831960  0  0  0  0  0  0  0  0  0  21  0  0  0  0  0  49  0  0  0  0  0  0  0 
1441633955  0  0  0  0  0  0  0  0  0  3831960  0  0  0  0  0  0  0  0  0  21  0  0  0  0  0  49  0  0  0  0  0  0  0 
1441633956  0  0  0  0  0  0  0  0  0  3831960  0  0  0  0  0  0  0  0  0  21  0  0  0  0  0  49  0  0  0  0  0  0  0 
1441633956  0  0  0  0  0  0  0  0  0  3831960  0  0  0  0  0  0  0  0  0  21  0  0  0  0  0  49  0  0  0  0  0  0  0 
1441633957  0  0  0  0  0  0  0  0  0  3831960  0  0  0  0  0  0  0  0  0  21  0  0  0  0  0  49  0  0  0  0  0  0  0 
1441633957  0  0  0  0  0  0  0  0  0  3831960  0  0  0  0  0  0  0  0  0  21  0  0  0  0  0  49  0  0  0  0  0  0  0 
1441633958  0  0  0  0  0  0  0  0  0  3831960  0  0  0  0  0  0  0  0  0  21  0  0  0  0  0  49  0  0  0  0  0  0  0 
1441633959  0  0  0  0  0  0  0  0  0  3831960  0  0  0  0  0  0  0  0  0  21  0  0  0  0  0  49  0  0  0  0  0  0  0 
1441633959  0  0  0  0  0  0  0  0  0  3831960  0  0  0  0  0  0  0  0  0  21  0  0  0  0  0  49  0  0  0  0  0  0  0 
1441633960  0  0  0  0  0  0  0  0  0  3831960  0  0  0  0  0  0  0  0  0  21  0  0  0  0  0  49  0  0  0  0  0  0  0 
1441633960  0  0  0  0  0  0  0  0  0  3831960  0  0  0  0  0  0  0  0  0  21  0  0  0  0  0  49  0  0  0  0  0  0  0 
1441633961  0  0  0  0  0  0  0  0  0  3834640  0  0  0  0  0  0  0  0  0  21  0  0  0  0  0  50  0  2680  0  0  0  0  0 
1441633961  0  0  0  0  0  0  0  0  0  3834640  0  0  0  0  0  0  0  0  0  21  0  0  0  0  0  50  0  0  0  0  0  0  0 
1441633962  0  0  0  0  0  0  0  0  0  3834640  0  0  0  0  0  0  0  0  0  21  0  0  0  0  0  50  0  0  0  0  0  0  0 
1441633962  0  0  0  0  0  0  0  0  0  3834640  0  0  0  0  0  0  0  0  0  21  0  0  0  0  0  50  0  0  0  0  0  0  0 
1441633963  0  0  0  0  0  0  0  0  0  3834640  0  0  0  0  0  0  0  0  0  21  0  0  0  0  0  50  0  0  0  0  0  0  0 
1441633963  0  0  0  0  0  0  0  0  0  3834640  0  0  0  0  0  0  0  0  0  21  0  0  0  0  0  50  0  0  0  0  0  0  0 
1441633964  0  0  0  0  0  0  0  0  0  3834640  0  0  0  0  0  0  0  0  0  21  0  0  0  0  0  50  0  0  0  0  0  0  0 
1441633964  0  0  0  0  0  0  0  0  0  3834640  0  0  0  0  0  0  0  0  0  21  0  0  0  0  0  50  0  0  0  0  0  0  0 
1441633965  0  0  0  0  0  0  0  0  0  3834640  0  0  0  0  0  0  0  0  0  21  0  0  0  0  0  50  0  0  0  0  0  0  0 
1441633965  0  0  0  0  0  0  0  0  0  3834640  0  0  0  0  0  0  0  0  0  21  0  0  0  0  0  50  0  0  0  0  0  0  0 
1441633966  0  0  0  0  0  0  0  0  0  3834640  0  0  0  0  0  0  0  0  0  21  0  0  0  0  0  50  0  0  0  0  0  0  0 
1441633966  0  0  0  0  0  0  0  0  0  3834640  0  0  0  0  0  0  0  0  0  21  0  0  0  0  0  50  0  0  0  0  0  0  0 
1441633967  0  0  0  0  0  0  0  0  0  3834640  0  0  0  0  0  0  0  0  0  21  0  0  0  0  0  50  0  0  0  0  0  0  0 
1441633967  0  0  0  0  0  0  0  0  0  3834640  0  0  0  0  0  0  0  0  0  21  0  0  0  0  0  50  0  0  0  0  0  0  0 
1441633968  0  0  0  0  0  0  0  0  0  3834640  0  0  0  0  0  0  0  0  0  21  0  0  0  0  0  50  0  0  0  0  0  0  0 
1441633968  0  0  0  0  0  0  0  0  0  3834640  0  0  0  0  0  0  0  0  0  21  0  0  0  0  0  50  0  0  0  0  0  0  0 
1441633969  0  0  0  0  0  0  0  0  0  3834640  0  0  0  0  0  0  0  0  0  21  0  0  0  0  0  50  0  0  0  0  0  0  0 
1441633969  0  0  0  0  0  0  0  0  0  3834640  0  0  0  0  0  0  0  0  0  21  0  0  0  0  0  50  0  0  0  0  0  0  0 
1441633970  0  0  0  0  0  0  0  0  0  3834640  0  0  0  0  0  0  0  0  0  21  0  0  0  0  0  50  0  0  0  0  0  0  0 
1441633970  0  0  0  0  0  0  0  0  0  3834640  0  0  0  0  0  0  0  0  0  21  0  0  0  0  0  50  0  0  0  0  0  0  0 
1441633971  0  0  0  0  0  0  0  0  0  3837371  0  0  0  0  0  0  0  0  0  21  0  0  0  0  0  51  0  2731  0  0  0  0  0 
1441633971  0  0  0  0  0  0  0  0  0  3837371  0  0  0  0  0  0  0  0  0  21  0  0  0  0  0  51  0  0  0  0  0  0  0 
1441633972  0  0  0  0  0  0  0  0  0  3837371  0  0  0  0  0  0  0  0  0  21  0  0  0  0  0  51  0  0  0  0  0  0  0 
1441633972  0  0  0  0  0  0  0  0  0  3837371  0  0  0  0  0  0  0  0  0  21  0  0  0  0  0  51  0  0  0  0  0  0  0 
1441633973  0  0  0  0  0  0  0  0  0  3837371  0  0  0  0  0  0  0  0  0  21  0  0  0  0  0  51  0  0  0  0  0  0  0 
1441633973  0  0  0  0  0  0  0  0  0  3837371  0  0  0  0  0  0  0  0  0  21  0  0  0  0  0  51  0  0  0  0  0  0  0 
1441633974  0  0  0  0  0  0  0  0  0  3837371  0  0  0  0  0  0  0  0  0  21  0  0  0  0  0  51  0  0  0  0  0  0  0 
1441633974  0  0  0  0  0  0  0  0  0  3837371  0  0  0  0  0  0  0  0  0  21  0  0  0  0  0  51  0  0  0  0  0  0  0 
1441633975  0  0  0  0  0  0  0  0  0  3837371  0  0  0  0  0  0  0  0  0  21  0  0  0  0  0  51  0  0  0  0  0  0  0 
1441633975  0  0  0  0  0  0  0  0  0  3837371  0  0  0  0  0  0  0  0  0  21  0  0  0  0  0  51  0  0  0  0  0  0  0 
1441633976  0  0  0  0  0  0  0  0  0  3837371  0  0  0  0  0  0  0  0  0  21  0  0  0  0  0  51  0  0  0  0  0  0  0 
1441633976  0  0  0  0  0  0  0  0  0  3837371  0  0  0  0  0  0  0  0  0  21  0  0  0  0  0  51  0  0  0  0  0  0  0 
1441633977  0  0  0  0  0  0  0  0  0  3837371  0  0  0  0  0  0  0  0  0  21  0  0  0  0  0  51  0  0  0  0  0  0  0 
1441633977  0  0  0  0  0  0  0  0  0  3837371  0  0  0  0  0  0  0  0  0  21  0  0  0  0  0  51  0  0  0  0  0  0  0 
1441633978  0  0  0  0  0  0  0  0  0  3837371  0  0  0  0  0  0  0  0  0  21  0  0  0  0  0  51  0  0  0  0  0  0  0 
1441633978  0  0  0  0  0  0  0  0  0  3837371  0  0  0  0  0  0  0  0  0  21  0  0  0  0  0  51  0  0  0  0  0  0  0 
1441633979  0  0  0  0  0  0  0  0  0  3837371  0  0  0  0  0  0  0  0  0  21  0  0  0  0  0  51  0  0  0  0  0  0  0 
1441633979  0  0  0  0  0  0  0  0  0  3837371  0  0  0  0  0  0  0  0  0  21  0  0  0  0  0  51  0  0  0  0  0  0  0 
1441633980  0  0  0  0  0  0  0  0  0  3837371  0  0  0  0  0  0  0  0  0  21  0  0  0  0  0  51  0  0  0  0  0  0  0 
1441633980  0  0  0  0  0  0  0  0  0  3837371  0  0  0  0  0  0  0  0  0  21  0  0  0  0  0  51  0  0  0  0  0  0  0 
1441633981  0  0  0  0  0  0  0  0  0  3909879  0  0  0  0  0  0  0  0  0  25  0  0  0  0  0  64  0  72508  0  0  0  0  0 
1441633981  0  0  0  0  0  0  0  0  0  3919489  0  0  0  0  0  0  0  0  0  25  0  0  0  0  0  64  0  9610  0  0  0  0  0 
1441633982  0  0  0  0  0  0  0  0  0  3919489  0  0  0  0  0  0  0  0  0  25  0  0  0  0  0  64  0  0  0  0  0  0  0 
1441633982  0  0  0  0  0  0  0  0  0  3919489  0  0  0  0  0  0  0  0  0  25  0  0  0  0  0  64  0  0  0  0  0  0  0 
