#Type:X;CI:9;ww:0;ca:0;co:0;fr:0;Type:X;CI:9;PI:0;PT:EP;U0:0;U1:0;
#time  Pp  gt  gs  cn  cm  cb  Nc  Pc  cp  Tc  Nm  pr  ps  pt  px  pd  Pm  Om  fs  ft  Oc  Em  Gp  Ec  Ge  ot  os  Total_cycles_diff  Successful_get_diff  Total_get_diff  succ_put_diff  total_put_diff  get_hit  
1441612983  0  0  0  0  0  0  0  0  0  543137  0  0  0  0  0  0  0  0  0  0  0  0  0  0  0  0  0  543137  0  0  0  0  
1441612984  0  0  0  0  0  0  0  0  0  1040916  0  0  0  0  0  0  0  0  0  0  0  0  0  0  0  0  0  497779  0  0  0  0  0 
1441612984  0  0  0  0  0  0  0  0  0  1418247  0  0  0  0  0  0  0  0  0  0  0  0  0  0  0  0  0  377331  0  0  0  0  0 
1441612985  0  0  0  0  0  0  0  0  0  1616793  0  0  0  0  0  0  0  0  0  0  0  0  0  0  0  0  0  198546  0  0  0  0  0 
1441612985  0  0  0  0  0  0  0  0  0  2004335  0  0  0  0  0  0  0  0  0  0  0  0  0  0  0  1  0  387542  0  0  0  0  0 
1441612986  0  0  0  0  0  0  0  0  0  2462930  0  0  0  0  0  0  0  0  0  13  0  0  0  0  0  39  0  458595  0  0  0  0  0 
1441612986  0  0  0  0  0  0  0  0  0  2462930  0  0  0  0  0  0  0  0  0  13  0  0  0  0  0  39  0  0  0  0  0  0  0 
1441612987  0  0  0  0  0  0  0  0  0  3136807  0  0  0  0  0  0  0  0  0  21  0  0  0  0  0  46  0  673877  0  0  0  0  0 
1441612987  0  0  0  0  0  0  0  0  0  3604263  0  0  0  0  0  0  0  0  0  21  0  0  0  0  0  46  0  467456  0  0  0  0  0 
1441612988  0  0  0  0  0  0  0  0  0  3607265  0  0  0  0  0  0  0  0  0  21  0  0  0  0  0  46  0  3002  0  0  0  0  0 
1441612988  0  0  0  0  0  0  0  0  0  3607265  0  0  0  0  0  0  0  0  0  21  0  0  0  0  0  46  0  0  0  0  0  0  0 
1441612989  0  0  0  0  0  0  0  0  0  3607265  0  0  0  0  0  0  0  0  0  21  0  0  0  0  0  46  0  0  0  0  0  0  0 
1441612989  0  0  0  0  0  0  0  0  0  3607265  0  0  0  0  0  0  0  0  0  21  0  0  0  0  0  46  0  0  0  0  0  0  0 
1441612990  0  0  0  0  0  0  0  0  0  3607265  0  0  0  0  0  0  0  0  0  21  0  0  0  0  0  46  0  0  0  0  0  0  0 
1441612990  0  0  0  0  0  0  0  0  0  3607265  0  0  0  0  0  0  0  0  0  21  0  0  0  0  0  46  0  0  0  0  0  0  0 
1441612991  0  0  0  0  0  0  0  0  0  3607265  0  0  0  0  0  0  0  0  0  21  0  0  0  0  0  46  0  0  0  0  0  0  0 
1441612991  0  0  0  0  0  0  0  0  0  3607265  0  0  0  0  0  0  0  0  0  21  0  0  0  0  0  46  0  0  0  0  0  0  0 
1441612992  0  0  0  0  0  0  0  0  0  3607265  0  0  0  0  0  0  0  0  0  21  0  0  0  0  0  46  0  0  0  0  0  0  0 
1441612992  0  0  0  0  0  0  0  0  0  3607265  0  0  0  0  0  0  0  0  0  21  0  0  0  0  0  46  0  0  0  0  0  0  0 
1441612993  0  0  0  0  0  0  0  0  0  3607265  0  0  0  0  0  0  0  0  0  21  0  0  0  0  0  46  0  0  0  0  0  0  0 
1441612993  0  0  0  0  0  0  0  0  0  3607265  0  0  0  0  0  0  0  0  0  21  0  0  0  0  0  46  0  0  0  0  0  0  0 
1441612994  0  0  0  0  0  0  0  0  0  3607265  0  0  0  0  0  0  0  0  0  21  0  0  0  0  0  46  0  0  0  0  0  0  0 
1441612994  0  0  0  0  0  0  0  0  0  3607265  0  0  0  0  0  0  0  0  0  21  0  0  0  0  0  46  0  0  0  0  0  0  0 
1441612995  0  0  0  0  0  0  0  0  0  3607265  0  0  0  0  0  0  0  0  0  21  0  0  0  0  0  46  0  0  0  0  0  0  0 
1441612995  0  0  0  0  0  0  0  0  0  3607265  0  0  0  0  0  0  0  0  0  21  0  0  0  0  0  46  0  0  0  0  0  0  0 
1441612996  0  0  0  0  0  0  0  0  0  3607265  0  0  0  0  0  0  0  0  0  21  0  0  0  0  0  46  0  0  0  0  0  0  0 
1441612996  0  0  0  0  0  0  0  0  0  3607265  0  0  0  0  0  0  0  0  0  21  0  0  0  0  0  46  0  0  0  0  0  0  0 
1441612997  0  0  0  0  0  0  0  0  0  3607265  0  0  0  0  0  0  0  0  0  21  0  0  0  0  0  46  0  0  0  0  0  0  0 
1441612997  0  0  0  0  0  0  0  0  0  3607265  0  0  0  0  0  0  0  0  0  21  0  0  0  0  0  46  0  0  0  0  0  0  0 
1441612998  0  0  0  0  0  0  0  0  0  3607265  0  0  0  0  0  0  0  0  0  21  0  0  0  0  0  46  0  0  0  0  0  0  0 
1441612998  0  0  0  0  0  0  0  0  0  3607265  0  0  0  0  0  0  0  0  0  21  0  0  0  0  0  46  0  0  0  0  0  0  0 
1441612999  0  0  0  0  0  0  0  0  0  3607265  0  0  0  0  0  0  0  0  0  21  0  0  0  0  0  46  0  0  0  0  0  0  0 
1441612999  0  0  0  0  0  0  0  0  0  3607265  0  0  0  0  0  0  0  0  0  21  0  0  0  0  0  46  0  0  0  0  0  0  0 
1441613000  0  0  0  0  0  0  0  0  0  3607265  0  0  0  0  0  0  0  0  0  21  0  0  0  0  0  46  0  0  0  0  0  0  0 
1441613000  0  0  0  0  0  0  0  0  0  3607265  0  0  0  0  0  0  0  0  0  21  0  0  0  0  0  46  0  0  0  0  0  0  0 
1441613001  0  0  0  0  0  0  0  0  0  3607265  0  0  0  0  0  0  0  0  0  21  0  0  0  0  0  46  0  0  0  0  0  0  0 
1441613001  0  0  0  0  0  0  0  0  0  3607265  0  0  0  0  0  0  0  0  0  21  0  0  0  0  0  46  0  0  0  0  0  0  0 
1441613002  0  0  0  0  0  0  0  0  0  3607265  0  0  0  0  0  0  0  0  0  21  0  0  0  0  0  46  0  0  0  0  0  0  0 
1441613002  0  0  0  0  0  0  0  0  0  3607265  0  0  0  0  0  0  0  0  0  21  0  0  0  0  0  46  0  0  0  0  0  0  0 
1441613003  0  0  0  0  0  0  0  0  0  3607265  0  0  0  0  0  0  0  0  0  21  0  0  0  0  0  46  0  0  0  0  0  0  0 
1441613003  0  0  0  0  0  0  0  0  0  3607265  0  0  0  0  0  0  0  0  0  21  0  0  0  0  0  46  0  0  0  0  0  0  0 
1441613004  0  0  0  0  0  0  0  0  0  3607265  0  0  0  0  0  0  0  0  0  21  0  0  0  0  0  46  0  0  0  0  0  0  0 
1441613004  0  0  0  0  0  0  0  0  0  3607265  0  0  0  0  0  0  0  0  0  21  0  0  0  0  0  46  0  0  0  0  0  0  0 
1441613005  0  0  0  0  0  0  0  0  0  3607265  0  0  0  0  0  0  0  0  0  21  0  0  0  0  0  46  0  0  0  0  0  0  0 
1441613005  0  0  0  0  0  0  0  0  0  3607265  0  0  0  0  0  0  0  0  0  21  0  0  0  0  0  46  0  0  0  0  0  0  0 
1441613006  0  0  0  0  0  0  0  0  0  3607265  0  0  0  0  0  0  0  0  0  21  0  0  0  0  0  46  0  0  0  0  0  0  0 
1441613006  0  0  0  0  0  0  0  0  0  3607265  0  0  0  0  0  0  0  0  0  21  0  0  0  0  0  46  0  0  0  0  0  0  0 
1441613007  0  0  0  0  0  0  0  0  0  3607265  0  0  0  0  0  0  0  0  0  21  0  0  0  0  0  46  0  0  0  0  0  0  0 
1441613007  0  0  0  0  0  0  0  0  0  3607265  0  0  0  0  0  0  0  0  0  21  0  0  0  0  0  46  0  0  0  0  0  0  0 
1441613008  0  0  0  0  0  0  0  0  0  3607265  0  0  0  0  0  0  0  0  0  21  0  0  0  0  0  46  0  0  0  0  0  0  0 
1441613008  0  0  0  0  0  0  0  0  0  3607265  0  0  0  0  0  0  0  0  0  21  0  0  0  0  0  46  0  0  0  0  0  0  0 
1441613009  0  0  0  0  0  0  0  0  0  3607265  0  0  0  0  0  0  0  0  0  21  0  0  0  0  0  46  0  0  0  0  0  0  0 
1441613009  0  0  0  0  0  0  0  0  0  3607265  0  0  0  0  0  0  0  0  0  21  0  0  0  0  0  46  0  0  0  0  0  0  0 
1441613010  0  0  0  0  0  0  0  0  0  3607265  0  0  0  0  0  0  0  0  0  21  0  0  0  0  0  46  0  0  0  0  0  0  0 
1441613010  0  0  0  0  0  0  0  0  0  3607265  0  0  0  0  0  0  0  0  0  21  0  0  0  0  0  46  0  0  0  0  0  0  0 
1441613011  0  0  0  0  0  0  0  0  0  3607265  0  0  0  0  0  0  0  0  0  21  0  0  0  0  0  46  0  0  0  0  0  0  0 
1441613011  0  0  0  0  0  0  0  0  0  3607265  0  0  0  0  0  0  0  0  0  21  0  0  0  0  0  46  0  0  0  0  0  0  0 
1441613012  0  0  0  0  0  0  0  0  0  3607265  0  0  0  0  0  0  0  0  0  21  0  0  0  0  0  46  0  0  0  0  0  0  0 
1441613012  0  0  0  0  0  0  0  0  0  3607265  0  0  0  0  0  0  0  0  0  21  0  0  0  0  0  46  0  0  0  0  0  0  0 
1441613013  0  0  0  0  0  0  0  0  0  3607265  0  0  0  0  0  0  0  0  0  21  0  0  0  0  0  46  0  0  0  0  0  0  0 
1441613013  0  0  0  0  0  0  0  0  0  3607265  0  0  0  0  0  0  0  0  0  21  0  0  0  0  0  46  0  0  0  0  0  0  0 
1441613014  0  0  0  0  0  0  0  0  0  3607265  0  0  0  0  0  0  0  0  0  21  0  0  0  0  0  46  0  0  0  0  0  0  0 
1441613014  0  0  0  0  0  0  0  0  0  3607265  0  0  0  0  0  0  0  0  0  21  0  0  0  0  0  46  0  0  0  0  0  0  0 
1441613015  0  0  0  0  0  0  0  0  0  3607265  0  0  0  0  0  0  0  0  0  21  0  0  0  0  0  46  0  0  0  0  0  0  0 
1441613015  0  0  0  0  0  0  0  0  0  3607265  0  0  0  0  0  0  0  0  0  21  0  0  0  0  0  46  0  0  0  0  0  0  0 
1441613016  0  0  0  0  0  0  0  0  0  3607265  0  0  0  0  0  0  0  0  0  21  0  0  0  0  0  46  0  0  0  0  0  0  0 
1441613017  0  0  0  0  0  0  0  0  0  3607265  0  0  0  0  0  0  0  0  0  21  0  0  0  0  0  46  0  0  0  0  0  0  0 
1441613017  0  0  0  0  0  0  0  0  0  3607265  0  0  0  0  0  0  0  0  0  21  0  0  0  0  0  46  0  0  0  0  0  0  0 
1441613018  0  0  0  0  0  0  0  0  0  3607265  0  0  0  0  0  0  0  0  0  21  0  0  0  0  0  46  0  0  0  0  0  0  0 
1441613018  0  0  0  0  0  0  0  0  0  3607265  0  0  0  0  0  0  0  0  0  21  0  0  0  0  0  46  0  0  0  0  0  0  0 
1441613019  0  0  0  0  0  0  0  0  0  3607265  0  0  0  0  0  0  0  0  0  21  0  0  0  0  0  46  0  0  0  0  0  0  0 
1441613019  0  0  0  0  0  0  0  0  0  3607265  0  0  0  0  0  0  0  0  0  21  0  0  0  0  0  46  0  0  0  0  0  0  0 
1441613020  0  0  0  0  0  0  0  0  0  3607265  0  0  0  0  0  0  0  0  0  21  0  0  0  0  0  46  0  0  0  0  0  0  0 
1441613020  0  0  0  0  0  0  0  0  0  3607265  0  0  0  0  0  0  0  0  0  21  0  0  0  0  0  46  0  0  0  0  0  0  0 
1441613021  0  0  0  0  0  0  0  0  0  3607265  0  0  0  0  0  0  0  0  0  21  0  0  0  0  0  46  0  0  0  0  0  0  0 
1441613021  0  0  0  0  0  0  0  0  0  3607265  0  0  0  0  0  0  0  0  0  21  0  0  0  0  0  46  0  0  0  0  0  0  0 
1441613022  0  0  0  0  0  0  0  0  0  3607265  0  0  0  0  0  0  0  0  0  21  0  0  0  0  0  46  0  0  0  0  0  0  0 
1441613022  0  0  0  0  0  0  0  0  0  3607265  0  0  0  0  0  0  0  0  0  21  0  0  0  0  0  46  0  0  0  0  0  0  0 
1441613023  0  0  0  0  0  0  0  0  0  3607265  0  0  0  0  0  0  0  0  0  21  0  0  0  0  0  46  0  0  0  0  0  0  0 
1441613023  0  0  0  0  0  0  0  0  0  3607265  0  0  0  0  0  0  0  0  0  21  0  0  0  0  0  46  0  0  0  0  0  0  0 
1441613024  0  0  0  0  0  0  0  0  0  3607265  0  0  0  0  0  0  0  0  0  21  0  0  0  0  0  46  0  0  0  0  0  0  0 
1441613024  0  0  0  0  0  0  0  0  0  3607265  0  0  0  0  0  0  0  0  0  21  0  0  0  0  0  46  0  0  0  0  0  0  0 
1441613025  0  0  0  0  0  0  0  0  0  3607265  0  0  0  0  0  0  0  0  0  21  0  0  0  0  0  46  0  0  0  0  0  0  0 
1441613025  0  0  0  0  0  0  0  0  0  3607265  0  0  0  0  0  0  0  0  0  21  0  0  0  0  0  46  0  0  0  0  0  0  0 
1441613026  0  0  0  0  0  0  0  0  0  3607265  0  0  0  0  0  0  0  0  0  21  0  0  0  0  0  46  0  0  0  0  0  0  0 
1441613026  0  0  0  0  0  0  0  0  0  3607265  0  0  0  0  0  0  0  0  0  21  0  0  0  0  0  46  0  0  0  0  0  0  0 
1441613027  0  0  0  0  0  0  0  0  0  3607265  0  0  0  0  0  0  0  0  0  21  0  0  0  0  0  46  0  0  0  0  0  0  0 
1441613027  0  0  0  0  0  0  0  0  0  3607265  0  0  0  0  0  0  0  0  0  21  0  0  0  0  0  46  0  0  0  0  0  0  0 
1441613028  0  0  0  0  0  0  0  0  0  3607265  0  0  0  0  0  0  0  0  0  21  0  0  0  0  0  46  0  0  0  0  0  0  0 
1441613028  0  0  0  0  0  0  0  0  0  3607265  0  0  0  0  0  0  0  0  0  21  0  0  0  0  0  46  0  0  0  0  0  0  0 
1441613029  0  0  0  0  0  0  0  0  0  3607265  0  0  0  0  0  0  0  0  0  21  0  0  0  0  0  46  0  0  0  0  0  0  0 
1441613029  0  0  0  0  0  0  0  0  0  3607265  0  0  0  0  0  0  0  0  0  21  0  0  0  0  0  46  0  0  0  0  0  0  0 
1441613030  0  0  0  0  0  0  0  0  0  3607265  0  0  0  0  0  0  0  0  0  21  0  0  0  0  0  46  0  0  0  0  0  0  0 
1441613030  0  0  0  0  0  0  0  0  0  3607265  0  0  0  0  0  0  0  0  0  21  0  0  0  0  0  46  0  0  0  0  0  0  0 
1441613031  0  0  0  0  0  0  0  0  0  3607265  0  0  0  0  0  0  0  0  0  21  0  0  0  0  0  46  0  0  0  0  0  0  0 
1441613031  0  0  0  0  0  0  0  0  0  3607265  0  0  0  0  0  0  0  0  0  21  0  0  0  0  0  46  0  0  0  0  0  0  0 
1441613032  0  0  0  0  0  0  0  0  0  3607265  0  0  0  0  0  0  0  0  0  21  0  0  0  0  0  46  0  0  0  0  0  0  0 
1441613032  0  0  0  0  0  0  0  0  0  3607265  0  0  0  0  0  0  0  0  0  21  0  0  0  0  0  46  0  0  0  0  0  0  0 
1441613033  0  0  0  0  0  0  0  0  0  3607265  0  0  0  0  0  0  0  0  0  21  0  0  0  0  0  46  0  0  0  0  0  0  0 
1441613033  0  0  0  0  0  0  0  0  0  3607265  0  0  0  0  0  0  0  0  0  21  0  0  0  0  0  46  0  0  0  0  0  0  0 
1441613034  0  0  0  0  0  0  0  0  0  3607265  0  0  0  0  0  0  0  0  0  21  0  0  0  0  0  46  0  0  0  0  0  0  0 
1441613034  0  0  0  0  0  0  0  0  0  3607265  0  0  0  0  0  0  0  0  0  21  0  0  0  0  0  46  0  0  0  0  0  0  0 
1441613035  0  0  0  0  0  0  0  0  0  3607265  0  0  0  0  0  0  0  0  0  21  0  0  0  0  0  46  0  0  0  0  0  0  0 
1441613035  0  0  0  0  0  0  0  0  0  3607265  0  0  0  0  0  0  0  0  0  21  0  0  0  0  0  46  0  0  0  0  0  0  0 
1441613036  0  0  0  0  0  0  0  0  0  3607265  0  0  0  0  0  0  0  0  0  21  0  0  0  0  0  46  0  0  0  0  0  0  0 
1441613036  0  0  0  0  0  0  0  0  0  3607265  0  0  0  0  0  0  0  0  0  21  0  0  0  0  0  46  0  0  0  0  0  0  0 
1441613037  0  0  0  0  0  0  0  0  0  3607265  0  0  0  0  0  0  0  0  0  21  0  0  0  0  0  46  0  0  0  0  0  0  0 
1441613037  0  0  0  0  0  0  0  0  0  3607265  0  0  0  0  0  0  0  0  0  21  0  0  0  0  0  46  0  0  0  0  0  0  0 
1441613038  0  0  0  0  0  0  0  0  0  3607265  0  0  0  0  0  0  0  0  0  21  0  0  0  0  0  46  0  0  0  0  0  0  0 
1441613038  0  0  0  0  0  0  0  0  0  3607265  0  0  0  0  0  0  0  0  0  21  0  0  0  0  0  46  0  0  0  0  0  0  0 
1441613039  0  0  0  0  0  0  0  0  0  3607265  0  0  0  0  0  0  0  0  0  21  0  0  0  0  0  46  0  0  0  0  0  0  0 
1441613039  0  0  0  0  0  0  0  0  0  3614790  0  0  0  0  0  0  0  0  0  21  0  0  0  0  0  47  0  7525  0  0  0  0  0 
1441613040  0  0  0  0  0  0  0  0  0  3614790  0  0  0  0  0  0  0  0  0  21  0  0  0  0  0  47  0  0  0  0  0  0  0 
1441613040  0  0  0  0  0  0  0  0  0  3614790  0  0  0  0  0  0  0  0  0  21  0  0  0  0  0  47  0  0  0  0  0  0  0 
1441613041  0  0  0  0  0  0  0  0  0  3614790  0  0  0  0  0  0  0  0  0  21  0  0  0  0  0  47  0  0  0  0  0  0  0 
1441613041  0  0  0  0  0  0  0  0  0  3614790  0  0  0  0  0  0  0  0  0  21  0  0  0  0  0  47  0  0  0  0  0  0  0 
1441613042  0  0  0  0  0  0  0  0  0  3614790  0  0  0  0  0  0  0  0  0  21  0  0  0  0  0  47  0  0  0  0  0  0  0 
1441613042  0  0  0  0  0  0  0  0  0  3614790  0  0  0  0  0  0  0  0  0  21  0  0  0  0  0  47  0  0  0  0  0  0  0 
1441613043  0  0  0  0  0  0  0  0  0  3614790  0  0  0  0  0  0  0  0  0  21  0  0  0  0  0  47  0  0  0  0  0  0  0 
1441613043  0  0  0  0  0  0  0  0  0  3614790  0  0  0  0  0  0  0  0  0  21  0  0  0  0  0  47  0  0  0  0  0  0  0 
1441613044  0  0  0  0  0  0  0  0  0  3614790  0  0  0  0  0  0  0  0  0  21  0  0  0  0  0  47  0  0  0  0  0  0  0 
1441613044  0  0  0  0  0  0  0  0  0  3614790  0  0  0  0  0  0  0  0  0  21  0  0  0  0  0  47  0  0  0  0  0  0  0 
1441613045  0  0  0  0  0  0  0  0  0  3614790  0  0  0  0  0  0  0  0  0  21  0  0  0  0  0  47  0  0  0  0  0  0  0 
1441613045  0  0  0  0  0  0  0  0  0  3614790  0  0  0  0  0  0  0  0  0  21  0  0  0  0  0  47  0  0  0  0  0  0  0 
1441613046  0  0  0  0  0  0  0  0  0  3614790  0  0  0  0  0  0  0  0  0  21  0  0  0  0  0  47  0  0  0  0  0  0  0 
1441613046  0  0  0  0  0  0  0  0  0  3614790  0  0  0  0  0  0  0  0  0  21  0  0  0  0  0  47  0  0  0  0  0  0  0 
1441613047  0  0  0  0  0  0  0  0  0  3614790  0  0  0  0  0  0  0  0  0  21  0  0  0  0  0  47  0  0  0  0  0  0  0 
1441613047  0  0  0  0  0  0  0  0  0  3614790  0  0  0  0  0  0  0  0  0  21  0  0  0  0  0  47  0  0  0  0  0  0  0 
1441613048  0  0  0  0  0  0  0  0  0  3614790  0  0  0  0  0  0  0  0  0  21  0  0  0  0  0  47  0  0  0  0  0  0  0 
1441613048  0  0  0  0  0  0  0  0  0  3614790  0  0  0  0  0  0  0  0  0  21  0  0  0  0  0  47  0  0  0  0  0  0  0 
1441613049  0  0  0  0  0  0  0  0  0  3614790  0  0  0  0  0  0  0  0  0  21  0  0  0  0  0  47  0  0  0  0  0  0  0 
1441613049  0  0  0  0  0  0  0  0  0  3617682  0  0  0  0  0  0  0  0  0  21  0  0  0  0  0  48  0  2892  0  0  0  0  0 
1441613050  0  0  0  0  0  0  0  0  0  3617682  0  0  0  0  0  0  0  0  0  21  0  0  0  0  0  48  0  0  0  0  0  0  0 
1441613050  0  0  0  0  0  0  0  0  0  3617682  0  0  0  0  0  0  0  0  0  21  0  0  0  0  0  48  0  0  0  0  0  0  0 
1441613051  0  0  0  0  0  0  0  0  0  3617682  0  0  0  0  0  0  0  0  0  21  0  0  0  0  0  48  0  0  0  0  0  0  0 
1441613051  0  0  0  0  0  0  0  0  0  3617682  0  0  0  0  0  0  0  0  0  21  0  0  0  0  0  48  0  0  0  0  0  0  0 
1441613052  0  0  0  0  0  0  0  0  0  3617682  0  0  0  0  0  0  0  0  0  21  0  0  0  0  0  48  0  0  0  0  0  0  0 
1441613052  0  0  0  0  0  0  0  0  0  3617682  0  0  0  0  0  0  0  0  0  21  0  0  0  0  0  48  0  0  0  0  0  0  0 
1441613053  0  0  0  0  0  0  0  0  0  3617682  0  0  0  0  0  0  0  0  0  21  0  0  0  0  0  48  0  0  0  0  0  0  0 
1441613053  0  0  0  0  0  0  0  0  0  3617682  0  0  0  0  0  0  0  0  0  21  0  0  0  0  0  48  0  0  0  0  0  0  0 
1441613054  0  0  0  0  0  0  0  0  0  3617682  0  0  0  0  0  0  0  0  0  21  0  0  0  0  0  48  0  0  0  0  0  0  0 
1441613055  0  0  0  0  0  0  0  0  0  3617682  0  0  0  0  0  0  0  0  0  21  0  0  0  0  0  48  0  0  0  0  0  0  0 
1441613055  0  0  0  0  0  0  0  0  0  3617682  0  0  0  0  0  0  0  0  0  21  0  0  0  0  0  48  0  0  0  0  0  0  0 
1441613056  0  0  0  0  0  0  0  0  0  3617682  0  0  0  0  0  0  0  0  0  21  0  0  0  0  0  48  0  0  0  0  0  0  0 
1441613056  0  0  0  0  0  0  0  0  0  3617682  0  0  0  0  0  0  0  0  0  21  0  0  0  0  0  48  0  0  0  0  0  0  0 
1441613057  0  0  0  0  0  0  0  0  0  3617682  0  0  0  0  0  0  0  0  0  21  0  0  0  0  0  48  0  0  0  0  0  0  0 
1441613057  0  0  0  0  0  0  0  0  0  3617682  0  0  0  0  0  0  0  0  0  21  0  0  0  0  0  48  0  0  0  0  0  0  0 
1441613058  0  0  0  0  0  0  0  0  0  3617682  0  0  0  0  0  0  0  0  0  21  0  0  0  0  0  48  0  0  0  0  0  0  0 
1441613058  0  0  0  0  0  0  0  0  0  3617682  0  0  0  0  0  0  0  0  0  21  0  0  0  0  0  48  0  0  0  0  0  0  0 
1441613059  0  0  0  0  0  0  0  0  0  3617682  0  0  0  0  0  0  0  0  0  21  0  0  0  0  0  48  0  0  0  0  0  0  0 
1441613059  0  0  0  0  0  0  0  0  0  3617682  0  0  0  0  0  0  0  0  0  21  0  0  0  0  0  48  0  0  0  0  0  0  0 
1441613060  0  0  0  0  0  0  0  0  0  3620392  0  0  0  0  0  0  0  0  0  21  0  0  0  0  0  49  0  2710  0  0  0  0  0 
1441613060  0  0  0  0  0  0  0  0  0  3620392  0  0  0  0  0  0  0  0  0  21  0  0  0  0  0  49  0  0  0  0  0  0  0 
1441613061  0  0  0  0  0  0  0  0  0  3620392  0  0  0  0  0  0  0  0  0  21  0  0  0  0  0  49  0  0  0  0  0  0  0 
1441613061  0  0  0  0  0  0  0  0  0  3620392  0  0  0  0  0  0  0  0  0  21  0  0  0  0  0  49  0  0  0  0  0  0  0 
1441613062  0  0  0  0  0  0  0  0  0  3620392  0  0  0  0  0  0  0  0  0  21  0  0  0  0  0  49  0  0  0  0  0  0  0 
1441613062  0  0  0  0  0  0  0  0  0  3620392  0  0  0  0  0  0  0  0  0  21  0  0  0  0  0  49  0  0  0  0  0  0  0 
1441613063  0  0  0  0  0  0  0  0  0  3620392  0  0  0  0  0  0  0  0  0  21  0  0  0  0  0  49  0  0  0  0  0  0  0 
1441613063  0  0  0  0  0  0  0  0  0  3620392  0  0  0  0  0  0  0  0  0  21  0  0  0  0  0  49  0  0  0  0  0  0  0 
1441613064  0  0  0  0  0  0  0  0  0  3620392  0  0  0  0  0  0  0  0  0  21  0  0  0  0  0  49  0  0  0  0  0  0  0 
1441613064  0  0  0  0  0  0  0  0  0  3620392  0  0  0  0  0  0  0  0  0  21  0  0  0  0  0  49  0  0  0  0  0  0  0 
1441613065  0  0  0  0  0  0  0  0  0  3620392  0  0  0  0  0  0  0  0  0  21  0  0  0  0  0  49  0  0  0  0  0  0  0 
1441613065  0  0  0  0  0  0  0  0  0  3620392  0  0  0  0  0  0  0  0  0  21  0  0  0  0  0  49  0  0  0  0  0  0  0 
1441613066  0  0  0  0  0  0  0  0  0  3620392  0  0  0  0  0  0  0  0  0  21  0  0  0  0  0  49  0  0  0  0  0  0  0 
1441613066  0  0  0  0  0  0  0  0  0  3620392  0  0  0  0  0  0  0  0  0  21  0  0  0  0  0  49  0  0  0  0  0  0  0 
1441613067  0  0  0  0  0  0  0  0  0  3620392  0  0  0  0  0  0  0  0  0  21  0  0  0  0  0  49  0  0  0  0  0  0  0 
1441613067  0  0  0  0  0  0  0  0  0  3620392  0  0  0  0  0  0  0  0  0  21  0  0  0  0  0  49  0  0  0  0  0  0  0 
1441613068  0  0  0  0  0  0  0  0  0  3620392  0  0  0  0  0  0  0  0  0  21  0  0  0  0  0  49  0  0  0  0  0  0  0 
1441613068  0  0  0  0  0  0  0  0  0  3620392  0  0  0  0  0  0  0  0  0  21  0  0  0  0  0  49  0  0  0  0  0  0  0 
1441613069  0  0  0  0  0  0  0  0  0  3620392  0  0  0  0  0  0  0  0  0  21  0  0  0  0  0  49  0  0  0  0  0  0  0 
1441613069  0  0  0  0  0  0  0  0  0  3620392  0  0  0  0  0  0  0  0  0  21  0  0  0  0  0  49  0  0  0  0  0  0  0 
1441613070  0  0  0  0  0  0  0  0  0  3620392  0  0  0  0  0  0  0  0  0  21  0  0  0  0  0  49  0  0  0  0  0  0  0 
1441613070  0  0  0  0  0  0  0  0  0  3623516  0  0  0  0  0  0  0  0  0  21  0  0  0  0  0  50  0  3124  0  0  0  0  0 
1441613071  0  0  0  0  0  0  0  0  0  3623516  0  0  0  0  0  0  0  0  0  21  0  0  0  0  0  50  0  0  0  0  0  0  0 
1441613071  0  0  0  0  0  0  0  0  0  3623516  0  0  0  0  0  0  0  0  0  21  0  0  0  0  0  50  0  0  0  0  0  0  0 
1441613072  0  0  0  0  0  0  0  0  0  3623516  0  0  0  0  0  0  0  0  0  21  0  0  0  0  0  50  0  0  0  0  0  0  0 
1441613072  0  0  0  0  0  0  0  0  0  3623516  0  0  0  0  0  0  0  0  0  21  0  0  0  0  0  50  0  0  0  0  0  0  0 
1441613073  0  0  0  0  0  0  0  0  0  3623516  0  0  0  0  0  0  0  0  0  21  0  0  0  0  0  50  0  0  0  0  0  0  0 
1441613073  0  0  0  0  0  0  0  0  0  3623516  0  0  0  0  0  0  0  0  0  21  0  0  0  0  0  50  0  0  0  0  0  0  0 
1441613074  0  0  0  0  0  0  0  0  0  3623516  0  0  0  0  0  0  0  0  0  21  0  0  0  0  0  50  0  0  0  0  0  0  0 
1441613074  0  0  0  0  0  0  0  0  0  3623516  0  0  0  0  0  0  0  0  0  21  0  0  0  0  0  50  0  0  0  0  0  0  0 
1441613075  0  0  0  0  0  0  0  0  0  3623516  0  0  0  0  0  0  0  0  0  21  0  0  0  0  0  50  0  0  0  0  0  0  0 
1441613075  0  0  0  0  0  0  0  0  0  3623516  0  0  0  0  0  0  0  0  0  21  0  0  0  0  0  50  0  0  0  0  0  0  0 
1441613076  0  0  0  0  0  0  0  0  0  3623516  0  0  0  0  0  0  0  0  0  21  0  0  0  0  0  50  0  0  0  0  0  0  0 
1441613076  0  0  0  0  0  0  0  0  0  3623516  0  0  0  0  0  0  0  0  0  21  0  0  0  0  0  50  0  0  0  0  0  0  0 
1441613077  0  0  0  0  0  0  0  0  0  3623516  0  0  0  0  0  0  0  0  0  21  0  0  0  0  0  50  0  0  0  0  0  0  0 
1441613077  0  0  0  0  0  0  0  0  0  3623516  0  0  0  0  0  0  0  0  0  21  0  0  0  0  0  50  0  0  0  0  0  0  0 
1441613078  0  0  0  0  0  0  0  0  0  3623516  0  0  0  0  0  0  0  0  0  21  0  0  0  0  0  50  0  0  0  0  0  0  0 
1441613078  0  0  0  0  0  0  0  0  0  3623516  0  0  0  0  0  0  0  0  0  21  0  0  0  0  0  50  0  0  0  0  0  0  0 
1441613079  0  0  0  0  0  0  0  0  0  3623516  0  0  0  0  0  0  0  0  0  21  0  0  0  0  0  50  0  0  0  0  0  0  0 
1441613079  0  0  0  0  0  0  0  0  0  3623516  0  0  0  0  0  0  0  0  0  21  0  0  0  0  0  50  0  0  0  0  0  0  0 
1441613080  0  0  0  0  0  0  0  0  0  3626166  0  0  0  0  0  0  0  0  0  21  0  0  0  0  0  51  0  2650  0  0  0  0  0 
1441613080  0  0  0  0  0  0  0  0  0  3626166  0  0  0  0  0  0  0  0  0  21  0  0  0  0  0  51  0  0  0  0  0  0  0 
1441613081  0  0  0  0  0  0  0  0  0  3626166  0  0  0  0  0  0  0  0  0  21  0  0  0  0  0  51  0  0  0  0  0  0  0 
1441613081  0  0  0  0  0  0  0  0  0  3626166  0  0  0  0  0  0  0  0  0  21  0  0  0  0  0  51  0  0  0  0  0  0  0 
1441613082  0  0  0  0  0  0  0  0  0  3626166  0  0  0  0  0  0  0  0  0  21  0  0  0  0  0  51  0  0  0  0  0  0  0 
1441613082  0  0  0  0  0  0  0  0  0  3626166  0  0  0  0  0  0  0  0  0  21  0  0  0  0  0  51  0  0  0  0  0  0  0 
1441613083  0  0  0  0  0  0  0  0  0  3626166  0  0  0  0  0  0  0  0  0  21  0  0  0  0  0  51  0  0  0  0  0  0  0 
1441613083  0  0  0  0  0  0  0  0  0  3626166  0  0  0  0  0  0  0  0  0  21  0  0  0  0  0  51  0  0  0  0  0  0  0 
1441613084  0  0  0  0  0  0  0  0  0  3626166  0  0  0  0  0  0  0  0  0  21  0  0  0  0  0  51  0  0  0  0  0  0  0 
1441613084  0  0  0  0  0  0  0  0  0  3626166  0  0  0  0  0  0  0  0  0  21  0  0  0  0  0  51  0  0  0  0  0  0  0 
1441613085  0  0  0  0  0  0  0  0  0  3626166  0  0  0  0  0  0  0  0  0  21  0  0  0  0  0  51  0  0  0  0  0  0  0 
1441613085  0  0  0  0  0  0  0  0  0  3626166  0  0  0  0  0  0  0  0  0  21  0  0  0  0  0  51  0  0  0  0  0  0  0 
1441613086  0  0  0  0  0  0  0  0  0  3626166  0  0  0  0  0  0  0  0  0  21  0  0  0  0  0  51  0  0  0  0  0  0  0 
1441613086  0  0  0  0  0  0  0  0  0  3626166  0  0  0  0  0  0  0  0  0  21  0  0  0  0  0  51  0  0  0  0  0  0  0 
1441613087  0  0  0  0  0  0  0  0  0  3626166  0  0  0  0  0  0  0  0  0  21  0  0  0  0  0  51  0  0  0  0  0  0  0 
1441613087  0  0  0  0  0  0  0  0  0  3626166  0  0  0  0  0  0  0  0  0  21  0  0  0  0  0  51  0  0  0  0  0  0  0 
1441613088  0  0  0  0  0  0  0  0  0  3626166  0  0  0  0  0  0  0  0  0  21  0  0  0  0  0  51  0  0  0  0  0  0  0 
1441613088  0  0  0  0  0  0  0  0  0  3626166  0  0  0  0  0  0  0  0  0  21  0  0  0  0  0  51  0  0  0  0  0  0  0 
1441613089  0  0  0  0  0  0  0  0  0  3626166  0  0  0  0  0  0  0  0  0  21  0  0  0  0  0  51  0  0  0  0  0  0  0 
1441613089  0  0  0  0  0  0  0  0  0  3626166  0  0  0  0  0  0  0  0  0  21  0  0  0  0  0  51  0  0  0  0  0  0  0 
1441613090  0  0  0  0  0  0  0  0  0  3669245  0  0  0  0  0  0  0  0  0  21  0  0  0  0  0  51  0  43079  0  0  0  0  0 
1441613090  0  0  0  0  0  0  0  0  0  3728202  0  0  0  0  0  0  0  0  0  25  0  0  0  0  0  64  0  58957  0  0  0  0  0 
1441613091  0  0  0  0  0  0  0  0  0  3728202  0  0  0  0  0  0  0  0  0  25  0  0  0  0  0  64  0  0  0  0  0  0  0 
1441613091  0  0  0  0  0  0  0  0  0  3728202  0  0  0  0  0  0  0  0  0  25  0  0  0  0  0  64  0  0  0  0  0  0  0 
