#Type:X;CI:7;ww:0;ca:0;co:0;fr:0;Type:X;CI:7;PI:0;PT:EP;U0:0;U1:0;
#time  Pp  gt  gs  cn  cm  cb  Nc  Pc  cp  Tc  Nm  pr  ps  pt  px  pd  Pm  Om  fs  ft  Oc  Em  Gp  Ec  Ge  ot  os  Total_cycles_diff  Successful_get_diff  Total_get_diff  succ_put_diff  total_put_diff  get_hit  
1441612841  0  0  0  0  0  0  0  0  0  588730  0  0  0  0  0  0  0  0  0  0  0  0  0  0  0  0  0  588730  0  0  0  0  
1441612841  0  0  0  0  0  0  0  0  0  1043758  0  0  0  0  0  0  0  0  0  0  0  0  0  0  0  0  0  455028  0  0  0  0  0 
1441612842  0  0  0  0  0  0  0  0  0  1043758  0  0  0  0  0  0  0  0  0  0  0  0  0  0  0  0  0  0  0  0  0  0  0 
1441612842  0  0  0  0  0  0  0  0  0  1437206  0  0  0  0  0  0  0  0  0  0  0  0  0  0  0  0  0  393448  0  0  0  0  0 
1441612843  0  0  0  0  0  0  0  0  0  1647902  0  0  0  0  0  0  0  0  0  0  0  0  0  0  0  0  0  210696  0  0  0  0  0 
1441612843  0  0  0  0  0  0  0  0  0  2022531  0  0  0  0  0  0  0  0  0  0  0  0  0  0  0  1  0  374629  0  0  0  0  0 
1441612844  0  0  0  0  0  0  0  0  0  2650773  0  0  0  0  0  0  0  0  0  13  0  0  0  0  0  39  0  628242  0  0  0  0  0 
1441612844  0  0  0  0  0  0  0  0  0  3458369  0  0  0  0  0  0  0  0  0  16  0  0  0  0  0  44  0  807596  0  0  0  0  0 
1441612845  0  0  0  0  0  0  0  0  0  3867210  0  0  0  0  0  0  0  0  0  21  0  0  0  0  0  46  0  408841  0  0  0  0  0 
1441612845  0  0  0  0  0  0  0  0  0  3867210  0  0  0  0  0  0  0  0  0  21  0  0  0  0  0  46  0  0  0  0  0  0  0 
1441612846  0  0  0  0  0  0  0  0  0  3873103  0  0  0  0  0  0  0  0  0  21  0  0  0  0  0  46  0  5893  0  0  0  0  0 
1441612846  0  0  0  0  0  0  0  0  0  3873103  0  0  0  0  0  0  0  0  0  21  0  0  0  0  0  46  0  0  0  0  0  0  0 
1441612847  0  0  0  0  0  0  0  0  0  3873103  0  0  0  0  0  0  0  0  0  21  0  0  0  0  0  46  0  0  0  0  0  0  0 
1441612847  0  0  0  0  0  0  0  0  0  3873103  0  0  0  0  0  0  0  0  0  21  0  0  0  0  0  46  0  0  0  0  0  0  0 
1441612848  0  0  0  0  0  0  0  0  0  3873103  0  0  0  0  0  0  0  0  0  21  0  0  0  0  0  46  0  0  0  0  0  0  0 
1441612848  0  0  0  0  0  0  0  0  0  3873103  0  0  0  0  0  0  0  0  0  21  0  0  0  0  0  46  0  0  0  0  0  0  0 
1441612849  0  0  0  0  0  0  0  0  0  3873103  0  0  0  0  0  0  0  0  0  21  0  0  0  0  0  46  0  0  0  0  0  0  0 
1441612849  0  0  0  0  0  0  0  0  0  3873103  0  0  0  0  0  0  0  0  0  21  0  0  0  0  0  46  0  0  0  0  0  0  0 
1441612850  0  0  0  0  0  0  0  0  0  3873103  0  0  0  0  0  0  0  0  0  21  0  0  0  0  0  46  0  0  0  0  0  0  0 
1441612850  0  0  0  0  0  0  0  0  0  3873103  0  0  0  0  0  0  0  0  0  21  0  0  0  0  0  46  0  0  0  0  0  0  0 
1441612851  0  0  0  0  0  0  0  0  0  3873103  0  0  0  0  0  0  0  0  0  21  0  0  0  0  0  46  0  0  0  0  0  0  0 
1441612851  0  0  0  0  0  0  0  0  0  3873103  0  0  0  0  0  0  0  0  0  21  0  0  0  0  0  46  0  0  0  0  0  0  0 
1441612852  0  0  0  0  0  0  0  0  0  3873103  0  0  0  0  0  0  0  0  0  21  0  0  0  0  0  46  0  0  0  0  0  0  0 
1441612852  0  0  0  0  0  0  0  0  0  3873103  0  0  0  0  0  0  0  0  0  21  0  0  0  0  0  46  0  0  0  0  0  0  0 
1441612853  0  0  0  0  0  0  0  0  0  3873103  0  0  0  0  0  0  0  0  0  21  0  0  0  0  0  46  0  0  0  0  0  0  0 
1441612853  0  0  0  0  0  0  0  0  0  3873103  0  0  0  0  0  0  0  0  0  21  0  0  0  0  0  46  0  0  0  0  0  0  0 
1441612854  0  0  0  0  0  0  0  0  0  3873103  0  0  0  0  0  0  0  0  0  21  0  0  0  0  0  46  0  0  0  0  0  0  0 
1441612854  0  0  0  0  0  0  0  0  0  3873103  0  0  0  0  0  0  0  0  0  21  0  0  0  0  0  46  0  0  0  0  0  0  0 
1441612855  0  0  0  0  0  0  0  0  0  3873103  0  0  0  0  0  0  0  0  0  21  0  0  0  0  0  46  0  0  0  0  0  0  0 
1441612855  0  0  0  0  0  0  0  0  0  3873103  0  0  0  0  0  0  0  0  0  21  0  0  0  0  0  46  0  0  0  0  0  0  0 
1441612856  0  0  0  0  0  0  0  0  0  3873103  0  0  0  0  0  0  0  0  0  21  0  0  0  0  0  46  0  0  0  0  0  0  0 
1441612856  0  0  0  0  0  0  0  0  0  3873103  0  0  0  0  0  0  0  0  0  21  0  0  0  0  0  46  0  0  0  0  0  0  0 
1441612857  0  0  0  0  0  0  0  0  0  3873103  0  0  0  0  0  0  0  0  0  21  0  0  0  0  0  46  0  0  0  0  0  0  0 
1441612857  0  0  0  0  0  0  0  0  0  3873103  0  0  0  0  0  0  0  0  0  21  0  0  0  0  0  46  0  0  0  0  0  0  0 
1441612858  0  0  0  0  0  0  0  0  0  3873103  0  0  0  0  0  0  0  0  0  21  0  0  0  0  0  46  0  0  0  0  0  0  0 
1441612858  0  0  0  0  0  0  0  0  0  3873103  0  0  0  0  0  0  0  0  0  21  0  0  0  0  0  46  0  0  0  0  0  0  0 
1441612859  0  0  0  0  0  0  0  0  0  3873103  0  0  0  0  0  0  0  0  0  21  0  0  0  0  0  46  0  0  0  0  0  0  0 
1441612859  0  0  0  0  0  0  0  0  0  3873103  0  0  0  0  0  0  0  0  0  21  0  0  0  0  0  46  0  0  0  0  0  0  0 
1441612860  0  0  0  0  0  0  0  0  0  3873103  0  0  0  0  0  0  0  0  0  21  0  0  0  0  0  46  0  0  0  0  0  0  0 
1441612861  0  0  0  0  0  0  0  0  0  3873103  0  0  0  0  0  0  0  0  0  21  0  0  0  0  0  46  0  0  0  0  0  0  0 
1441612861  0  0  0  0  0  0  0  0  0  3873103  0  0  0  0  0  0  0  0  0  21  0  0  0  0  0  46  0  0  0  0  0  0  0 
1441612862  0  0  0  0  0  0  0  0  0  3873103  0  0  0  0  0  0  0  0  0  21  0  0  0  0  0  46  0  0  0  0  0  0  0 
1441612862  0  0  0  0  0  0  0  0  0  3873103  0  0  0  0  0  0  0  0  0  21  0  0  0  0  0  46  0  0  0  0  0  0  0 
1441612863  0  0  0  0  0  0  0  0  0  3873103  0  0  0  0  0  0  0  0  0  21  0  0  0  0  0  46  0  0  0  0  0  0  0 
1441612863  0  0  0  0  0  0  0  0  0  3873103  0  0  0  0  0  0  0  0  0  21  0  0  0  0  0  46  0  0  0  0  0  0  0 
1441612864  0  0  0  0  0  0  0  0  0  3873103  0  0  0  0  0  0  0  0  0  21  0  0  0  0  0  46  0  0  0  0  0  0  0 
1441612864  0  0  0  0  0  0  0  0  0  3873103  0  0  0  0  0  0  0  0  0  21  0  0  0  0  0  46  0  0  0  0  0  0  0 
1441612865  0  0  0  0  0  0  0  0  0  3873103  0  0  0  0  0  0  0  0  0  21  0  0  0  0  0  46  0  0  0  0  0  0  0 
1441612865  0  0  0  0  0  0  0  0  0  3873103  0  0  0  0  0  0  0  0  0  21  0  0  0  0  0  46  0  0  0  0  0  0  0 
1441612866  0  0  0  0  0  0  0  0  0  3873103  0  0  0  0  0  0  0  0  0  21  0  0  0  0  0  46  0  0  0  0  0  0  0 
1441612866  0  0  0  0  0  0  0  0  0  3873103  0  0  0  0  0  0  0  0  0  21  0  0  0  0  0  46  0  0  0  0  0  0  0 
1441612867  0  0  0  0  0  0  0  0  0  3873103  0  0  0  0  0  0  0  0  0  21  0  0  0  0  0  46  0  0  0  0  0  0  0 
1441612867  0  0  0  0  0  0  0  0  0  3873103  0  0  0  0  0  0  0  0  0  21  0  0  0  0  0  46  0  0  0  0  0  0  0 
1441612868  0  0  0  0  0  0  0  0  0  3873103  0  0  0  0  0  0  0  0  0  21  0  0  0  0  0  46  0  0  0  0  0  0  0 
1441612868  0  0  0  0  0  0  0  0  0  3873103  0  0  0  0  0  0  0  0  0  21  0  0  0  0  0  46  0  0  0  0  0  0  0 
1441612869  0  0  0  0  0  0  0  0  0  3873103  0  0  0  0  0  0  0  0  0  21  0  0  0  0  0  46  0  0  0  0  0  0  0 
1441612869  0  0  0  0  0  0  0  0  0  3873103  0  0  0  0  0  0  0  0  0  21  0  0  0  0  0  46  0  0  0  0  0  0  0 
1441612870  0  0  0  0  0  0  0  0  0  3873103  0  0  0  0  0  0  0  0  0  21  0  0  0  0  0  46  0  0  0  0  0  0  0 
1441612870  0  0  0  0  0  0  0  0  0  3873103  0  0  0  0  0  0  0  0  0  21  0  0  0  0  0  46  0  0  0  0  0  0  0 
1441612871  0  0  0  0  0  0  0  0  0  3873103  0  0  0  0  0  0  0  0  0  21  0  0  0  0  0  46  0  0  0  0  0  0  0 
1441612871  0  0  0  0  0  0  0  0  0  3873103  0  0  0  0  0  0  0  0  0  21  0  0  0  0  0  46  0  0  0  0  0  0  0 
1441612872  0  0  0  0  0  0  0  0  0  3873103  0  0  0  0  0  0  0  0  0  21  0  0  0  0  0  46  0  0  0  0  0  0  0 
1441612872  0  0  0  0  0  0  0  0  0  3873103  0  0  0  0  0  0  0  0  0  21  0  0  0  0  0  46  0  0  0  0  0  0  0 
1441612873  0  0  0  0  0  0  0  0  0  3873103  0  0  0  0  0  0  0  0  0  21  0  0  0  0  0  46  0  0  0  0  0  0  0 
1441612873  0  0  0  0  0  0  0  0  0  3873103  0  0  0  0  0  0  0  0  0  21  0  0  0  0  0  46  0  0  0  0  0  0  0 
1441612874  0  0  0  0  0  0  0  0  0  3873103  0  0  0  0  0  0  0  0  0  21  0  0  0  0  0  46  0  0  0  0  0  0  0 
1441612874  0  0  0  0  0  0  0  0  0  3873103  0  0  0  0  0  0  0  0  0  21  0  0  0  0  0  46  0  0  0  0  0  0  0 
1441612875  0  0  0  0  0  0  0  0  0  3873103  0  0  0  0  0  0  0  0  0  21  0  0  0  0  0  46  0  0  0  0  0  0  0 
1441612875  0  0  0  0  0  0  0  0  0  3873103  0  0  0  0  0  0  0  0  0  21  0  0  0  0  0  46  0  0  0  0  0  0  0 
1441612876  0  0  0  0  0  0  0  0  0  3873103  0  0  0  0  0  0  0  0  0  21  0  0  0  0  0  46  0  0  0  0  0  0  0 
1441612876  0  0  0  0  0  0  0  0  0  3873103  0  0  0  0  0  0  0  0  0  21  0  0  0  0  0  46  0  0  0  0  0  0  0 
1441612877  0  0  0  0  0  0  0  0  0  3873103  0  0  0  0  0  0  0  0  0  21  0  0  0  0  0  46  0  0  0  0  0  0  0 
1441612877  0  0  0  0  0  0  0  0  0  3873103  0  0  0  0  0  0  0  0  0  21  0  0  0  0  0  46  0  0  0  0  0  0  0 
1441612878  0  0  0  0  0  0  0  0  0  3873103  0  0  0  0  0  0  0  0  0  21  0  0  0  0  0  46  0  0  0  0  0  0  0 
1441612878  0  0  0  0  0  0  0  0  0  3873103  0  0  0  0  0  0  0  0  0  21  0  0  0  0  0  46  0  0  0  0  0  0  0 
1441612879  0  0  0  0  0  0  0  0  0  3873103  0  0  0  0  0  0  0  0  0  21  0  0  0  0  0  46  0  0  0  0  0  0  0 
1441612879  0  0  0  0  0  0  0  0  0  3873103  0  0  0  0  0  0  0  0  0  21  0  0  0  0  0  46  0  0  0  0  0  0  0 
1441612880  0  0  0  0  0  0  0  0  0  3873103  0  0  0  0  0  0  0  0  0  21  0  0  0  0  0  46  0  0  0  0  0  0  0 
1441612880  0  0  0  0  0  0  0  0  0  3873103  0  0  0  0  0  0  0  0  0  21  0  0  0  0  0  46  0  0  0  0  0  0  0 
1441612881  0  0  0  0  0  0  0  0  0  3873103  0  0  0  0  0  0  0  0  0  21  0  0  0  0  0  46  0  0  0  0  0  0  0 
1441612881  0  0  0  0  0  0  0  0  0  3873103  0  0  0  0  0  0  0  0  0  21  0  0  0  0  0  46  0  0  0  0  0  0  0 
1441612882  0  0  0  0  0  0  0  0  0  3873103  0  0  0  0  0  0  0  0  0  21  0  0  0  0  0  46  0  0  0  0  0  0  0 
1441612882  0  0  0  0  0  0  0  0  0  3873103  0  0  0  0  0  0  0  0  0  21  0  0  0  0  0  46  0  0  0  0  0  0  0 
1441612883  0  0  0  0  0  0  0  0  0  3873103  0  0  0  0  0  0  0  0  0  21  0  0  0  0  0  46  0  0  0  0  0  0  0 
1441612883  0  0  0  0  0  0  0  0  0  3873103  0  0  0  0  0  0  0  0  0  21  0  0  0  0  0  46  0  0  0  0  0  0  0 
1441612884  0  0  0  0  0  0  0  0  0  3873103  0  0  0  0  0  0  0  0  0  21  0  0  0  0  0  46  0  0  0  0  0  0  0 
1441612884  0  0  0  0  0  0  0  0  0  3873103  0  0  0  0  0  0  0  0  0  21  0  0  0  0  0  46  0  0  0  0  0  0  0 
1441612885  0  0  0  0  0  0  0  0  0  3873103  0  0  0  0  0  0  0  0  0  21  0  0  0  0  0  46  0  0  0  0  0  0  0 
1441612885  0  0  0  0  0  0  0  0  0  3873103  0  0  0  0  0  0  0  0  0  21  0  0  0  0  0  46  0  0  0  0  0  0  0 
1441612886  0  0  0  0  0  0  0  0  0  3873103  0  0  0  0  0  0  0  0  0  21  0  0  0  0  0  46  0  0  0  0  0  0  0 
1441612886  0  0  0  0  0  0  0  0  0  3873103  0  0  0  0  0  0  0  0  0  21  0  0  0  0  0  46  0  0  0  0  0  0  0 
1441612887  0  0  0  0  0  0  0  0  0  3873103  0  0  0  0  0  0  0  0  0  21  0  0  0  0  0  46  0  0  0  0  0  0  0 
1441612887  0  0  0  0  0  0  0  0  0  3873103  0  0  0  0  0  0  0  0  0  21  0  0  0  0  0  46  0  0  0  0  0  0  0 
1441612888  0  0  0  0  0  0  0  0  0  3873103  0  0  0  0  0  0  0  0  0  21  0  0  0  0  0  46  0  0  0  0  0  0  0 
1441612888  0  0  0  0  0  0  0  0  0  3873103  0  0  0  0  0  0  0  0  0  21  0  0  0  0  0  46  0  0  0  0  0  0  0 
1441612889  0  0  0  0  0  0  0  0  0  3873103  0  0  0  0  0  0  0  0  0  21  0  0  0  0  0  46  0  0  0  0  0  0  0 
1441612889  0  0  0  0  0  0  0  0  0  3873103  0  0  0  0  0  0  0  0  0  21  0  0  0  0  0  46  0  0  0  0  0  0  0 
1441612890  0  0  0  0  0  0  0  0  0  3873103  0  0  0  0  0  0  0  0  0  21  0  0  0  0  0  46  0  0  0  0  0  0  0 
1441612890  0  0  0  0  0  0  0  0  0  3873103  0  0  0  0  0  0  0  0  0  21  0  0  0  0  0  46  0  0  0  0  0  0  0 
1441612891  0  0  0  0  0  0  0  0  0  3873103  0  0  0  0  0  0  0  0  0  21  0  0  0  0  0  46  0  0  0  0  0  0  0 
1441612891  0  0  0  0  0  0  0  0  0  3873103  0  0  0  0  0  0  0  0  0  21  0  0  0  0  0  46  0  0  0  0  0  0  0 
1441612892  0  0  0  0  0  0  0  0  0  3873103  0  0  0  0  0  0  0  0  0  21  0  0  0  0  0  46  0  0  0  0  0  0  0 
1441612892  0  0  0  0  0  0  0  0  0  3873103  0  0  0  0  0  0  0  0  0  21  0  0  0  0  0  46  0  0  0  0  0  0  0 
1441612893  0  0  0  0  0  0  0  0  0  3873103  0  0  0  0  0  0  0  0  0  21  0  0  0  0  0  46  0  0  0  0  0  0  0 
1441612893  0  0  0  0  0  0  0  0  0  3873103  0  0  0  0  0  0  0  0  0  21  0  0  0  0  0  46  0  0  0  0  0  0  0 
1441612894  0  0  0  0  0  0  0  0  0  3873103  0  0  0  0  0  0  0  0  0  21  0  0  0  0  0  46  0  0  0  0  0  0  0 
1441612894  0  0  0  0  0  0  0  0  0  3873103  0  0  0  0  0  0  0  0  0  21  0  0  0  0  0  46  0  0  0  0  0  0  0 
1441612895  0  0  0  0  0  0  0  0  0  3873103  0  0  0  0  0  0  0  0  0  21  0  0  0  0  0  46  0  0  0  0  0  0  0 
1441612895  0  0  0  0  0  0  0  0  0  3873103  0  0  0  0  0  0  0  0  0  21  0  0  0  0  0  46  0  0  0  0  0  0  0 
1441612896  0  0  0  0  0  0  0  0  0  3873103  0  0  0  0  0  0  0  0  0  21  0  0  0  0  0  46  0  0  0  0  0  0  0 
1441612896  0  0  0  0  0  0  0  0  0  3873103  0  0  0  0  0  0  0  0  0  21  0  0  0  0  0  46  0  0  0  0  0  0  0 
1441612897  0  0  0  0  0  0  0  0  0  3873103  0  0  0  0  0  0  0  0  0  21  0  0  0  0  0  46  0  0  0  0  0  0  0 
1441612897  0  0  0  0  0  0  0  0  0  3873103  0  0  0  0  0  0  0  0  0  21  0  0  0  0  0  46  0  0  0  0  0  0  0 
1441612898  0  0  0  0  0  0  0  0  0  3882576  0  0  0  0  0  0  0  0  0  21  0  0  0  0  0  47  0  9473  0  0  0  0  0 
1441612899  0  0  0  0  0  0  0  0  0  3882576  0  0  0  0  0  0  0  0  0  21  0  0  0  0  0  47  0  0  0  0  0  0  0 
1441612899  0  0  0  0  0  0  0  0  0  3882576  0  0  0  0  0  0  0  0  0  21  0  0  0  0  0  47  0  0  0  0  0  0  0 
1441612900  0  0  0  0  0  0  0  0  0  3882576  0  0  0  0  0  0  0  0  0  21  0  0  0  0  0  47  0  0  0  0  0  0  0 
1441612900  0  0  0  0  0  0  0  0  0  3882576  0  0  0  0  0  0  0  0  0  21  0  0  0  0  0  47  0  0  0  0  0  0  0 
1441612901  0  0  0  0  0  0  0  0  0  3882576  0  0  0  0  0  0  0  0  0  21  0  0  0  0  0  47  0  0  0  0  0  0  0 
1441612901  0  0  0  0  0  0  0  0  0  3882576  0  0  0  0  0  0  0  0  0  21  0  0  0  0  0  47  0  0  0  0  0  0  0 
1441612902  0  0  0  0  0  0  0  0  0  3882576  0  0  0  0  0  0  0  0  0  21  0  0  0  0  0  47  0  0  0  0  0  0  0 
1441612902  0  0  0  0  0  0  0  0  0  3882576  0  0  0  0  0  0  0  0  0  21  0  0  0  0  0  47  0  0  0  0  0  0  0 
1441612903  0  0  0  0  0  0  0  0  0  3882576  0  0  0  0  0  0  0  0  0  21  0  0  0  0  0  47  0  0  0  0  0  0  0 
1441612903  0  0  0  0  0  0  0  0  0  3882576  0  0  0  0  0  0  0  0  0  21  0  0  0  0  0  47  0  0  0  0  0  0  0 
1441612904  0  0  0  0  0  0  0  0  0  3882576  0  0  0  0  0  0  0  0  0  21  0  0  0  0  0  47  0  0  0  0  0  0  0 
1441612904  0  0  0  0  0  0  0  0  0  3882576  0  0  0  0  0  0  0  0  0  21  0  0  0  0  0  47  0  0  0  0  0  0  0 
1441612905  0  0  0  0  0  0  0  0  0  3882576  0  0  0  0  0  0  0  0  0  21  0  0  0  0  0  47  0  0  0  0  0  0  0 
1441612905  0  0  0  0  0  0  0  0  0  3882576  0  0  0  0  0  0  0  0  0  21  0  0  0  0  0  47  0  0  0  0  0  0  0 
1441612906  0  0  0  0  0  0  0  0  0  3882576  0  0  0  0  0  0  0  0  0  21  0  0  0  0  0  47  0  0  0  0  0  0  0 
1441612906  0  0  0  0  0  0  0  0  0  3882576  0  0  0  0  0  0  0  0  0  21  0  0  0  0  0  47  0  0  0  0  0  0  0 
1441612907  0  0  0  0  0  0  0  0  0  3882576  0  0  0  0  0  0  0  0  0  21  0  0  0  0  0  47  0  0  0  0  0  0  0 
1441612907  0  0  0  0  0  0  0  0  0  3882576  0  0  0  0  0  0  0  0  0  21  0  0  0  0  0  47  0  0  0  0  0  0  0 
1441612908  0  0  0  0  0  0  0  0  0  3882576  0  0  0  0  0  0  0  0  0  21  0  0  0  0  0  47  0  0  0  0  0  0  0 
1441612908  0  0  0  0  0  0  0  0  0  3885606  0  0  0  0  0  0  0  0  0  21  0  0  0  0  0  48  0  3030  0  0  0  0  0 
1441612909  0  0  0  0  0  0  0  0  0  3885606  0  0  0  0  0  0  0  0  0  21  0  0  0  0  0  48  0  0  0  0  0  0  0 
1441612909  0  0  0  0  0  0  0  0  0  3885606  0  0  0  0  0  0  0  0  0  21  0  0  0  0  0  48  0  0  0  0  0  0  0 
1441612910  0  0  0  0  0  0  0  0  0  3885606  0  0  0  0  0  0  0  0  0  21  0  0  0  0  0  48  0  0  0  0  0  0  0 
1441612910  0  0  0  0  0  0  0  0  0  3885606  0  0  0  0  0  0  0  0  0  21  0  0  0  0  0  48  0  0  0  0  0  0  0 
1441612911  0  0  0  0  0  0  0  0  0  3885606  0  0  0  0  0  0  0  0  0  21  0  0  0  0  0  48  0  0  0  0  0  0  0 
1441612911  0  0  0  0  0  0  0  0  0  3885606  0  0  0  0  0  0  0  0  0  21  0  0  0  0  0  48  0  0  0  0  0  0  0 
1441612912  0  0  0  0  0  0  0  0  0  3885606  0  0  0  0  0  0  0  0  0  21  0  0  0  0  0  48  0  0  0  0  0  0  0 
1441612912  0  0  0  0  0  0  0  0  0  3885606  0  0  0  0  0  0  0  0  0  21  0  0  0  0  0  48  0  0  0  0  0  0  0 
1441612913  0  0  0  0  0  0  0  0  0  3885606  0  0  0  0  0  0  0  0  0  21  0  0  0  0  0  48  0  0  0  0  0  0  0 
1441612913  0  0  0  0  0  0  0  0  0  3885606  0  0  0  0  0  0  0  0  0  21  0  0  0  0  0  48  0  0  0  0  0  0  0 
1441612914  0  0  0  0  0  0  0  0  0  3885606  0  0  0  0  0  0  0  0  0  21  0  0  0  0  0  48  0  0  0  0  0  0  0 
1441612914  0  0  0  0  0  0  0  0  0  3885606  0  0  0  0  0  0  0  0  0  21  0  0  0  0  0  48  0  0  0  0  0  0  0 
1441612915  0  0  0  0  0  0  0  0  0  3885606  0  0  0  0  0  0  0  0  0  21  0  0  0  0  0  48  0  0  0  0  0  0  0 
1441612915  0  0  0  0  0  0  0  0  0  3885606  0  0  0  0  0  0  0  0  0  21  0  0  0  0  0  48  0  0  0  0  0  0  0 
1441612916  0  0  0  0  0  0  0  0  0  3885606  0  0  0  0  0  0  0  0  0  21  0  0  0  0  0  48  0  0  0  0  0  0  0 
1441612916  0  0  0  0  0  0  0  0  0  3885606  0  0  0  0  0  0  0  0  0  21  0  0  0  0  0  48  0  0  0  0  0  0  0 
1441612917  0  0  0  0  0  0  0  0  0  3885606  0  0  0  0  0  0  0  0  0  21  0  0  0  0  0  48  0  0  0  0  0  0  0 
1441612917  0  0  0  0  0  0  0  0  0  3885606  0  0  0  0  0  0  0  0  0  21  0  0  0  0  0  48  0  0  0  0  0  0  0 
1441612918  0  0  0  0  0  0  0  0  0  3885606  0  0  0  0  0  0  0  0  0  21  0  0  0  0  0  48  0  0  0  0  0  0  0 
1441612918  0  0  0  0  0  0  0  0  0  3888228  0  0  0  0  0  0  0  0  0  21  0  0  0  0  0  49  0  2622  0  0  0  0  0 
1441612919  0  0  0  0  0  0  0  0  0  3888228  0  0  0  0  0  0  0  0  0  21  0  0  0  0  0  49  0  0  0  0  0  0  0 
1441612919  0  0  0  0  0  0  0  0  0  3888228  0  0  0  0  0  0  0  0  0  21  0  0  0  0  0  49  0  0  0  0  0  0  0 
1441612920  0  0  0  0  0  0  0  0  0  3888228  0  0  0  0  0  0  0  0  0  21  0  0  0  0  0  49  0  0  0  0  0  0  0 
1441612920  0  0  0  0  0  0  0  0  0  3888228  0  0  0  0  0  0  0  0  0  21  0  0  0  0  0  49  0  0  0  0  0  0  0 
1441612921  0  0  0  0  0  0  0  0  0  3888228  0  0  0  0  0  0  0  0  0  21  0  0  0  0  0  49  0  0  0  0  0  0  0 
1441612921  0  0  0  0  0  0  0  0  0  3888228  0  0  0  0  0  0  0  0  0  21  0  0  0  0  0  49  0  0  0  0  0  0  0 
1441612922  0  0  0  0  0  0  0  0  0  3888228  0  0  0  0  0  0  0  0  0  21  0  0  0  0  0  49  0  0  0  0  0  0  0 
1441612922  0  0  0  0  0  0  0  0  0  3888228  0  0  0  0  0  0  0  0  0  21  0  0  0  0  0  49  0  0  0  0  0  0  0 
1441612923  0  0  0  0  0  0  0  0  0  3888228  0  0  0  0  0  0  0  0  0  21  0  0  0  0  0  49  0  0  0  0  0  0  0 
1441612923  0  0  0  0  0  0  0  0  0  3888228  0  0  0  0  0  0  0  0  0  21  0  0  0  0  0  49  0  0  0  0  0  0  0 
1441612924  0  0  0  0  0  0  0  0  0  3888228  0  0  0  0  0  0  0  0  0  21  0  0  0  0  0  49  0  0  0  0  0  0  0 
1441612924  0  0  0  0  0  0  0  0  0  3888228  0  0  0  0  0  0  0  0  0  21  0  0  0  0  0  49  0  0  0  0  0  0  0 
1441612925  0  0  0  0  0  0  0  0  0  3888228  0  0  0  0  0  0  0  0  0  21  0  0  0  0  0  49  0  0  0  0  0  0  0 
1441612925  0  0  0  0  0  0  0  0  0  3888228  0  0  0  0  0  0  0  0  0  21  0  0  0  0  0  49  0  0  0  0  0  0  0 
1441612926  0  0  0  0  0  0  0  0  0  3888228  0  0  0  0  0  0  0  0  0  21  0  0  0  0  0  49  0  0  0  0  0  0  0 
1441612926  0  0  0  0  0  0  0  0  0  3888228  0  0  0  0  0  0  0  0  0  21  0  0  0  0  0  49  0  0  0  0  0  0  0 
1441612927  0  0  0  0  0  0  0  0  0  3888228  0  0  0  0  0  0  0  0  0  21  0  0  0  0  0  49  0  0  0  0  0  0  0 
1441612927  0  0  0  0  0  0  0  0  0  3888228  0  0  0  0  0  0  0  0  0  21  0  0  0  0  0  49  0  0  0  0  0  0  0 
1441612928  0  0  0  0  0  0  0  0  0  3890947  0  0  0  0  0  0  0  0  0  21  0  0  0  0  0  50  0  2719  0  0  0  0  0 
1441612928  0  0  0  0  0  0  0  0  0  3890947  0  0  0  0  0  0  0  0  0  21  0  0  0  0  0  50  0  0  0  0  0  0  0 
1441612929  0  0  0  0  0  0  0  0  0  3890947  0  0  0  0  0  0  0  0  0  21  0  0  0  0  0  50  0  0  0  0  0  0  0 
1441612929  0  0  0  0  0  0  0  0  0  3890947  0  0  0  0  0  0  0  0  0  21  0  0  0  0  0  50  0  0  0  0  0  0  0 
1441612930  0  0  0  0  0  0  0  0  0  3890947  0  0  0  0  0  0  0  0  0  21  0  0  0  0  0  50  0  0  0  0  0  0  0 
1441612930  0  0  0  0  0  0  0  0  0  3890947  0  0  0  0  0  0  0  0  0  21  0  0  0  0  0  50  0  0  0  0  0  0  0 
1441612931  0  0  0  0  0  0  0  0  0  3890947  0  0  0  0  0  0  0  0  0  21  0  0  0  0  0  50  0  0  0  0  0  0  0 
1441612932  0  0  0  0  0  0  0  0  0  3890947  0  0  0  0  0  0  0  0  0  21  0  0  0  0  0  50  0  0  0  0  0  0  0 
1441612932  0  0  0  0  0  0  0  0  0  3890947  0  0  0  0  0  0  0  0  0  21  0  0  0  0  0  50  0  0  0  0  0  0  0 
1441612933  0  0  0  0  0  0  0  0  0  3890947  0  0  0  0  0  0  0  0  0  21  0  0  0  0  0  50  0  0  0  0  0  0  0 
1441612933  0  0  0  0  0  0  0  0  0  3890947  0  0  0  0  0  0  0  0  0  21  0  0  0  0  0  50  0  0  0  0  0  0  0 
1441612934  0  0  0  0  0  0  0  0  0  3890947  0  0  0  0  0  0  0  0  0  21  0  0  0  0  0  50  0  0  0  0  0  0  0 
1441612934  0  0  0  0  0  0  0  0  0  3890947  0  0  0  0  0  0  0  0  0  21  0  0  0  0  0  50  0  0  0  0  0  0  0 
1441612935  0  0  0  0  0  0  0  0  0  3890947  0  0  0  0  0  0  0  0  0  21  0  0  0  0  0  50  0  0  0  0  0  0  0 
1441612935  0  0  0  0  0  0  0  0  0  3890947  0  0  0  0  0  0  0  0  0  21  0  0  0  0  0  50  0  0  0  0  0  0  0 
1441612936  0  0  0  0  0  0  0  0  0  3890947  0  0  0  0  0  0  0  0  0  21  0  0  0  0  0  50  0  0  0  0  0  0  0 
1441612936  0  0  0  0  0  0  0  0  0  3890947  0  0  0  0  0  0  0  0  0  21  0  0  0  0  0  50  0  0  0  0  0  0  0 
1441612937  0  0  0  0  0  0  0  0  0  3890947  0  0  0  0  0  0  0  0  0  21  0  0  0  0  0  50  0  0  0  0  0  0  0 
1441612937  0  0  0  0  0  0  0  0  0  3890947  0  0  0  0  0  0  0  0  0  21  0  0  0  0  0  50  0  0  0  0  0  0  0 
1441612938  0  0  0  0  0  0  0  0  0  3890947  0  0  0  0  0  0  0  0  0  21  0  0  0  0  0  50  0  0  0  0  0  0  0 
1441612938  0  0  0  0  0  0  0  0  0  3890947  0  0  0  0  0  0  0  0  0  21  0  0  0  0  0  50  0  0  0  0  0  0  0 
1441612939  0  0  0  0  0  0  0  0  0  3895705  0  0  0  0  0  0  0  0  0  21  0  0  0  0  0  51  0  4758  0  0  0  0  0 
1441612939  0  0  0  0  0  0  0  0  0  3895705  0  0  0  0  0  0  0  0  0  21  0  0  0  0  0  51  0  0  0  0  0  0  0 
1441612940  0  0  0  0  0  0  0  0  0  3895705  0  0  0  0  0  0  0  0  0  21  0  0  0  0  0  51  0  0  0  0  0  0  0 
1441612940  0  0  0  0  0  0  0  0  0  3895705  0  0  0  0  0  0  0  0  0  21  0  0  0  0  0  51  0  0  0  0  0  0  0 
1441612941  0  0  0  0  0  0  0  0  0  3895705  0  0  0  0  0  0  0  0  0  21  0  0  0  0  0  51  0  0  0  0  0  0  0 
1441612941  0  0  0  0  0  0  0  0  0  3895705  0  0  0  0  0  0  0  0  0  21  0  0  0  0  0  51  0  0  0  0  0  0  0 
1441612942  0  0  0  0  0  0  0  0  0  3895705  0  0  0  0  0  0  0  0  0  21  0  0  0  0  0  51  0  0  0  0  0  0  0 
1441612942  0  0  0  0  0  0  0  0  0  3895705  0  0  0  0  0  0  0  0  0  21  0  0  0  0  0  51  0  0  0  0  0  0  0 
1441612943  0  0  0  0  0  0  0  0  0  3895705  0  0  0  0  0  0  0  0  0  21  0  0  0  0  0  51  0  0  0  0  0  0  0 
1441612943  0  0  0  0  0  0  0  0  0  3895705  0  0  0  0  0  0  0  0  0  21  0  0  0  0  0  51  0  0  0  0  0  0  0 
1441612944  0  0  0  0  0  0  0  0  0  3895705  0  0  0  0  0  0  0  0  0  21  0  0  0  0  0  51  0  0  0  0  0  0  0 
1441612944  0  0  0  0  0  0  0  0  0  3895705  0  0  0  0  0  0  0  0  0  21  0  0  0  0  0  51  0  0  0  0  0  0  0 
1441612945  0  0  0  0  0  0  0  0  0  3895705  0  0  0  0  0  0  0  0  0  21  0  0  0  0  0  51  0  0  0  0  0  0  0 
1441612945  0  0  0  0  0  0  0  0  0  3895705  0  0  0  0  0  0  0  0  0  21  0  0  0  0  0  51  0  0  0  0  0  0  0 
1441612946  0  0  0  0  0  0  0  0  0  3895705  0  0  0  0  0  0  0  0  0  21  0  0  0  0  0  51  0  0  0  0  0  0  0 
1441612946  0  0  0  0  0  0  0  0  0  3895705  0  0  0  0  0  0  0  0  0  21  0  0  0  0  0  51  0  0  0  0  0  0  0 
1441612947  0  0  0  0  0  0  0  0  0  3895705  0  0  0  0  0  0  0  0  0  21  0  0  0  0  0  51  0  0  0  0  0  0  0 
1441612947  0  0  0  0  0  0  0  0  0  3895705  0  0  0  0  0  0  0  0  0  21  0  0  0  0  0  51  0  0  0  0  0  0  0 
1441612948  0  0  0  0  0  0  0  0  0  3895705  0  0  0  0  0  0  0  0  0  21  0  0  0  0  0  51  0  0  0  0  0  0  0 
1441612948  0  0  0  0  0  0  0  0  0  3895705  0  0  0  0  0  0  0  0  0  21  0  0  0  0  0  51  0  0  0  0  0  0  0 
1441612949  0  0  0  0  0  0  0  0  0  3943773  0  0  0  0  0  0  0  0  0  22  0  0  0  0  0  53  0  48068  0  0  0  0  0 
1441612949  0  0  0  0  0  0  0  0  0  3990959  0  0  0  0  0  0  0  0  0  25  0  0  0  0  0  64  0  47186  0  0  0  0  0 
1441612950  0  0  0  0  0  0  0  0  0  3990959  0  0  0  0  0  0  0  0  0  25  0  0  0  0  0  64  0  0  0  0  0  0  0 
1441612950  0  0  0  0  0  0  0  0  0  3990959  0  0  0  0  0  0  0  0  0  25  0  0  0  0  0  64  0  0  0  0  0  0  0 
