#Type:X;CI:3;ww:0;ca:0;co:0;fr:0;Type:X;CI:3;PI:0;PT:EP;U0:0;U1:0;
#time  Pp  gt  gs  cn  cm  cb  Nc  Pc  cp  Tc  Nm  pr  ps  pt  px  pd  Pm  Om  fs  ft  Oc  Em  Gp  Ec  Ge  ot  os  Total_cycles_diff  Successful_get_diff  Total_get_diff  succ_put_diff  total_put_diff  get_hit  
1441612558  0  0  0  0  0  0  0  0  0  680598  0  0  0  0  0  0  0  0  0  0  0  0  0  0  0  0  0  680598  0  0  0  0  
1441612559  0  0  0  0  0  0  0  0  0  1178947  0  0  0  0  0  0  0  0  0  0  0  0  0  0  0  0  0  498349  0  0  0  0  0 
1441612559  0  0  0  0  0  0  0  0  0  1520364  0  0  0  0  0  0  0  0  0  0  0  0  0  0  0  0  0  341417  0  0  0  0  0 
1441612560  0  0  0  0  0  0  0  0  0  1751605  0  0  0  0  0  0  0  0  0  0  0  0  0  0  0  0  0  231241  0  0  0  0  0 
1441612560  0  0  0  0  0  0  0  0  0  2119050  0  0  0  0  0  0  0  0  0  7  0  0  0  0  0  22  0  367445  0  0  0  0  0 
1441612561  0  0  0  0  0  0  0  0  0  2765800  0  0  0  0  0  0  0  0  0  13  0  0  0  0  0  39  0  646750  0  0  0  0  0 
1441612561  0  0  0  0  0  0  0  0  0  2765800  0  0  0  0  0  0  0  0  0  13  0  0  0  0  0  39  0  0  0  0  0  0  0 
1441612562  0  0  0  0  0  0  0  0  0  3457453  0  0  0  0  0  0  0  0  0  20  0  0  0  0  0  44  0  691653  0  0  0  0  0 
1441612562  0  0  0  0  0  0  0  0  0  4020464  0  0  0  0  0  0  0  0  0  21  0  0  0  0  0  46  0  563011  0  0  0  0  0 
1441612563  0  0  0  0  0  0  0  0  0  4061102  0  0  0  0  0  0  0  0  0  21  0  0  0  0  0  46  0  40638  0  0  0  0  0 
1441612563  0  0  0  0  0  0  0  0  0  4061102  0  0  0  0  0  0  0  0  0  21  0  0  0  0  0  46  0  0  0  0  0  0  0 
1441612564  0  0  0  0  0  0  0  0  0  4061102  0  0  0  0  0  0  0  0  0  21  0  0  0  0  0  46  0  0  0  0  0  0  0 
1441612564  0  0  0  0  0  0  0  0  0  4061102  0  0  0  0  0  0  0  0  0  21  0  0  0  0  0  46  0  0  0  0  0  0  0 
1441612565  0  0  0  0  0  0  0  0  0  4061102  0  0  0  0  0  0  0  0  0  21  0  0  0  0  0  46  0  0  0  0  0  0  0 
1441612565  0  0  0  0  0  0  0  0  0  4061102  0  0  0  0  0  0  0  0  0  21  0  0  0  0  0  46  0  0  0  0  0  0  0 
1441612566  0  0  0  0  0  0  0  0  0  4061102  0  0  0  0  0  0  0  0  0  21  0  0  0  0  0  46  0  0  0  0  0  0  0 
1441612566  0  0  0  0  0  0  0  0  0  4061102  0  0  0  0  0  0  0  0  0  21  0  0  0  0  0  46  0  0  0  0  0  0  0 
1441612567  0  0  0  0  0  0  0  0  0  4061102  0  0  0  0  0  0  0  0  0  21  0  0  0  0  0  46  0  0  0  0  0  0  0 
1441612567  0  0  0  0  0  0  0  0  0  4061102  0  0  0  0  0  0  0  0  0  21  0  0  0  0  0  46  0  0  0  0  0  0  0 
1441612568  0  0  0  0  0  0  0  0  0  4061102  0  0  0  0  0  0  0  0  0  21  0  0  0  0  0  46  0  0  0  0  0  0  0 
1441612568  0  0  0  0  0  0  0  0  0  4061102  0  0  0  0  0  0  0  0  0  21  0  0  0  0  0  46  0  0  0  0  0  0  0 
1441612569  0  0  0  0  0  0  0  0  0  4061102  0  0  0  0  0  0  0  0  0  21  0  0  0  0  0  46  0  0  0  0  0  0  0 
1441612569  0  0  0  0  0  0  0  0  0  4061102  0  0  0  0  0  0  0  0  0  21  0  0  0  0  0  46  0  0  0  0  0  0  0 
1441612570  0  0  0  0  0  0  0  0  0  4061102  0  0  0  0  0  0  0  0  0  21  0  0  0  0  0  46  0  0  0  0  0  0  0 
1441612570  0  0  0  0  0  0  0  0  0  4061102  0  0  0  0  0  0  0  0  0  21  0  0  0  0  0  46  0  0  0  0  0  0  0 
1441612571  0  0  0  0  0  0  0  0  0  4061102  0  0  0  0  0  0  0  0  0  21  0  0  0  0  0  46  0  0  0  0  0  0  0 
1441612571  0  0  0  0  0  0  0  0  0  4061102  0  0  0  0  0  0  0  0  0  21  0  0  0  0  0  46  0  0  0  0  0  0  0 
1441612572  0  0  0  0  0  0  0  0  0  4061102  0  0  0  0  0  0  0  0  0  21  0  0  0  0  0  46  0  0  0  0  0  0  0 
1441612572  0  0  0  0  0  0  0  0  0  4061102  0  0  0  0  0  0  0  0  0  21  0  0  0  0  0  46  0  0  0  0  0  0  0 
1441612573  0  0  0  0  0  0  0  0  0  4061102  0  0  0  0  0  0  0  0  0  21  0  0  0  0  0  46  0  0  0  0  0  0  0 
1441612573  0  0  0  0  0  0  0  0  0  4061102  0  0  0  0  0  0  0  0  0  21  0  0  0  0  0  46  0  0  0  0  0  0  0 
1441612574  0  0  0  0  0  0  0  0  0  4061102  0  0  0  0  0  0  0  0  0  21  0  0  0  0  0  46  0  0  0  0  0  0  0 
1441612574  0  0  0  0  0  0  0  0  0  4061102  0  0  0  0  0  0  0  0  0  21  0  0  0  0  0  46  0  0  0  0  0  0  0 
1441612575  0  0  0  0  0  0  0  0  0  4061102  0  0  0  0  0  0  0  0  0  21  0  0  0  0  0  46  0  0  0  0  0  0  0 
1441612575  0  0  0  0  0  0  0  0  0  4061102  0  0  0  0  0  0  0  0  0  21  0  0  0  0  0  46  0  0  0  0  0  0  0 
1441612576  0  0  0  0  0  0  0  0  0  4061102  0  0  0  0  0  0  0  0  0  21  0  0  0  0  0  46  0  0  0  0  0  0  0 
1441612576  0  0  0  0  0  0  0  0  0  4061102  0  0  0  0  0  0  0  0  0  21  0  0  0  0  0  46  0  0  0  0  0  0  0 
1441612577  0  0  0  0  0  0  0  0  0  4061102  0  0  0  0  0  0  0  0  0  21  0  0  0  0  0  46  0  0  0  0  0  0  0 
1441612577  0  0  0  0  0  0  0  0  0  4061102  0  0  0  0  0  0  0  0  0  21  0  0  0  0  0  46  0  0  0  0  0  0  0 
1441612578  0  0  0  0  0  0  0  0  0  4061102  0  0  0  0  0  0  0  0  0  21  0  0  0  0  0  46  0  0  0  0  0  0  0 
1441612578  0  0  0  0  0  0  0  0  0  4061102  0  0  0  0  0  0  0  0  0  21  0  0  0  0  0  46  0  0  0  0  0  0  0 
1441612579  0  0  0  0  0  0  0  0  0  4061102  0  0  0  0  0  0  0  0  0  21  0  0  0  0  0  46  0  0  0  0  0  0  0 
1441612579  0  0  0  0  0  0  0  0  0  4061102  0  0  0  0  0  0  0  0  0  21  0  0  0  0  0  46  0  0  0  0  0  0  0 
1441612580  0  0  0  0  0  0  0  0  0  4061102  0  0  0  0  0  0  0  0  0  21  0  0  0  0  0  46  0  0  0  0  0  0  0 
1441612580  0  0  0  0  0  0  0  0  0  4061102  0  0  0  0  0  0  0  0  0  21  0  0  0  0  0  46  0  0  0  0  0  0  0 
1441612581  0  0  0  0  0  0  0  0  0  4061102  0  0  0  0  0  0  0  0  0  21  0  0  0  0  0  46  0  0  0  0  0  0  0 
1441612581  0  0  0  0  0  0  0  0  0  4061102  0  0  0  0  0  0  0  0  0  21  0  0  0  0  0  46  0  0  0  0  0  0  0 
1441612582  0  0  0  0  0  0  0  0  0  4061102  0  0  0  0  0  0  0  0  0  21  0  0  0  0  0  46  0  0  0  0  0  0  0 
1441612582  0  0  0  0  0  0  0  0  0  4061102  0  0  0  0  0  0  0  0  0  21  0  0  0  0  0  46  0  0  0  0  0  0  0 
1441612583  0  0  0  0  0  0  0  0  0  4061102  0  0  0  0  0  0  0  0  0  21  0  0  0  0  0  46  0  0  0  0  0  0  0 
1441612583  0  0  0  0  0  0  0  0  0  4061102  0  0  0  0  0  0  0  0  0  21  0  0  0  0  0  46  0  0  0  0  0  0  0 
1441612584  0  0  0  0  0  0  0  0  0  4061102  0  0  0  0  0  0  0  0  0  21  0  0  0  0  0  46  0  0  0  0  0  0  0 
1441612584  0  0  0  0  0  0  0  0  0  4061102  0  0  0  0  0  0  0  0  0  21  0  0  0  0  0  46  0  0  0  0  0  0  0 
1441612585  0  0  0  0  0  0  0  0  0  4061102  0  0  0  0  0  0  0  0  0  21  0  0  0  0  0  46  0  0  0  0  0  0  0 
1441612585  0  0  0  0  0  0  0  0  0  4061102  0  0  0  0  0  0  0  0  0  21  0  0  0  0  0  46  0  0  0  0  0  0  0 
1441612586  0  0  0  0  0  0  0  0  0  4061102  0  0  0  0  0  0  0  0  0  21  0  0  0  0  0  46  0  0  0  0  0  0  0 
1441612586  0  0  0  0  0  0  0  0  0  4061102  0  0  0  0  0  0  0  0  0  21  0  0  0  0  0  46  0  0  0  0  0  0  0 
1441612587  0  0  0  0  0  0  0  0  0  4061102  0  0  0  0  0  0  0  0  0  21  0  0  0  0  0  46  0  0  0  0  0  0  0 
1441612587  0  0  0  0  0  0  0  0  0  4061102  0  0  0  0  0  0  0  0  0  21  0  0  0  0  0  46  0  0  0  0  0  0  0 
1441612588  0  0  0  0  0  0  0  0  0  4061102  0  0  0  0  0  0  0  0  0  21  0  0  0  0  0  46  0  0  0  0  0  0  0 
1441612588  0  0  0  0  0  0  0  0  0  4061102  0  0  0  0  0  0  0  0  0  21  0  0  0  0  0  46  0  0  0  0  0  0  0 
1441612589  0  0  0  0  0  0  0  0  0  4061102  0  0  0  0  0  0  0  0  0  21  0  0  0  0  0  46  0  0  0  0  0  0  0 
1441612589  0  0  0  0  0  0  0  0  0  4061102  0  0  0  0  0  0  0  0  0  21  0  0  0  0  0  46  0  0  0  0  0  0  0 
1441612590  0  0  0  0  0  0  0  0  0  4061102  0  0  0  0  0  0  0  0  0  21  0  0  0  0  0  46  0  0  0  0  0  0  0 
1441612591  0  0  0  0  0  0  0  0  0  4061102  0  0  0  0  0  0  0  0  0  21  0  0  0  0  0  46  0  0  0  0  0  0  0 
1441612591  0  0  0  0  0  0  0  0  0  4061102  0  0  0  0  0  0  0  0  0  21  0  0  0  0  0  46  0  0  0  0  0  0  0 
1441612592  0  0  0  0  0  0  0  0  0  4061102  0  0  0  0  0  0  0  0  0  21  0  0  0  0  0  46  0  0  0  0  0  0  0 
1441612592  0  0  0  0  0  0  0  0  0  4061102  0  0  0  0  0  0  0  0  0  21  0  0  0  0  0  46  0  0  0  0  0  0  0 
1441612593  0  0  0  0  0  0  0  0  0  4061102  0  0  0  0  0  0  0  0  0  21  0  0  0  0  0  46  0  0  0  0  0  0  0 
1441612593  0  0  0  0  0  0  0  0  0  4061102  0  0  0  0  0  0  0  0  0  21  0  0  0  0  0  46  0  0  0  0  0  0  0 
1441612594  0  0  0  0  0  0  0  0  0  4061102  0  0  0  0  0  0  0  0  0  21  0  0  0  0  0  46  0  0  0  0  0  0  0 
1441612594  0  0  0  0  0  0  0  0  0  4061102  0  0  0  0  0  0  0  0  0  21  0  0  0  0  0  46  0  0  0  0  0  0  0 
1441612595  0  0  0  0  0  0  0  0  0  4061102  0  0  0  0  0  0  0  0  0  21  0  0  0  0  0  46  0  0  0  0  0  0  0 
1441612595  0  0  0  0  0  0  0  0  0  4061102  0  0  0  0  0  0  0  0  0  21  0  0  0  0  0  46  0  0  0  0  0  0  0 
1441612596  0  0  0  0  0  0  0  0  0  4061102  0  0  0  0  0  0  0  0  0  21  0  0  0  0  0  46  0  0  0  0  0  0  0 
1441612596  0  0  0  0  0  0  0  0  0  4061102  0  0  0  0  0  0  0  0  0  21  0  0  0  0  0  46  0  0  0  0  0  0  0 
1441612597  0  0  0  0  0  0  0  0  0  4061102  0  0  0  0  0  0  0  0  0  21  0  0  0  0  0  46  0  0  0  0  0  0  0 
1441612597  0  0  0  0  0  0  0  0  0  4061102  0  0  0  0  0  0  0  0  0  21  0  0  0  0  0  46  0  0  0  0  0  0  0 
1441612598  0  0  0  0  0  0  0  0  0  4061102  0  0  0  0  0  0  0  0  0  21  0  0  0  0  0  46  0  0  0  0  0  0  0 
1441612598  0  0  0  0  0  0  0  0  0  4061102  0  0  0  0  0  0  0  0  0  21  0  0  0  0  0  46  0  0  0  0  0  0  0 
1441612599  0  0  0  0  0  0  0  0  0  4061102  0  0  0  0  0  0  0  0  0  21  0  0  0  0  0  46  0  0  0  0  0  0  0 
1441612599  0  0  0  0  0  0  0  0  0  4061102  0  0  0  0  0  0  0  0  0  21  0  0  0  0  0  46  0  0  0  0  0  0  0 
1441612600  0  0  0  0  0  0  0  0  0  4061102  0  0  0  0  0  0  0  0  0  21  0  0  0  0  0  46  0  0  0  0  0  0  0 
1441612600  0  0  0  0  0  0  0  0  0  4061102  0  0  0  0  0  0  0  0  0  21  0  0  0  0  0  46  0  0  0  0  0  0  0 
1441612601  0  0  0  0  0  0  0  0  0  4061102  0  0  0  0  0  0  0  0  0  21  0  0  0  0  0  46  0  0  0  0  0  0  0 
1441612601  0  0  0  0  0  0  0  0  0  4061102  0  0  0  0  0  0  0  0  0  21  0  0  0  0  0  46  0  0  0  0  0  0  0 
1441612602  0  0  0  0  0  0  0  0  0  4061102  0  0  0  0  0  0  0  0  0  21  0  0  0  0  0  46  0  0  0  0  0  0  0 
1441612602  0  0  0  0  0  0  0  0  0  4061102  0  0  0  0  0  0  0  0  0  21  0  0  0  0  0  46  0  0  0  0  0  0  0 
1441612603  0  0  0  0  0  0  0  0  0  4061102  0  0  0  0  0  0  0  0  0  21  0  0  0  0  0  46  0  0  0  0  0  0  0 
1441612603  0  0  0  0  0  0  0  0  0  4061102  0  0  0  0  0  0  0  0  0  21  0  0  0  0  0  46  0  0  0  0  0  0  0 
1441612604  0  0  0  0  0  0  0  0  0  4061102  0  0  0  0  0  0  0  0  0  21  0  0  0  0  0  46  0  0  0  0  0  0  0 
1441612604  0  0  0  0  0  0  0  0  0  4061102  0  0  0  0  0  0  0  0  0  21  0  0  0  0  0  46  0  0  0  0  0  0  0 
1441612605  0  0  0  0  0  0  0  0  0  4061102  0  0  0  0  0  0  0  0  0  21  0  0  0  0  0  46  0  0  0  0  0  0  0 
1441612605  0  0  0  0  0  0  0  0  0  4061102  0  0  0  0  0  0  0  0  0  21  0  0  0  0  0  46  0  0  0  0  0  0  0 
1441612606  0  0  0  0  0  0  0  0  0  4061102  0  0  0  0  0  0  0  0  0  21  0  0  0  0  0  46  0  0  0  0  0  0  0 
1441612606  0  0  0  0  0  0  0  0  0  4061102  0  0  0  0  0  0  0  0  0  21  0  0  0  0  0  46  0  0  0  0  0  0  0 
1441612607  0  0  0  0  0  0  0  0  0  4061102  0  0  0  0  0  0  0  0  0  21  0  0  0  0  0  46  0  0  0  0  0  0  0 
1441612607  0  0  0  0  0  0  0  0  0  4061102  0  0  0  0  0  0  0  0  0  21  0  0  0  0  0  46  0  0  0  0  0  0  0 
1441612608  0  0  0  0  0  0  0  0  0  4061102  0  0  0  0  0  0  0  0  0  21  0  0  0  0  0  46  0  0  0  0  0  0  0 
1441612608  0  0  0  0  0  0  0  0  0  4061102  0  0  0  0  0  0  0  0  0  21  0  0  0  0  0  46  0  0  0  0  0  0  0 
1441612609  0  0  0  0  0  0  0  0  0  4061102  0  0  0  0  0  0  0  0  0  21  0  0  0  0  0  46  0  0  0  0  0  0  0 
1441612609  0  0  0  0  0  0  0  0  0  4061102  0  0  0  0  0  0  0  0  0  21  0  0  0  0  0  46  0  0  0  0  0  0  0 
1441612610  0  0  0  0  0  0  0  0  0  4061102  0  0  0  0  0  0  0  0  0  21  0  0  0  0  0  46  0  0  0  0  0  0  0 
1441612610  0  0  0  0  0  0  0  0  0  4061102  0  0  0  0  0  0  0  0  0  21  0  0  0  0  0  46  0  0  0  0  0  0  0 
1441612611  0  0  0  0  0  0  0  0  0  4061102  0  0  0  0  0  0  0  0  0  21  0  0  0  0  0  46  0  0  0  0  0  0  0 
1441612611  0  0  0  0  0  0  0  0  0  4061102  0  0  0  0  0  0  0  0  0  21  0  0  0  0  0  46  0  0  0  0  0  0  0 
1441612612  0  0  0  0  0  0  0  0  0  4061102  0  0  0  0  0  0  0  0  0  21  0  0  0  0  0  46  0  0  0  0  0  0  0 
1441612612  0  0  0  0  0  0  0  0  0  4061102  0  0  0  0  0  0  0  0  0  21  0  0  0  0  0  46  0  0  0  0  0  0  0 
1441612613  0  0  0  0  0  0  0  0  0  4061102  0  0  0  0  0  0  0  0  0  21  0  0  0  0  0  46  0  0  0  0  0  0  0 
1441612613  0  0  0  0  0  0  0  0  0  4061102  0  0  0  0  0  0  0  0  0  21  0  0  0  0  0  46  0  0  0  0  0  0  0 
1441612614  0  0  0  0  0  0  0  0  0  4061102  0  0  0  0  0  0  0  0  0  21  0  0  0  0  0  46  0  0  0  0  0  0  0 
1441612614  0  0  0  0  0  0  0  0  0  4061102  0  0  0  0  0  0  0  0  0  21  0  0  0  0  0  46  0  0  0  0  0  0  0 
1441612615  0  0  0  0  0  0  0  0  0  4067668  0  0  0  0  0  0  0  0  0  21  0  0  0  0  0  47  0  6566  0  0  0  0  0 
1441612615  0  0  0  0  0  0  0  0  0  4067668  0  0  0  0  0  0  0  0  0  21  0  0  0  0  0  47  0  0  0  0  0  0  0 
1441612616  0  0  0  0  0  0  0  0  0  4067668  0  0  0  0  0  0  0  0  0  21  0  0  0  0  0  47  0  0  0  0  0  0  0 
1441612616  0  0  0  0  0  0  0  0  0  4067668  0  0  0  0  0  0  0  0  0  21  0  0  0  0  0  47  0  0  0  0  0  0  0 
1441612617  0  0  0  0  0  0  0  0  0  4067668  0  0  0  0  0  0  0  0  0  21  0  0  0  0  0  47  0  0  0  0  0  0  0 
1441612617  0  0  0  0  0  0  0  0  0  4067668  0  0  0  0  0  0  0  0  0  21  0  0  0  0  0  47  0  0  0  0  0  0  0 
1441612618  0  0  0  0  0  0  0  0  0  4067668  0  0  0  0  0  0  0  0  0  21  0  0  0  0  0  47  0  0  0  0  0  0  0 
1441612618  0  0  0  0  0  0  0  0  0  4067668  0  0  0  0  0  0  0  0  0  21  0  0  0  0  0  47  0  0  0  0  0  0  0 
1441612619  0  0  0  0  0  0  0  0  0  4067668  0  0  0  0  0  0  0  0  0  21  0  0  0  0  0  47  0  0  0  0  0  0  0 
1441612619  0  0  0  0  0  0  0  0  0  4067668  0  0  0  0  0  0  0  0  0  21  0  0  0  0  0  47  0  0  0  0  0  0  0 
1441612620  0  0  0  0  0  0  0  0  0  4067668  0  0  0  0  0  0  0  0  0  21  0  0  0  0  0  47  0  0  0  0  0  0  0 
1441612620  0  0  0  0  0  0  0  0  0  4067668  0  0  0  0  0  0  0  0  0  21  0  0  0  0  0  47  0  0  0  0  0  0  0 
1441612621  0  0  0  0  0  0  0  0  0  4067668  0  0  0  0  0  0  0  0  0  21  0  0  0  0  0  47  0  0  0  0  0  0  0 
1441612621  0  0  0  0  0  0  0  0  0  4067668  0  0  0  0  0  0  0  0  0  21  0  0  0  0  0  47  0  0  0  0  0  0  0 
1441612622  0  0  0  0  0  0  0  0  0  4067668  0  0  0  0  0  0  0  0  0  21  0  0  0  0  0  47  0  0  0  0  0  0  0 
1441612622  0  0  0  0  0  0  0  0  0  4067668  0  0  0  0  0  0  0  0  0  21  0  0  0  0  0  47  0  0  0  0  0  0  0 
1441612623  0  0  0  0  0  0  0  0  0  4067668  0  0  0  0  0  0  0  0  0  21  0  0  0  0  0  47  0  0  0  0  0  0  0 
1441612623  0  0  0  0  0  0  0  0  0  4067668  0  0  0  0  0  0  0  0  0  21  0  0  0  0  0  47  0  0  0  0  0  0  0 
1441612624  0  0  0  0  0  0  0  0  0  4067668  0  0  0  0  0  0  0  0  0  21  0  0  0  0  0  47  0  0  0  0  0  0  0 
1441612624  0  0  0  0  0  0  0  0  0  4070121  0  0  0  0  0  0  0  0  0  21  0  0  0  0  0  48  0  2453  0  0  0  0  0 
1441612625  0  0  0  0  0  0  0  0  0  4070121  0  0  0  0  0  0  0  0  0  21  0  0  0  0  0  48  0  0  0  0  0  0  0 
1441612626  0  0  0  0  0  0  0  0  0  4070121  0  0  0  0  0  0  0  0  0  21  0  0  0  0  0  48  0  0  0  0  0  0  0 
1441612626  0  0  0  0  0  0  0  0  0  4070121  0  0  0  0  0  0  0  0  0  21  0  0  0  0  0  48  0  0  0  0  0  0  0 
1441612627  0  0  0  0  0  0  0  0  0  4070121  0  0  0  0  0  0  0  0  0  21  0  0  0  0  0  48  0  0  0  0  0  0  0 
1441612627  0  0  0  0  0  0  0  0  0  4070121  0  0  0  0  0  0  0  0  0  21  0  0  0  0  0  48  0  0  0  0  0  0  0 
1441612628  0  0  0  0  0  0  0  0  0  4070121  0  0  0  0  0  0  0  0  0  21  0  0  0  0  0  48  0  0  0  0  0  0  0 
1441612628  0  0  0  0  0  0  0  0  0  4070121  0  0  0  0  0  0  0  0  0  21  0  0  0  0  0  48  0  0  0  0  0  0  0 
1441612629  0  0  0  0  0  0  0  0  0  4070121  0  0  0  0  0  0  0  0  0  21  0  0  0  0  0  48  0  0  0  0  0  0  0 
1441612629  0  0  0  0  0  0  0  0  0  4070121  0  0  0  0  0  0  0  0  0  21  0  0  0  0  0  48  0  0  0  0  0  0  0 
1441612630  0  0  0  0  0  0  0  0  0  4070121  0  0  0  0  0  0  0  0  0  21  0  0  0  0  0  48  0  0  0  0  0  0  0 
1441612630  0  0  0  0  0  0  0  0  0  4070121  0  0  0  0  0  0  0  0  0  21  0  0  0  0  0  48  0  0  0  0  0  0  0 
1441612631  0  0  0  0  0  0  0  0  0  4070121  0  0  0  0  0  0  0  0  0  21  0  0  0  0  0  48  0  0  0  0  0  0  0 
1441612631  0  0  0  0  0  0  0  0  0  4070121  0  0  0  0  0  0  0  0  0  21  0  0  0  0  0  48  0  0  0  0  0  0  0 
1441612632  0  0  0  0  0  0  0  0  0  4070121  0  0  0  0  0  0  0  0  0  21  0  0  0  0  0  48  0  0  0  0  0  0  0 
1441612632  0  0  0  0  0  0  0  0  0  4070121  0  0  0  0  0  0  0  0  0  21  0  0  0  0  0  48  0  0  0  0  0  0  0 
1441612633  0  0  0  0  0  0  0  0  0  4070121  0  0  0  0  0  0  0  0  0  21  0  0  0  0  0  48  0  0  0  0  0  0  0 
1441612633  0  0  0  0  0  0  0  0  0  4070121  0  0  0  0  0  0  0  0  0  21  0  0  0  0  0  48  0  0  0  0  0  0  0 
1441612634  0  0  0  0  0  0  0  0  0  4070121  0  0  0  0  0  0  0  0  0  21  0  0  0  0  0  48  0  0  0  0  0  0  0 
1441612634  0  0  0  0  0  0  0  0  0  4070121  0  0  0  0  0  0  0  0  0  21  0  0  0  0  0  48  0  0  0  0  0  0  0 
1441612635  0  0  0  0  0  0  0  0  0  4072864  0  0  0  0  0  0  0  0  0  21  0  0  0  0  0  49  0  2743  0  0  0  0  0 
1441612635  0  0  0  0  0  0  0  0  0  4072864  0  0  0  0  0  0  0  0  0  21  0  0  0  0  0  49  0  0  0  0  0  0  0 
1441612636  0  0  0  0  0  0  0  0  0  4072864  0  0  0  0  0  0  0  0  0  21  0  0  0  0  0  49  0  0  0  0  0  0  0 
1441612636  0  0  0  0  0  0  0  0  0  4072864  0  0  0  0  0  0  0  0  0  21  0  0  0  0  0  49  0  0  0  0  0  0  0 
1441612637  0  0  0  0  0  0  0  0  0  4072864  0  0  0  0  0  0  0  0  0  21  0  0  0  0  0  49  0  0  0  0  0  0  0 
1441612637  0  0  0  0  0  0  0  0  0  4072864  0  0  0  0  0  0  0  0  0  21  0  0  0  0  0  49  0  0  0  0  0  0  0 
1441612638  0  0  0  0  0  0  0  0  0  4072864  0  0  0  0  0  0  0  0  0  21  0  0  0  0  0  49  0  0  0  0  0  0  0 
1441612638  0  0  0  0  0  0  0  0  0  4072864  0  0  0  0  0  0  0  0  0  21  0  0  0  0  0  49  0  0  0  0  0  0  0 
1441612639  0  0  0  0  0  0  0  0  0  4072864  0  0  0  0  0  0  0  0  0  21  0  0  0  0  0  49  0  0  0  0  0  0  0 
1441612639  0  0  0  0  0  0  0  0  0  4072864  0  0  0  0  0  0  0  0  0  21  0  0  0  0  0  49  0  0  0  0  0  0  0 
1441612640  0  0  0  0  0  0  0  0  0  4072864  0  0  0  0  0  0  0  0  0  21  0  0  0  0  0  49  0  0  0  0  0  0  0 
1441612640  0  0  0  0  0  0  0  0  0  4072864  0  0  0  0  0  0  0  0  0  21  0  0  0  0  0  49  0  0  0  0  0  0  0 
1441612641  0  0  0  0  0  0  0  0  0  4072864  0  0  0  0  0  0  0  0  0  21  0  0  0  0  0  49  0  0  0  0  0  0  0 
1441612641  0  0  0  0  0  0  0  0  0  4072864  0  0  0  0  0  0  0  0  0  21  0  0  0  0  0  49  0  0  0  0  0  0  0 
1441612642  0  0  0  0  0  0  0  0  0  4072864  0  0  0  0  0  0  0  0  0  21  0  0  0  0  0  49  0  0  0  0  0  0  0 
1441612642  0  0  0  0  0  0  0  0  0  4072864  0  0  0  0  0  0  0  0  0  21  0  0  0  0  0  49  0  0  0  0  0  0  0 
1441612643  0  0  0  0  0  0  0  0  0  4072864  0  0  0  0  0  0  0  0  0  21  0  0  0  0  0  49  0  0  0  0  0  0  0 
1441612643  0  0  0  0  0  0  0  0  0  4072864  0  0  0  0  0  0  0  0  0  21  0  0  0  0  0  49  0  0  0  0  0  0  0 
1441612644  0  0  0  0  0  0  0  0  0  4072864  0  0  0  0  0  0  0  0  0  21  0  0  0  0  0  49  0  0  0  0  0  0  0 
1441612644  0  0  0  0  0  0  0  0  0  4072864  0  0  0  0  0  0  0  0  0  21  0  0  0  0  0  49  0  0  0  0  0  0  0 
1441612645  0  0  0  0  0  0  0  0  0  4075465  0  0  0  0  0  0  0  0  0  21  0  0  0  0  0  50  0  2601  0  0  0  0  0 
1441612645  0  0  0  0  0  0  0  0  0  4075465  0  0  0  0  0  0  0  0  0  21  0  0  0  0  0  50  0  0  0  0  0  0  0 
1441612646  0  0  0  0  0  0  0  0  0  4075465  0  0  0  0  0  0  0  0  0  21  0  0  0  0  0  50  0  0  0  0  0  0  0 
1441612646  0  0  0  0  0  0  0  0  0  4075465  0  0  0  0  0  0  0  0  0  21  0  0  0  0  0  50  0  0  0  0  0  0  0 
1441612647  0  0  0  0  0  0  0  0  0  4075465  0  0  0  0  0  0  0  0  0  21  0  0  0  0  0  50  0  0  0  0  0  0  0 
1441612647  0  0  0  0  0  0  0  0  0  4075465  0  0  0  0  0  0  0  0  0  21  0  0  0  0  0  50  0  0  0  0  0  0  0 
1441612648  0  0  0  0  0  0  0  0  0  4075465  0  0  0  0  0  0  0  0  0  21  0  0  0  0  0  50  0  0  0  0  0  0  0 
1441612648  0  0  0  0  0  0  0  0  0  4075465  0  0  0  0  0  0  0  0  0  21  0  0  0  0  0  50  0  0  0  0  0  0  0 
1441612649  0  0  0  0  0  0  0  0  0  4075465  0  0  0  0  0  0  0  0  0  21  0  0  0  0  0  50  0  0  0  0  0  0  0 
1441612649  0  0  0  0  0  0  0  0  0  4075465  0  0  0  0  0  0  0  0  0  21  0  0  0  0  0  50  0  0  0  0  0  0  0 
1441612650  0  0  0  0  0  0  0  0  0  4075465  0  0  0  0  0  0  0  0  0  21  0  0  0  0  0  50  0  0  0  0  0  0  0 
1441612650  0  0  0  0  0  0  0  0  0  4075465  0  0  0  0  0  0  0  0  0  21  0  0  0  0  0  50  0  0  0  0  0  0  0 
1441612651  0  0  0  0  0  0  0  0  0  4075465  0  0  0  0  0  0  0  0  0  21  0  0  0  0  0  50  0  0  0  0  0  0  0 
1441612651  0  0  0  0  0  0  0  0  0  4075465  0  0  0  0  0  0  0  0  0  21  0  0  0  0  0  50  0  0  0  0  0  0  0 
1441612652  0  0  0  0  0  0  0  0  0  4075465  0  0  0  0  0  0  0  0  0  21  0  0  0  0  0  50  0  0  0  0  0  0  0 
1441612652  0  0  0  0  0  0  0  0  0  4075465  0  0  0  0  0  0  0  0  0  21  0  0  0  0  0  50  0  0  0  0  0  0  0 
1441612653  0  0  0  0  0  0  0  0  0  4075465  0  0  0  0  0  0  0  0  0  21  0  0  0  0  0  50  0  0  0  0  0  0  0 
1441612653  0  0  0  0  0  0  0  0  0  4075465  0  0  0  0  0  0  0  0  0  21  0  0  0  0  0  50  0  0  0  0  0  0  0 
1441612654  0  0  0  0  0  0  0  0  0  4075465  0  0  0  0  0  0  0  0  0  21  0  0  0  0  0  50  0  0  0  0  0  0  0 
1441612654  0  0  0  0  0  0  0  0  0  4075465  0  0  0  0  0  0  0  0  0  21  0  0  0  0  0  50  0  0  0  0  0  0  0 
1441612655  0  0  0  0  0  0  0  0  0  4078139  0  0  0  0  0  0  0  0  0  21  0  0  0  0  0  51  0  2674  0  0  0  0  0 
1441612655  0  0  0  0  0  0  0  0  0  4078139  0  0  0  0  0  0  0  0  0  21  0  0  0  0  0  51  0  0  0  0  0  0  0 
1441612656  0  0  0  0  0  0  0  0  0  4078139  0  0  0  0  0  0  0  0  0  21  0  0  0  0  0  51  0  0  0  0  0  0  0 
1441612656  0  0  0  0  0  0  0  0  0  4078139  0  0  0  0  0  0  0  0  0  21  0  0  0  0  0  51  0  0  0  0  0  0  0 
1441612657  0  0  0  0  0  0  0  0  0  4078139  0  0  0  0  0  0  0  0  0  21  0  0  0  0  0  51  0  0  0  0  0  0  0 
1441612657  0  0  0  0  0  0  0  0  0  4078139  0  0  0  0  0  0  0  0  0  21  0  0  0  0  0  51  0  0  0  0  0  0  0 
1441612658  0  0  0  0  0  0  0  0  0  4078139  0  0  0  0  0  0  0  0  0  21  0  0  0  0  0  51  0  0  0  0  0  0  0 
1441612658  0  0  0  0  0  0  0  0  0  4078139  0  0  0  0  0  0  0  0  0  21  0  0  0  0  0  51  0  0  0  0  0  0  0 
1441612659  0  0  0  0  0  0  0  0  0  4078139  0  0  0  0  0  0  0  0  0  21  0  0  0  0  0  51  0  0  0  0  0  0  0 
1441612659  0  0  0  0  0  0  0  0  0  4078139  0  0  0  0  0  0  0  0  0  21  0  0  0  0  0  51  0  0  0  0  0  0  0 
1441612660  0  0  0  0  0  0  0  0  0  4078139  0  0  0  0  0  0  0  0  0  21  0  0  0  0  0  51  0  0  0  0  0  0  0 
1441612660  0  0  0  0  0  0  0  0  0  4078139  0  0  0  0  0  0  0  0  0  21  0  0  0  0  0  51  0  0  0  0  0  0  0 
1441612661  0  0  0  0  0  0  0  0  0  4078139  0  0  0  0  0  0  0  0  0  21  0  0  0  0  0  51  0  0  0  0  0  0  0 
1441612661  0  0  0  0  0  0  0  0  0  4078139  0  0  0  0  0  0  0  0  0  21  0  0  0  0  0  51  0  0  0  0  0  0  0 
1441612662  0  0  0  0  0  0  0  0  0  4078139  0  0  0  0  0  0  0  0  0  21  0  0  0  0  0  51  0  0  0  0  0  0  0 
1441612662  0  0  0  0  0  0  0  0  0  4078139  0  0  0  0  0  0  0  0  0  21  0  0  0  0  0  51  0  0  0  0  0  0  0 
1441612663  0  0  0  0  0  0  0  0  0  4078139  0  0  0  0  0  0  0  0  0  21  0  0  0  0  0  51  0  0  0  0  0  0  0 
1441612663  0  0  0  0  0  0  0  0  0  4078139  0  0  0  0  0  0  0  0  0  21  0  0  0  0  0  51  0  0  0  0  0  0  0 
1441612664  0  0  0  0  0  0  0  0  0  4078139  0  0  0  0  0  0  0  0  0  21  0  0  0  0  0  51  0  0  0  0  0  0  0 
1441612664  0  0  0  0  0  0  0  0  0  4078139  0  0  0  0  0  0  0  0  0  21  0  0  0  0  0  51  0  0  0  0  0  0  0 
1441612665  0  0  0  0  0  0  0  0  0  4078139  0  0  0  0  0  0  0  0  0  21  0  0  0  0  0  51  0  0  0  0  0  0  0 
1441612665  0  0  0  0  0  0  0  0  0  4146713  0  0  0  0  0  0  0  0  0  25  0  0  0  0  0  64  0  68574  0  0  0  0  0 
1441612666  0  0  0  0  0  0  0  0  0  4154059  0  0  0  0  0  0  0  0  0  25  0  0  0  0  0  64  0  7346  0  0  0  0  0 
