#Type:X;CI:1;ww:0;ca:0;co:0;fr:0;Type:X;CI:1;PI:0;PT:EP;U0:0;U1:0;Type:X;CI:1;PI:1;PT:EP;U0:0;U1:0;
#time  Pp  gt  gs  cn  cm  cb  Nc  Pc  cp  Tc  Nm  pr  ps  pt  px  pd  Pm  Om  fs  ft  Oc  Em  Gp  Ec  Ge  ot  os  Total_cycles_diff  Successful_get_diff  Total_get_diff  succ_put_diff  total_put_diff  get_hit  
1441612483  0  0  0  0  0  0  0  0  0  3953385  0  0  0  0  0  0  0  0  0  21  0  0  0  0  0  46  0  3953385  0  0  0  0  
1441612483  0  0  0  0  0  0  0  0  0  3953385  0  0  0  0  0  0  0  0  0  21  0  0  0  0  0  46  0  0  0  0  0  0  0 
1441612484  0  0  0  0  0  0  0  0  0  3953385  0  0  0  0  0  0  0  0  0  21  0  0  0  0  0  46  0  0  0  0  0  0  0 
1441612484  0  0  0  0  0  0  0  0  0  3953385  0  0  0  0  0  0  0  0  0  21  0  0  0  0  0  46  0  0  0  0  0  0  0 
1441612485  0  0  0  0  0  0  0  0  0  3953385  0  0  0  0  0  0  0  0  0  21  0  0  0  0  0  46  0  0  0  0  0  0  0 
1441612485  0  0  0  0  0  0  0  0  0  3953385  0  0  0  0  0  0  0  0  0  21  0  0  0  0  0  46  0  0  0  0  0  0  0 
1441612486  0  0  0  0  0  0  0  0  0  3953385  0  0  0  0  0  0  0  0  0  21  0  0  0  0  0  46  0  0  0  0  0  0  0 
1441612486  0  0  0  0  0  0  0  0  0  3953385  0  0  0  0  0  0  0  0  0  21  0  0  0  0  0  46  0  0  0  0  0  0  0 
1441612487  0  0  0  0  0  0  0  0  0  3953385  0  0  0  0  0  0  0  0  0  21  0  0  0  0  0  46  0  0  0  0  0  0  0 
1441612487  0  0  0  0  0  0  0  0  0  3953385  0  0  0  0  0  0  0  0  0  21  0  0  0  0  0  46  0  0  0  0  0  0  0 
1441612488  0  0  0  0  0  0  0  0  0  3953385  0  0  0  0  0  0  0  0  0  21  0  0  0  0  0  46  0  0  0  0  0  0  0 
1441612488  0  0  0  0  0  0  0  0  0  3953385  0  0  0  0  0  0  0  0  0  21  0  0  0  0  0  46  0  0  0  0  0  0  0 
1441612489  0  0  0  0  0  0  0  0  0  3953385  0  0  0  0  0  0  0  0  0  21  0  0  0  0  0  46  0  0  0  0  0  0  0 
1441612489  0  0  0  0  0  0  0  0  0  3953385  0  0  0  0  0  0  0  0  0  21  0  0  0  0  0  46  0  0  0  0  0  0  0 
1441612490  0  0  0  0  0  0  0  0  0  3953385  0  0  0  0  0  0  0  0  0  21  0  0  0  0  0  46  0  0  0  0  0  0  0 
1441612490  0  0  0  0  0  0  0  0  0  3953385  0  0  0  0  0  0  0  0  0  21  0  0  0  0  0  46  0  0  0  0  0  0  0 
1441612491  0  0  0  0  0  0  0  0  0  3953385  0  0  0  0  0  0  0  0  0  21  0  0  0  0  0  46  0  0  0  0  0  0  0 
1441612491  0  0  0  0  0  0  0  0  0  3953385  0  0  0  0  0  0  0  0  0  21  0  0  0  0  0  46  0  0  0  0  0  0  0 
1441612492  0  0  0  0  0  0  0  0  0  3953385  0  0  0  0  0  0  0  0  0  21  0  0  0  0  0  46  0  0  0  0  0  0  0 
1441612492  0  0  0  0  0  0  0  0  0  3953385  0  0  0  0  0  0  0  0  0  21  0  0  0  0  0  46  0  0  0  0  0  0  0 
1441612493  0  0  0  0  0  0  0  0  0  3953385  0  0  0  0  0  0  0  0  0  21  0  0  0  0  0  46  0  0  0  0  0  0  0 
1441612493  0  0  0  0  0  0  0  0  0  3953385  0  0  0  0  0  0  0  0  0  21  0  0  0  0  0  46  0  0  0  0  0  0  0 
1441612494  0  0  0  0  0  0  0  0  0  3953385  0  0  0  0  0  0  0  0  0  21  0  0  0  0  0  46  0  0  0  0  0  0  0 
1441612494  0  0  0  0  0  0  0  0  0  3953385  0  0  0  0  0  0  0  0  0  21  0  0  0  0  0  46  0  0  0  0  0  0  0 
1441612495  0  0  0  0  0  0  0  0  0  3953385  0  0  0  0  0  0  0  0  0  21  0  0  0  0  0  46  0  0  0  0  0  0  0 
1441612495  0  0  0  0  0  0  0  0  0  3953385  0  0  0  0  0  0  0  0  0  21  0  0  0  0  0  46  0  0  0  0  0  0  0 
1441612496  0  0  0  0  0  0  0  0  0  3953385  0  0  0  0  0  0  0  0  0  21  0  0  0  0  0  46  0  0  0  0  0  0  0 
1441612496  0  0  0  0  0  0  0  0  0  3953385  0  0  0  0  0  0  0  0  0  21  0  0  0  0  0  46  0  0  0  0  0  0  0 
1441612497  0  0  0  0  0  0  0  0  0  3953385  0  0  0  0  0  0  0  0  0  21  0  0  0  0  0  46  0  0  0  0  0  0  0 
1441612497  0  0  0  0  0  0  0  0  0  3953385  0  0  0  0  0  0  0  0  0  21  0  0  0  0  0  46  0  0  0  0  0  0  0 
1441612498  0  0  0  0  0  0  0  0  0  3953385  0  0  0  0  0  0  0  0  0  21  0  0  0  0  0  46  0  0  0  0  0  0  0 
1441612498  0  0  0  0  0  0  0  0  0  3953385  0  0  0  0  0  0  0  0  0  21  0  0  0  0  0  46  0  0  0  0  0  0  0 
1441612499  0  0  0  0  0  0  0  0  0  3953385  0  0  0  0  0  0  0  0  0  21  0  0  0  0  0  46  0  0  0  0  0  0  0 
1441612499  0  0  0  0  0  0  0  0  0  3953385  0  0  0  0  0  0  0  0  0  21  0  0  0  0  0  46  0  0  0  0  0  0  0 
1441612500  0  0  0  0  0  0  0  0  0  3953385  0  0  0  0  0  0  0  0  0  21  0  0  0  0  0  46  0  0  0  0  0  0  0 
1441612500  0  0  0  0  0  0  0  0  0  3953385  0  0  0  0  0  0  0  0  0  21  0  0  0  0  0  46  0  0  0  0  0  0  0 
1441612501  0  0  0  0  0  0  0  0  0  3953385  0  0  0  0  0  0  0  0  0  21  0  0  0  0  0  46  0  0  0  0  0  0  0 
1441612501  0  0  0  0  0  0  0  0  0  3953385  0  0  0  0  0  0  0  0  0  21  0  0  0  0  0  46  0  0  0  0  0  0  0 
1441612502  0  0  0  0  0  0  0  0  0  3953385  0  0  0  0  0  0  0  0  0  21  0  0  0  0  0  46  0  0  0  0  0  0  0 
1441612503  0  0  0  0  0  0  0  0  0  3953385  0  0  0  0  0  0  0  0  0  21  0  0  0  0  0  46  0  0  0  0  0  0  0 
1441612503  0  0  0  0  0  0  0  0  0  3953385  0  0  0  0  0  0  0  0  0  21  0  0  0  0  0  46  0  0  0  0  0  0  0 
1441612504  0  0  0  0  0  0  0  0  0  3953385  0  0  0  0  0  0  0  0  0  21  0  0  0  0  0  46  0  0  0  0  0  0  0 
1441612504  0  0  0  0  0  0  0  0  0  3953385  0  0  0  0  0  0  0  0  0  21  0  0  0  0  0  46  0  0  0  0  0  0  0 
1441612505  0  0  0  0  0  0  0  0  0  3953385  0  0  0  0  0  0  0  0  0  21  0  0  0  0  0  46  0  0  0  0  0  0  0 
1441612505  0  0  0  0  0  0  0  0  0  3953385  0  0  0  0  0  0  0  0  0  21  0  0  0  0  0  46  0  0  0  0  0  0  0 
1441612506  0  0  0  0  0  0  0  0  0  3953385  0  0  0  0  0  0  0  0  0  21  0  0  0  0  0  46  0  0  0  0  0  0  0 
1441612506  0  0  0  0  0  0  0  0  0  3953385  0  0  0  0  0  0  0  0  0  21  0  0  0  0  0  46  0  0  0  0  0  0  0 
1441612507  0  0  0  0  0  0  0  0  0  3953385  0  0  0  0  0  0  0  0  0  21  0  0  0  0  0  46  0  0  0  0  0  0  0 
1441612507  0  0  0  0  0  0  0  0  0  3953385  0  0  0  0  0  0  0  0  0  21  0  0  0  0  0  46  0  0  0  0  0  0  0 
1441612508  0  0  0  0  0  0  0  0  0  3953385  0  0  0  0  0  0  0  0  0  21  0  0  0  0  0  46  0  0  0  0  0  0  0 
1441612508  0  0  0  0  0  0  0  0  0  3953385  0  0  0  0  0  0  0  0  0  21  0  0  0  0  0  46  0  0  0  0  0  0  0 
1441612509  0  0  0  0  0  0  0  0  0  3953385  0  0  0  0  0  0  0  0  0  21  0  0  0  0  0  46  0  0  0  0  0  0  0 
1441612509  0  0  0  0  0  0  0  0  0  3953385  0  0  0  0  0  0  0  0  0  21  0  0  0  0  0  46  0  0  0  0  0  0  0 
1441612510  0  0  0  0  0  0  0  0  0  3953385  0  0  0  0  0  0  0  0  0  21  0  0  0  0  0  46  0  0  0  0  0  0  0 
1441612510  0  0  0  0  0  0  0  0  0  3953385  0  0  0  0  0  0  0  0  0  21  0  0  0  0  0  46  0  0  0  0  0  0  0 
1441612511  0  0  0  0  0  0  0  0  0  3953385  0  0  0  0  0  0  0  0  0  21  0  0  0  0  0  46  0  0  0  0  0  0  0 
1441612511  0  0  0  0  0  0  0  0  0  3953385  0  0  0  0  0  0  0  0  0  21  0  0  0  0  0  46  0  0  0  0  0  0  0 
1441612512  0  0  0  0  0  0  0  0  0  3953385  0  0  0  0  0  0  0  0  0  21  0  0  0  0  0  46  0  0  0  0  0  0  0 
1441612512  0  0  0  0  0  0  0  0  0  3953385  0  0  0  0  0  0  0  0  0  21  0  0  0  0  0  46  0  0  0  0  0  0  0 
1441612513  0  0  0  0  0  0  0  0  0  3953385  0  0  0  0  0  0  0  0  0  21  0  0  0  0  0  46  0  0  0  0  0  0  0 
1441612513  0  0  0  0  0  0  0  0  0  3953385  0  0  0  0  0  0  0  0  0  21  0  0  0  0  0  46  0  0  0  0  0  0  0 
1441612514  0  0  0  0  0  0  0  0  0  3953385  0  0  0  0  0  0  0  0  0  21  0  0  0  0  0  46  0  0  0  0  0  0  0 
1441612514  0  0  0  0  0  0  0  0  0  3953385  0  0  0  0  0  0  0  0  0  21  0  0  0  0  0  46  0  0  0  0  0  0  0 
1441612515  0  0  0  0  0  0  0  0  0  3953385  0  0  0  0  0  0  0  0  0  21  0  0  0  0  0  46  0  0  0  0  0  0  0 
1441612515  0  0  0  0  0  0  0  0  0  3953385  0  0  0  0  0  0  0  0  0  21  0  0  0  0  0  46  0  0  0  0  0  0  0 
1441612516  0  0  0  0  0  0  0  0  0  3953385  0  0  0  0  0  0  0  0  0  21  0  0  0  0  0  46  0  0  0  0  0  0  0 
1441612516  0  0  0  0  0  0  0  0  0  3953385  0  0  0  0  0  0  0  0  0  21  0  0  0  0  0  46  0  0  0  0  0  0  0 
1441612517  0  0  0  0  0  0  0  0  0  3953385  0  0  0  0  0  0  0  0  0  21  0  0  0  0  0  46  0  0  0  0  0  0  0 
1441612517  0  0  0  0  0  0  0  0  0  3953385  0  0  0  0  0  0  0  0  0  21  0  0  0  0  0  46  0  0  0  0  0  0  0 
1441612518  0  0  0  0  0  0  0  0  0  3953385  0  0  0  0  0  0  0  0  0  21  0  0  0  0  0  46  0  0  0  0  0  0  0 
1441612518  0  0  0  0  0  0  0  0  0  3953385  0  0  0  0  0  0  0  0  0  21  0  0  0  0  0  46  0  0  0  0  0  0  0 
1441612519  0  0  0  0  0  0  0  0  0  3953385  0  0  0  0  0  0  0  0  0  21  0  0  0  0  0  46  0  0  0  0  0  0  0 
1441612519  0  0  0  0  0  0  0  0  0  3953385  0  0  0  0  0  0  0  0  0  21  0  0  0  0  0  46  0  0  0  0  0  0  0 
1441612520  0  0  0  0  0  0  0  0  0  3953385  0  0  0  0  0  0  0  0  0  21  0  0  0  0  0  46  0  0  0  0  0  0  0 
1441612520  0  0  0  0  0  0  0  0  0  3953385  0  0  0  0  0  0  0  0  0  21  0  0  0  0  0  46  0  0  0  0  0  0  0 
1441612521  0  0  0  0  0  0  0  0  0  3953385  0  0  0  0  0  0  0  0  0  21  0  0  0  0  0  46  0  0  0  0  0  0  0 
1441612521  0  0  0  0  0  0  0  0  0  3953385  0  0  0  0  0  0  0  0  0  21  0  0  0  0  0  46  0  0  0  0  0  0  0 
1441612522  0  0  0  0  0  0  0  0  0  3953385  0  0  0  0  0  0  0  0  0  21  0  0  0  0  0  46  0  0  0  0  0  0  0 
1441612522  0  0  0  0  0  0  0  0  0  3953385  0  0  0  0  0  0  0  0  0  21  0  0  0  0  0  46  0  0  0  0  0  0  0 
1441612523  0  0  0  0  0  0  0  0  0  3953385  0  0  0  0  0  0  0  0  0  21  0  0  0  0  0  46  0  0  0  0  0  0  0 
1441612523  0  0  0  0  0  0  0  0  0  3992035  0  0  0  0  0  0  0  0  0  21  0  0  0  0  0  46  0  38650  0  0  0  0  0 
1441612524  0  0  0  0  0  0  0  0  0  4049398  0  0  0  0  0  0  0  0  0  25  0  0  0  0  0  59  0  57363  0  0  0  0  0 
1441612524  0  0  0  0  0  0  0  0  0  4059938  0  0  0  0  0  0  0  0  0  25  0  0  0  0  0  59  0  10540  0  0  0  0  0 
1441612525  0  0  0  0  0  0  0  0  0  4059938  0  0  0  0  0  0  0  0  0  25  0  0  0  0  0  59  0  0  0  0  0  0  0 
1441612525  0  0  0  0  0  0  0  0  0  4059938  0  0  0  0  0  0  0  0  0  25  0  0  0  0  0  59  0  0  0  0  0  0  0 
