#Type:X;CI:3;ww:0;ca:0;co:1;fr:0;Type:X;CI:3;PI:0;PT:EP;U0:0;U1:0;
#time  Pp  gt  gs  cn  cm  cb  Nc  Pc  cp  Tc  Nm  pr  ps  pt  px  pd  Pm  Om  fs  ft  Oc  Em  Gp  Ec  Ge  ot  os  Total_cycles_diff  Successful_get_diff  Total_get_diff  succ_put_diff  total_put_diff  get_hit  
1441669097  0  0  0  0  0  0  0  0  0  62247  0  0  0  0  0  0  0  0  0  0  0  0  0  0  0  0  0  62247  0  0  0  0  
1441669097  0  0  0  0  0  0  0  0  0  863831  0  0  0  0  0  0  0  0  0  0  0  0  0  0  0  0  0  801584  0  0  0  0  0 
1441669098  0  0  0  0  0  0  0  0  0  1328411  0  0  0  0  0  0  0  0  0  0  0  0  0  0  0  0  0  464580  0  0  0  0  0 
1441669098  0  0  0  0  0  0  0  0  0  1537021  0  0  0  0  0  0  0  0  0  0  0  0  0  0  0  0  0  208610  0  0  0  0  0 
1441669099  0  0  0  0  0  0  0  0  0  1819888  0  0  0  0  0  0  0  0  0  0  0  0  0  0  0  0  0  282867  0  0  0  0  0 
1441669099  0  0  0  0  0  0  0  0  0  2162859  0  0  0  0  0  0  0  0  0  13  0  0  0  0  0  38  0  342971  0  0  0  0  0 
1441669100  0  0  0  0  0  0  0  0  0  2162859  0  0  0  0  0  0  0  0  0  13  0  0  0  0  0  38  0  0  0  0  0  0  0 
1441669100  0  0  0  0  0  0  0  0  0  3096571  0  0  0  0  0  0  0  0  0  15  0  0  0  0  0  41  0  933712  0  0  0  0  0 
1441669101  0  0  0  0  0  0  0  0  0  3720334  0  0  0  0  0  0  0  0  0  21  0  0  0  0  0  46  0  623763  0  0  0  0  0 
1441669101  0  0  0  0  0  0  0  0  0  3987544  0  0  0  0  0  0  0  0  0  21  0  0  0  0  0  46  0  267210  0  0  0  0  0 
1441669102  0  0  0  0  0  0  0  0  0  3987544  0  0  0  0  0  0  0  0  0  21  0  0  0  0  0  46  0  0  0  0  0  0  0 
1441669102  0  0  0  0  0  0  0  0  0  3987544  0  0  0  0  0  0  0  0  0  21  0  0  0  0  0  46  0  0  0  0  0  0  0 
1441669103  0  0  0  0  0  0  0  0  0  3987544  0  0  0  0  0  0  0  0  0  21  0  0  0  0  0  46  0  0  0  0  0  0  0 
1441669103  0  0  0  0  0  0  0  0  0  3987544  0  0  0  0  0  0  0  0  0  21  0  0  0  0  0  46  0  0  0  0  0  0  0 
1441669104  0  0  0  0  0  0  0  0  0  3987544  0  0  0  0  0  0  0  0  0  21  0  0  0  0  0  46  0  0  0  0  0  0  0 
1441669104  0  0  0  0  0  0  0  0  0  3987544  0  0  0  0  0  0  0  0  0  21  0  0  0  0  0  46  0  0  0  0  0  0  0 
1441669105  0  0  0  0  0  0  0  0  0  3987544  0  0  0  0  0  0  0  0  0  21  0  0  0  0  0  46  0  0  0  0  0  0  0 
1441669105  0  0  0  0  0  0  0  0  0  3987544  0  0  0  0  0  0  0  0  0  21  0  0  0  0  0  46  0  0  0  0  0  0  0 
1441669106  0  0  0  0  0  0  0  0  0  3987544  0  0  0  0  0  0  0  0  0  21  0  0  0  0  0  46  0  0  0  0  0  0  0 
1441669106  0  0  0  0  0  0  0  0  0  3987544  0  0  0  0  0  0  0  0  0  21  0  0  0  0  0  46  0  0  0  0  0  0  0 
1441669107  0  0  0  0  0  0  0  0  0  3987544  0  0  0  0  0  0  0  0  0  21  0  0  0  0  0  46  0  0  0  0  0  0  0 
1441669107  0  0  0  0  0  0  0  0  0  3987544  0  0  0  0  0  0  0  0  0  21  0  0  0  0  0  46  0  0  0  0  0  0  0 
1441669108  0  0  0  0  0  0  0  0  0  3987544  0  0  0  0  0  0  0  0  0  21  0  0  0  0  0  46  0  0  0  0  0  0  0 
1441669108  0  0  0  0  0  0  0  0  0  3987544  0  0  0  0  0  0  0  0  0  21  0  0  0  0  0  46  0  0  0  0  0  0  0 
1441669109  0  0  0  0  0  0  0  0  0  3987544  0  0  0  0  0  0  0  0  0  21  0  0  0  0  0  46  0  0  0  0  0  0  0 
1441669109  0  0  0  0  0  0  0  0  0  3987544  0  0  0  0  0  0  0  0  0  21  0  0  0  0  0  46  0  0  0  0  0  0  0 
1441669110  0  0  0  0  0  0  0  0  0  3987544  0  0  0  0  0  0  0  0  0  21  0  0  0  0  0  46  0  0  0  0  0  0  0 
1441669110  0  0  0  0  0  0  0  0  0  3987544  0  0  0  0  0  0  0  0  0  21  0  0  0  0  0  46  0  0  0  0  0  0  0 
1441669111  0  0  0  0  0  0  0  0  0  3987544  0  0  0  0  0  0  0  0  0  21  0  0  0  0  0  46  0  0  0  0  0  0  0 
1441669111  0  0  0  0  0  0  0  0  0  3987544  0  0  0  0  0  0  0  0  0  21  0  0  0  0  0  46  0  0  0  0  0  0  0 
1441669112  0  0  0  0  0  0  0  0  0  3987544  0  0  0  0  0  0  0  0  0  21  0  0  0  0  0  46  0  0  0  0  0  0  0 
1441669112  0  0  0  0  0  0  0  0  0  3987544  0  0  0  0  0  0  0  0  0  21  0  0  0  0  0  46  0  0  0  0  0  0  0 
1441669113  0  0  0  0  0  0  0  0  0  3987544  0  0  0  0  0  0  0  0  0  21  0  0  0  0  0  46  0  0  0  0  0  0  0 
1441669113  0  0  0  0  0  0  0  0  0  3987544  0  0  0  0  0  0  0  0  0  21  0  0  0  0  0  46  0  0  0  0  0  0  0 
1441669114  0  0  0  0  0  0  0  0  0  3987544  0  0  0  0  0  0  0  0  0  21  0  0  0  0  0  46  0  0  0  0  0  0  0 
1441669114  0  0  0  0  0  0  0  0  0  3987544  0  0  0  0  0  0  0  0  0  21  0  0  0  0  0  46  0  0  0  0  0  0  0 
1441669115  0  0  0  0  0  0  0  0  0  3987544  0  0  0  0  0  0  0  0  0  21  0  0  0  0  0  46  0  0  0  0  0  0  0 
1441669116  0  0  0  0  0  0  0  0  0  3987544  0  0  0  0  0  0  0  0  0  21  0  0  0  0  0  46  0  0  0  0  0  0  0 
1441669116  0  0  0  0  0  0  0  0  0  3987544  0  0  0  0  0  0  0  0  0  21  0  0  0  0  0  46  0  0  0  0  0  0  0 
1441669117  0  0  0  0  0  0  0  0  0  3987544  0  0  0  0  0  0  0  0  0  21  0  0  0  0  0  46  0  0  0  0  0  0  0 
1441669117  0  0  0  0  0  0  0  0  0  3987544  0  0  0  0  0  0  0  0  0  21  0  0  0  0  0  46  0  0  0  0  0  0  0 
1441669118  0  0  0  0  0  0  0  0  0  3987544  0  0  0  0  0  0  0  0  0  21  0  0  0  0  0  46  0  0  0  0  0  0  0 
1441669118  0  0  0  0  0  0  0  0  0  3987544  0  0  0  0  0  0  0  0  0  21  0  0  0  0  0  46  0  0  0  0  0  0  0 
1441669119  0  0  0  0  0  0  0  0  0  3987544  0  0  0  0  0  0  0  0  0  21  0  0  0  0  0  46  0  0  0  0  0  0  0 
1441669119  0  0  0  0  0  0  0  0  0  3987544  0  0  0  0  0  0  0  0  0  21  0  0  0  0  0  46  0  0  0  0  0  0  0 
1441669120  0  0  0  0  0  0  0  0  0  3987544  0  0  0  0  0  0  0  0  0  21  0  0  0  0  0  46  0  0  0  0  0  0  0 
1441669120  0  0  0  0  0  0  0  0  0  3987544  0  0  0  0  0  0  0  0  0  21  0  0  0  0  0  46  0  0  0  0  0  0  0 
1441669121  0  0  0  0  0  0  0  0  0  3987544  0  0  0  0  0  0  0  0  0  21  0  0  0  0  0  46  0  0  0  0  0  0  0 
1441669121  0  0  0  0  0  0  0  0  0  3987544  0  0  0  0  0  0  0  0  0  21  0  0  0  0  0  46  0  0  0  0  0  0  0 
1441669122  0  0  0  0  0  0  0  0  0  3987544  0  0  0  0  0  0  0  0  0  21  0  0  0  0  0  46  0  0  0  0  0  0  0 
1441669122  0  0  0  0  0  0  0  0  0  3987544  0  0  0  0  0  0  0  0  0  21  0  0  0  0  0  46  0  0  0  0  0  0  0 
1441669123  0  0  0  0  0  0  0  0  0  3987544  0  0  0  0  0  0  0  0  0  21  0  0  0  0  0  46  0  0  0  0  0  0  0 
1441669123  0  0  0  0  0  0  0  0  0  3987544  0  0  0  0  0  0  0  0  0  21  0  0  0  0  0  46  0  0  0  0  0  0  0 
1441669124  0  0  0  0  0  0  0  0  0  3987544  0  0  0  0  0  0  0  0  0  21  0  0  0  0  0  46  0  0  0  0  0  0  0 
1441669124  0  0  0  0  0  0  0  0  0  3987544  0  0  0  0  0  0  0  0  0  21  0  0  0  0  0  46  0  0  0  0  0  0  0 
1441669125  0  0  0  0  0  0  0  0  0  3987544  0  0  0  0  0  0  0  0  0  21  0  0  0  0  0  46  0  0  0  0  0  0  0 
1441669125  0  0  0  0  0  0  0  0  0  3987544  0  0  0  0  0  0  0  0  0  21  0  0  0  0  0  46  0  0  0  0  0  0  0 
1441669126  0  0  0  0  0  0  0  0  0  3987544  0  0  0  0  0  0  0  0  0  21  0  0  0  0  0  46  0  0  0  0  0  0  0 
1441669126  0  0  0  0  0  0  0  0  0  3987544  0  0  0  0  0  0  0  0  0  21  0  0  0  0  0  46  0  0  0  0  0  0  0 
1441669127  0  0  0  0  0  0  0  0  0  3987544  0  0  0  0  0  0  0  0  0  21  0  0  0  0  0  46  0  0  0  0  0  0  0 
1441669127  0  0  0  0  0  0  0  0  0  3987544  0  0  0  0  0  0  0  0  0  21  0  0  0  0  0  46  0  0  0  0  0  0  0 
1441669128  0  0  0  0  0  0  0  0  0  3987544  0  0  0  0  0  0  0  0  0  21  0  0  0  0  0  46  0  0  0  0  0  0  0 
1441669128  0  0  0  0  0  0  0  0  0  3987544  0  0  0  0  0  0  0  0  0  21  0  0  0  0  0  46  0  0  0  0  0  0  0 
1441669129  0  0  0  0  0  0  0  0  0  3987544  0  0  0  0  0  0  0  0  0  21  0  0  0  0  0  46  0  0  0  0  0  0  0 
1441669129  0  0  0  0  0  0  0  0  0  3987544  0  0  0  0  0  0  0  0  0  21  0  0  0  0  0  46  0  0  0  0  0  0  0 
1441669130  0  0  0  0  0  0  0  0  0  3987544  0  0  0  0  0  0  0  0  0  21  0  0  0  0  0  46  0  0  0  0  0  0  0 
1441669130  0  0  0  0  0  0  0  0  0  3987544  0  0  0  0  0  0  0  0  0  21  0  0  0  0  0  46  0  0  0  0  0  0  0 
1441669131  0  0  0  0  0  0  0  0  0  3987544  0  0  0  0  0  0  0  0  0  21  0  0  0  0  0  46  0  0  0  0  0  0  0 
1441669131  0  0  0  0  0  0  0  0  0  3987544  0  0  0  0  0  0  0  0  0  21  0  0  0  0  0  46  0  0  0  0  0  0  0 
1441669132  0  0  0  0  0  0  0  0  0  3987544  0  0  0  0  0  0  0  0  0  21  0  0  0  0  0  46  0  0  0  0  0  0  0 
1441669132  0  0  0  0  0  0  0  0  0  3987544  0  0  0  0  0  0  0  0  0  21  0  0  0  0  0  46  0  0  0  0  0  0  0 
1441669133  0  0  0  0  0  0  0  0  0  3987544  0  0  0  0  0  0  0  0  0  21  0  0  0  0  0  46  0  0  0  0  0  0  0 
1441669133  0  0  0  0  0  0  0  0  0  3987544  0  0  0  0  0  0  0  0  0  21  0  0  0  0  0  46  0  0  0  0  0  0  0 
1441669134  0  0  0  0  0  0  0  0  0  3987544  0  0  0  0  0  0  0  0  0  21  0  0  0  0  0  46  0  0  0  0  0  0  0 
1441669134  0  0  0  0  0  0  0  0  0  3987544  0  0  0  0  0  0  0  0  0  21  0  0  0  0  0  46  0  0  0  0  0  0  0 
1441669135  0  0  0  0  0  0  0  0  0  3987544  0  0  0  0  0  0  0  0  0  21  0  0  0  0  0  46  0  0  0  0  0  0  0 
1441669135  0  0  0  0  0  0  0  0  0  3987544  0  0  0  0  0  0  0  0  0  21  0  0  0  0  0  46  0  0  0  0  0  0  0 
1441669136  0  0  0  0  0  0  0  0  0  3987544  0  0  0  0  0  0  0  0  0  21  0  0  0  0  0  46  0  0  0  0  0  0  0 
1441669136  0  0  0  0  0  0  0  0  0  3987544  0  0  0  0  0  0  0  0  0  21  0  0  0  0  0  46  0  0  0  0  0  0  0 
1441669137  0  0  0  0  0  0  0  0  0  3987544  0  0  0  0  0  0  0  0  0  21  0  0  0  0  0  46  0  0  0  0  0  0  0 
1441669137  0  0  0  0  0  0  0  0  0  3987544  0  0  0  0  0  0  0  0  0  21  0  0  0  0  0  46  0  0  0  0  0  0  0 
1441669138  0  0  0  0  0  0  0  0  0  3987544  0  0  0  0  0  0  0  0  0  21  0  0  0  0  0  46  0  0  0  0  0  0  0 
1441669138  0  0  0  0  0  0  0  0  0  3987544  0  0  0  0  0  0  0  0  0  21  0  0  0  0  0  46  0  0  0  0  0  0  0 
1441669139  0  0  0  0  0  0  0  0  0  3987544  0  0  0  0  0  0  0  0  0  21  0  0  0  0  0  46  0  0  0  0  0  0  0 
1441669139  0  0  0  0  0  0  0  0  0  3987544  0  0  0  0  0  0  0  0  0  21  0  0  0  0  0  46  0  0  0  0  0  0  0 
1441669140  0  0  0  0  0  0  0  0  0  3987544  0  0  0  0  0  0  0  0  0  21  0  0  0  0  0  46  0  0  0  0  0  0  0 
1441669140  0  0  0  0  0  0  0  0  0  3987544  0  0  0  0  0  0  0  0  0  21  0  0  0  0  0  46  0  0  0  0  0  0  0 
1441669141  0  0  0  0  0  0  0  0  0  3987544  0  0  0  0  0  0  0  0  0  21  0  0  0  0  0  46  0  0  0  0  0  0  0 
1441669141  0  0  0  0  0  0  0  0  0  3987544  0  0  0  0  0  0  0  0  0  21  0  0  0  0  0  46  0  0  0  0  0  0  0 
1441669142  0  0  0  0  0  0  0  0  0  3987544  0  0  0  0  0  0  0  0  0  21  0  0  0  0  0  46  0  0  0  0  0  0  0 
1441669142  0  0  0  0  0  0  0  0  0  3987544  0  0  0  0  0  0  0  0  0  21  0  0  0  0  0  46  0  0  0  0  0  0  0 
1441669143  0  0  0  0  0  0  0  0  0  3987544  0  0  0  0  0  0  0  0  0  21  0  0  0  0  0  46  0  0  0  0  0  0  0 
1441669143  0  0  0  0  0  0  0  0  0  3987544  0  0  0  0  0  0  0  0  0  21  0  0  0  0  0  46  0  0  0  0  0  0  0 
1441669144  0  0  0  0  0  0  0  0  0  3987544  0  0  0  0  0  0  0  0  0  21  0  0  0  0  0  46  0  0  0  0  0  0  0 
1441669144  0  0  0  0  0  0  0  0  0  3987544  0  0  0  0  0  0  0  0  0  21  0  0  0  0  0  46  0  0  0  0  0  0  0 
1441669145  0  0  0  0  0  0  0  0  0  3987544  0  0  0  0  0  0  0  0  0  21  0  0  0  0  0  46  0  0  0  0  0  0  0 
1441669145  0  0  0  0  0  0  0  0  0  3987544  0  0  0  0  0  0  0  0  0  21  0  0  0  0  0  46  0  0  0  0  0  0  0 
1441669146  0  0  0  0  0  0  0  0  0  3987544  0  0  0  0  0  0  0  0  0  21  0  0  0  0  0  46  0  0  0  0  0  0  0 
1441669146  0  0  0  0  0  0  0  0  0  3987544  0  0  0  0  0  0  0  0  0  21  0  0  0  0  0  46  0  0  0  0  0  0  0 
1441669147  0  0  0  0  0  0  0  0  0  3987544  0  0  0  0  0  0  0  0  0  21  0  0  0  0  0  46  0  0  0  0  0  0  0 
1441669147  0  0  0  0  0  0  0  0  0  3987544  0  0  0  0  0  0  0  0  0  21  0  0  0  0  0  46  0  0  0  0  0  0  0 
1441669148  0  0  0  0  0  0  0  0  0  3987544  0  0  0  0  0  0  0  0  0  21  0  0  0  0  0  46  0  0  0  0  0  0  0 
1441669148  0  0  0  0  0  0  0  0  0  3987544  0  0  0  0  0  0  0  0  0  21  0  0  0  0  0  46  0  0  0  0  0  0  0 
1441669149  0  0  0  0  0  0  0  0  0  3987544  0  0  0  0  0  0  0  0  0  21  0  0  0  0  0  46  0  0  0  0  0  0  0 
1441669149  0  0  0  0  0  0  0  0  0  3987544  0  0  0  0  0  0  0  0  0  21  0  0  0  0  0  46  0  0  0  0  0  0  0 
1441669150  0  0  0  0  0  0  0  0  0  3987544  0  0  0  0  0  0  0  0  0  21  0  0  0  0  0  46  0  0  0  0  0  0  0 
1441669150  0  0  0  0  0  0  0  0  0  3987544  0  0  0  0  0  0  0  0  0  21  0  0  0  0  0  46  0  0  0  0  0  0  0 
1441669151  0  0  0  0  0  0  0  0  0  3987544  0  0  0  0  0  0  0  0  0  21  0  0  0  0  0  46  0  0  0  0  0  0  0 
1441669151  0  0  0  0  0  0  0  0  0  3987544  0  0  0  0  0  0  0  0  0  21  0  0  0  0  0  46  0  0  0  0  0  0  0 
1441669152  0  0  0  0  0  0  0  0  0  3987544  0  0  0  0  0  0  0  0  0  21  0  0  0  0  0  46  0  0  0  0  0  0  0 
1441669152  0  0  0  0  0  0  0  0  0  3987544  0  0  0  0  0  0  0  0  0  21  0  0  0  0  0  46  0  0  0  0  0  0  0 
1441669153  0  0  0  0  0  0  0  0  0  3987544  0  0  0  0  0  0  0  0  0  21  0  0  0  0  0  46  0  0  0  0  0  0  0 
1441669153  0  0  0  0  0  0  0  0  0  3997366  0  0  0  0  0  0  0  0  0  21  0  0  0  0  0  47  0  9822  0  0  0  0  0 
1441669154  0  0  0  0  0  0  0  0  0  3997366  0  0  0  0  0  0  0  0  0  21  0  0  0  0  0  47  0  0  0  0  0  0  0 
1441669154  0  0  0  0  0  0  0  0  0  3997366  0  0  0  0  0  0  0  0  0  21  0  0  0  0  0  47  0  0  0  0  0  0  0 
1441669155  0  0  0  0  0  0  0  0  0  3997366  0  0  0  0  0  0  0  0  0  21  0  0  0  0  0  47  0  0  0  0  0  0  0 
1441669155  0  0  0  0  0  0  0  0  0  3997366  0  0  0  0  0  0  0  0  0  21  0  0  0  0  0  47  0  0  0  0  0  0  0 
1441669156  0  0  0  0  0  0  0  0  0  3997366  0  0  0  0  0  0  0  0  0  21  0  0  0  0  0  47  0  0  0  0  0  0  0 
1441669156  0  0  0  0  0  0  0  0  0  3997366  0  0  0  0  0  0  0  0  0  21  0  0  0  0  0  47  0  0  0  0  0  0  0 
1441669157  0  0  0  0  0  0  0  0  0  3997366  0  0  0  0  0  0  0  0  0  21  0  0  0  0  0  47  0  0  0  0  0  0  0 
1441669157  0  0  0  0  0  0  0  0  0  3997366  0  0  0  0  0  0  0  0  0  21  0  0  0  0  0  47  0  0  0  0  0  0  0 
1441669158  0  0  0  0  0  0  0  0  0  3997366  0  0  0  0  0  0  0  0  0  21  0  0  0  0  0  47  0  0  0  0  0  0  0 
1441669158  0  0  0  0  0  0  0  0  0  3997366  0  0  0  0  0  0  0  0  0  21  0  0  0  0  0  47  0  0  0  0  0  0  0 
1441669159  0  0  0  0  0  0  0  0  0  3997366  0  0  0  0  0  0  0  0  0  21  0  0  0  0  0  47  0  0  0  0  0  0  0 
1441669160  0  0  0  0  0  0  0  0  0  3997366  0  0  0  0  0  0  0  0  0  21  0  0  0  0  0  47  0  0  0  0  0  0  0 
1441669160  0  0  0  0  0  0  0  0  0  3997366  0  0  0  0  0  0  0  0  0  21  0  0  0  0  0  47  0  0  0  0  0  0  0 
1441669161  0  0  0  0  0  0  0  0  0  3997366  0  0  0  0  0  0  0  0  0  21  0  0  0  0  0  47  0  0  0  0  0  0  0 
1441669161  0  0  0  0  0  0  0  0  0  3997366  0  0  0  0  0  0  0  0  0  21  0  0  0  0  0  47  0  0  0  0  0  0  0 
1441669162  0  0  0  0  0  0  0  0  0  3997366  0  0  0  0  0  0  0  0  0  21  0  0  0  0  0  47  0  0  0  0  0  0  0 
1441669162  0  0  0  0  0  0  0  0  0  3997366  0  0  0  0  0  0  0  0  0  21  0  0  0  0  0  47  0  0  0  0  0  0  0 
1441669163  0  0  0  0  0  0  0  0  0  3997366  0  0  0  0  0  0  0  0  0  21  0  0  0  0  0  47  0  0  0  0  0  0  0 
1441669163  0  0  0  0  0  0  0  0  0  4000454  0  0  0  0  0  0  0  0  0  21  0  0  0  0  0  48  0  3088  0  0  0  0  0 
1441669164  0  0  0  0  0  0  0  0  0  4000454  0  0  0  0  0  0  0  0  0  21  0  0  0  0  0  48  0  0  0  0  0  0  0 
1441669164  0  0  0  0  0  0  0  0  0  4000454  0  0  0  0  0  0  0  0  0  21  0  0  0  0  0  48  0  0  0  0  0  0  0 
1441669165  0  0  0  0  0  0  0  0  0  4000454  0  0  0  0  0  0  0  0  0  21  0  0  0  0  0  48  0  0  0  0  0  0  0 
1441669165  0  0  0  0  0  0  0  0  0  4000454  0  0  0  0  0  0  0  0  0  21  0  0  0  0  0  48  0  0  0  0  0  0  0 
1441669166  0  0  0  0  0  0  0  0  0  4000454  0  0  0  0  0  0  0  0  0  21  0  0  0  0  0  48  0  0  0  0  0  0  0 
1441669166  0  0  0  0  0  0  0  0  0  4000454  0  0  0  0  0  0  0  0  0  21  0  0  0  0  0  48  0  0  0  0  0  0  0 
1441669167  0  0  0  0  0  0  0  0  0  4000454  0  0  0  0  0  0  0  0  0  21  0  0  0  0  0  48  0  0  0  0  0  0  0 
1441669167  0  0  0  0  0  0  0  0  0  4000454  0  0  0  0  0  0  0  0  0  21  0  0  0  0  0  48  0  0  0  0  0  0  0 
1441669168  0  0  0  0  0  0  0  0  0  4000454  0  0  0  0  0  0  0  0  0  21  0  0  0  0  0  48  0  0  0  0  0  0  0 
1441669168  0  0  0  0  0  0  0  0  0  4000454  0  0  0  0  0  0  0  0  0  21  0  0  0  0  0  48  0  0  0  0  0  0  0 
1441669169  0  0  0  0  0  0  0  0  0  4000454  0  0  0  0  0  0  0  0  0  21  0  0  0  0  0  48  0  0  0  0  0  0  0 
1441669169  0  0  0  0  0  0  0  0  0  4000454  0  0  0  0  0  0  0  0  0  21  0  0  0  0  0  48  0  0  0  0  0  0  0 
1441669170  0  0  0  0  0  0  0  0  0  4000454  0  0  0  0  0  0  0  0  0  21  0  0  0  0  0  48  0  0  0  0  0  0  0 
1441669170  0  0  0  0  0  0  0  0  0  4000454  0  0  0  0  0  0  0  0  0  21  0  0  0  0  0  48  0  0  0  0  0  0  0 
1441669171  0  0  0  0  0  0  0  0  0  4000454  0  0  0  0  0  0  0  0  0  21  0  0  0  0  0  48  0  0  0  0  0  0  0 
1441669171  0  0  0  0  0  0  0  0  0  4000454  0  0  0  0  0  0  0  0  0  21  0  0  0  0  0  48  0  0  0  0  0  0  0 
1441669172  0  0  0  0  0  0  0  0  0  4000454  0  0  0  0  0  0  0  0  0  21  0  0  0  0  0  48  0  0  0  0  0  0  0 
1441669172  0  0  0  0  0  0  0  0  0  4000454  0  0  0  0  0  0  0  0  0  21  0  0  0  0  0  48  0  0  0  0  0  0  0 
1441669173  0  0  0  0  0  0  0  0  0  4000454  0  0  0  0  0  0  0  0  0  21  0  0  0  0  0  48  0  0  0  0  0  0  0 
1441669173  0  0  0  0  0  0  0  0  0  4003578  0  0  0  0  0  0  0  0  0  21  0  0  0  0  0  49  0  3124  0  0  0  0  0 
1441669174  0  0  0  0  0  0  0  0  0  4003578  0  0  0  0  0  0  0  0  0  21  0  0  0  0  0  49  0  0  0  0  0  0  0 
1441669174  0  0  0  0  0  0  0  0  0  4003578  0  0  0  0  0  0  0  0  0  21  0  0  0  0  0  49  0  0  0  0  0  0  0 
1441669175  0  0  0  0  0  0  0  0  0  4003578  0  0  0  0  0  0  0  0  0  21  0  0  0  0  0  49  0  0  0  0  0  0  0 
1441669175  0  0  0  0  0  0  0  0  0  4003578  0  0  0  0  0  0  0  0  0  21  0  0  0  0  0  49  0  0  0  0  0  0  0 
1441669176  0  0  0  0  0  0  0  0  0  4003578  0  0  0  0  0  0  0  0  0  21  0  0  0  0  0  49  0  0  0  0  0  0  0 
1441669176  0  0  0  0  0  0  0  0  0  4003578  0  0  0  0  0  0  0  0  0  21  0  0  0  0  0  49  0  0  0  0  0  0  0 
1441669177  0  0  0  0  0  0  0  0  0  4003578  0  0  0  0  0  0  0  0  0  21  0  0  0  0  0  49  0  0  0  0  0  0  0 
1441669177  0  0  0  0  0  0  0  0  0  4003578  0  0  0  0  0  0  0  0  0  21  0  0  0  0  0  49  0  0  0  0  0  0  0 
1441669178  0  0  0  0  0  0  0  0  0  4003578  0  0  0  0  0  0  0  0  0  21  0  0  0  0  0  49  0  0  0  0  0  0  0 
1441669178  0  0  0  0  0  0  0  0  0  4003578  0  0  0  0  0  0  0  0  0  21  0  0  0  0  0  49  0  0  0  0  0  0  0 
1441669179  0  0  0  0  0  0  0  0  0  4003578  0  0  0  0  0  0  0  0  0  21  0  0  0  0  0  49  0  0  0  0  0  0  0 
1441669179  0  0  0  0  0  0  0  0  0  4003578  0  0  0  0  0  0  0  0  0  21  0  0  0  0  0  49  0  0  0  0  0  0  0 
1441669180  0  0  0  0  0  0  0  0  0  4003578  0  0  0  0  0  0  0  0  0  21  0  0  0  0  0  49  0  0  0  0  0  0  0 
1441669180  0  0  0  0  0  0  0  0  0  4003578  0  0  0  0  0  0  0  0  0  21  0  0  0  0  0  49  0  0  0  0  0  0  0 
1441669181  0  0  0  0  0  0  0  0  0  4003578  0  0  0  0  0  0  0  0  0  21  0  0  0  0  0  49  0  0  0  0  0  0  0 
1441669181  0  0  0  0  0  0  0  0  0  4003578  0  0  0  0  0  0  0  0  0  21  0  0  0  0  0  49  0  0  0  0  0  0  0 
1441669182  0  0  0  0  0  0  0  0  0  4003578  0  0  0  0  0  0  0  0  0  21  0  0  0  0  0  49  0  0  0  0  0  0  0 
1441669182  0  0  0  0  0  0  0  0  0  4003578  0  0  0  0  0  0  0  0  0  21  0  0  0  0  0  49  0  0  0  0  0  0  0 
1441669183  0  0  0  0  0  0  0  0  0  4003578  0  0  0  0  0  0  0  0  0  21  0  0  0  0  0  49  0  0  0  0  0  0  0 
1441669183  0  0  0  0  0  0  0  0  0  4006252  0  0  0  0  0  0  0  0  0  21  0  0  0  0  0  50  0  2674  0  0  0  0  0 
1441669184  0  0  0  0  0  0  0  0  0  4006252  0  0  0  0  0  0  0  0  0  21  0  0  0  0  0  50  0  0  0  0  0  0  0 
1441669184  0  0  0  0  0  0  0  0  0  4006252  0  0  0  0  0  0  0  0  0  21  0  0  0  0  0  50  0  0  0  0  0  0  0 
1441669185  0  0  0  0  0  0  0  0  0  4006252  0  0  0  0  0  0  0  0  0  21  0  0  0  0  0  50  0  0  0  0  0  0  0 
1441669185  0  0  0  0  0  0  0  0  0  4006252  0  0  0  0  0  0  0  0  0  21  0  0  0  0  0  50  0  0  0  0  0  0  0 
1441669186  0  0  0  0  0  0  0  0  0  4006252  0  0  0  0  0  0  0  0  0  21  0  0  0  0  0  50  0  0  0  0  0  0  0 
1441669186  0  0  0  0  0  0  0  0  0  4006252  0  0  0  0  0  0  0  0  0  21  0  0  0  0  0  50  0  0  0  0  0  0  0 
1441669187  0  0  0  0  0  0  0  0  0  4006252  0  0  0  0  0  0  0  0  0  21  0  0  0  0  0  50  0  0  0  0  0  0  0 
1441669187  0  0  0  0  0  0  0  0  0  4006252  0  0  0  0  0  0  0  0  0  21  0  0  0  0  0  50  0  0  0  0  0  0  0 
1441669188  0  0  0  0  0  0  0  0  0  4006252  0  0  0  0  0  0  0  0  0  21  0  0  0  0  0  50  0  0  0  0  0  0  0 
1441669188  0  0  0  0  0  0  0  0  0  4006252  0  0  0  0  0  0  0  0  0  21  0  0  0  0  0  50  0  0  0  0  0  0  0 
1441669189  0  0  0  0  0  0  0  0  0  4006252  0  0  0  0  0  0  0  0  0  21  0  0  0  0  0  50  0  0  0  0  0  0  0 
1441669189  0  0  0  0  0  0  0  0  0  4006252  0  0  0  0  0  0  0  0  0  21  0  0  0  0  0  50  0  0  0  0  0  0  0 
1441669190  0  0  0  0  0  0  0  0  0  4006252  0  0  0  0  0  0  0  0  0  21  0  0  0  0  0  50  0  0  0  0  0  0  0 
1441669191  0  0  0  0  0  0  0  0  0  4006252  0  0  0  0  0  0  0  0  0  21  0  0  0  0  0  50  0  0  0  0  0  0  0 
1441669191  0  0  0  0  0  0  0  0  0  4006252  0  0  0  0  0  0  0  0  0  21  0  0  0  0  0  50  0  0  0  0  0  0  0 
1441669192  0  0  0  0  0  0  0  0  0  4006252  0  0  0  0  0  0  0  0  0  21  0  0  0  0  0  50  0  0  0  0  0  0  0 
1441669192  0  0  0  0  0  0  0  0  0  4006252  0  0  0  0  0  0  0  0  0  21  0  0  0  0  0  50  0  0  0  0  0  0  0 
1441669193  0  0  0  0  0  0  0  0  0  4006252  0  0  0  0  0  0  0  0  0  21  0  0  0  0  0  50  0  0  0  0  0  0  0 
1441669193  0  0  0  0  0  0  0  0  0  4006252  0  0  0  0  0  0  0  0  0  21  0  0  0  0  0  50  0  0  0  0  0  0  0 
1441669194  0  0  0  0  0  0  0  0  0  4009162  0  0  0  0  0  0  0  0  0  21  0  0  0  0  0  51  0  2910  0  0  0  0  0 
1441669194  0  0  0  0  0  0  0  0  0  4009162  0  0  0  0  0  0  0  0  0  21  0  0  0  0  0  51  0  0  0  0  0  0  0 
1441669195  0  0  0  0  0  0  0  0  0  4009162  0  0  0  0  0  0  0  0  0  21  0  0  0  0  0  51  0  0  0  0  0  0  0 
1441669195  0  0  0  0  0  0  0  0  0  4009162  0  0  0  0  0  0  0  0  0  21  0  0  0  0  0  51  0  0  0  0  0  0  0 
1441669196  0  0  0  0  0  0  0  0  0  4009162  0  0  0  0  0  0  0  0  0  21  0  0  0  0  0  51  0  0  0  0  0  0  0 
1441669196  0  0  0  0  0  0  0  0  0  4009162  0  0  0  0  0  0  0  0  0  21  0  0  0  0  0  51  0  0  0  0  0  0  0 
1441669197  0  0  0  0  0  0  0  0  0  4009162  0  0  0  0  0  0  0  0  0  21  0  0  0  0  0  51  0  0  0  0  0  0  0 
1441669197  0  0  0  0  0  0  0  0  0  4009162  0  0  0  0  0  0  0  0  0  21  0  0  0  0  0  51  0  0  0  0  0  0  0 
1441669198  0  0  0  0  0  0  0  0  0  4009162  0  0  0  0  0  0  0  0  0  21  0  0  0  0  0  51  0  0  0  0  0  0  0 
1441669198  0  0  0  0  0  0  0  0  0  4009162  0  0  0  0  0  0  0  0  0  21  0  0  0  0  0  51  0  0  0  0  0  0  0 
1441669199  0  0  0  0  0  0  0  0  0  4009162  0  0  0  0  0  0  0  0  0  21  0  0  0  0  0  51  0  0  0  0  0  0  0 
1441669199  0  0  0  0  0  0  0  0  0  4009162  0  0  0  0  0  0  0  0  0  21  0  0  0  0  0  51  0  0  0  0  0  0  0 
1441669200  0  0  0  0  0  0  0  0  0  4009162  0  0  0  0  0  0  0  0  0  21  0  0  0  0  0  51  0  0  0  0  0  0  0 
1441669200  0  0  0  0  0  0  0  0  0  4009162  0  0  0  0  0  0  0  0  0  21  0  0  0  0  0  51  0  0  0  0  0  0  0 
1441669201  0  0  0  0  0  0  0  0  0  4009162  0  0  0  0  0  0  0  0  0  21  0  0  0  0  0  51  0  0  0  0  0  0  0 
1441669201  0  0  0  0  0  0  0  0  0  4009162  0  0  0  0  0  0  0  0  0  21  0  0  0  0  0  51  0  0  0  0  0  0  0 
1441669202  0  0  0  0  0  0  0  0  0  4009162  0  0  0  0  0  0  0  0  0  21  0  0  0  0  0  51  0  0  0  0  0  0  0 
1441669202  0  0  0  0  0  0  0  0  0  4009162  0  0  0  0  0  0  0  0  0  21  0  0  0  0  0  51  0  0  0  0  0  0  0 
1441669203  0  0  0  0  0  0  0  0  0  4009162  0  0  0  0  0  0  0  0  0  21  0  0  0  0  0  51  0  0  0  0  0  0  0 
1441669203  0  0  0  0  0  0  0  0  0  4009162  0  0  0  0  0  0  0  0  0  21  0  0  0  0  0  51  0  0  0  0  0  0  0 
1441669204  0  0  0  0  0  0  0  0  0  4069327  0  0  0  0  0  0  0  0  0  22  0  0  0  0  0  53  0  60165  0  0  0  0  0 
1441669204  0  0  0  0  0  0  0  0  0  4129361  0  0  0  0  0  0  0  0  0  25  0  0  0  0  0  64  0  60034  0  0  0  0  0 
1441669205  0  0  0  0  0  0  0  0  0  4129361  0  0  0  0  0  0  0  0  0  25  0  0  0  0  0  64  0  0  0  0  0  0  0 
1441669205  0  0  0  0  0  0  0  0  0  4129361  0  0  0  0  0  0  0  0  0  25  0  0  0  0  0  64  0  0  0  0  0  0  0 
