#Type:X;CI:2;ww:0;ca:0;co:1;fr:0;Type:X;CI:2;PI:0;PT:EP;U0:0;U1:0;Type:X;CI:2;PI:1;PT:EP;U0:0;U1:0;
#time  Pp  gt  gs  cn  cm  cb  Nc  Pc  cp  Tc  Nm  pr  ps  pt  px  pd  Pm  Om  fs  ft  Oc  Em  Gp  Ec  Ge  ot  os  Total_cycles_diff  Successful_get_diff  Total_get_diff  succ_put_diff  total_put_diff  get_hit  
1441669021  0  0  0  0  0  0  0  0  0  4317145  0  0  0  0  0  0  0  0  0  21  0  0  0  0  0  46  0  4317145  0  0  0  0  
1441669022  0  0  0  0  0  0  0  0  0  4319474  0  0  0  0  0  0  0  0  0  21  0  0  0  0  0  47  0  2329  0  0  0  0  0 
1441669022  0  0  0  0  0  0  0  0  0  4319474  0  0  0  0  0  0  0  0  0  21  0  0  0  0  0  47  0  0  0  0  0  0  0 
1441669023  0  0  0  0  0  0  0  0  0  4319474  0  0  0  0  0  0  0  0  0  21  0  0  0  0  0  47  0  0  0  0  0  0  0 
1441669023  0  0  0  0  0  0  0  0  0  4319474  0  0  0  0  0  0  0  0  0  21  0  0  0  0  0  47  0  0  0  0  0  0  0 
1441669024  0  0  0  0  0  0  0  0  0  4319474  0  0  0  0  0  0  0  0  0  21  0  0  0  0  0  47  0  0  0  0  0  0  0 
1441669024  0  0  0  0  0  0  0  0  0  4319474  0  0  0  0  0  0  0  0  0  21  0  0  0  0  0  47  0  0  0  0  0  0  0 
1441669025  0  0  0  0  0  0  0  0  0  4319474  0  0  0  0  0  0  0  0  0  21  0  0  0  0  0  47  0  0  0  0  0  0  0 
1441669025  0  0  0  0  0  0  0  0  0  4319474  0  0  0  0  0  0  0  0  0  21  0  0  0  0  0  47  0  0  0  0  0  0  0 
1441669026  0  0  0  0  0  0  0  0  0  4319474  0  0  0  0  0  0  0  0  0  21  0  0  0  0  0  47  0  0  0  0  0  0  0 
1441669026  0  0  0  0  0  0  0  0  0  4319474  0  0  0  0  0  0  0  0  0  21  0  0  0  0  0  47  0  0  0  0  0  0  0 
1441669027  0  0  0  0  0  0  0  0  0  4319474  0  0  0  0  0  0  0  0  0  21  0  0  0  0  0  47  0  0  0  0  0  0  0 
1441669028  0  0  0  0  0  0  0  0  0  4319474  0  0  0  0  0  0  0  0  0  21  0  0  0  0  0  47  0  0  0  0  0  0  0 
1441669028  0  0  0  0  0  0  0  0  0  4319474  0  0  0  0  0  0  0  0  0  21  0  0  0  0  0  47  0  0  0  0  0  0  0 
1441669029  0  0  0  0  0  0  0  0  0  4319474  0  0  0  0  0  0  0  0  0  21  0  0  0  0  0  47  0  0  0  0  0  0  0 
1441669029  0  0  0  0  0  0  0  0  0  4319474  0  0  0  0  0  0  0  0  0  21  0  0  0  0  0  47  0  0  0  0  0  0  0 
1441669030  0  0  0  0  0  0  0  0  0  4319474  0  0  0  0  0  0  0  0  0  21  0  0  0  0  0  47  0  0  0  0  0  0  0 
1441669030  0  0  0  0  0  0  0  0  0  4319474  0  0  0  0  0  0  0  0  0  21  0  0  0  0  0  47  0  0  0  0  0  0  0 
1441669031  0  0  0  0  0  0  0  0  0  4319474  0  0  0  0  0  0  0  0  0  21  0  0  0  0  0  47  0  0  0  0  0  0  0 
1441669031  0  0  0  0  0  0  0  0  0  4319474  0  0  0  0  0  0  0  0  0  21  0  0  0  0  0  47  0  0  0  0  0  0  0 
1441669032  0  0  0  0  0  0  0  0  0  4321793  0  0  0  0  0  0  0  0  0  21  0  0  0  0  0  48  0  2319  0  0  0  0  0 
1441669032  0  0  0  0  0  0  0  0  0  4321793  0  0  0  0  0  0  0  0  0  21  0  0  0  0  0  48  0  0  0  0  0  0  0 
1441669033  0  0  0  0  0  0  0  0  0  4321793  0  0  0  0  0  0  0  0  0  21  0  0  0  0  0  48  0  0  0  0  0  0  0 
1441669033  0  0  0  0  0  0  0  0  0  4321793  0  0  0  0  0  0  0  0  0  21  0  0  0  0  0  48  0  0  0  0  0  0  0 
1441669034  0  0  0  0  0  0  0  0  0  4321793  0  0  0  0  0  0  0  0  0  21  0  0  0  0  0  48  0  0  0  0  0  0  0 
1441669034  0  0  0  0  0  0  0  0  0  4321793  0  0  0  0  0  0  0  0  0  21  0  0  0  0  0  48  0  0  0  0  0  0  0 
1441669035  0  0  0  0  0  0  0  0  0  4321793  0  0  0  0  0  0  0  0  0  21  0  0  0  0  0  48  0  0  0  0  0  0  0 
1441669035  0  0  0  0  0  0  0  0  0  4321793  0  0  0  0  0  0  0  0  0  21  0  0  0  0  0  48  0  0  0  0  0  0  0 
1441669036  0  0  0  0  0  0  0  0  0  4321793  0  0  0  0  0  0  0  0  0  21  0  0  0  0  0  48  0  0  0  0  0  0  0 
1441669036  0  0  0  0  0  0  0  0  0  4321793  0  0  0  0  0  0  0  0  0  21  0  0  0  0  0  48  0  0  0  0  0  0  0 
1441669037  0  0  0  0  0  0  0  0  0  4321793  0  0  0  0  0  0  0  0  0  21  0  0  0  0  0  48  0  0  0  0  0  0  0 
1441669037  0  0  0  0  0  0  0  0  0  4321793  0  0  0  0  0  0  0  0  0  21  0  0  0  0  0  48  0  0  0  0  0  0  0 
1441669038  0  0  0  0  0  0  0  0  0  4321793  0  0  0  0  0  0  0  0  0  21  0  0  0  0  0  48  0  0  0  0  0  0  0 
1441669038  0  0  0  0  0  0  0  0  0  4321793  0  0  0  0  0  0  0  0  0  21  0  0  0  0  0  48  0  0  0  0  0  0  0 
1441669039  0  0  0  0  0  0  0  0  0  4321793  0  0  0  0  0  0  0  0  0  21  0  0  0  0  0  48  0  0  0  0  0  0  0 
1441669039  0  0  0  0  0  0  0  0  0  4321793  0  0  0  0  0  0  0  0  0  21  0  0  0  0  0  48  0  0  0  0  0  0  0 
1441669040  0  0  0  0  0  0  0  0  0  4321793  0  0  0  0  0  0  0  0  0  21  0  0  0  0  0  48  0  0  0  0  0  0  0 
1441669040  0  0  0  0  0  0  0  0  0  4321793  0  0  0  0  0  0  0  0  0  21  0  0  0  0  0  48  0  0  0  0  0  0  0 
1441669041  0  0  0  0  0  0  0  0  0  4321793  0  0  0  0  0  0  0  0  0  21  0  0  0  0  0  48  0  0  0  0  0  0  0 
1441669041  0  0  0  0  0  0  0  0  0  4321793  0  0  0  0  0  0  0  0  0  21  0  0  0  0  0  48  0  0  0  0  0  0  0 
1441669042  0  0  0  0  0  0  0  0  0  4321793  0  0  0  0  0  0  0  0  0  21  0  0  0  0  0  48  0  0  0  0  0  0  0 
1441669042  0  0  0  0  0  0  0  0  0  4324155  0  0  0  0  0  0  0  0  0  21  0  0  0  0  0  49  0  2362  0  0  0  0  0 
1441669043  0  0  0  0  0  0  0  0  0  4324155  0  0  0  0  0  0  0  0  0  21  0  0  0  0  0  49  0  0  0  0  0  0  0 
1441669043  0  0  0  0  0  0  0  0  0  4324155  0  0  0  0  0  0  0  0  0  21  0  0  0  0  0  49  0  0  0  0  0  0  0 
1441669044  0  0  0  0  0  0  0  0  0  4324155  0  0  0  0  0  0  0  0  0  21  0  0  0  0  0  49  0  0  0  0  0  0  0 
1441669044  0  0  0  0  0  0  0  0  0  4324155  0  0  0  0  0  0  0  0  0  21  0  0  0  0  0  49  0  0  0  0  0  0  0 
1441669045  0  0  0  0  0  0  0  0  0  4324155  0  0  0  0  0  0  0  0  0  21  0  0  0  0  0  49  0  0  0  0  0  0  0 
1441669045  0  0  0  0  0  0  0  0  0  4324155  0  0  0  0  0  0  0  0  0  21  0  0  0  0  0  49  0  0  0  0  0  0  0 
1441669046  0  0  0  0  0  0  0  0  0  4324155  0  0  0  0  0  0  0  0  0  21  0  0  0  0  0  49  0  0  0  0  0  0  0 
1441669046  0  0  0  0  0  0  0  0  0  4324155  0  0  0  0  0  0  0  0  0  21  0  0  0  0  0  49  0  0  0  0  0  0  0 
1441669047  0  0  0  0  0  0  0  0  0  4324155  0  0  0  0  0  0  0  0  0  21  0  0  0  0  0  49  0  0  0  0  0  0  0 
1441669047  0  0  0  0  0  0  0  0  0  4324155  0  0  0  0  0  0  0  0  0  21  0  0  0  0  0  49  0  0  0  0  0  0  0 
1441669048  0  0  0  0  0  0  0  0  0  4324155  0  0  0  0  0  0  0  0  0  21  0  0  0  0  0  49  0  0  0  0  0  0  0 
1441669048  0  0  0  0  0  0  0  0  0  4324155  0  0  0  0  0  0  0  0  0  21  0  0  0  0  0  49  0  0  0  0  0  0  0 
1441669049  0  0  0  0  0  0  0  0  0  4324155  0  0  0  0  0  0  0  0  0  21  0  0  0  0  0  49  0  0  0  0  0  0  0 
1441669049  0  0  0  0  0  0  0  0  0  4324155  0  0  0  0  0  0  0  0  0  21  0  0  0  0  0  49  0  0  0  0  0  0  0 
1441669050  0  0  0  0  0  0  0  0  0  4324155  0  0  0  0  0  0  0  0  0  21  0  0  0  0  0  49  0  0  0  0  0  0  0 
1441669050  0  0  0  0  0  0  0  0  0  4324155  0  0  0  0  0  0  0  0  0  21  0  0  0  0  0  49  0  0  0  0  0  0  0 
1441669051  0  0  0  0  0  0  0  0  0  4324155  0  0  0  0  0  0  0  0  0  21  0  0  0  0  0  49  0  0  0  0  0  0  0 
1441669051  0  0  0  0  0  0  0  0  0  4324155  0  0  0  0  0  0  0  0  0  21  0  0  0  0  0  49  0  0  0  0  0  0  0 
1441669052  0  0  0  0  0  0  0  0  0  4324155  0  0  0  0  0  0  0  0  0  21  0  0  0  0  0  49  0  0  0  0  0  0  0 
1441669052  0  0  0  0  0  0  0  0  0  4326614  0  0  0  0  0  0  0  0  0  21  0  0  0  0  0  50  0  2459  0  0  0  0  0 
1441669053  0  0  0  0  0  0  0  0  0  4326614  0  0  0  0  0  0  0  0  0  21  0  0  0  0  0  50  0  0  0  0  0  0  0 
1441669053  0  0  0  0  0  0  0  0  0  4326614  0  0  0  0  0  0  0  0  0  21  0  0  0  0  0  50  0  0  0  0  0  0  0 
1441669054  0  0  0  0  0  0  0  0  0  4326614  0  0  0  0  0  0  0  0  0  21  0  0  0  0  0  50  0  0  0  0  0  0  0 
1441669054  0  0  0  0  0  0  0  0  0  4326614  0  0  0  0  0  0  0  0  0  21  0  0  0  0  0  50  0  0  0  0  0  0  0 
1441669055  0  0  0  0  0  0  0  0  0  4326614  0  0  0  0  0  0  0  0  0  21  0  0  0  0  0  50  0  0  0  0  0  0  0 
1441669055  0  0  0  0  0  0  0  0  0  4326614  0  0  0  0  0  0  0  0  0  21  0  0  0  0  0  50  0  0  0  0  0  0  0 
1441669056  0  0  0  0  0  0  0  0  0  4326614  0  0  0  0  0  0  0  0  0  21  0  0  0  0  0  50  0  0  0  0  0  0  0 
1441669056  0  0  0  0  0  0  0  0  0  4326614  0  0  0  0  0  0  0  0  0  21  0  0  0  0  0  50  0  0  0  0  0  0  0 
1441669057  0  0  0  0  0  0  0  0  0  4326614  0  0  0  0  0  0  0  0  0  21  0  0  0  0  0  50  0  0  0  0  0  0  0 
1441669057  0  0  0  0  0  0  0  0  0  4326614  0  0  0  0  0  0  0  0  0  21  0  0  0  0  0  50  0  0  0  0  0  0  0 
1441669058  0  0  0  0  0  0  0  0  0  4326614  0  0  0  0  0  0  0  0  0  21  0  0  0  0  0  50  0  0  0  0  0  0  0 
1441669058  0  0  0  0  0  0  0  0  0  4326614  0  0  0  0  0  0  0  0  0  21  0  0  0  0  0  50  0  0  0  0  0  0  0 
1441669059  0  0  0  0  0  0  0  0  0  4326614  0  0  0  0  0  0  0  0  0  21  0  0  0  0  0  50  0  0  0  0  0  0  0 
1441669059  0  0  0  0  0  0  0  0  0  4326614  0  0  0  0  0  0  0  0  0  21  0  0  0  0  0  50  0  0  0  0  0  0  0 
1441669060  0  0  0  0  0  0  0  0  0  4326614  0  0  0  0  0  0  0  0  0  21  0  0  0  0  0  50  0  0  0  0  0  0  0 
1441669060  0  0  0  0  0  0  0  0  0  4326614  0  0  0  0  0  0  0  0  0  21  0  0  0  0  0  50  0  0  0  0  0  0  0 
1441669061  0  0  0  0  0  0  0  0  0  4326614  0  0  0  0  0  0  0  0  0  21  0  0  0  0  0  50  0  0  0  0  0  0  0 
1441669061  0  0  0  0  0  0  0  0  0  4326614  0  0  0  0  0  0  0  0  0  21  0  0  0  0  0  50  0  0  0  0  0  0  0 
1441669062  0  0  0  0  0  0  0  0  0  4342733  0  0  0  0  0  0  0  0  0  21  0  0  0  0  0  50  0  16119  0  0  0  0  0 
1441669062  0  0  0  0  0  0  0  0  0  4393523  0  0  0  0  0  0  0  0  0  22  0  0  0  0  0  52  0  50790  0  0  0  0  0 
1441669063  0  0  0  0  0  0  0  0  0  4424621  0  0  0  0  0  0  0  0  0  25  0  0  0  0  0  63  0  31098  0  0  0  0  0 
1441669064  0  0  0  0  0  0  0  0  0  4428651  0  0  0  0  0  0  0  0  0  25  0  0  0  0  0  63  0  4030  0  0  0  0  0 
1441669064  0  0  0  0  0  0  0  0  0  4428651  0  0  0  0  0  0  0  0  0  25  0  0  0  0  0  63  0  0  0  0  0  0  0 
1441669065  0  0  0  0  0  0  0  0  0  4428651  0  0  0  0  0  0  0  0  0  25  0  0  0  0  0  63  0  0  0  0  0  0  0 
