#Type:X;CI:9;ww:0;ca:0;co:1;fr:0;Type:X;CI:9;PI:0;PT:EP;U0:0;U1:0;
#time  Pp  gt  gs  cn  cm  cb  Nc  Pc  cp  Tc  Nm  pr  ps  pt  px  pd  Pm  Om  fs  ft  Oc  Em  Gp  Ec  Ge  ot  os  Total_cycles_diff  Successful_get_diff  Total_get_diff  succ_put_diff  total_put_diff  get_hit  
1441669522  0  0  0  0  0  0  0  0  0  641383  0  0  0  0  0  0  0  0  0  0  0  0  0  0  0  0  0  641383  0  0  0  0  
1441669522  0  0  0  0  0  0  0  0  0  1119544  0  0  0  0  0  0  0  0  0  0  0  0  0  0  0  0  0  478161  0  0  0  0  0 
1441669523  0  0  0  0  0  0  0  0  0  1486545  0  0  0  0  0  0  0  0  0  0  0  0  0  0  0  0  0  367001  0  0  0  0  0 
1441669523  0  0  0  0  0  0  0  0  0  1674006  0  0  0  0  0  0  0  0  0  0  0  0  0  0  0  0  0  187461  0  0  0  0  0 
1441669524  0  0  0  0  0  0  0  0  0  2180853  0  0  0  0  0  0  0  0  0  13  0  0  0  0  0  38  0  506847  0  0  0  0  0 
1441669524  0  0  0  0  0  0  0  0  0  2966636  0  0  0  0  0  0  0  0  0  15  0  0  0  0  0  41  0  785783  0  0  0  0  0 
1441669525  0  0  0  0  0  0  0  0  0  2966636  0  0  0  0  0  0  0  0  0  15  0  0  0  0  0  41  0  0  0  0  0  0  0 
1441669525  0  0  0  0  0  0  0  0  0  3426375  0  0  0  0  0  0  0  0  0  21  0  0  0  0  0  46  0  459739  0  0  0  0  0 
1441669526  0  0  0  0  0  0  0  0  0  3788317  0  0  0  0  0  0  0  0  0  21  0  0  0  0  0  46  0  361942  0  0  0  0  0 
1441669527  0  0  0  0  0  0  0  0  0  3788317  0  0  0  0  0  0  0  0  0  21  0  0  0  0  0  46  0  0  0  0  0  0  0 
1441669527  0  0  0  0  0  0  0  0  0  3788317  0  0  0  0  0  0  0  0  0  21  0  0  0  0  0  46  0  0  0  0  0  0  0 
1441669528  0  0  0  0  0  0  0  0  0  3788317  0  0  0  0  0  0  0  0  0  21  0  0  0  0  0  46  0  0  0  0  0  0  0 
1441669528  0  0  0  0  0  0  0  0  0  3788317  0  0  0  0  0  0  0  0  0  21  0  0  0  0  0  46  0  0  0  0  0  0  0 
1441669529  0  0  0  0  0  0  0  0  0  3788317  0  0  0  0  0  0  0  0  0  21  0  0  0  0  0  46  0  0  0  0  0  0  0 
1441669529  0  0  0  0  0  0  0  0  0  3788317  0  0  0  0  0  0  0  0  0  21  0  0  0  0  0  46  0  0  0  0  0  0  0 
1441669530  0  0  0  0  0  0  0  0  0  3788317  0  0  0  0  0  0  0  0  0  21  0  0  0  0  0  46  0  0  0  0  0  0  0 
1441669530  0  0  0  0  0  0  0  0  0  3788317  0  0  0  0  0  0  0  0  0  21  0  0  0  0  0  46  0  0  0  0  0  0  0 
1441669531  0  0  0  0  0  0  0  0  0  3788317  0  0  0  0  0  0  0  0  0  21  0  0  0  0  0  46  0  0  0  0  0  0  0 
1441669531  0  0  0  0  0  0  0  0  0  3788317  0  0  0  0  0  0  0  0  0  21  0  0  0  0  0  46  0  0  0  0  0  0  0 
1441669532  0  0  0  0  0  0  0  0  0  3788317  0  0  0  0  0  0  0  0  0  21  0  0  0  0  0  46  0  0  0  0  0  0  0 
1441669532  0  0  0  0  0  0  0  0  0  3788317  0  0  0  0  0  0  0  0  0  21  0  0  0  0  0  46  0  0  0  0  0  0  0 
1441669533  0  0  0  0  0  0  0  0  0  3788317  0  0  0  0  0  0  0  0  0  21  0  0  0  0  0  46  0  0  0  0  0  0  0 
1441669533  0  0  0  0  0  0  0  0  0  3788317  0  0  0  0  0  0  0  0  0  21  0  0  0  0  0  46  0  0  0  0  0  0  0 
1441669534  0  0  0  0  0  0  0  0  0  3788317  0  0  0  0  0  0  0  0  0  21  0  0  0  0  0  46  0  0  0  0  0  0  0 
1441669534  0  0  0  0  0  0  0  0  0  3788317  0  0  0  0  0  0  0  0  0  21  0  0  0  0  0  46  0  0  0  0  0  0  0 
1441669535  0  0  0  0  0  0  0  0  0  3788317  0  0  0  0  0  0  0  0  0  21  0  0  0  0  0  46  0  0  0  0  0  0  0 
1441669535  0  0  0  0  0  0  0  0  0  3788317  0  0  0  0  0  0  0  0  0  21  0  0  0  0  0  46  0  0  0  0  0  0  0 
1441669536  0  0  0  0  0  0  0  0  0  3788317  0  0  0  0  0  0  0  0  0  21  0  0  0  0  0  46  0  0  0  0  0  0  0 
1441669536  0  0  0  0  0  0  0  0  0  3788317  0  0  0  0  0  0  0  0  0  21  0  0  0  0  0  46  0  0  0  0  0  0  0 
1441669537  0  0  0  0  0  0  0  0  0  3788317  0  0  0  0  0  0  0  0  0  21  0  0  0  0  0  46  0  0  0  0  0  0  0 
1441669537  0  0  0  0  0  0  0  0  0  3788317  0  0  0  0  0  0  0  0  0  21  0  0  0  0  0  46  0  0  0  0  0  0  0 
1441669538  0  0  0  0  0  0  0  0  0  3788317  0  0  0  0  0  0  0  0  0  21  0  0  0  0  0  46  0  0  0  0  0  0  0 
1441669538  0  0  0  0  0  0  0  0  0  3788317  0  0  0  0  0  0  0  0  0  21  0  0  0  0  0  46  0  0  0  0  0  0  0 
1441669539  0  0  0  0  0  0  0  0  0  3788317  0  0  0  0  0  0  0  0  0  21  0  0  0  0  0  46  0  0  0  0  0  0  0 
1441669539  0  0  0  0  0  0  0  0  0  3788317  0  0  0  0  0  0  0  0  0  21  0  0  0  0  0  46  0  0  0  0  0  0  0 
1441669540  0  0  0  0  0  0  0  0  0  3788317  0  0  0  0  0  0  0  0  0  21  0  0  0  0  0  46  0  0  0  0  0  0  0 
1441669540  0  0  0  0  0  0  0  0  0  3788317  0  0  0  0  0  0  0  0  0  21  0  0  0  0  0  46  0  0  0  0  0  0  0 
1441669541  0  0  0  0  0  0  0  0  0  3788317  0  0  0  0  0  0  0  0  0  21  0  0  0  0  0  46  0  0  0  0  0  0  0 
1441669541  0  0  0  0  0  0  0  0  0  3788317  0  0  0  0  0  0  0  0  0  21  0  0  0  0  0  46  0  0  0  0  0  0  0 
1441669542  0  0  0  0  0  0  0  0  0  3788317  0  0  0  0  0  0  0  0  0  21  0  0  0  0  0  46  0  0  0  0  0  0  0 
1441669542  0  0  0  0  0  0  0  0  0  3788317  0  0  0  0  0  0  0  0  0  21  0  0  0  0  0  46  0  0  0  0  0  0  0 
1441669543  0  0  0  0  0  0  0  0  0  3788317  0  0  0  0  0  0  0  0  0  21  0  0  0  0  0  46  0  0  0  0  0  0  0 
1441669543  0  0  0  0  0  0  0  0  0  3788317  0  0  0  0  0  0  0  0  0  21  0  0  0  0  0  46  0  0  0  0  0  0  0 
1441669544  0  0  0  0  0  0  0  0  0  3788317  0  0  0  0  0  0  0  0  0  21  0  0  0  0  0  46  0  0  0  0  0  0  0 
1441669544  0  0  0  0  0  0  0  0  0  3788317  0  0  0  0  0  0  0  0  0  21  0  0  0  0  0  46  0  0  0  0  0  0  0 
1441669545  0  0  0  0  0  0  0  0  0  3788317  0  0  0  0  0  0  0  0  0  21  0  0  0  0  0  46  0  0  0  0  0  0  0 
1441669545  0  0  0  0  0  0  0  0  0  3788317  0  0  0  0  0  0  0  0  0  21  0  0  0  0  0  46  0  0  0  0  0  0  0 
1441669546  0  0  0  0  0  0  0  0  0  3788317  0  0  0  0  0  0  0  0  0  21  0  0  0  0  0  46  0  0  0  0  0  0  0 
1441669546  0  0  0  0  0  0  0  0  0  3788317  0  0  0  0  0  0  0  0  0  21  0  0  0  0  0  46  0  0  0  0  0  0  0 
1441669547  0  0  0  0  0  0  0  0  0  3788317  0  0  0  0  0  0  0  0  0  21  0  0  0  0  0  46  0  0  0  0  0  0  0 
1441669547  0  0  0  0  0  0  0  0  0  3788317  0  0  0  0  0  0  0  0  0  21  0  0  0  0  0  46  0  0  0  0  0  0  0 
1441669548  0  0  0  0  0  0  0  0  0  3788317  0  0  0  0  0  0  0  0  0  21  0  0  0  0  0  46  0  0  0  0  0  0  0 
1441669548  0  0  0  0  0  0  0  0  0  3788317  0  0  0  0  0  0  0  0  0  21  0  0  0  0  0  46  0  0  0  0  0  0  0 
1441669549  0  0  0  0  0  0  0  0  0  3788317  0  0  0  0  0  0  0  0  0  21  0  0  0  0  0  46  0  0  0  0  0  0  0 
1441669549  0  0  0  0  0  0  0  0  0  3788317  0  0  0  0  0  0  0  0  0  21  0  0  0  0  0  46  0  0  0  0  0  0  0 
1441669550  0  0  0  0  0  0  0  0  0  3788317  0  0  0  0  0  0  0  0  0  21  0  0  0  0  0  46  0  0  0  0  0  0  0 
1441669550  0  0  0  0  0  0  0  0  0  3788317  0  0  0  0  0  0  0  0  0  21  0  0  0  0  0  46  0  0  0  0  0  0  0 
1441669551  0  0  0  0  0  0  0  0  0  3788317  0  0  0  0  0  0  0  0  0  21  0  0  0  0  0  46  0  0  0  0  0  0  0 
1441669551  0  0  0  0  0  0  0  0  0  3788317  0  0  0  0  0  0  0  0  0  21  0  0  0  0  0  46  0  0  0  0  0  0  0 
1441669552  0  0  0  0  0  0  0  0  0  3788317  0  0  0  0  0  0  0  0  0  21  0  0  0  0  0  46  0  0  0  0  0  0  0 
1441669552  0  0  0  0  0  0  0  0  0  3788317  0  0  0  0  0  0  0  0  0  21  0  0  0  0  0  46  0  0  0  0  0  0  0 
1441669553  0  0  0  0  0  0  0  0  0  3788317  0  0  0  0  0  0  0  0  0  21  0  0  0  0  0  46  0  0  0  0  0  0  0 
1441669553  0  0  0  0  0  0  0  0  0  3788317  0  0  0  0  0  0  0  0  0  21  0  0  0  0  0  46  0  0  0  0  0  0  0 
1441669554  0  0  0  0  0  0  0  0  0  3788317  0  0  0  0  0  0  0  0  0  21  0  0  0  0  0  46  0  0  0  0  0  0  0 
1441669554  0  0  0  0  0  0  0  0  0  3788317  0  0  0  0  0  0  0  0  0  21  0  0  0  0  0  46  0  0  0  0  0  0  0 
1441669555  0  0  0  0  0  0  0  0  0  3788317  0  0  0  0  0  0  0  0  0  21  0  0  0  0  0  46  0  0  0  0  0  0  0 
1441669555  0  0  0  0  0  0  0  0  0  3788317  0  0  0  0  0  0  0  0  0  21  0  0  0  0  0  46  0  0  0  0  0  0  0 
1441669556  0  0  0  0  0  0  0  0  0  3788317  0  0  0  0  0  0  0  0  0  21  0  0  0  0  0  46  0  0  0  0  0  0  0 
1441669556  0  0  0  0  0  0  0  0  0  3788317  0  0  0  0  0  0  0  0  0  21  0  0  0  0  0  46  0  0  0  0  0  0  0 
1441669557  0  0  0  0  0  0  0  0  0  3788317  0  0  0  0  0  0  0  0  0  21  0  0  0  0  0  46  0  0  0  0  0  0  0 
1441669557  0  0  0  0  0  0  0  0  0  3788317  0  0  0  0  0  0  0  0  0  21  0  0  0  0  0  46  0  0  0  0  0  0  0 
1441669558  0  0  0  0  0  0  0  0  0  3788317  0  0  0  0  0  0  0  0  0  21  0  0  0  0  0  46  0  0  0  0  0  0  0 
1441669558  0  0  0  0  0  0  0  0  0  3788317  0  0  0  0  0  0  0  0  0  21  0  0  0  0  0  46  0  0  0  0  0  0  0 
1441669559  0  0  0  0  0  0  0  0  0  3788317  0  0  0  0  0  0  0  0  0  21  0  0  0  0  0  46  0  0  0  0  0  0  0 
1441669559  0  0  0  0  0  0  0  0  0  3788317  0  0  0  0  0  0  0  0  0  21  0  0  0  0  0  46  0  0  0  0  0  0  0 
1441669560  0  0  0  0  0  0  0  0  0  3788317  0  0  0  0  0  0  0  0  0  21  0  0  0  0  0  46  0  0  0  0  0  0  0 
1441669560  0  0  0  0  0  0  0  0  0  3788317  0  0  0  0  0  0  0  0  0  21  0  0  0  0  0  46  0  0  0  0  0  0  0 
1441669561  0  0  0  0  0  0  0  0  0  3788317  0  0  0  0  0  0  0  0  0  21  0  0  0  0  0  46  0  0  0  0  0  0  0 
1441669561  0  0  0  0  0  0  0  0  0  3788317  0  0  0  0  0  0  0  0  0  21  0  0  0  0  0  46  0  0  0  0  0  0  0 
1441669562  0  0  0  0  0  0  0  0  0  3788317  0  0  0  0  0  0  0  0  0  21  0  0  0  0  0  46  0  0  0  0  0  0  0 
1441669562  0  0  0  0  0  0  0  0  0  3788317  0  0  0  0  0  0  0  0  0  21  0  0  0  0  0  46  0  0  0  0  0  0  0 
1441669563  0  0  0  0  0  0  0  0  0  3788317  0  0  0  0  0  0  0  0  0  21  0  0  0  0  0  46  0  0  0  0  0  0  0 
1441669564  0  0  0  0  0  0  0  0  0  3788317  0  0  0  0  0  0  0  0  0  21  0  0  0  0  0  46  0  0  0  0  0  0  0 
1441669564  0  0  0  0  0  0  0  0  0  3788317  0  0  0  0  0  0  0  0  0  21  0  0  0  0  0  46  0  0  0  0  0  0  0 
1441669565  0  0  0  0  0  0  0  0  0  3788317  0  0  0  0  0  0  0  0  0  21  0  0  0  0  0  46  0  0  0  0  0  0  0 
1441669565  0  0  0  0  0  0  0  0  0  3788317  0  0  0  0  0  0  0  0  0  21  0  0  0  0  0  46  0  0  0  0  0  0  0 
1441669566  0  0  0  0  0  0  0  0  0  3788317  0  0  0  0  0  0  0  0  0  21  0  0  0  0  0  46  0  0  0  0  0  0  0 
1441669566  0  0  0  0  0  0  0  0  0  3788317  0  0  0  0  0  0  0  0  0  21  0  0  0  0  0  46  0  0  0  0  0  0  0 
1441669567  0  0  0  0  0  0  0  0  0  3788317  0  0  0  0  0  0  0  0  0  21  0  0  0  0  0  46  0  0  0  0  0  0  0 
1441669567  0  0  0  0  0  0  0  0  0  3788317  0  0  0  0  0  0  0  0  0  21  0  0  0  0  0  46  0  0  0  0  0  0  0 
1441669568  0  0  0  0  0  0  0  0  0  3788317  0  0  0  0  0  0  0  0  0  21  0  0  0  0  0  46  0  0  0  0  0  0  0 
1441669568  0  0  0  0  0  0  0  0  0  3788317  0  0  0  0  0  0  0  0  0  21  0  0  0  0  0  46  0  0  0  0  0  0  0 
1441669569  0  0  0  0  0  0  0  0  0  3788317  0  0  0  0  0  0  0  0  0  21  0  0  0  0  0  46  0  0  0  0  0  0  0 
1441669569  0  0  0  0  0  0  0  0  0  3788317  0  0  0  0  0  0  0  0  0  21  0  0  0  0  0  46  0  0  0  0  0  0  0 
1441669570  0  0  0  0  0  0  0  0  0  3788317  0  0  0  0  0  0  0  0  0  21  0  0  0  0  0  46  0  0  0  0  0  0  0 
1441669570  0  0  0  0  0  0  0  0  0  3788317  0  0  0  0  0  0  0  0  0  21  0  0  0  0  0  46  0  0  0  0  0  0  0 
1441669571  0  0  0  0  0  0  0  0  0  3788317  0  0  0  0  0  0  0  0  0  21  0  0  0  0  0  46  0  0  0  0  0  0  0 
1441669571  0  0  0  0  0  0  0  0  0  3788317  0  0  0  0  0  0  0  0  0  21  0  0  0  0  0  46  0  0  0  0  0  0  0 
1441669572  0  0  0  0  0  0  0  0  0  3788317  0  0  0  0  0  0  0  0  0  21  0  0  0  0  0  46  0  0  0  0  0  0  0 
1441669572  0  0  0  0  0  0  0  0  0  3788317  0  0  0  0  0  0  0  0  0  21  0  0  0  0  0  46  0  0  0  0  0  0  0 
1441669573  0  0  0  0  0  0  0  0  0  3788317  0  0  0  0  0  0  0  0  0  21  0  0  0  0  0  46  0  0  0  0  0  0  0 
1441669573  0  0  0  0  0  0  0  0  0  3788317  0  0  0  0  0  0  0  0  0  21  0  0  0  0  0  46  0  0  0  0  0  0  0 
1441669574  0  0  0  0  0  0  0  0  0  3788317  0  0  0  0  0  0  0  0  0  21  0  0  0  0  0  46  0  0  0  0  0  0  0 
1441669574  0  0  0  0  0  0  0  0  0  3788317  0  0  0  0  0  0  0  0  0  21  0  0  0  0  0  46  0  0  0  0  0  0  0 
1441669575  0  0  0  0  0  0  0  0  0  3788317  0  0  0  0  0  0  0  0  0  21  0  0  0  0  0  46  0  0  0  0  0  0  0 
1441669575  0  0  0  0  0  0  0  0  0  3788317  0  0  0  0  0  0  0  0  0  21  0  0  0  0  0  46  0  0  0  0  0  0  0 
1441669576  0  0  0  0  0  0  0  0  0  3788317  0  0  0  0  0  0  0  0  0  21  0  0  0  0  0  46  0  0  0  0  0  0  0 
1441669576  0  0  0  0  0  0  0  0  0  3788317  0  0  0  0  0  0  0  0  0  21  0  0  0  0  0  46  0  0  0  0  0  0  0 
1441669577  0  0  0  0  0  0  0  0  0  3788317  0  0  0  0  0  0  0  0  0  21  0  0  0  0  0  46  0  0  0  0  0  0  0 
1441669577  0  0  0  0  0  0  0  0  0  3788317  0  0  0  0  0  0  0  0  0  21  0  0  0  0  0  46  0  0  0  0  0  0  0 
1441669578  0  0  0  0  0  0  0  0  0  3788317  0  0  0  0  0  0  0  0  0  21  0  0  0  0  0  46  0  0  0  0  0  0  0 
1441669578  0  0  0  0  0  0  0  0  0  3795359  0  0  0  0  0  0  0  0  0  21  0  0  0  0  0  47  0  7042  0  0  0  0  0 
1441669579  0  0  0  0  0  0  0  0  0  3795359  0  0  0  0  0  0  0  0  0  21  0  0  0  0  0  47  0  0  0  0  0  0  0 
1441669579  0  0  0  0  0  0  0  0  0  3795359  0  0  0  0  0  0  0  0  0  21  0  0  0  0  0  47  0  0  0  0  0  0  0 
1441669580  0  0  0  0  0  0  0  0  0  3795359  0  0  0  0  0  0  0  0  0  21  0  0  0  0  0  47  0  0  0  0  0  0  0 
1441669580  0  0  0  0  0  0  0  0  0  3795359  0  0  0  0  0  0  0  0  0  21  0  0  0  0  0  47  0  0  0  0  0  0  0 
1441669581  0  0  0  0  0  0  0  0  0  3795359  0  0  0  0  0  0  0  0  0  21  0  0  0  0  0  47  0  0  0  0  0  0  0 
1441669581  0  0  0  0  0  0  0  0  0  3795359  0  0  0  0  0  0  0  0  0  21  0  0  0  0  0  47  0  0  0  0  0  0  0 
1441669582  0  0  0  0  0  0  0  0  0  3795359  0  0  0  0  0  0  0  0  0  21  0  0  0  0  0  47  0  0  0  0  0  0  0 
1441669582  0  0  0  0  0  0  0  0  0  3795359  0  0  0  0  0  0  0  0  0  21  0  0  0  0  0  47  0  0  0  0  0  0  0 
1441669583  0  0  0  0  0  0  0  0  0  3795359  0  0  0  0  0  0  0  0  0  21  0  0  0  0  0  47  0  0  0  0  0  0  0 
1441669583  0  0  0  0  0  0  0  0  0  3795359  0  0  0  0  0  0  0  0  0  21  0  0  0  0  0  47  0  0  0  0  0  0  0 
1441669584  0  0  0  0  0  0  0  0  0  3795359  0  0  0  0  0  0  0  0  0  21  0  0  0  0  0  47  0  0  0  0  0  0  0 
1441669584  0  0  0  0  0  0  0  0  0  3795359  0  0  0  0  0  0  0  0  0  21  0  0  0  0  0  47  0  0  0  0  0  0  0 
1441669585  0  0  0  0  0  0  0  0  0  3795359  0  0  0  0  0  0  0  0  0  21  0  0  0  0  0  47  0  0  0  0  0  0  0 
1441669585  0  0  0  0  0  0  0  0  0  3795359  0  0  0  0  0  0  0  0  0  21  0  0  0  0  0  47  0  0  0  0  0  0  0 
1441669586  0  0  0  0  0  0  0  0  0  3795359  0  0  0  0  0  0  0  0  0  21  0  0  0  0  0  47  0  0  0  0  0  0  0 
1441669586  0  0  0  0  0  0  0  0  0  3795359  0  0  0  0  0  0  0  0  0  21  0  0  0  0  0  47  0  0  0  0  0  0  0 
1441669587  0  0  0  0  0  0  0  0  0  3795359  0  0  0  0  0  0  0  0  0  21  0  0  0  0  0  47  0  0  0  0  0  0  0 
1441669587  0  0  0  0  0  0  0  0  0  3795359  0  0  0  0  0  0  0  0  0  21  0  0  0  0  0  47  0  0  0  0  0  0  0 
1441669588  0  0  0  0  0  0  0  0  0  3795359  0  0  0  0  0  0  0  0  0  21  0  0  0  0  0  47  0  0  0  0  0  0  0 
1441669588  0  0  0  0  0  0  0  0  0  3797745  0  0  0  0  0  0  0  0  0  21  0  0  0  0  0  48  0  2386  0  0  0  0  0 
1441669589  0  0  0  0  0  0  0  0  0  3797745  0  0  0  0  0  0  0  0  0  21  0  0  0  0  0  48  0  0  0  0  0  0  0 
1441669589  0  0  0  0  0  0  0  0  0  3797745  0  0  0  0  0  0  0  0  0  21  0  0  0  0  0  48  0  0  0  0  0  0  0 
1441669590  0  0  0  0  0  0  0  0  0  3797745  0  0  0  0  0  0  0  0  0  21  0  0  0  0  0  48  0  0  0  0  0  0  0 
1441669590  0  0  0  0  0  0  0  0  0  3797745  0  0  0  0  0  0  0  0  0  21  0  0  0  0  0  48  0  0  0  0  0  0  0 
1441669591  0  0  0  0  0  0  0  0  0  3797745  0  0  0  0  0  0  0  0  0  21  0  0  0  0  0  48  0  0  0  0  0  0  0 
1441669591  0  0  0  0  0  0  0  0  0  3797745  0  0  0  0  0  0  0  0  0  21  0  0  0  0  0  48  0  0  0  0  0  0  0 
1441669592  0  0  0  0  0  0  0  0  0  3797745  0  0  0  0  0  0  0  0  0  21  0  0  0  0  0  48  0  0  0  0  0  0  0 
1441669592  0  0  0  0  0  0  0  0  0  3797745  0  0  0  0  0  0  0  0  0  21  0  0  0  0  0  48  0  0  0  0  0  0  0 
1441669593  0  0  0  0  0  0  0  0  0  3797745  0  0  0  0  0  0  0  0  0  21  0  0  0  0  0  48  0  0  0  0  0  0  0 
1441669593  0  0  0  0  0  0  0  0  0  3797745  0  0  0  0  0  0  0  0  0  21  0  0  0  0  0  48  0  0  0  0  0  0  0 
1441669594  0  0  0  0  0  0  0  0  0  3797745  0  0  0  0  0  0  0  0  0  21  0  0  0  0  0  48  0  0  0  0  0  0  0 
1441669594  0  0  0  0  0  0  0  0  0  3797745  0  0  0  0  0  0  0  0  0  21  0  0  0  0  0  48  0  0  0  0  0  0  0 
1441669595  0  0  0  0  0  0  0  0  0  3797745  0  0  0  0  0  0  0  0  0  21  0  0  0  0  0  48  0  0  0  0  0  0  0 
1441669595  0  0  0  0  0  0  0  0  0  3797745  0  0  0  0  0  0  0  0  0  21  0  0  0  0  0  48  0  0  0  0  0  0  0 
1441669596  0  0  0  0  0  0  0  0  0  3797745  0  0  0  0  0  0  0  0  0  21  0  0  0  0  0  48  0  0  0  0  0  0  0 
1441669596  0  0  0  0  0  0  0  0  0  3797745  0  0  0  0  0  0  0  0  0  21  0  0  0  0  0  48  0  0  0  0  0  0  0 
1441669597  0  0  0  0  0  0  0  0  0  3797745  0  0  0  0  0  0  0  0  0  21  0  0  0  0  0  48  0  0  0  0  0  0  0 
1441669597  0  0  0  0  0  0  0  0  0  3797745  0  0  0  0  0  0  0  0  0  21  0  0  0  0  0  48  0  0  0  0  0  0  0 
1441669598  0  0  0  0  0  0  0  0  0  3797745  0  0  0  0  0  0  0  0  0  21  0  0  0  0  0  48  0  0  0  0  0  0  0 
1441669598  0  0  0  0  0  0  0  0  0  3800869  0  0  0  0  0  0  0  0  0  21  0  0  0  0  0  49  0  3124  0  0  0  0  0 
1441669599  0  0  0  0  0  0  0  0  0  3800869  0  0  0  0  0  0  0  0  0  21  0  0  0  0  0  49  0  0  0  0  0  0  0 
1441669600  0  0  0  0  0  0  0  0  0  3800869  0  0  0  0  0  0  0  0  0  21  0  0  0  0  0  49  0  0  0  0  0  0  0 
1441669600  0  0  0  0  0  0  0  0  0  3800869  0  0  0  0  0  0  0  0  0  21  0  0  0  0  0  49  0  0  0  0  0  0  0 
1441669601  0  0  0  0  0  0  0  0  0  3800869  0  0  0  0  0  0  0  0  0  21  0  0  0  0  0  49  0  0  0  0  0  0  0 
1441669601  0  0  0  0  0  0  0  0  0  3800869  0  0  0  0  0  0  0  0  0  21  0  0  0  0  0  49  0  0  0  0  0  0  0 
1441669602  0  0  0  0  0  0  0  0  0  3800869  0  0  0  0  0  0  0  0  0  21  0  0  0  0  0  49  0  0  0  0  0  0  0 
1441669602  0  0  0  0  0  0  0  0  0  3800869  0  0  0  0  0  0  0  0  0  21  0  0  0  0  0  49  0  0  0  0  0  0  0 
1441669603  0  0  0  0  0  0  0  0  0  3800869  0  0  0  0  0  0  0  0  0  21  0  0  0  0  0  49  0  0  0  0  0  0  0 
1441669603  0  0  0  0  0  0  0  0  0  3800869  0  0  0  0  0  0  0  0  0  21  0  0  0  0  0  49  0  0  0  0  0  0  0 
1441669604  0  0  0  0  0  0  0  0  0  3800869  0  0  0  0  0  0  0  0  0  21  0  0  0  0  0  49  0  0  0  0  0  0  0 
1441669604  0  0  0  0  0  0  0  0  0  3800869  0  0  0  0  0  0  0  0  0  21  0  0  0  0  0  49  0  0  0  0  0  0  0 
1441669605  0  0  0  0  0  0  0  0  0  3800869  0  0  0  0  0  0  0  0  0  21  0  0  0  0  0  49  0  0  0  0  0  0  0 
1441669605  0  0  0  0  0  0  0  0  0  3800869  0  0  0  0  0  0  0  0  0  21  0  0  0  0  0  49  0  0  0  0  0  0  0 
1441669606  0  0  0  0  0  0  0  0  0  3800869  0  0  0  0  0  0  0  0  0  21  0  0  0  0  0  49  0  0  0  0  0  0  0 
1441669606  0  0  0  0  0  0  0  0  0  3800869  0  0  0  0  0  0  0  0  0  21  0  0  0  0  0  49  0  0  0  0  0  0  0 
1441669607  0  0  0  0  0  0  0  0  0  3800869  0  0  0  0  0  0  0  0  0  21  0  0  0  0  0  49  0  0  0  0  0  0  0 
1441669607  0  0  0  0  0  0  0  0  0  3800869  0  0  0  0  0  0  0  0  0  21  0  0  0  0  0  49  0  0  0  0  0  0  0 
1441669608  0  0  0  0  0  0  0  0  0  3800869  0  0  0  0  0  0  0  0  0  21  0  0  0  0  0  49  0  0  0  0  0  0  0 
1441669608  0  0  0  0  0  0  0  0  0  3803933  0  0  0  0  0  0  0  0  0  21  0  0  0  0  0  50  0  3064  0  0  0  0  0 
1441669609  0  0  0  0  0  0  0  0  0  3803933  0  0  0  0  0  0  0  0  0  21  0  0  0  0  0  50  0  0  0  0  0  0  0 
1441669609  0  0  0  0  0  0  0  0  0  3803933  0  0  0  0  0  0  0  0  0  21  0  0  0  0  0  50  0  0  0  0  0  0  0 
1441669610  0  0  0  0  0  0  0  0  0  3803933  0  0  0  0  0  0  0  0  0  21  0  0  0  0  0  50  0  0  0  0  0  0  0 
1441669610  0  0  0  0  0  0  0  0  0  3803933  0  0  0  0  0  0  0  0  0  21  0  0  0  0  0  50  0  0  0  0  0  0  0 
1441669611  0  0  0  0  0  0  0  0  0  3803933  0  0  0  0  0  0  0  0  0  21  0  0  0  0  0  50  0  0  0  0  0  0  0 
1441669611  0  0  0  0  0  0  0  0  0  3803933  0  0  0  0  0  0  0  0  0  21  0  0  0  0  0  50  0  0  0  0  0  0  0 
1441669612  0  0  0  0  0  0  0  0  0  3803933  0  0  0  0  0  0  0  0  0  21  0  0  0  0  0  50  0  0  0  0  0  0  0 
1441669612  0  0  0  0  0  0  0  0  0  3803933  0  0  0  0  0  0  0  0  0  21  0  0  0  0  0  50  0  0  0  0  0  0  0 
1441669613  0  0  0  0  0  0  0  0  0  3803933  0  0  0  0  0  0  0  0  0  21  0  0  0  0  0  50  0  0  0  0  0  0  0 
1441669613  0  0  0  0  0  0  0  0  0  3803933  0  0  0  0  0  0  0  0  0  21  0  0  0  0  0  50  0  0  0  0  0  0  0 
1441669614  0  0  0  0  0  0  0  0  0  3803933  0  0  0  0  0  0  0  0  0  21  0  0  0  0  0  50  0  0  0  0  0  0  0 
1441669614  0  0  0  0  0  0  0  0  0  3803933  0  0  0  0  0  0  0  0  0  21  0  0  0  0  0  50  0  0  0  0  0  0  0 
1441669615  0  0  0  0  0  0  0  0  0  3803933  0  0  0  0  0  0  0  0  0  21  0  0  0  0  0  50  0  0  0  0  0  0  0 
1441669615  0  0  0  0  0  0  0  0  0  3803933  0  0  0  0  0  0  0  0  0  21  0  0  0  0  0  50  0  0  0  0  0  0  0 
1441669616  0  0  0  0  0  0  0  0  0  3803933  0  0  0  0  0  0  0  0  0  21  0  0  0  0  0  50  0  0  0  0  0  0  0 
1441669616  0  0  0  0  0  0  0  0  0  3803933  0  0  0  0  0  0  0  0  0  21  0  0  0  0  0  50  0  0  0  0  0  0  0 
1441669617  0  0  0  0  0  0  0  0  0  3803933  0  0  0  0  0  0  0  0  0  21  0  0  0  0  0  50  0  0  0  0  0  0  0 
1441669617  0  0  0  0  0  0  0  0  0  3803933  0  0  0  0  0  0  0  0  0  21  0  0  0  0  0  50  0  0  0  0  0  0  0 
1441669618  0  0  0  0  0  0  0  0  0  3803933  0  0  0  0  0  0  0  0  0  21  0  0  0  0  0  50  0  0  0  0  0  0  0 
1441669618  0  0  0  0  0  0  0  0  0  3803933  0  0  0  0  0  0  0  0  0  21  0  0  0  0  0  50  0  0  0  0  0  0  0 
1441669619  0  0  0  0  0  0  0  0  0  3806528  0  0  0  0  0  0  0  0  0  21  0  0  0  0  0  51  0  2595  0  0  0  0  0 
1441669619  0  0  0  0  0  0  0  0  0  3806528  0  0  0  0  0  0  0  0  0  21  0  0  0  0  0  51  0  0  0  0  0  0  0 
1441669620  0  0  0  0  0  0  0  0  0  3806528  0  0  0  0  0  0  0  0  0  21  0  0  0  0  0  51  0  0  0  0  0  0  0 
1441669620  0  0  0  0  0  0  0  0  0  3806528  0  0  0  0  0  0  0  0  0  21  0  0  0  0  0  51  0  0  0  0  0  0  0 
1441669621  0  0  0  0  0  0  0  0  0  3806528  0  0  0  0  0  0  0  0  0  21  0  0  0  0  0  51  0  0  0  0  0  0  0 
1441669621  0  0  0  0  0  0  0  0  0  3806528  0  0  0  0  0  0  0  0  0  21  0  0  0  0  0  51  0  0  0  0  0  0  0 
1441669622  0  0  0  0  0  0  0  0  0  3899332  0  0  0  0  0  0  0  0  0  21  0  0  0  0  0  52  0  92804  0  0  0  0  0 
1441669622  0  0  0  0  0  0  0  0  0  3899332  0  0  0  0  0  0  0  0  0  21  0  0  0  0  0  52  0  0  0  0  0  0  0 
1441669623  0  0  0  0  0  0  0  0  0  3899332  0  0  0  0  0  0  0  0  0  21  0  0  0  0  0  52  0  0  0  0  0  0  0 
1441669623  0  0  0  0  0  0  0  0  0  3899332  0  0  0  0  0  0  0  0  0  21  0  0  0  0  0  52  0  0  0  0  0  0  0 
1441669624  0  0  0  0  0  0  0  0  0  3899332  0  0  0  0  0  0  0  0  0  21  0  0  0  0  0  52  0  0  0  0  0  0  0 
1441669624  0  0  0  0  0  0  0  0  0  3899332  0  0  0  0  0  0  0  0  0  21  0  0  0  0  0  52  0  0  0  0  0  0  0 
1441669625  0  0  0  0  0  0  0  0  0  3899332  0  0  0  0  0  0  0  0  0  21  0  0  0  0  0  52  0  0  0  0  0  0  0 
1441669625  0  0  0  0  0  0  0  0  0  3899332  0  0  0  0  0  0  0  0  0  21  0  0  0  0  0  52  0  0  0  0  0  0  0 
1441669626  0  0  0  0  0  0  0  0  0  3899332  0  0  0  0  0  0  0  0  0  21  0  0  0  0  0  52  0  0  0  0  0  0  0 
1441669626  0  0  0  0  0  0  0  0  0  3899332  0  0  0  0  0  0  0  0  0  21  0  0  0  0  0  52  0  0  0  0  0  0  0 
1441669627  0  0  0  0  0  0  0  0  0  3899332  0  0  0  0  0  0  0  0  0  21  0  0  0  0  0  52  0  0  0  0  0  0  0 
1441669627  0  0  0  0  0  0  0  0  0  3899332  0  0  0  0  0  0  0  0  0  21  0  0  0  0  0  52  0  0  0  0  0  0  0 
1441669628  0  0  0  0  0  0  0  0  0  3899332  0  0  0  0  0  0  0  0  0  21  0  0  0  0  0  52  0  0  0  0  0  0  0 
1441669628  0  0  0  0  0  0  0  0  0  3899332  0  0  0  0  0  0  0  0  0  21  0  0  0  0  0  52  0  0  0  0  0  0  0 
1441669629  0  0  0  0  0  0  0  0  0  3942517  0  0  0  0  0  0  0  0  0  23  0  0  0  0  0  56  0  43185  0  0  0  0  0 
1441669629  0  0  0  0  0  0  0  0  0  3985313  0  0  0  0  0  0  0  0  0  25  0  0  0  0  0  65  0  42796  0  0  0  0  0 
1441669630  0  0  0  0  0  0  0  0  0  3985313  0  0  0  0  0  0  0  0  0  25  0  0  0  0  0  65  0  0  0  0  0  0  0 
1441669630  0  0  0  0  0  0  0  0  0  3985313  0  0  0  0  0  0  0  0  0  25  0  0  0  0  0  65  0  0  0  0  0  0  0 
