#Type:X;CI:7;ww:0;ca:0;co:1;fr:0;Type:X;CI:7;PI:0;PT:EP;U0:0;U1:0;
#time  Pp  gt  gs  cn  cm  cb  Nc  Pc  cp  Tc  Nm  pr  ps  pt  px  pd  Pm  Om  fs  ft  Oc  Em  Gp  Ec  Ge  ot  os  Total_cycles_diff  Successful_get_diff  Total_get_diff  succ_put_diff  total_put_diff  get_hit  
1441669381  0  0  0  0  0  0  0  0  0  573628  0  0  0  0  0  0  0  0  0  0  0  0  0  0  0  0  0  573628  0  0  0  0  
1441669381  0  0  0  0  0  0  0  0  0  996294  0  0  0  0  0  0  0  0  0  0  0  0  0  0  0  0  0  422666  0  0  0  0  0 
1441669382  0  0  0  0  0  0  0  0  0  1301608  0  0  0  0  0  0  0  0  0  0  0  0  0  0  0  0  0  305314  0  0  0  0  0 
1441669382  0  0  0  0  0  0  0  0  0  1581527  0  0  0  0  0  0  0  0  0  0  0  0  0  0  0  0  0  279919  0  0  0  0  0 
1441669383  0  0  0  0  0  0  0  0  0  1822411  0  0  0  0  0  0  0  0  0  11  0  0  0  0  0  34  0  240884  0  0  0  0  0 
1441669383  0  0  0  0  0  0  0  0  0  1822411  0  0  0  0  0  0  0  0  0  11  0  0  0  0  0  34  0  0  0  0  0  0  0 
1441669384  0  0  0  0  0  0  0  0  0  2545883  0  0  0  0  0  0  0  0  0  15  0  0  0  0  0  41  0  723472  0  0  0  0  0 
1441669384  0  0  0  0  0  0  0  0  0  3111006  0  0  0  0  0  0  0  0  0  16  0  0  0  0  0  44  0  565123  0  0  0  0  0 
1441669385  0  0  0  0  0  0  0  0  0  3536718  0  0  0  0  0  0  0  0  0  21  0  0  0  0  0  46  0  425712  0  0  0  0  0 
1441669385  0  0  0  0  0  0  0  0  0  3536718  0  0  0  0  0  0  0  0  0  21  0  0  0  0  0  46  0  0  0  0  0  0  0 
1441669386  0  0  0  0  0  0  0  0  0  3536718  0  0  0  0  0  0  0  0  0  21  0  0  0  0  0  46  0  0  0  0  0  0  0 
1441669386  0  0  0  0  0  0  0  0  0  3536718  0  0  0  0  0  0  0  0  0  21  0  0  0  0  0  46  0  0  0  0  0  0  0 
1441669387  0  0  0  0  0  0  0  0  0  3536718  0  0  0  0  0  0  0  0  0  21  0  0  0  0  0  46  0  0  0  0  0  0  0 
1441669387  0  0  0  0  0  0  0  0  0  3536718  0  0  0  0  0  0  0  0  0  21  0  0  0  0  0  46  0  0  0  0  0  0  0 
1441669388  0  0  0  0  0  0  0  0  0  3536718  0  0  0  0  0  0  0  0  0  21  0  0  0  0  0  46  0  0  0  0  0  0  0 
1441669388  0  0  0  0  0  0  0  0  0  3536718  0  0  0  0  0  0  0  0  0  21  0  0  0  0  0  46  0  0  0  0  0  0  0 
1441669389  0  0  0  0  0  0  0  0  0  3536718  0  0  0  0  0  0  0  0  0  21  0  0  0  0  0  46  0  0  0  0  0  0  0 
1441669389  0  0  0  0  0  0  0  0  0  3536718  0  0  0  0  0  0  0  0  0  21  0  0  0  0  0  46  0  0  0  0  0  0  0 
1441669390  0  0  0  0  0  0  0  0  0  3536718  0  0  0  0  0  0  0  0  0  21  0  0  0  0  0  46  0  0  0  0  0  0  0 
1441669390  0  0  0  0  0  0  0  0  0  3536718  0  0  0  0  0  0  0  0  0  21  0  0  0  0  0  46  0  0  0  0  0  0  0 
1441669391  0  0  0  0  0  0  0  0  0  3536718  0  0  0  0  0  0  0  0  0  21  0  0  0  0  0  46  0  0  0  0  0  0  0 
1441669391  0  0  0  0  0  0  0  0  0  3536718  0  0  0  0  0  0  0  0  0  21  0  0  0  0  0  46  0  0  0  0  0  0  0 
1441669392  0  0  0  0  0  0  0  0  0  3536718  0  0  0  0  0  0  0  0  0  21  0  0  0  0  0  46  0  0  0  0  0  0  0 
1441669392  0  0  0  0  0  0  0  0  0  3536718  0  0  0  0  0  0  0  0  0  21  0  0  0  0  0  46  0  0  0  0  0  0  0 
1441669393  0  0  0  0  0  0  0  0  0  3536718  0  0  0  0  0  0  0  0  0  21  0  0  0  0  0  46  0  0  0  0  0  0  0 
1441669394  0  0  0  0  0  0  0  0  0  3536718  0  0  0  0  0  0  0  0  0  21  0  0  0  0  0  46  0  0  0  0  0  0  0 
1441669394  0  0  0  0  0  0  0  0  0  3536718  0  0  0  0  0  0  0  0  0  21  0  0  0  0  0  46  0  0  0  0  0  0  0 
1441669395  0  0  0  0  0  0  0  0  0  3536718  0  0  0  0  0  0  0  0  0  21  0  0  0  0  0  46  0  0  0  0  0  0  0 
1441669395  0  0  0  0  0  0  0  0  0  3536718  0  0  0  0  0  0  0  0  0  21  0  0  0  0  0  46  0  0  0  0  0  0  0 
1441669396  0  0  0  0  0  0  0  0  0  3536718  0  0  0  0  0  0  0  0  0  21  0  0  0  0  0  46  0  0  0  0  0  0  0 
1441669396  0  0  0  0  0  0  0  0  0  3536718  0  0  0  0  0  0  0  0  0  21  0  0  0  0  0  46  0  0  0  0  0  0  0 
1441669397  0  0  0  0  0  0  0  0  0  3536718  0  0  0  0  0  0  0  0  0  21  0  0  0  0  0  46  0  0  0  0  0  0  0 
1441669397  0  0  0  0  0  0  0  0  0  3536718  0  0  0  0  0  0  0  0  0  21  0  0  0  0  0  46  0  0  0  0  0  0  0 
1441669398  0  0  0  0  0  0  0  0  0  3536718  0  0  0  0  0  0  0  0  0  21  0  0  0  0  0  46  0  0  0  0  0  0  0 
1441669398  0  0  0  0  0  0  0  0  0  3536718  0  0  0  0  0  0  0  0  0  21  0  0  0  0  0  46  0  0  0  0  0  0  0 
1441669399  0  0  0  0  0  0  0  0  0  3536718  0  0  0  0  0  0  0  0  0  21  0  0  0  0  0  46  0  0  0  0  0  0  0 
1441669399  0  0  0  0  0  0  0  0  0  3536718  0  0  0  0  0  0  0  0  0  21  0  0  0  0  0  46  0  0  0  0  0  0  0 
1441669400  0  0  0  0  0  0  0  0  0  3536718  0  0  0  0  0  0  0  0  0  21  0  0  0  0  0  46  0  0  0  0  0  0  0 
1441669400  0  0  0  0  0  0  0  0  0  3536718  0  0  0  0  0  0  0  0  0  21  0  0  0  0  0  46  0  0  0  0  0  0  0 
1441669401  0  0  0  0  0  0  0  0  0  3536718  0  0  0  0  0  0  0  0  0  21  0  0  0  0  0  46  0  0  0  0  0  0  0 
1441669401  0  0  0  0  0  0  0  0  0  3536718  0  0  0  0  0  0  0  0  0  21  0  0  0  0  0  46  0  0  0  0  0  0  0 
1441669402  0  0  0  0  0  0  0  0  0  3536718  0  0  0  0  0  0  0  0  0  21  0  0  0  0  0  46  0  0  0  0  0  0  0 
1441669402  0  0  0  0  0  0  0  0  0  3536718  0  0  0  0  0  0  0  0  0  21  0  0  0  0  0  46  0  0  0  0  0  0  0 
1441669403  0  0  0  0  0  0  0  0  0  3536718  0  0  0  0  0  0  0  0  0  21  0  0  0  0  0  46  0  0  0  0  0  0  0 
1441669403  0  0  0  0  0  0  0  0  0  3536718  0  0  0  0  0  0  0  0  0  21  0  0  0  0  0  46  0  0  0  0  0  0  0 
1441669404  0  0  0  0  0  0  0  0  0  3536718  0  0  0  0  0  0  0  0  0  21  0  0  0  0  0  46  0  0  0  0  0  0  0 
1441669404  0  0  0  0  0  0  0  0  0  3536718  0  0  0  0  0  0  0  0  0  21  0  0  0  0  0  46  0  0  0  0  0  0  0 
1441669405  0  0  0  0  0  0  0  0  0  3536718  0  0  0  0  0  0  0  0  0  21  0  0  0  0  0  46  0  0  0  0  0  0  0 
1441669405  0  0  0  0  0  0  0  0  0  3536718  0  0  0  0  0  0  0  0  0  21  0  0  0  0  0  46  0  0  0  0  0  0  0 
1441669406  0  0  0  0  0  0  0  0  0  3536718  0  0  0  0  0  0  0  0  0  21  0  0  0  0  0  46  0  0  0  0  0  0  0 
1441669406  0  0  0  0  0  0  0  0  0  3536718  0  0  0  0  0  0  0  0  0  21  0  0  0  0  0  46  0  0  0  0  0  0  0 
1441669407  0  0  0  0  0  0  0  0  0  3536718  0  0  0  0  0  0  0  0  0  21  0  0  0  0  0  46  0  0  0  0  0  0  0 
1441669407  0  0  0  0  0  0  0  0  0  3536718  0  0  0  0  0  0  0  0  0  21  0  0  0  0  0  46  0  0  0  0  0  0  0 
1441669408  0  0  0  0  0  0  0  0  0  3536718  0  0  0  0  0  0  0  0  0  21  0  0  0  0  0  46  0  0  0  0  0  0  0 
1441669408  0  0  0  0  0  0  0  0  0  3536718  0  0  0  0  0  0  0  0  0  21  0  0  0  0  0  46  0  0  0  0  0  0  0 
1441669409  0  0  0  0  0  0  0  0  0  3536718  0  0  0  0  0  0  0  0  0  21  0  0  0  0  0  46  0  0  0  0  0  0  0 
1441669409  0  0  0  0  0  0  0  0  0  3536718  0  0  0  0  0  0  0  0  0  21  0  0  0  0  0  46  0  0  0  0  0  0  0 
1441669410  0  0  0  0  0  0  0  0  0  3536718  0  0  0  0  0  0  0  0  0  21  0  0  0  0  0  46  0  0  0  0  0  0  0 
1441669410  0  0  0  0  0  0  0  0  0  3536718  0  0  0  0  0  0  0  0  0  21  0  0  0  0  0  46  0  0  0  0  0  0  0 
1441669411  0  0  0  0  0  0  0  0  0  3536718  0  0  0  0  0  0  0  0  0  21  0  0  0  0  0  46  0  0  0  0  0  0  0 
1441669411  0  0  0  0  0  0  0  0  0  3536718  0  0  0  0  0  0  0  0  0  21  0  0  0  0  0  46  0  0  0  0  0  0  0 
1441669412  0  0  0  0  0  0  0  0  0  3536718  0  0  0  0  0  0  0  0  0  21  0  0  0  0  0  46  0  0  0  0  0  0  0 
1441669412  0  0  0  0  0  0  0  0  0  3536718  0  0  0  0  0  0  0  0  0  21  0  0  0  0  0  46  0  0  0  0  0  0  0 
1441669413  0  0  0  0  0  0  0  0  0  3536718  0  0  0  0  0  0  0  0  0  21  0  0  0  0  0  46  0  0  0  0  0  0  0 
1441669413  0  0  0  0  0  0  0  0  0  3536718  0  0  0  0  0  0  0  0  0  21  0  0  0  0  0  46  0  0  0  0  0  0  0 
1441669414  0  0  0  0  0  0  0  0  0  3536718  0  0  0  0  0  0  0  0  0  21  0  0  0  0  0  46  0  0  0  0  0  0  0 
1441669414  0  0  0  0  0  0  0  0  0  3536718  0  0  0  0  0  0  0  0  0  21  0  0  0  0  0  46  0  0  0  0  0  0  0 
1441669415  0  0  0  0  0  0  0  0  0  3536718  0  0  0  0  0  0  0  0  0  21  0  0  0  0  0  46  0  0  0  0  0  0  0 
1441669415  0  0  0  0  0  0  0  0  0  3536718  0  0  0  0  0  0  0  0  0  21  0  0  0  0  0  46  0  0  0  0  0  0  0 
1441669416  0  0  0  0  0  0  0  0  0  3536718  0  0  0  0  0  0  0  0  0  21  0  0  0  0  0  46  0  0  0  0  0  0  0 
1441669416  0  0  0  0  0  0  0  0  0  3536718  0  0  0  0  0  0  0  0  0  21  0  0  0  0  0  46  0  0  0  0  0  0  0 
1441669417  0  0  0  0  0  0  0  0  0  3536718  0  0  0  0  0  0  0  0  0  21  0  0  0  0  0  46  0  0  0  0  0  0  0 
1441669417  0  0  0  0  0  0  0  0  0  3536718  0  0  0  0  0  0  0  0  0  21  0  0  0  0  0  46  0  0  0  0  0  0  0 
1441669418  0  0  0  0  0  0  0  0  0  3536718  0  0  0  0  0  0  0  0  0  21  0  0  0  0  0  46  0  0  0  0  0  0  0 
1441669418  0  0  0  0  0  0  0  0  0  3536718  0  0  0  0  0  0  0  0  0  21  0  0  0  0  0  46  0  0  0  0  0  0  0 
1441669419  0  0  0  0  0  0  0  0  0  3536718  0  0  0  0  0  0  0  0  0  21  0  0  0  0  0  46  0  0  0  0  0  0  0 
1441669419  0  0  0  0  0  0  0  0  0  3536718  0  0  0  0  0  0  0  0  0  21  0  0  0  0  0  46  0  0  0  0  0  0  0 
1441669420  0  0  0  0  0  0  0  0  0  3536718  0  0  0  0  0  0  0  0  0  21  0  0  0  0  0  46  0  0  0  0  0  0  0 
1441669420  0  0  0  0  0  0  0  0  0  3536718  0  0  0  0  0  0  0  0  0  21  0  0  0  0  0  46  0  0  0  0  0  0  0 
1441669421  0  0  0  0  0  0  0  0  0  3536718  0  0  0  0  0  0  0  0  0  21  0  0  0  0  0  46  0  0  0  0  0  0  0 
1441669421  0  0  0  0  0  0  0  0  0  3536718  0  0  0  0  0  0  0  0  0  21  0  0  0  0  0  46  0  0  0  0  0  0  0 
1441669422  0  0  0  0  0  0  0  0  0  3536718  0  0  0  0  0  0  0  0  0  21  0  0  0  0  0  46  0  0  0  0  0  0  0 
1441669422  0  0  0  0  0  0  0  0  0  3536718  0  0  0  0  0  0  0  0  0  21  0  0  0  0  0  46  0  0  0  0  0  0  0 
1441669423  0  0  0  0  0  0  0  0  0  3536718  0  0  0  0  0  0  0  0  0  21  0  0  0  0  0  46  0  0  0  0  0  0  0 
1441669423  0  0  0  0  0  0  0  0  0  3536718  0  0  0  0  0  0  0  0  0  21  0  0  0  0  0  46  0  0  0  0  0  0  0 
1441669424  0  0  0  0  0  0  0  0  0  3536718  0  0  0  0  0  0  0  0  0  21  0  0  0  0  0  46  0  0  0  0  0  0  0 
1441669424  0  0  0  0  0  0  0  0  0  3536718  0  0  0  0  0  0  0  0  0  21  0  0  0  0  0  46  0  0  0  0  0  0  0 
1441669425  0  0  0  0  0  0  0  0  0  3536718  0  0  0  0  0  0  0  0  0  21  0  0  0  0  0  46  0  0  0  0  0  0  0 
1441669425  0  0  0  0  0  0  0  0  0  3536718  0  0  0  0  0  0  0  0  0  21  0  0  0  0  0  46  0  0  0  0  0  0  0 
1441669426  0  0  0  0  0  0  0  0  0  3536718  0  0  0  0  0  0  0  0  0  21  0  0  0  0  0  46  0  0  0  0  0  0  0 
1441669426  0  0  0  0  0  0  0  0  0  3536718  0  0  0  0  0  0  0  0  0  21  0  0  0  0  0  46  0  0  0  0  0  0  0 
1441669427  0  0  0  0  0  0  0  0  0  3536718  0  0  0  0  0  0  0  0  0  21  0  0  0  0  0  46  0  0  0  0  0  0  0 
1441669427  0  0  0  0  0  0  0  0  0  3536718  0  0  0  0  0  0  0  0  0  21  0  0  0  0  0  46  0  0  0  0  0  0  0 
1441669428  0  0  0  0  0  0  0  0  0  3536718  0  0  0  0  0  0  0  0  0  21  0  0  0  0  0  46  0  0  0  0  0  0  0 
1441669428  0  0  0  0  0  0  0  0  0  3536718  0  0  0  0  0  0  0  0  0  21  0  0  0  0  0  46  0  0  0  0  0  0  0 
1441669429  0  0  0  0  0  0  0  0  0  3536718  0  0  0  0  0  0  0  0  0  21  0  0  0  0  0  46  0  0  0  0  0  0  0 
1441669429  0  0  0  0  0  0  0  0  0  3536718  0  0  0  0  0  0  0  0  0  21  0  0  0  0  0  46  0  0  0  0  0  0  0 
1441669430  0  0  0  0  0  0  0  0  0  3536718  0  0  0  0  0  0  0  0  0  21  0  0  0  0  0  46  0  0  0  0  0  0  0 
1441669430  0  0  0  0  0  0  0  0  0  3536718  0  0  0  0  0  0  0  0  0  21  0  0  0  0  0  46  0  0  0  0  0  0  0 
1441669431  0  0  0  0  0  0  0  0  0  3536718  0  0  0  0  0  0  0  0  0  21  0  0  0  0  0  46  0  0  0  0  0  0  0 
1441669431  0  0  0  0  0  0  0  0  0  3536718  0  0  0  0  0  0  0  0  0  21  0  0  0  0  0  46  0  0  0  0  0  0  0 
1441669432  0  0  0  0  0  0  0  0  0  3536718  0  0  0  0  0  0  0  0  0  21  0  0  0  0  0  46  0  0  0  0  0  0  0 
1441669432  0  0  0  0  0  0  0  0  0  3536718  0  0  0  0  0  0  0  0  0  21  0  0  0  0  0  46  0  0  0  0  0  0  0 
1441669433  0  0  0  0  0  0  0  0  0  3536718  0  0  0  0  0  0  0  0  0  21  0  0  0  0  0  46  0  0  0  0  0  0  0 
1441669433  0  0  0  0  0  0  0  0  0  3536718  0  0  0  0  0  0  0  0  0  21  0  0  0  0  0  46  0  0  0  0  0  0  0 
1441669434  0  0  0  0  0  0  0  0  0  3536718  0  0  0  0  0  0  0  0  0  21  0  0  0  0  0  46  0  0  0  0  0  0  0 
1441669434  0  0  0  0  0  0  0  0  0  3536718  0  0  0  0  0  0  0  0  0  21  0  0  0  0  0  46  0  0  0  0  0  0  0 
1441669435  0  0  0  0  0  0  0  0  0  3536718  0  0  0  0  0  0  0  0  0  21  0  0  0  0  0  46  0  0  0  0  0  0  0 
1441669435  0  0  0  0  0  0  0  0  0  3536718  0  0  0  0  0  0  0  0  0  21  0  0  0  0  0  46  0  0  0  0  0  0  0 
1441669436  0  0  0  0  0  0  0  0  0  3536718  0  0  0  0  0  0  0  0  0  21  0  0  0  0  0  46  0  0  0  0  0  0  0 
1441669436  0  0  0  0  0  0  0  0  0  3536718  0  0  0  0  0  0  0  0  0  21  0  0  0  0  0  46  0  0  0  0  0  0  0 
1441669437  0  0  0  0  0  0  0  0  0  3545180  0  0  0  0  0  0  0  0  0  21  0  0  0  0  0  47  0  8462  0  0  0  0  0 
1441669437  0  0  0  0  0  0  0  0  0  3545180  0  0  0  0  0  0  0  0  0  21  0  0  0  0  0  47  0  0  0  0  0  0  0 
1441669438  0  0  0  0  0  0  0  0  0  3545180  0  0  0  0  0  0  0  0  0  21  0  0  0  0  0  47  0  0  0  0  0  0  0 
1441669438  0  0  0  0  0  0  0  0  0  3545180  0  0  0  0  0  0  0  0  0  21  0  0  0  0  0  47  0  0  0  0  0  0  0 
1441669439  0  0  0  0  0  0  0  0  0  3545180  0  0  0  0  0  0  0  0  0  21  0  0  0  0  0  47  0  0  0  0  0  0  0 
1441669439  0  0  0  0  0  0  0  0  0  3545180  0  0  0  0  0  0  0  0  0  21  0  0  0  0  0  47  0  0  0  0  0  0  0 
1441669440  0  0  0  0  0  0  0  0  0  3545180  0  0  0  0  0  0  0  0  0  21  0  0  0  0  0  47  0  0  0  0  0  0  0 
1441669441  0  0  0  0  0  0  0  0  0  3545180  0  0  0  0  0  0  0  0  0  21  0  0  0  0  0  47  0  0  0  0  0  0  0 
1441669441  0  0  0  0  0  0  0  0  0  3545180  0  0  0  0  0  0  0  0  0  21  0  0  0  0  0  47  0  0  0  0  0  0  0 
1441669442  0  0  0  0  0  0  0  0  0  3545180  0  0  0  0  0  0  0  0  0  21  0  0  0  0  0  47  0  0  0  0  0  0  0 
1441669442  0  0  0  0  0  0  0  0  0  3545180  0  0  0  0  0  0  0  0  0  21  0  0  0  0  0  47  0  0  0  0  0  0  0 
1441669443  0  0  0  0  0  0  0  0  0  3545180  0  0  0  0  0  0  0  0  0  21  0  0  0  0  0  47  0  0  0  0  0  0  0 
1441669443  0  0  0  0  0  0  0  0  0  3545180  0  0  0  0  0  0  0  0  0  21  0  0  0  0  0  47  0  0  0  0  0  0  0 
1441669444  0  0  0  0  0  0  0  0  0  3545180  0  0  0  0  0  0  0  0  0  21  0  0  0  0  0  47  0  0  0  0  0  0  0 
1441669444  0  0  0  0  0  0  0  0  0  3545180  0  0  0  0  0  0  0  0  0  21  0  0  0  0  0  47  0  0  0  0  0  0  0 
1441669445  0  0  0  0  0  0  0  0  0  3545180  0  0  0  0  0  0  0  0  0  21  0  0  0  0  0  47  0  0  0  0  0  0  0 
1441669445  0  0  0  0  0  0  0  0  0  3545180  0  0  0  0  0  0  0  0  0  21  0  0  0  0  0  47  0  0  0  0  0  0  0 
1441669446  0  0  0  0  0  0  0  0  0  3545180  0  0  0  0  0  0  0  0  0  21  0  0  0  0  0  47  0  0  0  0  0  0  0 
1441669446  0  0  0  0  0  0  0  0  0  3545180  0  0  0  0  0  0  0  0  0  21  0  0  0  0  0  47  0  0  0  0  0  0  0 
1441669447  0  0  0  0  0  0  0  0  0  3547703  0  0  0  0  0  0  0  0  0  21  0  0  0  0  0  48  0  2523  0  0  0  0  0 
1441669447  0  0  0  0  0  0  0  0  0  3547703  0  0  0  0  0  0  0  0  0  21  0  0  0  0  0  48  0  0  0  0  0  0  0 
1441669448  0  0  0  0  0  0  0  0  0  3547703  0  0  0  0  0  0  0  0  0  21  0  0  0  0  0  48  0  0  0  0  0  0  0 
1441669448  0  0  0  0  0  0  0  0  0  3547703  0  0  0  0  0  0  0  0  0  21  0  0  0  0  0  48  0  0  0  0  0  0  0 
1441669449  0  0  0  0  0  0  0  0  0  3547703  0  0  0  0  0  0  0  0  0  21  0  0  0  0  0  48  0  0  0  0  0  0  0 
1441669449  0  0  0  0  0  0  0  0  0  3547703  0  0  0  0  0  0  0  0  0  21  0  0  0  0  0  48  0  0  0  0  0  0  0 
1441669450  0  0  0  0  0  0  0  0  0  3547703  0  0  0  0  0  0  0  0  0  21  0  0  0  0  0  48  0  0  0  0  0  0  0 
1441669450  0  0  0  0  0  0  0  0  0  3547703  0  0  0  0  0  0  0  0  0  21  0  0  0  0  0  48  0  0  0  0  0  0  0 
1441669451  0  0  0  0  0  0  0  0  0  3547703  0  0  0  0  0  0  0  0  0  21  0  0  0  0  0  48  0  0  0  0  0  0  0 
1441669451  0  0  0  0  0  0  0  0  0  3547703  0  0  0  0  0  0  0  0  0  21  0  0  0  0  0  48  0  0  0  0  0  0  0 
1441669452  0  0  0  0  0  0  0  0  0  3547703  0  0  0  0  0  0  0  0  0  21  0  0  0  0  0  48  0  0  0  0  0  0  0 
1441669452  0  0  0  0  0  0  0  0  0  3547703  0  0  0  0  0  0  0  0  0  21  0  0  0  0  0  48  0  0  0  0  0  0  0 
1441669453  0  0  0  0  0  0  0  0  0  3547703  0  0  0  0  0  0  0  0  0  21  0  0  0  0  0  48  0  0  0  0  0  0  0 
1441669453  0  0  0  0  0  0  0  0  0  3547703  0  0  0  0  0  0  0  0  0  21  0  0  0  0  0  48  0  0  0  0  0  0  0 
1441669454  0  0  0  0  0  0  0  0  0  3547703  0  0  0  0  0  0  0  0  0  21  0  0  0  0  0  48  0  0  0  0  0  0  0 
1441669454  0  0  0  0  0  0  0  0  0  3547703  0  0  0  0  0  0  0  0  0  21  0  0  0  0  0  48  0  0  0  0  0  0  0 
1441669455  0  0  0  0  0  0  0  0  0  3547703  0  0  0  0  0  0  0  0  0  21  0  0  0  0  0  48  0  0  0  0  0  0  0 
1441669455  0  0  0  0  0  0  0  0  0  3547703  0  0  0  0  0  0  0  0  0  21  0  0  0  0  0  48  0  0  0  0  0  0  0 
1441669456  0  0  0  0  0  0  0  0  0  3547703  0  0  0  0  0  0  0  0  0  21  0  0  0  0  0  48  0  0  0  0  0  0  0 
1441669456  0  0  0  0  0  0  0  0  0  3547703  0  0  0  0  0  0  0  0  0  21  0  0  0  0  0  48  0  0  0  0  0  0  0 
1441669457  0  0  0  0  0  0  0  0  0  3550552  0  0  0  0  0  0  0  0  0  21  0  0  0  0  0  49  0  2849  0  0  0  0  0 
1441669457  0  0  0  0  0  0  0  0  0  3550552  0  0  0  0  0  0  0  0  0  21  0  0  0  0  0  49  0  0  0  0  0  0  0 
1441669458  0  0  0  0  0  0  0  0  0  3550552  0  0  0  0  0  0  0  0  0  21  0  0  0  0  0  49  0  0  0  0  0  0  0 
1441669458  0  0  0  0  0  0  0  0  0  3550552  0  0  0  0  0  0  0  0  0  21  0  0  0  0  0  49  0  0  0  0  0  0  0 
1441669459  0  0  0  0  0  0  0  0  0  3550552  0  0  0  0  0  0  0  0  0  21  0  0  0  0  0  49  0  0  0  0  0  0  0 
1441669459  0  0  0  0  0  0  0  0  0  3550552  0  0  0  0  0  0  0  0  0  21  0  0  0  0  0  49  0  0  0  0  0  0  0 
1441669460  0  0  0  0  0  0  0  0  0  3550552  0  0  0  0  0  0  0  0  0  21  0  0  0  0  0  49  0  0  0  0  0  0  0 
1441669460  0  0  0  0  0  0  0  0  0  3550552  0  0  0  0  0  0  0  0  0  21  0  0  0  0  0  49  0  0  0  0  0  0  0 
1441669461  0  0  0  0  0  0  0  0  0  3550552  0  0  0  0  0  0  0  0  0  21  0  0  0  0  0  49  0  0  0  0  0  0  0 
1441669461  0  0  0  0  0  0  0  0  0  3550552  0  0  0  0  0  0  0  0  0  21  0  0  0  0  0  49  0  0  0  0  0  0  0 
1441669462  0  0  0  0  0  0  0  0  0  3550552  0  0  0  0  0  0  0  0  0  21  0  0  0  0  0  49  0  0  0  0  0  0  0 
1441669462  0  0  0  0  0  0  0  0  0  3550552  0  0  0  0  0  0  0  0  0  21  0  0  0  0  0  49  0  0  0  0  0  0  0 
1441669463  0  0  0  0  0  0  0  0  0  3550552  0  0  0  0  0  0  0  0  0  21  0  0  0  0  0  49  0  0  0  0  0  0  0 
1441669463  0  0  0  0  0  0  0  0  0  3550552  0  0  0  0  0  0  0  0  0  21  0  0  0  0  0  49  0  0  0  0  0  0  0 
1441669464  0  0  0  0  0  0  0  0  0  3550552  0  0  0  0  0  0  0  0  0  21  0  0  0  0  0  49  0  0  0  0  0  0  0 
1441669464  0  0  0  0  0  0  0  0  0  3550552  0  0  0  0  0  0  0  0  0  21  0  0  0  0  0  49  0  0  0  0  0  0  0 
1441669465  0  0  0  0  0  0  0  0  0  3550552  0  0  0  0  0  0  0  0  0  21  0  0  0  0  0  49  0  0  0  0  0  0  0 
1441669465  0  0  0  0  0  0  0  0  0  3550552  0  0  0  0  0  0  0  0  0  21  0  0  0  0  0  49  0  0  0  0  0  0  0 
1441669466  0  0  0  0  0  0  0  0  0  3550552  0  0  0  0  0  0  0  0  0  21  0  0  0  0  0  49  0  0  0  0  0  0  0 
1441669466  0  0  0  0  0  0  0  0  0  3550552  0  0  0  0  0  0  0  0  0  21  0  0  0  0  0  49  0  0  0  0  0  0  0 
1441669467  0  0  0  0  0  0  0  0  0  3553195  0  0  0  0  0  0  0  0  0  21  0  0  0  0  0  50  0  2643  0  0  0  0  0 
1441669467  0  0  0  0  0  0  0  0  0  3553195  0  0  0  0  0  0  0  0  0  21  0  0  0  0  0  50  0  0  0  0  0  0  0 
1441669468  0  0  0  0  0  0  0  0  0  3553195  0  0  0  0  0  0  0  0  0  21  0  0  0  0  0  50  0  0  0  0  0  0  0 
1441669468  0  0  0  0  0  0  0  0  0  3553195  0  0  0  0  0  0  0  0  0  21  0  0  0  0  0  50  0  0  0  0  0  0  0 
1441669469  0  0  0  0  0  0  0  0  0  3553195  0  0  0  0  0  0  0  0  0  21  0  0  0  0  0  50  0  0  0  0  0  0  0 
1441669469  0  0  0  0  0  0  0  0  0  3553195  0  0  0  0  0  0  0  0  0  21  0  0  0  0  0  50  0  0  0  0  0  0  0 
1441669470  0  0  0  0  0  0  0  0  0  3553195  0  0  0  0  0  0  0  0  0  21  0  0  0  0  0  50  0  0  0  0  0  0  0 
1441669470  0  0  0  0  0  0  0  0  0  3553195  0  0  0  0  0  0  0  0  0  21  0  0  0  0  0  50  0  0  0  0  0  0  0 
1441669471  0  0  0  0  0  0  0  0  0  3553195  0  0  0  0  0  0  0  0  0  21  0  0  0  0  0  50  0  0  0  0  0  0  0 
1441669471  0  0  0  0  0  0  0  0  0  3553195  0  0  0  0  0  0  0  0  0  21  0  0  0  0  0  50  0  0  0  0  0  0  0 
1441669472  0  0  0  0  0  0  0  0  0  3553195  0  0  0  0  0  0  0  0  0  21  0  0  0  0  0  50  0  0  0  0  0  0  0 
1441669472  0  0  0  0  0  0  0  0  0  3553195  0  0  0  0  0  0  0  0  0  21  0  0  0  0  0  50  0  0  0  0  0  0  0 
1441669473  0  0  0  0  0  0  0  0  0  3553195  0  0  0  0  0  0  0  0  0  21  0  0  0  0  0  50  0  0  0  0  0  0  0 
1441669473  0  0  0  0  0  0  0  0  0  3553195  0  0  0  0  0  0  0  0  0  21  0  0  0  0  0  50  0  0  0  0  0  0  0 
1441669474  0  0  0  0  0  0  0  0  0  3553195  0  0  0  0  0  0  0  0  0  21  0  0  0  0  0  50  0  0  0  0  0  0  0 
1441669474  0  0  0  0  0  0  0  0  0  3553195  0  0  0  0  0  0  0  0  0  21  0  0  0  0  0  50  0  0  0  0  0  0  0 
1441669475  0  0  0  0  0  0  0  0  0  3553195  0  0  0  0  0  0  0  0  0  21  0  0  0  0  0  50  0  0  0  0  0  0  0 
1441669475  0  0  0  0  0  0  0  0  0  3553195  0  0  0  0  0  0  0  0  0  21  0  0  0  0  0  50  0  0  0  0  0  0  0 
1441669476  0  0  0  0  0  0  0  0  0  3553195  0  0  0  0  0  0  0  0  0  21  0  0  0  0  0  50  0  0  0  0  0  0  0 
1441669476  0  0  0  0  0  0  0  0  0  3553195  0  0  0  0  0  0  0  0  0  21  0  0  0  0  0  50  0  0  0  0  0  0  0 
1441669477  0  0  0  0  0  0  0  0  0  3556102  0  0  0  0  0  0  0  0  0  21  0  0  0  0  0  51  0  2907  0  0  0  0  0 
1441669477  0  0  0  0  0  0  0  0  0  3556102  0  0  0  0  0  0  0  0  0  21  0  0  0  0  0  51  0  0  0  0  0  0  0 
1441669478  0  0  0  0  0  0  0  0  0  3556102  0  0  0  0  0  0  0  0  0  21  0  0  0  0  0  51  0  0  0  0  0  0  0 
1441669478  0  0  0  0  0  0  0  0  0  3556102  0  0  0  0  0  0  0  0  0  21  0  0  0  0  0  51  0  0  0  0  0  0  0 
1441669479  0  0  0  0  0  0  0  0  0  3556102  0  0  0  0  0  0  0  0  0  21  0  0  0  0  0  51  0  0  0  0  0  0  0 
1441669479  0  0  0  0  0  0  0  0  0  3556102  0  0  0  0  0  0  0  0  0  21  0  0  0  0  0  51  0  0  0  0  0  0  0 
1441669480  0  0  0  0  0  0  0  0  0  3556102  0  0  0  0  0  0  0  0  0  21  0  0  0  0  0  51  0  0  0  0  0  0  0 
1441669480  0  0  0  0  0  0  0  0  0  3556102  0  0  0  0  0  0  0  0  0  21  0  0  0  0  0  51  0  0  0  0  0  0  0 
1441669481  0  0  0  0  0  0  0  0  0  3556102  0  0  0  0  0  0  0  0  0  21  0  0  0  0  0  51  0  0  0  0  0  0  0 
1441669481  0  0  0  0  0  0  0  0  0  3556102  0  0  0  0  0  0  0  0  0  21  0  0  0  0  0  51  0  0  0  0  0  0  0 
1441669482  0  0  0  0  0  0  0  0  0  3556102  0  0  0  0  0  0  0  0  0  21  0  0  0  0  0  51  0  0  0  0  0  0  0 
1441669482  0  0  0  0  0  0  0  0  0  3556102  0  0  0  0  0  0  0  0  0  21  0  0  0  0  0  51  0  0  0  0  0  0  0 
1441669483  0  0  0  0  0  0  0  0  0  3556102  0  0  0  0  0  0  0  0  0  21  0  0  0  0  0  51  0  0  0  0  0  0  0 
1441669484  0  0  0  0  0  0  0  0  0  3556102  0  0  0  0  0  0  0  0  0  21  0  0  0  0  0  51  0  0  0  0  0  0  0 
1441669484  0  0  0  0  0  0  0  0  0  3556102  0  0  0  0  0  0  0  0  0  21  0  0  0  0  0  51  0  0  0  0  0  0  0 
1441669485  0  0  0  0  0  0  0  0  0  3556102  0  0  0  0  0  0  0  0  0  21  0  0  0  0  0  51  0  0  0  0  0  0  0 
1441669485  0  0  0  0  0  0  0  0  0  3556102  0  0  0  0  0  0  0  0  0  21  0  0  0  0  0  51  0  0  0  0  0  0  0 
1441669486  0  0  0  0  0  0  0  0  0  3556102  0  0  0  0  0  0  0  0  0  21  0  0  0  0  0  51  0  0  0  0  0  0  0 
1441669486  0  0  0  0  0  0  0  0  0  3556102  0  0  0  0  0  0  0  0  0  21  0  0  0  0  0  51  0  0  0  0  0  0  0 
1441669487  0  0  0  0  0  0  0  0  0  3556102  0  0  0  0  0  0  0  0  0  21  0  0  0  0  0  51  0  0  0  0  0  0  0 
1441669487  0  0  0  0  0  0  0  0  0  3556102  0  0  0  0  0  0  0  0  0  21  0  0  0  0  0  51  0  0  0  0  0  0  0 
1441669488  0  0  0  0  0  0  0  0  0  3630435  0  0  0  0  0  0  0  0  0  25  0  0  0  0  0  64  0  74333  0  0  0  0  0 
1441669488  0  0  0  0  0  0  0  0  0  3641626  0  0  0  0  0  0  0  0  0  25  0  0  0  0  0  64  0  11191  0  0  0  0  0 
1441669489  0  0  0  0  0  0  0  0  0  3641626  0  0  0  0  0  0  0  0  0  25  0  0  0  0  0  64  0  0  0  0  0  0  0 
