#type:T;
#time  gt  cn  Pt  Px  gx  cx  gn  gm  Pn  Pm  Ft  cm  pt  Fx  px  ct  pn  Fm  Fn  pm  dn  On  Om  dm  dx  Ox  dt  Ot  Gt  Cn  Cm  Gx  Cx  Gn  Gm  Ct  
1441333211  4241591  0  0  0  8401  0  4895  157  0  2147483647  18181  2147483647  0  2341  0  0  0  239  21  2147483647  0  46  257  2147483647  0  3813  0  54459  0  0  2147483647  0  0  0  2147483647  0  
1441333211  4244573  0  0  0  8401  0  4896  157  0  2147483647  18181  2147483647  0  2341  0  0  0  239  21  2147483647  0  47  257  2147483647  0  4221  0  58680  0  0  2147483647  0  0  0  2147483647  0  
1441333212  4244573  0  0  0  8401  0  4896  157  0  2147483647  18181  2147483647  0  2341  0  0  0  239  21  2147483647  0  47  257  2147483647  0  4221  0  58680  0  0  2147483647  0  0  0  2147483647  0  
1441333212  4244573  0  0  0  8401  0  4896  157  0  2147483647  18181  2147483647  0  2341  0  0  0  239  21  2147483647  0  47  257  2147483647  0  4221  0  58680  0  0  2147483647  0  0  0  2147483647  0  
1441333213  4244573  0  0  0  8401  0  4896  157  0  2147483647  18181  2147483647  0  2341  0  0  0  239  21  2147483647  0  47  257  2147483647  0  4221  0  58680  0  0  2147483647  0  0  0  2147483647  0  
1441333213  4244573  0  0  0  8401  0  4896  157  0  2147483647  18181  2147483647  0  2341  0  0  0  239  21  2147483647  0  47  257  2147483647  0  4221  0  58680  0  0  2147483647  0  0  0  2147483647  0  
1441333214  4244573  0  0  0  8401  0  4896  157  0  2147483647  18181  2147483647  0  2341  0  0  0  239  21  2147483647  0  47  257  2147483647  0  4221  0  58680  0  0  2147483647  0  0  0  2147483647  0  
1441333214  4244573  0  0  0  8401  0  4896  157  0  2147483647  18181  2147483647  0  2341  0  0  0  239  21  2147483647  0  47  257  2147483647  0  4221  0  58680  0  0  2147483647  0  0  0  2147483647  0  
1441333215  4244573  0  0  0  8401  0  4896  157  0  2147483647  18181  2147483647  0  2341  0  0  0  239  21  2147483647  0  47  257  2147483647  0  4221  0  58680  0  0  2147483647  0  0  0  2147483647  0  
1441333215  4244573  0  0  0  8401  0  4896  157  0  2147483647  18181  2147483647  0  2341  0  0  0  239  21  2147483647  0  47  257  2147483647  0  4221  0  58680  0  0  2147483647  0  0  0  2147483647  0  
1441333216  4244573  0  0  0  8401  0  4896  157  0  2147483647  18181  2147483647  0  2341  0  0  0  239  21  2147483647  0  47  257  2147483647  0  4221  0  58680  0  0  2147483647  0  0  0  2147483647  0  
1441333216  4244573  0  0  0  8401  0  4896  157  0  2147483647  18181  2147483647  0  2341  0  0  0  239  21  2147483647  0  47  257  2147483647  0  4221  0  58680  0  0  2147483647  0  0  0  2147483647  0  
1441333217  4244573  0  0  0  8401  0  4896  157  0  2147483647  18181  2147483647  0  2341  0  0  0  239  21  2147483647  0  47  257  2147483647  0  4221  0  58680  0  0  2147483647  0  0  0  2147483647  0  
1441333217  4244573  0  0  0  8401  0  4896  157  0  2147483647  18181  2147483647  0  2341  0  0  0  239  21  2147483647  0  47  257  2147483647  0  4221  0  58680  0  0  2147483647  0  0  0  2147483647  0  
1441333218  4244573  0  0  0  8401  0  4896  157  0  2147483647  18181  2147483647  0  2341  0  0  0  239  21  2147483647  0  47  257  2147483647  0  4221  0  58680  0  0  2147483647  0  0  0  2147483647  0  
1441333218  4244573  0  0  0  8401  0  4896  157  0  2147483647  18181  2147483647  0  2341  0  0  0  239  21  2147483647  0  47  257  2147483647  0  4221  0  58680  0  0  2147483647  0  0  0  2147483647  0  
1441333219  4244573  0  0  0  8401  0  4896  157  0  2147483647  18181  2147483647  0  2341  0  0  0  239  21  2147483647  0  47  257  2147483647  0  4221  0  58680  0  0  2147483647  0  0  0  2147483647  0  
1441333220  4244573  0  0  0  8401  0  4896  157  0  2147483647  18181  2147483647  0  2341  0  0  0  239  21  2147483647  0  47  257  2147483647  0  4221  0  58680  0  0  2147483647  0  0  0  2147483647  0  
1441333220  4244573  0  0  0  8401  0  4896  157  0  2147483647  18181  2147483647  0  2341  0  0  0  239  21  2147483647  0  47  257  2147483647  0  4221  0  58680  0  0  2147483647  0  0  0  2147483647  0  
1441333221  4244573  0  0  0  8401  0  4896  157  0  2147483647  18181  2147483647  0  2341  0  0  0  239  21  2147483647  0  47  257  2147483647  0  4221  0  58680  0  0  2147483647  0  0  0  2147483647  0  
1441333221  4244573  0  0  0  8401  0  4896  157  0  2147483647  18181  2147483647  0  2341  0  0  0  239  21  2147483647  0  47  257  2147483647  0  4221  0  58680  0  0  2147483647  0  0  0  2147483647  0  
1441333222  4408445  0  15668155  83433  8401  0  5009  157  3422  3109  40753  2147483647  0  2341  0  0  0  211  102  2147483647  0  249  239  2147483647  0  54397  0  655051  965702  3541  586  31512  10122  119  1960  6222536  
1441333222  4543225  0  15668155  83433  8680  0  5167  157  3422  3109  40753  2147483647  0  2341  0  0  0  211  102  2147483647  0  249  239  2147483647  0  54397  0  655051  2794125  3714  586  37432  10122  292  1960  6739330  
1441333223  4572642  0  15668155  83433  8680  0  5191  157  3422  3109  40753  2147483647  0  2341  0  0  0  211  102  2147483647  0  249  239  2147483647  0  54397  0  655051  3188152  3744  586  37432  10122  322  1960  6850558  
1441333223  4572642  0  15668155  83433  8680  0  5191  157  3422  3109  40753  2147483647  0  2341  0  0  0  211  102  2147483647  0  249  239  2147483647  0  54397  0  655051  3188152  3744  586  37432  10122  322  1960  6850558  
1441333224  4572642  0  15668155  83433  8680  0  5191  157  3422  3109  40753  2147483647  0  2341  0  0  0  211  102  2147483647  0  249  239  2147483647  0  54397  0  655051  3188152  3744  586  37432  10122  322  1960  6850558  
1441333224  4572642  0  15668155  83433  8680  0  5191  157  3422  3109  40753  2147483647  0  2341  0  0  0  211  102  2147483647  0  249  239  2147483647  0  54397  0  655051  3188152  3744  586  37432  10122  322  1960  6850558  
1441333225  4572642  0  15668155  83433  8680  0  5191  157  3422  3109  40753  2147483647  0  2341  0  0  0  211  102  2147483647  0  249  239  2147483647  0  54397  0  655051  3188152  3744  586  37432  10122  322  1960  6850558  
1441333225  4572642  0  15668155  83433  8680  0  5191  157  3422  3109  40753  2147483647  0  2341  0  0  0  211  102  2147483647  0  249  239  2147483647  0  54397  0  655051  3188152  3744  586  37432  10122  322  1960  6850558  
1441333226  4572642  0  15668155  83433  8680  0  5191  157  3422  3109  40753  2147483647  0  2341  0  0  0  211  102  2147483647  0  249  239  2147483647  0  54397  0  655051  3188152  3744  586  37432  10122  322  1960  6850558  
1441333226  4572642  0  15668155  83433  8680  0  5191  157  3422  3109  40753  2147483647  0  2341  0  0  0  211  102  2147483647  0  249  239  2147483647  0  54397  0  655051  3188152  3744  586  37432  10122  322  1960  6850558  
1441333227  4572642  0  15668155  83433  8680  0  5191  157  3422  3109  40753  2147483647  0  2341  0  0  0  211  102  2147483647  0  249  239  2147483647  0  54397  0  655051  3188152  3744  586  37432  10122  322  1960  6850558  
1441333227  4572642  0  15668155  83433  8680  0  5191  157  3422  3109  40753  2147483647  0  2341  0  0  0  211  102  2147483647  0  249  239  2147483647  0  54397  0  655051  3188152  3744  586  37432  10122  322  1960  6850558  
1441333228  4572642  0  15668155  83433  8680  0  5191  157  3422  3109  40753  2147483647  0  2341  0  0  0  211  102  2147483647  0  249  239  2147483647  0  54397  0  655051  3188152  3744  586  37432  10122  322  1960  6850558  
1441333228  4572642  0  18115038  83433  8680  0  5191  157  3832  3109  1444578  2147483647  0  4751  0  0  0  205  5855  2147483647  0  249  239  2147483647  0  54397  0  655051  3188152  4154  586  37432  10122  322  1960  7593142  
1441333229  4572642  0  18115038  83433  8680  0  5191  157  3832  3109  4361005  2147483647  0  6333  0  0  0  205  17434  2147483647  0  249  239  2147483647  0  54397  0  655051  3188152  4154  586  37432  10122  322  1960  7593142  
1441333229  4572642  0  18115038  83433  8680  0  5191  157  3832  3109  6608390  2147483647  0  6333  0  0  0  205  26402  2147483647  0  249  239  2147483647  0  54397  0  655051  3188152  4154  586  37432  10122  322  1960  7593142  
1441333230  4572642  0  18115038  83433  8680  0  5191  157  3832  3109  7528783  2147483647  0  7595  0  0  0  205  29313  2147483647  0  249  239  2147483647  0  54397  0  655051  3188152  4154  586  37432  10122  322  1960  7593142  
1441333230  4572642  0  18115038  83433  8680  0  5191  157  3832  3109  7528783  2147483647  0  7595  0  0  0  205  29313  2147483647  0  249  239  2147483647  0  54397  0  655051  3188152  4154  586  37432  10122  322  1960  7593142  
1441333231  4572642  0  18115038  83433  8680  0  5191  157  3832  3109  14290918  2147483647  0  7595  0  0  0  205  57460  2147483647  0  249  239  2147483647  0  54397  0  655051  3588958  4236  586  37432  10122  404  1960  7752265  
1441333231  4572642  0  18115038  83433  8680  0  5191  157  3832  3109  14290918  2147483647  0  7595  0  0  0  205  57460  2147483647  0  249  239  2147483647  0  54397  0  655051  3588958  4236  586  37432  10122  404  1960  7752265  
1441333232  5360438  0  28978306  109585  8680  0  6174  157  4608  2610  22479614  2147483647  0  7595  0  0  0  205  77321  2147483647  0  250  239  2147483647  0  54397  0  662832  3672939  5020  586  37432  10122  412  1960  10553148  
1441333232  6832649  0  29582618  109585  11299  0  7454  157  4654  2610  27157227  2147483647  0  10525  0  0  0  205  82781  2147483647  0  250  239  2147483647  0  54397  0  662832  3672939  5066  586  37432  10122  412  1960  10674453  
1441333233  9653428  0  31383244  109585  11299  0  10029  157  4773  2610  34466910  2147483647  0  14942  0  0  0  205  90103  2147483647  0  253  239  2147483647  0  54397  0  672799  3715001  5200  586  37432  10122  427  1960  11072249  
1441333233  12807509  0  32435018  109585  15577  0  13096  157  4838  2610  38847640  2147483647  0  14942  0  0  0  205  97152  2147483647  0  257  239  2147483647  0  54397  0  683444  3715001  5265  586  37432  10122  427  1960  11329592  
1441333234  12807509  0  32435018  109585  15577  0  13096  157  4838  2610  38847640  2147483647  0  14942  0  0  0  205  97152  2147483647  0  257  239  2147483647  0  54397  0  683444  3715001  5265  586  37432  10122  427  1960  11329592  
1441333234  15805075  0  32518485  109585  15577  0  15947  157  4847  2610  49443135  2147483647  0  14942  0  0  0  205  109183  2147483647  0  263  239  2147483647  0  54397  0  696749  3741168  5283  586  37432  10122  436  1960  11356953  
1441333235  18834306  0  32518485  109585  15577  0  18583  157  4847  2610  49631509  2147483647  0  14942  0  0  0  205  109942  2147483647  0  264  239  2147483647  0  54397  0  702453  3741168  5283  586  37432  10122  436  1960  11356953  
1441333235  19661869  0  35261057  109585  15577  0  19415  157  5076  2610  55147049  2147483647  0  14942  0  0  0  205  115892  2147483647  0  264  239  2147483647  0  54397  0  702453  3741168  5512  586  37432  10122  436  1960  11985990  
1441333236  22625186  0  36605745  109585  15577  0  22449  157  5163  2610  59862451  2147483647  0  14942  0  0  0  205  121778  2147483647  0  266  239  2147483647  0  54397  0  706794  4226054  5641  586  37432  10122  478  1960  12404107  
1441333236  26568478  0  42127751  109585  15577  0  25919  157  5646  2610  64925262  2147483647  0  14942  0  0  0  205  126777  2147483647  0  268  239  2147483647  0  54397  0  711723  4226054  6124  586  37432  10122  478  1960  13784783  
1441333237  29170823  0  59277400  109585  15577  0  28126  157  6781  2610  71425521  2147483647  0  14942  0  0  0  205  133195  2147483647  0  273  239  2147483647  0  54397  0  724650  4617614  7292  586  37432  10122  511  1960  18260801  
1441333238  29170823  0  59277400  109585  15577  0  28126  157  6781  2610  71425521  2147483647  0  14942  0  0  0  205  133195  2147483647  0  273  239  2147483647  0  54397  0  724650  4617614  7292  586  37432  10122  511  1960  18260801  
1441333238  29636411  0  83453037  109585  15577  0  28643  157  8619  2610  72638766  2147483647  0  14942  0  0  0  205  134795  2147483647  0  275  239  2147483647  0  54397  0  731269  6691104  9328  586  37432  10122  709  1960  25300673  
1441333239  29648361  0  122798426  109585  15577  0  28646  157  11274  2610  78522187  2147483647  0  14942  0  0  0  205  144633  2147483647  0  281  239  2147483647  0  1597570  0  2334090  14644882  13168  586  37432  10122  1894  1960  38496772  
1441333239  29890658  0  122798426  109585  15577  0  28966  157  11274  2610  84958685  2147483647  0  14942  0  0  0  205  151077  2147483647  0  283  239  2147483647  0  1597570  0  2338879  14644882  13168  586  37432  10122  1894  1960  38496772  
1441333240  30657764  0  122798426  109585  15577  0  29702  157  11274  2610  89397713  2147483647  0  14942  0  0  0  205  155631  2147483647  0  286  239  2147483647  0  1597570  0  2350720  15306265  13230  586  37432  10122  1956  1960  38722557  
1441333240  31563810  0  148190078  109585  15577  0  30612  157  13066  2610  93476732  2147483647  0  14942  0  0  0  205  159604  2147483647  0  286  239  2147483647  0  1597570  0  2350720  15306265  15022  586  37432  18243  1956  1960  45180170  
1441333241  32443700  0  162700369  109585  15577  0  31479  157  14239  2610  98582560  2147483647  0  14942  0  0  0  205  164852  2147483647  0  291  239  2147483647  0  7119522  0  9481774  27004108  17278  586  37432  18243  3039  1960  53084511  
1441333241  32443700  0  162700369  109585  15577  0  31479  157  14239  2610  98582560  2147483647  0  14942  0  0  0  205  164852  2147483647  0  291  239  2147483647  0  7119522  0  9481774  27004108  17278  586  37432  18243  3039  1960  53084511  
1441333242  33487782  0  188474843  119242  15577  0  32741  157  16479  2610  102245798  2147483647  0  14942  0  0  0  205  168747  2147483647  0  291  239  2147483647  0  7119522  0  9481774  27004108  19518  426  37432  18243  3039  1960  59926534  
1441333242  34903133  0  213924457  119242  15577  0  33901  157  18232  2610  106973956  2147483647  0  14942  0  0  0  205  173559  2147483647  0  295  239  2147483647  0  7119522  0  9491430  27004108  21271  426  37432  18243  3039  1960  66237281  
1441333243  35629825  0  246779130  119242  15577  0  34567  157  20336  2610  108220595  2147483647  0  14942  0  0  0  205  174906  2147483647  0  296  239  2147483647  0  7119522  0  9496452  27004108  23375  426  37432  18243  3039  1960  74020100  
1441333244  36958718  0  250658041  119242  18600  0  36010  157  20665  2610  113851767  2147483647  0  14942  0  0  0  205  181111  2147483647  0  302  239  2147483647  0  7119522  0  9629534  27004108  23704  426  37432  18243  3039  1960  74878734  
1441333245  41159642  0  296587218  119242  18600  0  40055  157  23805  2610  125918900  2147483647  0  14942  0  0  0  205  193978  2147483647  0  303  239  2147483647  0  7119522  0  9632099  27054063  26850  426  37432  18243  3045  1960  83988190  
1441333245  43511058  0  317757407  119242  18600  0  42022  157  25159  2610  133537618  2147483647  0  14942  0  0  0  205  201349  2147483647  0  306  239  2147483647  0  7119522  0  9796275  27054063  28204  426  37432  18243  3045  1960  88098160  
1441333246  44063827  0  317757407  119242  18600  0  42733  157  25159  2610  139987316  2147483647  0  14942  0  0  0  205  207943  2147483647  0  311  239  2147483647  0  7119522  0  10687407  27642918  28465  314  37432  18243  3306  1473  88232641  
1441333246  44063827  0  317757407  119242  18600  0  42733  157  25159  2610  139987316  2147483647  0  14942  0  0  0  205  207943  2147483647  0  311  239  2147483647  0  7119522  0  10687407  27642918  28465  314  37432  18243  3306  1473  88232641  
1441333247  46194361  0  330719488  119242  18600  0  44751  157  25943  2610  143894223  2147483647  0  14942  0  0  0  205  215726  2147483647  0  319  239  2147483647  0  7119522  0  12926308  27642918  29249  314  37432  18243  3306  1473  90770033  
1441333247  47118714  0  339814512  119242  18600  0  45588  157  27024  2610  146395472  2147483647  0  14942  0  0  0  205  219610  2147483647  0  324  239  2147483647  0  7119522  0  12943885  34147703  32902  314  37432  18243  5878  1473  95258615  
1441333248  48457320  0  359265966  119242  18600  0  47348  157  28150  2610  153924459  2147483647  0  14942  0  0  0  205  229172  2147483647  0  330  239  2147483647  0  7182095  0  20136668  48780149  35431  314  37432  24288  7281  1473  103159901  
1441333248  49502252  0  412560173  119242  18600  0  48244  157  31323  2610  157217018  2147483647  0  14942  0  0  0  205  232745  2147483647  0  330  239  2147483647  0  7182095  0  20136668  48794948  38605  314  37432  24288  7282  1473  111590102  
1441333249  50636498  0  446212111  119242  18600  0  49226  157  33173  2610  160133403  2147483647  0  14942  0  0  0  205  235954  2147483647  0  332  239  2147483647  0  7182095  0  20320002  48794948  40455  314  37432  24288  7282  1473  116458632  
1441333250  53976492  0  485861514  119242  18600  0  52755  157  35661  2610  162950492  2147483647  0  14942  0  0  0  205  239471  2147483647  0  334  239  2147483647  0  7182095  0  20325784  48794948  42943  314  37432  24288  7282  1473  123041022  
1441333250  53976492  0  485861514  119242  18600  0  52755  157  35661  2610  162950492  2147483647  0  14942  0  0  0  205  239471  2147483647  0  334  239  2147483647  0  7182095  0  20325784  48794948  42943  314  37432  24288  7282  1473  123041022  
1441333251  56430709  0  499047574  119242  32161  0  55193  157  36518  2610  166642770  2147483647  0  14942  0  0  0  205  243474  2147483647  0  334  239  2147483647  0  7182095  0  20325784  49117134  43828  314  37432  24288  7310  1473  125411138  
1441333251  59274898  0  549687841  119242  32161  0  57817  157  39869  2610  168923365  2147483647  0  14942  0  0  0  205  245919  2147483647  0  338  239  2147483647  0  7182095  0  20331362  49117134  47179  314  37432  24288  7310  1473  134409782  
1441333252  62672529  0  591389558  119242  32161  0  60989  157  43164  2610  172895996  2147483647  0  14942  0  0  0  205  251400  2147483647  0  340  239  2147483647  0  7182095  0  20332711  75374966  54263  314  37432  24288  11099  1473  153471510  
1441333252  64985699  0  598815203  119242  32161  0  63389  157  43601  2610  176175803  2147483647  0  14942  0  0  0  205  254672  2147483647  0  342  239  2147483647  0  7182095  0  22934511  75374966  54700  314  37432  24288  11099  1473  154599964  
1441333253  69301869  0  628350723  119242  32161  0  67157  157  45447  2610  177653716  2147483647  0  14942  0  0  0  205  256421  2147483647  0  342  239  2147483647  0  7182095  0  22934511  75374966  56546  314  37432  24288  11099  1473  161143185  
1441333253  70557705  0  682662764  119242  32161  0  68231  157  48527  2610  178633280  2147483647  0  14942  0  0  0  205  257283  2147483647  0  342  239  2147483647  0  7182095  0  22934511  75374966  59626  314  37432  25405  11099  1473  170776461  
1441333254  70557705  0  682662764  119242  32161  0  68231  157  48527  2610  178633280  2147483647  0  14942  0  0  0  205  257283  2147483647  0  342  239  2147483647  0  7182095  0  22934511  75374966  59626  314  37432  25405  11099  1473  170776461  
1441333254  70890169  0  691620621  119242  32161  0  68698  157  49297  2610  191886773  2147483647  0  37928  0  0  0  205  270919  2147483647  0  359  239  2147483647  0  7182095  0  27668223  113276323  64285  314  37432  25405  14988  1473  185151565  
1441333255  71834310  0  704800770  119242  32161  0  69690  157  50436  2610  196684725  2147483647  0  37928  0  0  0  205  275863  2147483647  0  361  239  2147483647  0  7182095  0  27677259  113276323  65424  314  37432  25405  14988  1473  187686516  
1441333255  71985203  0  784838868  119242  32161  0  69869  157  56068  2610  198113945  2147483647  0  37928  0  0  0  205  277381  2147483647  0  361  239  2147483647  0  7182095  0  27677259  113276323  71056  314  37432  25405  14988  1473  206364794  
1441333256  72222311  0  879278076  119242  32161  0  70132  157  63136  2610  198968115  2147483647  0  37928  0  0  0  205  278600  2147483647  0  363  239  2147483647  0  7182095  0  27681305  124387406  80448  275  37432  25405  17312  1297  227940725  
1441333256  72560347  0  902046579  119242  32161  0  70452  157  64672  2610  203730474  2147483647  0  37928  0  0  0  205  283735  2147483647  0  363  239  2147483647  0  7182095  0  27681305  124387406  81984  275  37432  25405  17312  1297  231513684  
1441333257  73366872  0  942129352  119242  32161  0  71156  157  67085  2610  207308038  2147483647  0  37928  0  0  0  205  287313  2147483647  0  365  239  2147483647  0  7182095  0  28105710  124387406  84397  275  37432  25405  17312  1297  239521712  
1441333257  73366872  0  942129352  119242  32161  0  71156  157  67085  2610  207308038  2147483647  0  37928  0  0  0  205  287313  2147483647  0  365  239  2147483647  0  7182095  0  28105710  124387406  84397  275  37432  25405  17312  1297  239521712  
1441333258  74269907  0  949141394  119242  32161  0  72116  157  67869  2610  214322903  2147483647  0  37928  0  0  0  205  294467  2147483647  0  367  239  2147483647  0  7182095  0  28831727  139864273  86977  275  37432  25405  19108  1297  246801269  
1441333258  76142449  0  951797790  119242  32161  0  74164  157  67999  2610  217651148  2147483647  0  37928  0  0  0  205  298433  2147483647  0  367  239  2147483647  0  7182095  0  28831727  139864273  87107  275  37432  25405  19108  1297  247058139  
1441333259  80220912  0  956600352  119242  32161  0  77652  157  68297  2610  221233396  2147483647  0  37928  0  0  0  205  301966  2147483647  0  367  239  2147483647  0  7182095  0  28831727  139864273  87405  275  37432  25405  19108  1297  247633287  
1441333259  83869173  0  1011824674  119242  32161  0  81071  157  70993  2610  224783181  2147483647  0  37928  0  0  0  205  305939  2147483647  0  369  239  2147483647  0  7182095  0  28836594  139864273  90101  275  37432  25405  19108  1297  254279164  
1441333260  85907219  0  1020572275  119242  32161  0  83311  157  71551  2610  230920861  2147483647  0  37928  0  0  0  205  312593  2147483647  0  371  239  2147483647  0  7182095  0  29775173  147575413  91798  275  37432  25405  20247  1297  257407957  
1441333260  88878707  0  1058012146  119242  32161  0  85967  157  74148  2610  235007476  2147483647  0  37928  0  0  0  205  316504  2147483647  0  371  239  2147483647  0  7182095  0  29775173  147575413  94395  275  37432  25405  20247  1297  263524661  
1441333261  88878707  0  1058012146  119242  32161  0  85967  157  74148  2610  235007476  2147483647  0  37928  0  0  0  205  316504  2147483647  0  371  239  2147483647  0  7182095  0  29775173  147575413  94395  275  37432  25405  20247  1297  263524661  
1441333261  91747920  0  1103308806  119242  32161  0  88754  157  76884  2610  237237734  2147483647  0  37928  0  0  0  205  318699  2147483647  0  371  239  2147483647  0  7182095  0  29775173  147575413  97131  275  37432  25405  20247  1297  269650371  
1441333262  96261678  0  1179560699  119242  32161  0  92819  157  80962  2610  237386369  2147483647  0  37928  0  0  0  205  318967  2147483647  0  372  239  2147483647  0  7182095  0  29778893  147642511  101213  275  37432  25405  20251  1297  279774943  
1441333262  98085134  0  1221919177  119242  32161  0  94525  157  83611  2610  241034057  2147483647  0  37928  0  0  0  205  322885  2147483647  0  377  239  2147483647  0  7182095  0  32471413  157949076  105521  275  37432  25405  21910  1297  289619425  
1441333263  99911500  0  1265989461  119242  32161  0  96201  157  86473  2610  246122586  2147483647  0  37928  0  0  0  205  328220  2147483647  0  382  239  2147483647  0  7182095  0  32483294  169254873  110179  275  37432  25405  23706  1297  300060377  
1441333263  102187472  0  1349922570  119242  32161  0  98443  157  91633  2610  250304152  2147483647  0  37928  0  0  0  205  332780  2147483647  0  385  239  2147483647  0  7182095  0  32490333  187794356  118637  236  37432  25405  27004  1285  317725806  
1441333264  105977108  0  1373186629  119242  32161  0  101739  157  92785  2610  252818166  2147483647  0  37928  0  0  0  205  335276  2147483647  0  387  239  2147483647  0  7182095  0  34727820  187794356  119789  236  37432  25405  27004  1285  320639792  
1441333264  105977108  0  1373186629  119242  32161  0  101739  157  92785  2610  252818166  2147483647  0  37928  0  0  0  205  335276  2147483647  0  387  239  2147483647  0  7182095  0  34727820  187794356  119789  236  37432  25405  27004  1285  320639792  
1441333265  108233570  0  1447035779  119242  32161  0  103768  157  97651  2610  256368851  2147483647  0  37928  0  0  0  205  340938  2147483647  0  391  239  2147483647  0  7182095  0  34734277  202837498  127494  236  37432  25405  29843  1285  338319567  
1441333265  109328153  0  1522892956  119242  32161  0  104823  157  101980  2610  256853596  2147483647  0  37928  0  0  0  205  341358  2147483647  0  391  239  2147483647  0  7182095  0  34734277  202837498  131823  236  37432  40331  29843  1285  349126341  
1441333266  111378001  0  1571129512  119242  32161  0  106523  157  104451  2610  261848016  2147483647  0  37928  0  0  0  205  346199  2147483647  0  399  239  2147483647  0  7182095  0  40970104  211594059  135859  236  37432  40331  31408  1285  359794457  
1441333266  112597709  0  1661451750  119242  32161  0  107723  157  110808  2610  265243116  2147483647  0  37928  0  0  0  205  350504  2147483647  0  403  239  2147483647  0  7182095  0  44572364  234423809  146806  236  37432  40331  35998  1285  382913696  
1441333267  114357104  0  1679839722  119242  32161  0  109393  157  111996  2610  269809155  2147483647  0  37928  0  0  0  205  355505  2147483647  0  403  239  2147483647  0  7182095  0  44572364  234423809  147994  236  37432  40331  35998  1285  387123050  
1441333267  115506811  0  1753944446  119242  32161  0  110642  157  117836  2610  275174555  2147483647  0  37928  0  0  0  205  361592  2147483647  0  406  239  2147483647  0  20813044  0  66121827  259066935  159222  236  37432  40331  41386  1285  407881339  
1441333268  117214225  0  1782586627  119242  32161  0  112274  157  119155  2610  279244117  2147483647  0  37928  0  0  0  205  366032  2147483647  0  406  239  2147483647  0  20813044  0  66121827  259066935  160541  236  37432  40331  41386  1285  411321984  
1441333268  117214225  0  1782586627  119242  32161  0  112274  157  119155  2610  279244117  2147483647  0  37928  0  0  0  205  366032  2147483647  0  406  239  2147483647  0  20813044  0  66121827  259066935  160541  236  37432  40331  41386  1285  411321984  
1441333269  118502135  0  1807347311  119242  32161  0  113609  157  120286  2610  282653798  2147483647  0  37928  0  0  0  205  370234  2147483647  0  410  239  2147483647  0  20813044  0  72771166  274629230  163079  236  37432  40331  42793  1285  419671209  
1441333269  120928663  0  1887480574  119242  32161  0  115834  157  127884  2610  288180460  2147483647  0  37928  0  0  0  205  376360  2147483647  0  414  239  2147483647  0  20813044  0  72776565  293453653  177105  236  37432  50483  49221  1234  438485818  
1441333270  121501639  0  1915978361  119242  32161  0  116498  157  129909  2610  293129820  2147483647  0  37928  0  0  0  205  381505  2147483647  0  417  239  2147483647  0  20813044  0  84369401  293453653  179130  236  37432  50483  49221  1234  443907284  
1441333270  122442427  0  1973416877  119242  32161  0  117426  157  132994  2610  297059793  2147483647  0  37928  0  0  0  205  385415  2147483647  0  418  239  2147483647  0  20813044  0  84372935  293453653  182215  236  37432  50483  49221  1234  451176623  
1441333271  123215654  0  2039637134  119242  32161  0  118125  157  136593  2610  299264134  2147483647  0  37928  0  0  0  205  387885  2147483647  0  418  239  2147483647  0  20813044  0  84372935  293453653  185814  236  37432  50483  49221  1234  459608302  
1441333271  125327669  0  2057434114  119242  32161  0  120036  157  137552  2610  304855582  2147483647  0  37928  0  0  0  205  393379  2147483647  0  418  239  2147483647  0  20813044  0  84372935  293453653  186773  236  37432  50483  49221  1234  462092687  
1441333272  125327669  0  2057434114  119242  32161  0  120036  157  137552  2610  304855582  2147483647  0  37928  0  0  0  205  393379  2147483647  0  418  239  2147483647  0  20813044  0  84372935  293453653  186773  236  37432  50483  49221  1234  462092687  
1441333272  127323617  0  2067668915  119242  32161  0  121827  157  138186  2610  309224879  2147483647  0  37928  0  0  0  205  397829  2147483647  0  419  239  2147483647  0  20813044  0  84375052  293453653  187407  236  37432  50483  49221  1234  463724805  
1441333273  128662687  0  2073001102  119242  32161  0  123203  157  138657  2610  312736414  2147483647  0  38858  0  0  0  205  401588  2147483647  0  420  239  2147483647  0  20813044  0  84379950  293453653  187878  236  37432  50483  49221  1234  464761096  
1441333273  129734271  0  2086283797  119242  32161  0  124388  157  139434  2610  319061611  2147483647  0  38858  0  0  0  205  410532  2147483647  0  424  239  2147483647  0  20813044  0  87038802  317543205  191958  236  43102  50483  52524  1234  474577800  
1441333274  131189662  0  2110204793  119242  32161  0  125972  157  141094  2610  323649811  2147483647  0  38858  0  0  0  205  415437  2147483647  0  432  239  2147483647  0  20813044  0  87061775  325143362  194757  236  43102  50483  53663  1234  480270815  
1441333274  132474691  0  2136215887  119242  32161  0  127339  157  142844  2610  327952198  2147483647  0  38858  0  0  0  205  420088  2147483647  0  432  239  2147483647  0  20813044  0  87061775  325143362  196507  236  43102  50483  53663  1234  484792884  
1441333275  132945305  0  2159434545  119242  32161  0  127755  157  144364  2610  331502611  2147483647  0  38858  0  0  0  205  423712  2147483647  0  432  239  2147483647  0  20813044  0  87061775  325143362  198027  236  43102  50483  53663  1234  488733637  
1441333275  132945305  0  2159434545  119242  32161  0  127755  157  144364  2610  331502611  2147483647  0  38858  0  0  0  205  423712  2147483647  0  432  239  2147483647  0  20813044  0  87061775  325143362  198027  236  43102  50483  53663  1234  488733637  
1441333276  135306885  0  2226331714  119242  32161  0  129740  157  148340  2610  333431561  2147483647  0  38858  0  0  0  205  425979  2147483647  0  433  239  2147483647  0  20813044  0  87063839  325636480  202162  236  43102  50483  53822  1234  499989533  
1441333276  136764385  0  2268888964  119242  32161  0  131180  157  150642  2610  337062059  2147483647  0  38858  0  0  0  205  429781  2147483647  0  433  239  2147483647  0  20813044  0  87063839  325636480  204464  236  43102  50483  53822  1234  505951612  
1441333277  139371293  0  2274759389  119242  32161  0  133705  157  150999  2610  345394844  2147483647  0  38858  0  0  0  205  438277  2147483647  0  437  239  2147483647  0  20813044  0  94000569  330896602  205589  236  43102  50483  54590  1234  508227181  
1441333277  141375221  0  2290799078  119242  32161  0  135585  157  152023  2610  349376473  2147483647  0  38858  0  0  0  205  444143  2147483647  0  442  239  2147483647  0  20813044  0  99342303  332511262  207129  236  43102  50483  55106  1234  511250969  
1441333278  141533201  0  2301937777  119242  32161  0  135841  157  152689  2610  353053790  2147483647  0  38858  0  0  0  205  448019  2147483647  0  442  239  2147483647  0  20813044  0  99342303  333295789  207868  236  43102  50483  55179  1234  513321543  
1441333278  141533201  0  2301937777  119242  32161  0  135841  157  152689  2610  353053790  2147483647  0  38858  0  0  0  205  448019  2147483647  0  442  239  2147483647  0  20813044  0  99342303  333295789  207868  236  43102  50483  55179  1234  513321543  
1441333279  142589422  0  2327507149  119242  32161  0  136934  157  154442  2610  357758386  2147483647  0  38858  0  0  0  205  453314  2147483647  0  442  239  2147483647  0  20813044  0  99342303  351508335  212949  236  43102  50483  58507  1234  521545790  
1441333280  145319913  0  2334714657  119242  32161  0  139266  157  154816  2610  364043200  2147483647  0  38858  0  0  0  205  459983  2147483647  0  450  239  2147483647  0  20813044  0  102763582  352279952  213387  236  43102  50483  58571  1234  522808034  
1441333280  145850981  0  2406113390  119242  32161  0  139746  157  158816  2492  367872437  2147483647  0  38858  0  0  0  205  464882  2147483647  0  451  239  2147483647  0  20813044  0  102766162  363409582  220050  236  43102  50483  61234  1234  536992182  
1441333281  146528253  0  2449399776  119242  32161  0  140418  157  161659  2492  373076644  2147483647  0  38858  0  0  0  205  470363  2147483647  0  453  239  2147483647  0  20813044  0  102770611  369793958  223874  236  43102  50483  62215  1234  545172331  
1441333281  147290112  0  2458450877  119242  32161  0  141154  157  162219  2492  378449380  2147483647  0  38858  0  0  0  205  476293  2147483647  0  453  239  2147483647  0  20813044  0  102770611  369793958  224434  236  43102  50483  62215  1234  546506995  
1441333282  149051333  0  2555558053  119242  32161  0  142787  157  167608  2492  380800518  2147483647  0  38858  0  0  0  205  478681  2147483647  0  454  239  2147483647  0  20813044  0  102774083  383437054  231975  236  43102  50483  64367  1234  565863397  
1441333282  149051333  0  2555558053  119242  32161  0  142787  157  167608  2492  380800518  2147483647  0  38858  0  0  0  205  478681  2147483647  0  454  239  2147483647  0  20813044  0  102774083  383437054  231975  236  43102  50483  64367  1234  565863397  
1441333283  150592517  0  2598438524  119242  32161  0  144169  157  170576  2492  383407170  2147483647  0  38858  0  0  0  205  482175  2147483647  0  456  239  2147483647  0  20813044  0  103467814  393888404  236546  236  43102  50483  65970  1234  580359768  
1441333283  151632179  0  2602657746  119242  32161  0  145290  157  170977  2492  386844991  2147483647  0  38858  0  0  0  205  486817  2147483647  0  456  239  2147483647  0  20813044  0  103467814  397486153  238843  236  43102  50483  67866  1234  581818601  
1441333284  153427290  0  2637408894  119242  32161  0  147146  157  172670  2492  392989473  2147483647  0  38858  0  0  0  205  495828  2147483647  0  462  239  2147483647  0  20813044  0  103477365  404849146  241678  236  43102  50483  69008  1234  587803106  
1441333284  155486205  0  2643340416  119242  32161  0  148778  157  172955  2492  397715671  2147483647  0  38858  0  0  0  205  500683  2147483647  0  462  239  2147483647  0  20813044  0  103477365  405062238  241980  236  43102  50483  69025  1234  588618176  
1441333285  158377259  0  2666098208  119242  32161  0  151086  157  174140  2492  401071591  2147483647  0  38858  0  0  0  205  504425  2147483647  0  462  239  2147483647  0  20813044  0  103477365  407098199  243342  236  43102  50483  69202  1234  592352745  
1441333285  160302775  0  2710779831  119242  32161  0  152815  157  176975  2492  402402790  2147483647  0  38858  0  0  0  205  505938  2147483647  0  462  239  2147483647  0  20813044  0  103477365  407146931  246180  236  43102  50483  69205  1234  599833045  
1441333286  160302775  0  2710779831  119242  32161  0  152815  157  176975  2492  402402790  2147483647  0  38858  0  0  0  205  505938  2147483647  0  462  239  2147483647  0  20813044  0  103477365  407146931  246180  236  43102  50483  69205  1234  599833045  
1441333286  161642248  0  2718346075  119242  32161  0  154095  157  177399  2492  402924257  2147483647  0  38858  0  0  0  205  506885  2147483647  0  462  239  2147483647  0  20813044  0  103477365  407146931  246604  236  43102  50483  69205  1234  600820126  
