#type:T;
#time  gt  cn  Pt  Px  gx  cx  gn  gm  Pn  Pm  Ft  cm  pt  Fx  px  ct  pn  Fm  Fn  pm  dn  On  Om  dm  dx  Ox  dt  Ot  Gt  Cn  Cm  Gx  Cx  Gn  Gm  Ct  
1441315807  3928848  0  0  0  8897  0  4895  157  0  2147483647  15938  2147483647  0  2356  0  0  0  214  21  2147483647  0  46  254  2147483647  0  4092  0  53178  0  0  2147483647  0  0  0  2147483647  0  
1441315808  3933487  0  0  0  8897  0  4896  157  0  2147483647  15938  2147483647  0  2356  0  0  0  214  21  2147483647  0  47  254  2147483647  0  5658  0  58836  0  0  2147483647  0  0  0  2147483647  0  
1441315808  3933487  0  0  0  8897  0  4896  157  0  2147483647  15938  2147483647  0  2356  0  0  0  214  21  2147483647  0  47  254  2147483647  0  5658  0  58836  0  0  2147483647  0  0  0  2147483647  0  
1441315809  3933487  0  0  0  8897  0  4896  157  0  2147483647  15938  2147483647  0  2356  0  0  0  214  21  2147483647  0  47  254  2147483647  0  5658  0  58836  0  0  2147483647  0  0  0  2147483647  0  
1441315809  3933487  0  0  0  8897  0  4896  157  0  2147483647  15938  2147483647  0  2356  0  0  0  214  21  2147483647  0  47  254  2147483647  0  5658  0  58836  0  0  2147483647  0  0  0  2147483647  0  
1441315810  3933487  0  0  0  8897  0  4896  157  0  2147483647  15938  2147483647  0  2356  0  0  0  214  21  2147483647  0  47  254  2147483647  0  5658  0  58836  0  0  2147483647  0  0  0  2147483647  0  
1441315810  3933487  0  0  0  8897  0  4896  157  0  2147483647  15938  2147483647  0  2356  0  0  0  214  21  2147483647  0  47  254  2147483647  0  5658  0  58836  0  0  2147483647  0  0  0  2147483647  0  
1441315811  3933487  0  0  0  8897  0  4896  157  0  2147483647  15938  2147483647  0  2356  0  0  0  214  21  2147483647  0  47  254  2147483647  0  5658  0  58836  0  0  2147483647  0  0  0  2147483647  0  
1441315811  3933487  0  0  0  8897  0  4896  157  0  2147483647  15938  2147483647  0  2356  0  0  0  214  21  2147483647  0  47  254  2147483647  0  5658  0  58836  0  0  2147483647  0  0  0  2147483647  0  
1441315812  3933487  0  0  0  8897  0  4896  157  0  2147483647  15938  2147483647  0  2356  0  0  0  214  21  2147483647  0  47  254  2147483647  0  5658  0  58836  0  0  2147483647  0  0  0  2147483647  0  
1441315812  3933487  0  0  0  8897  0  4896  157  0  2147483647  15938  2147483647  0  2356  0  0  0  214  21  2147483647  0  47  254  2147483647  0  5658  0  58836  0  0  2147483647  0  0  0  2147483647  0  
1441315813  3933487  0  0  0  8897  0  4896  157  0  2147483647  15938  2147483647  0  2356  0  0  0  214  21  2147483647  0  47  254  2147483647  0  5658  0  58836  0  0  2147483647  0  0  0  2147483647  0  
1441315813  3933487  0  0  0  8897  0  4896  157  0  2147483647  15938  2147483647  0  2356  0  0  0  214  21  2147483647  0  47  254  2147483647  0  5658  0  58836  0  0  2147483647  0  0  0  2147483647  0  
1441315814  3933487  0  0  0  8897  0  4896  157  0  2147483647  15938  2147483647  0  2356  0  0  0  214  21  2147483647  0  47  254  2147483647  0  5658  0  58836  0  0  2147483647  0  0  0  2147483647  0  
1441315814  3933487  0  0  0  8897  0  4896  157  0  2147483647  15938  2147483647  0  2356  0  0  0  214  21  2147483647  0  47  254  2147483647  0  5658  0  58836  0  0  2147483647  0  0  0  2147483647  0  
1441315815  3933487  0  0  0  8897  0  4896  157  0  2147483647  15938  2147483647  0  2356  0  0  0  214  21  2147483647  0  47  254  2147483647  0  5658  0  58836  0  0  2147483647  0  0  0  2147483647  0  
1441315815  3933487  0  0  0  8897  0  4896  157  0  2147483647  15938  2147483647  0  2356  0  0  0  214  21  2147483647  0  47  254  2147483647  0  5658  0  58836  0  0  2147483647  0  0  0  2147483647  0  
1441315816  3933487  0  0  0  8897  0  4896  157  0  2147483647  15938  2147483647  0  2356  0  0  0  214  21  2147483647  0  47  254  2147483647  0  5658  0  58836  0  0  2147483647  0  0  0  2147483647  0  
1441315816  3933487  0  0  0  8897  0  4896  157  0  2147483647  15938  2147483647  0  2356  0  0  0  214  21  2147483647  0  47  254  2147483647  0  5658  0  58836  0  0  2147483647  0  0  0  2147483647  0  
1441315817  3933487  0  0  0  8897  0  4896  157  0  2147483647  15938  2147483647  0  2356  0  0  0  214  21  2147483647  0  47  254  2147483647  0  5658  0  58836  0  0  2147483647  0  0  0  2147483647  0  
1441315817  3933487  0  0  0  8897  0  4896  157  0  2147483647  15938  2147483647  0  2356  0  0  0  214  21  2147483647  0  47  254  2147483647  0  5658  0  58836  0  0  2147483647  0  0  0  2147483647  0  
1441315818  4080975  0  11803613  17644  8897  0  5009  157  3421  2277  45871  2147483647  0  2356  0  0  0  214  127  2147483647  0  271  242  2147483647  0  25895  0  485988  172586  3481  581  5916  6179  60  1603  6175100  
1441315818  4202828  0  11803613  17644  9564  0  5089  157  3421  2277  45871  2147483647  0  2356  0  0  0  214  127  2147483647  0  271  242  2147483647  0  25895  0  485988  2010195  3652  581  28892  7052  231  1603  6787199  
1441315819  4265373  0  11803613  17644  10028  0  5191  157  3421  2277  45871  2147483647  0  2356  0  0  0  214  127  2147483647  0  271  242  2147483647  0  25895  0  485988  2555713  3743  581  28892  7052  322  1603  7005009  
1441315819  4265373  0  11803613  17644  10028  0  5191  157  3421  2277  45871  2147483647  0  2356  0  0  0  214  127  2147483647  0  271  242  2147483647  0  25895  0  485988  2555713  3743  581  28892  7052  322  1603  7005009  
1441315820  4265373  0  11803613  17644  10028  0  5191  157  3421  2277  45871  2147483647  0  2356  0  0  0  214  127  2147483647  0  271  242  2147483647  0  25895  0  485988  2555713  3743  581  28892  7052  322  1603  7005009  
1441315820  4265373  0  11803613  17644  10028  0  5191  157  3421  2277  45871  2147483647  0  2356  0  0  0  214  127  2147483647  0  271  242  2147483647  0  25895  0  485988  2555713  3743  581  28892  7052  322  1603  7005009  
1441315821  4265373  0  11803613  17644  10028  0  5191  157  3421  2277  45871  2147483647  0  2356  0  0  0  214  127  2147483647  0  271  242  2147483647  0  25895  0  485988  2555713  3743  581  28892  7052  322  1603  7005009  
1441315821  4265373  0  11803613  17644  10028  0  5191  157  3421  2277  45871  2147483647  0  2356  0  0  0  214  127  2147483647  0  271  242  2147483647  0  25895  0  485988  2555713  3743  581  28892  7052  322  1603  7005009  
1441315822  4265373  0  11803613  17644  10028  0  5191  157  3421  2277  45871  2147483647  0  2356  0  0  0  214  127  2147483647  0  271  242  2147483647  0  25895  0  485988  2555713  3743  581  28892  7052  322  1603  7005009  
1441315822  4265373  0  11803613  17644  10028  0  5191  157  3421  2277  45871  2147483647  0  2356  0  0  0  214  127  2147483647  0  271  242  2147483647  0  25895  0  485988  2555713  3743  581  28892  7052  322  1603  7005009  
1441315823  4265373  0  11803613  17644  10028  0  5191  157  3421  2277  45871  2147483647  0  2356  0  0  0  214  127  2147483647  0  271  242  2147483647  0  25895  0  485988  2555713  3743  581  28892  7052  322  1603  7005009  
1441315823  4265373  0  11803613  17644  10028  0  5191  157  3421  2277  45871  2147483647  0  2356  0  0  0  214  127  2147483647  0  271  242  2147483647  0  25895  0  485988  2555713  3743  581  28892  7052  322  1603  7005009  
1441315824  4265373  0  11803613  17644  10028  0  5191  157  3421  2277  45871  2147483647  0  2356  0  0  0  214  127  2147483647  0  271  242  2147483647  0  25895  0  485988  2555713  3743  581  28892  7052  322  1603  7005009  
1441315824  4265373  0  13337745  17644  10028  0  5191  157  3831  2277  1312834  2147483647  0  3118  0  0  0  205  5332  2147483647  0  271  242  2147483647  0  25895  0  485988  2555713  4153  581  28892  7052  322  1603  7761216  
1441315825  4265373  0  13337745  17644  10028  0  5191  157  3831  2277  1312834  2147483647  0  3118  0  0  0  205  5332  2147483647  0  271  242  2147483647  0  25895  0  485988  2555713  4153  581  28892  7052  322  1603  7761216  
1441315825  4265373  0  13337745  17644  10028  0  5191  157  3831  2277  2766430  2147483647  0  4500  0  0  0  205  11377  2147483647  0  271  242  2147483647  0  25895  0  485988  2555713  4153  581  28892  7052  322  1603  7761216  
1441315826  4265373  0  13337745  17644  10028  0  5191  157  3831  2277  4794384  2147483647  0  4500  0  0  0  205  19572  2147483647  0  271  242  2147483647  0  25895  0  485988  2555713  4153  581  28892  7052  322  1603  7761216  
1441315826  4265373  0  13337745  17644  10028  0  5191  157  3831  2277  6629574  2147483647  0  7022  0  0  0  205  26577  2147483647  0  271  242  2147483647  0  25895  0  485988  2555713  4153  581  28892  7052  322  1603  7761216  
1441315827  4265373  0  13337745  17644  10028  0  5191  157  3831  2277  9219414  2147483647  0  7022  0  0  0  205  37110  2147483647  0  271  242  2147483647  0  25895  0  485988  2555713  4153  581  28892  7052  322  1603  7761216  
1441315828  4265373  0  13337745  17644  10028  0  5191  157  3831  2277  12040076  2147483647  0  7022  0  0  0  205  48433  2147483647  0  271  242  2147483647  0  25895  0  485988  2555713  4153  581  28892  7052  322  1603  7761216  
1441315828  4265373  0  13337745  17644  10028  0  5191  157  3831  2277  12040076  2147483647  0  7022  0  0  0  205  48433  2147483647  0  271  242  2147483647  0  25895  0  485988  2555713  4153  581  28892  7052  322  1603  7761216  
1441315829  4265373  0  13337745  17644  10028  0  5191  157  3831  2277  14023630  2147483647  0  8076  0  0  0  205  55186  2147483647  0  271  242  2147483647  0  25895  0  485988  2555713  4153  581  28892  7052  322  1603  7761216  
1441315829  4265373  0  13337745  17644  10028  0  5191  157  3831  2277  16259143  2147483647  0  8076  0  0  0  205  63005  2147483647  0  271  242  2147483647  0  25895  0  485988  2555713  4153  581  28892  7052  322  1603  7761216  
1441315830  4265373  0  13337745  17644  10028  0  5191  157  3831  2277  18441495  2147483647  0  8076  0  0  0  205  71270  2147483647  0  271  242  2147483647  0  25895  0  485988  2555713  4153  581  28892  7052  322  1603  7761216  
1441315830  4265373  0  15694278  17644  10028  0  5191  157  4584  2277  24737190  2147483647  0  8076  0  0  0  205  96493  2147483647  0  271  242  2147483647  0  25895  0  485988  2850888  4988  581  28892  14402  404  1603  9140254  
1441315831  4278782  0  15694278  17644  10028  0  5201  157  4584  2277  28531927  2147483647  0  8076  0  0  0  205  112144  2147483647  0  271  242  2147483647  0  25895  0  485988  3029804  5004  581  28892  14402  420  1603  9217240  
1441315831  4278782  0  15694278  17644  10028  0  5201  157  4584  2277  28531927  2147483647  0  8076  0  0  0  205  112144  2147483647  0  271  242  2147483647  0  25895  0  485988  3029804  5004  581  28892  14402  420  1603  9217240  
1441315832  4741847  0  15694278  17644  10028  0  5841  157  4584  2277  34676302  2147483647  0  13516  0  0  0  205  119297  2147483647  0  271  242  2147483647  0  25895  0  485988  3029804  5004  581  28892  14402  420  1603  9217240  
1441315832  7514062  0  19271949  36844  10028  0  8541  157  4974  2277  40102825  2147483647  0  13531  0  0  0  205  125320  2147483647  0  273  242  2147483647  0  25895  0  491771  3029804  5394  581  28892  14402  420  1603  10520982  
1441315833  9917555  0  22593820  36844  10028  0  10733  157  5296  2277  44984276  2147483647  0  13531  0  0  0  205  130701  2147483647  0  274  242  2147483647  0  25895  0  495677  3029804  5716  581  28892  14402  420  1603  11746638  
1441315833  11829693  0  24008207  38192  12555  0  12477  157  5430  2277  48443208  2147483647  0  13531  0  0  0  205  134285  2147483647  0  277  242  2147483647  0  25895  0  505117  3029804  5850  581  28892  14402  420  1603  12250530  
1441315834  13339137  0  25064599  38192  12555  0  13701  157  5534  2277  54823682  2147483647  0  13531  0  0  0  205  141129  2147483647  0  277  242  2147483647  0  25895  0  505117  3029804  5954  581  28892  14402  420  1603  12630003  
1441315834  14905661  0  25064599  38192  12555  0  15250  157  5534  2277  59739109  2147483647  0  13531  0  0  0  205  146599  2147483647  0  279  242  2147483647  0  25895  0  512587  3029804  5954  581  28892  14402  420  1603  12630003  
1441315835  14905661  0  25064599  38192  12555  0  15250  157  5534  2277  59739109  2147483647  0  13531  0  0  0  205  146599  2147483647  0  279  242  2147483647  0  25895  0  512587  3029804  5954  581  28892  14402  420  1603  12630003  
1441315835  17766374  0  25812935  38192  12555  0  17923  157  5600  2277  66225222  2147483647  0  13531  0  0  0  205  153316  2147483647  0  282  242  2147483647  0  25895  0  522832  3029804  6020  581  28892  14402  420  1603  12886788  
1441315836  18858908  0  26108255  38192  12555  0  18970  157  5625  2277  70841526  2147483647  0  13531  0  0  0  205  158440  2147483647  0  282  242  2147483647  0  25895  0  522832  3029804  6045  581  28892  14402  420  1603  12983863  
1441315836  21431685  0  28974094  39804  12555  0  21300  157  5918  2277  76231211  2147483647  0  13531  0  0  0  205  164264  2147483647  0  283  242  2147483647  0  25895  0  526196  3029804  6338  581  28892  14402  420  1603  14017923  
1441315838  24677223  0  33677325  39804  12555  0  24313  157  6385  2277  81138282  2147483647  0  13531  0  0  0  205  169539  2147483647  0  284  242  2147483647  0  25895  0  531482  3029804  6805  581  28892  14402  420  1603  15777112  
1441315839  32307728  0  99778260  39804  12555  0  31472  157  14335  2277  88202098  2147483647  0  13531  0  0  0  205  177978  2147483647  0  289  242  2147483647  0  25895  0  547555  3299750  14787  581  28892  17608  452  1603  42222408  
1441315839  32307728  0  99778260  39804  12555  0  31472  157  14335  2277  88202098  2147483647  0  13531  0  0  0  205  177978  2147483647  0  289  242  2147483647  0  25895  0  547555  3299750  14787  581  28892  17608  452  1603  42222408  
1441315840  33116778  0  119738005  114917  12555  0  32344  157  16674  2277  92688486  2147483647  0  13686  0  0  0  205  182238  2147483647  0  289  242  2147483647  0  25895  0  547555  3299750  17126  581  28892  19452  452  1603  50166501  
1441315840  35585786  0  141513806  114917  12555  0  34520  157  19123  2277  96657838  2147483647  0  13686  0  0  0  205  186186  2147483647  0  289  242  2147483647  0  25895  0  547555  3299750  19575  581  28892  19452  452  1603  58771148  
1441315841  39888867  0  147525800  114917  12555  0  38392  157  19779  2277  100606403  2147483647  0  13686  0  0  0  205  190475  2147483647  0  289  242  2147483647  0  25895  0  547555  3299750  20231  581  28892  19452  452  1603  61121986  
1441315841  43228734  0  167199490  114917  13035  0  41714  157  22041  2277  105580593  2147483647  0  13686  0  0  0  205  195667  2147483647  0  293  242  2147483647  0  2179098  0  2736976  9994381  23287  581  28892  19452  1246  1603  72294282  
1441315842  46670301  0  195750475  114917  13035  0  44825  157  25408  2277  107478389  2147483647  0  13686  0  0  0  205  197661  2147483647  0  294  242  2147483647  0  2179098  0  2740665  9994381  26654  581  28892  19452  1246  1603  83811151  
1441315842  50059618  0  210907214  114917  13035  0  47729  157  27168  2277  111827458  2147483647  0  13686  0  0  0  205  202070  2147483647  0  296  242  2147483647  0  2179098  0  2745315  15251193  29042  581  28892  19452  1874  1603  92120790  
1441315843  50059618  0  210907214  114917  13035  0  47729  157  27168  2277  111827458  2147483647  0  13686  0  0  0  205  202070  2147483647  0  296  242  2147483647  0  2179098  0  2745315  15251193  29042  581  28892  19452  1874  1603  92120790  
1441315843  51999451  0  238564402  114917  13035  0  49590  157  30550  2277  113245274  2147483647  0  13686  0  0  0  205  203756  2147483647  0  298  242  2147483647  0  2179098  0  2748064  15281553  32429  581  28892  41106  1879  1603  103170887  
1441315844  54970786  0  254151551  114917  13035  0  52150  157  32216  2277  115004788  2147483647  0  13686  0  0  0  205  205521  2147483647  0  298  242  2147483647  0  2179098  0  2748064  15281553  34095  581  28892  41106  1879  1603  109222532  
1441315844  57648861  0  264455585  114917  13035  0  54701  157  33379  2277  116011411  2147483647  0  13686  0  0  0  205  206608  2147483647  0  298  242  2147483647  0  2179098  0  2748064  15281553  35258  581  28892  41106  1879  1603  113246844  
1441315845  61093242  0  270816083  114917  13035  0  58065  157  34032  2277  121949906  2147483647  0  13686  0  0  0  205  214746  2147483647  0  306  242  2147483647  0  5273007  0  8867126  22630928  36913  581  28892  41106  2881  1603  118845602  
1441315845  62243590  0  296654806  114917  13035  0  59212  157  37283  2277  126344587  2147483647  0  13686  0  0  0  205  219354  2147483647  0  308  242  2147483647  0  5273007  0  13255161  22630928  40164  581  28892  41106  2881  1603  130181035  
1441315846  64885937  0  323011088  114917  13035  0  61515  157  40605  2277  128439574  2147483647  0  13686  0  0  0  205  221692  2147483647  0  309  242  2147483647  0  5273007  0  13259439  22630928  43486  581  28892  41106  2881  1603  141760669  
1441315846  64885937  0  323011088  114917  13035  0  61515  157  40605  2277  128439574  2147483647  0  13686  0  0  0  205  221692  2147483647  0  309  242  2147483647  0  5273007  0  13259439  22630928  43486  581  28892  41106  2881  1603  141760669  
1441315847  66084117  0  339259153  114917  13035  0  62667  157  42794  2277  131834827  2147483647  0  13686  0  0  0  205  225445  2147483647  0  309  242  2147483647  0  5273007  0  13259439  22630928  45675  581  28892  41106  2881  1603  148932800  
1441315847  67452619  0  362807596  114917  13035  0  64043  157  45578  2277  135365520  2147483647  0  13686  0  0  0  205  229210  2147483647  0  312  242  2147483647  0  5273007  0  13268147  22630928  48459  581  28892  41106  2881  1603  158407028  
1441315848  68475839  0  391132386  114917  13035  0  65003  157  48883  2277  138299793  2147483647  0  13686  0  0  0  205  232246  2147483647  0  312  242  2147483647  0  5273007  0  13268147  22630928  51764  581  28892  41106  2881  1603  169637665  
1441315848  69559193  0  439037625  114917  13035  0  65995  157  54156  2277  139924161  2147483647  0  13686  0  0  0  205  233825  2147483647  0  312  242  2147483647  0  5273007  0  13268147  22630928  57037  581  28892  41106  2881  1603  188469108  
1441315849  72547556  0  457277123  114917  13035  0  68587  157  56287  2277  143126116  2147483647  0  13686  0  0  0  205  237187  2147483647  0  313  242  2147483647  0  5273007  0  13271727  24996703  59439  581  28892  41106  3152  1603  196594765  
1441315849  73667528  0  459357935  114917  13035  0  69532  157  56527  2277  147309631  2147483647  0  13686  0  0  0  205  241771  2147483647  0  314  242  2147483647  0  5273007  0  13276067  24996703  59679  581  28892  41106  3152  1603  197357802  
1441315850  73667528  0  459357935  114917  13035  0  69532  157  56527  2277  147309631  2147483647  0  13686  0  0  0  205  241771  2147483647  0  314  242  2147483647  0  5273007  0  13276067  24996703  59679  581  28892  41106  3152  1603  197357802  
1441315850  73974642  0  466750142  114917  13035  0  69852  157  57367  2277  149866536  2147483647  0  13686  0  0  0  205  244431  2147483647  0  315  242  2147483647  0  5273007  0  13278995  24996703  60519  581  28892  41106  3152  1603  200268503  
1441315851  75357497  0  489541853  114917  13035  0  71132  157  60349  2277  155542630  2147483647  0  37208  0  0  0  205  251820  2147483647  0  319  242  2147483647  0  5273007  0  13382015  55251297  67065  581  28892  41106  6716  1603  223340561  
1441315851  75916628  0  491427982  114917  13035  0  71804  157  60584  2277  161031560  2147483647  0  37208  0  0  0  205  257651  2147483647  0  319  242  2147483647  0  5273007  0  13382015  55251297  67300  581  28892  41106  6716  1603  224152667  
1441315852  77574969  0  507862763  114917  13035  0  73497  157  62657  2277  164750784  2147483647  0  37208  0  0  0  205  261677  2147483647  0  319  242  2147483647  0  5273007  0  13382015  55251297  69373  581  28892  41106  6716  1603  230831059  
1441315852  77867477  0  519691670  114917  13035  0  73897  157  63896  2277  167643738  2147483647  0  37208  0  0  0  205  264686  2147483647  0  320  242  2147483647  0  5273007  0  13386526  55251297  70612  581  28892  41106  6716  1603  235375662  
1441315853  79911771  0  533328259  114917  13035  0  75708  157  65542  2277  172845437  2147483647  0  37208  0  0  0  205  270051  2147483647  0  323  242  2147483647  0  5273007  0  15969659  61925231  73026  581  28892  41106  7484  1603  244014576  
1441315853  79911771  0  533328259  114917  13035  0  75708  157  65542  2277  172845437  2147483647  0  37208  0  0  0  205  270051  2147483647  0  323  242  2147483647  0  5273007  0  15969659  61925231  73026  581  28892  41106  7484  1603  244014576  
1441315854  80739402  0  550527364  114917  13035  0  76732  157  67603  2277  175091768  2147483647  0  37208  0  0  0  205  272787  2147483647  0  323  242  2147483647  0  5273007  0  15969659  61925231  75087  581  28892  41106  7484  1603  251234118  
1441315854  83768436  0  550527364  114917  13315  0  79740  157  67603  2277  176643963  2147483647  0  37208  0  0  0  205  279242  2147483647  0  325  242  2147483647  0  5273007  0  16310299  61925231  75087  581  28892  41106  7484  1603  251234118  
1441315855  87599619  0  554024630  114917  13315  0  83479  157  68097  2277  179165483  2147483647  0  37208  0  0  0  205  282103  2147483647  0  325  242  2147483647  0  5273007  0  16310299  61925231  75581  581  28892  41106  7484  1603  252772905  
1441315855  90379746  0  562980485  114917  13315  0  86519  157  69481  2277  182210987  2147483647  0  38611  0  0  0  205  285552  2147483647  0  325  242  2147483647  0  5273007  0  16310299  61925231  76965  581  28892  41106  7484  1603  256624820  
1441315856  93713632  0  591672908  114917  19277  0  89591  157  72799  2277  184082272  2147483647  0  38611  0  0  0  205  287742  2147483647  0  325  242  2147483647  0  5273007  0  16310299  61925231  80283  581  28892  41106  7484  1603  267949077  
1441315856  96259588  0  599538576  114917  19277  0  92050  157  74025  2277  193361209  2147483647  0  38611  0  0  0  205  297372  2147483647  0  334  242  2147483647  0  10197652  0  29722807  84817838  84082  581  28892  41106  10057  1603  281460247  
1441315857  96259588  0  599538576  114917  19277  0  92050  157  74025  2277  193361209  2147483647  0  38611  0  0  0  205  297372  2147483647  0  334  242  2147483647  0  10197652  0  29722807  84817838  84082  581  28892  41106  10057  1603  281460247  
1441315857  98749114  0  617910247  114917  19277  0  94419  157  76245  2277  197330166  2147483647  0  38611  0  0  0  205  301876  2147483647  0  334  242  2147483647  0  10197652  0  29722807  84817838  86302  581  28892  41106  10057  1603  289347713  
1441315858  101399129  0  637507046  114917  19277  0  97171  157  78749  2277  200375902  2147483647  0  38611  0  0  0  205  305409  2147483647  0  334  242  2147483647  0  10197652  0  29722807  84817838  88806  581  28892  41106  10057  1603  297880813  
1441315858  103994535  0  654497299  114917  19277  0  99891  157  81060  2277  205471891  2147483647  0  38611  0  0  0  205  310978  2147483647  0  338  242  2147483647  0  10197652  0  31017552  93795460  92157  581  28892  41106  11097  1603  309189829  
1441315859  107185108  0  688468326  114917  19277  0  102743  157  85424  2277  206317941  2147483647  0  38611  0  0  0  205  312210  2147483647  0  338  242  2147483647  0  10197652  0  31017552  93795460  96521  581  28892  41106  11097  1603  323949553  
1441315859  107211319  0  707990567  114917  19277  0  102807  157  87854  2277  208248867  2147483647  0  38611  0  0  0  205  314183  2147483647  0  338  242  2147483647  0  10197652  0  31017552  93795460  98951  581  28892  41106  11097  1603  332564629  
1441315860  108799362  0  750677926  114917  36967  0  104055  157  93127  2277  212733919  2147483647  0  38611  0  0  0  205  318618  2147483647  0  342  242  2147483647  0  10197652  0  37515042  123799650  107788  581  35743  41106  14661  1603  364166694  
1441315860  108799362  0  750677926  114917  36967  0  104055  157  93127  2277  212733919  2147483647  0  38611  0  0  0  205  318618  2147483647  0  342  242  2147483647  0  10197652  0  37515042  123799650  107788  581  35743  41106  14661  1603  364166694  
1441315861  109804862  0  779551409  114917  36967  0  104906  157  96836  2277  214563601  2147483647  0  38611  0  0  0  205  320592  2147483647  0  342  242  2147483647  0  10197652  0  37515042  123799650  111497  581  35743  41106  14661  1603  376784470  
1441315861  109902011  0  788435011  114917  36967  0  105071  157  98367  2277  218378809  2147483647  0  38611  0  0  0  205  325643  2147483647  0  343  242  2147483647  0  10197652  0  38199891  131458380  115157  581  35743  41106  16790  1603  384853122  
1441315862  110835055  0  806207092  114917  36967  0  106127  157  100674  2277  222497526  2147483647  0  38611  0  0  0  205  330071  2147483647  0  346  242  2147483647  0  10197652  0  43403162  131997036  117528  581  35743  41106  16854  1603  392756366  
1441315862  113619815  0  836455009  114917  36967  0  108847  157  104735  2277  226172279  2147483647  0  38611  0  0  0  205  336240  2147483647  0  351  242  2147483647  0  10197652  0  50069779  150751530  124150  581  35743  41106  19415  1603  414398080  
1441315863  114478912  0  855011300  114917  36967  0  109775  157  107046  2277  230494172  2147483647  0  38611  0  0  0  205  340751  2147483647  0  351  242  2147483647  0  10197652  0  50069779  150751530  126461  581  35743  41106  19415  1603  422420002  
1441315863  115806214  0  868549309  114917  36967  0  111077  157  108861  2277  233787899  2147483647  0  38611  0  0  0  205  344353  2147483647  0  351  242  2147483647  0  10197652  0  50069779  150794018  128286  581  35743  41106  19425  1603  428455548  
1441315864  115806214  0  868549309  114917  36967  0  111077  157  108861  2277  233787899  2147483647  0  38611  0  0  0  205  344353  2147483647  0  351  242  2147483647  0  10197652  0  50069779  150794018  128286  581  35743  41106  19425  1603  428455548  
1441315864  118863333  0  895108445  114917  36967  0  113894  157  114107  2205  239010742  2147483647  0  38611  0  0  0  205  351048  2147483647  0  353  242  2147483647  0  10197652  0  50073441  180478753  139922  581  35743  41106  25815  1603  455065845  
1441315865  122114307  0  903474464  114917  36967  0  116852  157  115104  2205  243630570  2147483647  0  38611  0  0  0  205  355913  2147483647  0  355  242  2147483647  0  10197652  0  53858324  180478753  140919  581  35743  41106  25815  1603  458629877  
1441315865  124583175  0  909832595  114917  36967  0  118995  157  115989  2205  247088119  2147483647  0  38611  0  0  0  205  359349  2147483647  0  355  242  2147483647  0  10197652  0  53858324  180478753  141804  581  35743  41106  25815  1603  461390677  
1441315866  128204352  0  927699168  114917  36967  0  121971  157  118113  2205  250438069  2147483647  0  38611  0  0  0  205  362645  2147483647  0  355  242  2147483647  0  10197652  0  53858324  180478753  143928  581  35743  41106  25815  1603  469172465  
1441315866  130844466  0  948415685  114917  36967  0  124421  157  121096  2205  253972596  2147483647  0  38611  0  0  0  205  366557  2147483647  0  358  242  2147483647  0  10197652  0  54232035  200678795  149753  581  35743  41106  28657  1603  487272690  
1441315867  132276993  0  974658995  114917  36967  0  125765  157  124320  2205  255943620  2147483647  0  38611  0  0  0  205  368825  2147483647  0  360  242  2147483647  0  10197652  0  56185129  200678795  152977  581  35743  41106  28657  1603  498739038  
1441315867  132276993  0  974658995  114917  36967  0  125765  157  124320  2205  255943620  2147483647  0  38611  0  0  0  205  368825  2147483647  0  360  242  2147483647  0  10197652  0  56185129  200678795  152977  581  35743  41106  28657  1603  498739038  
1441315868  133950460  0  986486471  114917  36967  0  127525  157  125823  2205  261936130  2147483647  0  38611  0  0  0  205  375298  2147483647  0  360  242  2147483647  0  10197652  0  56185129  200678795  154480  581  35743  41106  28657  1603  503918457  
1441315869  135229323  0  1003633240  114917  36967  0  128746  157  128022  2205  265725812  2147483647  0  38611  0  0  0  205  379243  2147483647  0  361  242  2147483647  0  10197652  0  58615575  209851436  157757  581  35743  41106  29735  1603  515373742  
1441315870  139298044  0  1084028388  114917  36967  0  132660  157  140762  2180  271788470  2147483647  0  38611  0  0  0  205  389894  2147483647  0  369  242  2147483647  0  10197652  0  59074943  271563107  181600  581  43010  41106  40838  1603  580634606  
1441315870  139298044  0  1084028388  114917  36967  0  132660  157  140762  2180  271788470  2147483647  0  38611  0  0  0  205  389894  2147483647  0  369  242  2147483647  0  10197652  0  59074943  271563107  181600  581  43010  41106  40838  1603  580634606  
1441315871  140381914  0  1115875814  114917  36967  0  133786  157  145592  2180  274515249  2147483647  0  38611  0  0  0  205  394148  2147483647  0  371  242  2147483647  0  10197652  0  59086521  279511736  188440  581  43010  41106  42848  1603  599700675  
1441315871  141259138  0  1137989911  114917  36967  0  134746  157  148279  2180  278045375  2147483647  0  38611  0  0  0  205  397794  2147483647  0  373  242  2147483647  0  10197652  0  59484608  292282196  192631  581  43010  41106  44352  1603  614683472  
1441315872  142629634  0  1165687632  114917  36967  0  136303  157  152897  2180  282849074  2147483647  0  38611  0  0  0  205  404223  2147483647  0  378  242  2147483647  0  10197652  0  68157399  321100278  201626  581  43010  41106  48729  1603  640108212  
1441315872  146149490  0  1179931648  114917  36967  0  139407  157  154628  2180  287923689  2147483647  0  38611  0  0  0  205  409698  2147483647  0  378  242  2147483647  0  10197652  0  68157399  321100278  203357  581  43010  41106  48729  1603  646250910  
1441315873  149568629  0  1190915264  114917  36967  0  142607  157  156242  2180  292484854  2147483647  0  38611  0  0  0  205  414466  2147483647  0  380  242  2147483647  0  10197652  0  68161151  327693038  205743  581  43010  41106  49501  1603  653900216  
1441315873  152832506  0  1218312522  114917  36967  0  145407  157  159850  2180  294671878  2147483647  0  38611  0  0  0  205  416646  2147483647  0  385  242  2147483647  0  10197652  0  68174791  327880231  209370  581  43010  41106  49520  1603  666088091  
1441315874  152832506  0  1218312522  114917  36967  0  145407  157  159850  2180  294671878  2147483647  0  38611  0  0  0  205  416646  2147483647  0  385  242  2147483647  0  10197652  0  68174791  327880231  209370  581  43010  41106  49520  1603  666088091  
1441315875  155438572  0  1260380318  696725  36967  0  147748  157  164533  2180  295516484  2147483647  0  38611  0  0  0  205  417763  2147483647  0  386  242  2147483647  0  10197652  0  68177767  327880231  214053  581  43010  691129  49520  1603  683713093  
1441315875  156756112  0  1288267883  696725  36967  0  149135  157  167742  2180  297113137  2147483647  0  38611  0  0  0  205  419595  2147483647  0  386  242  2147483647  0  10197652  0  68177767  327880231  217262  581  43010  691129  49520  1603  694552291  
1441315876  159772803  0  1331898209  696725  36967  0  152397  157  173264  2180  300552648  2147483647  0  38611  0  0  0  205  424444  2147483647  0  392  242  2147483647  0  10197652  0  79208942  363396680  227137  581  43010  691129  53873  1603  728343259  
1441315876  160523774  0  1351552209  696725  36967  0  153133  157  175820  2180  303292080  2147483647  0  38611  0  0  0  205  427372  2147483647  0  392  242  2147483647  0  10197652  0  79208942  363396680  229693  581  43010  691129  53873  1603  736981904  
1441315877  163760410  0  1398479960  696725  36967  0  156280  157  183895  1890  309975939  2147483647  0  38611  0  0  0  205  434922  2147483647  0  394  242  2147483647  0  10197652  0  79212020  415783886  245986  581  43010  691129  62091  1603  781950356  
1441315877  166672086  0  1434560790  696725  36967  0  158902  157  188232  1890  313363525  2147483647  0  38611  0  0  0  205  438314  2147483647  0  396  242  2147483647  0  10197652  0  79219584  428260368  251827  581  43010  691129  63595  1603  803031378  
1441315878  169654166  0  1471067673  696725  36967  0  161762  157  193021  1890  317837091  2147483647  0  38611  0  0  0  205  443044  2147483647  0  398  242  2147483647  0  10197652  0  79226420  449708217  259189  581  43010  691129  66168  1603  828405203  
1441315878  169654166  0  1471067673  696725  36967  0  161762  157  193021  1890  317837091  2147483647  0  38611  0  0  0  205  443044  2147483647  0  398  242  2147483647  0  10197652  0  79226420  449708217  259189  581  43010  691129  66168  1603  828405203  
1441315879  171478342  0  1516091265  696725  36967  0  163792  157  200901  1890  322525908  2147483647  0  38611  0  0  0  205  448854  2147483647  0  399  242  2147483647  0  10197652  0  83070110  494521989  274813  581  114188  691129  73912  1603  869203310  
1441315879  173319914  0  1527948704  696725  36967  0  165360  157  202431  1890  326410440  2147483647  0  38611  0  0  0  205  453364  2147483647  0  400  242  2147483647  0  10197652  0  83073613  494521989  276343  581  114188  691129  73912  1603  874295297  
1441315880  174679188  0  1551728912  696725  36967  0  166544  157  205398  1890  328060060  2147483647  0  38611  0  0  0  205  455138  2147483647  0  400  242  2147483647  0  10197652  0  83073613  494521989  279310  581  114188  691129  73912  1603  884679731  
1441315880  178005324  0  1574095724  696725  36967  0  169328  157  208495  1890  328511864  2147483647  0  38611  0  0  0  205  455782  2147483647  0  403  242  2147483647  0  10197652  0  83431453  494521989  282407  581  114188  691129  73912  1603  894076004  
1441315881  178762910  0  1625218391  696725  36967  0  170064  157  214414  1890  331960473  2147483647  0  38611  0  0  0  205  459871  2147483647  0  404  242  2147483647  0  10197652  0  84748814  514172024  290630  581  114188  691129  76216  1603  923404783  
1441315881  180628703  0  1655533508  696725  36967  0  171793  157  217787  1890  335053593  2147483647  0  38611  0  0  0  205  463110  2147483647  0  406  242  2147483647  0  10197652  0  84753123  514437987  294035  581  114188  691129  76248  1603  935542548  
1441315882  180628703  0  1655533508  696725  36967  0  171793  157  217787  1890  335053593  2147483647  0  38611  0  0  0  205  463110  2147483647  0  406  242  2147483647  0  10197652  0  84753123  514437987  294035  581  114188  691129  76248  1603  935542548  
1441315882  182982063  0  1694048361  696725  36967  0  173767  157  222096  1890  337907899  2147483647  0  38611  0  0  0  205  466421  2147483647  0  408  242  2147483647  0  10197652  0  86041282  523485434  299431  581  114188  691129  77335  1603  954913294  
1441315883  183701183  0  1719687803  696725  36967  0  174441  157  225373  1890  340800259  2147483647  0  38611  0  0  0  205  469358  2147483647  0  408  242  2147483647  0  10197652  0  86041282  525467319  303335  581  114188  691129  77962  1603  966503964  
1441315883  184346339  0  1747019588  696725  36967  0  175145  157  229970  1890  341730584  2147483647  0  38611  0  0  0  205  470369  2147483647  0  410  242  2147483647  0  10197652  0  86042534  532760648  310062  581  114188  691129  80092  1603  982179947  
1441315884  185939837  0  1775466856  696725  36967  0  176745  157  233920  1890  347399054  2147483647  0  38611  0  0  0  205  476689  2147483647  0  412  242  2147483647  0  10197652  0  86045978  571515713  319235  581  114188  691129  85315  1603  1011321595  
1441315884  186548596  0  1823036849  696725  36967  0  177871  157  241792  1890  354233719  2147483647  0  38611  0  0  0  205  493199  2147483647  0  420  242  2147483647  0  10197652  0  89948268  664078744  342850  581  114188  691129  101058  1603  1075161611  
1441315885  187422330  0  1835086445  696725  36967  0  178863  157  243437  1890  357738116  2147483647  0  38611  0  0  0  205  497822  2147483647  0  423  242  2147483647  0  10197652  0  92912830  684052388  347485  581  114188  691129  104048  1603  1089357977  
1441315885  187422330  0  1835086445  696725  36967  0  178863  157  243437  1890  357738116  2147483647  0  38611  0  0  0  205  497822  2147483647  0  423  242  2147483647  0  10197652  0  92912830  684052388  347485  581  114188  691129  104048  1603  1089357977  
1441315886  189053202  0  1866230825  696725  36967  0  180655  157  247659  1890  360318060  2147483647  0  38611  0  0  0  205  501312  2147483647  0  425  242  2147483647  0  10197652  0  92917698  684052388  351707  581  114188  691129  104048  1603  1103110288  
1441315886  192734860  0  1897817665  696725  36967  0  183823  157  251684  1890  363059025  2147483647  0  38611  0  0  0  205  504466  2147483647  0  425  242  2147483647  0  10197652  0  92917698  684052388  355732  581  114188  691129  104048  1603  1117011338  
1441315887  195103303  0  1928222065  696725  36967  0  185782  157  255341  1890  364931263  2147483647  0  38611  0  0  0  205  506459  2147483647  0  426  242  2147483647  0  10197652  0  92921356  691929874  360333  581  114188  691129  104992  1603  1133553691  
1441315887  195235465  0  1953697728  696725  36967  0  185986  157  258673  1890  367058566  2147483647  0  38611  0  0  0  205  508910  2147483647  0  426  242  2147483647  0  10197652  0  92921356  691929874  363665  581  114188  691129  104992  1603  1144858754  
1441315888  195894333  0  2000501944  696725  36967  0  186786  157  265724  1890  368347741  2147483647  0  38611  0  0  0  205  510372  2147483647  0  429  242  2147483647  0  10197652  0  92937999  706914160  373191  581  114188  691129  107467  1603  1172910233  
1441315888  196129981  0  2025907266  696725  36967  0  186978  157  268978  1890  370687873  2147483647  0  38611  0  0  0  205  512967  2147483647  0  429  242  2147483647  0  10197652  0  92937999  706914160  376445  581  114188  691129  107467  1603  1184096905  
1441315889  197735196  0  2058855126  696725  36967  0  188484  157  273499  1742  374963318  2147483647  0  38611  0  0  0  205  520407  2147483647  0  435  242  2147483647  0  10197652  0  98402970  734745734  386404  581  114188  691129  112905  1603  1211431625  
1441315889  197735196  0  2058855126  696725  36967  0  188484  157  273499  1742  374963318  2147483647  0  38611  0  0  0  205  520407  2147483647  0  435  242  2147483647  0  10197652  0  98402970  734745734  386404  581  114188  691129  112905  1603  1211431625  
1441315890  199703190  0  2088552268  696725  36967  0  190564  157  277049  1742  377832911  2147483647  0  38611  0  0  0  205  524302  2147483647  0  437  242  2147483647  0  10197652  0  99088250  734745734  389954  581  114188  691129  112905  1603  1224372512  
1441315891  200811605  0  2090706709  696725  36967  0  191556  157  277290  1742  380162436  2147483647  0  38611  0  0  0  205  526664  2147483647  0  437  242  2147483647  0  10197652  0  99088250  734745734  390195  581  114188  691129  112905  1603  1225232663  
1441315891  201721958  0  2112578355  696725  36967  0  192420  157  282097  1742  385087108  2147483647  0  38611  0  0  0  205  534348  2147483647  0  444  242  2147483647  0  10197652  0  104110184  769427007  402431  581  114188  691129  120334  1603  1252271030  
1441315892  203359932  0  2116143562  696725  36967  0  194063  157  282721  1742  390810330  2147483647  0  38611  0  0  0  205  540397  2147483647  0  444  242  2147483647  0  10197652  0  104110184  769659385  403076  581  114188  691129  120355  1603  1253905313  
1441315892  205715478  0  2139735028  696725  36967  0  196037  157  285556  1742  393243199  2147483647  0  38611  0  0  0  205  543445  2147483647  0  444  242  2147483647  0  10197652  0  104110184  769659385  405911  581  114188  691129  120355  1603  1264170306  
1441315893  206205624  0  2143815086  696725  36967  0  196741  157  286070  1742  401899356  2147483647  0  38611  0  0  0  205  553466  2147483647  0  449  242  2147483647  0  10197652  0  104955679  808807001  411248  581  114188  691129  125178  1603  1282989675  
1441315893  206205624  0  2143815086  696725  36967  0  196741  157  286070  1742  401899356  2147483647  0  38611  0  0  0  205  553466  2147483647  0  449  242  2147483647  0  10197652  0  104955679  808807001  411248  581  114188  691129  125178  1603  1282989675  
1441315894  206984706  0  2170943164  696725  36967  0  197413  157  289512  1742  403802164  2147483647  0  38611  0  0  0  205  555436  2147483647  0  449  242  2147483647  0  10197652  0  104955679  808807001  414690  581  114188  691129  125178  1603  1294922597  
1441315894  208791302  0  2196890694  696725  36967  0  199077  157  292718  1742  406495404  2147483647  0  38611  0  0  0  205  558435  2147483647  0  450  242  2147483647  0  10197652  0  106191618  808807001  417896  581  114188  691129  125178  1603  1306121937  
1441315895  210562641  0  2211416255  696725  36967  0  200681  157  294693  1742  410313297  2147483647  0  38611  0  0  0  205  562757  2147483647  0  453  242  2147483647  0  10197652  0  106205413  808940507  419904  581  114188  691129  125211  1603  1312565628  
1441315895  211807968  0  2241923062  696725  36967  0  201769  157  298694  1742  413026155  2147483647  0  38611  0  0  0  205  565593  2147483647  0  455  242  2147483647  0  10197652  0  108198572  818036733  424988  581  114188  691129  126294  1603  1330017748  
1441315896  213944640  0  2276405862  696725  36967  0  204089  157  303313  1742  416210871  2147483647  0  38611  0  0  0  205  569029  2147483647  0  455  242  2147483647  0  10197652  0  108198572  847745724  433194  581  114188  691129  129881  1603  1357785332  
1441315896  217212427  0  2279939360  696725  36967  0  207321  157  303865  1742  418454163  2147483647  0  38611  0  0  0  205  571874  2147483647  0  455  242  2147483647  0  10197652  0  108198572  847745724  433746  581  114188  691129  129881  1603  1359312398  
1441315897  217212427  0  2279939360  696725  36967  0  207321  157  303865  1742  418454163  2147483647  0  38611  0  0  0  205  571874  2147483647  0  455  242  2147483647  0  10197652  0  108198572  847745724  433746  581  114188  691129  129881  1603  1359312398  
1441315897  224134776  0  2306134530  696725  36967  0  213792  157  307170  1742  420998945  2147483647  0  38611  0  0  0  205  574797  2147483647  0  455  242  2147483647  0  10197652  0  108198572  847745724  437051  581  114188  691129  129881  1603  1370656855  
1441315898  225364186  0  2346472598  696725  36967  0  215204  157  313439  1742  425033718  2147483647  0  38611  0  0  0  205  579852  2147483647  0  464  242  2147483647  0  10197652  0  117023497  867281203  446653  581  114188  691129  133214  1603  1397232371  
1441315898  225364186  0  2359426666  696725  36967  0  215204  157  315097  1742  431084400  2147483647  0  38611  0  0  0  205  586317  2147483647  0  464  242  2147483647  0  10197652  0  117023497  867281203  448311  581  114188  691129  133214  1603  1402918625  
1441315899  226655132  0  2379185429  696725  36967  0  216516  157  317580  1742  436556062  2147483647  0  38611  0  0  0  205  592006  2147483647  0  465  242  2147483647  0  10197652  0  117026442  878417695  452074  581  114188  691129  134494  1603  1416345127  
1441315899  227517297  0  2397990133  696725  36967  0  217316  157  319919  1742  439355025  2147483647  0  38611  0  0  0  205  595349  2147483647  0  465  242  2147483647  0  10197652  0  117026442  880217023  454619  581  114188  691129  134700  1603  1425219033  
1441315902  229244998  0  2440319967  696725  36967  0  218863  157  325193  1742  440632231  2147483647  0  38611  0  0  0  205  596662  2147483647  0  466  242  2147483647  0  10197652  0  117029929  884592555  460411  581  114188  691129  135218  1603  1445668132  
1441315903  238892843  0  2559091697  696725  36967  0  227985  157  342522  1742  460135694  2147483647  0  38611  0  0  0  205  619318  2147483647  0  474  242  2147483647  0  10197652  0  118825359  977121105  492255  581  114188  691129  149733  1603  1539936983  
1441315903  240382232  0  2572957452  696725  36967  0  229489  157  344278  1742  464916393  2147483647  0  38611  0  0  0  205  624474  2147483647  0  478  242  2147483647  0  10197652  0  124129312  977121105  494011  581  114188  691129  149733  1603  1545952698  
1441315904  243683331  0  2601005206  696725  36967  0  232753  157  349008  1742  467992325  2147483647  0  38611  0  0  0  205  628640  2147483647  0  478  242  2147483647  0  10197652  0  124129312  985596444  501325  581  114188  691129  152317  1603  1562988316  
1441315904  246402192  0  2616839384  696725  36967  0  235217  157  350961  1742  471446130  2147483647  0  38611  0  0  0  205  632216  2147483647  0  480  242  2147483647  0  10197652  0  124134133  985596444  503278  581  114188  691129  152317  1603  1569857040  
1441315905  247704705  0  2647396491  696725  36967  0  236426  157  354864  1742  472987512  2147483647  0  38611  0  0  0  205  633913  2147483647  0  482  242  2147483647  0  10197652  0  124139434  996313894  508398  581  114188  691129  153534  1603  1587825275  
1441315905  248753601  0  2672376052  696725  36967  0  237290  157  358155  1742  474032383  2147483647  0  38611  0  0  0  205  635069  2147483647  0  482  242  2147483647  0  10197652  0  124139434  996313894  511689  581  114188  691129  153534  1603  1598711964  
1441315906  249424670  0  2680836653  696725  36967  0  238026  157  359141  1742  474234056  2147483647  0  38611  0  0  0  205  635255  2147483647  0  482  242  2147483647  0  10197652  0  124139434  997122330  512763  581  114188  691129  153622  1603  1602662693  
1441315906  249424670  0  2680836653  696725  36967  0  238026  157  359141  1742  474234056  2147483647  0  38611  0  0  0  205  635255  2147483647  0  482  242  2147483647  0  10197652  0  124139434  997122330  512763  581  114188  691129  153622  1603  1602662693  
