#type:G;
#time  Rt  Nm  Tt  Nc  Rx  Gz  Pc  Pf  Ra  Te  Pm  Fp  Fc  Ta  Fm  Om  Lm  Oc  Sm  Sc  Em  Af  Ea  Cf  Ec  Gd  Zt  Et  Ep  dedup_put_diff  total_eph_put_diff  dedup_factor  dedup_curr  compression_saving  tze_saving  
1441315807  0  0  4969  0  0  0  0  0  0  4895  0  0  0  0  0  0  0  0  0  0  0  0  0  0  0  0  0  0  0  0  0  0 0 0 0 
1441315808  0  0  4972  0  0  0  0  0  0  4896  0  0  0  0  0  0  0  0  0  0  0  0  0  0  0  0  0  0  0  0  0  0 0 0 0 
1441315808  0  0  4973  0  0  0  0  0  0  4896  0  0  0  0  0  0  0  0  0  0  0  0  0  0  0  0  0  0  0  0  0  0 0 0 0 
1441315809  0  0  4973  0  0  0  0  0  0  4896  0  0  0  0  0  0  0  0  0  0  0  0  0  0  0  0  0  0  0  0  0  0 0 0 0 
1441315809  0  0  4974  0  0  0  0  0  0  4896  0  0  0  0  0  0  0  0  0  0  0  0  0  0  0  0  0  0  0  0  0  0 0 0 0 
1441315810  0  0  4975  0  0  0  0  0  0  4896  0  0  0  0  0  0  0  0  0  0  0  0  0  0  0  0  0  0  0  0  0  0 0 0 0 
1441315810  0  0  4976  0  0  0  0  0  0  4896  0  0  0  0  0  0  0  0  0  0  0  0  0  0  0  0  0  0  0  0  0  0 0 0 0 
1441315811  0  0  4977  0  0  0  0  0  0  4896  0  0  0  0  0  0  0  0  0  0  0  0  0  0  0  0  0  0  0  0  0  0 0 0 0 
1441315811  0  0  4978  0  0  0  0  0  0  4896  0  0  0  0  0  0  0  0  0  0  0  0  0  0  0  0  0  0  0  0  0  0 0 0 0 
1441315812  0  0  4979  0  0  0  0  0  0  4896  0  0  0  0  0  0  0  0  0  0  0  0  0  0  0  0  0  0  0  0  0  0 0 0 0 
1441315812  0  0  4979  0  0  0  0  0  0  4896  0  0  0  0  0  0  0  0  0  0  0  0  0  0  0  0  0  0  0  0  0  0 0 0 0 
1441315813  0  0  4980  0  0  0  0  0  0  4896  0  0  0  0  0  0  0  0  0  0  0  0  0  0  0  0  0  0  0  0  0  0 0 0 0 
1441315813  0  0  4981  0  0  0  0  0  0  4896  0  0  0  0  0  0  0  0  0  0  0  0  0  0  0  0  0  0  0  0  0  0 0 0 0 
1441315814  0  0  4982  0  0  0  0  0  0  4896  0  0  0  0  0  0  0  0  0  0  0  0  0  0  0  0  0  0  0  0  0  0 0 0 0 
1441315814  0  0  4983  0  0  0  0  0  0  4896  0  0  0  0  0  0  0  0  0  0  0  0  0  0  0  0  0  0  0  0  0  0 0 0 0 
1441315815  0  0  4984  0  0  0  0  0  0  4896  0  0  0  0  0  0  0  0  0  0  0  0  0  0  0  0  0  0  0  0  0  0 0 0 0 
1441315815  0  0  4985  0  0  0  0  0  0  4896  0  0  0  0  0  0  0  0  0  0  0  0  0  0  0  0  0  0  0  0  0  0 0 0 0 
1441315816  0  0  4986  0  0  0  0  0  0  4896  0  0  0  0  0  0  0  0  0  0  0  0  0  0  0  0  0  0  0  0  0  0 0 0 0 
1441315816  0  0  4986  0  0  0  0  0  0  4896  0  0  0  0  0  0  0  0  0  0  0  0  0  0  0  0  0  0  0  0  0  0 0 0 0 
1441315817  0  0  4987  0  0  0  0  0  0  4896  0  0  0  0  0  0  0  0  0  0  0  0  0  0  0  0  0  0  0  0  0  0 0 0 0 
1441315817  0  0  4988  0  0  0  0  0  0  4896  0  0  0  0  0  0  0  0  0  0  0  0  0  0  0  0  0  0  0  0  0  0 0 0 0 
1441315818  0  234  8913  201  0  0  2879  0  0  5009  3421  0  2879  555  3421  354  0  225  0  0  3421  0  0  0  2879  0  0  0  3421  0  3421  0.0  100.0  0 0 
1441315818  0  234  9165  183  0  0  2708  0  0  5009  3421  0  2708  728  3421  354  0  192  0  0  3421  0  0  0  2708  0  0  0  3421  0  0  0.0  100.0  0 0 
1441315819  0  234  9359  179  0  0  2617  0  0  5009  3421  0  2617  819  3421  354  0  190  0  0  3421  0  0  0  2617  0  0  0  3421  0  0  0.0  100.0  0 0 
1441315819  0  234  9360  179  0  0  2617  0  0  5009  3421  0  2617  819  3421  354  0  190  0  0  3421  0  0  0  2617  0  0  0  3421  0  0  0.0  100.0  0 0 
1441315820  0  234  9360  179  0  0  2617  0  0  5009  3421  0  2617  819  3421  354  0  190  0  0  3421  0  0  0  2617  0  0  0  3421  0  0  0.0  100.0  0 0 
1441315820  0  234  9361  179  0  0  2617  0  0  5009  3421  0  2617  819  3421  354  0  190  0  0  3421  0  0  0  2617  0  0  0  3421  0  0  0.0  100.0  0 0 
1441315821  0  234  9362  179  0  0  2617  0  0  5009  3421  0  2617  819  3421  354  0  190  0  0  3421  0  0  0  2617  0  0  0  3421  0  0  0.0  100.0  0 0 
1441315821  0  234  9363  179  0  0  2617  0  0  5009  3421  0  2617  819  3421  354  0  190  0  0  3421  0  0  0  2617  0  0  0  3421  0  0  0.0  100.0  0 0 
1441315822  0  234  9364  179  0  0  2617  0  0  5009  3421  0  2617  819  3421  354  0  190  0  0  3421  0  0  0  2617  0  0  0  3421  0  0  0.0  100.0  0 0 
1441315822  0  234  9364  179  0  0  2617  0  0  5009  3421  0  2617  819  3421  354  0  190  0  0  3421  0  0  0  2617  0  0  0  3421  0  0  0.0  100.0  0 0 
1441315823  0  234  9365  179  0  0  2617  0  0  5009  3421  0  2617  819  3421  354  0  190  0  0  3421  0  0  0  2617  0  0  0  3421  0  0  0.0  100.0  0 0 
1441315823  0  234  9366  179  0  0  2617  0  0  5009  3421  0  2617  819  3421  354  0  190  0  0  3421  0  0  0  2617  0  0  0  3421  0  0  0.0  100.0  0 0 
1441315824  0  234  9367  179  0  0  2617  0  0  5009  3421  0  2617  819  3421  354  0  190  0  0  3421  0  0  0  2617  0  0  0  3421  0  0  0.0  100.0  0 0 
1441315824  0  234  14983  209  0  0  3027  0  0  5009  3421  0  3027  409  3421  354  0  227  0  0  3421  0  0  0  3027  0  0  0  3831  0  410  0.0  100.0  0 0 
1441315825  0  234  14983  209  0  0  3027  0  0  5009  3421  0  3027  409  3421  354  0  227  0  0  3421  0  0  0  3027  0  0  0  3831  0  0  0.0  100.0  0 0 
1441315825  0  234  21029  209  0  0  3027  0  0  5009  3421  0  3027  409  3421  354  0  227  0  0  3421  0  0  0  3027  0  0  0  3831  0  0  0.0  100.0  0 0 
1441315826  0  234  29225  209  0  0  3027  0  0  5009  3421  0  3027  409  3421  354  0  227  0  0  3421  0  0  0  3027  0  0  0  3831  0  0  0.0  100.0  0 0 
1441315826  0  234  36231  209  0  0  3027  0  0  5009  3421  0  3027  409  3421  354  0  227  0  0  3421  0  0  0  3027  0  0  0  3831  0  0  0.0  100.0  0 0 
1441315827  0  234  46765  209  0  0  3027  0  0  5009  3421  0  3027  409  3421  354  0  227  0  0  3421  0  0  0  3027  0  0  0  3831  0  0  0.0  100.0  0 0 
1441315828  0  234  58089  209  0  0  3027  0  0  5009  3421  0  3027  409  3421  354  0  227  0  0  3421  0  0  0  3027  0  0  0  3831  0  0  0.0  100.0  0 0 
1441315828  0  234  58089  209  0  0  3027  0  0  5009  3421  0  3027  409  3421  354  0  227  0  0  3421  0  0  0  3027  0  0  0  3831  0  0  0.0  100.0  0 0 
1441315829  0  234  64843  209  0  0  3027  0  0  5009  3421  0  3027  409  3421  354  0  227  0  0  3421  0  0  0  3027  0  0  0  3831  0  0  0.0  100.0  0 0 
1441315829  0  234  72663  209  0  0  3027  0  0  5009  3421  0  3027  409  3421  354  0  227  0  0  3421  0  0  0  3027  0  0  0  3831  0  0  0.0  100.0  0 0 
1441315830  0  234  80929  209  0  0  3027  0  0  5009  3421  0  3027  409  3421  354  0  227  0  0  3421  0  0  0  3027  0  0  0  3831  0  0  0.0  100.0  0 0 
1441315830  0  234  106988  208  0  0  3698  0  0  5009  3698  0  3698  0  3698  354  0  225  0  0  3698  0  0  0  3698  0  0  0  4584  0  753  0.0  100.0  0 0 
1441315831  0  234  122666  208  0  0  3682  0  0  5009  3698  0  3682  16  3698  354  0  225  0  0  3698  0  0  0  3682  0  0  0  4584  0  0  0.0  100.0  0 0 
1441315831  0  234  122666  208  0  0  3682  0  0  5009  3698  0  3682  16  3698  354  0  225  0  0  3698  0  0  0  3682  0  0  0  4584  0  0  0.0  100.0  0 0 
1441315832  0  234  130460  208  0  0  3682  0  0  5009  3698  0  3682  16  3698  354  0  225  0  0  3698  0  0  0  3682  0  0  0  4584  0  0  0.0  100.0  0 0 
1441315832  0  234  139576  229  0  0  4072  0  0  5009  4072  0  4072  0  4072  354  0  230  0  0  4072  0  0  0  4072  0  0  0  4974  0  390  0.0  100.0  0 0 
1441315833  0  246  147473  246  0  0  4394  0  0  5009  4394  0  4394  0  4394  354  0  233  0  0  4394  0  0  0  4394  0  0  0  5296  0  322  0.0  100.0  0 0 
1441315833  0  256  152939  256  0  0  4528  0  0  5009  4528  0  4528  0  4528  354  0  234  0  0  4528  0  0  0  4528  0  0  0  5430  0  134  0.0  100.0  0 0 
1441315834  0  261  161112  261  0  0  4632  0  0  5009  4632  0  4632  0  4632  354  0  234  0  0  4632  0  0  0  4632  0  0  0  5534  0  104  0.0  100.0  0 0 
1441315834  0  261  168134  261  0  0  4632  0  0  5009  4632  0  4632  0  4632  354  0  234  0  0  4632  0  0  0  4632  0  0  0  5534  0  0  0.0  100.0  0 0 
1441315835  0  261  168134  261  0  0  4632  0  0  5009  4632  0  4632  0  4632  354  0  234  0  0  4632  0  0  0  4632  0  0  0  5534  0  0  0.0  100.0  0 0 
1441315835  0  267  177594  267  0  0  4698  0  0  5009  4698  0  4698  0  4698  354  0  236  0  0  4698  0  0  0  4698  0  0  0  5600  0  66  0.0  100.0  0 0 
1441315836  0  269  183791  269  0  0  4723  0  0  5009  4723  0  4723  0  4723  354  0  236  0  0  4723  0  0  0  4723  0  0  0  5625  0  25  0.0  100.0  0 0 
1441315836  0  286  192240  286  0  0  5016  0  0  5009  5016  0  5016  0  5016  354  0  242  0  0  5016  0  0  0  5016  0  0  0  5918  0  293  0.0  100.0  0 0 
1441315838  0  301  200997  301  0  0  5483  0  0  5009  5483  0  5483  0  5483  354  0  242  0  0  5483  0  0  0  5483  0  0  0  6385  0  467  0.0  100.0  0 0 
1441315839  0  437  224585  437  0  0  13401  0  0  5009  13401  0  13401  0  13401  354  0  246  0  0  13401  0  0  0  13401  0  0  0  14335  0  7950  0.0  100.0  0 0 
1441315839  0  437  224585  437  0  0  13401  0  0  5009  13401  0  13401  0  13401  354  0  246  0  0  13401  0  0  0  13401  0  0  0  14335  0  0  0.0  100.0  0 0 
1441315840  0  483  232057  483  0  0  15740  0  0  5009  15740  0  15740  0  15740  354  0  246  0  0  15740  0  0  0  15740  0  0  0  16674  0  2339  0.0  100.0  0 0 
1441315840  0  537  240631  537  0  0  18189  0  0  5009  18189  0  18189  0  18189  354  0  246  0  0  18189  0  0  0  18189  0  0  0  19123  0  2449  0.0  100.0  0 0 
1441315841  0  557  249449  557  0  0  18845  0  0  5009  18845  0  18845  0  18845  354  0  246  0  0  18845  0  0  0  18845  0  0  0  19779  0  656  0.0  100.0  0 0 
1441315841  0  573  261024  573  0  0  18545  0  0  5009  19210  0  18545  683  19210  354  0  249  0  0  19210  0  0  0  18545  0  0  0  22041  0  2262  0.0  100.0  0 0 
1441315842  0  642  269498  642  0  0  21912  0  0  5009  21912  0  21912  0  21912  354  0  250  0  0  21912  0  0  0  21912  0  0  0  25408  0  3367  0.0  100.0  0 0 
1441315842  0  662  279202  662  0  0  23044  0  0  5009  23044  0  23044  0  23044  354  0  249  0  0  23044  0  0  0  23044  0  0  0  27168  0  1760  0.0  100.0  0 0 
1441315843  0  662  279202  662  0  0  23044  0  0  5009  23044  0  23044  0  23044  354  0  249  0  0  23044  0  0  0  23044  0  0  0  27168  0  0  0.0  100.0  0 0 
1441315843  0  721  286139  721  0  0  26421  0  0  5009  26421  0  26421  0  26421  354  0  250  0  0  26421  0  0  0  26421  0  0  0  30550  0  3382  0.0  100.0  0 0 
1441315844  0  751  292131  751  0  0  28087  0  0  5009  28087  0  28087  0  28087  354  0  250  0  0  28087  0  0  0  28087  0  0  0  32216  0  1666  0.0  100.0  0 0 
1441315844  0  774  296933  774  0  0  29250  0  0  5009  29250  0  29250  0  29250  354  0  250  0  0  29250  0  0  0  29250  0  0  0  33379  0  1163  0.0  100.0  0 0 
1441315845  0  797  310099  651  0  0  23981  0  0  5009  29830  0  23981  5922  29830  354  0  248  0  0  29830  0  0  0  23981  0  0  0  34032  0  653  0.0  100.0  0 0 
1441315845  0  797  319108  643  0  0  23682  0  0  5009  29830  0  23682  6248  29830  354  0  249  0  0  29830  0  0  0  23682  0  0  0  37283  0  3251  0.0  100.0  0 0 
1441315846  0  797  327073  687  0  0  27003  0  0  5009  29830  0  27003  2919  29830  354  0  251  0  0  29830  0  0  0  27003  0  0  0  40605  0  3322  0.0  100.0  0 0 
1441315846  0  797  327073  687  0  0  27003  0  0  5009  29830  0  27003  2919  29830  354  0  251  0  0  29830  0  0  0  27003  0  0  0  40605  0  0  0.0  100.0  0 0 
1441315847  0  797  334168  724  0  0  29192  0  0  5009  29830  0  29192  664  29830  354  0  251  0  0  29830  0  0  0  29192  0  0  0  42794  0  2189  0.0  100.0  0 0 
1441315847  0  797  342097  767  0  0  31975  0  0  5009  31975  0  31975  0  31975  354  0  252  0  0  31975  0  0  0  31975  0  0  0  45578  0  2784  0.0  100.0  0 0 
1441315848  0  816  349399  816  0  0  35280  0  0  5009  35280  0  35280  0  35280  354  0  252  0  0  35280  0  0  0  35280  0  0  0  48883  0  3305  0.0  100.0  0 0 
1441315848  0  888  357244  888  0  0  40553  0  0  5009  40553  0  40553  0  40553  354  0  255  0  0  40553  0  0  0  40553  0  0  0  54156  0  5273  0.0  100.0  0 0 
1441315849  0  965  365602  965  0  0  42413  0  0  5009  42413  0  42413  0  42413  354  0  255  0  0  42413  0  0  0  42413  0  0  0  56287  0  2131  0.0  100.0  0 0 
1441315849  0  974  371373  974  0  0  42653  0  0  5009  42653  0  42653  0  42653  354  0  255  0  0  42653  0  0  0  42653  0  0  0  56527  0  240  0.0  100.0  0 0 
1441315850  0  974  371373  974  0  0  42653  0  0  5009  42653  0  42653  0  42653  354  0  255  0  0  42653  0  0  0  42653  0  0  0  56527  0  0  0.0  100.0  0 0 
1441315850  0  985  375195  985  0  0  43493  0  0  5009  43493  0  43493  0  43493  354  0  255  0  0  43493  0  0  0  43493  0  0  0  57367  0  840  0.0  100.0  0 0 
1441315851  0  986  390415  971  0  0  42658  0  0  5009  43715  0  42658  1080  43715  354  0  254  0  0  43715  0  0  0  42658  0  0  0  60349  0  2982  0.0  100.0  0 0 
1441315851  0  986  397154  974  0  0  42893  0  0  5009  43715  0  42893  845  43715  354  0  254  0  0  43715  0  0  0  42893  0  0  0  60584  0  235  0.0  100.0  0 0 
1441315852  0  1013  404947  1013  0  0  44966  0  0  5009  44966  0  44966  0  44966  354  0  258  0  0  44966  0  0  0  44966  0  0  0  62657  0  2073  0.0  100.0  0 0 
1441315852  0  1031  409597  1031  0  0  46205  0  0  5009  46205  0  46205  0  46205  354  0  258  0  0  46205  0  0  0  46205  0  0  0  63896  0  1239  0.0  100.0  0 0 
1441315853  0  1034  419191  1023  0  0  45005  0  0  5009  46280  0  45005  1312  46280  354  0  259  0  0  46280  0  0  0  45005  0  0  0  65542  0  1646  0.0  100.0  0 0 
1441315853  0  1034  419191  1023  0  0  45005  0  0  5009  46280  0  45005  1312  46280  354  0  259  0  0  46280  0  0  0  45005  0  0  0  65542  0  0  0.0  100.0  0 0 
1441315854  0  1051  425013  1051  0  0  47066  0  0  5009  47066  0  47066  0  47066  354  0  259  0  0  47066  0  0  0  47066  0  0  0  67603  0  2061  0.0  100.0  0 0 
1441315854  0  1051  434479  988  0  0  46097  0  0  5009  47066  0  46097  1002  47066  354  0  258  0  0  47066  0  0  0  46097  0  0  0  67603  0  0  0.0  100.0  0 0 
1441315855  0  1051  441574  999  0  0  46591  0  0  5009  47066  0  46591  495  47066  354  0  260  0  0  47066  0  0  0  46591  0  0  0  68097  0  494  0.0  100.0  0 0 
1441315855  0  1051  449448  1029  0  0  47972  0  0  5009  47972  0  47972  0  47972  354  0  264  0  0  47972  0  0  0  47972  0  0  0  69481  0  1384  0.0  100.0  0 0 
1441315856  0  1087  458029  1087  0  0  51290  0  0  5009  51290  0  51290  0  51290  354  0  264  0  0  51290  0  0  0  51290  0  0  0  72799  0  3318  0.0  100.0  0 0 
1441315856  0  1096  473927  893  0  0  39123  0  0  5009  51667  0  39123  12699  51667  354  0  261  0  0  51667  0  0  0  39123  0  0  0  74025  0  1226  0.0  100.0  0 0 
1441315857  0  1096  473927  893  0  0  39123  0  0  5009  51667  0  39123  12699  51667  354  0  261  0  0  51667  0  0  0  39123  0  0  0  74025  0  0  0.0  100.0  0 0 
1441315857  0  1096  483021  933  0  0  41342  0  0  5009  51667  0  41342  10480  51667  354  0  262  0  0  51667  0  0  0  41342  0  0  0  76245  0  2220  0.0  100.0  0 0 
1441315858  0  1096  491811  975  0  0  43846  0  0  5009  51667  0  43846  7976  51667  354  0  262  0  0  51667  0  0  0  43846  0  0  0  78749  0  2504  0.0  100.0  0 0 
1441315858  0  1096  503456  990  0  0  44118  0  0  5009  51667  0  44118  7718  51667  354  0  263  0  0  51667  0  0  0  44118  0  0  0  81060  0  2311  0.0  100.0  0 0 
1441315859  0  1096  511905  1068  0  0  48482  0  0  5009  51667  0  48482  3277  51667  354  0  263  0  0  51667  0  0  0  48482  0  0  0  85424  0  4364  0.0  100.0  0 0 
1441315859  0  1106  516373  1106  0  0  50912  0  0  5009  51667  0  50912  774  51667  354  0  263  0  0  51667  0  0  0  50912  0  0  0  87854  0  2430  0.0  100.0  0 0 
1441315860  0  1111  530898  1018  0  0  47380  0  0  5009  51667  0  47380  4410  51667  354  0  259  0  0  51667  0  0  0  47380  0  0  0  93127  0  5273  0.0  100.0  0 0 
1441315860  0  1111  530898  1018  0  0  47380  0  0  5009  51667  0  47380  4410  51667  354  0  259  0  0  51667  0  0  0  47380  0  0  0  93127  0  0  0.0  100.0  0 0 
1441315861  0  1111  537433  1080  0  0  51089  0  0  5009  51667  0  51089  596  51667  354  0  261  0  0  51667  0  0  0  51089  0  0  0  96836  0  3709  0.0  100.0  0 0 
1441315861  0  1111  546311  1035  0  0  48443  0  0  5009  51875  0  48443  3459  51875  354  0  259  0  0  51875  0  0  0  48443  0  0  0  98367  0  1531  0.0  100.0  0 0 
1441315862  0  1111  554170  1001  0  0  46453  0  0  5009  51875  0  46453  5505  51875  354  0  258  0  0  51875  0  0  0  46453  0  0  0  100674  0  2307  0.0  100.0  0 0 
1441315862  0  1111  569687  922  0  0  42518  0  0  5009  51875  0  42518  9492  51875  354  0  256  0  0  51875  0  0  0  42518  0  0  0  104735  0  4061  0.0  100.0  0 0 
1441315863  0  1111  577438  956  0  0  44829  0  0  5009  51875  0  44829  7181  51875  354  0  256  0  0  51875  0  0  0  44829  0  0  0  107046  0  2311  0.0  100.0  0 0 
1441315863  0  1111  584168  982  0  0  46634  0  0  5009  51875  0  46634  5376  51875  354  0  256  0  0  51875  0  0  0  46634  0  0  0  108861  0  1815  0.0  100.0  0 0 
1441315864  0  1111  584168  982  0  0  46634  0  0  5009  51875  0  46634  5376  51875  354  0  256  0  0  51875  0  0  0  46634  0  0  0  108861  0  0  0.0  100.0  0 0 
1441315864  0  1111  605319  984  0  0  45489  0  0  5009  51875  0  45489  6563  51875  354  0  259  0  0  51875  0  0  0  45489  0  0  0  114107  0  5246  0.0  100.0  0 0 
1441315865  0  1111  614142  962  0  0  43481  0  0  5009  51875  0  43481  8580  51875  354  0  259  0  0  51875  0  0  0  43481  0  0  0  115104  0  997  0.0  100.0  0 0 
1441315865  0  1111  620606  982  0  0  44366  0  0  5009  51875  0  44366  7695  51875  354  0  263  0  0  51875  0  0  0  44366  0  0  0  115989  0  885  0.0  100.0  0 0 
1441315866  0  1111  629003  1026  0  0  46490  0  0  5009  51875  0  46490  5543  51875  354  0  263  0  0  51875  0  0  0  46490  0  0  0  118113  0  2124  0.0  100.0  0 0 
1441315866  0  1111  641194  1015  0  0  45556  0  0  5009  51875  0  45556  6451  51875  354  0  261  0  0  51875  0  0  0  45556  0  0  0  121096  0  2983  0.0  100.0  0 0 
1441315867  0  1111  648033  1040  0  0  47221  0  0  5009  51875  0  47221  4750  51875  354  0  262  0  0  51875  0  0  0  47221  0  0  0  124320  0  3224  0.0  100.0  0 0 
1441315867  0  1111  648033  1040  0  0  47221  0  0  5009  51875  0  47221  4750  51875  354  0  262  0  0  51875  0  0  0  47221  0  0  0  124320  0  0  0.0  100.0  0 0 
1441315868  0  1111  657770  1073  0  0  48723  0  0  5009  51875  0  48723  3242  51875  354  0  263  0  0  51875  0  0  0  48723  0  0  0  125823  0  1503  0.0  100.0  0 0 
1441315869  0  1111  666215  1058  0  0  47839  0  0  5009  51875  0  47839  4123  51875  354  0  262  0  0  51875  0  0  0  47839  0  0  0  128022  0  2199  0.0  100.0  0 0 
1441315870  0  1111  704633  1045  0  0  48155  0  0  5009  51875  0  48155  3826  51875  354  0  258  0  0  51875  0  0  0  48155  0  0  0  140762  0  12740  0.0  100.0  0 0 
1441315870  0  1111  704633  1045  0  0  48155  0  0  5009  51875  0  48155  3826  51875  354  0  258  0  0  51875  0  0  0  48155  0  0  0  140762  0  0  0.0  100.0  0 0 
1441315871  0  1111  716856  1092  0  0  50975  0  0  5009  51875  0  50975  924  51875  354  0  259  0  0  51875  0  0  0  50975  0  0  0  145592  0  4830  0.0  100.0  0 0 
1441315871  0  1115  725656  1077  0  0  51900  0  0  5009  52683  0  51900  786  52683  354  0  257  0  0  52683  0  0  0  51900  0  0  0  148279  0  2687  0.0  100.0  0 0 
1441315872  0  1115  742643  961  0  0  44467  0  0  5009  52683  0  44467  8273  52683  354  0  257  0  0  52683  0  0  0  44467  0  0  0  152897  0  4618  0.0  100.0  0 0 
1441315872  0  1115  752954  990  0  0  46198  0  0  5009  52683  0  46198  6542  52683  354  0  258  0  0  52683  0  0  0  46198  0  0  0  154628  0  1731  0.0  100.0  0 0 
1441315873  0  1115  763311  1014  0  0  47040  0  0  5009  52683  0  47040  5703  52683  354  0  260  0  0  52683  0  0  0  47040  0  0  0  156242  0  1614  0.0  100.0  0 0 
1441315873  0  1115  771924  1068  0  0  50629  0  0  5009  52683  0  50629  2114  52683  354  0  260  0  0  52683  0  0  0  50629  0  0  0  159850  0  3608  0.0  100.0  0 0 
1441315874  0  1115  771924  1068  0  0  50629  0  0  5009  52683  0  50629  2114  52683  354  0  260  0  0  52683  0  0  0  50629  0  0  0  159850  0  0  0.0  100.0  0 0 
1441315875  0  1148  780067  1148  0  0  55312  0  0  5009  55312  0  55312  0  55312  354  0  261  0  0  55312  0  0  0  55312  0  0  0  164533  0  4683  0.0  100.0  0 0 
1441315875  0  1197  786496  1197  0  0  58521  0  0  5009  58521  0  58521  0  58521  354  0  261  0  0  58521  0  0  0  58521  0  0  0  167742  0  3209  0.0  100.0  0 0 
1441315876  0  1225  804489  1069  0  0  50535  0  0  5009  60380  0  50535  9909  60380  354  0  260  0  0  60380  0  0  0  50535  0  0  0  173264  0  5522  0.0  100.0  0 0 
1441315876  0  1225  810710  1112  0  0  53091  0  0  5009  60380  0  53091  7353  60380  354  0  260  0  0  60380  0  0  0  53091  0  0  0  175820  0  2556  0.0  100.0  0 0 
1441315877  0  1225  837703  1126  0  0  52948  0  0  5009  60380  0  52948  7535  60380  354  0  261  0  0  60380  0  0  0  52948  0  0  0  183895  0  8075  0.0  100.0  0 0 
1441315877  0  1225  849561  1168  0  0  55781  0  0  5009  60380  0  55781  4702  60380  354  0  261  0  0  60380  0  0  0  55781  0  0  0  188232  0  4337  0.0  100.0  0 0 
1441315878  0  1225  864516  1203  0  0  57997  0  0  5009  60380  0  57997  2452  60380  354  0  263  0  0  60380  0  0  0  57997  0  0  0  193021  0  4789  0.0  100.0  0 0 
1441315878  0  1225  864516  1203  0  0  57997  0  0  5009  60380  0  57997  2452  60380  354  0  263  0  0  60380  0  0  0  57997  0  0  0  193021  0  0  0.0  100.0  0 0 
1441315879  0  1225  887982  1147  0  0  55061  0  0  5009  60380  0  55061  5400  60380  354  0  262  0  0  60380  0  0  0  55061  0  0  0  200901  0  7880  0.0  100.0  0 0 
1441315879  0  1225  895592  1172  0  0  56591  0  0  5009  60380  0  56591  3870  60380  354  0  263  0  0  60380  0  0  0  56591  0  0  0  202431  0  1530  0.0  100.0  0 0 
1441315880  0  1225  901518  1212  0  0  59558  0  0  5009  60380  0  59558  846  60380  354  0  263  0  0  60380  0  0  0  59558  0  0  0  205398  0  2967  0.0  100.0  0 0 
1441315880  0  1241  908047  1237  0  0  61626  0  0  5009  61924  0  61626  298  61924  354  0  262  0  0  61924  0  0  0  61626  0  0  0  208495  0  3097  0.0  100.0  0 0 
1441315881  0  1285  921097  1269  0  0  64217  0  0  5009  64870  0  64217  663  64870  354  0  261  0  0  64870  0  0  0  64217  0  0  0  214414  0  5919  0.0  100.0  0 0 
1441315881  0  1323  929473  1323  0  0  67558  0  0  5009  67558  0  67558  0  67558  354  0  263  0  0  67558  0  0  0  67558  0  0  0  217787  0  3373  0.0  100.0  0 0 
1441315882  0  1323  929473  1323  0  0  67558  0  0  5009  67558  0  67558  0  67558  354  0  263  0  0  67558  0  0  0  67558  0  0  0  217787  0  0  0.0  100.0  0 0 
1441315882  0  1366  940157  1346  0  0  69756  0  0  5009  70709  0  69756  956  70709  354  0  261  0  0  70709  0  0  0  69756  0  0  0  222096  0  4309  0.0  100.0  0 0 
1441315883  0  1387  947673  1385  0  0  72406  0  0  5009  72485  0  72406  82  72485  354  0  261  0  0  72485  0  0  0  72406  0  0  0  225373  0  3277  0.0  100.0  0 0 
1441315883  0  1433  956118  1432  0  0  74873  0  0  5009  74958  0  74873  87  74958  354  0  262  0  0  74958  0  0  0  74873  0  0  0  229970  0  4597  0.0  100.0  0 0 
1441315884  0  1452  973214  1420  0  0  73600  0  0  5009  76060  0  73600  2494  76060  354  0  262  0  0  76060  0  0  0  73600  0  0  0  233920  0  3950  0.0  100.0  0 0 
1441315884  0  1452  1014474  1185  0  0  57268  0  0  5009  76060  0  57268  19105  76060  354  0  261  0  0  76060  0  0  0  57268  0  0  0  241792  0  7872  0.0  100.0  0 0 
1441315885  0  1452  1024728  1071  0  0  50451  0  0  5009  76060  0  50451  25978  76060  354  0  258  0  0  76060  0  0  0  50451  0  0  0  243437  0  1645  0.0  100.0  0 0 
1441315885  0  1452  1024728  1071  0  0  50451  0  0  5009  76060  0  50451  25978  76060  354  0  258  0  0  76060  0  0  0  50451  0  0  0  243437  0  0  0.0  100.0  0 0 
1441315886  0  1452  1034235  1149  0  0  54673  0  0  5009  76060  0  54673  21756  76060  354  0  260  0  0  76060  0  0  0  54673  0  0  0  247659  0  4222  0.0  100.0  0 0 
1441315886  0  1452  1044583  1205  0  0  58697  0  0  5009  76060  0  58697  17732  76060  354  0  261  0  0  76060  0  0  0  58697  0  0  0  251684  0  4025  0.0  100.0  0 0 
1441315887  0  1452  1053138  1245  0  0  61410  0  0  5009  76060  0  61410  15023  76060  354  0  261  0  0  76060  0  0  0  61410  0  0  0  255341  0  3657  0.0  100.0  0 0 
1441315887  0  1452  1059126  1287  0  0  64742  0  0  5009  76060  0  64742  11654  76060  354  0  261  0  0  76060  0  0  0  64742  0  0  0  258673  0  3332  0.0  100.0  0 0 
1441315888  0  1452  1070918  1348  0  0  69318  0  0  5009  76060  0  69318  6943  76060  354  0  261  0  0  76060  0  0  0  69318  0  0  0  265724  0  7051  0.0  100.0  0 0 
1441315888  0  1452  1076960  1398  0  0  72572  0  0  5009  76060  0  72572  3591  76060  354  0  261  0  0  76060  0  0  0  72572  0  0  0  268978  0  3254  0.0  100.0  0 0 
1441315889  0  1452  1095872  1175  0  0  59549  0  0  5009  76060  0  59549  16659  76060  354  0  258  0  0  76060  0  0  0  59549  0  0  0  273499  0  4521  0.0  100.0  0 0 
1441315889  0  1452  1095872  1175  0  0  59549  0  0  5009  76060  0  59549  16659  76060  354  0  258  0  0  76060  0  0  0  59549  0  0  0  273499  0  0  0.0  100.0  0 0 
1441315890  0  1452  1105400  1204  0  0  60969  0  0  5009  76060  0  60969  15250  76060  354  0  262  0  0  76060  0  0  0  60969  0  0  0  277049  0  3550  0.0  100.0  0 0 
1441315891  0  1452  1108996  1212  0  0  61210  0  0  5009  76060  0  61210  15009  76060  354  0  263  0  0  76060  0  0  0  61210  0  0  0  277290  0  241  0.0  100.0  0 0 
1441315891  0  1452  1129788  1027  0  0  49035  0  0  5009  76060  0  49035  27464  76060  354  0  259  0  0  76060  0  0  0  49035  0  0  0  282097  0  4807  0.0  100.0  0 0 
1441315892  0  1452  1138126  1045  0  0  49638  0  0  5009  76060  0  49638  26861  76060  354  0  261  0  0  76060  0  0  0  49638  0  0  0  282721  0  624  0.0  100.0  0 0 
1441315892  0  1452  1145984  1087  0  0  52473  0  0  5009  76060  0  52473  24026  76060  354  0  261  0  0  76060  0  0  0  52473  0  0  0  285556  0  2835  0.0  100.0  0 0 
1441315893  0  1452  1162052  992  0  0  45935  0  0  5009  76060  0  45935  30589  76060  354  0  260  0  0  76060  0  0  0  45935  0  0  0  286070  0  514  0.0  100.0  0 0 
1441315893  0  1452  1162052  992  0  0  45935  0  0  5009  76060  0  45935  30589  76060  354  0  260  0  0  76060  0  0  0  45935  0  0  0  286070  0  0  0.0  100.0  0 0 
1441315894  0  1452  1168137  1047  0  0  49377  0  0  5009  76060  0  49377  27147  76060  354  0  260  0  0  76060  0  0  0  49377  0  0  0  289512  0  3442  0.0  100.0  0 0 
1441315894  0  1452  1176008  1081  0  0  51639  0  0  5009  76060  0  51639  24887  76060  354  0  259  0  0  76060  0  0  0  51639  0  0  0  292718  0  3206  0.0  100.0  0 0 
1441315895  0  1452  1183946  1111  0  0  53581  0  0  5009  76060  0  53581  22945  76060  354  0  260  0  0  76060  0  0  0  53581  0  0  0  294693  0  1975  0.0  100.0  0 0 
1441315895  0  1452  1192957  1059  0  0  51059  0  0  5009  76060  0  51059  25471  76060  354  0  259  0  0  76060  0  0  0  51059  0  0  0  298694  0  4001  0.0  100.0  0 0 
1441315896  0  1452  1206920  1077  0  0  52091  0  0  5009  76060  0  52091  24458  76060  354  0  261  0  0  76060  0  0  0  52091  0  0  0  303313  0  4619  0.0  100.0  0 0 
1441315896  0  1452  1213550  1088  0  0  52643  0  0  5009  76060  0  52643  23906  76060  354  0  262  0  0  76060  0  0  0  52643  0  0  0  303865  0  552  0.0  100.0  0 0 
1441315897  0  1452  1213550  1088  0  0  52643  0  0  5009  76060  0  52643  23906  76060  354  0  262  0  0  76060  0  0  0  52643  0  0  0  303865  0  0  0.0  100.0  0 0 
1441315897  0  1452  1226250  1155  0  0  55948  0  0  5009  76060  0  55948  20601  76060  354  0  262  0  0  76060  0  0  0  55948  0  0  0  307170  0  3305  0.0  100.0  0 0 
1441315898  0  1452  1242329  1030  0  0  47620  0  0  5009  76060  0  47620  29049  76060  354  0  259  0  0  76060  0  0  0  47620  0  0  0  313439  0  6269  0.0  100.0  0 0 
1441315898  0  1452  1250453  1050  0  0  49278  0  0  5009  76060  0  49278  27391  76060  354  0  259  0  0  76060  0  0  0  49278  0  0  0  315097  0  1658  0.0  100.0  0 0 
1441315899  0  1452  1261219  1065  0  0  50480  0  0  5009  76060  0  50480  26191  76060  354  0  260  0  0  76060  0  0  0  50480  0  0  0  317580  0  2483  0.0  100.0  0 0 
1441315899  0  1452  1267908  1094  0  0  52613  0  0  5009  76060  0  52613  24067  76060  354  0  259  0  0  76060  0  0  0  52613  0  0  0  319919  0  2339  0.0  100.0  0 0 
1441315902  0  1452  1276562  1172  0  0  57368  0  0  5009  76060  0  57368  19251  76060  354  0  262  0  0  76060  0  0  0  57368  0  0  0  325193  0  5274  0.0  100.0  0 0 
1441315903  0  1452  1340194  1189  0  0  57603  0  0  5009  76060  0  57603  18784  76060  354  0  260  0  0  76060  0  0  0  57603  0  0  0  342522  0  17329  0.0  100.0  0 0 
1441315903  0  1452  1348615  1153  0  0  55160  0  0  5009  76060  0  55160  21239  76060  354  0  259  0  0  76060  0  0  0  55160  0  0  0  344278  0  1756  0.0  100.0  0 0 
1441315904  0  1452  1363360  1198  0  0  57306  0  0  5009  76060  0  57306  19135  76060  354  0  261  0  0  76060  0  0  0  57306  0  0  0  349008  0  4730  0.0  100.0  0 0 
1441315904  0  1452  1371356  1230  0  0  59259  0  0  5009  76060  0  59259  17182  76060  354  0  262  0  0  76060  0  0  0  59259  0  0  0  350961  0  1953  0.0  100.0  0 0 
1441315905  0  1452  1379385  1271  0  0  61945  0  0  5009  76060  0  61945  14497  76060  354  0  264  0  0  76060  0  0  0  61945  0  0  0  354864  0  3903  0.0  100.0  0 0 
1441315905  0  1452  1384697  1317  0  0  65236  0  0  5009  76060  0  65236  11144  76060  354  0  264  0  0  76060  0  0  0  65236  0  0  0  358155  0  3291  0.0  100.0  0 0 
1441315906  0  1452  1386694  1326  0  0  66134  0  0  5009  76060  0  66134  10220  76060  354  0  263  0  0  76060  0  0  0  66134  0  0  0  359141  0  986  0.0  100.0  0 0 
1441315906  0  1452  1386694  1326  0  0  66134  0  0  5009  76060  0  66134  10220  76060  354  0  263  0  0  76060  0  0  0  66134  0  0  0  359141  0  0  0.0  100.0  0 0 
