#Type:X;CI:1;ww:0;ca:0;co:1;fr:0;Type:X;CI:1;PI:0;PT:EP;U0:0;U1:0;Type:X;CI:1;PI:1;PT:EP;U0:0;U1:0;
#time  Pp  gt  gs  cn  cm  cb  Nc  Pc  cp  Tc  Nm  pr  ps  pt  px  pd  Pm  Om  fs  ft  Oc  Em  Gp  Ec  Ge  ot  os  Total_cycles_diff  Successful_get_diff  Total_get_diff  succ_put_diff  total_put_diff  get_hit  
1441326606  0  0  0  0  0  0  0  0  0  3805206  0  0  0  0  0  0  0  0  0  21  0  0  0  0  0  46  0  3805206  0  0  0  0  
1441326607  0  0  0  0  0  0  0  0  0  3813638  0  0  0  0  0  0  0  0  0  21  0  0  0  0  0  47  0  8432  0  0  0  0  0 
1441326607  0  0  0  0  0  0  0  0  0  3813638  0  0  0  0  0  0  0  0  0  21  0  0  0  0  0  47  0  0  0  0  0  0  0 
1441326608  0  0  0  0  0  0  0  0  0  3813638  0  0  0  0  0  0  0  0  0  21  0  0  0  0  0  47  0  0  0  0  0  0  0 
1441326609  0  0  0  0  0  0  0  0  0  3813638  0  0  0  0  0  0  0  0  0  21  0  0  0  0  0  47  0  0  0  0  0  0  0 
1441326609  0  0  0  0  0  0  0  0  0  3813638  0  0  0  0  0  0  0  0  0  21  0  0  0  0  0  47  0  0  0  0  0  0  0 
1441326610  0  0  0  0  0  0  0  0  0  3813638  0  0  0  0  0  0  0  0  0  21  0  0  0  0  0  47  0  0  0  0  0  0  0 
1441326610  0  0  0  0  0  0  0  0  0  3813638  0  0  0  0  0  0  0  0  0  21  0  0  0  0  0  47  0  0  0  0  0  0  0 
1441326611  0  0  0  0  0  0  0  0  0  3813638  0  0  0  0  0  0  0  0  0  21  0  0  0  0  0  47  0  0  0  0  0  0  0 
1441326611  0  0  0  0  0  0  0  0  0  3813638  0  0  0  0  0  0  0  0  0  21  0  0  0  0  0  47  0  0  0  0  0  0  0 
1441326612  0  0  0  0  0  0  0  0  0  3813638  0  0  0  0  0  0  0  0  0  21  0  0  0  0  0  47  0  0  0  0  0  0  0 
1441326612  0  0  0  0  0  0  0  0  0  3813638  0  0  0  0  0  0  0  0  0  21  0  0  0  0  0  47  0  0  0  0  0  0  0 
1441326613  0  0  0  0  0  0  0  0  0  3813638  0  0  0  0  0  0  0  0  0  21  0  0  0  0  0  47  0  0  0  0  0  0  0 
1441326613  0  0  0  0  0  0  0  0  0  3813638  0  0  0  0  0  0  0  0  0  21  0  0  0  0  0  47  0  0  0  0  0  0  0 
1441326614  0  0  0  0  0  0  0  0  0  3813638  0  0  0  0  0  0  0  0  0  21  0  0  0  0  0  47  0  0  0  0  0  0  0 
1441326614  0  0  0  0  0  0  0  0  0  3813638  0  0  0  0  0  0  0  0  0  21  0  0  0  0  0  47  0  0  0  0  0  0  0 
1441326615  0  0  0  0  0  0  0  0  0  3813638  0  0  0  0  0  0  0  0  0  21  0  0  0  0  0  47  0  0  0  0  0  0  0 
1441326615  0  0  0  0  0  0  0  0  0  3813638  0  0  0  0  0  0  0  0  0  21  0  0  0  0  0  47  0  0  0  0  0  0  0 
1441326616  0  0  0  0  0  0  0  0  0  3813638  0  0  0  0  0  0  0  0  0  21  0  0  0  0  0  47  0  0  0  0  0  0  0 
1441326616  0  0  0  0  0  0  0  0  0  3813638  0  0  0  0  0  0  0  0  0  21  0  0  0  0  0  47  0  0  0  0  0  0  0 
1441326617  0  0  0  0  0  0  0  0  0  3813638  0  0  0  0  0  0  0  0  0  21  0  0  0  0  0  47  0  0  0  0  0  0  0 
1441326617  0  64  64  13  5  6722859  200  2861  2852  229043323  234  0  3417  3422  5  0  3417  354  0  107  222  3417  0  2861  64  253  129  225229685  64  64  3417  3422  100.0  
1441326618  0  311  229  13  5  6392012  182  2696  2687  242275746  234  0  3417  3422  5  0  3417  354  0  107  189  3417  0  2696  229  253  129  13232423  165  247  0  0  73.6334405145  
1441326618  0  504  317  13  5  6153654  178  2608  2602  251126303  234  0  3417  3422  5  0  3417  354  0  107  187  3417  0  2608  317  253  129  8850557  88  193  0  0  62.8968253968  
1441326619  0  504  317  13  5  6153654  178  2608  2602  251126303  234  0  3417  3422  5  0  3417  354  0  107  187  3417  0  2608  317  253  129  0  0  0  0  0  62.8968253968  
1441326619  0  504  317  13  5  6153654  178  2608  2602  251126303  234  0  3417  3422  5  0  3417  354  0  107  187  3417  0  2608  317  253  129  0  0  0  0  0  62.8968253968  
1441326620  0  504  317  13  5  6153654  178  2608  2602  251126303  234  0  3417  3422  5  0  3417  354  0  107  187  3417  0  2608  317  253  129  0  0  0  0  0  62.8968253968  
1441326620  0  504  317  13  5  6153654  178  2608  2602  251126303  234  0  3417  3422  5  0  3417  354  0  107  187  3417  0  2608  317  253  129  0  0  0  0  0  62.8968253968  
1441326621  0  504  317  13  5  6153654  178  2608  2602  251126303  234  0  3417  3422  5  0  3417  354  0  107  187  3417  0  2608  317  253  129  0  0  0  0  0  62.8968253968  
1441326621  0  504  317  13  5  6153654  178  2608  2602  251126303  234  0  3417  3422  5  0  3417  354  0  107  187  3417  0  2608  317  253  129  0  0  0  0  0  62.8968253968  
1441326622  0  504  317  13  5  6153654  178  2608  2602  251126303  234  0  3417  3422  5  0  3417  354  0  107  187  3417  0  2608  317  253  129  0  0  0  0  0  62.8968253968  
1441326622  0  504  317  13  5  6153654  178  2608  2602  251126303  234  0  3417  3422  5  0  3417  354  0  107  187  3417  0  2608  317  253  129  0  0  0  0  0  62.8968253968  
1441326623  0  504  317  13  5  6153654  178  2608  2602  251126303  234  0  3417  3422  5  0  3417  354  0  107  187  3417  0  2608  317  253  129  0  0  0  0  0  62.8968253968  
1441326623  0  504  317  13  5  6153654  178  2608  2602  251126303  234  0  3417  3422  5  0  3417  354  0  107  187  3417  0  2608  317  253  129  0  0  0  0  0  62.8968253968  
1441326624  0  504  317  13  6  6734797  204  2862  2856  269171055  234  0  3671  3677  6  0  3417  354  0  366  222  3417  0  2862  317  253  129  18044752  0  0  254  255  62.8968253968  
1441326624  0  504  317  32  17  7135663  208  3012  2987  283435767  234  0  3821  3838  17  0  3417  354  0  11544  224  3417  0  3012  317  253  129  14264712  0  0  150  161  62.8968253968  
1441326625  0  504  317  32  17  7135663  208  3012  2987  286110466  234  0  3821  3838  17  0  3417  354  0  22437  224  3417  0  3012  317  253  129  2674699  0  0  0  0  62.8968253968  
1441326625  0  504  317  32  17  7135663  208  3012  2987  286110466  234  0  3821  3838  17  0  3417  354  0  22437  224  3417  0  3012  317  253  129  0  0  0  0  0  62.8968253968  
1441326626  0  504  317  32  17  7135663  208  3012  2987  287830239  234  0  3821  3838  17  0  3417  354  0  29241  224  3417  0  3012  317  253  129  1719773  0  0  0  0  62.8968253968  
1441326626  0  586  398  32  17  6959646  205  2931  2906  296623008  234  0  3821  3838  17  0  3417  354  0  57605  220  3417  0  2931  398  253  129  8792769  81  82  0  0  67.9180887372  
1441326627  0  586  398  32  17  6959646  205  2931  2906  296623008  234  0  3821  3838  17  0  3417  354  0  57605  220  3417  0  2931  398  253  129  0  0  0  0  0  67.9180887372  
1441326627  0  732  401  32  17  6951390  204  2928  2903  307320891  234  0  3821  3838  17  0  3417  354  0  74690  220  3417  0  2928  401  253  129  10697883  3  146  0  0  54.781420765  
1441326628  0  1882  401  68  18  8710401  208  3680  3619  485633624  234  0  4573  4591  18  0  3680  354  0  79498  222  3680  0  3680  401  254  129  178312733  0  1150  752  753  21.307120085  
1441326628  0  1882  401  68  18  8710401  208  3680  3619  485633624  234  0  4573  4591  18  0  3680  354  0  79498  222  3680  0  3680  401  254  129  0  0  0  0  0  21.307120085  
1441326629  0  4314  401  264  18  8710401  222  3876  3619  566710432  234  0  4769  4787  18  0  3876  354  0  84740  226  3876  0  3876  401  255  129  81076808  0  2432  196  196  9.2953175707  
1441326629  0  7130  401  385  18  8781995  228  4020  3642  624339037  234  0  4913  4931  18  0  4020  354  0  90234  227  4020  0  4020  401  256  129  57628605  0  2816  144  144  5.62412342216  
1441326630  0  9260  413  510  18  8781995  234  4134  3642  680725103  234  0  5039  5057  18  0  4134  354  0  98789  228  4134  0  4134  413  263  129  56386066  12  2130  126  126  4.46004319654  
1441326630  0  11043  413  542  18  8781995  235  4166  3642  704167884  235  0  5071  5089  18  0  4166  354  0  107506  228  4166  0  4166  413  266  129  23442781  0  1783  32  32  3.73992574482  
1441326631  0  12671  447  542  18  8781995  231  4125  3642  708510018  235  0  5071  5089  18  0  4166  354  0  110254  226  4166  0  4125  447  270  130  4342134  34  1628  0  0  3.52774050983  
1441326631  0  15079  633  728  18  8776290  233  4125  3640  790050039  242  0  5257  5275  18  0  4309  354  0  115578  226  4309  0  4125  633  274  130  81540021  186  2408  186  186  4.19789110684  
1441326632  0  15079  633  728  18  8776290  233  4125  3640  790050039  242  0  5257  5275  18  0  4309  354  0  115578  226  4309  0  4125  633  274  130  0  0  0  0  0  4.19789110684  
1441326633  0  16191  633  832  19  8954525  244  4311  3722  857297883  244  0  5443  5462  19  0  4311  354  0  119207  231  4311  0  4311  633  274  130  67247844  0  1112  186  187  3.90957939596  
1441326633  0  17792  633  1154  19  8954525  252  4604  3722  914390824  252  0  5765  5784  19  0  4604  354  0  123454  230  4604  0  4604  633  278  131  57092941  0  1601  322  322  3.55777877698  
1441326634  0  19494  633  4153  19  8954525  297  7603  3722  1499584507  297  0  8764  8783  19  0  7603  354  0  125877  230  7603  0  7603  633  279  131  585193683  0  1702  2999  2999  3.24715297014  
1441326634  0  20514  633  5193  19  8954525  313  8643  3722  1721275951  313  0  9804  9823  19  0  8643  354  0  130561  231  8643  0  8643  633  279  131  221691444  0  1020  1040  1040  3.08569757239  
1441326635  0  22887  633  6893  19  8956457  354  10412  3791  2007254569  354  0  11573  11592  19  0  10412  354  0  134120  234  10412  0  10412  633  280  131  285978618  0  2373  1769  1769  2.7657622231  
1441326635  0  25863  633  8362  19  8962085  396  12082  3992  2356792832  396  0  13243  13262  19  0  12082  354  0  138332  237  12082  0  12082  633  280  131  349538263  0  2976  1670  1670  2.44751188957  
1441326636  0  25863  633  8362  19  8962085  396  12082  3992  2356792832  396  0  13243  13262  19  0  12082  354  0  138332  237  12082  0  12082  633  280  131  0  0  0  0  0  2.44751188957  
1441326636  0  28046  633  10055  19  8966875  428  13838  4055  2748089781  428  0  14999  15018  19  0  13838  354  0  140853  238  13838  0  13838  633  280  131  391296949  0  2183  1756  1756  2.25700634672  
1441326637  0  29138  633  10581  19  8968639  433  14074  4118  2873224049  438  0  15588  15607  19  0  14187  354  0  145616  237  14187  0  14074  633  285  132  125134268  0  1092  589  589  2.17242089368  
1441326637  0  31108  633  12310  19  8973567  465  15945  4294  3263838185  465  0  17551  17570  19  0  15945  354  0  148694  235  15945  0  15945  633  290  134  390614136  0  1970  1963  1963  2.03484634178  
1441326638  0  33232  633  13615  19  8981785  504  17430  4474  3534925857  504  0  19036  19055  19  0  17430  354  0  150052  238  17430  0  17430  633  290  134  271087672  0  2124  1485  1485  1.90479056331  
1441326638  0  40145  6072  15513  19  8994945  460  14176  4944  4003484597  543  0  21405  21424  19  0  18939  354  0  161302  237  18939  0  14176  6072  298  135  468558740  5439  6913  2369  2369  15.1251712542  
1441326639  0  41593  6336  16885  19  9020201  481  16450  5846  4409008110  543  0  24708  24727  19  0  18939  354  0  165279  236  18939  0  16450  6336  300  136  405523513  264  1448  3303  3303  15.2333325319  
1441326639  0  41593  6336  16885  19  9020201  481  16450  5846  4409008110  543  0  24708  24727  19  0  18939  354  0  165279  236  18939  0  16450  6336  300  136  0  0  0  0  0  15.2333325319  
1441326640  0  43032  6336  17746  19  9100813  536  20190  8725  4678637165  543  0  28448  28467  19  0  20190  354  0  167613  237  20190  0  20190  6336  301  136  269629055  0  1439  3740  3740  14.7239263804  
1441326640  0  46673  8576  19676  19  9109624  571  22336  8941  5135540320  571  0  32834  32853  19  0  22336  354  0  171566  239  22336  0  22336  8576  302  136  456903155  2240  3641  4386  4386  18.3746491548  
1441326641  0  49684  9852  24673  19  9110016  637  26139  8955  5880548031  637  0  37913  37932  19  0  26139  354  0  176946  240  26139  0  26139  9852  306  136  745007711  1276  3011  5079  5079  19.8293213107  
1441326641  0  56955  15890  26021  19  9081775  575  21958  7869  6138447205  637  0  39770  39789  19  0  26139  354  0  183380  240  26139  0  21958  15890  308  136  257899174  6038  7271  1857  1857  27.8992186814  
1441326642  0  59771  17000  27945  19  9146514  641  25069  10166  6592665519  641  0  43991  44010  19  0  26139  354  0  186205  241  26139  0  25069  17000  311  136  454218314  1110  2816  4221  4221  28.4418865336  
1441326642  0  61817  17000  30937  19  9198286  735  29910  12015  7138325449  735  0  48832  48851  19  0  29910  354  0  187675  242  29910  0  29910  17000  311  136  545659930  0  2046  4841  4841  27.5005257453  
1441326643  0  63716  17000  31091  19  9198286  737  30064  12015  7187851986  737  0  48986  49005  19  0  30064  354  0  189329  242  30064  0  30064  17000  311  136  49526537  0  1899  154  154  26.6808964781  
1441326643  0  63716  17000  31091  19  9198286  737  30064  12015  7187851986  737  0  48986  49005  19  0  30064  354  0  189329  242  30064  0  30064  17000  311  136  0  0  0  0  0  26.6808964781  
1441326644  0  64966  17000  33526  19  9199784  790  32666  12182  7695593497  790  0  51589  51608  19  0  32666  354  1  191964  242  32666  0  32666  17000  311  136  507741511  0  1250  2603  2603  26.1675337869  
1441326644  0  66141  17001  34389  19  9199920  811  33557  12210  7939646364  811  0  52481  52500  19  0  33557  354  1  196868  241  33557  0  33557  17001  311  136  244052867  1  1175  892  892  25.7041774391  
1441326645  0  66341  17001  34791  19  9200004  817  33962  12213  8016236634  817  0  52886  52905  19  0  33962  354  1  200241  241  33962  0  33962  17001  311  136  76590270  0  200  405  405  25.6266863629  
1441326645  0  67489  17004  35074  19  9201917  794  32545  12380  8127729437  821  0  53340  53359  19  0  34280  354  1  203576  241  34280  0  32545  17004  312  137  111492803  3  1148  454  454  25.1952169983  
1441326646  0  69860  17004  35668  19  9208301  804  33367  12608  8354719750  821  0  54162  54181  19  0  34280  354  1  207275  241  34280  0  33367  17004  316  137  226990313  0  2371  822  822  24.340108789  
1441326646  0  72459  17004  36058  19  9479444  823  33979  12830  8524718936  823  0  54774  54793  19  0  34280  354  1  208871  250  34280  0  33979  17004  316  137  169999186  0  2599  612  612  23.4670641328  
1441326647  0  72459  17004  36058  19  9479444  823  33979  12830  8524718936  823  0  54774  54793  19  0  34280  354  1  208871  250  34280  0  33979  17004  316  137  0  0  0  0  0  23.4670641328  
1441326647  0  75698  17974  37830  19  9572765  847  35854  12933  8847946570  847  0  57619  57638  19  0  35854  354  1  213629  248  35854  0  35854  17974  321  137  323227634  970  3239  2845  2845  23.7443525589  
1441326648  0  78038  17974  38431  19  9578453  874  36635  13113  9008181302  874  0  58400  58419  19  0  36635  354  1  219787  251  36635  0  36635  17974  323  137  160234732  0  2340  781  781  23.0323688459  
1441326648  0  84723  21946  40751  19  9606419  933  38200  16297  9517039453  933  0  63937  63956  19  0  38200  354  1  221405  254  38200  0  38200  21946  323  137  508858151  3972  6685  5537  5537  25.9032376096  
1441326649  0  88043  21946  41595  19  9628511  950  39833  17086  9728104702  950  0  65570  65589  19  0  39833  354  1  222992  254  39833  0  39833  21946  323  137  211065249  0  3320  1633  1633  24.9264563906  
1441326649  0  90087  21946  42085  19  9622771  873  34838  16881  9880115218  987  0  67452  67471  19  0  41680  354  1  224341  252  41680  0  34838  21946  326  139  152010516  0  2044  1882  1882  24.3608955787  
1441326650  0  90183  21946  42538  19  9643676  895  35037  17705  10054443699  987  0  68730  68749  19  0  41680  354  2  231128  251  41680  0  35037  21946  336  140  174328481  0  96  1278  1278  24.3349633523  
1441326650  0  90183  21946  42538  19  9643676  895  35037  17705  10054443699  987  0  68730  68749  19  0  41680  354  2  231128  251  41680  0  35037  21946  336  140  0  0  0  0  0  24.3349633523  
1441326651  0  90448  21946  43012  19  9677836  925  36731  18925  10239952428  987  0  70424  70443  19  0  41680  354  2  236093  251  41680  0  36731  21946  336  140  185508729  0  265  1694  1694  24.2636653105  
1441326651  0  95650  25935  48380  19  9767084  953  39310  19925  10958952539  987  0  76992  77011  19  0  41680  354  2  239522  254  41680  0  39310  25935  337  140  719000111  3989  5202  6568  6568  27.1144798745  
1441326652  0  97760  25936  50231  19  9861864  1006  44496  23260  11434236240  1006  0  82179  82198  19  0  44496  354  2  240541  253  44496  0  44496  25936  337  140  475283701  1  2110  5187  5187  26.5302782324  
1441326652  0  100233  25936  50327  19  9868080  1015  44814  23482  11482950467  1015  0  82497  82516  19  0  44814  354  2  244988  255  44814  0  44814  25936  337  140  48714227  0  2473  318  318  25.8757095966  
1441326653  0  103937  28200  50348  19  9752023  994  42813  21460  11595452948  1028  0  82760  82779  19  0  44905  354  2  252053  254  44905  0  42813  28200  342  140  112502481  2264  3704  263  263  27.1318202373  
1441326653  0  106638  28200  53015  19  9721055  954  41276  19776  12163127242  1032  0  86038  86057  19  0  45410  354  2  254482  252  45410  0  41276  28200  347  142  567674294  0  2701  3278  3278  26.4446069881  
1441326654  0  106638  28200  53015  19  9721055  954  41276  19776  12163127242  1032  0  86038  86057  19  0  45410  354  2  254482  252  45410  0  41276  28200  347  142  0  0  0  0  0  26.4446069881  
1441326654  0  111517  32147  55262  19  9807192  987  41711  21903  12498282069  1032  0  90420  90439  19  0  45410  354  2  260727  255  45410  0  41711  32147  349  142  335154827  3947  4879  4382  4382  28.8269949873  
1441326655  0  119830  38662  55841  19  9759563  874  34884  19935  12667520396  1032  0  94978  94997  19  0  45410  354  4  267756  254  45410  0  34884  38662  355  144  169238327  6515  8313  4558  4558  32.2640407244  
1441326655  0  123830  42424  60444  19  9829337  919  37567  18935  13463055115  1032  0  102344  102363  19  0  45410  354  4  271173  253  45410  0  37567  42424  356  145  795534719  3762  4000  7366  7366  34.2598724057  
1441326656  0  128579  46250  66334  19  9656157  909  37049  12527  14225257692  1032  0  108663  108682  19  0  45410  354  5  274629  252  45410  0  37049  46250  361  147  762202577  3826  4749  6319  6319  35.9701039828  
1441326656  0  129795  46250  68550  19  9683006  887  39153  12415  14602754768  1032  0  111426  111445  19  0  45410  354  5  282312  251  45410  0  39153  46250  363  148  377497076  0  1216  2763  2763  35.6331137563  
1441326657  0  129795  46250  68550  19  9683006  887  39153  12415  14602754768  1032  0  111426  111445  19  0  45410  354  5  282312  251  45410  0  39153  46250  363  148  0  0  0  0  0  35.6331137563  
1441326657  0  130886  46250  68550  19  9698994  894  39724  12986  14614617864  1032  0  111997  112016  19  0  45410  354  5  283054  251  45410  0  39724  46250  364  148  11863096  0  1091  571  571  35.3360940055  
1441326658  0  136773  50695  68806  19  9810591  872  39407  16856  14775668422  1032  0  116125  116144  19  0  45410  354  5  287840  251  45410  0  39407  50695  364  148  161050558  4445  5887  4128  4128  37.0650640112  
1441326658  0  137971  50695  68929  19  9826857  787  34539  17303  14851853076  1032  0  116832  116851  19  0  45410  354  5  291652  250  45410  0  34539  50695  367  150  76184654  0  1198  707  707  36.7432286495  
1441326659  0  148773  59144  71394  19  9639875  710  29491  11817  15521503699  1032  0  122277  122296  19  0  45410  354  6  298279  253  45410  0  29491  59144  368  151  669650623  8449  10802  5445  5445  39.7545253507  
1441326659  0  152570  59144  74388  19  9655214  784  32758  12090  16005730831  1032  0  125544  125563  19  0  45410  354  6  301479  255  45410  0  32758  59144  370  151  484227132  0  3797  3267  3267  38.7651569771  
1441326660  0  154036  59144  75726  19  9658042  811  34197  12191  16310302898  1032  0  126984  127003  19  0  45410  354  7  305237  255  45410  0  34197  59144  372  151  304572067  0  1466  1440  1440  38.3962190657  
1441326661  0  157076  59144  78103  19  9659077  848  35938  12201  16850384910  1032  0  129638  129657  19  0  45410  354  7  309462  254  45410  0  35938  59144  376  153  540082012  0  3040  2654  2654  37.6531105961  
1441326661  0  157076  59144  78103  19  9659077  848  35938  12201  16850384910  1032  0  129638  129657  19  0  45410  354  7  309462  254  45410  0  35938  59144  376  153  0  0  0  0  0  37.6531105961  
1441326662  0  159697  60319  79133  19  9708451  853  37279  13687  17210243555  1032  0  132355  132374  19  0  45410  354  7  313365  253  45410  0  37279  60319  381  154  359858645  1175  2621  2717  2717  37.7709036488  
1441326662  0  162353  61847  79362  19  9855411  916  42175  19784  17446120609  1032  0  138779  138798  19  0  45410  354  7  314370  252  45410  0  42175  61847  381  154  235877054  1528  2656  6424  6424  38.0941528644  
1441326663  0  165601  62444  80808  19  9850072  780  33787  21658  17896924819  1032  0  142200  142219  19  0  45410  354  7  317107  251  45410  0  33787  62444  386  157  450804210  597  3248  3421  3421  37.7075017663  
1441326663  0  168152  63097  82035  19  9889763  805  35457  22720  18284818951  1032  0  144523  144542  19  0  45410  354  7  320387  251  45410  0  35457  63097  386  157  387894132  653  2551  2323  2323  37.5237880013  
1441326664  0  173244  65641  82530  19  9851275  766  34432  21212  18472396787  1032  0  146042  146061  19  0  45410  354  7  327324  250  45410  0  34432  65641  390  157  187577836  2544  5092  1519  1519  37.8893352728  
1441326664  0  176265  65641  84275  19  9869390  813  36585  21620  18894863097  1032  0  148195  148214  19  0  45410  354  7  330424  252  45410  0  36585  65641  391  157  422466310  0  3021  2153  2153  37.2399512098  
1441326665  0  176265  65641  84275  19  9869390  813  36585  21620  18894863097  1032  0  148195  148214  19  0  45410  354  7  330424  252  45410  0  36585  65641  391  157  0  0  0  0  0  37.2399512098  
1441326665  0  178381  65641  84795  19  9874574  814  37090  21605  19080107350  1032  0  148900  148919  19  0  45410  354  7  335081  253  45410  0  37090  65641  395  158  185244253  0  2116  705  705  36.7982016022  
1441326666  0  179821  65641  86454  19  9884263  803  34981  21626  19397733639  1032  0  150581  150600  19  0  45410  354  7  336653  254  45410  0  34981  65641  396  159  317626289  0  1440  1681  1681  36.5035229478  
1441326666  0  181203  65641  88944  19  9917243  852  38103  22258  19962193081  1032  0  153703  153722  19  0  45410  354  7  339409  254  45410  0  38103  65641  396  159  564459442  0  1382  3122  3122  36.2251176857  
1441326667  0  182839  65641  91302  19  9957619  897  41001  22798  20532126491  1032  0  156601  156620  19  0  45410  354  7  342014  254  45410  0  41001  65641  396  159  569933410  0  1636  2898  2898  35.9009839257  
1441326667  0  186213  68247  91819  19  9964527  882  39017  22902  20737684408  1032  0  159463  159482  19  0  45410  354  7  345964  253  45410  0  39017  68247  405  160  205557917  2606  3374  2862  2862  36.6499653622  
1441326668  0  189412  70550  94572  19  9988876  903  40869  24290  21323694224  1032  0  163618  163637  19  0  45410  354  7  348942  253  45410  0  40869  70550  405  160  586009816  2303  3199  4155  4155  37.2468481406  
1441326668  0  191713  70550  96095  19  10031158  936  42983  24881  21798209719  1032  0  165732  165751  19  0  45410  354  7  356419  254  45410  0  42983  70550  408  160  474515495  0  2301  2114  2114  36.7997997006  
1441326669  0  191713  70550  96095  19  10031158  936  42983  24881  21798209719  1032  0  165732  165751  19  0  45410  354  7  356419  254  45410  0  42983  70550  408  160  0  0  0  0  0  36.7997997006  
1441326669  0  194845  71132  96413  19  10036733  928  42669  25516  21946756780  1032  0  166698  166717  19  0  45410  354  7  358743  254  45410  0  42669  71132  410  161  148547061  582  3132  966  966  36.5069670764  
1441326670  0  200493  74860  96817  19  9992871  887  40634  24256  22108135683  1032  0  168391  168410  19  0  45410  354  7  366880  256  45410  0  40634  74860  412  161  161378903  3728  5648  1693  1693  37.3379619239  
1441326670  0  211567  83319  103264  19  9857060  894  39546  16721  23045288037  1032  0  175762  175781  19  0  45410  354  7  371975  256  45410  0  39546  83319  412  161  937152354  8459  11074  7371  7371  39.3818506667  
1441326671  0  215325  84092  106585  19  10019832  1013  46090  19944  23662255427  1032  0  183079  183098  19  0  46090  354  7  372766  256  46090  0  46090  84092  415  161  616967390  773  3758  7317  7317  39.0535237432  
1441326671  0  217021  84092  106657  19  10046600  1025  47118  20900  23763772526  1032  0  186293  186312  19  0  47118  354  7  376824  256  47118  0  47118  84092  419  162  101517099  0  1696  3214  3214  38.7483238949  
1441326672  0  217021  84092  106657  19  10046600  1025  47118  20900  23763772526  1032  0  186293  186312  19  0  47118  354  7  376824  256  47118  0  47118  84092  419  162  0  0  0  0  0  38.7483238949  
1441326672  0  221762  85857  107116  19  10092235  961  43620  24131  24082778940  1032  0  191981  192000  19  0  47393  354  8  380717  256  47393  0  43620  85857  425  163  319006414  1765  4741  5688  5688  38.7158304849  
1441326673  0  229397  90826  108641  19  9969864  886  39013  20691  24515540230  1032  0  195162  195181  19  0  47393  354  8  388497  255  47393  0  39013  90826  429  164  432761290  4969  7635  3181  3181  39.5933687014  
1441326673  0  230078  90899  109987  19  9814117  918  40231  21567  24826421055  1032  0  197477  197496  19  0  47393  354  8  392879  255  47393  0  40231  90899  433  165  310880825  73  681  2315  2315  39.5079060145  
1441326674  0  232350  92435  111210  19  9566302  765  30578  13406  25136611774  1032  0  199769  199788  19  0  47393  354  8  397581  252  47393  0  30578  92435  437  168  310190719  1536  2272  2292  2292  39.7826554767  
1441326674  0  235326  94035  114614  19  9649711  818  33824  14844  25803848785  1032  0  204615  204634  19  0  47393  354  8  400440  253  47393  0  33824  94035  437  168  667237011  1600  2976  4846  4846  39.9594604931  
1441326675  0  236630  94283  115248  19  9689125  827  34640  17030  26012926886  1032  0  207471  207490  19  0  47393  354  8  404101  252  47393  0  34640  94283  440  169  209078101  248  1304  2856  2856  39.8440603474  
1441326675  0  239015  94283  115578  19  9702443  831  35225  17285  26098869352  1032  0  208056  208075  19  0  47393  354  8  407349  252  47393  0  35225  94283  440  169  85942466  0  2385  585  585  39.4464782545  
1441326676  0  243612  98016  117555  19  9819697  791  33663  17465  26486961196  1032  0  210227  210246  19  0  47393  354  8  414314  251  47393  0  33663  98016  442  169  388091844  3733  4597  2171  2171  40.2344712083  
1441326677  0  247078  99224  118251  19  9771940  747  31397  15711  26712289977  1032  0  211405  211424  19  0  47393  354  8  420966  250  47393  0  31397  99224  446  170  225328781  1208  3466  1178  1178  40.1589781365  
1441326677  0  248672  99224  120722  19  9802510  801  34325  16168  27189103580  1032  0  214333  214352  19  0  47393  354  8  424445  253  47393  0  34325  99224  448  170  476813603  0  1594  2928  2928  39.9015570712  
1441326678  0  252586  101598  122358  19  9768685  794  33888  14667  27665086890  1032  0  217550  217569  19  0  47393  354  8  429745  251  47393  0  33888  101598  449  171  475983310  2374  3914  3217  3217  40.2231319234  
1441326678  0  258396  105675  127633  19  9811030  826  35836  12876  28376673792  1032  0  223575  223594  19  0  47393  354  8  433747  250  47393  0  35836  105675  453  171  711586902  4077  5810  6025  6025  40.8965309061  
1441326679  0  263357  109629  129010  19  9714684  794  33196  8859  28838311727  1032  0  227193  227212  19  0  47393  354  8  439635  250  47393  0  33196  109629  454  172  461637935  3954  4961  3618  3618  41.6275246149  
1441326679  0  264077  109629  129010  19  9753464  821  34581  10244  28877294889  1032  0  228579  228598  19  0  47393  354  9  443011  250  47393  0  34581  109629  454  172  38983162  0  720  1386  1386  41.5140281054  
1441326680  0  264077  109629  129010  19  9753464  821  34581  10244  28877294889  1032  0  228579  228598  19  0  47393  354  9  443011  250  47393  0  34581  109629  454  172  0  0  0  0  0  41.5140281054  
1441326680  0  266084  109629  129763  19  9782456  852  36084  10994  29112210963  1032  0  230082  230101  19  0  47393  354  9  447186  253  47393  0  36084  109629  454  172  234916074  0  2007  1503  1503  41.2008989642  
1441326681  0  269654  110805  131467  19  9814282  880  37510  11891  29523540856  1032  0  232684  232703  19  0  47393  354  9  450240  252  47393  0  37510  110805  454  172  411329893  1176  3570  2602  2602  41.0915469453  
1441326681  0  273622  113108  131632  19  9879777  834  34107  16156  29692736031  1032  0  237216  237235  19  0  47393  354  9  454256  253  47393  0  34107  113108  462  173  169195175  2303  3968  4532  4532  41.3373193676  
1441326682  0  279959  118484  132356  19  9898040  819  33422  20081  29951937769  1032  0  241907  241926  19  0  47393  354  9  460279  253  47393  0  33422  118484  462  173  259201738  5376  6337  4691  4691  42.3219114227  
1441326682  0  281906  119055  132485  19  9902915  810  33265  20357  30018925461  1032  0  242321  242340  19  0  47393  354  9  465719  252  47393  0  33265  119055  464  173  66987692  571  1947  414  414  42.2321624939  
1441326683  0  283734  119055  134094  19  9934968  845  35910  21393  30324501591  1032  0  244966  244985  19  0  47393  354  9  469202  253  47393  0  35910  119055  467  173  305576130  0  1828  2645  2645  41.9600752818  
1441326683  0  283734  119055  134094  19  9934968  845  35910  21393  30324501591  1032  0  244966  244985  19  0  47393  354  9  469202  253  47393  0  35910  119055  467  173  0  0  0  0  0  41.9600752818  
1441326684  0  289411  122044  138510  19  9958393  898  38126  19193  31007051642  1032  0  250171  250190  19  0  47393  354  9  474498  255  47393  0  38126  122044  470  173  682550051  2989  5677  5205  5205  42.169786221  
1441326685  0  292100  122044  141966  19  10028351  937  41669  19280  31591512254  1032  0  253825  253844  19  0  47393  354  9  479068  255  47393  0  41669  122044  474  174  584460612  0  2689  3654  3654  41.7815816501  
1441326685  0  295012  122044  143385  19  10070608  974  43594  19786  31997938681  1032  0  255750  255769  19  0  47393  354  9  481554  257  47393  0  43594  122044  474  174  406426427  0  2912  1925  1925  41.3691646442  
1441326686  0  297924  122044  145020  19  10053547  989  44035  18592  32475459564  1032  0  258463  258482  19  0  47393  354  9  484501  257  47393  0  44035  122044  476  175  477520883  0  2912  2713  2713  40.9648098173  
1441326686  0  301417  124160  145848  19  9925969  949  39121  14886  32675218022  1059  0  261552  261571  19  0  47393  354  10  488293  256  47393  0  39121  124160  480  176  199758458  2116  3493  3089  3089  41.1921026352  
1441326687  0  305138  125924  146296  19  9927642  898  37898  14645  32947791244  1059  0  263524  263543  19  0  47393  354  10  493612  254  47393  0  37898  125924  482  177  272573222  1764  3721  1972  1972  41.2678853502  
1441326687  0  305138  125924  146296  19  9927642  898  37898  14645  32947791244  1059  0  263524  263543  19  0  47393  354  10  493612  254  47393  0  37898  125924  482  177  0  0  0  0  0  41.2678853502  
1441326688  0  307794  125924  147486  19  9984244  950  40039  15596  33325643897  1059  0  265665  265684  19  0  47393  354  10  497797  255  47393  0  40039  125924  484  177  377852653  0  2656  2141  2141  40.9117786572  
1441326688  0  311162  125924  149165  19  10088930  1000  43416  17294  33840588956  1059  0  269042  269061  19  0  47393  354  10  500998  256  47393  0  43416  125924  484  177  514945059  0  3368  3377  3377  40.4689518643  
1441326689  0  315341  127729  150705  19  10115593  1001  44011  16921  34287449236  1059  0  272013  272032  19  0  47393  354  10  505610  257  47393  0  44011  127729  488  178  446860280  1805  4179  2971  2971  40.5050405751  
1441326689  0  316782  127729  151458  19  10152594  1022  45591  17748  34594565050  1059  0  273593  273612  19  0  47393  354  10  508891  259  47393  0  45591  127729  490  178  307115814  0  1441  1580  1580  40.3207884286  
1441326690  0  319340  127729  152333  19  10098612  938  42358  15176  34768391396  1059  0  274885  274904  19  0  47393  354  10  514326  257  47393  0  42358  127729  493  180  173826346  0  2558  1292  1292  39.997807979  
1441326690  0  323363  130791  153856  19  10131789  948  43220  17532  35058284046  1059  0  278809  278828  19  0  47393  354  10  517709  257  47393  0  43220  130791  493  180  289892650  3062  4023  3924  3924  40.4471136153  
1441326691  0  323363  130791  153856  19  10131789  948  43220  17532  35058284046  1059  0  278809  278828  19  0  47393  354  10  517709  257  47393  0  43220  130791  493  180  0  0  0  0  0  40.4471136153  
1441326691  0  327850  133765  154533  19  10069387  882  39609  15443  35363792570  1059  0  280790  280809  19  0  47393  354  10  524020  255  47393  0  39609  133765  499  182  305508524  2974  4487  1981  1981  40.8006710386  
1441326692  0  331915  135564  155807  19  10116859  903  41313  17658  35683220245  1059  0  284294  284313  19  0  47393  354  11  528284  255  47393  0  41313  135564  501  182  319427675  1799  4065  3504  3504  40.8429869093  
1441326692  0  333967  135564  157518  19  10148182  939  43064  17698  36124071887  1059  0  286045  286064  19  0  47393  354  11  531356  257  47393  0  43064  135564  501  182  440851642  0  2052  1751  1751  40.5920345423  
1441326693  0  339899  139767  160492  19  9879024  720  30650  15793  36612258510  1059  0  289076  289095  19  0  47393  354  12  538208  254  47393  0  30650  139767  507  185  488186623  4203  5932  3031  3031  41.1201562817  
1441326693  0  344386  141567  164071  19  9859075  736  30724  12288  37182687549  1059  0  292998  293017  19  0  47393  354  12  542953  255  47393  0  30724  141567  513  186  570429039  1800  4487  3922  3922  41.107071716  
1441326694  0  346491  142335  168247  19  9922365  799  34799  12187  37942744526  1059  0  297841  297860  19  0  47393  354  12  545002  254  47393  0  34799  142335  516  186  760056977  768  2105  4843  4843  41.0789890647  
1441326694  0  346491  142335  168247  19  9922365  799  34799  12187  37942744526  1059  0  297841  297860  19  0  47393  354  12  545002  254  47393  0  34799  142335  516  186  0  0  0  0  0  41.0789890647  
1441326695  0  351532  146288  173262  19  9804670  739  32129  4505  38768266921  1059  0  302971  302990  19  0  47393  354  12  548445  253  47393  0  32129  146288  518  187  825522395  3953  5041  5130  5130  41.6144191709  
1441326695  0  355172  147464  176353  19  9862618  796  34180  4640  39322081891  1059  0  306198  306217  19  0  47393  354  12  553355  253  47393  0  34180  147464  520  187  553814970  1176  3640  3227  3227  41.519038663  
1441326696  0  359169  149253  178198  19  9929040  841  36747  7115  39737898573  1059  0  310554  310573  19  0  47393  354  12  556361  256  47393  0  36747  149253  522  187  415816682  1789  3997  4356  4356  41.5550896653  
1441326696  0  360669  149253  179147  19  9987518  837  36750  8473  40053101254  1059  0  312864  312883  19  0  47393  354  12  559596  255  47393  0  36750  149253  524  188  315202681  0  1500  2310  2310  41.3822646249  
1441326697  0  362022  149253  179265  19  10083334  886  40290  11895  40168555035  1059  0  316404  316423  19  0  47393  354  12  561119  255  47393  0  40290  149253  524  188  115453781  0  1353  3540  3540  41.2276049522  
1441326697  0  363910  149253  180163  19  10117445  920  42211  12918  40449965397  1059  0  318325  318344  19  0  47393  354  12  564790  256  47393  0  42211  149253  524  188  281410362  0  1888  1921  1921  41.0137121816  
1441326698  0  363910  149253  180163  19  10117445  920  42211  12918  40449965397  1059  0  318325  318344  19  0  47393  354  12  564790  256  47393  0  42211  149253  524  188  0  0  0  0  0  41.0137121816  
1441326698  0  366386  149253  181718  19  10105853  913  41812  13656  40869114380  1059  0  320659  320678  19  0  47393  354  12  568477  255  47393  0  41812  149253  526  189  419148983  0  2476  2334  2334  40.7365456104  
1441326699  0  374843  155081  184237  19  9992506  835  36298  9548  41316411213  1059  0  323802  323821  19  0  47393  354  12  575920  255  47393  0  36298  155081  530  190  447296833  5828  8457  3143  3143  41.3722545172  
1441326699  0  377531  155081  185132  19  10020565  866  37259  9614  41555669064  1059  0  324763  324782  19  0  47393  354  12  580177  257  47393  0  37259  155081  532  190  239257851  0  2688  961  961  41.0776863357  
1441326700  0  379807  155081  186896  19  10072643  901  39060  9651  41980230582  1059  0  326564  326583  19  0  47393  354  12  584457  257  47393  0  39060  155081  535  190  424561518  0  2276  1801  1801  40.8315275916  
1441326700  0  380991  155081  186898  19  9884087  784  32358  4890  41995452393  1059  0  326574  326593  19  0  47393  354  12  589588  254  47393  0  32358  155081  539  193  15221811  0  1184  10  10  40.7046360675  
1441326701  0  385303  158439  188908  19  9902785  767  31078  4867  42264041276  1059  0  328653  328672  19  0  47393  354  13  596072  253  47393  0  31078  158439  542  193  268588883  3358  4312  2079  2079  41.1206245474  
1441326701  0  385303  158439  188908  19  9902785  767  31078  4867  42264041276  1059  0  328653  328672  19  0  47393  354  13  596072  253  47393  0  31078  158439  542  193  0  0  0  0  0  41.1206245474  
1441326702  0  388828  160168  190965  19  9861090  710  29331  6167  42534382376  1059  0  332101  332120  19  0  47393  354  13  607141  251  47393  0  29331  160168  551  196  270341100  1729  3525  3448  3448  41.1925067125  
1441326702  0  391618  161486  192118  19  9856555  703  29147  5081  42755507696  1059  0  333489  333508  19  0  47393  354  13  608974  250  47393  0  29147  161486  554  197  221125320  1318  2790  1388  1388  41.2355918267  
1441326703  0  393169  162128  194121  19  9916469  722  31070  5001  43176266399  1059  0  336054  336073  19  0  47393  354  13  612912  249  47393  0  31070  162128  558  197  420758703  642  1551  2565  2565  41.2362114002  
1441326703  0  397071  165263  197982  19  9709727  717  31924  5011  43793072330  1059  0  340216  340235  19  0  47393  354  14  618564  250  47393  0  31924  165263  561  198  616805931  3135  3902  4162  4162  41.6205162301  
1441326704  0  398031  165263  200596  19  9795566  766  35107  5580  44330542093  1059  0  343399  343418  19  0  47393  354  14  621475  250  47393  0  35107  165263  561  198  537469763  0  960  3183  3183  41.520132854  
1441326704  0  398031  165263  200596  19  9795566  766  35107  5580  44330542093  1059  0  343399  343418  19  0  47393  354  14  621475  250  47393  0  35107  165263  561  198  0  0  0  0  0  41.520132854  
1441326705  0  403268  169180  200613  19  9772882  728  32279  6196  44479458126  1059  0  345728  345747  19  0  47393  354  14  627277  250  47393  0  32279  169180  563  200  148916033  3917  5237  2329  2329  41.9522501165  
1441326705  0  404388  169180  202958  19  9834870  782  35248  6820  44913372448  1059  0  348697  348716  19  0  47393  354  14  630722  251  47393  0  35248  169180  563  200  433914322  0  1120  2969  2969  41.8360584389  
1441326706  0  407809  170969  204434  19  9976956  788  35016  6865  45275742373  1059  0  350255  350274  19  0  47393  354  15  636283  250  47393  0  35016  170969  564  200  362369925  1789  3421  1558  1558  41.9237927559  
1441326706  0  409981  170969  206486  19  10020522  822  37102  6899  45806360226  1059  0  352341  352360  19  0  47393  354  15  640369  251  47393  0  37102  170969  564  200  530617853  0  2172  2086  2086  41.7016886148  
1441326707  0  411340  170969  206585  19  10025401  825  37203  6901  45826240305  1059  0  352442  352461  19  0  47393  354  15  642610  251  47393  0  37203  170969  564  200  19880079  0  1359  101  101  41.5639130646  
1441326707  0  415943  174388  208698  19  9960090  817  35923  6219  46218665126  1059  0  354581  354600  19  0  47393  354  15  647580  250  47393  0  35923  174388  571  200  392424821  3419  4603  2139  2139  41.9259369673  
1441326708  0  415943  174388  208698  19  9960090  817  35923  6219  46218665126  1059  0  354581  354600  19  0  47393  354  15  647580  250  47393  0  35923  174388  571  200  0  0  0  0  0  41.9259369673  
1441326708  0  418838  174388  209593  19  10038892  861  38607  8008  46531317279  1059  0  357265  357284  19  0  47393  354  15  651252  254  47393  0  38607  174388  573  200  312652153  0  2895  2684  2684  41.6361457174  
1441326709  0  419647  174388  211133  19  10075268  890  40303  8164  47016991238  1059  0  358961  358980  19  0  47393  354  15  654314  255  47393  0  40303  174388  575  200  485673959  0  809  1696  1696  41.5558791079  
1441326709  0  420660  174388  213496  19  10177138  936  42816  8314  47542054980  1059  0  361475  361494  19  0  47393  354  16  657853  257  47393  0  42816  174388  577  200  525063742  0  1013  2514  2514  41.4558075405  
1441326710  0  423473  175060  214236  19  10135850  899  40631  8346  47764623431  1059  0  362274  362293  19  0  47393  354  16  660186  256  47393  0  40631  175060  578  201  222568451  672  2813  799  799  41.3391172519  
1441326710  0  426084  175060  217615  19  10170352  917  42502  6838  48418099508  1059  0  365758  365777  19  0  47393  354  16  663493  256  47393  0  42502  175060  581  202  653476077  0  2611  3484  3484  41.0857952892  
1441326711  0  434271  180692  222276  19  10173789  931  42586  8511  49129899681  1059  0  372242  372261  19  0  47393  354  16  668891  255  47393  0  42586  180692  582  203  711800173  5632  8187  6484  6484  41.6081202751  
1441326711  0  434271  180692  222276  19  10173789  931  42586  8511  49129899681  1059  0  372242  372261  19  0  47393  354  16  668891  255  47393  0  42586  180692  582  203  0  0  0  0  0  41.6081202751  
1441326712  0  437180  182481  225330  19  10231883  968  44931  9555  49805207506  1059  0  376376  376395  19  0  47393  354  16  671329  256  47393  0  44931  182481  583  203  675307825  1789  2909  4134  4134  41.7404730317  
1441326712  0  437951  182925  226782  19  10293627  1001  46760  10370  50231358272  1059  0  378649  378668  19  0  47393  354  16  672968  257  47393  0  46760  182925  583  203  426150766  444  771  2273  2273  41.7683713475  
1441326713  0  444254  187602  230044  19  10222789  941  43051  10796  50770775828  1059  0  382552  382571  19  0  47463  354  17  678675  254  47463  0  43051  187602  588  205  539417556  4677  6303  3903  3903  42.2285449315  
1441326713  0  445376  187886  231531  19  10179062  906  41236  10519  50964806471  1059  0  384099  384118  19  0  47463  354  17  685089  253  47463  0  41236  187886  591  207  194030643  284  1122  1547  1547  42.1859282943  
1441326714  0  448040  189009  235950  19  10242711  948  43707  10327  51766001803  1059  0  388977  388996  19  0  47463  354  17  688184  252  47463  0  43707  189009  592  208  801195332  1123  2664  4878  4878  42.1857423444  
1441326714  0  448040  189009  235950  19  10242711  948  43707  10327  51766001803  1059  0  388977  388996  19  0  47463  354  17  688184  252  47463  0  43707  189009  592  208  0  0  0  0  0  42.1857423444  
1441326715  0  451070  190979  235950  19  10088282  827  37474  9929  51799468151  1059  0  389117  389136  19  0  47463  354  17  696445  249  47463  0  37474  190979  596  210  33466348  1970  3030  140  140  42.3391047953  
1441326715  0  453229  191519  235993  19  10025318  774  33644  9821  51867246993  1059  0  389667  389686  19  0  47463  354  17  701504  252  47463  0  33644  191519  597  211  67778842  540  2159  550  550  42.2565634591  
1441326716  0  457434  193308  238217  19  10053326  783  34622  10328  52289740200  1059  0  392434  392453  19  0  47463  354  17  707653  252  47463  0  34622  193308  602  211  422493207  1789  4205  2767  2767  42.2592111649  
1441326716  0  458368  193308  239462  19  10085493  806  36099  10560  52553940806  1059  0  393911  393930  19  0  47463  354  17  710687  252  47463  0  36099  193308  602  211  264200606  0  934  1477  1477  42.1731010891  
1441326717  0  459834  193308  240724  19  10113497  834  37825  11024  52836047190  1059  0  395637  395656  19  0  47463  354  17  713711  253  47463  0  37825  193308  604  211  282106384  0  1466  1726  1726  42.0386487298  
1441326717  0  464270  196020  241424  19  10113275  816  36980  12071  52996759180  1059  0  397504  397523  19  0  47463  354  17  719191  253  47463  0  36980  196020  606  211  160711990  2712  4436  1867  1867  42.2211213303  
1441326718  0  464270  196020  241424  19  10113275  816  36980  12071  52996759180  1059  0  397504  397523  19  0  47463  354  17  719191  253  47463  0  36980  196020  606  211  0  0  0  0  0  42.2211213303  
1441326718  0  465582  196020  241611  19  10162832  848  38922  13826  53087646880  1059  0  399446  399465  19  0  47463  354  17  721845  254  47463  0  38922  196020  608  211  90887700  0  1312  1942  1942  42.1021431241  
1441326719  0  469446  197924  243406  19  10212128  887  40881  14562  53469290269  1059  0  403309  403328  19  0  47463  354  17  725392  254  47463  0  40881  197924  610  211  381643389  1904  3864  3863  3863  42.1611857381  
1441326719  0  472068  199332  244997  19  10250519  919  42229  14319  53908584964  1059  0  406065  406084  19  0  47463  354  17  728437  256  47463  0  42229  199332  611  211  439294695  1408  2622  2756  2756  42.2252726302  
1441326720  0  475397  201141  247219  19  10254798  909  42327  14721  54366395541  1059  0  408740  408759  19  0  47463  354  17  732800  253  47463  0  42327  201141  616  212  457810577  1809  3329  2675  2675  42.3101113385  
1441326720  0  478277  201141  248212  19  10299317  972  44101  15502  54640443521  1059  0  410514  410533  19  0  47463  354  17  737671  256  47463  0  44101  201141  616  212  274047980  0  2880  1774  1774  42.0553361337  
1441326721  0  484325  201141  251276  19  10385791  1035  48445  16782  55194313319  1059  0  414858  414877  19  0  48445  354  17  740072  257  48445  0  48445  201141  616  212  553869798  0  6048  4344  4344  41.5301708563  
1441326722  0  487983  201215  252330  19  10431482  1083  51034  18379  55532194991  1084  0  417521  417540  19  0  51098  354  17  740912  255  51098  0  51034  201215  618  212  337881672  74  3658  2663  2663  41.2340183982  
1441326722  0  487983  201215  252330  19  10431482  1083  51034  18379  55532194991  1084  0  417521  417540  19  0  51098  354  17  740912  255  51098  0  51034  201215  618  212  0  0  0  0  0  41.2340183982  
1441326723  0  490434  201215  252444  19  10478438  1120  52825  20056  55622210967  1120  0  419312  419331  19  0  52825  354  17  744403  255  52825  0  52825  201215  620  212  90015976  0  2451  1791  1791  41.0279466758  
1441326723  0  494667  203650  254535  19  10464238  1096  52216  19909  55906484173  1127  0  422060  422079  19  0  53250  354  17  750434  252  53250  0  52216  203650  626  214  284273206  2435  4233  2748  2748  41.1691097243  
1441326724  0  497107  203650  255203  19  10439555  1061  50255  19872  56035930953  1127  0  422811  422830  19  0  53250  354  17  753254  252  53250  0  50255  203650  629  215  129446780  0  2440  751  751  40.967035266  
1441326724  0  498601  203650  258021  19  10497318  1087  51915  21508  56673890447  1127  0  427287  427306  19  0  53250  354  17  754940  254  53250  0  51915  203650  631  216  637959494  0  1494  4476  4476  40.8442823019  
1441326725  0  500132  203650  259033  19  10553047  1125  54222  22803  56990405396  1127  0  429594  429613  19  0  54222  354  17  758706  255  54222  0  54222  203650  631  216  316514949  0  1531  2307  2307  40.719250118  
1441326725  0  503221  205058  260532  19  10562010  1128  54912  21994  57245990492  1133  0  431692  431711  19  0  55136  354  17  762897  254  55136  0  54912  205058  636  216  255585096  1408  3089  2098  2098  40.7490943343  
1441326726  0  503221  205058  260532  19  10562010  1128  54912  21994  57245990492  1133  0  431692  431711  19  0  55136  354  17  762897  254  55136  0  54912  205058  636  216  0  0  0  0  0  40.7490943343  
1441326726  0  504541  205058  262594  19  10618905  1141  56098  22982  57760387325  1164  0  434788  434807  19  0  57179  354  17  765954  257  57179  0  56098  205058  638  217  514396833  0  1320  3096  3096  40.6424849517  
1441326727  0  506941  205058  266110  19  10699594  1194  59708  23076  58478167217  1194  0  438398  438417  19  0  59708  354  17  767882  259  59708  0  59708  205058  638  217  717779892  0  2400  3610  3610  40.4500720991  
1441326727  0  508769  205702  267594  19  10700305  1192  59755  22951  58920510395  1220  0  440369  440388  19  0  61140  354  17  770464  257  61140  0  59755  205702  640  218  442343178  644  1828  1971  1971  40.4313155872  
1441326728  0  510529  205935  268467  19  10718047  1209  60794  23338  59213745859  1220  0  441641  441660  19  0  61140  354  17  772923  257  61140  0  60794  205935  640  218  293235464  233  1760  1272  1272  40.337571421  
1441326728  0  514987  206978  269609  19  10742068  1216  61188  23609  59573161609  1220  0  443078  443097  19  0  61188  354  17  775949  258  61188  0  61188  206978  640  218  359415750  1043  4458  1437  1437  40.1909174406  
1441326729  0  517173  206978  270005  19  10662354  1135  56970  23665  59737943610  1232  0  443599  443618  19  0  61709  354  17  781950  257  61709  0  56970  206978  646  220  164782001  0  2186  521  521  40.0210374478  
1441326729  0  517173  206978  270005  19  10662354  1135  56970  23665  59737943610  1232  0  443599  443618  19  0  61709  354  17  781950  257  61709  0  56970  206978  646  220  0  0  0  0  0  40.0210374478  
1441326730  0  518533  207387  270716  19  10211390  1047  51580  17857  59948859619  1232  0  444449  444468  19  0  61709  354  18  784780  256  61709  0  51580  207387  648  221  210916009  409  1360  850  850  39.994947284  
1441326730  0  520047  207936  271533  19  10093067  1088  53678  19588  60269045293  1232  0  447096  447115  19  0  61709  354  18  788062  255  61709  0  53678  207936  648  221  320185674  549  1514  2647  2647  39.9840783621  
1441326731  0  520848  207936  272107  19  10138076  1106  54633  19969  60451056648  1232  0  448051  448070  19  0  61709  354  18  791991  255  61709  0  54633  207936  648  221  182011355  0  801  955  955  39.9225877799  
1441326731  0  520929  207936  273263  19  10192883  1129  56082  20262  60751382554  1232  0  449501  449520  19  0  61709  354  19  794450  255  61709  0  56082  207936  648  221  300325906  0  81  1450  1450  39.9163801593  
1441326732  0  520929  207936  273263  19  10192883  1129  56082  20262  60751382554  1232  0  449501  449520  19  0  61709  354  19  794450  255  61709  0  56082  207936  648  221  0  0  0  0  0  39.9163801593  
