#type:G;
#time  Rt  Nm  Tt  Nc  Rx  Gz  Pc  Pf  Ra  Te  Pm  Fp  Fc  Ta  Fm  Om  Lm  Oc  Sm  Sc  Em  Af  Ea  Cf  Ec  Gd  Zt  Et  Ep  dedup_put_diff  total_eph_put_diff  dedup_factor  dedup_curr  compression_saving  tze_saving  
1441326606  0  0  4969  0  0  0  0  0  0  4895  0  0  0  0  0  0  0  0  0  0  0  0  0  0  0  0  0  0  0  0  0  0 0 0 0 
1441326607  0  0  4972  0  0  0  0  0  0  4896  0  0  0  0  0  0  0  0  0  0  0  0  0  0  0  0  0  0  0  0  0  0 0 0 0 
1441326607  0  0  4973  0  0  0  0  0  0  4896  0  0  0  0  0  0  0  0  0  0  0  0  0  0  0  0  0  0  0  0  0  0 0 0 0 
1441326608  0  0  4973  0  0  0  0  0  0  4896  0  0  0  0  0  0  0  0  0  0  0  0  0  0  0  0  0  0  0  0  0  0 0 0 0 
1441326609  0  0  4974  0  0  0  0  0  0  4896  0  0  0  0  0  0  0  0  0  0  0  0  0  0  0  0  0  0  0  0  0  0 0 0 0 
1441326609  0  0  4975  0  0  0  0  0  0  4896  0  0  0  0  0  0  0  0  0  0  0  0  0  0  0  0  0  0  0  0  0  0 0 0 0 
1441326610  0  0  4976  0  0  0  0  0  0  4896  0  0  0  0  0  0  0  0  0  0  0  0  0  0  0  0  0  0  0  0  0  0 0 0 0 
1441326610  0  0  4977  0  0  0  0  0  0  4896  0  0  0  0  0  0  0  0  0  0  0  0  0  0  0  0  0  0  0  0  0  0 0 0 0 
1441326611  0  0  4978  0  0  0  0  0  0  4896  0  0  0  0  0  0  0  0  0  0  0  0  0  0  0  0  0  0  0  0  0  0 0 0 0 
1441326611  0  0  4979  0  0  0  0  0  0  4896  0  0  0  0  0  0  0  0  0  0  0  0  0  0  0  0  0  0  0  0  0  0 0 0 0 
1441326612  0  0  4979  0  0  0  0  0  0  4896  0  0  0  0  0  0  0  0  0  0  0  0  0  0  0  0  0  0  0  0  0  0 0 0 0 
1441326612  0  0  4980  0  0  0  0  0  0  4896  0  0  0  0  0  0  0  0  0  0  0  0  0  0  0  0  0  0  0  0  0  0 0 0 0 
1441326613  0  0  4981  0  0  0  0  0  0  4896  0  0  0  0  0  0  0  0  0  0  0  0  0  0  0  0  0  0  0  0  0  0 0 0 0 
1441326613  0  0  4982  0  0  0  0  0  0  4896  0  0  0  0  0  0  0  0  0  0  0  0  0  0  0  0  0  0  0  0  0  0 0 0 0 
1441326614  0  0  4983  0  0  0  0  0  0  4896  0  0  0  0  0  0  0  0  0  0  0  0  0  0  0  0  0  0  0  0  0  0 0 0 0 
1441326614  0  0  4984  0  0  0  0  0  0  4896  0  0  0  0  0  0  0  0  0  0  0  0  0  0  0  0  0  0  0  0  0  0 0 0 0 
1441326615  0  0  4985  0  0  0  0  0  0  4896  0  0  0  0  0  0  0  0  0  0  0  0  0  0  0  0  0  0  0  0  0  0 0 0 0 
1441326615  0  0  4986  0  0  0  0  0  0  4896  0  0  0  0  0  0  0  0  0  0  0  0  0  0  0  0  0  0  0  0  0  0 0 0 0 
1441326616  0  0  4986  0  0  0  0  0  0  4896  0  0  0  0  0  0  0  0  0  0  0  0  0  0  0  0  0  0  0  0  0  0 0 0 0 
1441326616  0  0  4987  0  0  0  0  0  0  4896  0  0  0  0  0  0  0  0  0  0  0  0  0  0  0  0  0  0  0  0  0  0 0 0 0 
1441326617  0  0  4988  0  0  0  0  0  0  4896  0  0  0  0  0  0  0  0  0  0  0  0  0  0  0  0  0  0  0  0  0  0 0 0 0 
1441326617  0  234  8880  200  0  6759667  2861  0  0  5014  3417  0  9  215  13  354  0  222  3415  2859  3417  5  0  0  2861  2  0  0  3417  2  3417  0.0585308750366  0.069905627403  42.2766937331  100.0  
1441326618  0  234  9128  182  0  6428820  2696  0  0  5014  3417  0  9  292  13  354  0  189  3415  2694  3417  5  0  0  2696  2  0  0  3417  0  0  0.0585308750366  0.0741839762611  41.7395644836  100.0  
1441326618  0  234  9322  178  0  6178174  2608  0  0  5014  3417  0  6  358  13  354  0  187  3415  2606  3417  5  0  0  2608  2  0  0  3417  0  0  0.0585308750366  0.0766871165644  42.1203660123  100.0  
1441326619  0  234  9323  178  0  6178174  2608  0  0  5014  3417  0  6  358  13  354  0  187  3415  2606  3417  5  0  0  2608  2  0  0  3417  0  0  0.0585308750366  0.0766871165644  42.1203660123  100.0  
1441326619  0  234  9324  178  0  6178174  2608  0  0  5014  3417  0  6  358  13  354  0  187  3415  2606  3417  5  0  0  2608  2  0  0  3417  0  0  0.0585308750366  0.0766871165644  42.1203660123  100.0  
1441326620  0  234  9324  178  0  6178174  2608  0  0  5014  3417  0  6  358  13  354  0  187  3415  2606  3417  5  0  0  2608  2  0  0  3417  0  0  0.0585308750366  0.0766871165644  42.1203660123  100.0  
1441326620  0  234  9325  178  0  6178174  2608  0  0  5014  3417  0  6  358  13  354  0  187  3415  2606  3417  5  0  0  2608  2  0  0  3417  0  0  0.0585308750366  0.0766871165644  42.1203660123  100.0  
1441326621  0  234  9326  178  0  6178174  2608  0  0  5014  3417  0  6  358  13  354  0  187  3415  2606  3417  5  0  0  2608  2  0  0  3417  0  0  0.0585308750366  0.0766871165644  42.1203660123  100.0  
1441326621  0  234  9327  178  0  6178174  2608  0  0  5014  3417  0  6  358  13  354  0  187  3415  2606  3417  5  0  0  2608  2  0  0  3417  0  0  0.0585308750366  0.0766871165644  42.1203660123  100.0  
1441326622  0  234  9328  178  0  6178174  2608  0  0  5014  3417  0  6  358  13  354  0  187  3415  2606  3417  5  0  0  2608  2  0  0  3417  0  0  0.0585308750366  0.0766871165644  42.1203660123  100.0  
1441326622  0  234  9329  178  0  6178174  2608  0  0  5014  3417  0  6  358  13  354  0  187  3415  2606  3417  5  0  0  2608  2  0  0  3417  0  0  0.0585308750366  0.0766871165644  42.1203660123  100.0  
1441326623  0  234  9329  178  0  6178174  2608  0  0  5014  3417  0  6  358  13  354  0  187  3415  2606  3417  5  0  0  2608  2  0  0  3417  0  0  0.0585308750366  0.0766871165644  42.1203660123  100.0  
1441326623  0  234  9330  178  0  6178174  2608  0  0  5014  3417  0  6  358  13  354  0  187  3415  2606  3417  5  0  0  2608  2  0  0  3417  0  0  0.0585308750366  0.0766871165644  42.1203660123  100.0  
1441326624  0  234  9845  204  0  6759317  2862  0  0  5015  3417  0  6  314  13  354  0  222  3415  2860  3417  6  0  0  2862  2  0  0  3671  0  254  0.0544810678289  0.0698812019567  42.2998644422  100.0  
1441326624  0  234  21185  208  0  7238007  3012  0  0  5026  3417  0  25  177  25  354  0  224  3415  3010  3417  17  0  0  3012  2  0  0  3821  0  150  0.0523423187647  0.066401062417  41.292639444  100.0  
1441326625  0  234  32079  208  0  7238007  3012  0  0  5026  3417  0  25  177  25  354  0  224  3415  3010  3417  17  0  0  3012  2  0  0  3821  0  0  0.0523423187647  0.066401062417  41.292639444  100.0  
1441326625  0  234  32079  208  0  7238007  3012  0  0  5026  3417  0  25  177  25  354  0  224  3415  3010  3417  17  0  0  3012  2  0  0  3821  0  0  0.0523423187647  0.066401062417  41.292639444  100.0  
1441326626  0  234  38884  208  0  7238007  3012  0  0  5026  3417  0  25  177  25  354  0  224  3415  3010  3417  17  0  0  3012  2  0  0  3821  0  0  0.0523423187647  0.066401062417  41.292639444  100.0  
1441326626  0  234  67331  205  0  7061990  2931  0  0  5026  3417  0  25  204  25  354  0  220  3415  2929  3417  17  0  0  2931  2  0  0  3821  0  0  0.0523423187647  0.0682360968953  41.136269978  100.0  
1441326627  0  234  67332  205  0  7061990  2931  0  0  5026  3417  0  25  204  25  354  0  220  3415  2929  3417  17  0  0  2931  2  0  0  3821  0  0  0.0523423187647  0.0682360968953  41.136269978  100.0  
1441326627  0  234  84564  204  0  7053734  2928  0  0  5026  3417  0  25  206  25  354  0  220  3415  2926  3417  17  0  0  2928  2  0  0  3821  0  0  0.0523423187647  0.068306010929  41.1448042603  100.0  
1441326628  0  234  91277  208  0  8960201  3680  0  0  5027  3680  0  61  0  61  354  0  222  3678  3678  3680  18  0  0  3680  2  0  0  4573  0  752  0.0437349661054  0.054347826087  40.5234074969  100.0  
1441326628  0  234  91277  208  0  8960201  3680  0  0  5027  3680  0  61  0  61  354  0  222  3678  3678  3680  18  0  0  3680  2  0  0  4573  0  0  0.0437349661054  0.054347826087  40.5234074969  100.0  
1441326629  0  234  99149  222  0  9763017  3876  0  0  5027  3876  0  257  0  257  354  0  226  3874  3874  3876  18  0  0  3876  2  0  0  4769  0  196  0.0419375131055  0.0515995872033  38.4731783101  100.0  
1441326629  0  234  107605  228  0  10330227  4020  0  0  5027  4020  0  378  0  378  354  0  227  4018  4018  4020  18  0  0  4020  2  0  0  4913  0  144  0.0407083248524  0.0497512437811  37.2317551973  100.0  
1441326630  0  234  118424  234  0  10797171  4134  0  0  5027  4134  0  492  0  492  354  0  228  4132  4132  4134  18  0  0  4134  2  0  0  5039  0  126  0.0396904147648  0.0483792936623  36.2045480113  100.0  
1441326630  0  235  128960  235  0  10928243  4166  0  0  5027  4166  0  524  0  524  354  0  228  4164  4164  4166  18  0  0  4166  2  0  0  5071  0  32  0.0394399526721  0.048007681229  35.926319016  100.0  
1441326631  0  235  133341  231  0  10760307  4125  0  0  5027  4166  0  483  41  524  354  0  226  4164  4123  4166  18  0  0  4125  2  0  0  5071  0  0  0.0394399526721  0.0484848484849  36.28357807  100.0  
1441326631  0  242  141264  233  0  10762794  4125  0  0  5027  4309  0  485  184  669  354  0  226  4307  4123  4309  18  0  0  4125  2  0  0  5257  0  186  0.0380445120791  0.0484848484849  36.2688514697  100.0  
1441326632  0  242  141264  233  0  10762794  4125  0  0  5027  4309  0  485  184  669  354  0  226  4307  4123  4309  18  0  0  4125  2  0  0  5257  0  0  0.0380445120791  0.0484848484849  36.2688514697  100.0  
1441326633  0  244  146193  244  0  11367013  4311  0  0  5028  4311  0  589  32  669  354  0  231  4309  4309  4311  19  0  0  4311  2  0  0  5443  0  186  0.0367444424031  0.0463929482719  35.5964340171  100.0  
1441326633  0  252  152368  252  0  12567141  4604  0  0  5028  4604  0  882  0  882  354  0  230  4602  4602  4604  19  0  0  4604  2  0  0  5765  0  322  0.0346921075455  0.0434404865335  33.3300813081  100.0  
1441326634  0  297  159494  297  0  24851045  7603  0  0  5028  7603  0  3881  0  3881  354  0  230  7601  7601  7603  19  0  0  7603  2  0  0  8764  0  2999  0.0228206298494  0.0263054057609  20.1795861307  100.0  
1441326634  0  313  166239  313  0  29110885  8643  0  0  5028  8643  0  4921  0  4921  354  0  231  8641  8641  8643  19  0  0  8643  2  0  0  9804  0  1040  0.0203998368013  0.0231401133866  17.7508429788  100.0  
1441326635  0  354  173943  354  0  36074085  10412  0  0  5028  10412  0  6621  0  6621  354  0  234  10341  10341  10412  19  0  0  10412  71  0  0  11573  69  1769  0.613496932515  0.681905493661  14.8327080727  100.0  
1441326635  0  396  182801  396  0  42091109  12082  0  0  5028  12082  0  8090  0  8090  354  0  237  11810  11810  12082  19  0  0  12082  272  0  0  13243  201  1670  2.05391527599  2.25128290018  12.9877251634  100.0  
1441326636  0  396  182801  396  0  42091109  12082  0  0  5028  12082  0  8090  0  8090  354  0  237  11810  11810  12082  19  0  0  12082  272  0  0  13243  0  0  2.05391527599  2.25128290018  12.9877251634  100.0  
1441326636  0  428  189262  428  0  49028691  13838  0  0  5028  13838  0  9783  0  9783  354  0  238  13504  13504  13838  19  0  0  13838  334  0  0  14999  62  1756  2.22681512101  2.41364359011  11.3603727512  100.0  
1441326637  0  438  195712  433  0  49737299  14074  0  0  5028  14187  0  9956  168  10117  354  0  237  13838  13677  14187  19  0  0  14074  397  0  0  15588  63  589  2.54683089556  2.82080432002  11.2166757061  100.0  
1441326637  0  465  202729  465  0  56680019  15945  0  0  5028  15945  0  11651  0  11651  354  0  235  15372  15372  15945  19  0  0  15945  631  0  0  17551  234  1963  3.59523673865  3.59360301035  9.97986427484  100.0  
1441326638  0  504  207697  504  0  62028505  17430  0  0  5028  17430  0  12956  0  12956  354  0  238  16678  16678  17430  19  0  0  17430  810  0  0  19036  179  1485  4.25509560832  4.31440045898  9.19967634899  100.0  
1441326638  0  543  228238  460  0  46775001  14176  0  0  5028  18939  0  9232  5146  14286  354  0  237  18009  12954  18939  19  0  0  14176  1280  0  0  21405  470  2369  5.97991123569  8.62020316027  11.8443879997  100.0  
1441326639  0  543  236969  481  0  52394713  16450  0  0  5028  18939  0  10604  3774  14286  354  0  236  18009  14326  18939  19  0  0  16450  3211  0  0  24708  1931  3303  12.995790837  12.9118541033  10.7100518043  100.0  
1441326639  0  543  236969  481  0  52394713  16450  0  0  5028  18939  0  10604  3774  14286  354  0  236  18009  14326  18939  19  0  0  16450  3211  0  0  24708  0  0  12.995790837  12.9118541033  10.7100518043  100.0  
1441326640  0  543  244484  536  0  55921369  20190  0  0  5028  20190  0  11465  2843  14286  354  0  237  18009  15187  20190  19  0  0  20190  6090  0  0  28448  2879  3740  21.407480315  24.7795938583  10.1028644333  100.0  
1441326640  0  571  256466  571  0  63829524  22336  0  0  5028  22336  0  13395  810  14286  354  0  239  18009  17121  22336  19  0  0  22336  8542  0  0  32834  2452  4386  26.0157154169  23.3479584527  8.98090133279  100.0  
1441326641  0  637  269941  637  0  79349268  26139  0  0  5028  26139  0  17184  0  17184  354  0  240  20910  20910  26139  19  0  0  26139  8624  0  0  37913  82  5079  22.7468150766  20.0045908413  7.353515625  100.0  
1441326641  0  637  285506  575  0  66674343  21958  0  0  5028  26139  0  14089  3906  17909  354  0  240  21635  17816  26139  19  0  0  21958  9132  0  0  39770  508  1857  22.9620316822  18.8632844521  8.63316248606  100.0  
1441326642  0  641  295372  641  0  70008938  25069  0  0  5028  26139  0  14903  3089  17909  354  0  241  21635  18631  26139  19  0  0  25069  11428  0  0  43991  2296  4221  25.9780409629  25.6811201085  8.26028726903  100.0  
1441326642  0  735  303730  735  0  82264170  29910  0  0  5028  29910  0  17895  0  17909  354  0  242  21635  21623  29910  19  0  0  29910  13277  0  0  48832  1849  4841  27.18913827  27.7064526914  7.11730158208  100.0  
1441326643  0  737  307438  737  0  82894954  30064  0  0  5028  30064  0  18049  0  18049  354  0  242  21777  21777  30064  19  0  0  30064  13277  0  0  48986  0  154  27.1036622709  27.5645290048  7.06697029478  100.0  
1441326643  0  737  307438  737  0  82894954  30064  0  0  5028  30064  0  18049  0  18049  354  0  242  21777  21777  30064  19  0  0  30064  13277  0  0  48986  0  0  27.1036622709  27.5645290048  7.06697029478  100.0  
1441326644  0  790  313927  790  0  92865508  32666  0  0  5028  32666  0  20484  0  20484  354  0  242  24211  24211  32666  19  0  0  32666  13445  0  0  51589  168  2603  26.0617573514  25.8831812894  6.35561040823  100.0  
1441326644  0  811  320899  811  0  96399680  33557  0  0  5028  33557  0  21347  0  21347  354  0  241  25073  25073  33557  19  0  0  33557  13474  0  0  52481  29  892  25.674053467  25.2823553953  6.13377687154  100.0  
1441326645  0  817  324878  817  0  98046272  33962  0  0  5028  33962  0  21749  0  21749  354  0  241  25475  25475  33962  19  0  0  33962  13477  0  0  52886  3  405  25.4831146239  24.9896943643  6.03698478901  100.0  
1441326645  0  821  329817  794  0  91555333  32545  0  0  5028  34280  0  20165  1825  21968  354  0  241  25694  23887  34280  19  0  0  32545  13648  0  0  53340  171  454  25.5868016498  26.6031648487  6.42451450285  100.0  
1441326646  0  821  336714  804  0  93988357  33367  0  0  5028  34280  0  20759  1231  21968  354  0  241  25694  24481  34280  19  0  0  33367  13876  0  0  54162  228  822  25.6194379823  26.6311025864  6.26863191576  100.0  
1441326646  0  823  341523  823  0  95849680  33979  0  0  5028  34280  0  21148  765  21968  354  0  250  25694  24979  34280  19  0  0  33979  13990  0  0  54774  114  612  25.5413152226  26.4869478207  6.31810408243  100.0  
1441326647  0  823  341523  823  0  95849680  33979  0  0  5028  34280  0  21148  765  21968  354  0  250  25694  24979  34280  19  0  0  33979  13990  0  0  54774  0  0  25.5413152226  26.4869478207  6.31810408243  100.0  
1441326647  0  847  352370  847  0  103199181  35854  0  0  5028  35854  0  22920  0  22920  354  0  248  26785  26785  35854  19  0  0  35854  15029  0  0  57619  1039  2845  26.0834099863  25.2942488983  5.93573810406  100.0  
1441326648  0  874  361652  874  0  105661553  36635  0  0  5028  36635  0  23521  0  23521  354  0  251  27387  27387  36635  19  0  0  36635  15208  0  0  58400  179  781  26.0410958904  25.2436194896  5.80831201705  100.0  
1441326648  0  933  375493  933  0  98263703  38200  0  0  5028  38200  0  21730  1828  23556  354  0  254  27422  25570  38200  19  0  0  38200  18597  0  0  63937  3389  5537  29.0864444688  33.0628272251  6.17848312384  100.0  
1441326649  0  950  382034  950  0  100778647  39833  0  0  5028  39833  0  22344  1155  23556  354  0  254  27422  26184  39833  19  0  0  39833  19616  0  0  65570  1019  1633  29.9161201769  34.2655587076  6.03360118685  100.0  
1441326649  0  987  387313  873  0  80634519  34838  0  0  5028  41680  0  17426  6148  23556  354  0  252  27422  21266  41680  19  0  0  34838  21135  0  0  67452  1519  1882  31.3333926348  38.9574602446  7.42893884494  100.0  
1441326650  0  987  395485  895  0  77511172  35037  0  0  5028  41680  0  16664  6962  23556  354  0  251  27422  20503  41680  19  0  0  35037  22097  0  0  68730  962  1278  32.1504437655  41.4818620316  7.70313624073  100.0  
1441326650  0  987  395485  895  0  77511172  35037  0  0  5028  41680  0  16664  6962  23556  354  0  251  27422  20503  41680  19  0  0  35037  22097  0  0  68730  0  0  32.1504437655  41.4818620316  7.70313624073  100.0  
1441326651  0  987  402410  925  0  79383044  36731  0  0  5028  41680  0  17121  6505  23556  354  0  251  27422  20960  41680  19  0  0  36731  23334  0  0  70424  1237  1694  33.1335908213  42.9364841687  7.53518140953  100.0  
1441326651  0  987  417612  953  0  84233244  39310  0  0  5028  41680  0  18290  5287  23556  354  0  254  27422  22155  41680  19  0  0  39310  24918  0  0  76992  1584  6568  32.3644014963  43.6402950903  7.17780710477  100.0  
1441326652  0  1006  425928  1006  0  90390932  44496  0  0  5028  44496  0  19793  3603  23556  354  0  253  27422  23658  44496  19  0  0  44496  28601  0  0  82179  3683  5187  34.8032952457  46.831175836  6.72035407552  100.0  
1441326652  0  1015  433167  1015  0  90390932  44814  0  0  5028  44814  0  19793  3592  23556  354  0  255  27422  23658  44814  19  0  0  44814  28919  0  0  82497  318  318  35.0546080464  47.2084616415  6.72035407552  100.0  
1441326653  0  1028  444205  994  0  90416835  42813  0  0  5028  44905  0  19814  3570  23556  354  0  254  27422  23655  44905  19  0  0  42813  29161  0  0  82760  242  263  35.235621073  44.7480905332  6.68178986505  100.0  
1441326653  0  1032  452619  954  0  89901312  41276  0  0  5028  45410  0  19686  3715  23556  354  0  252  27422  23529  45410  19  0  0  41276  30044  0  0  86038  883  3278  34.9194541947  42.9959298382  6.7169769221  100.0  
1441326654  0  1032  452619  954  0  89901312  41276  0  0  5028  45410  0  19686  3715  23556  354  0  252  27422  23529  45410  19  0  0  41276  30044  0  0  86038  0  0  34.9194541947  42.9959298382  6.7169769221  100.0  
1441326654  0  1032  468128  987  0  80136620  41711  0  0  5028  45410  0  17301  6159  23556  354  0  255  27422  21148  45410  19  0  0  41711  32867  0  0  90420  2823  4382  36.3492590135  49.2987461341  7.48721159359  100.0  
1441326655  0  1032  488035  874  0  59783596  34884  0  0  5028  45410  0  12332  11333  23556  354  0  254  27422  16179  45410  19  0  0  34884  37211  0  0  94978  4344  4558  39.1785466108  53.6205710354  9.78673285007  100.0  
1441326655  0  1032  502820  919  0  69722778  37567  0  0  5028  45410  0  14743  8950  23556  354  0  253  27422  18616  45410  19  0  0  37567  41219  0  0  102344  4008  7366  40.2749550535  50.4458700455  8.56165342901  100.0  
1441326656  0  1032  517351  909  0  91628541  37049  0  0  5028  45410  0  20091  3510  23556  354  0  252  27422  23965  45410  19  0  0  37049  42189  0  0  108663  970  6319  38.8255431932  35.315393128  6.65449919642  100.0  
1441326656  0  1032  529015  887  0  94448784  39153  0  0  5028  45410  0  20779  2727  23556  354  0  251  27422  24654  45410  19  0  0  39153  44263  0  0  111426  2074  2763  39.7241218387  37.0316450847  6.47040984729  100.0  
1441326657  0  1032  529015  887  0  94448784  39153  0  0  5028  45410  0  20779  2727  23556  354  0  251  27422  24654  45410  19  0  0  39153  44263  0  0  111426  0  0  39.7241218387  37.0316450847  6.47040984729  100.0  
1441326657  0  1032  531421  894  0  94448784  39724  0  0  5028  45410  0  20779  2727  23556  354  0  251  27422  24654  45410  19  0  0  39724  44834  0  0  111997  571  571  40.0314294133  37.9367636693  6.47040984729  100.0  
1441326658  0  1032  546223  872  0  76515665  39407  0  0  5028  45410  0  16400  7211  23556  354  0  251  27422  20276  45410  19  0  0  39407  48897  0  0  116125  4063  4128  42.107212056  48.5472124242  7.86850327781  100.0  
1441326658  0  1032  551944  787  0  55546046  34539  0  0  5028  45410  0  11281  12429  23556  354  0  250  27422  15156  45410  19  0  0  34539  49540  0  0  116832  643  707  42.4027663654  56.1191696343  10.5235788683  100.0  
1441326659  0  1032  574820  710  0  58287503  29491  0  0  5028  45410  0  11951  11872  23556  354  0  253  27422  15826  45410  19  0  0  29491  54059  0  0  122277  4519  5445  44.2102766669  46.3361703571  10.0824755964  100.0  
1441326659  0  1032  585087  784  0  68152477  32758  0  0  5028  45410  0  14359  9464  23556  354  0  255  27422  18235  45410  19  0  0  32758  54917  0  0  125544  858  3267  43.7432294654  44.3342084376  8.75356002151  100.0  
1441326660  0  1032  591755  811  0  73464989  34197  0  0  5028  45410  0  15656  8125  23556  354  0  255  27422  19532  45410  19  0  0  34197  55060  0  0  126984  143  1440  43.3597933598  42.8838787028  8.17228993407  100.0  
1441326661  0  1032  601678  848  0  77502836  35938  0  0  5028  45410  0  16643  7035  23556  354  0  254  27422  20517  45410  19  0  0  35938  56080  0  0  129638  1020  2654  43.2589209954  42.9100116868  7.77603538377  100.0  
1441326661  0  1032  601678  848  0  77502836  35938  0  0  5028  45410  0  16643  7035  23556  354  0  254  27422  20517  45410  19  0  0  35938  56080  0  0  129638  0  0  43.2589209954  42.9100116868  7.77603538377  100.0  
1441326662  0  1032  610925  853  0  74382663  37279  0  0  5028  45410  0  15881  7800  23556  354  0  253  27422  19756  45410  19  0  0  37279  58383  0  0  132355  2303  2717  44.1109138302  47.005016229  8.07941975104  100.0  
1441326662  0  1032  621011  916  0  68769815  42175  0  0  5028  45410  0  14517  9055  23556  354  0  252  27422  18382  45410  19  0  0  42175  64741  0  0  138779  6358  6424  46.6504298201  56.4149377593  8.66333578917  100.0  
1441326663  0  1032  630423  780  0  33717060  33787  0  0  5028  45410  0  5960  17731  23556  354  0  251  27422  9823  45410  19  0  0  33787  68077  0  0  142200  3336  3421  47.8741209564  70.9266877793  16.1996935604  100.0  
1441326663  0  1032  638578  805  0  33946863  35457  0  0  5028  45410  0  6017  17679  23556  354  0  251  27422  9879  45410  19  0  0  35457  70343  0  0  144523  2266  2323  48.672529632  72.1380827481  16.1068088915  100.0  
1441326664  0  1032  652131  766  0  33946863  34432  0  0  5028  45410  0  6017  17692  23556  354  0  250  27422  9879  45410  19  0  0  34432  71862  0  0  146042  1519  1519  49.2063926816  71.3086663569  16.1068088915  100.0  
1441326664  0  1032  660407  813  0  39141374  36585  0  0  5028  45410  0  7284  16425  23556  354  0  252  27422  11148  45410  19  0  0  36585  72746  0  0  148195  884  2153  49.0880259118  69.528495285  14.2805928263  100.0  
1441326665  0  1032  660407  813  0  39141374  36585  0  0  5028  45410  0  7284  16425  23556  354  0  252  27422  11148  45410  19  0  0  36585  72746  0  0  148195  0  0  49.0880259118  69.528495285  14.2805928263  100.0  
1441326665  0  1032  667890  814  0  39141374  37090  0  0  5028  45410  0  7284  16425  23556  354  0  253  27422  11148  45410  19  0  0  37090  73451  0  0  148900  705  705  49.3290799194  69.9433809652  14.2805928263  100.0  
1441326666  0  1032  672585  803  0  29502639  34981  0  0  5028  45410  0  4929  18836  23556  354  0  254  27422  8797  45410  19  0  0  34981  73695  0  0  150581  244  1681  48.9404373726  74.8520625482  18.1221697782  100.0  
1441326666  0  1032  679846  852  0  31465602  38103  0  0  5028  45410  0  5408  18357  23556  354  0  254  27422  9277  45410  19  0  0  38103  76337  0  0  153703  2642  3122  49.6652635277  75.6528357347  17.1927159827  100.0  
1441326667  0  1032  686986  897  0  31477463  41001  0  0  5028  45410  0  5410  18355  23556  354  0  254  27422  9280  45410  19  0  0  41001  79232  0  0  156601  2895  2898  50.5948237878  77.3664056974  17.1882813552  100.0  
1441326667  0  1032  697182  882  0  21196503  39017  0  0  5028  45410  0  2900  20867  23556  354  0  253  27422  6770  45410  19  0  0  39017  81999  0  0  159463  2767  2862  51.4219599531  82.6485890766  23.5608937927  100.0  
1441326668  0  1032  707515  903  0  21498824  40869  0  0  5028  45410  0  2975  20794  23556  354  0  253  27422  6843  45410  19  0  0  40869  85824  0  0  163618  3825  4155  52.4538864917  83.2562577993  23.2977301165  100.0  
1441326668  0  1032  719411  936  0  21702198  42983  0  0  5028  45410  0  3023  20746  23556  354  0  254  27422  6893  45410  19  0  0  42983  87888  0  0  165732  2064  2114  53.0301933242  83.9634274015  23.1337852373  100.0  
1441326669  0  1032  719411  936  0  21702198  42983  0  0  5028  45410  0  3023  20746  23556  354  0  254  27422  6893  45410  19  0  0  42983  87888  0  0  165732  0  0  53.0301933242  83.9634274015  23.1337852373  100.0  
1441326669  0  1032  725836  928  0  22144993  42669  0  0  5028  45410  0  3132  20617  23556  354  0  254  27422  7001  45410  19  0  0  42669  88745  0  0  166698  857  966  53.2369914456  83.5923035459  22.7754259157  100.0  
1441326670  0  1032  741317  887  0  21443949  40634  0  0  5028  45410  0  2958  20795  23556  354  0  256  27422  6831  45410  19  0  0  40634  90352  0  0  168391  1607  1693  53.6560742558  83.1889550623  23.3591112381  100.0  
1441326670  0  1032  764858  894  0  31664236  39546  0  0  5028  45410  0  5451  18371  23556  354  0  256  27422  9327  45410  19  0  0  39546  95227  0  0  175762  4875  7371  54.1795154812  76.4148080716  17.1166895337  100.0  
1441326671  0  1032  776728  1013  0  32339186  46090  0  0  5028  46090  0  5615  18006  23556  354  0  256  27422  9492  46090  19  0  0  46090  102379  0  0  183079  7152  7317  55.9206681269  79.4055109568  16.8214382424  100.0  
1441326671  0  1032  785701  1025  0  32339186  47118  0  0  5028  47118  0  5615  17975  23556  354  0  256  27422  9492  47118  19  0  0  47118  105593  0  0  186293  3214  3214  56.6811420719  79.8548325481  16.8214382424  100.0  
1441326672  0  1032  785701  1025  0  32339186  47118  0  0  5028  47118  0  5615  17975  23556  354  0  256  27422  9492  47118  19  0  0  47118  105593  0  0  186293  0  0  56.6811420719  79.8548325481  16.8214382424  100.0  
1441326672  0  1032  800030  961  0  31522158  43620  0  0  5028  47393  0  5416  18177  23556  354  0  256  27422  9291  47393  19  0  0  43620  111232  0  0  191981  5639  5688  57.9390668868  78.7001375516  17.1688800402  100.0  
1441326673  0  1032  818631  886  0  31628654  39013  0  0  5028  47393  0  5442  18205  23556  354  0  255  27422  9317  47393  19  0  0  39013  114387  0  0  195162  3155  3181  58.6113075291  76.1182170046  17.1209686007  100.0  
1441326673  0  1032  826014  918  0  31683291  40231  0  0  5028  47393  0  5502  18160  23556  354  0  255  27422  9306  47393  19  0  0  40231  116640  0  0  197477  2253  2315  59.0651063162  76.8685839278  16.8796640146  100.0  
1441326674  0  1032  835285  765  0  31261403  30578  0  0  5028  47393  0  5399  18387  23556  354  0  252  27422  9203  47393  19  0  0  30578  118779  0  0  199769  2139  2292  59.4581741912  69.9031983779  17.0685812583  100.0  
1441326674  0  1032  845967  818  0  26863725  33824  0  0  5028  47393  0  4327  19469  23556  354  0  253  27422  8129  47393  19  0  0  33824  123515  0  0  204615  4736  4846  60.3645871515  75.966769158  19.3193921598  100.0  
1441326675  0  1032  853792  827  0  25946221  34640  0  0  5028  47393  0  4103  19723  23556  354  0  252  27422  7905  47393  19  0  0  34640  126348  0  0  207471  2833  2856  60.8991136111  77.1795612009  19.8668360363  100.0  
1441326676  0  1032  860011  831  0  25946221  35225  0  0  5028  47393  0  4103  19723  23556  354  0  252  27422  7905  47393  19  0  0  35225  126933  0  0  208056  585  585  61.0090552544  77.5585521647  19.8668360363  100.0  
1441326676  0  1032  873747  791  0  20930694  33663  0  0  5028  47393  0  2844  21003  23556  354  0  251  27422  6701  47393  19  0  0  33663  128878  0  0  210227  1945  2171  61.3042092595  80.0938716098  23.742236758  100.0  
1441326677  0  1032  885049  747  0  15995014  31397  0  0  5028  47393  0  1639  22226  23556  354  0  250  27422  5496  47393  19  0  0  31397  130053  0  0  211405  1175  1178  61.5184125257  82.495142848  28.9477308071  100.0  
1441326677  0  1032  893052  801  0  21572340  34325  0  0  5028  47393  0  2999  20866  23556  354  0  253  27422  6858  47393  19  0  0  34325  131619  0  0  214333  1566  2928  61.4086491581  80.0203932993  23.2037828767  100.0  
1441326678  0  1032  905485  794  0  20552480  33888  0  0  5028  47393  0  2751  21148  23556  354  0  251  27422  6608  47393  19  0  0  33888  134833  0  0  217550  3214  3217  61.9779361066  80.5004721435  24.0663542297  100.0  
1441326678  0  1032  921327  826  0  30286912  35836  0  0  5028  47393  0  5115  18805  23556  354  0  250  27422  8991  47393  19  0  0  35836  138219  0  0  223575  3386  6025  61.822207313  74.9107043197  17.7592523079  100.0  
1441326679  0  1032  935796  794  0  30303296  33196  0  0  5028  47393  0  5119  18804  23556  354  0  250  27422  8995  47393  19  0  0  33196  141833  0  0  227193  3614  3618  62.4284198897  72.9033618508  17.7513549194  100.0  
1441326679  0  1032  941279  821  0  30303296  34581  0  0  5028  47393  0  5119  18804  23556  354  0  250  27422  8995  47393  19  0  0  34581  143219  0  0  228579  1386  1386  62.6562370121  73.9886064602  17.7513549194  100.0  
1441326680  0  1032  941279  821  0  30303296  34581  0  0  5028  47393  0  5119  18804  23556  354  0  250  27422  8995  47393  19  0  0  34581  143219  0  0  228579  0  0  62.6562370121  73.9886064602  17.7513549194  100.0  
1441326680  0  1032  948965  852  0  31351828  36084  0  0  5028  47393  0  5374  18549  23556  354  0  253  27422  9252  47393  19  0  0  36084  144465  0  0  230082  1246  1503  62.7884841057  74.3598270702  17.2691863077  100.0  
1441326681  0  1032  958192  880  0  27542548  37510  0  0  5028  47393  0  4444  19420  23556  354  0  252  27422  8322  47393  19  0  0  37510  146822  0  0  232684  2357  2602  63.0993106531  77.813916289  19.1990521171  100.0  
1441326681  0  1032  970717  834  0  26746513  34107  0  0  5028  47393  0  4250  19610  23556  354  0  253  27422  8126  47393  19  0  0  34107  151296  0  0  237216  4474  4532  63.7798462161  76.1749787434  19.6417622398  100.0  
1441326682  0  1032  987769  819  0  26746513  33422  0  0  5028  47393  0  4250  19632  23556  354  0  253  27422  8126  47393  19  0  0  33422  155974  0  0  241907  4678  4691  64.4768444071  75.6866734486  19.6417622398  100.0  
1441326682  0  1032  995573  810  0  26742417  33265  0  0  5028  47393  0  4249  19633  23556  354  0  252  27422  8125  47393  19  0  0  33265  156388  0  0  242321  414  414  64.5375349227  75.5749286036  19.6441796875  100.0  
1441326683  0  1032  1003533  845  0  31317649  35910  0  0  5028  47393  0  5366  18516  23556  354  0  253  27422  9242  47393  19  0  0  35910  157916  0  0  244966  1528  2645  64.4644562919  74.2634363687  17.2699588791  100.0  
1441326683  0  1032  1003533  845  0  31317649  35910  0  0  5028  47393  0  5366  18516  23556  354  0  253  27422  9242  47393  19  0  0  35910  157916  0  0  244966  0  0  64.4644562919  74.2634363687  17.2699588791  100.0  
1441326684  0  1032  1019715  898  0  31689183  38126  0  0  5028  47393  0  5455  18404  23556  354  0  255  27422  9334  47393  19  0  0  38126  163029  0  0  250171  5113  5205  65.1670257544  75.5180191995  17.1135960643  100.0  
1441326685  0  1032  1030633  937  0  31701471  41669  0  0  5028  47393  0  5458  18297  23556  354  0  255  27422  9337  47393  19  0  0  41669  166680  0  0  253825  3651  3654  65.667290456  77.5924548225  17.1080974257  100.0  
1441326685  0  1032  1037957  974  0  31971807  43594  0  0  5028  47393  0  5524  18172  23556  354  0  257  27422  9403  47393  19  0  0  43594  168539  0  0  255750  1859  1925  65.8999022483  78.4305179612  16.9880150658  100.0  
1441326686  0  1032  1046533  989  0  32352735  44035  0  0  5028  47393  0  5617  18062  23556  354  0  257  27422  9496  47393  19  0  0  44035  171159  0  0  258463  2620  2713  66.221857674  78.4353355286  16.8216412873  100.0  
1441326686  0  1059  1056911  949  0  32352735  39121  0  0  5028  47393  0  5617  18034  23556  354  0  256  27422  9496  47393  19  0  0  39121  174248  0  0  261552  3089  3089  66.6207866887  75.726591856  16.8216412873  100.0  
1441326687  0  1059  1067926  898  0  26495164  37898  0  0  5028  47393  0  4187  19467  23556  354  0  254  27422  8065  47393  19  0  0  37898  176220  0  0  263524  1972  1972  66.8705696635  78.719193625  19.7948431688  100.0  
1441326687  0  1059  1067926  898  0  26495164  37898  0  0  5028  47393  0  4187  19467  23556  354  0  254  27422  8065  47393  19  0  0  37898  176220  0  0  263524  0  0  66.8705696635  78.719193625  19.7948431688  100.0  
1441326688  0  1059  1076911  950  0  26495164  40039  0  0  5028  47393  0  4187  19467  23556  354  0  255  27422  8065  47393  19  0  0  40039  178361  0  0  265665  2141  2141  67.1375604615  79.8571392892  19.7948431688  100.0  
1441326688  0  1059  1086858  1000  0  26495164  43416  0  0  5028  47393  0  4187  19467  23556  354  0  256  27422  8065  47393  19  0  0  43416  181738  0  0  269042  3377  3377  67.5500479479  81.4238990234  19.7948431688  100.0  
1441326689  0  1059  1098625  1001  0  26499108  44011  0  0  5028  47393  0  4187  19479  23556  354  0  257  27422  8066  47393  19  0  0  44011  184707  0  0  272013  2969  2971  67.9037398948  81.6727636273  19.7928491314  100.0  
1441326689  0  1059  1104930  1022  0  26500608  45591  0  0  5028  47393  0  4187  19463  23556  354  0  259  27422  8067  47393  19  0  0  45591  186286  0  0  273593  1579  1580  68.0887303403  82.3057182339  19.7982521383  100.0  
1441326690  0  1059  1114219  938  0  25452032  42358  0  0  5028  47393  0  3931  19768  23556  354  0  257  27422  7811  47393  19  0  0  42358  187578  0  0  274885  1292  1292  68.2387180093  81.5595637188  20.4471258482  100.0  
1441326690  0  1059  1125550  948  0  25574912  43220  0  0  5028  47393  0  3961  19741  23556  354  0  257  27422  7841  47393  19  0  0  43220  191472  0  0  278809  3894  3924  68.6749710375  81.8579361407  20.3688942737  100.0  
1441326691  0  1059  1125550  948  0  25574912  43220  0  0  5028  47393  0  3961  19741  23556  354  0  257  27422  7841  47393  19  0  0  43220  191472  0  0  278809  0  0  68.6749710375  81.8579361407  20.3688942737  100.0  
1441326691  0  1059  1138336  882  0  20778496  39609  0  0  5028  47393  0  2790  20917  23556  354  0  255  27422  6670  47393  19  0  0  39609  193449  0  0  280790  1977  1981  68.8945475266  83.16039284  23.9449025487  100.0  
1441326692  0  1059  1150172  903  0  21027673  41313  0  0  5028  47393  0  2850  20862  23556  354  0  255  27422  6731  47393  19  0  0  41313  196892  0  0  284294  3443  3504  69.2564739319  83.7073076271  23.7303635639  100.0  
1441326692  0  1059  1157048  939  0  21684957  43064  0  0  5028  47393  0  3010  20702  23556  354  0  257  27422  6893  47393  19  0  0  43064  198481  0  0  286045  1589  1751  69.3880333514  83.9935909344  23.1948504994  100.0  
1441326693  0  1059  1172870  720  0  20793706  30650  0  0  5028  47393  0  2794  21078  23556  354  0  254  27422  6674  47393  19  0  0  30650  201505  0  0  289076  3024  3031  69.706582352  78.2251223491  23.9348459858  100.0  
1441326693  0  1059  1186031  736  0  21009592  30724  0  0  5028  47393  0  2845  21036  23556  354  0  255  27422  6728  47393  19  0  0  30724  205373  0  0  292998  3868  3922  70.0936525164  78.1018096602  23.7619660839  100.0  
1441326694  0  1059  1195032  799  0  26465955  34799  0  0  5028  47393  0  4177  19704  23556  354  0  254  27422  8061  47393  19  0  0  34799  208883  0  0  297841  3510  4843  70.1323860718  76.8355412512  19.8435083126  100.0  
1441326694  0  1059  1195032  799  0  26465955  34799  0  0  5028  47393  0  4177  19704  23556  354  0  254  27422  8061  47393  19  0  0  34799  208883  0  0  297841  0  0  70.1323860718  76.8355412512  19.8435083126  100.0  
1441326695  0  1059  1208649  739  0  26462538  32129  0  0  5028  47393  0  4177  19712  23556  354  0  253  27422  8060  47393  19  0  0  32129  214010  0  0  302971  5127  5130  70.6371236851  74.9136294314  19.8439135682  100.0  
1441326695  0  1059  1220429  796  0  21690698  34180  0  0  5028  47393  0  3012  20880  23556  354  0  253  27422  6895  47393  19  0  0  34180  217227  0  0  306198  3217  3227  70.9433111908  79.8273844353  23.1968010673  100.0  
1441326696  0  1059  1231791  841  0  21690698  36747  0  0  5028  47393  0  3012  20881  23556  354  0  256  27422  6895  47393  19  0  0  36747  221583  0  0  310554  4356  4356  71.3508761761  81.236563529  23.1968010673  100.0  
1441326696  0  1059  1238839  837  0  20642122  36750  0  0  5028  47393  0  2756  21120  23556  354  0  255  27422  6639  47393  19  0  0  36750  223893  0  0  312864  2310  2310  71.5624041117  81.9346938776  24.0912702755  100.0  
1441326697  0  1059  1245256  886  0  20642122  40290  0  0  5028  47393  0  2756  21088  23556  354  0  255  27422  6639  47393  19  0  0  40290  227433  0  0  316404  3540  3540  71.88057041  83.5219657483  24.0912702755  100.0  
1441326697  0  1059  1252737  920  0  22661450  42211  0  0  5028  47393  0  3249  20536  23556  354  0  256  27422  7132  47393  19  0  0  42211  228861  0  0  318325  1428  1921  71.8953899317  83.1039302551  22.4259595288  100.0  
1441326698  0  1059  1252737  920  0  22661450  42211  0  0  5028  47393  0  3249  20536  23556  354  0  256  27422  7132  47393  19  0  0  42211  228861  0  0  318325  0  0  71.8953899317  83.1039302551  22.4259595288  100.0  
1441326698  0  1059  1261237  913  0  25430346  41812  0  0  5028  47393  0  3925  19802  23556  354  0  255  27422  7808  47393  19  0  0  41812  230519  0  0  320659  1658  2334  71.8891408007  81.3259351382  20.4843677458  100.0  
1441326699  0  1059  1280285  835  0  19526238  36298  0  0  5028  47393  0  2485  21265  23556  354  0  255  27422  6365  47393  19  0  0  36298  233647  0  0  323802  3128  3143  72.1573677741  82.4645986005  25.1037242856  100.0  
1441326699  0  1059  1288194  866  0  19579133  37259  0  0  5028  47393  0  2497  21253  23556  354  0  257  27422  6378  47393  19  0  0  37259  234595  0  0  324763  948  961  72.2357534571  82.8819882445  25.0539076893  100.0  
1441326700  0  1059  1296555  901  0  19591421  39060  0  0  5028  47393  0  2500  21250  23556  354  0  257  27422  6381  47393  19  0  0  39060  236393  0  0  326564  1798  1801  72.3879545816  83.66359447  25.0421287012  100.0  
1441326700  0  1059  1302885  784  0  19591421  32358  0  0  5028  47393  0  2500  21301  23556  354  0  254  27422  6381  47393  19  0  0  32358  236403  0  0  326574  10  10  72.3888000882  80.279992583  25.0421287012  100.0  
1441326701  0  1059  1315764  767  0  16046057  31078  0  0  5028  47393  0  1633  22232  23556  354  0  253  27422  5517  47393  19  0  0  31078  238171  0  0  328653  1768  2079  72.468834911  82.2478923998  28.9923076896  100.0  
1441326701  0  1059  1315764  767  0  16046057  31078  0  0  5028  47393  0  1633  22232  23556  354  0  253  27422  5517  47393  19  0  0  31078  238171  0  0  328653  0  0  72.468834911  82.2478923998  28.9923076896  100.0  
1441326702  0  1059  1333816  710  0  15997258  29331  0  0  5028  47393  0  1622  22259  23556  354  0  251  27422  5505  47393  19  0  0  29331  241619  0  0  332101  3448  3448  72.7546740299  81.2314615935  29.0539406647  100.0  
1441326702  0  1059  1339831  703  0  15995283  29147  0  0  5028  47393  0  1622  22261  23556  354  0  250  27422  5504  47393  19  0  0  29147  243007  0  0  333489  1388  1388  72.868070611  81.1164099221  29.0498112523  100.0  
1441326703  0  1059  1347890  722  0  15995283  31070  0  0  5028  47393  0  1622  22261  23556  354  0  249  27422  5504  47393  19  0  0  31070  245572  0  0  336054  2565  2565  73.0751605397  82.2851625362  29.0498112523  100.0  
1441326703  0  1059  1361610  717  0  20270994  31924  0  0  5028  47393  0  2713  21176  23556  354  0  250  27422  6521  47393  19  0  0  31924  248643  0  0  340216  3071  4162  73.0838643685  79.5733617341  24.1071439268  100.0  
1441326704  0  1059  1368665  766  0  20271212  35107  0  0  5028  47393  0  2713  21176  23556  354  0  250  27422  6522  47393  19  0  0  35107  251825  0  0  343399  3182  3183  73.3330615407  81.4225083317  24.1179643179  100.0  
1441326704  0  1059  1368665  766  0  20271212  35107  0  0  5028  47393  0  2713  21176  23556  354  0  250  27422  6522  47393  19  0  0  35107  251825  0  0  343399  0  0  73.3330615407  81.4225083317  24.1179643179  100.0  
1441326705  0  1059  1382036  728  0  15458412  32279  0  0  5028  47393  0  1538  22356  23556  354  0  250  27422  5347  47393  19  0  0  32279  254154  0  0  345728  2329  2329  73.5127036283  83.4350506521  29.4178723174  100.0  
1441326705  0  1059  1389571  782  0  15470700  35248  0  0  5028  47393  0  1541  22353  23556  354  0  251  27422  5350  47393  19  0  0  35248  257120  0  0  348697  2966  2969  73.7373708406  84.8218338629  29.4013763143  100.0  
1441326706  0  1059  1400113  788  0  15617454  35016  0  0  5028  47393  0  1541  22353  23556  354  0  250  27422  5407  47393  19  0  0  35016  258621  0  0  350255  1501  1558  73.8379180882  84.5584875485  29.4829853806  100.0  
1441326706  0  1059  1408458  822  0  15621550  37102  0  0  5028  47393  0  1542  22352  23556  354  0  251  27422  5408  47393  19  0  0  37102  260706  0  0  352341  2085  2086  73.9925242876  85.423966363  29.4775336452  100.0  
1441326707  0  1059  1412160  825  0  15621550  37203  0  0  5028  47393  0  1542  22352  23556  354  0  251  27422  5408  47393  19  0  0  37203  260807  0  0  352442  101  101  73.9999773012  85.4635378867  29.4775336452  100.0  
1441326707  0  1059  1423880  817  0  15636361  35923  0  0  5028  47393  0  1545  22349  23556  354  0  250  27422  5413  47393  19  0  0  35923  262941  0  0  354581  2134  2139  74.1554115985  84.9316593826  29.4758738728  100.0  
1441326708  0  1059  1423880  817  0  15636361  35923  0  0  5028  47393  0  1545  22349  23556  354  0  250  27422  5413  47393  19  0  0  35923  262941  0  0  354581  0  0  74.1554115985  84.9316593826  29.4758738728  100.0  
1441326708  0  1059  1433134  861  0  15636361  38607  0  0  5028  47393  0  1545  22349  23556  354  0  254  27422  5413  47393  19  0  0  38607  265625  0  0  357265  2684  2684  74.3495724462  85.9792265651  29.4758738728  100.0  
1441326709  0  1059  1438704  890  0  15662160  40303  0  0  5028  47393  0  1551  22327  23556  354  0  255  27422  5420  47393  19  0  0  40303  267314  0  0  358961  1689  1696  74.4688141609  86.5518695879  29.4507466559  100.0  
1441326709  0  1059  1445773  936  0  15732516  42816  0  0  5028  47393  0  1557  22233  23556  354  0  257  27422  5442  47393  19  0  0  42816  269806  0  0  361475  2492  2514  74.640293243  87.2897982063  29.4203180988  100.0  
1441326710  0  1059  1451720  899  0  15717705  40631  0  0  5028  47393  0  1554  22236  23556  354  0  256  27422  5437  47393  19  0  0  40631  270605  0  0  362274  799  799  74.6962244047  86.6185917157  29.4219179278  100.0  
1441326710  0  1059  1461126  917  0  15783241  42502  0  0  5028  47393  0  1570  22220  23556  354  0  256  27422  5453  47393  19  0  0  42502  274073  0  0  365758  3468  3484  74.9328791168  87.1700155287  29.3355891754  100.0  
1441326711  0  1059  1481197  931  0  16674172  42586  0  0  5028  47393  0  1786  21960  23556  354  0  255  27422  5671  47393  19  0  0  42586  280338  0  0  372242  6265  6484  75.3106849845  86.6834170854  28.2164913871  100.0  
1441326711  0  1059  1481197  931  0  16674172  42586  0  0  5028  47393  0  1786  21960  23556  354  0  255  27422  5671  47393  19  0  0  42586  280338  0  0  372242  0  0  75.3106849845  86.6834170854  28.2164913871  100.0  
1441326712  0  1059  1490680  968  0  16695421  44931  0  0  5028  47393  0  1790  21934  23556  354  0  256  27422  5678  47393  19  0  0  44931  284465  0  0  376376  4127  4134  75.5800051013  87.3628452516  28.2136224449  100.0  
1441326712  0  1059  1495364  1001  0  16695421  46760  0  0  5028  47393  0  1790  21879  23556  354  0  257  27422  5678  47393  19  0  0  46760  286738  0  0  378649  2273  2273  75.7265963993  87.8571428571  28.2136224449  100.0  
1441326713  0  1059  1511283  941  0  15692188  43051  0  0  5028  47463  0  1546  22113  23556  354  0  254  27422  5432  47463  19  0  0  43051  290641  0  0  382552  3903  3903  75.9742466384  87.3824069127  29.4716386978  100.0  
1441326713  0  1059  1520371  906  0  15195000  41236  0  0  5028  47463  0  1426  22236  23556  354  0  253  27422  5310  47463  19  0  0  41236  292059  0  0  384099  1418  1547  76.0374278506  87.1229023184  30.1371601342  100.0  
1441326714  0  1059  1531009  948  0  15222321  43707  0  0  5028  47463  0  1432  22263  23556  354  0  252  27422  5317  47463  19  0  0  43707  296926  0  0  388977  4867  4878  76.3351046463  87.834900588  30.1036869872  100.0  
1441326714  0  1059  1531009  948  0  15222321  43707  0  0  5028  47463  0  1432  22263  23556  354  0  252  27422  5317  47463  19  0  0  43707  296926  0  0  388977  0  0  76.3351046463  87.834900588  30.1036869872  100.0  
1441326715  0  1059  1542445  827  0  15201563  37474  0  0  5028  47463  0  1428  22302  23556  354  0  249  27422  5311  47463  19  0  0  37474  297066  0  0  389117  140  140  76.3436190143  85.8275070716  30.1201451366  100.0  
1441326715  0  1059  1550215  774  0  14349639  33644  0  0  5028  47463  0  1221  22525  23556  354  0  252  27422  5102  47463  19  0  0  33644  297616  0  0  389667  550  550  76.3770090872  84.8353346808  31.3341859274  100.0  
1441326716  0  1059  1563342  783  0  14349639  34622  0  0  5028  47463  0  1221  22528  23556  354  0  252  27422  5102  47463  19  0  0  34622  300383  0  0  392434  2767  2767  76.5435716579  85.2637051586  31.3341859274  100.0  
1441326716  0  1059  1568788  806  0  14816583  36099  0  0  5028  47463  0  1335  22414  23556  354  0  252  27422  5216  47463  19  0  0  36099  301746  0  0  393911  1363  1477  76.6025828169  85.5508462838  30.6493513423  100.0  
1441326717  0  1059  1575007  834  0  14816583  37825  0  0  5028  47463  0  1335  22414  23556  354  0  253  27422  5216  47463  19  0  0  37825  303472  0  0  395637  1726  1726  76.7046560357  86.2101784534  30.6493513423  100.0  
1441326717  0  1059  1586793  816  0  15033914  36980  0  0  5028  47463  0  1388  22362  23556  354  0  253  27422  5269  47463  19  0  0  36980  305134  0  0  397504  1662  1867  76.7624979874  85.7517577069  30.3399286362  100.0  
1441326718  0  1059  1586793  816  0  15033914  36980  0  0  5028  47463  0  1388  22362  23556  354  0  253  27422  5269  47463  19  0  0  36980  305134  0  0  397504  0  0  76.7624979874  85.7517577069  30.3399286362  100.0  
1441326718  0  1059  1592704  848  0  15149047  38922  0  0  5028  47463  0  1416  22334  23556  354  0  254  27422  5298  47463  19  0  0  38922  307047  0  0  399446  1913  1942  76.8682124743  86.3881609373  30.1906794501  100.0  
1441326719  0  1059  1603981  887  0  14116899  40881  0  0  5028  47463  0  1165  22586  23556  354  0  254  27422  5045  47463  19  0  0  40881  310910  0  0  403309  3863  3863  77.0897748377  87.6593038331  31.6846670977  100.0  
1441326719  0  1059  1612406  919  0  14133505  42229  0  0  5028  47463  0  1169  22582  23556  354  0  256  27422  5050  47463  19  0  0  42229  313661  0  0  406065  2751  2756  77.2440372847  88.0413933553  31.6720248685  100.0  
1441326720  0  1059  1622779  909  0  13085864  42327  0  0  5028  47463  0  915  22848  23556  354  0  253  27422  4793  47463  19  0  0  42327  316336  0  0  408740  2675  2675  77.3929637422  88.6762586529  33.3446481197  100.0  
1441326720  0  1059  1632305  972  0  13523849  44101  0  0  5028  47463  0  1021  22734  23556  354  0  256  27422  4901  47463  19  0  0  44101  318002  0  0  410514  1666  1774  77.4643495715  88.8868733135  32.6316884867  100.0  
1441326721  0  1059  1645099  1035  0  13618057  48445  0  0  5028  48445  0  1044  22581  23556  354  0  257  27422  4924  48445  19  0  0  48445  322323  0  0  414858  4321  4344  77.6947774901  89.8358963773  32.4792658963  100.0  
1441326722  0  1084  1652263  1083  0  14627866  51034  0  0  5028  51098  0  1295  22249  23556  354  0  255  27422  5168  51098  19  0  0  51034  324731  0  0  417521  2408  2663  77.7759681549  89.8734177215  30.8967424989  100.0  
1441326722  0  1084  1652263  1083  0  14627866  51034  0  0  5028  51098  0  1295  22249  23556  354  0  255  27422  5168  51098  19  0  0  51034  324731  0  0  417521  0  0  77.7759681549  89.8734177215  30.8967424989  100.0  
1441326723  0  1120  1659999  1120  0  14627866  52825  0  0  5028  52825  0  1295  22202  23556  354  0  255  27422  5168  52825  19  0  0  52825  326522  0  0  419312  1791  1791  77.8708932728  90.2167534311  30.8967424989  100.0  
1441326723  0  1127  1673018  1096  0  14611482  52216  0  0  5028  53250  0  1291  22199  23556  354  0  252  27422  5164  53250  19  0  0  52216  329270  0  0  422060  2748  2748  78.0149741743  90.1103110158  30.9206749098  100.0  
1441326724  0  1127  1679033  1061  0  14655890  50255  0  0  5028  53250  0  1301  22260  23556  354  0  252  27422  5175  53250  19  0  0  50255  329764  0  0  422811  494  751  77.9932404786  89.7025171625  30.858006869  100.0  
1441326724  0  1127  1686692  1087  0  14946706  51915  0  0  5028  53250  0  1372  22148  23556  354  0  254  27422  5246  53250  19  0  0  51915  334169  0  0  427287  4405  4476  78.2071535057  89.8950207069  30.4403708629  100.0  
1441326725  0  1127  1694297  1125  0  15151506  54222  0  0  5028  54222  0  1422  22034  23556  354  0  255  27422  5296  54222  19  0  0  54222  336426  0  0  429594  2257  2307  78.3125462646  90.2327468555  30.1529806546  100.0  
1441326725  0  1133  1703681  1128  0  15151506  54912  0  0  5028  55136  0  1422  22010  23556  354  0  254  27422  5296  55136  19  0  0  54912  338524  0  0  431692  2098  2098  78.4179461283  90.3554778555  30.1529806546  100.0  
1441326726  0  1133  1703681  1128  0  15151506  54912  0  0  5028  55136  0  1422  22010  23556  354  0  254  27422  5296  55136  19  0  0  54912  338524  0  0  431692  0  0  78.4179461283  90.3554778555  30.1529806546  100.0  
1441326726  0  1164  1711157  1141  0  15162279  56098  0  0  5028  57179  0  1422  21943  23556  354  0  257  27422  5302  57179  19  0  0  56098  341614  0  0  434788  3090  3096  78.570245729  90.5486826625  30.1824166072  100.0  
1441326727  0  1194  1719096  1194  0  15571592  59708  0  0  5028  59708  0  1521  21769  23556  354  0  259  27422  5403  59708  19  0  0  59708  345123  0  0  438398  3509  3610  78.7236711846  90.9509613452  29.6380121576  100.0  
1441326727  0  1220  1725480  1192  0  15686859  59755  0  0  5028  61140  0  1548  21698  23556  354  0  257  27422  5432  61140  19  0  0  59755  347065  0  0  440369  1942  1971  78.8123142183  90.9095473182  29.4955898279  100.0  
1441326728  0  1220  1730972  1209  0  15686859  60794  0  0  5028  61140  0  1548  21698  23556  354  0  257  27422  5432  61140  19  0  0  60794  348337  0  0  441641  1272  1272  78.8733382997  91.0649077212  29.4955898279  100.0  
1441326728  0  1220  1739894  1216  0  15015402  61188  0  0  5028  61188  0  1385  21860  23556  354  0  258  27422  5267  61188  19  0  0  61188  349628  0  0  443078  1291  1437  78.9089054297  91.3921030267  30.3992855723  100.0  
1441326729  0  1232  1748609  1135  0  15048170  56970  0  0  5028  61709  0  1393  21897  23556  354  0  257  27422  5275  61709  19  0  0  56970  350141  0  0  443599  513  521  78.9318731557  90.7407407407  30.3531823904  100.0  
1441326729  0  1232  1748609  1135  0  15048170  56970  0  0  5028  61709  0  1393  21897  23556  354  0  257  27422  5275  61709  19  0  0  56970  350141  0  0  443599  0  0  78.9318731557  90.7407407407  30.3531823904  100.0  
1441326730  0  1232  1753653  1047  0  14749656  51580  0  0  5028  61709  0  1393  21924  23556  354  0  256  27422  5169  61709  19  0  0  51580  350985  0  0  444449  844  850  78.9708155491  89.9786739046  30.3348764872  100.0  
1441326730  0  1232  1761096  1088  0  14551025  53678  0  0  5028  61709  0  1390  21941  23556  354  0  255  27422  5081  61709  19  0  0  53678  353627  0  0  447096  2642  2647  79.0941990087  90.534297105  30.0827329681  100.0  
1441326731  0  1232  1766782  1106  0  14566378  54633  0  0  5028  61709  0  1390  21941  23556  354  0  255  27422  5086  61709  19  0  0  54633  354577  0  0  448051  950  955  79.137642813  90.6906082404  30.0777697816  100.0  
1441326731  0  1232  1770773  1129  0  14569987  56082  0  0  5028  61709  0  1390  21941  23556  354  0  255  27422  5087  61709  19  0  0  56082  356026  0  0  449501  1449  1450  79.2047181208  90.9293534467  30.0741943695  100.0  
1441326732  0  1232  1770774  1129  0  14569987  56082  0  0  5028  61709  0  1390  21941  23556  354  0  255  27422  5087  61709  19  0  0  56082  356026  0  0  449501  0  0  79.2047181208  90.9293534467  30.0741943695  100.0  
