#Type:X;CI:3;ww:0;ca:0;co:0;fr:0;Type:X;CI:3;PI:0;PT:EP;U0:0;U1:0;
#time  Pp  gt  gs  cn  cm  cb  Nc  Pc  cp  Tc  Nm  pr  ps  pt  px  pd  Pm  Om  fs  ft  Oc  Em  Gp  Ec  Ge  ot  os  Total_cycles_diff  Successful_get_diff  Total_get_diff  succ_put_diff  total_put_diff  get_hit  
1441626973  0  0  0  0  0  0  0  0  0  23333  0  0  0  0  0  0  0  0  0  0  0  0  0  0  0  0  0  23333  0  0  0  0  
1441626974  0  0  0  0  0  0  0  0  0  730810  0  0  0  0  0  0  0  0  0  0  0  0  0  0  0  0  0  707477  0  0  0  0  0 
1441626974  0  0  0  0  0  0  0  0  0  1266592  0  0  0  0  0  0  0  0  0  0  0  0  0  0  0  0  0  535782  0  0  0  0  0 
1441626975  0  0  0  0  0  0  0  0  0  1579887  0  0  0  0  0  0  0  0  0  0  0  0  0  0  0  0  0  313295  0  0  0  0  0 
1441626975  0  0  0  0  0  0  0  0  0  1873374  0  0  0  0  0  0  0  0  0  0  0  0  0  0  0  0  0  293487  0  0  0  0  0 
1441626976  0  0  0  0  0  0  0  0  0  2206712  0  0  0  0  0  0  0  0  0  13  0  0  0  0  0  38  0  333338  0  0  0  0  0 
1441626977  0  0  0  0  0  0  0  0  0  3048629  0  0  0  0  0  0  0  0  0  15  0  0  0  0  0  41  0  841917  0  0  0  0  0 
1441626977  0  0  0  0  0  0  0  0  0  3048629  0  0  0  0  0  0  0  0  0  15  0  0  0  0  0  41  0  0  0  0  0  0  0 
1441626978  0  0  0  0  0  0  0  0  0  3650635  0  0  0  0  0  0  0  0  0  21  0  0  0  0  0  46  0  602006  0  0  0  0  0 
1441626978  0  0  0  0  0  0  0  0  0  3880038  0  0  0  0  0  0  0  0  0  21  0  0  0  0  0  46  0  229403  0  0  0  0  0 
1441626979  0  0  0  0  0  0  0  0  0  3880038  0  0  0  0  0  0  0  0  0  21  0  0  0  0  0  46  0  0  0  0  0  0  0 
1441626979  0  0  0  0  0  0  0  0  0  3880038  0  0  0  0  0  0  0  0  0  21  0  0  0  0  0  46  0  0  0  0  0  0  0 
1441626980  0  0  0  0  0  0  0  0  0  3880038  0  0  0  0  0  0  0  0  0  21  0  0  0  0  0  46  0  0  0  0  0  0  0 
1441626980  0  0  0  0  0  0  0  0  0  3880038  0  0  0  0  0  0  0  0  0  21  0  0  0  0  0  46  0  0  0  0  0  0  0 
1441626981  0  0  0  0  0  0  0  0  0  3880038  0  0  0  0  0  0  0  0  0  21  0  0  0  0  0  46  0  0  0  0  0  0  0 
1441626981  0  0  0  0  0  0  0  0  0  3880038  0  0  0  0  0  0  0  0  0  21  0  0  0  0  0  46  0  0  0  0  0  0  0 
1441626982  0  0  0  0  0  0  0  0  0  3880038  0  0  0  0  0  0  0  0  0  21  0  0  0  0  0  46  0  0  0  0  0  0  0 
1441626982  0  0  0  0  0  0  0  0  0  3880038  0  0  0  0  0  0  0  0  0  21  0  0  0  0  0  46  0  0  0  0  0  0  0 
1441626983  0  0  0  0  0  0  0  0  0  3880038  0  0  0  0  0  0  0  0  0  21  0  0  0  0  0  46  0  0  0  0  0  0  0 
1441626983  0  0  0  0  0  0  0  0  0  3880038  0  0  0  0  0  0  0  0  0  21  0  0  0  0  0  46  0  0  0  0  0  0  0 
1441626984  0  0  0  0  0  0  0  0  0  3880038  0  0  0  0  0  0  0  0  0  21  0  0  0  0  0  46  0  0  0  0  0  0  0 
1441626984  0  0  0  0  0  0  0  0  0  3880038  0  0  0  0  0  0  0  0  0  21  0  0  0  0  0  46  0  0  0  0  0  0  0 
1441626985  0  0  0  0  0  0  0  0  0  3880038  0  0  0  0  0  0  0  0  0  21  0  0  0  0  0  46  0  0  0  0  0  0  0 
1441626985  0  0  0  0  0  0  0  0  0  3880038  0  0  0  0  0  0  0  0  0  21  0  0  0  0  0  46  0  0  0  0  0  0  0 
1441626986  0  0  0  0  0  0  0  0  0  3880038  0  0  0  0  0  0  0  0  0  21  0  0  0  0  0  46  0  0  0  0  0  0  0 
1441626986  0  0  0  0  0  0  0  0  0  3880038  0  0  0  0  0  0  0  0  0  21  0  0  0  0  0  46  0  0  0  0  0  0  0 
1441626987  0  0  0  0  0  0  0  0  0  3880038  0  0  0  0  0  0  0  0  0  21  0  0  0  0  0  46  0  0  0  0  0  0  0 
1441626987  0  0  0  0  0  0  0  0  0  3880038  0  0  0  0  0  0  0  0  0  21  0  0  0  0  0  46  0  0  0  0  0  0  0 
1441626988  0  0  0  0  0  0  0  0  0  3880038  0  0  0  0  0  0  0  0  0  21  0  0  0  0  0  46  0  0  0  0  0  0  0 
1441626988  0  0  0  0  0  0  0  0  0  3880038  0  0  0  0  0  0  0  0  0  21  0  0  0  0  0  46  0  0  0  0  0  0  0 
1441626989  0  0  0  0  0  0  0  0  0  3880038  0  0  0  0  0  0  0  0  0  21  0  0  0  0  0  46  0  0  0  0  0  0  0 
1441626989  0  0  0  0  0  0  0  0  0  3880038  0  0  0  0  0  0  0  0  0  21  0  0  0  0  0  46  0  0  0  0  0  0  0 
1441626990  0  0  0  0  0  0  0  0  0  3880038  0  0  0  0  0  0  0  0  0  21  0  0  0  0  0  46  0  0  0  0  0  0  0 
1441626990  0  0  0  0  0  0  0  0  0  3880038  0  0  0  0  0  0  0  0  0  21  0  0  0  0  0  46  0  0  0  0  0  0  0 
1441626991  0  0  0  0  0  0  0  0  0  3880038  0  0  0  0  0  0  0  0  0  21  0  0  0  0  0  46  0  0  0  0  0  0  0 
1441626991  0  0  0  0  0  0  0  0  0  3880038  0  0  0  0  0  0  0  0  0  21  0  0  0  0  0  46  0  0  0  0  0  0  0 
1441626992  0  0  0  0  0  0  0  0  0  3880038  0  0  0  0  0  0  0  0  0  21  0  0  0  0  0  46  0  0  0  0  0  0  0 
1441626992  0  0  0  0  0  0  0  0  0  3880038  0  0  0  0  0  0  0  0  0  21  0  0  0  0  0  46  0  0  0  0  0  0  0 
1441626993  0  0  0  0  0  0  0  0  0  3880038  0  0  0  0  0  0  0  0  0  21  0  0  0  0  0  46  0  0  0  0  0  0  0 
1441626993  0  0  0  0  0  0  0  0  0  3880038  0  0  0  0  0  0  0  0  0  21  0  0  0  0  0  46  0  0  0  0  0  0  0 
1441626994  0  0  0  0  0  0  0  0  0  3880038  0  0  0  0  0  0  0  0  0  21  0  0  0  0  0  46  0  0  0  0  0  0  0 
1441626994  0  0  0  0  0  0  0  0  0  3880038  0  0  0  0  0  0  0  0  0  21  0  0  0  0  0  46  0  0  0  0  0  0  0 
1441626995  0  0  0  0  0  0  0  0  0  3880038  0  0  0  0  0  0  0  0  0  21  0  0  0  0  0  46  0  0  0  0  0  0  0 
1441626995  0  0  0  0  0  0  0  0  0  3880038  0  0  0  0  0  0  0  0  0  21  0  0  0  0  0  46  0  0  0  0  0  0  0 
1441626996  0  0  0  0  0  0  0  0  0  3880038  0  0  0  0  0  0  0  0  0  21  0  0  0  0  0  46  0  0  0  0  0  0  0 
1441626996  0  0  0  0  0  0  0  0  0  3880038  0  0  0  0  0  0  0  0  0  21  0  0  0  0  0  46  0  0  0  0  0  0  0 
1441626997  0  0  0  0  0  0  0  0  0  3880038  0  0  0  0  0  0  0  0  0  21  0  0  0  0  0  46  0  0  0  0  0  0  0 
1441626997  0  0  0  0  0  0  0  0  0  3880038  0  0  0  0  0  0  0  0  0  21  0  0  0  0  0  46  0  0  0  0  0  0  0 
1441626998  0  0  0  0  0  0  0  0  0  3880038  0  0  0  0  0  0  0  0  0  21  0  0  0  0  0  46  0  0  0  0  0  0  0 
1441626998  0  0  0  0  0  0  0  0  0  3880038  0  0  0  0  0  0  0  0  0  21  0  0  0  0  0  46  0  0  0  0  0  0  0 
1441626999  0  0  0  0  0  0  0  0  0  3880038  0  0  0  0  0  0  0  0  0  21  0  0  0  0  0  46  0  0  0  0  0  0  0 
1441626999  0  0  0  0  0  0  0  0  0  3880038  0  0  0  0  0  0  0  0  0  21  0  0  0  0  0  46  0  0  0  0  0  0  0 
1441627000  0  0  0  0  0  0  0  0  0  3880038  0  0  0  0  0  0  0  0  0  21  0  0  0  0  0  46  0  0  0  0  0  0  0 
1441627000  0  0  0  0  0  0  0  0  0  3880038  0  0  0  0  0  0  0  0  0  21  0  0  0  0  0  46  0  0  0  0  0  0  0 
1441627001  0  0  0  0  0  0  0  0  0  3880038  0  0  0  0  0  0  0  0  0  21  0  0  0  0  0  46  0  0  0  0  0  0  0 
1441627001  0  0  0  0  0  0  0  0  0  3880038  0  0  0  0  0  0  0  0  0  21  0  0  0  0  0  46  0  0  0  0  0  0  0 
1441627002  0  0  0  0  0  0  0  0  0  3880038  0  0  0  0  0  0  0  0  0  21  0  0  0  0  0  46  0  0  0  0  0  0  0 
1441627002  0  0  0  0  0  0  0  0  0  3880038  0  0  0  0  0  0  0  0  0  21  0  0  0  0  0  46  0  0  0  0  0  0  0 
1441627003  0  0  0  0  0  0  0  0  0  3880038  0  0  0  0  0  0  0  0  0  21  0  0  0  0  0  46  0  0  0  0  0  0  0 
1441627003  0  0  0  0  0  0  0  0  0  3880038  0  0  0  0  0  0  0  0  0  21  0  0  0  0  0  46  0  0  0  0  0  0  0 
1441627004  0  0  0  0  0  0  0  0  0  3880038  0  0  0  0  0  0  0  0  0  21  0  0  0  0  0  46  0  0  0  0  0  0  0 
1441627004  0  0  0  0  0  0  0  0  0  3880038  0  0  0  0  0  0  0  0  0  21  0  0  0  0  0  46  0  0  0  0  0  0  0 
1441627005  0  0  0  0  0  0  0  0  0  3880038  0  0  0  0  0  0  0  0  0  21  0  0  0  0  0  46  0  0  0  0  0  0  0 
1441627005  0  0  0  0  0  0  0  0  0  3880038  0  0  0  0  0  0  0  0  0  21  0  0  0  0  0  46  0  0  0  0  0  0  0 
1441627006  0  0  0  0  0  0  0  0  0  3880038  0  0  0  0  0  0  0  0  0  21  0  0  0  0  0  46  0  0  0  0  0  0  0 
1441627006  0  0  0  0  0  0  0  0  0  3880038  0  0  0  0  0  0  0  0  0  21  0  0  0  0  0  46  0  0  0  0  0  0  0 
1441627007  0  0  0  0  0  0  0  0  0  3880038  0  0  0  0  0  0  0  0  0  21  0  0  0  0  0  46  0  0  0  0  0  0  0 
1441627008  0  0  0  0  0  0  0  0  0  3880038  0  0  0  0  0  0  0  0  0  21  0  0  0  0  0  46  0  0  0  0  0  0  0 
1441627008  0  0  0  0  0  0  0  0  0  3880038  0  0  0  0  0  0  0  0  0  21  0  0  0  0  0  46  0  0  0  0  0  0  0 
1441627009  0  0  0  0  0  0  0  0  0  3880038  0  0  0  0  0  0  0  0  0  21  0  0  0  0  0  46  0  0  0  0  0  0  0 
1441627009  0  0  0  0  0  0  0  0  0  3880038  0  0  0  0  0  0  0  0  0  21  0  0  0  0  0  46  0  0  0  0  0  0  0 
1441627010  0  0  0  0  0  0  0  0  0  3880038  0  0  0  0  0  0  0  0  0  21  0  0  0  0  0  46  0  0  0  0  0  0  0 
1441627010  0  0  0  0  0  0  0  0  0  3880038  0  0  0  0  0  0  0  0  0  21  0  0  0  0  0  46  0  0  0  0  0  0  0 
1441627011  0  0  0  0  0  0  0  0  0  3880038  0  0  0  0  0  0  0  0  0  21  0  0  0  0  0  46  0  0  0  0  0  0  0 
1441627011  0  0  0  0  0  0  0  0  0  3880038  0  0  0  0  0  0  0  0  0  21  0  0  0  0  0  46  0  0  0  0  0  0  0 
1441627012  0  0  0  0  0  0  0  0  0  3880038  0  0  0  0  0  0  0  0  0  21  0  0  0  0  0  46  0  0  0  0  0  0  0 
1441627012  0  0  0  0  0  0  0  0  0  3880038  0  0  0  0  0  0  0  0  0  21  0  0  0  0  0  46  0  0  0  0  0  0  0 
1441627013  0  0  0  0  0  0  0  0  0  3880038  0  0  0  0  0  0  0  0  0  21  0  0  0  0  0  46  0  0  0  0  0  0  0 
1441627013  0  0  0  0  0  0  0  0  0  3880038  0  0  0  0  0  0  0  0  0  21  0  0  0  0  0  46  0  0  0  0  0  0  0 
1441627014  0  0  0  0  0  0  0  0  0  3880038  0  0  0  0  0  0  0  0  0  21  0  0  0  0  0  46  0  0  0  0  0  0  0 
1441627014  0  0  0  0  0  0  0  0  0  3880038  0  0  0  0  0  0  0  0  0  21  0  0  0  0  0  46  0  0  0  0  0  0  0 
1441627015  0  0  0  0  0  0  0  0  0  3880038  0  0  0  0  0  0  0  0  0  21  0  0  0  0  0  46  0  0  0  0  0  0  0 
1441627015  0  0  0  0  0  0  0  0  0  3880038  0  0  0  0  0  0  0  0  0  21  0  0  0  0  0  46  0  0  0  0  0  0  0 
1441627016  0  0  0  0  0  0  0  0  0  3880038  0  0  0  0  0  0  0  0  0  21  0  0  0  0  0  46  0  0  0  0  0  0  0 
1441627016  0  0  0  0  0  0  0  0  0  3880038  0  0  0  0  0  0  0  0  0  21  0  0  0  0  0  46  0  0  0  0  0  0  0 
1441627017  0  0  0  0  0  0  0  0  0  3880038  0  0  0  0  0  0  0  0  0  21  0  0  0  0  0  46  0  0  0  0  0  0  0 
1441627017  0  0  0  0  0  0  0  0  0  3880038  0  0  0  0  0  0  0  0  0  21  0  0  0  0  0  46  0  0  0  0  0  0  0 
1441627018  0  0  0  0  0  0  0  0  0  3880038  0  0  0  0  0  0  0  0  0  21  0  0  0  0  0  46  0  0  0  0  0  0  0 
1441627018  0  0  0  0  0  0  0  0  0  3880038  0  0  0  0  0  0  0  0  0  21  0  0  0  0  0  46  0  0  0  0  0  0  0 
1441627019  0  0  0  0  0  0  0  0  0  3880038  0  0  0  0  0  0  0  0  0  21  0  0  0  0  0  46  0  0  0  0  0  0  0 
1441627019  0  0  0  0  0  0  0  0  0  3880038  0  0  0  0  0  0  0  0  0  21  0  0  0  0  0  46  0  0  0  0  0  0  0 
1441627020  0  0  0  0  0  0  0  0  0  3880038  0  0  0  0  0  0  0  0  0  21  0  0  0  0  0  46  0  0  0  0  0  0  0 
1441627020  0  0  0  0  0  0  0  0  0  3880038  0  0  0  0  0  0  0  0  0  21  0  0  0  0  0  46  0  0  0  0  0  0  0 
1441627021  0  0  0  0  0  0  0  0  0  3880038  0  0  0  0  0  0  0  0  0  21  0  0  0  0  0  46  0  0  0  0  0  0  0 
1441627021  0  0  0  0  0  0  0  0  0  3880038  0  0  0  0  0  0  0  0  0  21  0  0  0  0  0  46  0  0  0  0  0  0  0 
1441627022  0  0  0  0  0  0  0  0  0  3880038  0  0  0  0  0  0  0  0  0  21  0  0  0  0  0  46  0  0  0  0  0  0  0 
1441627022  0  0  0  0  0  0  0  0  0  3880038  0  0  0  0  0  0  0  0  0  21  0  0  0  0  0  46  0  0  0  0  0  0  0 
1441627023  0  0  0  0  0  0  0  0  0  3880038  0  0  0  0  0  0  0  0  0  21  0  0  0  0  0  46  0  0  0  0  0  0  0 
1441627023  0  0  0  0  0  0  0  0  0  3880038  0  0  0  0  0  0  0  0  0  21  0  0  0  0  0  46  0  0  0  0  0  0  0 
1441627024  0  0  0  0  0  0  0  0  0  3880038  0  0  0  0  0  0  0  0  0  21  0  0  0  0  0  46  0  0  0  0  0  0  0 
1441627024  0  0  0  0  0  0  0  0  0  3880038  0  0  0  0  0  0  0  0  0  21  0  0  0  0  0  46  0  0  0  0  0  0  0 
1441627025  0  0  0  0  0  0  0  0  0  3880038  0  0  0  0  0  0  0  0  0  21  0  0  0  0  0  46  0  0  0  0  0  0  0 
1441627025  0  0  0  0  0  0  0  0  0  3880038  0  0  0  0  0  0  0  0  0  21  0  0  0  0  0  46  0  0  0  0  0  0  0 
1441627026  0  0  0  0  0  0  0  0  0  3880038  0  0  0  0  0  0  0  0  0  21  0  0  0  0  0  46  0  0  0  0  0  0  0 
1441627026  0  0  0  0  0  0  0  0  0  3880038  0  0  0  0  0  0  0  0  0  21  0  0  0  0  0  46  0  0  0  0  0  0  0 
1441627027  0  0  0  0  0  0  0  0  0  3880038  0  0  0  0  0  0  0  0  0  21  0  0  0  0  0  46  0  0  0  0  0  0  0 
1441627027  0  0  0  0  0  0  0  0  0  3880038  0  0  0  0  0  0  0  0  0  21  0  0  0  0  0  46  0  0  0  0  0  0  0 
1441627028  0  0  0  0  0  0  0  0  0  3880038  0  0  0  0  0  0  0  0  0  21  0  0  0  0  0  46  0  0  0  0  0  0  0 
1441627028  0  0  0  0  0  0  0  0  0  3880038  0  0  0  0  0  0  0  0  0  21  0  0  0  0  0  46  0  0  0  0  0  0  0 
1441627029  0  0  0  0  0  0  0  0  0  3880038  0  0  0  0  0  0  0  0  0  21  0  0  0  0  0  46  0  0  0  0  0  0  0 
1441627029  0  0  0  0  0  0  0  0  0  3880038  0  0  0  0  0  0  0  0  0  21  0  0  0  0  0  46  0  0  0  0  0  0  0 
1441627030  0  0  0  0  0  0  0  0  0  3886676  0  0  0  0  0  0  0  0  0  21  0  0  0  0  0  47  0  6638  0  0  0  0  0 
1441627030  0  0  0  0  0  0  0  0  0  3886676  0  0  0  0  0  0  0  0  0  21  0  0  0  0  0  47  0  0  0  0  0  0  0 
1441627031  0  0  0  0  0  0  0  0  0  3886676  0  0  0  0  0  0  0  0  0  21  0  0  0  0  0  47  0  0  0  0  0  0  0 
1441627031  0  0  0  0  0  0  0  0  0  3886676  0  0  0  0  0  0  0  0  0  21  0  0  0  0  0  47  0  0  0  0  0  0  0 
1441627032  0  0  0  0  0  0  0  0  0  3886676  0  0  0  0  0  0  0  0  0  21  0  0  0  0  0  47  0  0  0  0  0  0  0 
1441627032  0  0  0  0  0  0  0  0  0  3886676  0  0  0  0  0  0  0  0  0  21  0  0  0  0  0  47  0  0  0  0  0  0  0 
1441627033  0  0  0  0  0  0  0  0  0  3886676  0  0  0  0  0  0  0  0  0  21  0  0  0  0  0  47  0  0  0  0  0  0  0 
1441627033  0  0  0  0  0  0  0  0  0  3886676  0  0  0  0  0  0  0  0  0  21  0  0  0  0  0  47  0  0  0  0  0  0  0 
1441627034  0  0  0  0  0  0  0  0  0  3886676  0  0  0  0  0  0  0  0  0  21  0  0  0  0  0  47  0  0  0  0  0  0  0 
1441627034  0  0  0  0  0  0  0  0  0  3886676  0  0  0  0  0  0  0  0  0  21  0  0  0  0  0  47  0  0  0  0  0  0  0 
1441627035  0  0  0  0  0  0  0  0  0  3886676  0  0  0  0  0  0  0  0  0  21  0  0  0  0  0  47  0  0  0  0  0  0  0 
1441627035  0  0  0  0  0  0  0  0  0  3886676  0  0  0  0  0  0  0  0  0  21  0  0  0  0  0  47  0  0  0  0  0  0  0 
1441627036  0  0  0  0  0  0  0  0  0  3886676  0  0  0  0  0  0  0  0  0  21  0  0  0  0  0  47  0  0  0  0  0  0  0 
1441627036  0  0  0  0  0  0  0  0  0  3886676  0  0  0  0  0  0  0  0  0  21  0  0  0  0  0  47  0  0  0  0  0  0  0 
1441627037  0  0  0  0  0  0  0  0  0  3886676  0  0  0  0  0  0  0  0  0  21  0  0  0  0  0  47  0  0  0  0  0  0  0 
1441627037  0  0  0  0  0  0  0  0  0  3886676  0  0  0  0  0  0  0  0  0  21  0  0  0  0  0  47  0  0  0  0  0  0  0 
1441627038  0  0  0  0  0  0  0  0  0  3886676  0  0  0  0  0  0  0  0  0  21  0  0  0  0  0  47  0  0  0  0  0  0  0 
1441627038  0  0  0  0  0  0  0  0  0  3886676  0  0  0  0  0  0  0  0  0  21  0  0  0  0  0  47  0  0  0  0  0  0  0 
1441627039  0  0  0  0  0  0  0  0  0  3886676  0  0  0  0  0  0  0  0  0  21  0  0  0  0  0  47  0  0  0  0  0  0  0 
1441627039  0  0  0  0  0  0  0  0  0  3886676  0  0  0  0  0  0  0  0  0  21  0  0  0  0  0  47  0  0  0  0  0  0  0 
1441627040  0  0  0  0  0  0  0  0  0  3889664  0  0  0  0  0  0  0  0  0  21  0  0  0  0  0  48  0  2988  0  0  0  0  0 
1441627040  0  0  0  0  0  0  0  0  0  3889664  0  0  0  0  0  0  0  0  0  21  0  0  0  0  0  48  0  0  0  0  0  0  0 
1441627041  0  0  0  0  0  0  0  0  0  3889664  0  0  0  0  0  0  0  0  0  21  0  0  0  0  0  48  0  0  0  0  0  0  0 
1441627041  0  0  0  0  0  0  0  0  0  3889664  0  0  0  0  0  0  0  0  0  21  0  0  0  0  0  48  0  0  0  0  0  0  0 
1441627042  0  0  0  0  0  0  0  0  0  3889664  0  0  0  0  0  0  0  0  0  21  0  0  0  0  0  48  0  0  0  0  0  0  0 
1441627042  0  0  0  0  0  0  0  0  0  3889664  0  0  0  0  0  0  0  0  0  21  0  0  0  0  0  48  0  0  0  0  0  0  0 
1441627043  0  0  0  0  0  0  0  0  0  3889664  0  0  0  0  0  0  0  0  0  21  0  0  0  0  0  48  0  0  0  0  0  0  0 
1441627043  0  0  0  0  0  0  0  0  0  3889664  0  0  0  0  0  0  0  0  0  21  0  0  0  0  0  48  0  0  0  0  0  0  0 
1441627044  0  0  0  0  0  0  0  0  0  3889664  0  0  0  0  0  0  0  0  0  21  0  0  0  0  0  48  0  0  0  0  0  0  0 
1441627044  0  0  0  0  0  0  0  0  0  3889664  0  0  0  0  0  0  0  0  0  21  0  0  0  0  0  48  0  0  0  0  0  0  0 
1441627045  0  0  0  0  0  0  0  0  0  3889664  0  0  0  0  0  0  0  0  0  21  0  0  0  0  0  48  0  0  0  0  0  0  0 
1441627045  0  0  0  0  0  0  0  0  0  3889664  0  0  0  0  0  0  0  0  0  21  0  0  0  0  0  48  0  0  0  0  0  0  0 
1441627046  0  0  0  0  0  0  0  0  0  3889664  0  0  0  0  0  0  0  0  0  21  0  0  0  0  0  48  0  0  0  0  0  0  0 
1441627046  0  0  0  0  0  0  0  0  0  3889664  0  0  0  0  0  0  0  0  0  21  0  0  0  0  0  48  0  0  0  0  0  0  0 
1441627047  0  0  0  0  0  0  0  0  0  3889664  0  0  0  0  0  0  0  0  0  21  0  0  0  0  0  48  0  0  0  0  0  0  0 
1441627047  0  0  0  0  0  0  0  0  0  3889664  0  0  0  0  0  0  0  0  0  21  0  0  0  0  0  48  0  0  0  0  0  0  0 
1441627048  0  0  0  0  0  0  0  0  0  3889664  0  0  0  0  0  0  0  0  0  21  0  0  0  0  0  48  0  0  0  0  0  0  0 
1441627049  0  0  0  0  0  0  0  0  0  3889664  0  0  0  0  0  0  0  0  0  21  0  0  0  0  0  48  0  0  0  0  0  0  0 
1441627049  0  0  0  0  0  0  0  0  0  3889664  0  0  0  0  0  0  0  0  0  21  0  0  0  0  0  48  0  0  0  0  0  0  0 
1441627050  0  0  0  0  0  0  0  0  0  3889664  0  0  0  0  0  0  0  0  0  21  0  0  0  0  0  48  0  0  0  0  0  0  0 
1441627050  0  0  0  0  0  0  0  0  0  3892552  0  0  0  0  0  0  0  0  0  21  0  0  0  0  0  49  0  2888  0  0  0  0  0 
1441627051  0  0  0  0  0  0  0  0  0  3892552  0  0  0  0  0  0  0  0  0  21  0  0  0  0  0  49  0  0  0  0  0  0  0 
1441627051  0  0  0  0  0  0  0  0  0  3892552  0  0  0  0  0  0  0  0  0  21  0  0  0  0  0  49  0  0  0  0  0  0  0 
1441627052  0  0  0  0  0  0  0  0  0  3892552  0  0  0  0  0  0  0  0  0  21  0  0  0  0  0  49  0  0  0  0  0  0  0 
1441627052  0  0  0  0  0  0  0  0  0  3892552  0  0  0  0  0  0  0  0  0  21  0  0  0  0  0  49  0  0  0  0  0  0  0 
1441627053  0  0  0  0  0  0  0  0  0  3892552  0  0  0  0  0  0  0  0  0  21  0  0  0  0  0  49  0  0  0  0  0  0  0 
1441627053  0  0  0  0  0  0  0  0  0  3892552  0  0  0  0  0  0  0  0  0  21  0  0  0  0  0  49  0  0  0  0  0  0  0 
1441627054  0  0  0  0  0  0  0  0  0  3892552  0  0  0  0  0  0  0  0  0  21  0  0  0  0  0  49  0  0  0  0  0  0  0 
1441627054  0  0  0  0  0  0  0  0  0  3892552  0  0  0  0  0  0  0  0  0  21  0  0  0  0  0  49  0  0  0  0  0  0  0 
1441627055  0  0  0  0  0  0  0  0  0  3892552  0  0  0  0  0  0  0  0  0  21  0  0  0  0  0  49  0  0  0  0  0  0  0 
1441627055  0  0  0  0  0  0  0  0  0  3892552  0  0  0  0  0  0  0  0  0  21  0  0  0  0  0  49  0  0  0  0  0  0  0 
1441627056  0  0  0  0  0  0  0  0  0  3892552  0  0  0  0  0  0  0  0  0  21  0  0  0  0  0  49  0  0  0  0  0  0  0 
1441627056  0  0  0  0  0  0  0  0  0  3892552  0  0  0  0  0  0  0  0  0  21  0  0  0  0  0  49  0  0  0  0  0  0  0 
1441627057  0  0  0  0  0  0  0  0  0  3892552  0  0  0  0  0  0  0  0  0  21  0  0  0  0  0  49  0  0  0  0  0  0  0 
1441627057  0  0  0  0  0  0  0  0  0  3892552  0  0  0  0  0  0  0  0  0  21  0  0  0  0  0  49  0  0  0  0  0  0  0 
1441627058  0  0  0  0  0  0  0  0  0  3892552  0  0  0  0  0  0  0  0  0  21  0  0  0  0  0  49  0  0  0  0  0  0  0 
1441627058  0  0  0  0  0  0  0  0  0  3892552  0  0  0  0  0  0  0  0  0  21  0  0  0  0  0  49  0  0  0  0  0  0  0 
1441627059  0  0  0  0  0  0  0  0  0  3892552  0  0  0  0  0  0  0  0  0  21  0  0  0  0  0  49  0  0  0  0  0  0  0 
1441627059  0  0  0  0  0  0  0  0  0  3892552  0  0  0  0  0  0  0  0  0  21  0  0  0  0  0  49  0  0  0  0  0  0  0 
1441627060  0  0  0  0  0  0  0  0  0  3892552  0  0  0  0  0  0  0  0  0  21  0  0  0  0  0  49  0  0  0  0  0  0  0 
1441627060  0  0  0  0  0  0  0  0  0  3895824  0  0  0  0  0  0  0  0  0  21  0  0  0  0  0  50  0  3272  0  0  0  0  0 
1441627061  0  0  0  0  0  0  0  0  0  3895824  0  0  0  0  0  0  0  0  0  21  0  0  0  0  0  50  0  0  0  0  0  0  0 
1441627061  0  0  0  0  0  0  0  0  0  3895824  0  0  0  0  0  0  0  0  0  21  0  0  0  0  0  50  0  0  0  0  0  0  0 
1441627062  0  0  0  0  0  0  0  0  0  3895824  0  0  0  0  0  0  0  0  0  21  0  0  0  0  0  50  0  0  0  0  0  0  0 
1441627062  0  0  0  0  0  0  0  0  0  3895824  0  0  0  0  0  0  0  0  0  21  0  0  0  0  0  50  0  0  0  0  0  0  0 
1441627063  0  0  0  0  0  0  0  0  0  3895824  0  0  0  0  0  0  0  0  0  21  0  0  0  0  0  50  0  0  0  0  0  0  0 
1441627063  0  0  0  0  0  0  0  0  0  3895824  0  0  0  0  0  0  0  0  0  21  0  0  0  0  0  50  0  0  0  0  0  0  0 
1441627064  0  0  0  0  0  0  0  0  0  3895824  0  0  0  0  0  0  0  0  0  21  0  0  0  0  0  50  0  0  0  0  0  0  0 
1441627064  0  0  0  0  0  0  0  0  0  3895824  0  0  0  0  0  0  0  0  0  21  0  0  0  0  0  50  0  0  0  0  0  0  0 
1441627065  0  0  0  0  0  0  0  0  0  3895824  0  0  0  0  0  0  0  0  0  21  0  0  0  0  0  50  0  0  0  0  0  0  0 
1441627065  0  0  0  0  0  0  0  0  0  3895824  0  0  0  0  0  0  0  0  0  21  0  0  0  0  0  50  0  0  0  0  0  0  0 
1441627066  0  0  0  0  0  0  0  0  0  3895824  0  0  0  0  0  0  0  0  0  21  0  0  0  0  0  50  0  0  0  0  0  0  0 
1441627066  0  0  0  0  0  0  0  0  0  3895824  0  0  0  0  0  0  0  0  0  21  0  0  0  0  0  50  0  0  0  0  0  0  0 
1441627067  0  0  0  0  0  0  0  0  0  3895824  0  0  0  0  0  0  0  0  0  21  0  0  0  0  0  50  0  0  0  0  0  0  0 
1441627067  0  0  0  0  0  0  0  0  0  3895824  0  0  0  0  0  0  0  0  0  21  0  0  0  0  0  50  0  0  0  0  0  0  0 
1441627068  0  0  0  0  0  0  0  0  0  3895824  0  0  0  0  0  0  0  0  0  21  0  0  0  0  0  50  0  0  0  0  0  0  0 
1441627068  0  0  0  0  0  0  0  0  0  3895824  0  0  0  0  0  0  0  0  0  21  0  0  0  0  0  50  0  0  0  0  0  0  0 
1441627069  0  0  0  0  0  0  0  0  0  3895824  0  0  0  0  0  0  0  0  0  21  0  0  0  0  0  50  0  0  0  0  0  0  0 
1441627069  0  0  0  0  0  0  0  0  0  3895824  0  0  0  0  0  0  0  0  0  21  0  0  0  0  0  50  0  0  0  0  0  0  0 
1441627070  0  0  0  0  0  0  0  0  0  3895824  0  0  0  0  0  0  0  0  0  21  0  0  0  0  0  50  0  0  0  0  0  0  0 
1441627070  0  0  0  0  0  0  0  0  0  3900847  0  0  0  0  0  0  0  0  0  21  0  0  0  0  0  51  0  5023  0  0  0  0  0 
1441627071  0  0  0  0  0  0  0  0  0  3900847  0  0  0  0  0  0  0  0  0  21  0  0  0  0  0  51  0  0  0  0  0  0  0 
1441627071  0  0  0  0  0  0  0  0  0  3900847  0  0  0  0  0  0  0  0  0  21  0  0  0  0  0  51  0  0  0  0  0  0  0 
1441627072  0  0  0  0  0  0  0  0  0  3900847  0  0  0  0  0  0  0  0  0  21  0  0  0  0  0  51  0  0  0  0  0  0  0 
1441627072  0  0  0  0  0  0  0  0  0  3900847  0  0  0  0  0  0  0  0  0  21  0  0  0  0  0  51  0  0  0  0  0  0  0 
1441627073  0  0  0  0  0  0  0  0  0  3900847  0  0  0  0  0  0  0  0  0  21  0  0  0  0  0  51  0  0  0  0  0  0  0 
1441627073  0  0  0  0  0  0  0  0  0  3900847  0  0  0  0  0  0  0  0  0  21  0  0  0  0  0  51  0  0  0  0  0  0  0 
1441627074  0  0  0  0  0  0  0  0  0  3900847  0  0  0  0  0  0  0  0  0  21  0  0  0  0  0  51  0  0  0  0  0  0  0 
1441627074  0  0  0  0  0  0  0  0  0  3900847  0  0  0  0  0  0  0  0  0  21  0  0  0  0  0  51  0  0  0  0  0  0  0 
1441627075  0  0  0  0  0  0  0  0  0  3900847  0  0  0  0  0  0  0  0  0  21  0  0  0  0  0  51  0  0  0  0  0  0  0 
1441627075  0  0  0  0  0  0  0  0  0  3900847  0  0  0  0  0  0  0  0  0  21  0  0  0  0  0  51  0  0  0  0  0  0  0 
1441627076  0  0  0  0  0  0  0  0  0  3900847  0  0  0  0  0  0  0  0  0  21  0  0  0  0  0  51  0  0  0  0  0  0  0 
1441627076  0  0  0  0  0  0  0  0  0  3900847  0  0  0  0  0  0  0  0  0  21  0  0  0  0  0  51  0  0  0  0  0  0  0 
1441627077  0  0  0  0  0  0  0  0  0  3900847  0  0  0  0  0  0  0  0  0  21  0  0  0  0  0  51  0  0  0  0  0  0  0 
1441627077  0  0  0  0  0  0  0  0  0  3900847  0  0  0  0  0  0  0  0  0  21  0  0  0  0  0  51  0  0  0  0  0  0  0 
1441627078  0  0  0  0  0  0  0  0  0  3900847  0  0  0  0  0  0  0  0  0  21  0  0  0  0  0  51  0  0  0  0  0  0  0 
1441627078  0  0  0  0  0  0  0  0  0  3900847  0  0  0  0  0  0  0  0  0  21  0  0  0  0  0  51  0  0  0  0  0  0  0 
1441627079  0  0  0  0  0  0  0  0  0  3900847  0  0  0  0  0  0  0  0  0  21  0  0  0  0  0  51  0  0  0  0  0  0  0 
1441627079  0  0  0  0  0  0  0  0  0  3900847  0  0  0  0  0  0  0  0  0  21  0  0  0  0  0  51  0  0  0  0  0  0  0 
1441627080  0  0  0  0  0  0  0  0  0  3922671  0  0  0  0  0  0  0  0  0  21  0  0  0  0  0  51  0  21824  0  0  0  0  0 
1441627080  0  0  0  0  0  0  0  0  0  3922671  0  0  0  0  0  0  0  0  0  21  0  0  0  0  0  51  0  0  0  0  0  0  0 
1441627081  0  0  0  0  0  0  0  0  0  3996652  0  0  0  0  0  0  0  0  0  25  0  0  0  0  0  64  0  73981  0  0  0  0  0 
1441627081  0  0  0  0  0  0  0  0  0  3996652  0  0  0  0  0  0  0  0  0  25  0  0  0  0  0  64  0  0  0  0  0  0  0 
