#Type:X;CI:1;ww:0;ca:0;co:0;fr:0;Type:X;CI:1;PI:0;PT:EP;U0:0;U1:0;Type:X;CI:1;PI:1;PT:EP;U0:0;U1:0;
#time  Pp  gt  gs  cn  cm  cb  Nc  Pc  cp  Tc  Nm  pr  ps  pt  px  pd  Pm  Om  fs  ft  Oc  Em  Gp  Ec  Ge  ot  os  Total_cycles_diff  Successful_get_diff  Total_get_diff  succ_put_diff  total_put_diff  get_hit  
1441626898  0  0  0  0  0  0  0  0  0  4205728  0  0  0  0  0  0  0  0  0  21  0  0  0  0  0  46  0  4205728  0  0  0  0  
1441626898  0  0  0  0  0  0  0  0  0  4211782  0  0  0  0  0  0  0  0  0  21  0  0  0  0  0  47  0  6054  0  0  0  0  0 
1441626899  0  0  0  0  0  0  0  0  0  4211782  0  0  0  0  0  0  0  0  0  21  0  0  0  0  0  47  0  0  0  0  0  0  0 
1441626900  0  0  0  0  0  0  0  0  0  4211782  0  0  0  0  0  0  0  0  0  21  0  0  0  0  0  47  0  0  0  0  0  0  0 
1441626900  0  0  0  0  0  0  0  0  0  4211782  0  0  0  0  0  0  0  0  0  21  0  0  0  0  0  47  0  0  0  0  0  0  0 
1441626901  0  0  0  0  0  0  0  0  0  4211782  0  0  0  0  0  0  0  0  0  21  0  0  0  0  0  47  0  0  0  0  0  0  0 
1441626901  0  0  0  0  0  0  0  0  0  4211782  0  0  0  0  0  0  0  0  0  21  0  0  0  0  0  47  0  0  0  0  0  0  0 
1441626902  0  0  0  0  0  0  0  0  0  4211782  0  0  0  0  0  0  0  0  0  21  0  0  0  0  0  47  0  0  0  0  0  0  0 
1441626902  0  0  0  0  0  0  0  0  0  4211782  0  0  0  0  0  0  0  0  0  21  0  0  0  0  0  47  0  0  0  0  0  0  0 
1441626903  0  0  0  0  0  0  0  0  0  4211782  0  0  0  0  0  0  0  0  0  21  0  0  0  0  0  47  0  0  0  0  0  0  0 
1441626903  0  0  0  0  0  0  0  0  0  4211782  0  0  0  0  0  0  0  0  0  21  0  0  0  0  0  47  0  0  0  0  0  0  0 
1441626904  0  0  0  0  0  0  0  0  0  4211782  0  0  0  0  0  0  0  0  0  21  0  0  0  0  0  47  0  0  0  0  0  0  0 
1441626904  0  0  0  0  0  0  0  0  0  4211782  0  0  0  0  0  0  0  0  0  21  0  0  0  0  0  47  0  0  0  0  0  0  0 
1441626905  0  0  0  0  0  0  0  0  0  4211782  0  0  0  0  0  0  0  0  0  21  0  0  0  0  0  47  0  0  0  0  0  0  0 
1441626905  0  0  0  0  0  0  0  0  0  4211782  0  0  0  0  0  0  0  0  0  21  0  0  0  0  0  47  0  0  0  0  0  0  0 
1441626906  0  0  0  0  0  0  0  0  0  4211782  0  0  0  0  0  0  0  0  0  21  0  0  0  0  0  47  0  0  0  0  0  0  0 
1441626906  0  0  0  0  0  0  0  0  0  4211782  0  0  0  0  0  0  0  0  0  21  0  0  0  0  0  47  0  0  0  0  0  0  0 
1441626907  0  0  0  0  0  0  0  0  0  4211782  0  0  0  0  0  0  0  0  0  21  0  0  0  0  0  47  0  0  0  0  0  0  0 
1441626907  0  0  0  0  0  0  0  0  0  4211782  0  0  0  0  0  0  0  0  0  21  0  0  0  0  0  47  0  0  0  0  0  0  0 
1441626908  0  0  0  0  0  0  0  0  0  4211782  0  0  0  0  0  0  0  0  0  21  0  0  0  0  0  47  0  0  0  0  0  0  0 
1441626908  0  0  0  0  0  0  0  0  0  4214332  0  0  0  0  0  0  0  0  0  21  0  0  0  0  0  48  0  2550  0  0  0  0  0 
1441626909  0  0  0  0  0  0  0  0  0  4214332  0  0  0  0  0  0  0  0  0  21  0  0  0  0  0  48  0  0  0  0  0  0  0 
1441626909  0  0  0  0  0  0  0  0  0  4214332  0  0  0  0  0  0  0  0  0  21  0  0  0  0  0  48  0  0  0  0  0  0  0 
1441626910  0  0  0  0  0  0  0  0  0  4214332  0  0  0  0  0  0  0  0  0  21  0  0  0  0  0  48  0  0  0  0  0  0  0 
1441626910  0  0  0  0  0  0  0  0  0  4214332  0  0  0  0  0  0  0  0  0  21  0  0  0  0  0  48  0  0  0  0  0  0  0 
1441626911  0  0  0  0  0  0  0  0  0  4214332  0  0  0  0  0  0  0  0  0  21  0  0  0  0  0  48  0  0  0  0  0  0  0 
1441626911  0  0  0  0  0  0  0  0  0  4214332  0  0  0  0  0  0  0  0  0  21  0  0  0  0  0  48  0  0  0  0  0  0  0 
1441626912  0  0  0  0  0  0  0  0  0  4214332  0  0  0  0  0  0  0  0  0  21  0  0  0  0  0  48  0  0  0  0  0  0  0 
1441626912  0  0  0  0  0  0  0  0  0  4214332  0  0  0  0  0  0  0  0  0  21  0  0  0  0  0  48  0  0  0  0  0  0  0 
1441626913  0  0  0  0  0  0  0  0  0  4214332  0  0  0  0  0  0  0  0  0  21  0  0  0  0  0  48  0  0  0  0  0  0  0 
1441626913  0  0  0  0  0  0  0  0  0  4214332  0  0  0  0  0  0  0  0  0  21  0  0  0  0  0  48  0  0  0  0  0  0  0 
1441626914  0  0  0  0  0  0  0  0  0  4214332  0  0  0  0  0  0  0  0  0  21  0  0  0  0  0  48  0  0  0  0  0  0  0 
1441626914  0  0  0  0  0  0  0  0  0  4214332  0  0  0  0  0  0  0  0  0  21  0  0  0  0  0  48  0  0  0  0  0  0  0 
1441626915  0  0  0  0  0  0  0  0  0  4214332  0  0  0  0  0  0  0  0  0  21  0  0  0  0  0  48  0  0  0  0  0  0  0 
1441626915  0  0  0  0  0  0  0  0  0  4214332  0  0  0  0  0  0  0  0  0  21  0  0  0  0  0  48  0  0  0  0  0  0  0 
1441626916  0  0  0  0  0  0  0  0  0  4214332  0  0  0  0  0  0  0  0  0  21  0  0  0  0  0  48  0  0  0  0  0  0  0 
1441626916  0  0  0  0  0  0  0  0  0  4214332  0  0  0  0  0  0  0  0  0  21  0  0  0  0  0  48  0  0  0  0  0  0  0 
1441626917  0  0  0  0  0  0  0  0  0  4214332  0  0  0  0  0  0  0  0  0  21  0  0  0  0  0  48  0  0  0  0  0  0  0 
1441626917  0  0  0  0  0  0  0  0  0  4214332  0  0  0  0  0  0  0  0  0  21  0  0  0  0  0  48  0  0  0  0  0  0  0 
1441626918  0  0  0  0  0  0  0  0  0  4214332  0  0  0  0  0  0  0  0  0  21  0  0  0  0  0  48  0  0  0  0  0  0  0 
1441626918  0  0  0  0  0  0  0  0  0  4217212  0  0  0  0  0  0  0  0  0  21  0  0  0  0  0  49  0  2880  0  0  0  0  0 
1441626919  0  0  0  0  0  0  0  0  0  4217212  0  0  0  0  0  0  0  0  0  21  0  0  0  0  0  49  0  0  0  0  0  0  0 
1441626919  0  0  0  0  0  0  0  0  0  4217212  0  0  0  0  0  0  0  0  0  21  0  0  0  0  0  49  0  0  0  0  0  0  0 
1441626920  0  0  0  0  0  0  0  0  0  4217212  0  0  0  0  0  0  0  0  0  21  0  0  0  0  0  49  0  0  0  0  0  0  0 
1441626920  0  0  0  0  0  0  0  0  0  4217212  0  0  0  0  0  0  0  0  0  21  0  0  0  0  0  49  0  0  0  0  0  0  0 
1441626921  0  0  0  0  0  0  0  0  0  4217212  0  0  0  0  0  0  0  0  0  21  0  0  0  0  0  49  0  0  0  0  0  0  0 
1441626921  0  0  0  0  0  0  0  0  0  4217212  0  0  0  0  0  0  0  0  0  21  0  0  0  0  0  49  0  0  0  0  0  0  0 
1441626922  0  0  0  0  0  0  0  0  0  4217212  0  0  0  0  0  0  0  0  0  21  0  0  0  0  0  49  0  0  0  0  0  0  0 
1441626922  0  0  0  0  0  0  0  0  0  4217212  0  0  0  0  0  0  0  0  0  21  0  0  0  0  0  49  0  0  0  0  0  0  0 
1441626923  0  0  0  0  0  0  0  0  0  4217212  0  0  0  0  0  0  0  0  0  21  0  0  0  0  0  49  0  0  0  0  0  0  0 
1441626923  0  0  0  0  0  0  0  0  0  4217212  0  0  0  0  0  0  0  0  0  21  0  0  0  0  0  49  0  0  0  0  0  0  0 
1441626924  0  0  0  0  0  0  0  0  0  4217212  0  0  0  0  0  0  0  0  0  21  0  0  0  0  0  49  0  0  0  0  0  0  0 
1441626924  0  0  0  0  0  0  0  0  0  4217212  0  0  0  0  0  0  0  0  0  21  0  0  0  0  0  49  0  0  0  0  0  0  0 
1441626925  0  0  0  0  0  0  0  0  0  4217212  0  0  0  0  0  0  0  0  0  21  0  0  0  0  0  49  0  0  0  0  0  0  0 
1441626925  0  0  0  0  0  0  0  0  0  4217212  0  0  0  0  0  0  0  0  0  21  0  0  0  0  0  49  0  0  0  0  0  0  0 
1441626926  0  0  0  0  0  0  0  0  0  4217212  0  0  0  0  0  0  0  0  0  21  0  0  0  0  0  49  0  0  0  0  0  0  0 
1441626926  0  0  0  0  0  0  0  0  0  4217212  0  0  0  0  0  0  0  0  0  21  0  0  0  0  0  49  0  0  0  0  0  0  0 
1441626927  0  0  0  0  0  0  0  0  0  4217212  0  0  0  0  0  0  0  0  0  21  0  0  0  0  0  49  0  0  0  0  0  0  0 
1441626927  0  0  0  0  0  0  0  0  0  4217212  0  0  0  0  0  0  0  0  0  21  0  0  0  0  0  49  0  0  0  0  0  0  0 
1441626928  0  0  0  0  0  0  0  0  0  4217212  0  0  0  0  0  0  0  0  0  21  0  0  0  0  0  49  0  0  0  0  0  0  0 
1441626928  0  0  0  0  0  0  0  0  0  4219749  0  0  0  0  0  0  0  0  0  21  0  0  0  0  0  50  0  2537  0  0  0  0  0 
1441626929  0  0  0  0  0  0  0  0  0  4219749  0  0  0  0  0  0  0  0  0  21  0  0  0  0  0  50  0  0  0  0  0  0  0 
1441626929  0  0  0  0  0  0  0  0  0  4219749  0  0  0  0  0  0  0  0  0  21  0  0  0  0  0  50  0  0  0  0  0  0  0 
1441626930  0  0  0  0  0  0  0  0  0  4219749  0  0  0  0  0  0  0  0  0  21  0  0  0  0  0  50  0  0  0  0  0  0  0 
1441626930  0  0  0  0  0  0  0  0  0  4219749  0  0  0  0  0  0  0  0  0  21  0  0  0  0  0  50  0  0  0  0  0  0  0 
1441626931  0  0  0  0  0  0  0  0  0  4219749  0  0  0  0  0  0  0  0  0  21  0  0  0  0  0  50  0  0  0  0  0  0  0 
1441626931  0  0  0  0  0  0  0  0  0  4219749  0  0  0  0  0  0  0  0  0  21  0  0  0  0  0  50  0  0  0  0  0  0  0 
1441626932  0  0  0  0  0  0  0  0  0  4219749  0  0  0  0  0  0  0  0  0  21  0  0  0  0  0  50  0  0  0  0  0  0  0 
1441626932  0  0  0  0  0  0  0  0  0  4219749  0  0  0  0  0  0  0  0  0  21  0  0  0  0  0  50  0  0  0  0  0  0  0 
1441626933  0  0  0  0  0  0  0  0  0  4219749  0  0  0  0  0  0  0  0  0  21  0  0  0  0  0  50  0  0  0  0  0  0  0 
1441626934  0  0  0  0  0  0  0  0  0  4219749  0  0  0  0  0  0  0  0  0  21  0  0  0  0  0  50  0  0  0  0  0  0  0 
1441626934  0  0  0  0  0  0  0  0  0  4219749  0  0  0  0  0  0  0  0  0  21  0  0  0  0  0  50  0  0  0  0  0  0  0 
1441626935  0  0  0  0  0  0  0  0  0  4219749  0  0  0  0  0  0  0  0  0  21  0  0  0  0  0  50  0  0  0  0  0  0  0 
1441626935  0  0  0  0  0  0  0  0  0  4219749  0  0  0  0  0  0  0  0  0  21  0  0  0  0  0  50  0  0  0  0  0  0  0 
1441626936  0  0  0  0  0  0  0  0  0  4219749  0  0  0  0  0  0  0  0  0  21  0  0  0  0  0  50  0  0  0  0  0  0  0 
1441626936  0  0  0  0  0  0  0  0  0  4219749  0  0  0  0  0  0  0  0  0  21  0  0  0  0  0  50  0  0  0  0  0  0  0 
1441626937  0  0  0  0  0  0  0  0  0  4219749  0  0  0  0  0  0  0  0  0  21  0  0  0  0  0  50  0  0  0  0  0  0  0 
1441626937  0  0  0  0  0  0  0  0  0  4219749  0  0  0  0  0  0  0  0  0  21  0  0  0  0  0  50  0  0  0  0  0  0  0 
1441626938  0  0  0  0  0  0  0  0  0  4219749  0  0  0  0  0  0  0  0  0  21  0  0  0  0  0  50  0  0  0  0  0  0  0 
1441626938  0  0  0  0  0  0  0  0  0  4219749  0  0  0  0  0  0  0  0  0  21  0  0  0  0  0  50  0  0  0  0  0  0  0 
1441626939  0  0  0  0  0  0  0  0  0  4270383  0  0  0  0  0  0  0  0  0  23  0  0  0  0  0  54  0  50634  0  0  0  0  0 
1441626939  0  0  0  0  0  0  0  0  0  4309168  0  0  0  0  0  0  0  0  0  25  0  0  0  0  0  63  0  38785  0  0  0  0  0 
1441626940  0  0  0  0  0  0  0  0  0  4309168  0  0  0  0  0  0  0  0  0  25  0  0  0  0  0  63  0  0  0  0  0  0  0 
