#Type:X;CI:9;ww:0;ca:0;co:0;fr:0;Type:X;CI:9;PI:0;PT:EP;U0:0;U1:0;
#time  Pp  gt  gs  cn  cm  cb  Nc  Pc  cp  Tc  Nm  pr  ps  pt  px  pd  Pm  Om  fs  ft  Oc  Em  Gp  Ec  Ge  ot  os  Total_cycles_diff  Successful_get_diff  Total_get_diff  succ_put_diff  total_put_diff  get_hit  
1441627397  0  0  0  0  0  0  0  0  0  6604  0  0  0  0  0  0  0  0  0  0  0  0  0  0  0  0  0  6604  0  0  0  0  
1441627397  0  0  0  0  0  0  0  0  0  6604  0  0  0  0  0  0  0  0  0  0  0  0  0  0  0  0  0  0  0  0  0  0  0 
1441627398  0  0  0  0  0  0  0  0  0  949168  0  0  0  0  0  0  0  0  0  0  0  0  0  0  0  0  0  942564  0  0  0  0  0 
1441627398  0  0  0  0  0  0  0  0  0  1376854  0  0  0  0  0  0  0  0  0  0  0  0  0  0  0  0  0  427686  0  0  0  0  0 
1441627399  0  0  0  0  0  0  0  0  0  1565071  0  0  0  0  0  0  0  0  0  0  0  0  0  0  0  0  0  188217  0  0  0  0  0 
1441627399  0  0  0  0  0  0  0  0  0  1922279  0  0  0  0  0  0  0  0  0  0  0  0  0  0  0  0  0  357208  0  0  0  0  0 
1441627400  0  0  0  0  0  0  0  0  0  2279911  0  0  0  0  0  0  0  0  0  13  0  0  0  0  0  38  0  357632  0  0  0  0  0 
1441627400  0  0  0  0  0  0  0  0  0  2279911  0  0  0  0  0  0  0  0  0  13  0  0  0  0  0  38  0  0  0  0  0  0  0 
1441627401  0  0  0  0  0  0  0  0  0  3286068  0  0  0  0  0  0  0  0  0  15  0  0  0  0  0  41  0  1006157  0  0  0  0  0 
1441627401  0  0  0  0  0  0  0  0  0  3816600  0  0  0  0  0  0  0  0  0  21  0  0  0  0  0  46  0  530532  0  0  0  0  0 
1441627402  0  0  0  0  0  0  0  0  0  3994369  0  0  0  0  0  0  0  0  0  21  0  0  0  0  0  46  0  177769  0  0  0  0  0 
1441627402  0  0  0  0  0  0  0  0  0  3994369  0  0  0  0  0  0  0  0  0  21  0  0  0  0  0  46  0  0  0  0  0  0  0 
1441627403  0  0  0  0  0  0  0  0  0  3994369  0  0  0  0  0  0  0  0  0  21  0  0  0  0  0  46  0  0  0  0  0  0  0 
1441627403  0  0  0  0  0  0  0  0  0  3994369  0  0  0  0  0  0  0  0  0  21  0  0  0  0  0  46  0  0  0  0  0  0  0 
1441627404  0  0  0  0  0  0  0  0  0  3994369  0  0  0  0  0  0  0  0  0  21  0  0  0  0  0  46  0  0  0  0  0  0  0 
1441627405  0  0  0  0  0  0  0  0  0  3994369  0  0  0  0  0  0  0  0  0  21  0  0  0  0  0  46  0  0  0  0  0  0  0 
1441627405  0  0  0  0  0  0  0  0  0  3994369  0  0  0  0  0  0  0  0  0  21  0  0  0  0  0  46  0  0  0  0  0  0  0 
1441627406  0  0  0  0  0  0  0  0  0  3994369  0  0  0  0  0  0  0  0  0  21  0  0  0  0  0  46  0  0  0  0  0  0  0 
1441627406  0  0  0  0  0  0  0  0  0  3994369  0  0  0  0  0  0  0  0  0  21  0  0  0  0  0  46  0  0  0  0  0  0  0 
1441627407  0  0  0  0  0  0  0  0  0  3994369  0  0  0  0  0  0  0  0  0  21  0  0  0  0  0  46  0  0  0  0  0  0  0 
1441627407  0  0  0  0  0  0  0  0  0  3994369  0  0  0  0  0  0  0  0  0  21  0  0  0  0  0  46  0  0  0  0  0  0  0 
1441627408  0  0  0  0  0  0  0  0  0  3994369  0  0  0  0  0  0  0  0  0  21  0  0  0  0  0  46  0  0  0  0  0  0  0 
1441627408  0  0  0  0  0  0  0  0  0  3994369  0  0  0  0  0  0  0  0  0  21  0  0  0  0  0  46  0  0  0  0  0  0  0 
1441627409  0  0  0  0  0  0  0  0  0  3994369  0  0  0  0  0  0  0  0  0  21  0  0  0  0  0  46  0  0  0  0  0  0  0 
1441627409  0  0  0  0  0  0  0  0  0  3994369  0  0  0  0  0  0  0  0  0  21  0  0  0  0  0  46  0  0  0  0  0  0  0 
1441627410  0  0  0  0  0  0  0  0  0  3994369  0  0  0  0  0  0  0  0  0  21  0  0  0  0  0  46  0  0  0  0  0  0  0 
1441627410  0  0  0  0  0  0  0  0  0  3994369  0  0  0  0  0  0  0  0  0  21  0  0  0  0  0  46  0  0  0  0  0  0  0 
1441627411  0  0  0  0  0  0  0  0  0  3994369  0  0  0  0  0  0  0  0  0  21  0  0  0  0  0  46  0  0  0  0  0  0  0 
1441627411  0  0  0  0  0  0  0  0  0  3994369  0  0  0  0  0  0  0  0  0  21  0  0  0  0  0  46  0  0  0  0  0  0  0 
1441627412  0  0  0  0  0  0  0  0  0  3994369  0  0  0  0  0  0  0  0  0  21  0  0  0  0  0  46  0  0  0  0  0  0  0 
1441627412  0  0  0  0  0  0  0  0  0  3994369  0  0  0  0  0  0  0  0  0  21  0  0  0  0  0  46  0  0  0  0  0  0  0 
1441627413  0  0  0  0  0  0  0  0  0  3994369  0  0  0  0  0  0  0  0  0  21  0  0  0  0  0  46  0  0  0  0  0  0  0 
1441627413  0  0  0  0  0  0  0  0  0  3994369  0  0  0  0  0  0  0  0  0  21  0  0  0  0  0  46  0  0  0  0  0  0  0 
1441627414  0  0  0  0  0  0  0  0  0  3994369  0  0  0  0  0  0  0  0  0  21  0  0  0  0  0  46  0  0  0  0  0  0  0 
1441627414  0  0  0  0  0  0  0  0  0  3994369  0  0  0  0  0  0  0  0  0  21  0  0  0  0  0  46  0  0  0  0  0  0  0 
1441627415  0  0  0  0  0  0  0  0  0  3994369  0  0  0  0  0  0  0  0  0  21  0  0  0  0  0  46  0  0  0  0  0  0  0 
1441627415  0  0  0  0  0  0  0  0  0  3994369  0  0  0  0  0  0  0  0  0  21  0  0  0  0  0  46  0  0  0  0  0  0  0 
1441627416  0  0  0  0  0  0  0  0  0  3994369  0  0  0  0  0  0  0  0  0  21  0  0  0  0  0  46  0  0  0  0  0  0  0 
1441627416  0  0  0  0  0  0  0  0  0  3994369  0  0  0  0  0  0  0  0  0  21  0  0  0  0  0  46  0  0  0  0  0  0  0 
1441627417  0  0  0  0  0  0  0  0  0  3994369  0  0  0  0  0  0  0  0  0  21  0  0  0  0  0  46  0  0  0  0  0  0  0 
1441627417  0  0  0  0  0  0  0  0  0  3994369  0  0  0  0  0  0  0  0  0  21  0  0  0  0  0  46  0  0  0  0  0  0  0 
1441627418  0  0  0  0  0  0  0  0  0  3994369  0  0  0  0  0  0  0  0  0  21  0  0  0  0  0  46  0  0  0  0  0  0  0 
1441627418  0  0  0  0  0  0  0  0  0  3994369  0  0  0  0  0  0  0  0  0  21  0  0  0  0  0  46  0  0  0  0  0  0  0 
1441627419  0  0  0  0  0  0  0  0  0  3994369  0  0  0  0  0  0  0  0  0  21  0  0  0  0  0  46  0  0  0  0  0  0  0 
1441627419  0  0  0  0  0  0  0  0  0  3994369  0  0  0  0  0  0  0  0  0  21  0  0  0  0  0  46  0  0  0  0  0  0  0 
1441627420  0  0  0  0  0  0  0  0  0  3994369  0  0  0  0  0  0  0  0  0  21  0  0  0  0  0  46  0  0  0  0  0  0  0 
1441627420  0  0  0  0  0  0  0  0  0  3994369  0  0  0  0  0  0  0  0  0  21  0  0  0  0  0  46  0  0  0  0  0  0  0 
1441627421  0  0  0  0  0  0  0  0  0  3994369  0  0  0  0  0  0  0  0  0  21  0  0  0  0  0  46  0  0  0  0  0  0  0 
1441627421  0  0  0  0  0  0  0  0  0  3994369  0  0  0  0  0  0  0  0  0  21  0  0  0  0  0  46  0  0  0  0  0  0  0 
1441627422  0  0  0  0  0  0  0  0  0  3994369  0  0  0  0  0  0  0  0  0  21  0  0  0  0  0  46  0  0  0  0  0  0  0 
1441627422  0  0  0  0  0  0  0  0  0  3994369  0  0  0  0  0  0  0  0  0  21  0  0  0  0  0  46  0  0  0  0  0  0  0 
1441627423  0  0  0  0  0  0  0  0  0  3994369  0  0  0  0  0  0  0  0  0  21  0  0  0  0  0  46  0  0  0  0  0  0  0 
1441627423  0  0  0  0  0  0  0  0  0  3994369  0  0  0  0  0  0  0  0  0  21  0  0  0  0  0  46  0  0  0  0  0  0  0 
1441627424  0  0  0  0  0  0  0  0  0  3994369  0  0  0  0  0  0  0  0  0  21  0  0  0  0  0  46  0  0  0  0  0  0  0 
1441627424  0  0  0  0  0  0  0  0  0  3994369  0  0  0  0  0  0  0  0  0  21  0  0  0  0  0  46  0  0  0  0  0  0  0 
1441627425  0  0  0  0  0  0  0  0  0  3994369  0  0  0  0  0  0  0  0  0  21  0  0  0  0  0  46  0  0  0  0  0  0  0 
1441627425  0  0  0  0  0  0  0  0  0  3994369  0  0  0  0  0  0  0  0  0  21  0  0  0  0  0  46  0  0  0  0  0  0  0 
1441627426  0  0  0  0  0  0  0  0  0  3994369  0  0  0  0  0  0  0  0  0  21  0  0  0  0  0  46  0  0  0  0  0  0  0 
1441627426  0  0  0  0  0  0  0  0  0  3994369  0  0  0  0  0  0  0  0  0  21  0  0  0  0  0  46  0  0  0  0  0  0  0 
1441627427  0  0  0  0  0  0  0  0  0  3994369  0  0  0  0  0  0  0  0  0  21  0  0  0  0  0  46  0  0  0  0  0  0  0 
1441627427  0  0  0  0  0  0  0  0  0  3994369  0  0  0  0  0  0  0  0  0  21  0  0  0  0  0  46  0  0  0  0  0  0  0 
1441627428  0  0  0  0  0  0  0  0  0  3994369  0  0  0  0  0  0  0  0  0  21  0  0  0  0  0  46  0  0  0  0  0  0  0 
1441627428  0  0  0  0  0  0  0  0  0  3994369  0  0  0  0  0  0  0  0  0  21  0  0  0  0  0  46  0  0  0  0  0  0  0 
1441627429  0  0  0  0  0  0  0  0  0  3994369  0  0  0  0  0  0  0  0  0  21  0  0  0  0  0  46  0  0  0  0  0  0  0 
1441627429  0  0  0  0  0  0  0  0  0  3994369  0  0  0  0  0  0  0  0  0  21  0  0  0  0  0  46  0  0  0  0  0  0  0 
1441627430  0  0  0  0  0  0  0  0  0  3994369  0  0  0  0  0  0  0  0  0  21  0  0  0  0  0  46  0  0  0  0  0  0  0 
1441627430  0  0  0  0  0  0  0  0  0  3994369  0  0  0  0  0  0  0  0  0  21  0  0  0  0  0  46  0  0  0  0  0  0  0 
1441627431  0  0  0  0  0  0  0  0  0  3994369  0  0  0  0  0  0  0  0  0  21  0  0  0  0  0  46  0  0  0  0  0  0  0 
1441627431  0  0  0  0  0  0  0  0  0  3994369  0  0  0  0  0  0  0  0  0  21  0  0  0  0  0  46  0  0  0  0  0  0  0 
1441627432  0  0  0  0  0  0  0  0  0  3994369  0  0  0  0  0  0  0  0  0  21  0  0  0  0  0  46  0  0  0  0  0  0  0 
1441627432  0  0  0  0  0  0  0  0  0  3994369  0  0  0  0  0  0  0  0  0  21  0  0  0  0  0  46  0  0  0  0  0  0  0 
1441627433  0  0  0  0  0  0  0  0  0  3994369  0  0  0  0  0  0  0  0  0  21  0  0  0  0  0  46  0  0  0  0  0  0  0 
1441627433  0  0  0  0  0  0  0  0  0  3994369  0  0  0  0  0  0  0  0  0  21  0  0  0  0  0  46  0  0  0  0  0  0  0 
1441627434  0  0  0  0  0  0  0  0  0  3994369  0  0  0  0  0  0  0  0  0  21  0  0  0  0  0  46  0  0  0  0  0  0  0 
1441627434  0  0  0  0  0  0  0  0  0  3994369  0  0  0  0  0  0  0  0  0  21  0  0  0  0  0  46  0  0  0  0  0  0  0 
1441627435  0  0  0  0  0  0  0  0  0  3994369  0  0  0  0  0  0  0  0  0  21  0  0  0  0  0  46  0  0  0  0  0  0  0 
1441627435  0  0  0  0  0  0  0  0  0  3994369  0  0  0  0  0  0  0  0  0  21  0  0  0  0  0  46  0  0  0  0  0  0  0 
1441627436  0  0  0  0  0  0  0  0  0  3994369  0  0  0  0  0  0  0  0  0  21  0  0  0  0  0  46  0  0  0  0  0  0  0 
1441627436  0  0  0  0  0  0  0  0  0  3994369  0  0  0  0  0  0  0  0  0  21  0  0  0  0  0  46  0  0  0  0  0  0  0 
1441627437  0  0  0  0  0  0  0  0  0  3994369  0  0  0  0  0  0  0  0  0  21  0  0  0  0  0  46  0  0  0  0  0  0  0 
1441627437  0  0  0  0  0  0  0  0  0  3994369  0  0  0  0  0  0  0  0  0  21  0  0  0  0  0  46  0  0  0  0  0  0  0 
1441627438  0  0  0  0  0  0  0  0  0  3994369  0  0  0  0  0  0  0  0  0  21  0  0  0  0  0  46  0  0  0  0  0  0  0 
1441627438  0  0  0  0  0  0  0  0  0  3994369  0  0  0  0  0  0  0  0  0  21  0  0  0  0  0  46  0  0  0  0  0  0  0 
1441627439  0  0  0  0  0  0  0  0  0  3994369  0  0  0  0  0  0  0  0  0  21  0  0  0  0  0  46  0  0  0  0  0  0  0 
1441627439  0  0  0  0  0  0  0  0  0  3994369  0  0  0  0  0  0  0  0  0  21  0  0  0  0  0  46  0  0  0  0  0  0  0 
1441627440  0  0  0  0  0  0  0  0  0  3994369  0  0  0  0  0  0  0  0  0  21  0  0  0  0  0  46  0  0  0  0  0  0  0 
1441627440  0  0  0  0  0  0  0  0  0  3994369  0  0  0  0  0  0  0  0  0  21  0  0  0  0  0  46  0  0  0  0  0  0  0 
1441627441  0  0  0  0  0  0  0  0  0  3994369  0  0  0  0  0  0  0  0  0  21  0  0  0  0  0  46  0  0  0  0  0  0  0 
1441627441  0  0  0  0  0  0  0  0  0  3994369  0  0  0  0  0  0  0  0  0  21  0  0  0  0  0  46  0  0  0  0  0  0  0 
1441627442  0  0  0  0  0  0  0  0  0  3994369  0  0  0  0  0  0  0  0  0  21  0  0  0  0  0  46  0  0  0  0  0  0  0 
1441627442  0  0  0  0  0  0  0  0  0  3994369  0  0  0  0  0  0  0  0  0  21  0  0  0  0  0  46  0  0  0  0  0  0  0 
1441627443  0  0  0  0  0  0  0  0  0  3994369  0  0  0  0  0  0  0  0  0  21  0  0  0  0  0  46  0  0  0  0  0  0  0 
1441627443  0  0  0  0  0  0  0  0  0  3994369  0  0  0  0  0  0  0  0  0  21  0  0  0  0  0  46  0  0  0  0  0  0  0 
1441627444  0  0  0  0  0  0  0  0  0  3994369  0  0  0  0  0  0  0  0  0  21  0  0  0  0  0  46  0  0  0  0  0  0  0 
1441627444  0  0  0  0  0  0  0  0  0  3994369  0  0  0  0  0  0  0  0  0  21  0  0  0  0  0  46  0  0  0  0  0  0  0 
1441627445  0  0  0  0  0  0  0  0  0  3994369  0  0  0  0  0  0  0  0  0  21  0  0  0  0  0  46  0  0  0  0  0  0  0 
1441627445  0  0  0  0  0  0  0  0  0  3994369  0  0  0  0  0  0  0  0  0  21  0  0  0  0  0  46  0  0  0  0  0  0  0 
1441627446  0  0  0  0  0  0  0  0  0  3994369  0  0  0  0  0  0  0  0  0  21  0  0  0  0  0  46  0  0  0  0  0  0  0 
1441627446  0  0  0  0  0  0  0  0  0  3994369  0  0  0  0  0  0  0  0  0  21  0  0  0  0  0  46  0  0  0  0  0  0  0 
1441627447  0  0  0  0  0  0  0  0  0  3994369  0  0  0  0  0  0  0  0  0  21  0  0  0  0  0  46  0  0  0  0  0  0  0 
1441627447  0  0  0  0  0  0  0  0  0  3994369  0  0  0  0  0  0  0  0  0  21  0  0  0  0  0  46  0  0  0  0  0  0  0 
1441627448  0  0  0  0  0  0  0  0  0  3994369  0  0  0  0  0  0  0  0  0  21  0  0  0  0  0  46  0  0  0  0  0  0  0 
1441627448  0  0  0  0  0  0  0  0  0  3994369  0  0  0  0  0  0  0  0  0  21  0  0  0  0  0  46  0  0  0  0  0  0  0 
1441627449  0  0  0  0  0  0  0  0  0  3994369  0  0  0  0  0  0  0  0  0  21  0  0  0  0  0  46  0  0  0  0  0  0  0 
1441627450  0  0  0  0  0  0  0  0  0  3994369  0  0  0  0  0  0  0  0  0  21  0  0  0  0  0  46  0  0  0  0  0  0  0 
1441627450  0  0  0  0  0  0  0  0  0  3994369  0  0  0  0  0  0  0  0  0  21  0  0  0  0  0  46  0  0  0  0  0  0  0 
1441627451  0  0  0  0  0  0  0  0  0  3994369  0  0  0  0  0  0  0  0  0  21  0  0  0  0  0  46  0  0  0  0  0  0  0 
1441627451  0  0  0  0  0  0  0  0  0  3994369  0  0  0  0  0  0  0  0  0  21  0  0  0  0  0  46  0  0  0  0  0  0  0 
1441627452  0  0  0  0  0  0  0  0  0  3994369  0  0  0  0  0  0  0  0  0  21  0  0  0  0  0  46  0  0  0  0  0  0  0 
1441627452  0  0  0  0  0  0  0  0  0  3994369  0  0  0  0  0  0  0  0  0  21  0  0  0  0  0  46  0  0  0  0  0  0  0 
1441627453  0  0  0  0  0  0  0  0  0  3994369  0  0  0  0  0  0  0  0  0  21  0  0  0  0  0  46  0  0  0  0  0  0  0 
1441627453  0  0  0  0  0  0  0  0  0  3994369  0  0  0  0  0  0  0  0  0  21  0  0  0  0  0  46  0  0  0  0  0  0  0 
1441627454  0  0  0  0  0  0  0  0  0  3994369  0  0  0  0  0  0  0  0  0  21  0  0  0  0  0  46  0  0  0  0  0  0  0 
1441627454  0  0  0  0  0  0  0  0  0  3994369  0  0  0  0  0  0  0  0  0  21  0  0  0  0  0  46  0  0  0  0  0  0  0 
1441627455  0  0  0  0  0  0  0  0  0  4000842  0  0  0  0  0  0  0  0  0  21  0  0  0  0  0  47  0  6473  0  0  0  0  0 
1441627455  0  0  0  0  0  0  0  0  0  4000842  0  0  0  0  0  0  0  0  0  21  0  0  0  0  0  47  0  0  0  0  0  0  0 
1441627456  0  0  0  0  0  0  0  0  0  4000842  0  0  0  0  0  0  0  0  0  21  0  0  0  0  0  47  0  0  0  0  0  0  0 
1441627456  0  0  0  0  0  0  0  0  0  4000842  0  0  0  0  0  0  0  0  0  21  0  0  0  0  0  47  0  0  0  0  0  0  0 
1441627457  0  0  0  0  0  0  0  0  0  4000842  0  0  0  0  0  0  0  0  0  21  0  0  0  0  0  47  0  0  0  0  0  0  0 
1441627457  0  0  0  0  0  0  0  0  0  4000842  0  0  0  0  0  0  0  0  0  21  0  0  0  0  0  47  0  0  0  0  0  0  0 
1441627458  0  0  0  0  0  0  0  0  0  4000842  0  0  0  0  0  0  0  0  0  21  0  0  0  0  0  47  0  0  0  0  0  0  0 
1441627458  0  0  0  0  0  0  0  0  0  4000842  0  0  0  0  0  0  0  0  0  21  0  0  0  0  0  47  0  0  0  0  0  0  0 
1441627459  0  0  0  0  0  0  0  0  0  4000842  0  0  0  0  0  0  0  0  0  21  0  0  0  0  0  47  0  0  0  0  0  0  0 
1441627459  0  0  0  0  0  0  0  0  0  4000842  0  0  0  0  0  0  0  0  0  21  0  0  0  0  0  47  0  0  0  0  0  0  0 
1441627460  0  0  0  0  0  0  0  0  0  4000842  0  0  0  0  0  0  0  0  0  21  0  0  0  0  0  47  0  0  0  0  0  0  0 
1441627460  0  0  0  0  0  0  0  0  0  4000842  0  0  0  0  0  0  0  0  0  21  0  0  0  0  0  47  0  0  0  0  0  0  0 
1441627461  0  0  0  0  0  0  0  0  0  4000842  0  0  0  0  0  0  0  0  0  21  0  0  0  0  0  47  0  0  0  0  0  0  0 
1441627461  0  0  0  0  0  0  0  0  0  4000842  0  0  0  0  0  0  0  0  0  21  0  0  0  0  0  47  0  0  0  0  0  0  0 
1441627462  0  0  0  0  0  0  0  0  0  4000842  0  0  0  0  0  0  0  0  0  21  0  0  0  0  0  47  0  0  0  0  0  0  0 
1441627462  0  0  0  0  0  0  0  0  0  4000842  0  0  0  0  0  0  0  0  0  21  0  0  0  0  0  47  0  0  0  0  0  0  0 
1441627463  0  0  0  0  0  0  0  0  0  4000842  0  0  0  0  0  0  0  0  0  21  0  0  0  0  0  47  0  0  0  0  0  0  0 
1441627463  0  0  0  0  0  0  0  0  0  4000842  0  0  0  0  0  0  0  0  0  21  0  0  0  0  0  47  0  0  0  0  0  0  0 
1441627464  0  0  0  0  0  0  0  0  0  4000842  0  0  0  0  0  0  0  0  0  21  0  0  0  0  0  47  0  0  0  0  0  0  0 
1441627464  0  0  0  0  0  0  0  0  0  4003776  0  0  0  0  0  0  0  0  0  21  0  0  0  0  0  48  0  2934  0  0  0  0  0 
1441627465  0  0  0  0  0  0  0  0  0  4003776  0  0  0  0  0  0  0  0  0  21  0  0  0  0  0  48  0  0  0  0  0  0  0 
1441627465  0  0  0  0  0  0  0  0  0  4003776  0  0  0  0  0  0  0  0  0  21  0  0  0  0  0  48  0  0  0  0  0  0  0 
1441627466  0  0  0  0  0  0  0  0  0  4003776  0  0  0  0  0  0  0  0  0  21  0  0  0  0  0  48  0  0  0  0  0  0  0 
1441627466  0  0  0  0  0  0  0  0  0  4003776  0  0  0  0  0  0  0  0  0  21  0  0  0  0  0  48  0  0  0  0  0  0  0 
1441627467  0  0  0  0  0  0  0  0  0  4003776  0  0  0  0  0  0  0  0  0  21  0  0  0  0  0  48  0  0  0  0  0  0  0 
1441627467  0  0  0  0  0  0  0  0  0  4003776  0  0  0  0  0  0  0  0  0  21  0  0  0  0  0  48  0  0  0  0  0  0  0 
1441627468  0  0  0  0  0  0  0  0  0  4003776  0  0  0  0  0  0  0  0  0  21  0  0  0  0  0  48  0  0  0  0  0  0  0 
1441627468  0  0  0  0  0  0  0  0  0  4003776  0  0  0  0  0  0  0  0  0  21  0  0  0  0  0  48  0  0  0  0  0  0  0 
1441627469  0  0  0  0  0  0  0  0  0  4003776  0  0  0  0  0  0  0  0  0  21  0  0  0  0  0  48  0  0  0  0  0  0  0 
1441627469  0  0  0  0  0  0  0  0  0  4003776  0  0  0  0  0  0  0  0  0  21  0  0  0  0  0  48  0  0  0  0  0  0  0 
1441627470  0  0  0  0  0  0  0  0  0  4003776  0  0  0  0  0  0  0  0  0  21  0  0  0  0  0  48  0  0  0  0  0  0  0 
1441627470  0  0  0  0  0  0  0  0  0  4003776  0  0  0  0  0  0  0  0  0  21  0  0  0  0  0  48  0  0  0  0  0  0  0 
1441627471  0  0  0  0  0  0  0  0  0  4003776  0  0  0  0  0  0  0  0  0  21  0  0  0  0  0  48  0  0  0  0  0  0  0 
1441627471  0  0  0  0  0  0  0  0  0  4003776  0  0  0  0  0  0  0  0  0  21  0  0  0  0  0  48  0  0  0  0  0  0  0 
1441627472  0  0  0  0  0  0  0  0  0  4003776  0  0  0  0  0  0  0  0  0  21  0  0  0  0  0  48  0  0  0  0  0  0  0 
1441627472  0  0  0  0  0  0  0  0  0  4003776  0  0  0  0  0  0  0  0  0  21  0  0  0  0  0  48  0  0  0  0  0  0  0 
1441627473  0  0  0  0  0  0  0  0  0  4003776  0  0  0  0  0  0  0  0  0  21  0  0  0  0  0  48  0  0  0  0  0  0  0 
1441627473  0  0  0  0  0  0  0  0  0  4003776  0  0  0  0  0  0  0  0  0  21  0  0  0  0  0  48  0  0  0  0  0  0  0 
1441627474  0  0  0  0  0  0  0  0  0  4003776  0  0  0  0  0  0  0  0  0  21  0  0  0  0  0  48  0  0  0  0  0  0  0 
1441627474  0  0  0  0  0  0  0  0  0  4006123  0  0  0  0  0  0  0  0  0  21  0  0  0  0  0  49  0  2347  0  0  0  0  0 
1441627475  0  0  0  0  0  0  0  0  0  4006123  0  0  0  0  0  0  0  0  0  21  0  0  0  0  0  49  0  0  0  0  0  0  0 
1441627475  0  0  0  0  0  0  0  0  0  4006123  0  0  0  0  0  0  0  0  0  21  0  0  0  0  0  49  0  0  0  0  0  0  0 
1441627476  0  0  0  0  0  0  0  0  0  4006123  0  0  0  0  0  0  0  0  0  21  0  0  0  0  0  49  0  0  0  0  0  0  0 
1441627476  0  0  0  0  0  0  0  0  0  4006123  0  0  0  0  0  0  0  0  0  21  0  0  0  0  0  49  0  0  0  0  0  0  0 
1441627477  0  0  0  0  0  0  0  0  0  4006123  0  0  0  0  0  0  0  0  0  21  0  0  0  0  0  49  0  0  0  0  0  0  0 
1441627477  0  0  0  0  0  0  0  0  0  4006123  0  0  0  0  0  0  0  0  0  21  0  0  0  0  0  49  0  0  0  0  0  0  0 
1441627478  0  0  0  0  0  0  0  0  0  4006123  0  0  0  0  0  0  0  0  0  21  0  0  0  0  0  49  0  0  0  0  0  0  0 
1441627478  0  0  0  0  0  0  0  0  0  4006123  0  0  0  0  0  0  0  0  0  21  0  0  0  0  0  49  0  0  0  0  0  0  0 
1441627479  0  0  0  0  0  0  0  0  0  4006123  0  0  0  0  0  0  0  0  0  21  0  0  0  0  0  49  0  0  0  0  0  0  0 
1441627479  0  0  0  0  0  0  0  0  0  4006123  0  0  0  0  0  0  0  0  0  21  0  0  0  0  0  49  0  0  0  0  0  0  0 
1441627480  0  0  0  0  0  0  0  0  0  4006123  0  0  0  0  0  0  0  0  0  21  0  0  0  0  0  49  0  0  0  0  0  0  0 
1441627481  0  0  0  0  0  0  0  0  0  4006123  0  0  0  0  0  0  0  0  0  21  0  0  0  0  0  49  0  0  0  0  0  0  0 
1441627481  0  0  0  0  0  0  0  0  0  4006123  0  0  0  0  0  0  0  0  0  21  0  0  0  0  0  49  0  0  0  0  0  0  0 
1441627482  0  0  0  0  0  0  0  0  0  4006123  0  0  0  0  0  0  0  0  0  21  0  0  0  0  0  49  0  0  0  0  0  0  0 
1441627482  0  0  0  0  0  0  0  0  0  4006123  0  0  0  0  0  0  0  0  0  21  0  0  0  0  0  49  0  0  0  0  0  0  0 
1441627483  0  0  0  0  0  0  0  0  0  4006123  0  0  0  0  0  0  0  0  0  21  0  0  0  0  0  49  0  0  0  0  0  0  0 
1441627483  0  0  0  0  0  0  0  0  0  4006123  0  0  0  0  0  0  0  0  0  21  0  0  0  0  0  49  0  0  0  0  0  0  0 
1441627484  0  0  0  0  0  0  0  0  0  4006123  0  0  0  0  0  0  0  0  0  21  0  0  0  0  0  49  0  0  0  0  0  0  0 
1441627484  0  0  0  0  0  0  0  0  0  4009051  0  0  0  0  0  0  0  0  0  21  0  0  0  0  0  50  0  2928  0  0  0  0  0 
1441627485  0  0  0  0  0  0  0  0  0  4009051  0  0  0  0  0  0  0  0  0  21  0  0  0  0  0  50  0  0  0  0  0  0  0 
1441627485  0  0  0  0  0  0  0  0  0  4009051  0  0  0  0  0  0  0  0  0  21  0  0  0  0  0  50  0  0  0  0  0  0  0 
1441627486  0  0  0  0  0  0  0  0  0  4009051  0  0  0  0  0  0  0  0  0  21  0  0  0  0  0  50  0  0  0  0  0  0  0 
1441627486  0  0  0  0  0  0  0  0  0  4009051  0  0  0  0  0  0  0  0  0  21  0  0  0  0  0  50  0  0  0  0  0  0  0 
1441627487  0  0  0  0  0  0  0  0  0  4009051  0  0  0  0  0  0  0  0  0  21  0  0  0  0  0  50  0  0  0  0  0  0  0 
1441627487  0  0  0  0  0  0  0  0  0  4009051  0  0  0  0  0  0  0  0  0  21  0  0  0  0  0  50  0  0  0  0  0  0  0 
1441627488  0  0  0  0  0  0  0  0  0  4009051  0  0  0  0  0  0  0  0  0  21  0  0  0  0  0  50  0  0  0  0  0  0  0 
1441627488  0  0  0  0  0  0  0  0  0  4009051  0  0  0  0  0  0  0  0  0  21  0  0  0  0  0  50  0  0  0  0  0  0  0 
1441627489  0  0  0  0  0  0  0  0  0  4009051  0  0  0  0  0  0  0  0  0  21  0  0  0  0  0  50  0  0  0  0  0  0  0 
1441627489  0  0  0  0  0  0  0  0  0  4009051  0  0  0  0  0  0  0  0  0  21  0  0  0  0  0  50  0  0  0  0  0  0  0 
1441627490  0  0  0  0  0  0  0  0  0  4009051  0  0  0  0  0  0  0  0  0  21  0  0  0  0  0  50  0  0  0  0  0  0  0 
1441627490  0  0  0  0  0  0  0  0  0  4009051  0  0  0  0  0  0  0  0  0  21  0  0  0  0  0  50  0  0  0  0  0  0  0 
1441627491  0  0  0  0  0  0  0  0  0  4009051  0  0  0  0  0  0  0  0  0  21  0  0  0  0  0  50  0  0  0  0  0  0  0 
1441627491  0  0  0  0  0  0  0  0  0  4009051  0  0  0  0  0  0  0  0  0  21  0  0  0  0  0  50  0  0  0  0  0  0  0 
1441627492  0  0  0  0  0  0  0  0  0  4009051  0  0  0  0  0  0  0  0  0  21  0  0  0  0  0  50  0  0  0  0  0  0  0 
1441627492  0  0  0  0  0  0  0  0  0  4009051  0  0  0  0  0  0  0  0  0  21  0  0  0  0  0  50  0  0  0  0  0  0  0 
1441627493  0  0  0  0  0  0  0  0  0  4009051  0  0  0  0  0  0  0  0  0  21  0  0  0  0  0  50  0  0  0  0  0  0  0 
1441627493  0  0  0  0  0  0  0  0  0  4009051  0  0  0  0  0  0  0  0  0  21  0  0  0  0  0  50  0  0  0  0  0  0  0 
1441627494  0  0  0  0  0  0  0  0  0  4009051  0  0  0  0  0  0  0  0  0  21  0  0  0  0  0  50  0  0  0  0  0  0  0 
1441627494  0  0  0  0  0  0  0  0  0  4009051  0  0  0  0  0  0  0  0  0  21  0  0  0  0  0  50  0  0  0  0  0  0  0 
1441627495  0  0  0  0  0  0  0  0  0  4011422  0  0  0  0  0  0  0  0  0  21  0  0  0  0  0  51  0  2371  0  0  0  0  0 
1441627495  0  0  0  0  0  0  0  0  0  4011422  0  0  0  0  0  0  0  0  0  21  0  0  0  0  0  51  0  0  0  0  0  0  0 
1441627496  0  0  0  0  0  0  0  0  0  4011422  0  0  0  0  0  0  0  0  0  21  0  0  0  0  0  51  0  0  0  0  0  0  0 
1441627496  0  0  0  0  0  0  0  0  0  4011422  0  0  0  0  0  0  0  0  0  21  0  0  0  0  0  51  0  0  0  0  0  0  0 
1441627497  0  0  0  0  0  0  0  0  0  4011422  0  0  0  0  0  0  0  0  0  21  0  0  0  0  0  51  0  0  0  0  0  0  0 
1441627497  0  0  0  0  0  0  0  0  0  4011422  0  0  0  0  0  0  0  0  0  21  0  0  0  0  0  51  0  0  0  0  0  0  0 
1441627498  0  0  0  0  0  0  0  0  0  4011422  0  0  0  0  0  0  0  0  0  21  0  0  0  0  0  51  0  0  0  0  0  0  0 
1441627498  0  0  0  0  0  0  0  0  0  4011422  0  0  0  0  0  0  0  0  0  21  0  0  0  0  0  51  0  0  0  0  0  0  0 
1441627499  0  0  0  0  0  0  0  0  0  4011422  0  0  0  0  0  0  0  0  0  21  0  0  0  0  0  51  0  0  0  0  0  0  0 
1441627499  0  0  0  0  0  0  0  0  0  4011422  0  0  0  0  0  0  0  0  0  21  0  0  0  0  0  51  0  0  0  0  0  0  0 
1441627500  0  0  0  0  0  0  0  0  0  4011422  0  0  0  0  0  0  0  0  0  21  0  0  0  0  0  51  0  0  0  0  0  0  0 
1441627500  0  0  0  0  0  0  0  0  0  4011422  0  0  0  0  0  0  0  0  0  21  0  0  0  0  0  51  0  0  0  0  0  0  0 
1441627501  0  0  0  0  0  0  0  0  0  4011422  0  0  0  0  0  0  0  0  0  21  0  0  0  0  0  51  0  0  0  0  0  0  0 
1441627501  0  0  0  0  0  0  0  0  0  4011422  0  0  0  0  0  0  0  0  0  21  0  0  0  0  0  51  0  0  0  0  0  0  0 
1441627502  0  0  0  0  0  0  0  0  0  4011422  0  0  0  0  0  0  0  0  0  21  0  0  0  0  0  51  0  0  0  0  0  0  0 
1441627502  0  0  0  0  0  0  0  0  0  4011422  0  0  0  0  0  0  0  0  0  21  0  0  0  0  0  51  0  0  0  0  0  0  0 
1441627503  0  0  0  0  0  0  0  0  0  4011422  0  0  0  0  0  0  0  0  0  21  0  0  0  0  0  51  0  0  0  0  0  0  0 
1441627503  0  0  0  0  0  0  0  0  0  4011422  0  0  0  0  0  0  0  0  0  21  0  0  0  0  0  51  0  0  0  0  0  0  0 
1441627504  0  0  0  0  0  0  0  0  0  4011422  0  0  0  0  0  0  0  0  0  21  0  0  0  0  0  51  0  0  0  0  0  0  0 
1441627504  0  0  0  0  0  0  0  0  0  4011422  0  0  0  0  0  0  0  0  0  21  0  0  0  0  0  51  0  0  0  0  0  0  0 
1441627505  0  0  0  0  0  0  0  0  0  4058267  0  0  0  0  0  0  0  0  0  23  0  0  0  0  0  55  0  46845  0  0  0  0  0 
1441627505  0  0  0  0  0  0  0  0  0  4102703  0  0  0  0  0  0  0  0  0  25  0  0  0  0  0  64  0  44436  0  0  0  0  0 
1441627506  0  0  0  0  0  0  0  0  0  4102703  0  0  0  0  0  0  0  0  0  25  0  0  0  0  0  64  0  0  0  0  0  0  0 
