#Type:X;CI:11;ww:0;ca:0;co:0;fr:0;Type:X;CI:11;PI:0;PT:EP;U0:0;U1:0;
#time  Pp  gt  gs  cn  cm  cb  Nc  Pc  cp  Tc  Nm  pr  ps  pt  px  pd  Pm  Om  fs  ft  Oc  Em  Gp  Ec  Ge  ot  os  Total_cycles_diff  Successful_get_diff  Total_get_diff  succ_put_diff  total_put_diff  get_hit  
1441627540  0  0  0  0  0  0  0  0  0  215768  0  0  0  0  0  0  0  0  0  0  0  0  0  0  0  0  0  215768  0  0  0  0  
1441627540  0  0  0  0  0  0  0  0  0  827821  0  0  0  0  0  0  0  0  0  0  0  0  0  0  0  0  0  612053  0  0  0  0  0 
1441627541  0  0  0  0  0  0  0  0  0  1199156  0  0  0  0  0  0  0  0  0  0  0  0  0  0  0  0  0  371335  0  0  0  0  0 
1441627541  0  0  0  0  0  0  0  0  0  1422811  0  0  0  0  0  0  0  0  0  0  0  0  0  0  0  0  0  223655  0  0  0  0  0 
1441627542  0  0  0  0  0  0  0  0  0  1772348  0  0  0  0  0  0  0  0  0  0  0  0  0  0  0  0  0  349537  0  0  0  0  0 
1441627542  0  0  0  0  0  0  0  0  0  2172966  0  0  0  0  0  0  0  0  0  13  0  0  0  0  0  39  0  400618  0  0  0  0  0 
1441627543  0  0  0  0  0  0  0  0  0  2172966  0  0  0  0  0  0  0  0  0  13  0  0  0  0  0  39  0  0  0  0  0  0  0 
1441627543  0  0  0  0  0  0  0  0  0  3139953  0  0  0  0  0  0  0  0  0  15  0  0  0  0  0  41  0  966987  0  0  0  0  0 
1441627544  0  0  0  0  0  0  0  0  0  3734416  0  0  0  0  0  0  0  0  0  21  0  0  0  0  0  46  0  594463  0  0  0  0  0 
1441627544  0  0  0  0  0  0  0  0  0  3873390  0  0  0  0  0  0  0  0  0  21  0  0  0  0  0  46  0  138974  0  0  0  0  0 
1441627545  0  0  0  0  0  0  0  0  0  3873390  0  0  0  0  0  0  0  0  0  21  0  0  0  0  0  46  0  0  0  0  0  0  0 
1441627545  0  0  0  0  0  0  0  0  0  3873390  0  0  0  0  0  0  0  0  0  21  0  0  0  0  0  46  0  0  0  0  0  0  0 
1441627546  0  0  0  0  0  0  0  0  0  3873390  0  0  0  0  0  0  0  0  0  21  0  0  0  0  0  46  0  0  0  0  0  0  0 
1441627546  0  0  0  0  0  0  0  0  0  3873390  0  0  0  0  0  0  0  0  0  21  0  0  0  0  0  46  0  0  0  0  0  0  0 
1441627547  0  0  0  0  0  0  0  0  0  3873390  0  0  0  0  0  0  0  0  0  21  0  0  0  0  0  46  0  0  0  0  0  0  0 
1441627547  0  0  0  0  0  0  0  0  0  3873390  0  0  0  0  0  0  0  0  0  21  0  0  0  0  0  46  0  0  0  0  0  0  0 
1441627548  0  0  0  0  0  0  0  0  0  3873390  0  0  0  0  0  0  0  0  0  21  0  0  0  0  0  46  0  0  0  0  0  0  0 
1441627548  0  0  0  0  0  0  0  0  0  3873390  0  0  0  0  0  0  0  0  0  21  0  0  0  0  0  46  0  0  0  0  0  0  0 
1441627549  0  0  0  0  0  0  0  0  0  3873390  0  0  0  0  0  0  0  0  0  21  0  0  0  0  0  46  0  0  0  0  0  0  0 
1441627549  0  0  0  0  0  0  0  0  0  3873390  0  0  0  0  0  0  0  0  0  21  0  0  0  0  0  46  0  0  0  0  0  0  0 
1441627550  0  0  0  0  0  0  0  0  0  3873390  0  0  0  0  0  0  0  0  0  21  0  0  0  0  0  46  0  0  0  0  0  0  0 
1441627550  0  0  0  0  0  0  0  0  0  3873390  0  0  0  0  0  0  0  0  0  21  0  0  0  0  0  46  0  0  0  0  0  0  0 
1441627551  0  0  0  0  0  0  0  0  0  3873390  0  0  0  0  0  0  0  0  0  21  0  0  0  0  0  46  0  0  0  0  0  0  0 
1441627551  0  0  0  0  0  0  0  0  0  3873390  0  0  0  0  0  0  0  0  0  21  0  0  0  0  0  46  0  0  0  0  0  0  0 
1441627552  0  0  0  0  0  0  0  0  0  3873390  0  0  0  0  0  0  0  0  0  21  0  0  0  0  0  46  0  0  0  0  0  0  0 
1441627552  0  0  0  0  0  0  0  0  0  3873390  0  0  0  0  0  0  0  0  0  21  0  0  0  0  0  46  0  0  0  0  0  0  0 
1441627553  0  0  0  0  0  0  0  0  0  3873390  0  0  0  0  0  0  0  0  0  21  0  0  0  0  0  46  0  0  0  0  0  0  0 
1441627553  0  0  0  0  0  0  0  0  0  3873390  0  0  0  0  0  0  0  0  0  21  0  0  0  0  0  46  0  0  0  0  0  0  0 
1441627554  0  0  0  0  0  0  0  0  0  3873390  0  0  0  0  0  0  0  0  0  21  0  0  0  0  0  46  0  0  0  0  0  0  0 
1441627554  0  0  0  0  0  0  0  0  0  3873390  0  0  0  0  0  0  0  0  0  21  0  0  0  0  0  46  0  0  0  0  0  0  0 
1441627555  0  0  0  0  0  0  0  0  0  3873390  0  0  0  0  0  0  0  0  0  21  0  0  0  0  0  46  0  0  0  0  0  0  0 
1441627555  0  0  0  0  0  0  0  0  0  3873390  0  0  0  0  0  0  0  0  0  21  0  0  0  0  0  46  0  0  0  0  0  0  0 
1441627556  0  0  0  0  0  0  0  0  0  3873390  0  0  0  0  0  0  0  0  0  21  0  0  0  0  0  46  0  0  0  0  0  0  0 
1441627556  0  0  0  0  0  0  0  0  0  3873390  0  0  0  0  0  0  0  0  0  21  0  0  0  0  0  46  0  0  0  0  0  0  0 
1441627557  0  0  0  0  0  0  0  0  0  3873390  0  0  0  0  0  0  0  0  0  21  0  0  0  0  0  46  0  0  0  0  0  0  0 
1441627557  0  0  0  0  0  0  0  0  0  3873390  0  0  0  0  0  0  0  0  0  21  0  0  0  0  0  46  0  0  0  0  0  0  0 
1441627558  0  0  0  0  0  0  0  0  0  3873390  0  0  0  0  0  0  0  0  0  21  0  0  0  0  0  46  0  0  0  0  0  0  0 
1441627558  0  0  0  0  0  0  0  0  0  3873390  0  0  0  0  0  0  0  0  0  21  0  0  0  0  0  46  0  0  0  0  0  0  0 
1441627559  0  0  0  0  0  0  0  0  0  3873390  0  0  0  0  0  0  0  0  0  21  0  0  0  0  0  46  0  0  0  0  0  0  0 
1441627559  0  0  0  0  0  0  0  0  0  3873390  0  0  0  0  0  0  0  0  0  21  0  0  0  0  0  46  0  0  0  0  0  0  0 
1441627560  0  0  0  0  0  0  0  0  0  3873390  0  0  0  0  0  0  0  0  0  21  0  0  0  0  0  46  0  0  0  0  0  0  0 
1441627560  0  0  0  0  0  0  0  0  0  3873390  0  0  0  0  0  0  0  0  0  21  0  0  0  0  0  46  0  0  0  0  0  0  0 
1441627561  0  0  0  0  0  0  0  0  0  3873390  0  0  0  0  0  0  0  0  0  21  0  0  0  0  0  46  0  0  0  0  0  0  0 
1441627561  0  0  0  0  0  0  0  0  0  3873390  0  0  0  0  0  0  0  0  0  21  0  0  0  0  0  46  0  0  0  0  0  0  0 
1441627562  0  0  0  0  0  0  0  0  0  3873390  0  0  0  0  0  0  0  0  0  21  0  0  0  0  0  46  0  0  0  0  0  0  0 
1441627562  0  0  0  0  0  0  0  0  0  3873390  0  0  0  0  0  0  0  0  0  21  0  0  0  0  0  46  0  0  0  0  0  0  0 
1441627563  0  0  0  0  0  0  0  0  0  3873390  0  0  0  0  0  0  0  0  0  21  0  0  0  0  0  46  0  0  0  0  0  0  0 
1441627563  0  0  0  0  0  0  0  0  0  3873390  0  0  0  0  0  0  0  0  0  21  0  0  0  0  0  46  0  0  0  0  0  0  0 
1441627564  0  0  0  0  0  0  0  0  0  3873390  0  0  0  0  0  0  0  0  0  21  0  0  0  0  0  46  0  0  0  0  0  0  0 
1441627564  0  0  0  0  0  0  0  0  0  3873390  0  0  0  0  0  0  0  0  0  21  0  0  0  0  0  46  0  0  0  0  0  0  0 
1441627565  0  0  0  0  0  0  0  0  0  3873390  0  0  0  0  0  0  0  0  0  21  0  0  0  0  0  46  0  0  0  0  0  0  0 
1441627565  0  0  0  0  0  0  0  0  0  3873390  0  0  0  0  0  0  0  0  0  21  0  0  0  0  0  46  0  0  0  0  0  0  0 
1441627566  0  0  0  0  0  0  0  0  0  3873390  0  0  0  0  0  0  0  0  0  21  0  0  0  0  0  46  0  0  0  0  0  0  0 
1441627566  0  0  0  0  0  0  0  0  0  3873390  0  0  0  0  0  0  0  0  0  21  0  0  0  0  0  46  0  0  0  0  0  0  0 
1441627567  0  0  0  0  0  0  0  0  0  3873390  0  0  0  0  0  0  0  0  0  21  0  0  0  0  0  46  0  0  0  0  0  0  0 
1441627567  0  0  0  0  0  0  0  0  0  3873390  0  0  0  0  0  0  0  0  0  21  0  0  0  0  0  46  0  0  0  0  0  0  0 
1441627568  0  0  0  0  0  0  0  0  0  3873390  0  0  0  0  0  0  0  0  0  21  0  0  0  0  0  46  0  0  0  0  0  0  0 
1441627568  0  0  0  0  0  0  0  0  0  3873390  0  0  0  0  0  0  0  0  0  21  0  0  0  0  0  46  0  0  0  0  0  0  0 
1441627569  0  0  0  0  0  0  0  0  0  3873390  0  0  0  0  0  0  0  0  0  21  0  0  0  0  0  46  0  0  0  0  0  0  0 
1441627569  0  0  0  0  0  0  0  0  0  3873390  0  0  0  0  0  0  0  0  0  21  0  0  0  0  0  46  0  0  0  0  0  0  0 
1441627570  0  0  0  0  0  0  0  0  0  3873390  0  0  0  0  0  0  0  0  0  21  0  0  0  0  0  46  0  0  0  0  0  0  0 
1441627570  0  0  0  0  0  0  0  0  0  3873390  0  0  0  0  0  0  0  0  0  21  0  0  0  0  0  46  0  0  0  0  0  0  0 
1441627571  0  0  0  0  0  0  0  0  0  3873390  0  0  0  0  0  0  0  0  0  21  0  0  0  0  0  46  0  0  0  0  0  0  0 
1441627571  0  0  0  0  0  0  0  0  0  3873390  0  0  0  0  0  0  0  0  0  21  0  0  0  0  0  46  0  0  0  0  0  0  0 
1441627572  0  0  0  0  0  0  0  0  0  3873390  0  0  0  0  0  0  0  0  0  21  0  0  0  0  0  46  0  0  0  0  0  0  0 
1441627572  0  0  0  0  0  0  0  0  0  3873390  0  0  0  0  0  0  0  0  0  21  0  0  0  0  0  46  0  0  0  0  0  0  0 
1441627573  0  0  0  0  0  0  0  0  0  3873390  0  0  0  0  0  0  0  0  0  21  0  0  0  0  0  46  0  0  0  0  0  0  0 
1441627573  0  0  0  0  0  0  0  0  0  3873390  0  0  0  0  0  0  0  0  0  21  0  0  0  0  0  46  0  0  0  0  0  0  0 
1441627574  0  0  0  0  0  0  0  0  0  3873390  0  0  0  0  0  0  0  0  0  21  0  0  0  0  0  46  0  0  0  0  0  0  0 
1441627574  0  0  0  0  0  0  0  0  0  3873390  0  0  0  0  0  0  0  0  0  21  0  0  0  0  0  46  0  0  0  0  0  0  0 
1441627575  0  0  0  0  0  0  0  0  0  3873390  0  0  0  0  0  0  0  0  0  21  0  0  0  0  0  46  0  0  0  0  0  0  0 
1441627575  0  0  0  0  0  0  0  0  0  3873390  0  0  0  0  0  0  0  0  0  21  0  0  0  0  0  46  0  0  0  0  0  0  0 
1441627576  0  0  0  0  0  0  0  0  0  3873390  0  0  0  0  0  0  0  0  0  21  0  0  0  0  0  46  0  0  0  0  0  0  0 
1441627577  0  0  0  0  0  0  0  0  0  3873390  0  0  0  0  0  0  0  0  0  21  0  0  0  0  0  46  0  0  0  0  0  0  0 
1441627577  0  0  0  0  0  0  0  0  0  3873390  0  0  0  0  0  0  0  0  0  21  0  0  0  0  0  46  0  0  0  0  0  0  0 
1441627578  0  0  0  0  0  0  0  0  0  3873390  0  0  0  0  0  0  0  0  0  21  0  0  0  0  0  46  0  0  0  0  0  0  0 
1441627578  0  0  0  0  0  0  0  0  0  3873390  0  0  0  0  0  0  0  0  0  21  0  0  0  0  0  46  0  0  0  0  0  0  0 
1441627579  0  0  0  0  0  0  0  0  0  3873390  0  0  0  0  0  0  0  0  0  21  0  0  0  0  0  46  0  0  0  0  0  0  0 
1441627579  0  0  0  0  0  0  0  0  0  3873390  0  0  0  0  0  0  0  0  0  21  0  0  0  0  0  46  0  0  0  0  0  0  0 
1441627580  0  0  0  0  0  0  0  0  0  3873390  0  0  0  0  0  0  0  0  0  21  0  0  0  0  0  46  0  0  0  0  0  0  0 
1441627580  0  0  0  0  0  0  0  0  0  3873390  0  0  0  0  0  0  0  0  0  21  0  0  0  0  0  46  0  0  0  0  0  0  0 
1441627581  0  0  0  0  0  0  0  0  0  3873390  0  0  0  0  0  0  0  0  0  21  0  0  0  0  0  46  0  0  0  0  0  0  0 
1441627581  0  0  0  0  0  0  0  0  0  3873390  0  0  0  0  0  0  0  0  0  21  0  0  0  0  0  46  0  0  0  0  0  0  0 
1441627582  0  0  0  0  0  0  0  0  0  3873390  0  0  0  0  0  0  0  0  0  21  0  0  0  0  0  46  0  0  0  0  0  0  0 
1441627582  0  0  0  0  0  0  0  0  0  3873390  0  0  0  0  0  0  0  0  0  21  0  0  0  0  0  46  0  0  0  0  0  0  0 
1441627583  0  0  0  0  0  0  0  0  0  3873390  0  0  0  0  0  0  0  0  0  21  0  0  0  0  0  46  0  0  0  0  0  0  0 
1441627583  0  0  0  0  0  0  0  0  0  3873390  0  0  0  0  0  0  0  0  0  21  0  0  0  0  0  46  0  0  0  0  0  0  0 
1441627584  0  0  0  0  0  0  0  0  0  3873390  0  0  0  0  0  0  0  0  0  21  0  0  0  0  0  46  0  0  0  0  0  0  0 
1441627584  0  0  0  0  0  0  0  0  0  3873390  0  0  0  0  0  0  0  0  0  21  0  0  0  0  0  46  0  0  0  0  0  0  0 
1441627585  0  0  0  0  0  0  0  0  0  3873390  0  0  0  0  0  0  0  0  0  21  0  0  0  0  0  46  0  0  0  0  0  0  0 
1441627585  0  0  0  0  0  0  0  0  0  3873390  0  0  0  0  0  0  0  0  0  21  0  0  0  0  0  46  0  0  0  0  0  0  0 
1441627586  0  0  0  0  0  0  0  0  0  3873390  0  0  0  0  0  0  0  0  0  21  0  0  0  0  0  46  0  0  0  0  0  0  0 
1441627586  0  0  0  0  0  0  0  0  0  3873390  0  0  0  0  0  0  0  0  0  21  0  0  0  0  0  46  0  0  0  0  0  0  0 
1441627587  0  0  0  0  0  0  0  0  0  3873390  0  0  0  0  0  0  0  0  0  21  0  0  0  0  0  46  0  0  0  0  0  0  0 
1441627587  0  0  0  0  0  0  0  0  0  3873390  0  0  0  0  0  0  0  0  0  21  0  0  0  0  0  46  0  0  0  0  0  0  0 
1441627588  0  0  0  0  0  0  0  0  0  3873390  0  0  0  0  0  0  0  0  0  21  0  0  0  0  0  46  0  0  0  0  0  0  0 
1441627588  0  0  0  0  0  0  0  0  0  3873390  0  0  0  0  0  0  0  0  0  21  0  0  0  0  0  46  0  0  0  0  0  0  0 
1441627589  0  0  0  0  0  0  0  0  0  3873390  0  0  0  0  0  0  0  0  0  21  0  0  0  0  0  46  0  0  0  0  0  0  0 
1441627589  0  0  0  0  0  0  0  0  0  3873390  0  0  0  0  0  0  0  0  0  21  0  0  0  0  0  46  0  0  0  0  0  0  0 
1441627590  0  0  0  0  0  0  0  0  0  3873390  0  0  0  0  0  0  0  0  0  21  0  0  0  0  0  46  0  0  0  0  0  0  0 
1441627590  0  0  0  0  0  0  0  0  0  3873390  0  0  0  0  0  0  0  0  0  21  0  0  0  0  0  46  0  0  0  0  0  0  0 
1441627591  0  0  0  0  0  0  0  0  0  3873390  0  0  0  0  0  0  0  0  0  21  0  0  0  0  0  46  0  0  0  0  0  0  0 
1441627591  0  0  0  0  0  0  0  0  0  3873390  0  0  0  0  0  0  0  0  0  21  0  0  0  0  0  46  0  0  0  0  0  0  0 
1441627592  0  0  0  0  0  0  0  0  0  3873390  0  0  0  0  0  0  0  0  0  21  0  0  0  0  0  46  0  0  0  0  0  0  0 
1441627592  0  0  0  0  0  0  0  0  0  3873390  0  0  0  0  0  0  0  0  0  21  0  0  0  0  0  46  0  0  0  0  0  0  0 
1441627593  0  0  0  0  0  0  0  0  0  3873390  0  0  0  0  0  0  0  0  0  21  0  0  0  0  0  46  0  0  0  0  0  0  0 
1441627593  0  0  0  0  0  0  0  0  0  3873390  0  0  0  0  0  0  0  0  0  21  0  0  0  0  0  46  0  0  0  0  0  0  0 
1441627594  0  0  0  0  0  0  0  0  0  3873390  0  0  0  0  0  0  0  0  0  21  0  0  0  0  0  46  0  0  0  0  0  0  0 
1441627594  0  0  0  0  0  0  0  0  0  3873390  0  0  0  0  0  0  0  0  0  21  0  0  0  0  0  46  0  0  0  0  0  0  0 
1441627595  0  0  0  0  0  0  0  0  0  3873390  0  0  0  0  0  0  0  0  0  21  0  0  0  0  0  46  0  0  0  0  0  0  0 
1441627595  0  0  0  0  0  0  0  0  0  3873390  0  0  0  0  0  0  0  0  0  21  0  0  0  0  0  46  0  0  0  0  0  0  0 
1441627596  0  0  0  0  0  0  0  0  0  3873390  0  0  0  0  0  0  0  0  0  21  0  0  0  0  0  46  0  0  0  0  0  0  0 
1441627596  0  0  0  0  0  0  0  0  0  3881256  0  0  0  0  0  0  0  0  0  21  0  0  0  0  0  47  0  7866  0  0  0  0  0 
1441627597  0  0  0  0  0  0  0  0  0  3881256  0  0  0  0  0  0  0  0  0  21  0  0  0  0  0  47  0  0  0  0  0  0  0 
1441627597  0  0  0  0  0  0  0  0  0  3881256  0  0  0  0  0  0  0  0  0  21  0  0  0  0  0  47  0  0  0  0  0  0  0 
1441627598  0  0  0  0  0  0  0  0  0  3881256  0  0  0  0  0  0  0  0  0  21  0  0  0  0  0  47  0  0  0  0  0  0  0 
1441627598  0  0  0  0  0  0  0  0  0  3881256  0  0  0  0  0  0  0  0  0  21  0  0  0  0  0  47  0  0  0  0  0  0  0 
1441627599  0  0  0  0  0  0  0  0  0  3881256  0  0  0  0  0  0  0  0  0  21  0  0  0  0  0  47  0  0  0  0  0  0  0 
1441627599  0  0  0  0  0  0  0  0  0  3881256  0  0  0  0  0  0  0  0  0  21  0  0  0  0  0  47  0  0  0  0  0  0  0 
1441627600  0  0  0  0  0  0  0  0  0  3881256  0  0  0  0  0  0  0  0  0  21  0  0  0  0  0  47  0  0  0  0  0  0  0 
1441627600  0  0  0  0  0  0  0  0  0  3881256  0  0  0  0  0  0  0  0  0  21  0  0  0  0  0  47  0  0  0  0  0  0  0 
1441627601  0  0  0  0  0  0  0  0  0  3881256  0  0  0  0  0  0  0  0  0  21  0  0  0  0  0  47  0  0  0  0  0  0  0 
1441627601  0  0  0  0  0  0  0  0  0  3881256  0  0  0  0  0  0  0  0  0  21  0  0  0  0  0  47  0  0  0  0  0  0  0 
1441627602  0  0  0  0  0  0  0  0  0  3881256  0  0  0  0  0  0  0  0  0  21  0  0  0  0  0  47  0  0  0  0  0  0  0 
1441627602  0  0  0  0  0  0  0  0  0  3881256  0  0  0  0  0  0  0  0  0  21  0  0  0  0  0  47  0  0  0  0  0  0  0 
1441627603  0  0  0  0  0  0  0  0  0  3881256  0  0  0  0  0  0  0  0  0  21  0  0  0  0  0  47  0  0  0  0  0  0  0 
1441627603  0  0  0  0  0  0  0  0  0  3881256  0  0  0  0  0  0  0  0  0  21  0  0  0  0  0  47  0  0  0  0  0  0  0 
1441627604  0  0  0  0  0  0  0  0  0  3881256  0  0  0  0  0  0  0  0  0  21  0  0  0  0  0  47  0  0  0  0  0  0  0 
1441627604  0  0  0  0  0  0  0  0  0  3881256  0  0  0  0  0  0  0  0  0  21  0  0  0  0  0  47  0  0  0  0  0  0  0 
1441627605  0  0  0  0  0  0  0  0  0  3881256  0  0  0  0  0  0  0  0  0  21  0  0  0  0  0  47  0  0  0  0  0  0  0 
1441627605  0  0  0  0  0  0  0  0  0  3881256  0  0  0  0  0  0  0  0  0  21  0  0  0  0  0  47  0  0  0  0  0  0  0 
1441627606  0  0  0  0  0  0  0  0  0  3883917  0  0  0  0  0  0  0  0  0  21  0  0  0  0  0  48  0  2661  0  0  0  0  0 
1441627606  0  0  0  0  0  0  0  0  0  3883917  0  0  0  0  0  0  0  0  0  21  0  0  0  0  0  48  0  0  0  0  0  0  0 
1441627607  0  0  0  0  0  0  0  0  0  3883917  0  0  0  0  0  0  0  0  0  21  0  0  0  0  0  48  0  0  0  0  0  0  0 
1441627607  0  0  0  0  0  0  0  0  0  3883917  0  0  0  0  0  0  0  0  0  21  0  0  0  0  0  48  0  0  0  0  0  0  0 
1441627608  0  0  0  0  0  0  0  0  0  3883917  0  0  0  0  0  0  0  0  0  21  0  0  0  0  0  48  0  0  0  0  0  0  0 
1441627608  0  0  0  0  0  0  0  0  0  3883917  0  0  0  0  0  0  0  0  0  21  0  0  0  0  0  48  0  0  0  0  0  0  0 
1441627609  0  0  0  0  0  0  0  0  0  3883917  0  0  0  0  0  0  0  0  0  21  0  0  0  0  0  48  0  0  0  0  0  0  0 
1441627609  0  0  0  0  0  0  0  0  0  3883917  0  0  0  0  0  0  0  0  0  21  0  0  0  0  0  48  0  0  0  0  0  0  0 
1441627610  0  0  0  0  0  0  0  0  0  3883917  0  0  0  0  0  0  0  0  0  21  0  0  0  0  0  48  0  0  0  0  0  0  0 
1441627610  0  0  0  0  0  0  0  0  0  3883917  0  0  0  0  0  0  0  0  0  21  0  0  0  0  0  48  0  0  0  0  0  0  0 
1441627611  0  0  0  0  0  0  0  0  0  3883917  0  0  0  0  0  0  0  0  0  21  0  0  0  0  0  48  0  0  0  0  0  0  0 
1441627611  0  0  0  0  0  0  0  0  0  3883917  0  0  0  0  0  0  0  0  0  21  0  0  0  0  0  48  0  0  0  0  0  0  0 
1441627612  0  0  0  0  0  0  0  0  0  3883917  0  0  0  0  0  0  0  0  0  21  0  0  0  0  0  48  0  0  0  0  0  0  0 
1441627612  0  0  0  0  0  0  0  0  0  3883917  0  0  0  0  0  0  0  0  0  21  0  0  0  0  0  48  0  0  0  0  0  0  0 
1441627613  0  0  0  0  0  0  0  0  0  3883917  0  0  0  0  0  0  0  0  0  21  0  0  0  0  0  48  0  0  0  0  0  0  0 
1441627613  0  0  0  0  0  0  0  0  0  3883917  0  0  0  0  0  0  0  0  0  21  0  0  0  0  0  48  0  0  0  0  0  0  0 
1441627614  0  0  0  0  0  0  0  0  0  3883917  0  0  0  0  0  0  0  0  0  21  0  0  0  0  0  48  0  0  0  0  0  0  0 
1441627615  0  0  0  0  0  0  0  0  0  3883917  0  0  0  0  0  0  0  0  0  21  0  0  0  0  0  48  0  0  0  0  0  0  0 
1441627615  0  0  0  0  0  0  0  0  0  3883917  0  0  0  0  0  0  0  0  0  21  0  0  0  0  0  48  0  0  0  0  0  0  0 
1441627616  0  0  0  0  0  0  0  0  0  3883917  0  0  0  0  0  0  0  0  0  21  0  0  0  0  0  48  0  0  0  0  0  0  0 
1441627616  0  0  0  0  0  0  0  0  0  3886672  0  0  0  0  0  0  0  0  0  21  0  0  0  0  0  49  0  2755  0  0  0  0  0 
1441627617  0  0  0  0  0  0  0  0  0  3886672  0  0  0  0  0  0  0  0  0  21  0  0  0  0  0  49  0  0  0  0  0  0  0 
1441627617  0  0  0  0  0  0  0  0  0  3886672  0  0  0  0  0  0  0  0  0  21  0  0  0  0  0  49  0  0  0  0  0  0  0 
1441627618  0  0  0  0  0  0  0  0  0  3886672  0  0  0  0  0  0  0  0  0  21  0  0  0  0  0  49  0  0  0  0  0  0  0 
1441627618  0  0  0  0  0  0  0  0  0  3886672  0  0  0  0  0  0  0  0  0  21  0  0  0  0  0  49  0  0  0  0  0  0  0 
1441627619  0  0  0  0  0  0  0  0  0  3886672  0  0  0  0  0  0  0  0  0  21  0  0  0  0  0  49  0  0  0  0  0  0  0 
1441627619  0  0  0  0  0  0  0  0  0  3886672  0  0  0  0  0  0  0  0  0  21  0  0  0  0  0  49  0  0  0  0  0  0  0 
1441627620  0  0  0  0  0  0  0  0  0  3886672  0  0  0  0  0  0  0  0  0  21  0  0  0  0  0  49  0  0  0  0  0  0  0 
1441627620  0  0  0  0  0  0  0  0  0  3886672  0  0  0  0  0  0  0  0  0  21  0  0  0  0  0  49  0  0  0  0  0  0  0 
1441627621  0  0  0  0  0  0  0  0  0  3886672  0  0  0  0  0  0  0  0  0  21  0  0  0  0  0  49  0  0  0  0  0  0  0 
1441627621  0  0  0  0  0  0  0  0  0  3886672  0  0  0  0  0  0  0  0  0  21  0  0  0  0  0  49  0  0  0  0  0  0  0 
1441627622  0  0  0  0  0  0  0  0  0  3886672  0  0  0  0  0  0  0  0  0  21  0  0  0  0  0  49  0  0  0  0  0  0  0 
1441627622  0  0  0  0  0  0  0  0  0  3886672  0  0  0  0  0  0  0  0  0  21  0  0  0  0  0  49  0  0  0  0  0  0  0 
1441627623  0  0  0  0  0  0  0  0  0  3886672  0  0  0  0  0  0  0  0  0  21  0  0  0  0  0  49  0  0  0  0  0  0  0 
1441627623  0  0  0  0  0  0  0  0  0  3886672  0  0  0  0  0  0  0  0  0  21  0  0  0  0  0  49  0  0  0  0  0  0  0 
1441627624  0  0  0  0  0  0  0  0  0  3886672  0  0  0  0  0  0  0  0  0  21  0  0  0  0  0  49  0  0  0  0  0  0  0 
1441627624  0  0  0  0  0  0  0  0  0  3886672  0  0  0  0  0  0  0  0  0  21  0  0  0  0  0  49  0  0  0  0  0  0  0 
1441627625  0  0  0  0  0  0  0  0  0  3886672  0  0  0  0  0  0  0  0  0  21  0  0  0  0  0  49  0  0  0  0  0  0  0 
1441627625  0  0  0  0  0  0  0  0  0  3886672  0  0  0  0  0  0  0  0  0  21  0  0  0  0  0  49  0  0  0  0  0  0  0 
1441627626  0  0  0  0  0  0  0  0  0  3889597  0  0  0  0  0  0  0  0  0  21  0  0  0  0  0  50  0  2925  0  0  0  0  0 
1441627626  0  0  0  0  0  0  0  0  0  3889597  0  0  0  0  0  0  0  0  0  21  0  0  0  0  0  50  0  0  0  0  0  0  0 
1441627627  0  0  0  0  0  0  0  0  0  3889597  0  0  0  0  0  0  0  0  0  21  0  0  0  0  0  50  0  0  0  0  0  0  0 
1441627627  0  0  0  0  0  0  0  0  0  3889597  0  0  0  0  0  0  0  0  0  21  0  0  0  0  0  50  0  0  0  0  0  0  0 
1441627628  0  0  0  0  0  0  0  0  0  3889597  0  0  0  0  0  0  0  0  0  21  0  0  0  0  0  50  0  0  0  0  0  0  0 
1441627628  0  0  0  0  0  0  0  0  0  3889597  0  0  0  0  0  0  0  0  0  21  0  0  0  0  0  50  0  0  0  0  0  0  0 
1441627629  0  0  0  0  0  0  0  0  0  3889597  0  0  0  0  0  0  0  0  0  21  0  0  0  0  0  50  0  0  0  0  0  0  0 
1441627629  0  0  0  0  0  0  0  0  0  3889597  0  0  0  0  0  0  0  0  0  21  0  0  0  0  0  50  0  0  0  0  0  0  0 
1441627630  0  0  0  0  0  0  0  0  0  3889597  0  0  0  0  0  0  0  0  0  21  0  0  0  0  0  50  0  0  0  0  0  0  0 
1441627630  0  0  0  0  0  0  0  0  0  3889597  0  0  0  0  0  0  0  0  0  21  0  0  0  0  0  50  0  0  0  0  0  0  0 
1441627631  0  0  0  0  0  0  0  0  0  3889597  0  0  0  0  0  0  0  0  0  21  0  0  0  0  0  50  0  0  0  0  0  0  0 
1441627631  0  0  0  0  0  0  0  0  0  3889597  0  0  0  0  0  0  0  0  0  21  0  0  0  0  0  50  0  0  0  0  0  0  0 
1441627632  0  0  0  0  0  0  0  0  0  3889597  0  0  0  0  0  0  0  0  0  21  0  0  0  0  0  50  0  0  0  0  0  0  0 
1441627632  0  0  0  0  0  0  0  0  0  3889597  0  0  0  0  0  0  0  0  0  21  0  0  0  0  0  50  0  0  0  0  0  0  0 
1441627633  0  0  0  0  0  0  0  0  0  3889597  0  0  0  0  0  0  0  0  0  21  0  0  0  0  0  50  0  0  0  0  0  0  0 
1441627633  0  0  0  0  0  0  0  0  0  3889597  0  0  0  0  0  0  0  0  0  21  0  0  0  0  0  50  0  0  0  0  0  0  0 
1441627634  0  0  0  0  0  0  0  0  0  3889597  0  0  0  0  0  0  0  0  0  21  0  0  0  0  0  50  0  0  0  0  0  0  0 
1441627634  0  0  0  0  0  0  0  0  0  3889597  0  0  0  0  0  0  0  0  0  21  0  0  0  0  0  50  0  0  0  0  0  0  0 
1441627635  0  0  0  0  0  0  0  0  0  3889597  0  0  0  0  0  0  0  0  0  21  0  0  0  0  0  50  0  0  0  0  0  0  0 
1441627635  0  0  0  0  0  0  0  0  0  3889597  0  0  0  0  0  0  0  0  0  21  0  0  0  0  0  50  0  0  0  0  0  0  0 
1441627636  0  0  0  0  0  0  0  0  0  3889597  0  0  0  0  0  0  0  0  0  21  0  0  0  0  0  50  0  0  0  0  0  0  0 
1441627636  0  0  0  0  0  0  0  0  0  3893042  0  0  0  0  0  0  0  0  0  21  0  0  0  0  0  51  0  3445  0  0  0  0  0 
1441627637  0  0  0  0  0  0  0  0  0  3893042  0  0  0  0  0  0  0  0  0  21  0  0  0  0  0  51  0  0  0  0  0  0  0 
1441627637  0  0  0  0  0  0  0  0  0  3893042  0  0  0  0  0  0  0  0  0  21  0  0  0  0  0  51  0  0  0  0  0  0  0 
1441627638  0  0  0  0  0  0  0  0  0  3893042  0  0  0  0  0  0  0  0  0  21  0  0  0  0  0  51  0  0  0  0  0  0  0 
1441627638  0  0  0  0  0  0  0  0  0  3893042  0  0  0  0  0  0  0  0  0  21  0  0  0  0  0  51  0  0  0  0  0  0  0 
1441627639  0  0  0  0  0  0  0  0  0  3893042  0  0  0  0  0  0  0  0  0  21  0  0  0  0  0  51  0  0  0  0  0  0  0 
1441627639  0  0  0  0  0  0  0  0  0  3893042  0  0  0  0  0  0  0  0  0  21  0  0  0  0  0  51  0  0  0  0  0  0  0 
1441627640  0  0  0  0  0  0  0  0  0  3893042  0  0  0  0  0  0  0  0  0  21  0  0  0  0  0  51  0  0  0  0  0  0  0 
1441627640  0  0  0  0  0  0  0  0  0  3893042  0  0  0  0  0  0  0  0  0  21  0  0  0  0  0  51  0  0  0  0  0  0  0 
1441627641  0  0  0  0  0  0  0  0  0  3893042  0  0  0  0  0  0  0  0  0  21  0  0  0  0  0  51  0  0  0  0  0  0  0 
1441627641  0  0  0  0  0  0  0  0  0  3893042  0  0  0  0  0  0  0  0  0  21  0  0  0  0  0  51  0  0  0  0  0  0  0 
1441627642  0  0  0  0  0  0  0  0  0  3893042  0  0  0  0  0  0  0  0  0  21  0  0  0  0  0  51  0  0  0  0  0  0  0 
1441627642  0  0  0  0  0  0  0  0  0  3893042  0  0  0  0  0  0  0  0  0  21  0  0  0  0  0  51  0  0  0  0  0  0  0 
1441627643  0  0  0  0  0  0  0  0  0  3893042  0  0  0  0  0  0  0  0  0  21  0  0  0  0  0  51  0  0  0  0  0  0  0 
1441627643  0  0  0  0  0  0  0  0  0  3893042  0  0  0  0  0  0  0  0  0  21  0  0  0  0  0  51  0  0  0  0  0  0  0 
1441627644  0  0  0  0  0  0  0  0  0  3893042  0  0  0  0  0  0  0  0  0  21  0  0  0  0  0  51  0  0  0  0  0  0  0 
1441627644  0  0  0  0  0  0  0  0  0  3893042  0  0  0  0  0  0  0  0  0  21  0  0  0  0  0  51  0  0  0  0  0  0  0 
1441627645  0  0  0  0  0  0  0  0  0  3893042  0  0  0  0  0  0  0  0  0  21  0  0  0  0  0  51  0  0  0  0  0  0  0 
1441627645  0  0  0  0  0  0  0  0  0  3893042  0  0  0  0  0  0  0  0  0  21  0  0  0  0  0  51  0  0  0  0  0  0  0 
1441627646  0  0  0  0  0  0  0  0  0  3893042  0  0  0  0  0  0  0  0  0  21  0  0  0  0  0  51  0  0  0  0  0  0  0 
1441627646  0  0  0  0  0  0  0  0  0  3953368  0  0  0  0  0  0  0  0  0  23  0  0  0  0  0  55  0  60326  0  0  0  0  0 
1441627647  0  0  0  0  0  0  0  0  0  3972670  0  0  0  0  0  0  0  0  0  25  0  0  0  0  0  64  0  19302  0  0  0  0  0 
1441627648  0  0  0  0  0  0  0  0  0  3972670  0  0  0  0  0  0  0  0  0  25  0  0  0  0  0  64  0  0  0  0  0  0  0 
1441627648  0  0  0  0  0  0  0  0  0  3972670  0  0  0  0  0  0  0  0  0  25  0  0  0  0  0  64  0  0  0  0  0  0  0 
