#Type:X;CI:1;ww:0;ca:0;co:0;fr:0;Type:X;CI:1;PI:0;PT:EP;U0:0;U1:0;Type:X;CI:1;PI:1;PT:EP;U0:0;U1:0;
#time  Pp  gt  gs  cn  cm  cb  Nc  Pc  cp  Tc  Nm  pr  ps  pt  px  pd  Pm  Om  fs  ft  Oc  Em  Gp  Ec  Ge  ot  os  Total_cycles_diff  Successful_get_diff  Total_get_diff  succ_put_diff  total_put_diff  get_hit  
1441622021  0  0  0  0  0  0  0  0  0  4114733  0  0  0  0  0  0  0  0  0  21  0  0  0  0  0  46  0  4114733  0  0  0  0  
1441622021  0  0  0  0  0  0  0  0  0  4122547  0  0  0  0  0  0  0  0  0  21  0  0  0  0  0  47  0  7814  0  0  0  0  0 
1441622022  0  0  0  0  0  0  0  0  0  4122547  0  0  0  0  0  0  0  0  0  21  0  0  0  0  0  47  0  0  0  0  0  0  0 
1441622022  0  0  0  0  0  0  0  0  0  4122547  0  0  0  0  0  0  0  0  0  21  0  0  0  0  0  47  0  0  0  0  0  0  0 
1441622023  0  0  0  0  0  0  0  0  0  4122547  0  0  0  0  0  0  0  0  0  21  0  0  0  0  0  47  0  0  0  0  0  0  0 
1441622023  0  0  0  0  0  0  0  0  0  4122547  0  0  0  0  0  0  0  0  0  21  0  0  0  0  0  47  0  0  0  0  0  0  0 
1441622024  0  0  0  0  0  0  0  0  0  4122547  0  0  0  0  0  0  0  0  0  21  0  0  0  0  0  47  0  0  0  0  0  0  0 
1441622024  0  0  0  0  0  0  0  0  0  4122547  0  0  0  0  0  0  0  0  0  21  0  0  0  0  0  47  0  0  0  0  0  0  0 
1441622025  0  0  0  0  0  0  0  0  0  4122547  0  0  0  0  0  0  0  0  0  21  0  0  0  0  0  47  0  0  0  0  0  0  0 
1441622025  0  0  0  0  0  0  0  0  0  4122547  0  0  0  0  0  0  0  0  0  21  0  0  0  0  0  47  0  0  0  0  0  0  0 
1441622026  0  0  0  0  0  0  0  0  0  4122547  0  0  0  0  0  0  0  0  0  21  0  0  0  0  0  47  0  0  0  0  0  0  0 
1441622026  0  0  0  0  0  0  0  0  0  4122547  0  0  0  0  0  0  0  0  0  21  0  0  0  0  0  47  0  0  0  0  0  0  0 
1441622027  0  0  0  0  0  0  0  0  0  4122547  0  0  0  0  0  0  0  0  0  21  0  0  0  0  0  47  0  0  0  0  0  0  0 
1441622027  0  0  0  0  0  0  0  0  0  4122547  0  0  0  0  0  0  0  0  0  21  0  0  0  0  0  47  0  0  0  0  0  0  0 
1441622028  0  0  0  0  0  0  0  0  0  4122547  0  0  0  0  0  0  0  0  0  21  0  0  0  0  0  47  0  0  0  0  0  0  0 
1441622028  0  0  0  0  0  0  0  0  0  4122547  0  0  0  0  0  0  0  0  0  21  0  0  0  0  0  47  0  0  0  0  0  0  0 
1441622029  0  0  0  0  0  0  0  0  0  4122547  0  0  0  0  0  0  0  0  0  21  0  0  0  0  0  47  0  0  0  0  0  0  0 
1441622029  0  0  0  0  0  0  0  0  0  4122547  0  0  0  0  0  0  0  0  0  21  0  0  0  0  0  47  0  0  0  0  0  0  0 
1441622030  0  0  0  0  0  0  0  0  0  4122547  0  0  0  0  0  0  0  0  0  21  0  0  0  0  0  47  0  0  0  0  0  0  0 
1441622030  0  0  0  0  0  0  0  0  0  4122547  0  0  0  0  0  0  0  0  0  21  0  0  0  0  0  47  0  0  0  0  0  0  0 
1441622031  0  0  0  0  0  0  0  0  0  4125190  0  0  0  0  0  0  0  0  0  21  0  0  0  0  0  48  0  2643  0  0  0  0  0 
1441622031  0  0  0  0  0  0  0  0  0  4125190  0  0  0  0  0  0  0  0  0  21  0  0  0  0  0  48  0  0  0  0  0  0  0 
1441622032  0  0  0  0  0  0  0  0  0  4125190  0  0  0  0  0  0  0  0  0  21  0  0  0  0  0  48  0  0  0  0  0  0  0 
1441622032  0  0  0  0  0  0  0  0  0  4125190  0  0  0  0  0  0  0  0  0  21  0  0  0  0  0  48  0  0  0  0  0  0  0 
1441622033  0  0  0  0  0  0  0  0  0  4125190  0  0  0  0  0  0  0  0  0  21  0  0  0  0  0  48  0  0  0  0  0  0  0 
1441622033  0  0  0  0  0  0  0  0  0  4125190  0  0  0  0  0  0  0  0  0  21  0  0  0  0  0  48  0  0  0  0  0  0  0 
1441622034  0  0  0  0  0  0  0  0  0  4125190  0  0  0  0  0  0  0  0  0  21  0  0  0  0  0  48  0  0  0  0  0  0  0 
1441622034  0  0  0  0  0  0  0  0  0  4125190  0  0  0  0  0  0  0  0  0  21  0  0  0  0  0  48  0  0  0  0  0  0  0 
1441622035  0  0  0  0  0  0  0  0  0  4125190  0  0  0  0  0  0  0  0  0  21  0  0  0  0  0  48  0  0  0  0  0  0  0 
1441622035  0  0  0  0  0  0  0  0  0  4125190  0  0  0  0  0  0  0  0  0  21  0  0  0  0  0  48  0  0  0  0  0  0  0 
1441622036  0  0  0  0  0  0  0  0  0  4125190  0  0  0  0  0  0  0  0  0  21  0  0  0  0  0  48  0  0  0  0  0  0  0 
1441622036  0  0  0  0  0  0  0  0  0  4125190  0  0  0  0  0  0  0  0  0  21  0  0  0  0  0  48  0  0  0  0  0  0  0 
1441622037  0  0  0  0  0  0  0  0  0  4125190  0  0  0  0  0  0  0  0  0  21  0  0  0  0  0  48  0  0  0  0  0  0  0 
1441622037  0  0  0  0  0  0  0  0  0  4125190  0  0  0  0  0  0  0  0  0  21  0  0  0  0  0  48  0  0  0  0  0  0  0 
1441622038  0  0  0  0  0  0  0  0  0  4125190  0  0  0  0  0  0  0  0  0  21  0  0  0  0  0  48  0  0  0  0  0  0  0 
1441622038  0  0  0  0  0  0  0  0  0  4125190  0  0  0  0  0  0  0  0  0  21  0  0  0  0  0  48  0  0  0  0  0  0  0 
1441622039  0  0  0  0  0  0  0  0  0  4125190  0  0  0  0  0  0  0  0  0  21  0  0  0  0  0  48  0  0  0  0  0  0  0 
1441622039  0  0  0  0  0  0  0  0  0  4125190  0  0  0  0  0  0  0  0  0  21  0  0  0  0  0  48  0  0  0  0  0  0  0 
1441622040  0  0  0  0  0  0  0  0  0  4125190  0  0  0  0  0  0  0  0  0  21  0  0  0  0  0  48  0  0  0  0  0  0  0 
1441622040  0  0  0  0  0  0  0  0  0  4125190  0  0  0  0  0  0  0  0  0  21  0  0  0  0  0  48  0  0  0  0  0  0  0 
1441622041  0  0  0  0  0  0  0  0  0  4125190  0  0  0  0  0  0  0  0  0  21  0  0  0  0  0  48  0  0  0  0  0  0  0 
1441622041  0  0  0  0  0  0  0  0  0  4127836  0  0  0  0  0  0  0  0  0  21  0  0  0  0  0  49  0  2646  0  0  0  0  0 
1441622042  0  0  0  0  0  0  0  0  0  4127836  0  0  0  0  0  0  0  0  0  21  0  0  0  0  0  49  0  0  0  0  0  0  0 
1441622043  0  0  0  0  0  0  0  0  0  4127836  0  0  0  0  0  0  0  0  0  21  0  0  0  0  0  49  0  0  0  0  0  0  0 
1441622043  0  0  0  0  0  0  0  0  0  4127836  0  0  0  0  0  0  0  0  0  21  0  0  0  0  0  49  0  0  0  0  0  0  0 
1441622044  0  0  0  0  0  0  0  0  0  4127836  0  0  0  0  0  0  0  0  0  21  0  0  0  0  0  49  0  0  0  0  0  0  0 
1441622044  0  0  0  0  0  0  0  0  0  4127836  0  0  0  0  0  0  0  0  0  21  0  0  0  0  0  49  0  0  0  0  0  0  0 
1441622045  0  0  0  0  0  0  0  0  0  4127836  0  0  0  0  0  0  0  0  0  21  0  0  0  0  0  49  0  0  0  0  0  0  0 
1441622045  0  0  0  0  0  0  0  0  0  4127836  0  0  0  0  0  0  0  0  0  21  0  0  0  0  0  49  0  0  0  0  0  0  0 
1441622046  0  0  0  0  0  0  0  0  0  4127836  0  0  0  0  0  0  0  0  0  21  0  0  0  0  0  49  0  0  0  0  0  0  0 
1441622046  0  0  0  0  0  0  0  0  0  4127836  0  0  0  0  0  0  0  0  0  21  0  0  0  0  0  49  0  0  0  0  0  0  0 
1441622047  0  0  0  0  0  0  0  0  0  4127836  0  0  0  0  0  0  0  0  0  21  0  0  0  0  0  49  0  0  0  0  0  0  0 
1441622047  0  0  0  0  0  0  0  0  0  4127836  0  0  0  0  0  0  0  0  0  21  0  0  0  0  0  49  0  0  0  0  0  0  0 
1441622048  0  0  0  0  0  0  0  0  0  4127836  0  0  0  0  0  0  0  0  0  21  0  0  0  0  0  49  0  0  0  0  0  0  0 
1441622048  0  0  0  0  0  0  0  0  0  4127836  0  0  0  0  0  0  0  0  0  21  0  0  0  0  0  49  0  0  0  0  0  0  0 
1441622049  0  0  0  0  0  0  0  0  0  4127836  0  0  0  0  0  0  0  0  0  21  0  0  0  0  0  49  0  0  0  0  0  0  0 
1441622049  0  0  0  0  0  0  0  0  0  4127836  0  0  0  0  0  0  0  0  0  21  0  0  0  0  0  49  0  0  0  0  0  0  0 
1441622050  0  0  0  0  0  0  0  0  0  4127836  0  0  0  0  0  0  0  0  0  21  0  0  0  0  0  49  0  0  0  0  0  0  0 
1441622050  0  0  0  0  0  0  0  0  0  4127836  0  0  0  0  0  0  0  0  0  21  0  0  0  0  0  49  0  0  0  0  0  0  0 
1441622051  0  0  0  0  0  0  0  0  0  4127836  0  0  0  0  0  0  0  0  0  21  0  0  0  0  0  49  0  0  0  0  0  0  0 
1441622051  0  0  0  0  0  0  0  0  0  4132584  0  0  0  0  0  0  0  0  0  21  0  0  0  0  0  50  0  4748  0  0  0  0  0 
1441622052  0  0  0  0  0  0  0  0  0  4132584  0  0  0  0  0  0  0  0  0  21  0  0  0  0  0  50  0  0  0  0  0  0  0 
1441622052  0  0  0  0  0  0  0  0  0  4132584  0  0  0  0  0  0  0  0  0  21  0  0  0  0  0  50  0  0  0  0  0  0  0 
1441622053  0  0  0  0  0  0  0  0  0  4132584  0  0  0  0  0  0  0  0  0  21  0  0  0  0  0  50  0  0  0  0  0  0  0 
1441622053  0  0  0  0  0  0  0  0  0  4132584  0  0  0  0  0  0  0  0  0  21  0  0  0  0  0  50  0  0  0  0  0  0  0 
1441622054  0  0  0  0  0  0  0  0  0  4132584  0  0  0  0  0  0  0  0  0  21  0  0  0  0  0  50  0  0  0  0  0  0  0 
1441622054  0  0  0  0  0  0  0  0  0  4132584  0  0  0  0  0  0  0  0  0  21  0  0  0  0  0  50  0  0  0  0  0  0  0 
1441622055  0  0  0  0  0  0  0  0  0  4132584  0  0  0  0  0  0  0  0  0  21  0  0  0  0  0  50  0  0  0  0  0  0  0 
1441622055  0  0  0  0  0  0  0  0  0  4132584  0  0  0  0  0  0  0  0  0  21  0  0  0  0  0  50  0  0  0  0  0  0  0 
1441622056  0  0  0  0  0  0  0  0  0  4132584  0  0  0  0  0  0  0  0  0  21  0  0  0  0  0  50  0  0  0  0  0  0  0 
1441622056  0  0  0  0  0  0  0  0  0  4132584  0  0  0  0  0  0  0  0  0  21  0  0  0  0  0  50  0  0  0  0  0  0  0 
1441622057  0  0  0  0  0  0  0  0  0  4132584  0  0  0  0  0  0  0  0  0  21  0  0  0  0  0  50  0  0  0  0  0  0  0 
1441622057  0  0  0  0  0  0  0  0  0  4132584  0  0  0  0  0  0  0  0  0  21  0  0  0  0  0  50  0  0  0  0  0  0  0 
1441622058  0  0  0  0  0  0  0  0  0  4132584  0  0  0  0  0  0  0  0  0  21  0  0  0  0  0  50  0  0  0  0  0  0  0 
1441622058  0  0  0  0  0  0  0  0  0  4132584  0  0  0  0  0  0  0  0  0  21  0  0  0  0  0  50  0  0  0  0  0  0  0 
1441622059  0  0  0  0  0  0  0  0  0  4132584  0  0  0  0  0  0  0  0  0  21  0  0  0  0  0  50  0  0  0  0  0  0  0 
1441622059  0  0  0  0  0  0  0  0  0  4132584  0  0  0  0  0  0  0  0  0  21  0  0  0  0  0  50  0  0  0  0  0  0  0 
1441622060  0  0  0  0  0  0  0  0  0  4132584  0  0  0  0  0  0  0  0  0  21  0  0  0  0  0  50  0  0  0  0  0  0  0 
1441622060  0  0  0  0  0  0  0  0  0  4132584  0  0  0  0  0  0  0  0  0  21  0  0  0  0  0  50  0  0  0  0  0  0  0 
1441622061  0  0  0  0  0  0  0  0  0  4132584  0  0  0  0  0  0  0  0  0  21  0  0  0  0  0  50  0  0  0  0  0  0  0 
1441622061  0  0  0  0  0  0  0  0  0  4178797  0  0  0  0  0  0  0  0  0  22  0  0  0  0  0  52  0  46213  0  0  0  0  0 
1441622062  0  0  0  0  0  0  0  0  0  4233077  0  0  0  0  0  0  0  0  0  25  0  0  0  0  0  63  0  54280  0  0  0  0  0 
1441622062  0  0  0  0  0  0  0  0  0  4233077  0  0  0  0  0  0  0  0  0  25  0  0  0  0  0  63  0  0  0  0  0  0  0 
1441622063  0  0  0  0  0  0  0  0  0  4233077  0  0  0  0  0  0  0  0  0  25  0  0  0  0  0  63  0  0  0  0  0  0  0 
