#type:G;
#time  Rt  Nm  Tt  Nc  Rx  Gz  Pc  Pf  Ra  Te  Pm  Fp  Fc  Ta  Fm  Om  Lm  Oc  Sm  Sc  Em  Af  Ea  Cf  Ec  Gd  Zt  Et  Ep  dedup_put_diff  total_eph_put_diff  dedup_factor  dedup_curr  compression_saving  tze_saving  
1441339192  0  0  4969  0  0  0  0  0  0  4895  0  0  0  0  0  0  0  0  0  0  0  0  0  0  0  0  0  0  0  0  0  0 0 0 0 
1441339192  0  0  4972  0  0  0  0  0  0  4896  0  0  0  0  0  0  0  0  0  0  0  0  0  0  0  0  0  0  0  0  0  0 0 0 0 
1441339193  0  0  4972  0  0  0  0  0  0  4896  0  0  0  0  0  0  0  0  0  0  0  0  0  0  0  0  0  0  0  0  0  0 0 0 0 
1441339193  0  0  4973  0  0  0  0  0  0  4896  0  0  0  0  0  0  0  0  0  0  0  0  0  0  0  0  0  0  0  0  0  0 0 0 0 
1441339194  0  0  4974  0  0  0  0  0  0  4896  0  0  0  0  0  0  0  0  0  0  0  0  0  0  0  0  0  0  0  0  0  0 0 0 0 
1441339194  0  0  4975  0  0  0  0  0  0  4896  0  0  0  0  0  0  0  0  0  0  0  0  0  0  0  0  0  0  0  0  0  0 0 0 0 
1441339195  0  0  4976  0  0  0  0  0  0  4896  0  0  0  0  0  0  0  0  0  0  0  0  0  0  0  0  0  0  0  0  0  0 0 0 0 
1441339195  0  0  4977  0  0  0  0  0  0  4896  0  0  0  0  0  0  0  0  0  0  0  0  0  0  0  0  0  0  0  0  0  0 0 0 0 
1441339196  0  0  4978  0  0  0  0  0  0  4896  0  0  0  0  0  0  0  0  0  0  0  0  0  0  0  0  0  0  0  0  0  0 0 0 0 
1441339196  0  0  4979  0  0  0  0  0  0  4896  0  0  0  0  0  0  0  0  0  0  0  0  0  0  0  0  0  0  0  0  0  0 0 0 0 
1441339197  0  0  4979  0  0  0  0  0  0  4896  0  0  0  0  0  0  0  0  0  0  0  0  0  0  0  0  0  0  0  0  0  0 0 0 0 
1441339197  0  0  4980  0  0  0  0  0  0  4896  0  0  0  0  0  0  0  0  0  0  0  0  0  0  0  0  0  0  0  0  0  0 0 0 0 
1441339198  0  0  4981  0  0  0  0  0  0  4896  0  0  0  0  0  0  0  0  0  0  0  0  0  0  0  0  0  0  0  0  0  0 0 0 0 
1441339198  0  0  4982  0  0  0  0  0  0  4896  0  0  0  0  0  0  0  0  0  0  0  0  0  0  0  0  0  0  0  0  0  0 0 0 0 
1441339199  0  0  4983  0  0  0  0  0  0  4896  0  0  0  0  0  0  0  0  0  0  0  0  0  0  0  0  0  0  0  0  0  0 0 0 0 
1441339199  0  0  4984  0  0  0  0  0  0  4896  0  0  0  0  0  0  0  0  0  0  0  0  0  0  0  0  0  0  0  0  0  0 0 0 0 
1441339200  0  0  4985  0  0  0  0  0  0  4896  0  0  0  0  0  0  0  0  0  0  0  0  0  0  0  0  0  0  0  0  0  0 0 0 0 
1441339200  0  0  4986  0  0  0  0  0  0  4896  0  0  0  0  0  0  0  0  0  0  0  0  0  0  0  0  0  0  0  0  0  0 0 0 0 
1441339201  0  0  4986  0  0  0  0  0  0  4896  0  0  0  0  0  0  0  0  0  0  0  0  0  0  0  0  0  0  0  0  0  0 0 0 0 
1441339201  0  0  4987  0  0  0  0  0  0  4896  0  0  0  0  0  0  0  0  0  0  0  0  0  0  0  0  0  0  0  0  0  0 0 0 0 
1441339202  0  0  4989  0  0  0  0  0  0  4897  0  0  0  0  0  0  0  0  0  0  0  0  0  0  0  0  0  0  0  0  0  0 0 0 0 
1441339202  0  192  7930  192  0  6299186  2701  0  0  5009  2701  0  6  0  6  263  0  263  2699  2699  2701  0  0  0  2701  2  0  0  2701  2  2701  0.0740466493891  0.0740466493891  43.0201108918  100.0  
1441339203  0  234  9163  183  0  6445076  2705  0  0  5014  3416  0  9  285  13  354  0  192  3414  2703  3416  5  0  0  2705  2  0  0  3416  0  715  0.0585480093677  0.0739371534196  41.7867227964  100.0  
1441339203  0  234  9357  179  0  6194430  2617  0  0  5014  3416  0  6  351  13  354  0  190  3414  2615  3416  5  0  0  2617  2  0  0  3416  0  0  0.0585480093677  0.076423385556  42.1678006991  100.0  
1441339204  0  234  9357  179  0  6194430  2617  0  0  5014  3416  0  6  351  13  354  0  190  3414  2615  3416  5  0  0  2617  2  0  0  3416  0  0  0.0585480093677  0.076423385556  42.1678006991  100.0  
1441339204  0  234  9358  179  0  6194430  2617  0  0  5014  3416  0  6  351  13  354  0  190  3414  2615  3416  5  0  0  2617  2  0  0  3416  0  0  0.0585480093677  0.076423385556  42.1678006991  100.0  
1441339205  0  234  9359  179  0  6194430  2617  0  0  5014  3416  0  6  351  13  354  0  190  3414  2615  3416  5  0  0  2617  2  0  0  3416  0  0  0.0585480093677  0.076423385556  42.1678006991  100.0  
1441339205  0  234  9360  179  0  6194430  2617  0  0  5014  3416  0  6  351  13  354  0  190  3414  2615  3416  5  0  0  2617  2  0  0  3416  0  0  0.0585480093677  0.076423385556  42.1678006991  100.0  
1441339206  0  234  9361  179  0  6194430  2617  0  0  5014  3416  0  6  351  13  354  0  190  3414  2615  3416  5  0  0  2617  2  0  0  3416  0  0  0.0585480093677  0.076423385556  42.1678006991  100.0  
1441339207  0  234  9362  179  0  6194430  2617  0  0  5014  3416  0  6  351  13  354  0  190  3414  2615  3416  5  0  0  2617  2  0  0  3416  0  0  0.0585480093677  0.076423385556  42.1678006991  100.0  
1441339207  0  234  9362  179  0  6194430  2617  0  0  5014  3416  0  6  351  13  354  0  190  3414  2615  3416  5  0  0  2617  2  0  0  3416  0  0  0.0585480093677  0.076423385556  42.1678006991  100.0  
1441339208  0  234  9363  179  0  6194430  2617  0  0  5014  3416  0  6  351  13  354  0  190  3414  2615  3416  5  0  0  2617  2  0  0  3416  0  0  0.0585480093677  0.076423385556  42.1678006991  100.0  
1441339208  0  234  9364  179  0  6194430  2617  0  0  5014  3416  0  6  351  13  354  0  190  3414  2615  3416  5  0  0  2617  2  0  0  3416  0  0  0.0585480093677  0.076423385556  42.1678006991  100.0  
1441339209  0  234  9365  179  0  6194430  2617  0  0  5014  3416  0  6  351  13  354  0  190  3414  2615  3416  5  0  0  2617  2  0  0  3416  0  0  0.0585480093677  0.076423385556  42.1678006991  100.0  
1441339209  0  234  12237  209  0  7235947  3015  0  0  5026  3416  0  25  178  25  354  0  227  3414  3013  3416  17  0  0  3015  2  0  0  3814  0  398  0.0524383848977  0.0663349917081  41.3677854946  100.0  
1441339210  0  234  21221  209  0  7235947  3015  0  0  5026  3416  0  25  178  25  354  0  227  3414  3013  3416  17  0  0  3015  2  0  0  3814  0  0  0.0524383848977  0.0663349917081  41.3677854946  100.0  
1441339210  0  234  29876  209  0  7235947  3015  0  0  5026  3416  0  25  178  25  354  0  227  3414  3013  3416  17  0  0  3015  2  0  0  3814  0  0  0.0524383848977  0.0663349917081  41.3677854946  100.0  
1441339211  0  234  29876  209  0  7235947  3015  0  0  5026  3416  0  25  178  25  354  0  227  3414  3013  3416  17  0  0  3015  2  0  0  3814  0  0  0.0524383848977  0.0663349917081  41.3677854946  100.0  
1441339211  0  234  34805  209  0  7027870  2943  0  0  5026  3416  0  25  220  25  354  0  227  3414  2941  3416  17  0  0  2943  2  0  0  3814  0  0  0.0524383848977  0.067957866123  41.6596880578  100.0  
1441339212  0  234  42177  209  0  7027870  2943  0  0  5026  3416  0  25  220  25  354  0  227  3414  2941  3416  17  0  0  2943  2  0  0  3814  0  0  0.0524383848977  0.067957866123  41.6596880578  100.0  
1441339212  0  234  46763  209  0  7027870  2943  0  0  5026  3416  0  25  220  25  354  0  227  3414  2941  3416  17  0  0  2943  2  0  0  3814  0  0  0.0524383848977  0.067957866123  41.6596880578  100.0  
1441339213  0  234  53101  209  0  7058485  2954  0  0  5026  3416  0  25  220  25  354  0  227  3414  2952  3416  17  0  0  2954  2  0  0  3825  0  11  0.0522875816993  0.0677048070413  41.6238841649  100.0  
1441339213  0  234  53101  209  0  7058485  2954  0  0  5026  3416  0  25  220  25  354  0  227  3414  2952  3416  17  0  0  2954  2  0  0  3825  0  0  0.0522875816993  0.0677048070413  41.6238841649  100.0  
1441339214  0  234  65043  209  0  7058485  2954  0  0  5026  3416  0  25  220  25  354  0  227  3414  2952  3416  17  0  0  2954  2  0  0  3825  0  0  0.0522875816993  0.0677048070413  41.6238841649  100.0  
1441339214  0  234  71763  209  0  7058485  2954  0  0  5026  3416  0  25  220  25  354  0  227  3414  2952  3416  17  0  0  2954  2  0  0  3825  0  0  0.0522875816993  0.0677048070413  41.6238841649  100.0  
1441339215  0  234  97514  209  0  8644725  3584  0  0  5027  3584  0  27  0  27  354  0  225  3582  3582  3584  18  0  0  3584  2  0  0  4536  0  711  0.0440917107584  0.0558035714286  41.0796045658  100.0  
1441339215  0  234  107236  209  0  8835414  3655  0  0  5027  3655  0  30  0  30  354  0  225  3653  3653  3655  18  0  0  3655  2  0  0  4607  0  71  0.0434121988279  0.0547195622435  40.9503559788  100.0  
1441339216  0  234  107236  209  0  8835414  3655  0  0  5027  3655  0  30  0  30  354  0  225  3653  3653  3655  18  0  0  3655  2  0  0  4607  0  0  0.0434121988279  0.0547195622435  40.9503559788  100.0  
1441339216  0  234  117314  209  0  8794918  3639  0  0  5027  3655  0  30  9  30  354  0  225  3653  3637  3655  18  0  0  3639  2  0  0  4607  0  0  0.0434121988279  0.0549601538884  40.9624201995  100.0  
1441339217  0  234  125696  210  0  9001634  3703  0  0  5027  3703  0  47  0  47  354  0  226  3701  3701  3703  18  0  0  3703  2  0  0  4671  0  64  0.0428173838578  0.0540102619498  40.6197095169  100.0  
1441339217  0  234  135055  222  0  9816738  3902  0  0  5027  3902  0  246  0  246  354  0  227  3900  3900  3902  18  0  0  3902  2  0  0  4870  0  199  0.041067761807  0.0512557662737  38.5470628005  100.0  
1441339218  0  234  139877  229  0  9988770  3944  0  0  5027  3944  0  288  0  288  354  0  229  3942  3942  3944  18  0  0  3944  2  0  0  4912  0  42  0.0407166123779  0.0507099391481  38.1363635012  100.0  
1441339218  0  241  149313  241  0  10922658  4172  0  0  5027  4172  0  516  0  516  354  0  229  4170  4170  4172  18  0  0  4172  2  0  0  5140  0  228  0.0389105058366  0.0479386385427  36.0512098134  100.0  
1441339219  0  259  158608  259  0  11758242  4389  0  0  5027  4389  0  720  0  720  354  0  233  4374  4374  4389  18  0  0  4389  15  0  0  5357  13  217  0.280007466866  0.341763499658  34.3698090814  100.0  
1441339219  0  259  158608  259  0  11758242  4389  0  0  5027  4389  0  720  0  720  354  0  233  4374  4374  4389  18  0  0  4389  15  0  0  5357  0  0  0.280007466866  0.341763499658  34.3698090814  100.0  
1441339220  0  265  167467  265  0  12393122  4544  0  0  5027  4544  0  875  0  875  354  0  233  4529  4529  4544  18  0  0  4544  15  0  0  5544  0  187  0.270562770563  0.330105633803  33.1935404994  100.0  
1441339220  0  274  176918  274  0  13036194  4701  0  0  5027  4701  0  1032  0  1032  354  0  234  4686  4686  4701  18  0  0  4701  15  0  0  5701  0  157  0.263111734783  0.319081046586  32.0814223051  100.0  
1441339221  0  280  184293  280  0  13564578  4830  0  0  5027  4830  0  1161  0  1161  354  0  234  4815  4815  4830  18  0  0  4830  15  0  0  5830  0  129  0.257289879931  0.310559006211  31.2219200253  100.0  
1441339221  0  287  190928  287  0  14089499  5011  0  0  5028  5020  0  1256  29  1285  354  0  237  5005  4976  5020  19  0  0  5011  35  0  0  6040  20  210  0.579470198675  0.698463380563  30.8718028176  100.0  
1441339222  0  297  198239  297  0  14519763  5146  0  0  5028  5146  0  1354  0  1354  354  0  239  5084  5084  5146  19  0  0  5146  62  0  0  6175  27  135  1.004048583  1.20481927711  30.2741146013  100.0  
1441339223  0  318  207129  318  0  18865619  6251  0  0  5028  6251  0  2415  0  2415  354  0  239  6145  6145  6251  19  0  0  6251  106  0  0  7280  44  1105  1.45604395604  1.69572868341  25.0469647897  100.0  
1441339223  0  318  209794  318  0  19148243  6320  0  0  5028  6320  0  2484  0  2484  354  0  239  6214  6214  6320  19  0  0  6320  106  0  0  7349  0  69  1.44237311199  1.67721518987  24.7688443246  100.0  
1441339224  0  377  218504  377  0  35548627  10369  0  0  5028  10369  0  6488  0  6488  354  0  240  10218  10218  10369  19  0  0  10369  151  0  0  11398  45  4049  1.32479382348  1.45626386344  15.0629867521  100.0  
1441339224  0  433  226534  433  0  48541139  13604  0  0  5028  13604  0  9660  0  9660  354  0  241  13390  13390  13604  19  0  0  13604  214  0  0  14633  63  3235  1.46244789175  1.57306674507  11.4946675603  100.0  
1441339225  0  433  226534  433  0  48541139  13604  0  0  5028  13604  0  9660  0  9660  354  0  241  13390  13390  13604  19  0  0  13604  214  0  0  14633  0  0  1.46244789175  1.57306674507  11.4946675603  100.0  
1441339225  0  490  233840  490  0  59290834  16448  0  0  5028  16448  0  12283  0  12283  354  0  244  16015  16015  16448  19  0  0  16448  433  0  0  17477  219  2844  2.47754191223  2.63253891051  9.61410384308  100.0  
1441339226  0  530  240714  530  0  67798226  18622  0  0  5029  18622  0  14360  0  14360  354  0  245  18092  18092  18622  20  0  0  18622  530  0  0  19651  97  2174  2.69706376266  2.84609601547  8.5103843161  100.0  
1441339226  0  586  252116  586  0  80393743  21795  0  0  5029  21795  0  17435  0  17435  354  0  246  21168  21168  21795  20  0  0  21795  627  0  0  22824  97  3173  2.74710830705  2.87680660702  7.27806754483  100.0  
1441339227  0  618  259586  618  0  84734445  23094  0  0  5029  23094  0  18493  0  18493  354  0  248  22238  22238  23094  20  0  0  23094  856  0  0  24123  229  1299  3.54848070306  3.7065904564  6.97400682917  100.0  
1441339227  0  639  267433  639  0  80839399  23708  0  0  5029  24048  0  17543  1495  19008  354  0  247  22753  21287  24048  20  0  0  23708  2421  0  0  27397  1565  3274  8.83673394897  10.2117428716  7.28528493219  100.0  
1441339228  0  671  271913  671  0  84998309  25413  0  0  5029  25413  0  18558  417  19008  354  0  247  22753  22303  25413  20  0  0  25413  3110  0  0  29102  689  1705  10.6865507525  12.2378310314  6.9562826382  100.0  
1441339228  0  677  281995  661  0  77537320  24698  0  0  5029  25732  0  16753  2269  19008  354  0  244  22753  20462  25732  20  0  0  24698  4236  0  0  32590  1126  3488  12.9978521019  17.1511863309  7.48700143864  100.0  
1441339229  0  677  281995  661  0  77537320  24698  0  0  5029  25732  0  16753  2269  19008  354  0  244  22753  20462  25732  20  0  0  24698  4236  0  0  32590  0  0  12.9978521019  17.1511863309  7.48700143864  100.0  
1441339229  0  726  289043  726  0  87892008  28472  0  0  5029  28472  0  19281  0  19281  354  0  245  22990  22990  28472  20  0  0  28472  5482  0  0  36364  1246  3774  15.0753492465  19.2540039337  6.66372437745  100.0  
1441339230  0  795  296446  795  0  101793049  33372  0  0  5029  33372  0  22674  0  22674  354  0  245  26384  26384  33372  20  0  0  33372  6988  0  0  41264  1506  4900  16.9348584723  20.9397099365  5.80723694847  100.0  
1441339230  0  841  316223  685  0  105983257  30758  0  0  5029  36576  0  23697  1414  25050  354  0  242  28760  27407  36576  20  0  0  30758  7816  0  0  44468  828  3204  17.5766843573  10.8947265752  5.59047468342  100.0  
1441339231  0  841  316889  685  0  105983257  30758  0  0  5029  36576  0  23697  1414  25050  354  0  242  28760  27407  36576  20  0  0  30758  7816  0  0  44468  0  0  17.5766843573  10.8947265752  5.59047468342  100.0  
1441339231  0  841  322095  673  0  103099673  30054  0  0  5029  36576  0  22993  2142  25050  354  0  241  28760  26703  36576  20  0  0  30054  7816  0  0  44468  0  0  17.5766843573  11.1499301258  5.7378623993  100.0  
1441339232  0  841  327335  685  0  106581273  31000  0  0  5029  36576  0  23843  1292  25050  354  0  241  28760  27553  36576  20  0  0  31000  7912  0  0  45414  96  946  17.4219403708  11.1193548387  5.56085143717  100.0  
1441339232  0  841  327335  685  0  106581273  31000  0  0  5029  36576  0  23843  1292  25050  354  0  241  28760  27553  36576  20  0  0  31000  7912  0  0  45414  0  0  17.4219403708  11.1193548387  5.56085143717  100.0  
1441339233  0  841  336367  723  0  115801503  33334  0  0  5029  36576  0  26094  0  26094  354  0  244  29805  29805  36576  20  0  0  33334  7994  0  0  47874  82  2460  16.6979989138  10.5867882642  5.143931158  100.0  
1441339233  0  841  341948  788  0  131177735  37189  0  0  5029  37189  0  29834  0  29834  354  0  247  33578  33578  37189  20  0  0  37189  8076  0  0  51729  82  3855  15.6121324595  9.7098604426  4.62262728875  100.0  
1441339234  0  841  347658  819  0  133062824  38657  0  0  5029  38657  0  30294  192  30506  354  0  249  34250  34038  38657  20  0  0  38657  9084  0  0  54965  1008  3236  16.5268807423  11.9486768244  4.5594893483  100.0  
1441339234  0  864  354821  864  0  138829992  41468  0  0  5029  41468  0  31702  0  31702  354  0  250  35446  35446  41468  20  0  0  41468  10487  0  0  57776  1403  2811  18.1511354196  14.5220410919  4.3783755131  100.0  
1441339235  0  915  360955  915  0  146600104  43823  0  0  5029  43823  0  33599  0  33599  354  0  252  37343  37343  43823  20  0  0  43823  10945  0  0  60131  458  2355  18.2019257953  14.7867558132  4.15595689788  100.0  
1441339235  0  915  383623  822  0  125780831  37869  0  0  5029  43823  0  28517  5288  33599  354  0  251  37343  32259  43823  20  0  0  37869  12468  0  0  63770  1523  3639  19.5515132507  14.8142279965  4.80730743867  100.0  
1441339236  0  915  391241  871  0  131113823  40518  0  0  5029  43823  0  29819  3952  33599  354  0  253  37343  33561  43823  20  0  0  40518  13815  0  0  66419  1347  2649  20.7997711498  17.1701466015  4.62080780263  100.0  
1441339237  0  915  391241  871  0  131113823  40518  0  0  5029  43823  0  29819  3952  33599  354  0  253  37343  33561  43823  20  0  0  40518  13815  0  0  66419  0  0  20.7997711498  17.1701466015  4.62080780263  100.0  
1441339237  0  915  397412  915  0  136056359  42955  0  0  5029  43823  0  31024  2648  33599  354  0  255  37343  34769  43823  20  0  0  42955  15044  0  0  68856  1229  2437  21.8484954107  19.0571528344  4.46407857147  100.0  
1441339238  0  915  407990  809  0  112696580  37164  0  0  5029  43823  0  25321  8494  33599  354  0  252  37343  29065  43823  20  0  0  37164  15127  0  0  69069  83  213  21.9012871187  21.7925949844  5.33695690156  100.0  
1441339238  0  915  424452  774  0  95591196  34041  0  0  5029  43823  0  21145  12776  33599  354  0  254  37343  24888  43823  20  0  0  34041  16181  0  0  71806  1054  2737  22.5343286076  26.8881642725  6.22912915486  100.0  
1441339239  0  915  430133  802  0  100342556  35268  0  0  5029  43823  0  22305  11616  33599  354  0  257  37343  26048  43823  20  0  0  35268  16248  0  0  73033  67  1227  22.2474771679  26.1426789157  5.95172629017  100.0  
1441339239  0  915  439802  892  0  112587899  40450  0  0  5029  43823  0  25294  8563  33599  354  0  258  37343  29038  43823  20  0  0  40450  18440  0  0  78215  2192  5182  23.5760404015  28.2126081582  5.34031259282  100.0  
1441339240  0  934  447810  887  0  112678011  40825  0  0  5029  43823  0  25316  8441  33599  354  0  257  37343  29060  43823  20  0  0  40825  18856  0  0  81336  416  3121  23.1828464641  28.8181261482  5.33626968583  100.0  
1441339240  0  934  447810  887  0  112678011  40825  0  0  5029  43823  0  25316  8441  33599  354  0  257  37343  29060  43823  20  0  0  40825  18856  0  0  81336  0  0  23.1828464641  28.8181261482  5.33626968583  100.0  
1441339241  0  934  465575  863  0  100946750  39065  0  0  5029  43823  0  22452  11370  33599  354  0  258  37343  26195  43823  20  0  0  39065  19962  0  0  84021  1106  2685  23.7583461278  32.9450915141  5.9163861931  100.0  
1441339241  0  934  475038  923  0  113074698  42194  0  0  5029  43823  0  25412  8389  33599  354  0  258  37343  29156  43823  20  0  0  42194  20130  0  0  87150  168  3129  23.0981067126  30.9001279803  5.3157928337  100.0  
1441339242  0  977  486891  975  0  122354373  44631  0  0  5029  44727  0  27678  5998  33599  354  0  259  37343  31422  44727  20  0  0  44631  20301  0  0  92050  171  4900  22.0543183053  29.5960207031  4.93388996339  100.0  
1441339242  0  1011  492168  1011  0  128699077  47123  0  0  5029  47123  0  29227  4351  33599  354  0  259  37343  32971  47123  20  0  0  47123  21244  0  0  94542  943  2492  22.4704364198  30.0320438003  4.70209245791  100.0  
1441339243  0  1034  501016  1003  0  130972357  46631  0  0  5029  48581  0  29782  3747  33599  354  0  257  37343  33526  48581  20  0  0  46631  23013  0  0  96866  1769  2324  23.7575619929  28.103622054  4.62425253325  100.0  
1441339243  0  1062  510072  1062  0  135260869  49695  0  0  5029  49695  0  30829  2639  33599  354  0  260  37343  34573  49695  20  0  0  49695  25030  0  0  99930  2017  3064  25.0475332733  30.4296206862  4.48421283747  100.0  
1441339244  0  1062  510072  1062  0  135260869  49695  0  0  5029  49695  0  30829  2639  33599  354  0  260  37343  34573  49695  20  0  0  49695  25030  0  0  99930  0  0  25.0475332733  30.4296206862  4.48421283747  100.0  
1441339244  0  1083  515621  1029  0  128133829  47978  0  0  5029  51262  0  29089  4464  33599  354  0  259  37343  32833  51262  20  0  0  47978  25283  0  0  102294  253  2364  24.7160146245  31.566551336  4.72185576797  100.0  
1441339245  0  1083  528285  1069  0  135023926  50735  0  0  5029  51262  0  30772  2668  33599  354  0  258  37343  34516  51262  20  0  0  50735  26878  0  0  107363  1595  5069  25.0346953792  31.9680693801  4.49407323098  100.0  
1441339245  0  1083  541276  1070  0  142191926  51420  0  0  5029  51420  0  32522  864  33599  354  0  260  37343  36266  51420  20  0  0  51420  28120  0  0  110355  1242  2992  25.4814009334  29.4710229483  4.27721368887  100.0  
1441339246  0  1106  555374  1029  0  136286466  48783  0  0  5029  53731  0  31078  3860  34849  354  0  261  38595  34825  53731  20  0  0  48783  29484  0  0  114217  1364  3862  25.8140206799  28.61242646  4.4563876862  100.0  
1441339246  0  1106  563310  1029  0  128428497  48472  0  0  5029  53731  0  29159  5845  34849  354  0  261  38595  32907  53731  20  0  0  48472  31208  0  0  116485  1724  2268  26.7914323733  32.1113220003  4.71749620023  100.0  
1441339247  0  1106  563310  1029  0  128428497  48472  0  0  5029  53731  0  29159  5845  34849  354  0  261  38595  32907  53731  20  0  0  48472  31208  0  0  116485  0  0  26.7914323733  32.1113220003  4.71749620023  100.0  
1441339247  0  1106  570013  1051  0  132946385  49945  0  0  5029  53731  0  30262  4742  34849  354  0  262  38595  34010  53731  20  0  0  49945  31783  0  0  118163  575  1678  26.8975906164  31.9050956052  4.56450007236  100.0  
1441339248  0  1107  578371  1107  0  141785553  53312  0  0  5029  53731  0  32420  2473  34849  354  0  262  38595  36168  53731  20  0  0  53312  32992  0  0  121530  1209  3367  27.1472064511  32.1578631453  4.29215459691  100.0  
1441339248  0  1139  585964  1115  0  149604007  54150  0  0  5029  55471  0  34327  467  34849  354  0  260  38595  38077  55471  20  0  0  54150  33296  0  0  123994  304  2464  26.8529122377  29.6823638042  4.07748569613  100.0  
1441339249  0  1145  593314  1145  0  151504551  55964  0  0  5029  55964  0  34791  1  34849  354  0  260  38595  38541  55964  20  0  0  55964  34646  0  0  125808  1350  1814  27.5387892662  31.1325137588  4.02839632733  100.0  
1441339249  0  1175  597637  1175  0  151979687  57965  0  0  5029  57965  0  34907  0  34907  354  0  260  38657  38657  57965  20  0  0  57965  36531  0  0  127809  1885  2001  28.5824941905  33.3097558872  4.01630811629  100.0  
1441339250  0  1185  607619  1177  0  138115539  57378  0  0  5029  58131  0  31522  3480  34913  354  0  260  38663  35273  58131  20  0  0  57378  40023  0  0  132361  3492  4552  30.2377588565  38.5252187249  4.40389529195  100.0  
1441339250  0  1185  607619  1177  0  138115539  57378  0  0  5029  58131  0  31522  3480  34913  354  0  260  38663  35273  58131  20  0  0  57378  40023  0  0  132361  0  0  30.2377588565  38.5252187249  4.40389529195  100.0  
1441339251  0  1216  617731  1097  0  103686214  53313  0  0  5029  60550  0  23117  11985  34913  354  0  259  38663  26867  60550  20  0  0  53313  44368  0  0  137264  4345  4903  32.3231145821  49.605161968  5.78026169709  100.0  
1441339251  0  1216  625971  1133  0  105763788  55836  0  0  5029  60550  0  23624  11478  34913  354  0  259  38663  27375  60550  20  0  0  55836  46383  0  0  139787  2015  2523  33.181197107  50.9724908661  5.67584546233  100.0  
1441339252  0  1216  634042  1174  0  111039436  59029  0  0  5029  60550  0  24912  10175  34913  354  0  260  38663  28663  60550  20  0  0  59029  48288  0  0  142980  1905  3193  33.7725556022  51.442511308  5.42079578311  100.0  
1441339252  0  1216  641323  1203  0  113247180  61017  0  0  5029  61017  0  25451  9566  34913  354  0  260  38663  29202  61017  20  0  0  61017  49737  0  0  144968  1449  1988  34.3089509409  52.141206549  5.32074068664  100.0  
1441339253  0  1216  646792  1169  0  106366208  58333  0  0  5029  61268  0  23772  11322  34913  354  0  260  38663  27522  61268  20  0  0  58333  50657  0  0  146286  920  1318  34.6287409595  52.8191589666  5.64525652206  100.0  
1441339253  0  1216  653720  1189  0  108285558  59188  0  0  5029  61268  0  24240  10853  34913  354  0  261  38663  27991  61268  20  0  0  59188  51064  0  0  147162  407  876  34.6991750588  52.7083192539  5.55212815336  100.0  
1441339255  0  1218  659436  1177  0  110363657  58644  0  0  5029  61268  0  24749  10280  34913  354  0  261  38663  28498  61268  20  0  0  58644  52209  0  0  149070  1145  1908  35.0231434896  51.4050883296  5.45212928182  100.0  
1441339255  0  1278  675742  1255  0  106868640  56494  0  0  5029  61268  0  23896  11146  34913  354  0  262  38663  27643  61268  20  0  0  56494  54261  0  0  151875  2052  2805  35.7274074074  51.0691400857  5.61452605542  100.0  
1441339256  0  1278  698384  1214  0  93331065  52000  0  0  5029  61268  0  20591  14542  34913  354  0  262  38663  24339  61268  20  0  0  52000  56337  0  0  157026  2076  5151  35.877497994  53.1942307692  6.38109806888  100.0  
1441339256  0  1278  712802  1232  0  96455411  54562  0  0  5029  61268  0  21354  13779  34913  354  0  260  38663  25101  61268  20  0  0  54562  58342  0  0  159806  2005  2780  36.5080159694  53.9954547121  6.18427821134  100.0  
1441339257  0  1278  715993  1200  0  97200883  53205  0  0  5029  61268  0  21536  13608  34913  354  0  259  38663  25283  61268  20  0  0  53205  58851  0  0  160497  509  691  36.6679751023  52.4800300724  6.13976060526  100.0  
1441339257  0  1278  723334  1236  0  98322852  55444  0  0  5029  61268  0  21808  13336  34913  354  0  261  38663  25558  61268  20  0  0  55444  60815  0  0  162736  1964  2239  37.3703421492  53.9030372989  6.07793043641  100.0  
1441339258  0  1278  729235  1256  0  98492271  57578  0  0  5029  61268  0  21863  13282  34913  354  0  262  38663  25594  61268  20  0  0  57578  62913  0  0  164889  2098  2153  38.1547586558  55.5489944076  6.04843088376  100.0  
1441339259  0  1278  729235  1256  0  98492271  57578  0  0  5029  61268  0  21863  13282  34913  354  0  262  38663  25594  61268  20  0  0  57578  62913  0  0  164889  0  0  38.1547586558  55.5489944076  6.04843088376  100.0  
1441339259  0  1278  735492  1256  0  97976175  58363  0  0  5029  61268  0  21737  13408  34913  354  0  260  38663  25468  61268  20  0  0  58363  63909  0  0  165885  996  996  38.5260873497  56.36276408  6.07835479971  100.0  
1441339260  0  1278  744462  1268  0  97978076  61444  0  0  5029  61444  0  21737  13344  34913  354  0  260  38663  25469  61444  20  0  0  61444  67684  0  0  169661  3775  3776  39.893670319  58.5492480958  6.08022022483  100.0  
1441339260  0  1291  750722  1291  0  103215260  63328  0  0  5029  63328  0  23015  11986  34913  354  0  262  38663  26748  63328  20  0  0  63328  68289  0  0  171545  605  1884  39.8082135883  57.7627589692  5.79094479611  100.0  
1441339261  0  1315  760231  1315  0  107298972  65275  0  0  5029  65275  0  24012  10912  34913  354  0  262  38663  27745  65275  20  0  0  65275  69239  0  0  173492  950  1947  39.9090447975  57.4952125622  5.5828506544  100.0  
1441339261  0  1343  764931  1343  0  117292656  68039  0  0  5029  68039  0  26454  8343  34913  354  0  261  38663  30183  68039  20  0  0  68039  69565  0  0  176260  326  2768  39.4672642687  55.6386778171  5.12572526339  100.0  
1441339262  0  1359  775459  1227  0  96621837  62805  0  0  5029  70308  0  21407  13362  34913  354  0  257  38663  25136  70308  20  0  0  62805  71792  0  0  181048  2227  4788  39.6535725333  59.9777087811  6.15326355097  100.0  
1441339262  0  1359  790499  1234  0  95755814  63422  0  0  5029  70308  0  21197  13583  34913  354  0  260  38663  24925  70308  20  0  0  63422  75765  0  0  185086  3973  4038  40.9350247993  60.6997571821  6.20708414305  100.0  
1441339263  0  1359  790499  1234  0  95755814  63422  0  0  5029  70308  0  21197  13583  34913  354  0  260  38663  24925  70308  20  0  0  63422  75765  0  0  185086  0  0  40.9350247993  60.6997571821  6.20708414305  100.0  
1441339263  0  1359  814446  1206  0  90838593  60596  0  0  5029  70308  0  19990  14936  34913  354  0  262  38663  23727  70308  20  0  0  60596  80025  0  0  189512  4260  4426  42.2268774537  60.8439500957  6.53099477751  100.0  
1441339264  0  1359  828434  1248  0  81277991  62314  0  0  5029  70308  0  17656  17332  34913  354  0  264  38663  21392  70308  20  0  0  62314  84078  0  0  193807  4053  4295  43.3823339714  65.6706358122  7.23981151139  100.0  
1441339264  0  1359  836559  1266  0  81693879  63147  0  0  5029  70308  0  17757  17234  34913  354  0  261  38663  21493  70308  20  0  0  63147  85567  0  0  195399  1489  1592  43.7909098818  65.9635453782  7.20330024783  100.0  
1441339265  0  1359  847458  1295  0  81904268  64651  0  0  5029  70308  0  17807  17186  34913  354  0  263  38663  21547  70308  20  0  0  64651  88813  0  0  198699  3246  3300  44.697255648  66.6718225549  7.19747909367  100.0  
1441339265  0  1359  854323  1309  0  83474937  65690  0  0  5029  70308  0  18190  16803  34913  354  0  262  38663  21931  70308  20  0  0  65690  89468  0  0  199864  655  1165  44.7644398191  66.6144009743  7.073898632  100.0  
1441339266  0  1424  860134  1424  0  84712781  69522  0  0  5029  70308  0  18490  16402  34913  354  0  264  38663  22234  70308  20  0  0  69522  92997  0  0  203697  3529  3833  45.6545751778  68.0187566526  6.9810591939  100.0  
1441339266  0  1424  860134  1424  0  84712781  69522  0  0  5029  70308  0  18490  16402  34913  354  0  264  38663  22234  70308  20  0  0  69522  92997  0  0  203697  0  0  45.6545751778  68.0187566526  6.9810591939  100.0  
1441339267  0  1503  870137  1503  0  90745233  74935  0  0  5029  74935  0  19957  14739  34913  354  0  264  38663  23709  74935  20  0  0  74935  96935  0  0  209110  3938  5413  46.3559848883  68.3605791686  6.55616896372  100.0  
1441339267  0  1515  880052  1512  0  92148561  76514  0  0  5029  76514  0  20299  14344  34913  354  0  262  38663  24052  76514  20  0  0  76514  101244  0  0  213762  4309  4652  47.3629550622  68.5652298926  6.46429704228  100.0  
1441339268  0  1556  891924  1520  0  103949675  78351  0  0  5029  79776  0  23180  11315  34913  354  0  263  38663  26934  79776  20  0  0  78351  102780  0  0  218180  1536  4418  47.1078925658  65.6239231152  5.77582749296  100.0  
1441339268  0  1556  911016  1452  0  107019884  74408  0  0  5029  79776  0  23929  10583  34913  354  0  263  38663  27682  79776  20  0  0  74408  106120  0  0  222275  3340  4095  47.742661118  62.7970110741  5.61411253816  100.0  
1441339269  0  1556  918626  1399  0  105944063  71997  0  0  5029  79776  0  23668  10918  34913  354  0  261  38663  27419  79776  20  0  0  71997  107611  0  0  223860  1491  1585  48.0706691682  61.9164687418  5.66669187111  100.0  
1441339269  0  1556  926562  1357  0  107034384  68872  0  0  5029  79776  0  23933  10679  34913  354  0  262  38663  27686  79776  20  0  0  68872  108542  0  0  225058  931  1198  48.2284566645  59.8007898711  5.61496277451  100.0  
1441339270  0  1556  926562  1357  0  107034384  68872  0  0  5029  79776  0  23933  10679  34913  354  0  262  38663  27686  79776  20  0  0  68872  108542  0  0  225058  0  0  48.2284566645  59.8007898711  5.61496277451  100.0  
1441339270  0  1556  944972  1322  0  102120784  66958  0  0  5029  79776  0  22734  11943  34913  354  0  263  38663  26486  79776  20  0  0  66958  110409  0  0  227082  1867  2024  48.6207625439  60.4438603304  5.86788480235  100.0  
1441339271  0  1556  948009  1311  0  102120784  66214  0  0  5029  79776  0  22734  11946  34913  354  0  262  38663  26486  79776  20  0  0  66214  110945  0  0  227618  536  536  48.7417515311  59.9993958981  5.86788480235  100.0  
1441339271  0  1556  959198  1074  0  85618939  52285  0  0  5029  79776  0  18706  16154  34913  354  0  259  38663  22456  79776  20  0  0  52285  112996  0  0  229787  2051  2169  49.1742352701  57.0507793822  6.91547346234  100.0  
1441339272  0  1556  967496  1095  0  85582995  54046  0  0  5029  79776  0  18697  16166  34913  354  0  259  38663  22447  79776  20  0  0  54046  114766  0  0  231675  1770  1888  49.5374986511  58.4668615624  6.91724556212  100.0  
1441339272  0  1556  974319  1164  0  85648531  58175  0  0  5029  79776  0  18713  16150  34913  354  0  260  38663  22463  79776  20  0  0  58175  118879  0  0  235804  4113  4129  50.4143271531  61.3871938118  6.91231852971  100.0  
1441339273  0  1556  981575  1213  0  85873811  61617  0  0  5029  79776  0  18768  16095  34913  354  0  260  38663  22518  79776  20  0  0  61617  122266  0  0  239246  3387  3442  51.1047206641  63.4548906957  6.8954352577  100.0  
1441339273  0  1556  981575  1213  0  85873811  61617  0  0  5029  79776  0  18768  16095  34913  354  0  260  38663  22518  79776  20  0  0  61617  122266  0  0  239246  0  0  51.1047206641  63.4548906957  6.8954352577  100.0  
1441339274  0  1556  989123  1284  0  86611735  65780  0  0  5029  79776  0  18943  15919  34913  354  0  264  38663  22701  79776  20  0  0  65780  126246  0  0  243409  3980  4163  51.8657896791  65.4895104895  6.85237163458  100.0  
1441339274  0  1556  1008272  1233  0  92016855  63206  0  0  5029  79776  0  20262  14615  34913  354  0  261  38663  24021  79776  20  0  0  63206  132286  0  0  250769  6040  7360  52.7521344345  61.9956966111  6.47744685802  100.0  
1441339275  0  1556  1016726  1273  0  90993744  65787  0  0  5029  79776  0  20014  14864  34913  354  0  261  38663  23770  79776  20  0  0  65787  135630  0  0  254119  3344  3350  53.3726325068  63.8682414459  6.5407255732  100.0  
1441339275  0  1556  1036722  1106  0  91134608  54773  0  0  5029  79776  0  20048  14873  34913  354  0  258  38663  23804  79776  20  0  0  54773  137900  0  0  256487  2270  2368  53.764908163  56.540631333  6.52974224395  100.0  
1441339276  0  1556  1053061  1046  0  79451994  50610  0  0  5029  79776  0  17197  17840  34913  354  0  256  38663  20951  79776  20  0  0  50610  139926  0  0  258513  2026  2026  54.1272585905  58.6030428769  7.41511396756  100.0  
1441339276  0  1556  1074652  1073  0  55208272  50534  0  0  5029  79776  0  11279  23985  34913  354  0  258  38663  15032  79776  20  0  0  50534  145774  0  0  264814  5848  6301  55.047693853  70.2536905846  10.3340737676  100.0  
1441339277  0  1556  1081625  1130  0  55347536  54637  0  0  5029  79776  0  11313  23951  34913  354  0  259  38663  15066  79776  20  0  0  54637  149843  0  0  268917  4069  4103  55.7209101693  72.4252795725  10.3107524808  100.0  
1441339277  0  1556  1081625  1130  0  55347536  54637  0  0  5029  79776  0  11313  23951  34913  354  0  259  38663  15066  79776  20  0  0  54637  149843  0  0  268917  0  0  55.7209101693  72.4252795725  10.3107524808  100.0  
1441339278  0  1556  1090693  1146  0  56103869  55208  0  0  5029  79776  0  11496  23771  34913  354  0  261  38663  15251  79776  20  0  0  55208  150720  0  0  269979  877  1062  55.8265642883  72.3753803797  10.1879637887  100.0  
1441339278  0  1556  1099086  1143  0  56828861  54595  0  0  5029  79776  0  11673  23596  34913  354  0  260  38663  15428  79776  20  0  0  54595  151726  0  0  271162  1006  1183  55.9540053547  71.7410019233  10.0710808752  100.0  
1441339279  0  1556  1106201  1209  0  57088001  59057  0  0  5029  79776  0  11736  23533  34913  354  0  261  38663  15492  79776  20  0  0  59057  156124  0  0  275624  4398  4462  56.6438336284  73.7677159355  10.0342096299  100.0  
1441339279  0  1556  1114107  1239  0  50096129  61566  0  0  5029  79776  0  10029  25204  34913  354  0  261  38663  13785  79776  20  0  0  61566  160771  0  0  280317  4647  4693  57.353282177  77.6093947958  11.2767483196  100.0  
1441339280  0  1556  1125392  1225  0  45290698  60895  0  0  5029  79776  0  8856  26408  34913  354  0  261  38663  12612  79776  20  0  0  60895  162808  0  0  283644  2037  3327  57.3987110603  79.2889399787  12.3271541674  100.0  
1441339281  0  1556  1131389  1062  0  44196087  52184  0  0  5029  79776  0  8592  26692  34913  354  0  259  38663  12343  79776  20  0  0  52184  162840  0  0  283676  32  32  57.4035166881  76.3471562165  12.5815417424  100.0  
1441339281  0  1556  1131389  1062  0  44196087  52184  0  0  5029  79776  0  8592  26692  34913  354  0  259  38663  12343  79776  20  0  0  52184  162840  0  0  283676  0  0  57.4035166881  76.3471562165  12.5815417424  100.0  
1441339282  0  1556  1137083  1085  0  49467639  53607  0  0  5029  79776  0  9879  25405  34913  354  0  260  38663  13630  79776  20  0  0  53607  162976  0  0  285099  136  1423  57.1647041905  74.5742160539  11.3935414326  100.0  
1441339282  0  1556  1154507  1132  0  69299969  56062  0  0  5029  79776  0  14720  20577  34913  354  0  262  38663  18472  79776  20  0  0  56062  164429  0  0  291394  1453  6295  56.4284096447  67.0507652242  8.40765621405  100.0  
1441339283  0  1556  1166371  1132  0  59332520  55585  0  0  5029  79776  0  12287  23034  34913  354  0  264  38663  16038  79776  20  0  0  55585  166393  0  0  293516  1964  2122  56.6895842135  71.1468921472  9.68026863933  100.0  
1441339283  0  1556  1176771  1066  0  59127720  51114  0  0  5029  79776  0  12237  23158  34913  354  0  262  38663  15988  79776  20  0  0  51114  169032  0  0  296193  2639  2677  57.0681953996  68.720898384  9.71054218398  100.0  
1441339284  0  1556  1185952  1064  0  59127720  50960  0  0  5029  79776  0  12237  23158  34913  354  0  261  38663  15988  79776  20  0  0  50960  171438  0  0  298599  2406  2406  57.4141239589  68.6263736264  9.71054218398  100.0  
1441339284  0  1556  1193356  1088  0  59959208  52460  0  0  5029  79776  0  12440  22955  34913  354  0  261  38663  16191  79776  20  0  0  52460  172735  0  0  300099  1297  1500  57.5593387515  69.1364849409  9.58879306019  100.0  
1441339285  0  1556  1200136  1013  0  33890615  47649  0  0  5029  79776  0  6074  29333  34913  354  0  260  38663  9827  79776  20  0  0  47649  174292  0  0  301664  1557  1565  57.7768643259  79.3762723247  15.8026261551  100.0  
1441339287  0  1556  1224444  1028  0  43276000  48154  0  0  5029  79776  0  8365  27063  34913  354  0  261  38663  12119  79776  20  0  0  48154  178629  0  0  308549  4337  6885  57.8932357583  74.8328280101  12.8192945994  100.0  
1441339287  0  1556  1233509  1068  0  43285596  50897  0  0  5029  79776  0  8368  27063  34913  354  0  261  38663  12121  79776  20  0  0  50897  182393  0  0  312316  3764  3767  58.400146006  76.1852368509  12.8143514484  100.0  
1441339288  0  1556  1241344  1138  0  49401901  55669  0  0  5029  79776  0  9860  25571  34913  354  0  263  38663  13616  79776  20  0  0  55669  185670  0  0  317109  3277  4793  58.5508452929  75.5411449819  11.4203070922  100.0  
1441339288  0  1556  1249313  1192  0  53392823  59593  0  0  5029  79776  0  10846  24503  34913  354  0  264  38663  14586  79776  20  0  0  59593  188624  0  0  321052  2954  3943  58.7518532823  75.5239709362  10.6310353919  100.0  
1441339289  0  1556  1258267  1209  0  53732791  60580  0  0  5029  79776  0  10929  24389  34913  354  0  263  38663  14669  79776  20  0  0  60580  190399  0  0  322910  1775  1858  58.9634882785  75.7857378673  10.5708829659  100.0  
1441339289  0  1556  1275398  1227  0  44408846  61397  0  0  5029  79776  0  8653  26633  34913  354  0  263  38663  12392  79776  20  0  0  61397  193493  0  0  326194  3094  3284  59.3183810861  79.8166034171  12.5080421403  100.0  
1441339290  0  1556  1275398  1227  0  44408846  61397  0  0  5029  79776  0  8653  26633  34913  354  0  263  38663  12392  79776  20  0  0  61397  193493  0  0  326194  0  0  59.3183810861  79.8166034171  12.5080421403  100.0  
1441339290  0  1556  1278420  1156  0  44392462  57029  0  0  5029  79776  0  8649  26640  34913  354  0  262  38663  12388  79776  20  0  0  57029  193741  0  0  326442  248  248  59.3492871628  78.2777183538  12.5120809011  100.0  
1441339291  0  1556  1295440  1167  0  34593803  56895  0  0  5029  79776  0  6259  29041  34913  354  0  265  38663  9994  79776  20  0  0  56895  198622  0  0  331590  4881  5148  59.8998763533  82.4343088145  15.4917682055  100.0  
1441339291  0  1556  1303103  1207  0  34764040  59503  0  0  5029  79776  0  6300  29000  34913  354  0  265  38663  10036  79776  20  0  0  59503  201188  0  0  334198  2566  2608  60.2002405759  83.1336235148  15.4313027787  100.0  
1441339292  0  1556  1309661  1118  0  33749094  53660  0  0  5029  79776  0  6052  29278  34913  354  0  264  38663  9788  79776  20  0  0  53660  202765  0  0  335780  1577  1582  60.3862648162  81.7592247484  15.8201379  100.0  
1441339292  0  1556  1317621  1157  0  33749094  55662  0  0  5029  79776  0  6052  29278  34913  354  0  265  38663  9788  79776  20  0  0  55662  204770  0  0  337785  2005  2005  60.6214011871  82.4152923  15.8201379  100.0  
1441339293  0  1556  1330634  1210  0  33863782  59002  0  0  5029  79776  0  6080  29256  34913  354  0  264  38663  9816  79776  20  0  0  59002  209618  0  0  342661  4848  4876  61.1735797187  83.3632758212  15.7750111823  100.0  
1441339293  0  1556  1330634  1210  0  33863782  59002  0  0  5029  79776  0  6080  29256  34913  354  0  264  38663  9816  79776  20  0  0  59002  209618  0  0  342661  0  0  61.1735797187  83.3632758212  15.7750111823  100.0  
1441339294  0  1556  1338277  1259  0  34240024  62171  0  0  5029  79776  0  6164  29172  34913  354  0  265  38663  9911  79776  20  0  0  62171  212692  0  0  345830  3074  3169  61.5018939942  84.058483859  15.6555255839  100.0  
1441339294  0  1556  1345591  1242  0  34225350  61755  0  0  5029  79776  0  6161  29175  34913  354  0  264  38663  9906  79776  20  0  0  61755  215097  0  0  348235  2405  2405  61.7677717633  83.9591935876  15.6491183137  100.0  
1441339295  0  1556  1353463  1292  0  43868783  65437  0  0  5029  79776  0  8515  26700  34913  354  0  264  38663  12261  79776  20  0  0  65437  216424  0  0  351917  1327  3682  61.4985919975  81.2628940813  12.6486249114  100.0  
1441339295  0  1556  1361462  1331  0  44078771  68102  0  0  5029  79776  0  8566  26568  34913  354  0  264  38663  12313  79776  20  0  0  68102  219037  0  0  354582  2613  2665  61.7732992651  81.9197674077  12.6011638011  100.0  
1441339296  0  1556  1381277  1328  0  54199922  68257  0  0  5029  79776  0  11035  23965  34913  354  0  264  38663  14785  79776  20  0  0  68257  223677  0  0  361694  4640  7112  61.8415013796  78.3392179557  10.5011644773  100.0  
1441339296  0  1556  1389126  1344  0  54291130  70058  0  0  5029  79776  0  11058  23942  34913  354  0  264  38663  14807  79776  20  0  0  70058  227152  0  0  365192  3475  3498  62.2007053824  78.8646550001  10.4837549122  100.0  
1441339297  0  1556  1389126  1344  0  54291130  70058  0  0  5029  79776  0  11058  23942  34913  354  0  264  38663  14807  79776  20  0  0  70058  227152  0  0  365192  0  0  62.2007053824  78.8646550001  10.4837549122  100.0  
1441339297  0  1556  1399896  1375  0  54306444  72413  0  0  5029  79776  0  11062  23895  34913  354  0  264  38663  14811  79776  20  0  0  72413  230783  0  0  368831  3631  3639  62.571475825  79.5464902711  10.4826873291  100.0  
1441339298  0  1556  1417527  1389  0  54333158  73142  0  0  5029  79776  0  11062  23861  34913  354  0  264  38663  14820  79776  20  0  0  73142  236111  0  0  374168  5328  5337  63.1029377178  79.7380438052  10.4930421569  100.0  
1441339298  0  1556  1425695  1384  0  54333158  72767  0  0  5029  79776  0  11062  23821  34913  354  0  263  38663  14820  79776  20  0  0  72767  238227  0  0  376284  2116  2116  63.3104251044  79.6336251323  10.4930421569  100.0  
1441339299  0  1556  1436530  1342  0  44719015  70033  0  0  5029  79776  0  8716  26263  34913  354  0  262  38663  12472  79776  20  0  0  70033  239892  0  0  378069  1665  1785  63.4519095721  82.1912526952  12.4620889073  100.0  
1441339299  0  1556  1452294  1373  0  44759975  67841  0  0  5029  79776  0  8726  26277  34913  354  0  264  38663  12482  79776  20  0  0  67841  242322  0  0  380509  2430  2440  63.6836448021  81.6010966819  12.4521048591  100.0  
1441339300  0  1556  1468237  1419  0  44607327  71720  0  0  5029  79776  0  8688  26309  34913  354  0  267  38663  12445  79776  20  0  0  71720  250840  0  0  389028  8518  8519  64.4786493517  82.6477969883  12.4912760678  100.0  
1441339300  0  1556  1468237  1419  0  44607327  71720  0  0  5029  79776  0  8688  26309  34913  354  0  267  38663  12445  79776  20  0  0  71720  250840  0  0  389028  0  0  64.4786493517  82.6477969883  12.4912760678  100.0  
1441339301  0  1556  1476383  1435  0  44607327  72964  0  0  5029  79776  0  8688  26272  34913  354  0  267  38663  12445  79776  20  0  0  72964  252084  0  0  390272  1244  1244  64.591874385  82.9436434406  12.4912760678  100.0  
1441339301  0  1556  1486081  1444  0  44766006  73537  0  0  5029  79776  0  8726  26194  34913  354  0  268  38663  12484  79776  20  0  0  73537  254154  0  0  392381  2070  2109  64.7722494208  83.0235119736  12.4543360814  100.0  
1441339302  0  1556  1489828  1452  0  44766006  74277  0  0  5029  79776  0  8726  26194  34913  354  0  268  38663  12484  79776  20  0  0  74277  254894  0  0  393121  740  740  64.8385611555  83.1926437524  12.4543360814  100.0  
1441339303  0  1556  1504117  1507  0  34874166  77918  0  0  5029  79776  0  6311  28547  34913  354  0  270  38663  10069  79776  20  0  0  77918  260950  0  0  399338  6056  6217  65.3456470459  87.077440386  15.4414471785  100.0  
1441339303  0  1556  1512321  1541  0  35070774  79351  0  0  5029  79776  0  6359  28454  34913  354  0  270  38663  10117  79776  20  0  0  79351  262335  0  0  400771  1385  1433  65.4575805136  87.2503182064  15.3681853949  100.0  
1441339304  0  1594  1521219  1547  0  44229430  79879  0  0  5029  82633  0  8595  26112  34913  354  0  270  38663  12353  82633  20  0  0  79879  263381  0  0  404053  1046  3282  65.1847653649  84.5353597316  12.5864107213  100.0  
1441339304  0  1594  1521219  1547  0  44229430  79879  0  0  5029  82633  0  8595  26112  34913  354  0  270  38663  12353  82633  20  0  0  79879  263381  0  0  404053  0  0  65.1847653649  84.5353597316  12.5864107213  100.0  
1441339305  0  1595  1530434  1595  0  44640479  83009  0  0  5029  83009  0  8695  25976  34913  354  0  269  38663  12454  83009  20  0  0  83009  266616  0  0  407389  3235  3336  65.445066018  84.9968075751  12.4895259085  100.0  
1441339305  0  1644  1543572  1520  0  44121383  77607  0  0  5029  85133  0  8569  26106  34913  354  0  267  38663  12327  85133  20  0  0  77607  271836  0  0  412609  5220  5220  65.8822274841  84.1161235456  12.6160296789  100.0  
1441339306  0  1644  1552730  1581  0  44121383  81574  0  0  5029  85133  0  8569  26106  34913  354  0  267  38663  12327  85133  20  0  0  81574  275803  0  0  416576  3967  3967  66.2071266708  84.8885674357  12.6160296789  100.0  
1441339306  0  1644  1575103  1581  0  34160062  81788  0  0  5029  85133  0  6138  28602  34913  354  0  267  38663  9894  85133  20  0  0  81788  283935  0  0  424743  8132  8167  66.8486590715  87.9028708368  15.7079150322  100.0  
1441339307  0  1644  1592369  1487  0  43924500  76671  0  0  5029  85133  0  8521  26277  34913  354  0  265  38663  12279  85133  20  0  0  76671  286062  0  0  429255  2127  4512  66.6415067967  83.9848182494  12.6658939424  100.0  
1441339307  0  1644  1592369  1487  0  43924500  76671  0  0  5029  85133  0  8521  26277  34913  354  0  265  38663  12279  85133  20  0  0  76671  286062  0  0  429255  0  0  66.6415067967  83.9848182494  12.6658939424  100.0  
1441339308  0  1644  1601522  1483  0  43924500  76749  0  0  5029  85133  0  8521  26283  34913  354  0  264  38663  12279  85133  20  0  0  76749  289213  0  0  432406  3151  3151  66.8845945708  84.0010944768  12.6658939424  100.0  
1441339308  0  1644  1607006  1520  0  43924500  78856  0  0  5029  85133  0  8521  26278  34913  354  0  265  38663  12279  85133  20  0  0  78856  291320  0  0  434513  2107  2107  67.0451747128  84.4285786751  12.6658939424  100.0  
1441339309  0  1644  1613660  1475  0  43715604  76371  0  0  5029  85133  0  8470  26292  34913  354  0  265  38663  12228  85133  20  0  0  76371  293443  0  0  436636  2123  2123  67.2054067919  83.9886868052  12.718720291  100.0  
1441339309  0  1644  1621192  1490  0  38177812  77410  0  0  5029  85133  0  7118  27685  34913  354  0  266  38663  10876  85133  20  0  0  77410  295834  0  0  439031  2391  2395  67.3833966166  85.9501356414  14.2997896027  100.0  
1441339310  0  1644  1631066  1503  0  28729787  78059  0  0  5029  85133  0  4812  29977  34913  354  0  269  38663  8569  85133  20  0  0  78059  298843  0  0  442264  3009  3233  67.5711792052  89.0224061287  18.1455461046  100.0  
1441339310  0  1644  1640143  1526  0  28858898  80030  0  0  5029  85133  0  4844  29945  34913  354  0  268  38663  8600  85133  20  0  0  80030  302063  0  0  445516  3220  3252  67.8007074942  89.2540297388  18.0740768078  100.0  
1441339311  0  1644  1640143  1526  0  28858898  80030  0  0  5029  85133  0  4844  29945  34913  354  0  268  38663  8600  85133  20  0  0  80030  302063  0  0  445516  0  0  67.8007074942  89.2540297388  18.0740768078  100.0  
1441339311  0  1644  1647906  1588  0  35904018  84162  0  0  5029  85133  0  6564  28121  34913  354  0  268  38663  10320  85133  20  0  0  84162  304476  0  0  449649  2413  4133  67.7141503706  87.7379339845  15.0617306731  100.0  
1441339312  0  1662  1656873  1662  0  38465467  89162  0  0  5029  89162  0  7189  27334  34913  354  0  268  38663  10946  89162  20  0  0  89162  308850  0  0  454649  4374  5000  67.9315251986  87.7234696395  14.2062565842  100.0  
1441339312  0  1704  1661300  1704  0  38465467  91881  0  0  5029  91881  0  7189  27253  34913  354  0  268  38663  10946  91881  20  0  0  91881  311601  0  0  457400  2751  2751  68.1243987757  88.0867644018  14.2062565842  100.0  
1441339313  0  1707  1668170  1615  0  38551483  86105  0  0  5029  92028  0  7210  27243  34913  354  0  268  38663  10967  92028  20  0  0  86105  312719  0  0  458539  1118  1139  68.19899725  87.2632251321  14.1790539409  100.0  
1441339313  0  1707  1678033  1646  0  38555579  88190  0  0  5029  92028  0  7211  27242  34913  354  0  268  38663  10968  92028  20  0  0  88190  315827  0  0  461648  3108  3109  68.4129466607  87.5632157841  14.1777611753  100.0  
1441339314  0  1707  1686902  1618  0  37527483  86320  0  0  5029  92028  0  6960  27502  34913  354  0  267  38663  10717  92028  20  0  0  86320  317280  0  0  463369  1453  1721  68.4724269427  87.5845690454  14.5098147402  100.0  
1441339314  0  1707  1686902  1618  0  37527483  86320  0  0  5029  92028  0  6960  27502  34913  354  0  267  38663  10717  92028  20  0  0  86320  317280  0  0  463369  0  0  68.4724269427  87.5845690454  14.5098147402  100.0  
1441339315  0  1707  1697353  1630  0  42858875  87024  0  0  5029  92028  0  8261  26208  34913  354  0  267  38663  12019  92028  20  0  0  87024  317961  0  0  465353  681  1984  68.3268400548  86.1888674389  12.941238628  100.0  
1441339315  0  1707  1728058  1446  0  42858875  73276  0  0  5029  92028  0  8261  26399  34913  354  0  267  38663  12019  92028  20  0  0  73276  324229  0  0  471621  6268  6268  68.7477868882  83.597630875  12.941238628  100.0  
1441339316  0  1707  1735956  1445  0  42581774  73142  0  0  5029  92028  0  8195  26480  34913  354  0  267  38663  11951  92028  20  0  0  73142  326399  0  0  473791  2170  2170  68.8909244794  83.6605507096  13.0119578448  100.0  
1441339316  0  1707  1742279  1463  0  43020046  74597  0  0  5029  92028  0  8302  26373  34913  354  0  267  38663  12058  92028  20  0  0  74597  327747  0  0  475246  1348  1455  68.9636525084  83.8358110916  12.8964926359  100.0  
1441339317  0  1707  1757980  1449  0  32913990  73898  0  0  5029  92028  0  5835  28922  34913  354  0  267  38663  9590  92028  20  0  0  73898  331607  0  0  479233  3860  3987  69.1953600858  87.0226528458  16.2081116805  100.0  
1441339317  0  1707  1770806  1424  0  32975430  71528  0  0  5029  92028  0  5850  28917  34913  354  0  267  38663  9605  92028  20  0  0  71528  333318  0  0  481215  1711  1982  69.2659206384  86.5716922045  16.1827996893  100.0  
1441339318  0  1707  1776938  1314  0  27347020  64819  0  0  5029  92028  0  4491  30301  34913  354  0  264  38663  8225  92028  20  0  0  64819  334133  0  0  482030  815  815  69.317884779  87.3108193585  18.8265221315  100.0  
1441339318  0  1707  1786283  1298  0  27457220  63972  0  0  5029  92028  0  4518  30280  34913  354  0  265  38663  8252  92028  20  0  0  63972  337618  0  0  485543  3485  3513  69.5341092344  87.1006065154  18.7660827489  100.0  
1441339319  0  1707  1786283  1298  0  27457220  63972  0  0  5029  92028  0  4518  30280  34913  354  0  265  38663  8252  92028  20  0  0  63972  337618  0  0  485543  0  0  69.5341092344  87.1006065154  18.7660827489  100.0  
1441339319  0  1707  1795181  1370  0  27824411  69777  0  0  5029  92028  0  4608  30190  34913  354  0  266  38663  8341  92028  20  0  0  69777  343334  0  0  491349  5716  5806  69.8757909348  88.0462043367  18.5580974488  100.0  
1441339320  0  1707  1803044  1444  0  28049691  75076  0  0  5029  92028  0  4663  30135  34913  354  0  268  38663  8396  92028  20  0  0  75076  348578  0  0  496648  5244  5299  70.1861278008  88.8166657787  18.4365282063  100.0  
1441339320  0  1707  1815379  1459  0  28288324  75790  0  0  5029  92028  0  4722  30100  34913  354  0  269  38663  8454  92028  20  0  0  75790  350514  0  0  498646  1936  1998  70.2931538607  88.8454941285  18.3069659148  100.0  
1441339321  0  1707  1825020  1488  0  27981124  77383  0  0  5029  92028  0  4647  30176  34913  354  0  270  38663  8379  92028  20  0  0  77383  352182  0  0  500365  1668  1719  70.3850189362  89.1720403706  18.4708306294  100.0  
1441339321  0  1707  1840221  1489  0  38630406  78263  0  0  5029  92028  0  7247  27572  34913  354  0  267  38663  10978  92028  20  0  0  78263  355263  0  0  506051  3081  5686  70.2030032546  85.9729374034  14.0895293784  100.0  
1441339322  0  1707  1853351  1497  0  29983750  78871  0  0  5029  92028  0  5136  29722  34913  354  0  266  38663  8867  92028  20  0  0  78871  359404  0  0  510292  4141  4241  70.4310473219  88.7575915102  17.4438765666  100.0  
1441339322  0  1707  1853351  1497  0  29983750  78871  0  0  5029  92028  0  5136  29722  34913  354  0  266  38663  8867  92028  20  0  0  78871  359404  0  0  510292  0  0  70.4310473219  88.7575915102  17.4438765666  100.0  
1441339323  0  1707  1868514  1481  0  29890908  77361  0  0  5029  92028  0  5105  29791  34913  354  0  266  38663  8848  92028  20  0  0  77361  362218  0  0  513252  2814  2960  70.5731297686  88.5627124779  17.5227739496  100.0  
1441339323  0  1707  1873916  1503  0  29890908  78142  0  0  5029  92028  0  5105  29774  34913  354  0  267  38663  8848  92028  20  0  0  78142  362999  0  0  514033  781  781  70.6178397107  88.6770238796  17.5227739496  100.0  
1441339324  0  1707  1881597  1524  0  29887594  79519  0  0  5029  92028  0  5105  29733  34913  354  0  267  38663  8847  92028  20  0  0  79519  364377  0  0  515411  1378  1378  70.696395692  88.8743570719  17.5225965988  100.0  
1441339324  0  1707  1890817  1553  0  29686692  80801  0  0  5029  92028  0  5105  29742  34913  354  0  266  38663  8759  92028  20  0  0  80801  365747  0  0  516781  1370  1370  70.7740803164  89.1597876264  17.2539383598  100.0  
1441339325  0  1707  1891072  1552  0  29685086  80860  0  0  5029  92028  0  5105  29742  34913  354  0  265  38663  8749  92028  20  0  0  80860  365816  0  0  516850  69  69  70.7779820064  89.1800643087  17.1638421623  100.0  
