#Type:X;CI:1;ww:0;ca:0;co:1;fr:0;Type:X;CI:1;PI:0;PT:EP;U0:0;U1:0;Type:X;CI:1;PI:1;PT:EP;U0:0;U1:0;
#time  Pp  gt  gs  cn  cm  cb  Nc  Pc  cp  Tc  Nm  pr  ps  pt  px  pd  Pm  Om  fs  ft  Oc  Em  Gp  Ec  Ge  ot  os  Total_cycles_diff  Successful_get_diff  Total_get_diff  succ_put_diff  total_put_diff  get_hit  
1441339192  0  0  0  0  0  0  0  0  0  3864351  0  0  0  0  0  0  0  0  0  21  0  0  0  0  0  46  0  3864351  0  0  0  0  
1441339192  0  0  0  0  0  0  0  0  0  3872493  0  0  0  0  0  0  0  0  0  21  0  0  0  0  0  47  0  8142  0  0  0  0  0 
1441339193  0  0  0  0  0  0  0  0  0  3872493  0  0  0  0  0  0  0  0  0  21  0  0  0  0  0  47  0  0  0  0  0  0  0 
1441339193  0  0  0  0  0  0  0  0  0  3872493  0  0  0  0  0  0  0  0  0  21  0  0  0  0  0  47  0  0  0  0  0  0  0 
1441339194  0  0  0  0  0  0  0  0  0  3872493  0  0  0  0  0  0  0  0  0  21  0  0  0  0  0  47  0  0  0  0  0  0  0 
1441339194  0  0  0  0  0  0  0  0  0  3872493  0  0  0  0  0  0  0  0  0  21  0  0  0  0  0  47  0  0  0  0  0  0  0 
1441339195  0  0  0  0  0  0  0  0  0  3872493  0  0  0  0  0  0  0  0  0  21  0  0  0  0  0  47  0  0  0  0  0  0  0 
1441339195  0  0  0  0  0  0  0  0  0  3872493  0  0  0  0  0  0  0  0  0  21  0  0  0  0  0  47  0  0  0  0  0  0  0 
1441339196  0  0  0  0  0  0  0  0  0  3872493  0  0  0  0  0  0  0  0  0  21  0  0  0  0  0  47  0  0  0  0  0  0  0 
1441339196  0  0  0  0  0  0  0  0  0  3872493  0  0  0  0  0  0  0  0  0  21  0  0  0  0  0  47  0  0  0  0  0  0  0 
1441339197  0  0  0  0  0  0  0  0  0  3872493  0  0  0  0  0  0  0  0  0  21  0  0  0  0  0  47  0  0  0  0  0  0  0 
1441339197  0  0  0  0  0  0  0  0  0  3872493  0  0  0  0  0  0  0  0  0  21  0  0  0  0  0  47  0  0  0  0  0  0  0 
1441339198  0  0  0  0  0  0  0  0  0  3872493  0  0  0  0  0  0  0  0  0  21  0  0  0  0  0  47  0  0  0  0  0  0  0 
1441339198  0  0  0  0  0  0  0  0  0  3872493  0  0  0  0  0  0  0  0  0  21  0  0  0  0  0  47  0  0  0  0  0  0  0 
1441339199  0  0  0  0  0  0  0  0  0  3872493  0  0  0  0  0  0  0  0  0  21  0  0  0  0  0  47  0  0  0  0  0  0  0 
1441339199  0  0  0  0  0  0  0  0  0  3872493  0  0  0  0  0  0  0  0  0  21  0  0  0  0  0  47  0  0  0  0  0  0  0 
1441339200  0  0  0  0  0  0  0  0  0  3872493  0  0  0  0  0  0  0  0  0  21  0  0  0  0  0  47  0  0  0  0  0  0  0 
1441339200  0  0  0  0  0  0  0  0  0  3872493  0  0  0  0  0  0  0  0  0  21  0  0  0  0  0  47  0  0  0  0  0  0  0 
1441339201  0  0  0  0  0  0  0  0  0  3872493  0  0  0  0  0  0  0  0  0  21  0  0  0  0  0  47  0  0  0  0  0  0  0 
1441339201  0  0  0  0  0  0  0  0  0  3872493  0  0  0  0  0  0  0  0  0  21  0  0  0  0  0  47  0  0  0  0  0  0  0 
1441339202  0  0  0  0  0  0  0  0  0  3876936  0  0  0  0  0  0  0  0  0  21  0  0  0  0  0  47  0  4443  0  0  0  0  0 
1441339202  0  0  0  6  0  6274666  192  2701  2695  181691691  192  0  2701  2701  0  0  2701  263  0  72  263  2701  0  2701  0  123  0  177814755  0  0  2701  2701  0 
1441339203  0  311  229  13  5  6408268  183  2705  2696  246499907  234  0  3416  3421  5  0  3416  354  0  127  192  3416  0  2705  229  269  126  64808216  229  311  715  720  73.6334405145  
1441339203  0  504  317  13  5  6169910  179  2617  2611  250185681  234  0  3416  3421  5  0  3416  354  0  127  190  3416  0  2617  317  269  126  3685774  88  193  0  0  62.8968253968  
1441339204  0  504  317  13  5  6169910  179  2617  2611  250185681  234  0  3416  3421  5  0  3416  354  0  127  190  3416  0  2617  317  269  126  0  0  0  0  0  62.8968253968  
1441339204  0  504  317  13  5  6169910  179  2617  2611  250185681  234  0  3416  3421  5  0  3416  354  0  127  190  3416  0  2617  317  269  126  0  0  0  0  0  62.8968253968  
1441339205  0  504  317  13  5  6169910  179  2617  2611  250185681  234  0  3416  3421  5  0  3416  354  0  127  190  3416  0  2617  317  269  126  0  0  0  0  0  62.8968253968  
1441339205  0  504  317  13  5  6169910  179  2617  2611  250185681  234  0  3416  3421  5  0  3416  354  0  127  190  3416  0  2617  317  269  126  0  0  0  0  0  62.8968253968  
1441339206  0  504  317  13  5  6169910  179  2617  2611  250185681  234  0  3416  3421  5  0  3416  354  0  127  190  3416  0  2617  317  269  126  0  0  0  0  0  62.8968253968  
1441339207  0  504  317  13  5  6169910  179  2617  2611  250185681  234  0  3416  3421  5  0  3416  354  0  127  190  3416  0  2617  317  269  126  0  0  0  0  0  62.8968253968  
1441339207  0  504  317  13  5  6169910  179  2617  2611  250185681  234  0  3416  3421  5  0  3416  354  0  127  190  3416  0  2617  317  269  126  0  0  0  0  0  62.8968253968  
1441339208  0  504  317  13  5  6169910  179  2617  2611  250185681  234  0  3416  3421  5  0  3416  354  0  127  190  3416  0  2617  317  269  126  0  0  0  0  0  62.8968253968  
1441339208  0  504  317  13  5  6169910  179  2617  2611  250185681  234  0  3416  3421  5  0  3416  354  0  127  190  3416  0  2617  317  269  126  0  0  0  0  0  62.8968253968  
1441339209  0  504  317  13  5  6169910  179  2617  2611  250185681  234  0  3416  3421  5  0  3416  354  0  127  190  3416  0  2617  317  269  126  0  0  0  0  0  62.8968253968  
1441339209  0  504  317  32  17  7133603  209  3015  2990  279786117  234  0  3814  3831  17  0  3416  354  0  2588  227  3416  0  3015  317  269  126  29600436  0  0  398  410  62.8968253968  
1441339210  0  504  317  32  17  7133603  209  3015  2990  281981718  234  0  3814  3831  17  0  3416  354  0  11571  227  3416  0  3015  317  269  126  2195601  0  0  0  0  62.8968253968  
1441339210  0  504  317  32  17  7133603  209  3015  2990  284132940  234  0  3814  3831  17  0  3416  354  0  20225  227  3416  0  3015  317  269  126  2151222  0  0  0  0  62.8968253968  
1441339211  0  504  317  32  17  7133603  209  3015  2990  284132940  234  0  3814  3831  17  0  3416  354  0  20225  227  3416  0  3015  317  269  126  0  0  0  0  0  62.8968253968  
1441339211  0  576  389  32  17  6925526  209  2943  2918  287745805  234  0  3814  3831  17  0  3416  354  0  25081  227  3416  0  2943  389  269  126  3612865  72  72  0  0  67.5347222222  
1441339212  0  576  389  32  17  6925526  209  2943  2918  289673338  234  0  3814  3831  17  0  3416  354  0  32452  227  3416  0  2943  389  269  126  1927533  0  0  0  0  67.5347222222  
1441339212  0  576  389  32  17  6925526  209  2943  2918  290809964  234  0  3814  3831  17  0  3416  354  0  37037  227  3416  0  2943  389  269  126  1136626  0  0  0  0  67.5347222222  
1441339213  0  576  389  32  17  6956141  209  2954  2929  293424068  234  0  3825  3842  17  0  3416  354  0  43363  227  3416  0  2954  389  269  126  2614104  0  0  11  11  67.5347222222  
1441339213  0  576  389  32  17  6956141  209  2954  2929  293424068  234  0  3825  3842  17  0  3416  354  0  43363  227  3416  0  2954  389  269  126  0  0  0  0  0  67.5347222222  
1441339214  0  576  389  32  17  6956141  209  2954  2929  296395565  234  0  3825  3842  17  0  3416  354  0  55304  227  3416  0  2954  389  269  126  2971497  0  0  0  0  67.5347222222  
1441339214  0  576  389  32  17  6956141  209  2954  2929  298103459  234  0  3825  3842  17  0  3416  354  0  62023  227  3416  0  2954  389  269  126  1707894  0  0  0  0  67.5347222222  
1441339215  0  658  470  34  18  8534189  209  3584  3557  354332605  234  0  4536  4554  18  0  3584  354  0  86979  225  3584  0  3584  470  269  126  56229146  81  82  711  712  71.4285714286  
1441339215  0  658  470  37  18  8712590  209  3655  3625  362293009  234  0  4607  4625  18  0  3655  354  0  96629  225  3655  0  3655  470  269  126  7960404  0  0  71  71  71.4285714286  
1441339216  0  658  470  37  18  8712590  209  3655  3625  362293009  234  0  4607  4625  18  0  3655  354  0  96629  225  3655  0  3655  470  269  126  0  0  0  0  0  71.4285714286  
1441339216  0  684  486  37  18  8672094  209  3639  3609  367845502  234  0  4607  4625  18  0  3655  354  0  106680  225  3655  0  3639  486  269  126  5552493  16  26  0  0  71.0526315789  
1441339217  0  1196  486  54  18  8809178  210  3703  3656  391248698  234  0  4671  4689  18  0  3703  354  0  114485  226  3703  0  3703  486  269  126  23403196  0  512  64  64  40.635451505  
1441339217  0  3724  486  253  18  8809178  222  3902  3656  467546016  234  0  4870  4888  18  0  3902  354  0  121116  227  3902  0  3902  486  269  126  76297318  0  2528  199  199  13.0504833512  
1441339218  0  5804  486  295  18  8809178  229  3944  3656  490471237  234  0  4912  4930  18  0  3944  354  0  123815  229  3944  0  3944  486  269  126  22925221  0  2080  42  42  8.37353549276  
1441339218  0  8578  486  523  18  8809178  241  4172  3656  548752499  241  0  5140  5158  18  0  4172  354  0  130248  229  4172  0  4172  486  269  126  58281262  0  2774  228  228  5.66565633015  
1441339219  0  11580  486  727  18  8809542  259  4389  3669  623448361  259  0  5357  5375  18  0  4389  354  0  136320  233  4389  0  4389  486  272  126  74695862  0  3002  217  217  4.19689119171  
1441339219  0  11580  486  727  18  8809542  259  4389  3669  623448361  259  0  5357  5375  18  0  4389  354  0  136320  233  4389  0  4389  486  272  126  0  0  0  0  0  4.19689119171  
1441339220  0  13969  518  914  18  8809542  265  4544  3669  694618749  265  0  5544  5562  18  0  4544  354  0  142601  233  4544  0  4544  518  273  126  71170388  32  2389  187  187  3.70821103873  
1441339220  0  16397  518  1071  18  8809542  274  4701  3669  761813350  274  0  5701  5719  18  0  4701  354  0  149464  234  4701  0  4701  518  275  126  67194601  0  2428  157  157  3.15911447216  
1441339221  0  17602  518  1200  18  8809542  280  4830  3669  817033471  280  0  5830  5848  18  0  4830  354  0  155503  234  4830  0  4830  518  276  126  55220121  0  1205  129  129  2.9428474037  
1441339221  0  19210  547  1324  19  8945903  287  5011  3755  888417279  287  0  6040  6059  19  0  5020  354  0  160318  237  5020  0  5011  547  276  126  71383808  29  1608  210  211  2.8474752733  
1441339222  0  21967  547  1422  19  8975515  297  5146  3792  923121593  297  0  6175  6194  19  0  5146  354  0  164735  239  5146  0  5146  547  277  126  34704314  0  2757  135  135  2.49009878454  
1441339223  0  24266  547  2483  19  8976747  318  6251  3836  1266179348  318  0  7280  7299  19  0  6251  354  0  170218  239  6251  0  6251  547  279  126  343057755  0  2299  1105  1105  2.25418280722  
1441339223  0  26578  547  2552  19  8976747  318  6320  3836  1295137119  318  0  7349  7368  19  0  6320  354  0  170501  239  6320  0  6320  547  279  126  28957771  0  2312  69  69  2.05809315976  
1441339224  0  29201  547  6556  19  8978007  377  10369  3881  2006585058  377  0  11398  11417  19  0  10369  354  0  172538  240  10369  0  10369  547  279  126  711447939  0  2623  4049  4049  1.87322351974  
1441339224  0  33064  547  9728  19  8979771  433  13604  3944  2661913971  433  0  14633  14652  19  0  13604  354  0  173469  241  13604  0  13604  547  279  126  655328913  0  3863  3235  3235  1.65436728768  
1441339225  0  33064  547  9728  19  8979771  433  13604  3944  2661913971  433  0  14633  14652  19  0  13604  354  0  173469  241  13604  0  13604  547  279  126  0  0  0  0  0  1.65436728768  
1441339225  0  36334  547  12351  19  8991790  490  16448  4165  3189926949  490  0  17477  17496  19  0  16448  354  0  174659  244  16448  0  16448  547  280  126  528012978  0  3270  2844  2844  1.50547696373  
1441339226  0  39165  547  14428  20  8994506  530  18622  4262  3620150783  530  0  19651  19671  20  0  18622  354  0  176525  245  18622  0  18622  547  281  126  430223834  0  2831  2174  2175  1.39665517682  
1441339226  0  41855  547  17503  20  8997539  586  21795  4360  4094276708  586  0  22824  22844  20  0  21795  354  0  182058  246  21795  0  21795  547  286  126  474125925  0  2690  3173  3173  1.30689284434  
1441339227  0  44192  547  18561  20  9011085  618  23094  4601  4348586400  618  0  24123  24143  20  0  23094  354  0  185891  248  23094  0  23094  547  286  126  254309692  0  2337  1299  1299  1.23778059377  
1441339227  0  46471  547  20270  20  9051059  639  23708  6165  4859574358  639  0  27397  27417  20  0  24048  354  0  188182  247  24048  0  23708  547  288  127  510987958  0  2279  3274  3274  1.17707817779  
1441339228  0  47400  547  21285  20  9071821  671  25413  6855  5210308261  671  0  29102  29122  20  0  25413  354  0  190027  247  25413  0  25413  547  288  127  350733903  0  929  1705  1705  1.15400843882  
1441339228  0  50972  3044  23647  20  9035640  661  24698  7945  5569941689  677  0  32590  32610  20  0  25732  354  0  193045  244  25732  0  24698  3044  291  129  359633428  2497  3572  3488  3488  5.97190614455  
1441339229  0  50972  3044  23647  20  9035640  661  24698  7945  5569941689  677  0  32590  32610  20  0  25732  354  0  193045  244  25732  0  24698  3044  291  129  0  0  0  0  0  5.97190614455  
1441339229  0  52485  3044  26175  20  9070528  726  28472  9191  6205326425  726  0  36364  36384  20  0  28472  354  0  194803  245  28472  0  28472  3044  293  129  635384736  0  1513  3774  3774  5.79975231018  
1441339230  0  54602  3044  29568  20  9116009  795  33372  10698  6886065821  795  0  41264  41284  20  0  33372  354  0  195187  245  33372  0  33372  3044  293  129  680739396  0  2117  4900  4900  5.57488736676  
1441339230  0  58128  4567  31944  20  9014173  685  30758  7061  7364557409  841  0  44468  44488  20  0  36576  354  0  208226  242  36576  0  30758  4567  301  131  478491588  1523  3526  3204  3204  7.85679878888  
1441339231  0  58793  4567  31944  20  9014173  685  30758  7061  7365272198  841  0  44468  44488  20  0  36576  354  0  208226  242  36576  0  30758  4567  301  131  714789  0  665  0  0  7.76793155648  
1441339231  0  61071  5271  31944  20  9014173  673  30054  7061  7377148449  841  0  44468  44488  20  0  36576  354  0  211151  241  36576  0  30054  5271  303  131  11876251  704  2278  0  0  8.63093776097  
1441339232  0  62280  5271  32794  20  9016861  685  31000  7157  7692511124  841  0  45414  45434  20  0  36576  354  0  214231  241  36576  0  31000  5271  307  131  315362675  0  1209  946  946  8.4633911368  
1441339232  0  62280  5271  32794  20  9016861  685  31000  7157  7692511124  841  0  45414  45434  20  0  36576  354  0  214231  241  36576  0  31000  5271  307  131  0  0  0  0  0  8.4633911368  
1441339233  0  64666  5397  35171  20  9019291  723  33334  7240  8186642333  841  0  47874  47894  20  0  36576  354  0  218410  244  36576  0  33334  5397  313  131  494131209  126  2386  2460  2460  8.34596232951  
1441339233  0  66302  5397  38911  20  9078779  788  37189  7355  8815597824  841  0  51729  51749  20  0  37189  354  0  218499  247  37189  0  37189  5397  313  131  628955491  0  1636  3855  3855  8.1400259419  
1441339234  0  67742  5397  41294  20  9103564  819  38657  8207  9298443304  841  0  54965  54985  20  0  38657  354  0  219531  249  38657  0  38657  5397  314  132  482845480  0  1440  3236  3236  7.96699241239  
1441339234  0  69263  5397  42948  20  9135960  864  41468  9364  9833143655  864  0  57776  57796  20  0  41468  354  0  222360  250  41468  0  41468  5397  315  132  534700351  0  1521  2811  2811  7.7920390396  
1441339235  0  69702  5397  44845  20  9148784  915  43823  9822  10282251068  915  0  60131  60151  20  0  43823  354  0  225699  252  43823  0  43823  5397  315  132  449107413  0  439  2355  2355  7.7429628992  
1441339235  0  78710  13697  46971  20  9130291  822  37869  9281  10700035133  915  0  63770  63790  20  0  43823  354  1  235712  251  43823  0  37869  13697  322  134  417784065  8300  9008  3639  3639  17.4018549104  
1441339236  0  79926  13697  48305  20  9167111  871  40518  10596  11094755215  915  0  66419  66439  20  0  43823  354  1  239464  253  43823  0  40518  13697  322  134  394720082  0  1216  2649  2649  17.1371018192  
1441339237  0  79926  13697  48305  20  9167111  871  40518  10596  11094755215  915  0  66419  66439  20  0  43823  354  1  239464  253  43823  0  40518  13697  322  134  0  0  0  0  0  17.1371018192  
1441339237  0  81846  13697  49510  20  9208379  915  42955  11828  11493446457  915  0  68856  68876  20  0  43823  354  1  241277  255  43823  0  42955  13697  322  134  398691242  0  1920  2437  2437  16.7350878479  
1441339238  0  83819  15050  49640  20  9205652  809  37164  11740  11577245518  915  0  69069  69089  20  0  43823  354  1  249662  252  43823  0  37164  15050  328  136  83799061  1353  1973  213  213  17.9553561842  
1441339238  0  90034  20206  51322  20  9234676  774  34041  12793  11970253316  915  0  71806  71826  20  0  43823  354  1  257168  254  43823  0  34041  20206  331  137  393007798  5156  6215  2737  2737  22.4426327832  
1441339239  0  91858  20206  52485  20  9236468  802  35268  12857  12240792321  915  0  73033  73053  20  0  43823  354  1  259797  257  43823  0  35268  20206  331  137  270539005  0  1824  1227  1227  21.9969953624  
1441339239  0  94642  20206  55523  20  9298871  892  40450  15001  12918869898  915  0  78215  78235  20  0  43823  354  1  261498  258  43823  0  40450  20206  332  137  678077577  0  2784  5182  5182  21.3499292069  
1441339240  0  96998  20290  58461  20  9303995  887  40825  15184  13432701509  934  0  81336  81356  20  0  43823  354  1  264026  257  43823  0  40825  20290  334  138  513831611  84  2356  3121  3121  20.9179570713  
1441339240  0  96998  20290  58461  20  9303995  887  40825  15184  13432701509  934  0  81336  81356  20  0  43823  354  1  264026  257  43823  0  40825  20290  334  138  0  0  0  0  0  20.9179570713  
1441339241  0  104034  24734  60423  20  9323894  863  39065  15905  13843754091  934  0  84021  84041  20  0  43823  354  2  272065  258  43823  0  39065  24734  338  138  411052582  4444  7036  2685  2685  23.7749197378  
1441339241  0  106882  24734  63511  20  9328802  923  42194  15946  14438179338  934  0  87150  87170  20  0  43823  354  2  275549  258  43823  0  42194  24734  339  138  594425247  0  2848  3129  3129  23.141408282  
1441339242  0  111361  27197  68320  20  9329461  975  44631  16036  15181671767  977  0  92050  92070  20  0  44727  354  2  278018  259  44727  0  44631  27197  343  138  743492429  2463  4479  4900  4900  24.4223740807  
1441339242  0  112321  27197  70267  20  9344721  1011  47123  16581  15679989192  1011  0  94542  94562  20  0  47123  354  2  279842  259  47123  0  47123  27197  343  138  498317425  0  960  2492  2492  24.2136376991  
1441339243  0  114910  27965  71180  20  9305381  1003  46631  15176  16047208754  1034  0  96866  96886  20  0  48581  354  2  283774  257  48581  0  46631  27965  345  139  367219562  768  2589  2324  2324  24.3364372117  
1441339243  0  117662  27965  72759  20  9346961  1062  49695  16661  16522303674  1062  0  99930  99950  20  0  49695  354  2  287013  260  49695  0  49695  27965  345  139  475094920  0  2752  3064  3064  23.7672315616  
1441339244  0  117662  27965  72759  20  9346961  1062  49695  16661  16522303674  1062  0  99930  99950  20  0  49695  354  2  287013  260  49695  0  49695  27965  345  139  0  0  0  0  0  23.7672315616  
1441339244  0  120158  28253  74967  20  9351217  1029  47978  16813  17020002526  1083  0  102294  102314  20  0  51262  354  2  287699  259  51262  0  47978  28253  347  140  497698852  288  2496  2364  2364  23.51320761  
1441339245  0  123674  30565  79192  20  9371238  1069  50735  17652  17668534934  1083  0  107363  107383  20  0  51262  354  2  291774  258  51262  0  50735  30565  350  140  648532408  2312  3516  5069  5069  24.714167893  
1441339245  0  128451  32872  81911  20  9314286  1070  51420  15618  18252160229  1083  0  110355  110375  20  0  51420  354  2  296995  260  51420  0  51420  32872  350  140  583625295  2307  4777  2992  2992  25.591081424  
1441339246  0  134702  35432  85604  20  9263127  1029  48783  13227  18998699011  1106  0  114217  114237  20  0  53731  354  2  300976  261  53731  0  48783  35432  353  141  746538782  2560  6251  3862  3862  26.3039895473  
1441339246  0  137152  35432  87084  20  9287390  1029  48472  14014  19461452879  1106  0  116485  116505  20  0  53731  354  2  304191  261  53731  0  48472  35432  355  142  462753868  0  2450  2268  2268  25.8341110593  
1441339247  0  137152  35432  87084  20  9287390  1029  48472  14014  19461452879  1106  0  116485  116505  20  0  53731  354  2  304191  261  53731  0  48472  35432  355  142  0  0  0  0  0  25.8341110593  
1441339247  0  139279  35637  88738  20  9288062  1051  49945  14038  19929331996  1106  0  118163  118183  20  0  53731  354  2  307087  262  53731  0  49945  35637  356  142  467879117  205  2127  1678  1678  25.5867718752  
1441339248  0  142447  35637  91990  20  9297991  1107  53312  14153  20557694954  1107  0  121530  121550  20  0  53731  354  2  308909  262  53731  0  53312  35637  356  142  628362958  0  3168  3367  3367  25.017725891  
1441339248  0  144540  35721  94323  20  9273145  1115  54150  13004  21078703210  1139  0  123994  124014  20  0  55471  354  2  311939  260  55471  0  54150  35721  361  144  521008256  84  2093  2464  2464  24.7135740971  
1441339249  0  145940  35721  95693  20  9292286  1145  55964  13448  21503092749  1145  0  125808  125828  20  0  55964  354  2  316072  260  55964  0  55964  35721  363  144  424389539  0  1400  1814  1814  24.4764971906  
1441339249  0  147733  35721  95853  20  9343834  1175  57965  15289  21604659792  1175  0  127809  127829  20  0  57965  354  2  316600  260  57965  0  57965  35721  363  144  101567043  0  1793  2001  2001  24.1794318128  
1441339250  0  149964  36416  98583  20  9383928  1177  57378  16415  22135032361  1185  0  132361  132381  20  0  58131  354  2  319795  260  58131  0  57378  36416  366  145  530372569  695  2231  4552  4552  24.283161292  
1441339250  0  149964  36416  98583  20  9383928  1177  57378  16415  22135032361  1185  0  132361  132381  20  0  58131  354  2  319795  260  58131  0  57378  36416  366  145  0  0  0  0  0  24.283161292  
1441339251  0  152837  38425  100502  20  9474851  1097  53313  19394  22563208904  1216  0  137264  137284  20  0  60550  354  2  322127  259  60550  0  53313  38425  369  146  428176543  2009  2873  4903  4903  25.1411634617  
1441339251  0  154404  38425  102280  20  9512149  1133  55836  20139  23044056043  1216  0  139787  139807  20  0  60550  354  2  326276  259  60550  0  55836  38425  369  146  480847139  0  1567  2523  2523  24.8860133157  
1441339252  0  157188  38425  104730  20  9548517  1174  59029  20882  23667517941  1216  0  142980  143000  20  0  60550  354  2  328369  260  60550  0  59029  38425  369  146  623461898  0  2784  3193  3193  24.4452502736  
1441339252  0  159972  38425  106069  20  9568835  1203  61017  21531  24070650185  1216  0  144968  144988  20  0  61017  354  2  330877  260  61017  0  61017  38425  369  146  403132244  0  2784  1988  1988  24.01982847  
1441339253  0  161527  38425  106895  20  9526024  1169  58333  20098  24326888224  1216  0  146286  146306  20  0  61268  354  2  333469  260  61268  0  58333  38425  372  148  256238039  0  1555  1318  1318  23.7885926192  
1441339253  0  163987  38446  107534  20  9535539  1189  59188  20314  24518863459  1216  0  147162  147182  20  0  61268  354  2  337059  261  61268  0  59188  38446  373  148  191975235  21  2460  876  876  23.4445413356  
1441339255  0  165651  38446  108587  20  9492902  1177  58644  21149  24899586473  1218  0  149070  149090  20  0  61268  354  2  339200  261  61268  0  58644  38446  375  149  380723014  0  1664  1908  1908  23.2090358646  
1441339255  0  171992  39817  109579  20  9526628  1255  56494  22890  25174813087  1278  0  151875  151895  20  0  61268  354  2  346358  262  61268  0  56494  39817  376  150  275226614  1371  6341  2805  2805  23.1504953719  
1441339256  0  181031  46200  113333  20  9473945  1214  52000  21020  25715251843  1278  0  157026  157046  20  0  61268  354  2  354804  262  61268  0  52000  46200  381  151  540438756  6383  9039  5151  5151  25.5204909656  
1441339256  0  184405  46407  115104  20  9501295  1232  54562  22028  26127429318  1278  0  159806  159826  20  0  61268  354  2  363064  260  61268  0  54562  46407  384  152  412177475  207  3374  2780  2780  25.1658035303  
1441339257  0  185810  46407  115663  20  9447647  1200  53205  20112  26285365948  1278  0  160497  160517  20  0  61268  354  2  364157  259  61268  0  53205  46407  385  153  157936630  0  1405  691  691  24.9755126204  
1441339257  0  187628  46407  117520  20  9472825  1236  55444  20494  26756787225  1278  0  162736  162756  20  0  61268  354  2  367440  261  61268  0  55444  46407  385  153  471421277  0  1818  2239  2239  24.7335152536  
1441339258  0  189407  46426  119283  20  9441302  1256  57578  20865  27252132921  1278  0  164889  164909  20  0  61268  354  2  369408  262  61268  0  57578  46426  385  153  495345696  19  1779  2153  2153  24.511237705  
1441339259  0  189407  46426  119283  20  9441302  1256  57578  20865  27252132921  1278  0  164889  164909  20  0  61268  354  2  369408  262  61268  0  57578  46426  385  153  0  0  0  0  0  24.511237705  
1441339259  0  190897  46552  120151  20  9451567  1256  58363  20992  27490016153  1278  0  165885  165905  20  0  61268  354  3  373172  260  61268  0  58363  46552  391  154  237883232  126  1490  996  996  24.3859253943  
1441339260  0  193733  47247  122963  20  9481099  1268  61444  21261  28065825894  1278  0  169661  169681  20  0  61444  354  3  375528  260  61444  0  61444  47247  392  154  575809741  695  2836  3776  3776  24.3876882101  
1441339260  0  195604  47247  124669  20  9495260  1291  63328  21439  28428588396  1291  0  171545  171565  20  0  63328  354  3  378031  262  63328  0  63328  47247  393  154  362762502  0  1871  1884  1884  24.1544140202  
1441339261  0  197396  47247  126485  20  9505637  1315  65275  21570  28821297944  1315  0  173492  173512  20  0  65275  354  3  383798  262  65275  0  65275  47247  395  154  392709548  0  1792  1947  1947  23.9351354637  
1441339261  0  198458  47251  129193  20  9498569  1343  68039  21626  29276322763  1343  0  176260  176280  20  0  68039  354  3  384667  261  68039  0  68039  47251  395  154  455024819  4  1062  2768  2768  23.8090679136  
1441339262  0  201440  49044  133560  20  9475264  1227  62805  20254  30014365969  1359  0  181048  181068  20  0  70308  354  3  387418  257  70308  0  62805  49044  401  157  738043206  1793  2982  4788  4788  24.3467037331  
1441339262  0  206269  52465  136472  20  9426430  1234  63422  21354  30639302919  1359  0  185086  185106  20  0  70308  354  3  393589  260  70308  0  63422  52465  402  157  624936950  3421  4829  4038  4038  25.4352326331  
1441339263  0  206269  52465  136472  20  9426430  1234  63422  21354  30639302919  1359  0  185086  185106  20  0  70308  354  3  393589  260  70308  0  63422  52465  402  157  0  0  0  0  0  25.4352326331  
1441339263  0  216346  59717  139063  20  9339317  1206  60596  17300  31145992729  1359  0  189512  189532  20  0  70308  354  3  403029  262  70308  0  60596  59717  405  157  506689810  7252  10077  4426  4426  27.6025440729  
1441339264  0  221387  62294  142084  20  9374451  1248  62314  18573  31703988532  1359  0  193807  193827  20  0  70308  354  3  407677  264  70308  0  62314  62294  408  157  557995803  2577  5041  4295  4295  28.1380568868  
1441339264  0  223365  62992  143671  20  9376755  1266  63147  18577  32066815435  1359  0  195399  195419  20  0  70308  354  3  412229  261  70308  0  63147  62992  410  158  362826903  698  1978  1592  1592  28.201374432  
1441339265  0  226793  64788  144508  20  9400908  1295  64651  19244  32408831808  1359  0  198699  198719  20  0  70308  354  3  416397  263  70308  0  64651  64788  412  158  342016373  1796  3428  3300  3300  28.5670192643  
1441339265  0  228878  64914  145017  20  9421149  1309  65690  19900  32612471516  1359  0  199864  199884  20  0  70308  354  3  420009  262  70308  0  65690  64914  414  158  203639708  126  2085  1165  1165  28.3618346892  
1441339266  0  230190  64914  148612  20  9517253  1424  69522  20137  33176191641  1424  0  203697  203717  20  0  70308  354  4  420673  264  70308  0  69522  64914  414  158  563720125  0  1312  3833  3833  28.200182458  
1441339266  0  230190  64914  148612  20  9517253  1424  69522  20137  33176191641  1424  0  203697  203717  20  0  70308  354  4  420673  264  70308  0  69522  64914  414  158  0  0  0  0  0  28.200182458  
1441339267  0  232110  64914  150771  20  9636619  1503  74935  23391  33688790223  1503  0  209110  209130  20  0  74935  354  4  423339  264  74935  0  74935  64914  418  158  512598582  0  1920  5413  5413  27.9669122399  
1441339267  0  234190  66194  152030  20  9751259  1512  76514  26783  34148122354  1515  0  213762  213782  20  0  76514  354  4  426518  262  76514  0  76514  66194  421  159  459332131  1280  2080  4652  4652  28.2650839062  
1441339268  0  237683  68775  155852  20  9776645  1520  78351  27262  34883327423  1556  0  218180  218200  20  0  79776  354  4  430478  263  79776  0  78351  68775  421  159  735205069  2581  3493  4418  4418  28.9355990963  
1441339268  0  245440  74764  158995  20  9767150  1452  74408  26163  35413655972  1556  0  222275  222295  20  0  79776  354  5  437716  263  79776  0  74408  74764  422  160  530328549  5989  7757  4095  4095  30.4612125163  
1441339269  0  248505  75339  159089  20  9720953  1399  71997  27628  35492233513  1556  0  223860  223880  20  0  79776  354  5  440673  261  79776  0  71997  75339  424  161  78577541  575  3065  1585  1585  30.3168950323  
1441339269  0  251115  75346  159534  20  9679672  1357  68872  26120  35662838054  1556  0  225058  225078  20  0  79776  354  5  444797  262  79776  0  68872  75346  427  163  170604541  7  2610  1198  1198  30.0045795751  
1441339270  0  251115  75346  159534  20  9679672  1357  68872  26120  35662838054  1556  0  225058  225078  20  0  79776  354  5  444797  262  79776  0  68872  75346  427  163  0  0  0  0  0  30.0045795751  
1441339270  0  257201  79284  160742  20  9645335  1322  66958  24375  35955055796  1556  0  227082  227102  20  0  79776  354  5  455092  263  79776  0  66958  79284  431  163  292217742  3938  6086  2024  2024  30.8256966341  
1441339271  0  258569  79284  160993  20  9622333  1311  66214  23380  36062874346  1556  0  227618  227638  20  0  79776  354  5  456223  262  79776  0  66214  79284  432  164  107818550  0  1368  536  536  30.6626084333  
1441339271  0  260219  79295  162264  20  9540398  1074  52285  20044  36432889511  1556  0  229787  229807  20  0  79776  354  5  463585  259  79776  0  52285  79295  439  169  370015165  11  1650  2169  2169  30.4724097779  
1441339272  0  262093  79421  164126  20  9551734  1095  54046  20069  36916325464  1556  0  231675  231695  20  0  79776  354  6  468118  259  79776  0  54046  79421  441  169  483435953  126  1874  1888  1888  30.3026025113  
1441339272  0  263277  79421  168085  20  9561352  1164  58175  20239  37617725264  1556  0  235804  235824  20  0  79776  354  6  469625  260  79776  0  58175  79421  443  169  701399800  0  1184  4129  4129  30.1663267205  
1441339273  0  264813  79421  171446  20  9568478  1213  61617  20320  38183906054  1556  0  239246  239266  20  0  79776  354  6  471900  260  79776  0  61617  79421  445  169  566180790  0  1536  3442  3442  29.9913523883  
1441339273  0  264813  79421  171446  20  9568478  1213  61617  20320  38183906054  1556  0  239246  239266  20  0  79776  354  6  471900  260  79776  0  61617  79421  445  169  0  0  0  0  0  29.9913523883  
1441339274  0  266621  79421  174591  20  9637620  1284  65780  21338  38813304466  1556  0  243409  243429  20  0  79776  354  6  473474  264  79776  0  65780  79421  447  169  629398412  0  1808  4163  4163  29.7879761909  
1441339274  0  273902  85706  178722  20  9497390  1233  63206  14638  39550772371  1556  0  250769  250789  20  0  79776  354  6  477976  261  79776  0  63206  85706  452  172  737467905  6285  7281  7360  7360  31.2907536272  
1441339275  0  275087  86474  179359  20  9559252  1273  65787  17344  39775118016  1556  0  254119  254139  20  0  79776  354  7  481893  261  79776  0  65787  86474  453  172  224345645  768  1185  3350  3350  31.435145972  
1441339275  0  282836  93967  180275  20  9469220  1106  54773  18644  39913028726  1556  0  256487  256507  20  0  79776  354  7  491767  258  79776  0  54773  93967  457  174  137910710  7493  7749  2368  2368  33.2231399115  
1441339276  0  288041  98660  180788  20  9415675  1046  50610  16819  40104710255  1556  0  258513  258533  20  0  79776  354  7  500871  256  79776  0  50610  98660  460  175  191681529  4693  5205  2026  2026  34.2520682819  
1441339276  0  295793  105036  182998  20  9536542  1073  50534  20904  40611981034  1556  0  264814  264834  20  0  79776  354  8  508407  258  79776  0  50534  105036  461  175  507270779  6376  7752  6301  6301  35.5099681196  
1441339277  0  297265  105036  183180  20  9646330  1130  54637  24825  40772306762  1556  0  268917  268937  20  0  79776  354  8  509804  259  79776  0  54637  105036  461  175  160325728  0  1472  4103  4103  35.3341294804  
1441339277  0  297265  105036  183180  20  9646330  1130  54637  24825  40772306762  1556  0  268917  268937  20  0  79776  354  8  509804  259  79776  0  54637  105036  461  175  0  0  0  0  0  35.3341294804  
1441339278  0  300266  105527  184030  20  9658975  1146  55208  25037  41038451593  1556  0  269979  269999  20  0  79776  354  8  514807  261  79776  0  55208  105527  462  175  266144831  491  3001  1062  1062  35.1445052054  
1441339278  0  302954  105527  185169  20  9623337  1143  54595  23285  41321741380  1556  0  271162  271182  20  0  79776  354  8  519324  260  79776  0  54595  105527  466  176  283289787  0  2688  1183  1183  34.832680869  
1441339279  0  304458  105527  189538  20  9699875  1209  59057  23378  42044292554  1556  0  275624  275644  20  0  79776  354  8  520472  261  79776  0  59057  105527  466  176  722551174  0  1504  4462  4462  34.660610002  
1441339279  0  306651  105703  192744  20  9784878  1239  61566  24690  42649174735  1556  0  280317  280337  20  0  79776  354  8  521488  261  79776  0  61566  105703  469  177  604882181  176  2193  4693  4693  34.4701305393  
1441339280  0  310366  108165  194360  20  9815340  1225  60895  26395  43036337165  1556  0  283644  283664  20  0  79776  354  8  525728  261  79776  0  60895  108165  471  178  387162430  2462  3715  3327  3327  34.8507890684  
1441339281  0  311518  108165  194392  20  9794177  1062  52184  26108  43065576153  1556  0  283676  283696  20  0  79776  354  8  530537  259  79776  0  52184  108165  474  180  29238988  0  1152  32  32  34.7219101304  
1441339281  0  311518  108165  194392  20  9794177  1062  52184  26108  43065576153  1556  0  283676  283696  20  0  79776  354  8  530537  259  79776  0  52184  108165  474  180  0  0  0  0  0  34.7219101304  
1441339282  0  312766  108165  195775  20  9795297  1085  53607  26148  43310904088  1556  0  285099  285119  20  0  79776  354  8  533559  260  79776  0  53607  108165  474  180  245327935  0  1248  1423  1423  34.5833626417  
1441339282  0  320263  112005  201742  20  9809920  1132  56062  26476  44154268092  1556  0  291394  291414  20  0  79776  354  8  537190  262  79776  0  56062  112005  474  180  843364004  3840  7497  6295  6295  34.9728192142  
1441339283  0  325653  114604  203486  20  9820272  1132  55585  26845  44622153486  1556  0  293516  293536  20  0  79776  354  8  541541  264  79776  0  55585  114604  474  180  467885394  2599  5390  2122  2122  35.1920602605  
1441339283  0  328789  114604  205491  20  9691761  1066  51114  21870  45150876387  1556  0  296193  296213  20  0  79776  354  8  546120  262  79776  0  51114  114604  481  184  528722901  0  3136  2677  2677  34.8563972639  
1441339284  0  331637  114604  207320  20  9648899  1064  50960  19887  45649650019  1556  0  298599  298619  20  0  79776  354  8  550045  261  79776  0  50960  114604  482  185  498773632  0  2848  2406  2406  34.5570608828  
1441339284  0  333558  114604  208817  20  9657899  1088  52460  19890  46062159773  1556  0  300099  300119  20  0  79776  354  8  554027  261  79776  0  52460  114604  482  185  412509754  0  1921  1500  1500  34.3580426792  
1441339285  0  334998  114604  209764  20  9701293  1013  47649  20503  46395209107  1556  0  301664  301684  20  0  79776  354  8  557800  260  79776  0  47649  114604  483  186  333049334  0  1440  1565  1565  34.2103534946  
1441339287  0  342106  117420  214513  20  9768210  1028  48154  19822  47582732356  1556  0  308549  308569  20  0  79776  354  9  568111  261  79776  0  48154  117420  486  188  1187523249  2816  7108  6885  6885  34.322695305  
1441339287  0  345690  118444  217879  20  9781288  1068  50897  20219  48225412503  1556  0  312316  312336  20  0  79776  354  9  569821  261  79776  0  50897  118444  489  188  642680147  1024  3584  3767  3767  34.2630680668  
1441339288  0  347928  118465  221839  20  9847161  1138  55669  21052  48974201123  1556  0  317109  317129  20  0  79776  354  9  570623  263  79776  0  55669  118465  490  188  748788620  21  2238  4793  4793  34.0487112276  
1441339288  0  350351  118484  224814  20  9854741  1192  59593  22001  49657036926  1556  0  321052  321072  20  0  79776  354  9  572225  264  79776  0  59593  118484  490  188  682835803  19  2423  3943  3943  33.8186561477  
1441339289  0  353418  119179  226073  20  9855070  1209  60580  21734  50076790110  1556  0  322910  322930  20  0  79776  354  9  576251  263  79776  0  60580  119179  492  189  419753184  695  3067  1858  1858  33.7218251476  
1441339289  0  357617  121646  228109  20  9902237  1227  61397  22981  50687331979  1556  0  326194  326214  20  0  79776  354  9  585895  263  79776  0  61397  121646  495  189  610541869  2467  4199  3284  3284  34.0157207292  
1441339290  0  357617  121646  228109  20  9902237  1227  61397  22981  50687331979  1556  0  326194  326214  20  0  79776  354  9  585895  263  79776  0  61397  121646  495  189  0  0  0  0  0  34.0157207292  
1441339290  0  359953  122414  228224  20  9900673  1156  57029  23095  50708348566  1556  0  326442  326462  20  0  79776  354  9  586331  262  79776  0  57029  122414  496  190  21016587  768  2336  248  248  34.0083288652  
1441339291  0  366779  126348  230642  20  9916093  1167  56895  24501  51256836044  1556  0  331590  331610  20  0  79776  354  10  591373  265  79776  0  56895  126348  499  192  548487478  3934  6826  5148  5148  34.4479918425  
1441339291  0  370075  126348  231337  20  9979747  1207  59503  26414  51549593991  1556  0  334198  334218  20  0  79776  354  10  593131  265  79776  0  59503  126348  499  192  292757947  0  3296  2608  2608  34.1411875971  
1441339292  0  372283  126348  232351  20  9861246  1118  53660  26836  51820180368  1556  0  335780  335800  20  0  79776  354  10  595897  264  79776  0  53660  126348  500  193  270586377  0  2208  1582  1582  33.9386971739  
1441339292  0  374898  126351  233392  20  9895353  1157  55662  27800  52128920981  1556  0  337785  337805  20  0  79776  354  10  599235  265  79776  0  55662  126351  501  193  308740613  3  2615  2005  2005  33.7027671527  
1441339293  0  379538  127887  236221  20  9970423  1210  59002  29847  52773886678  1556  0  342661  342681  20  0  79776  354  10  602730  264  79776  0  59002  127887  502  193  644965697  1536  4640  4876  4876  33.6954402458  
1441339293  0  379538  127887  236221  20  9970423  1210  59002  29847  52773886678  1556  0  342661  342681  20  0  79776  354  10  602730  264  79776  0  59002  127887  502  193  0  0  0  0  0  33.6954402458  
1441339294  0  381397  127887  237815  20  10048266  1259  62171  31422  53287815344  1556  0  345830  345850  20  0  79776  354  10  605342  265  79776  0  62171  127887  504  193  513928666  0  1859  3169  3169  33.5312023954  
1441339294  0  383061  127887  239675  20  9986038  1242  61755  29149  53780924162  1556  0  348235  348255  20  0  79776  354  11  608585  264  79776  0  61755  127887  505  194  493108818  0  1664  2405  2405  33.3855443389  
1441339295  0  384629  127887  243033  20  10019301  1292  65437  29473  54450863595  1556  0  351917  351937  20  0  79776  354  11  611206  264  79776  0  65437  127887  505  194  669939433  0  1568  3682  3682  33.2494429697  
1441339295  0  385973  127887  245222  20  10070577  1331  68102  29949  54913877389  1556  0  354582  354602  20  0  79776  354  11  615195  264  79776  0  68102  127887  505  194  463013794  0  1344  2665  2665  33.13366479  
1441339296  0  394179  134844  251604  20  10069243  1328  68257  30447  55914354011  1556  0  361694  361714  20  0  79776  354  11  619690  264  79776  0  68257  134844  505  194  1000476622  6957  8206  7112  7112  34.2088239099  
1441339296  0  396867  136540  254410  20  10092967  1344  70058  31132  56343204761  1556  0  365192  365212  20  0  79776  354  12  621351  264  79776  0  70058  136540  507  194  428850750  1696  2688  3498  3498  34.404473035  
1441339297  0  396867  136540  254410  20  10092967  1344  70058  31132  56343204761  1556  0  365192  365212  20  0  79776  354  12  621351  264  79776  0  70058  136540  507  194  0  0  0  0  0  34.404473035  
1441339297  0  400199  137824  257288  20  10132439  1375  72413  30612  57039950403  1556  0  368831  368851  20  0  79776  354  12  625148  264  79776  0  72413  137824  508  194  696745642  1284  3332  3639  3639  34.4388666638  
1441339298  0  406443  142432  261876  20  10218022  1389  73142  31361  57747087869  1556  0  374168  374188  20  0  79776  354  12  631194  264  79776  0  73142  142432  511  194  707137466  4608  6244  5337  5337  35.04353624  
1441339298  0  408166  143131  263233  20  10186574  1384  72767  29629  58180071571  1556  0  376284  376304  20  0  79776  354  12  635521  263  79776  0  72767  143131  512  195  432983702  699  1723  2116  2116  35.066860052  
1441339299  0  411880  145598  264371  20  10205464  1342  70033  30263  58476261204  1556  0  378069  378089  20  0  79776  354  12  640854  262  79776  0  70033  145598  514  196  296189633  2467  3714  1785  1785  35.3496163931  
1441339299  0  418084  150230  265644  20  10278352  1373  67841  31430  58673458542  1556  0  380509  380529  20  0  79776  354  12  647973  264  79776  0  67841  150230  514  196  197197338  4632  6204  2440  2440  35.9329704079  
1441339300  0  424230  154870  273804  20  10355488  1419  71720  31739  59696814981  1556  0  389028  389048  20  0  79776  354  12  649246  267  79776  0  71720  154870  517  196  1023356439  4640  6146  8519  8519  36.506140537  
1441339300  0  424230  154870  273804  20  10355488  1419  71720  31739  59696814981  1556  0  389028  389048  20  0  79776  354  12  649246  267  79776  0  71720  154870  517  196  0  0  0  0  0  36.506140537  
1441339301  0  426532  154870  274609  20  10383777  1435  72964  32178  59837584819  1556  0  390272  390292  20  0  79776  354  12  653844  267  79776  0  72964  154870  519  196  140769838  0  2302  1244  1244  36.3091163148  
1441339301  0  430820  156406  274911  20  10458546  1444  73537  33985  59939124377  1556  0  392381  392401  20  0  79776  354  12  657142  268  79776  0  73537  156406  521  196  101539558  1536  4288  2109  2109  36.3042569983  
1441339302  0  432740  156406  275147  20  10502817  1452  74277  34489  60052302031  1556  0  393121  393141  20  0  79776  354  12  658228  268  79776  0  74277  156406  521  196  113177654  0  1920  740  740  36.1431806628  
1441339303  0  438140  158982  280344  20  10554815  1507  77918  35509  60706889194  1556  0  399338  399358  20  0  79776  354  12  660899  270  79776  0  77918  158982  521  196  654587163  2576  5400  6217  6217  36.2856621171  
1441339303  0  441159  158982  280697  20  10605161  1541  79351  36589  60867739733  1556  0  400771  400791  20  0  79776  354  12  664650  270  79776  0  79351  158982  521  196  160850539  0  3019  1433  1433  36.0373470789  
1441339304  0  444347  158982  283222  20  10454651  1547  79879  34647  61364560391  1594  0  404053  404073  20  0  82633  354  12  667073  270  82633  0  79879  158982  525  197  496820658  0  3188  3282  3282  35.7787945007  
1441339304  0  444347  158982  283222  20  10454651  1547  79879  34647  61364560391  1594  0  404053  404073  20  0  82633  354  12  667073  270  82633  0  79879  158982  525  197  0  0  0  0  0  35.7787945007  
1441339305  0  447003  158982  286212  20  10462260  1595  83009  34787  61911953995  1595  0  407389  407409  20  0  83009  354  12  670294  269  83009  0  83009  158982  526  198  547393604  0  2656  3336  3336  35.5662042537  
1441339305  0  451129  161156  291093  20  10402740  1520  77607  35093  62581988315  1644  0  412609  412629  20  0  85133  354  12  674079  267  85133  0  77607  161156  532  199  670034320  2174  4126  5220  5220  35.7228198586  
1441339306  0  453497  161156  294446  20  10447026  1581  81574  35707  63241309608  1644  0  416576  416596  20  0  85133  354  12  676901  267  85133  0  81574  161156  532  199  659321293  0  2368  3967  3967  35.5362880019  
1441339306  0  463008  168039  299530  20  10368622  1581  81788  34407  64148930647  1644  0  424743  424763  20  0  85133  354  13  681591  267  85133  0  81788  168039  536  200  907621039  6883  9511  8167  8167  36.2928934273  
1441339307  0  469163  172673  302761  20  10323600  1487  76671  32313  64653303636  1644  0  429255  429275  20  0  85133  354  13  688183  265  85133  0  76671  172673  541  202  504372989  4634  6155  4512  4512  36.8044794666  
1441339307  0  469163  172673  302761  20  10323600  1487  76671  32313  64653303636  1644  0  429255  429275  20  0  85133  354  13  688183  265  85133  0  76671  172673  541  202  0  0  0  0  0  36.8044794666  
1441339308  0  472332  174978  304342  20  10295982  1483  76749  31572  65000734634  1644  0  432406  432426  20  0  85133  354  13  691014  264  85133  0  76749  174978  543  203  347430998  2305  3169  3151  3151  37.0455527045  
1441339308  0  473072  174978  305340  20  10333487  1520  78856  32681  65334480241  1644  0  434513  434533  20  0  85133  354  13  693650  265  85133  0  78856  174978  543  203  333745607  0  740  2107  2107  36.9876044239  
1441339309  0  474417  174978  306089  20  10379545  1475  76371  34055  65593880809  1644  0  436636  436656  20  0  85133  354  13  696834  265  85133  0  76371  174978  544  204  259400568  0  1345  2123  2123  36.8827423975  
1441339309  0  475870  176334  307523  20  10412449  1490  77410  35016  65911698108  1644  0  439031  439051  20  0  85133  354  13  700517  266  85133  0  77410  176334  544  204  317817299  1356  1453  2395  2395  37.0550780675  
1441339310  0  478526  176334  309768  20  10453160  1503  78059  36003  66499998418  1644  0  442264  442284  20  0  85133  354  13  704498  269  85133  0  78059  176334  547  205  588300310  0  2656  3233  3233  36.8494083916  
1441339310  0  480898  177614  310371  20  10552523  1526  80030  37371  66791089446  1644  0  445516  445536  20  0  85133  354  14  707950  268  85133  0  80030  177614  547  205  291091028  1280  2372  3252  3252  36.9338196457  
1441339311  0  480898  177614  310371  20  10552523  1526  80030  37371  66791089446  1644  0  445516  445536  20  0  85133  354  14  707950  268  85133  0  80030  177614  547  205  0  0  0  0  0  36.9338196457  
1441339311  0  482914  177614  312783  20  10602669  1588  84162  39091  67402705911  1644  0  449649  449669  20  0  85133  354  15  709563  268  85133  0  84162  177614  547  205  611616465  0  2016  4133  4133  36.7796336408  
1441339312  0  485666  177614  314254  20  10702902  1662  89162  42620  67771007510  1662  0  454649  454669  20  0  89162  354  15  710776  268  89162  0  89162  177614  548  205  368301599  0  2752  5000  5000  36.5712238452  
1441339312  0  486802  177646  315497  20  10748938  1704  91881  44122  68087707806  1704  0  457400  457420  20  0  91881  354  15  711315  268  91881  0  91881  177646  548  205  316700296  32  1136  2751  2751  36.4924548379  
1441339313  0  488736  178158  315873  20  10765827  1615  86105  44880  68268832747  1707  0  458539  458559  20  0  92028  354  15  715107  268  92028  0  86105  178158  552  206  181124941  512  1934  1139  1139  36.4528088784  
1441339313  0  491011  179182  316483  20  10825031  1646  88190  47375  68474354879  1707  0  461648  461668  20  0  92028  354  15  719584  268  92028  0  88190  179182  553  206  205522132  1024  2275  3109  3109  36.4924614723  
1441339314  0  492867  179950  317826  20  10835615  1618  86320  47753  68889379222  1707  0  463369  463389  20  0  92028  354  15  724873  267  92028  0  86320  179950  555  207  415024343  768  1856  1721  1721  36.5108639856  
1441339314  0  492867  179950  317826  20  10835615  1618  86320  47753  68889379222  1707  0  463369  463389  20  0  92028  354  15  724873  267  92028  0  86320  179950  555  207  0  0  0  0  0  36.5108639856  
1441339315  0  495268  181230  319686  20  10851608  1630  87024  47877  69157610749  1707  0  465353  465373  20  0  92028  354  15  730938  267  92028  0  87024  181230  555  207  268231527  1280  2401  1984  1984  36.5923096182  
1441339315  0  508841  194034  322193  20  10168481  1446  73276  31762  69801738488  1707  0  471621  471641  20  0  92028  354  15  741798  267  92028  0  73276  194034  558  208  644127739  12804  13573  6268  6268  38.1325404203  
1441339316  0  510345  194034  323597  20  10159203  1445  73142  32510  70301061863  1707  0  473791  473811  20  0  92028  354  15  746020  267  92028  0  73142  194034  559  209  499323375  0  1504  2170  2170  38.020162831  
1441339316  0  511529  194034  324528  20  10200054  1463  74597  33034  70608111143  1707  0  475246  475266  20  0  92028  354  15  749701  267  92028  0  74597  194034  561  209  307049280  0  1184  1455  1455  37.932160249  
1441339317  0  517303  198720  327949  20  10222628  1449  73898  33546  71239759185  1707  0  479233  479253  20  0  92028  354  15  755638  267  92028  0  73898  198720  563  209  631648042  4686  5774  3987  3987  38.4146235378  
1441339317  0  522320  203072  329689  20  10129052  1424  71528  30204  71577069438  1707  0  481215  481235  20  0  92028  354  15  761463  267  92028  0  71528  203072  564  209  337310253  4352  5017  1982  1982  38.8788482157  
1441339318  0  522916  203091  330429  20  9836179  1314  64819  27432  71883138697  1707  0  482030  482050  20  0  92028  354  15  766179  264  92028  0  64819  203091  568  212  306069259  19  596  815  815  38.8381690367  
1441339318  0  525416  204375  332375  20  9801292  1298  63972  24639  72365297385  1707  0  485543  485563  20  0  92028  354  16  769509  265  92028  0  63972  204375  569  213  482158688  1284  2500  3513  3513  38.8977495927  
1441339319  0  525416  204375  332375  20  9801292  1298  63972  24639  72365297385  1707  0  485543  485563  20  0  92028  354  16  769509  265  92028  0  63972  204375  569  213  0  0  0  0  0  38.8977495927  
1441339319  0  527368  204375  332823  20  10147621  1370  69777  29996  72675867043  1707  0  491349  491369  20  0  92028  354  17  770647  266  92028  0  69777  204375  570  213  310569658  0  1952  5806  5806  38.7537734561  
1441339320  0  529032  204375  333048  20  10289693  1444  75076  35070  72849005770  1707  0  496648  496668  20  0  92028  354  17  771546  268  92028  0  75076  204375  570  213  173138727  0  1664  5299  5299  38.6318786009  
1441339320  0  532876  205659  334217  20  10286355  1459  75790  34618  73239134614  1707  0  498646  498666  20  0  92028  354  17  778037  269  92028  0  75790  205659  571  213  390128844  1284  3844  1998  1998  38.5941569896  
1441339321  0  535786  205785  334960  20  10339785  1488  77383  35594  73480035998  1707  0  500365  500385  20  0  92028  354  17  783046  270  92028  0  77383  205785  573  213  240901384  126  2910  1719  1719  38.4080584412  
1441339321  0  541395  208866  340557  20  10230917  1489  78263  33216  74301093263  1707  0  506051  506071  20  0  92028  354  17  786947  267  92028  0  78263  208866  577  215  821057265  3081  5609  5686  5686  38.5792258887  
1441339322  0  545914  211332  341446  20  10255023  1497  78871  35426  74605997735  1707  0  510292  510312  20  0  92028  354  17  791314  266  92028  0  78871  211332  579  216  304904472  2466  4519  4241  4241  38.7115919357  
1441339322  0  545914  211332  341446  20  10255023  1497  78871  35426  74605997735  1707  0  510292  510312  20  0  92028  354  17  791314  266  92028  0  78871  211332  579  216  0  0  0  0  0  38.7115919357  
1441339323  0  552657  215802  342706  20  10317115  1481  77361  37083  74923292394  1707  0  513252  513272  20  0  92028  354  17  796770  266  92028  0  77361  215802  582  216  317294659  4470  6743  2960  2960  39.0480895022  
1441339323  0  554225  215802  343210  20  10334766  1503  78142  37360  75111171710  1707  0  514033  514053  20  0  92028  354  17  799822  267  92028  0  78142  215802  582  216  187879316  0  1568  781  781  38.9376155893  
1441339324  0  556817  215802  344119  20  10380181  1524  79519  37828  75434319996  1707  0  515411  515431  20  0  92028  354  18  803532  267  92028  0  79519  215802  582  216  323148286  0  2592  1378  1378  38.7563598094  
1441339324  0  561549  215890  344919  20  10228120  1553  80801  38310  75659159540  1707  0  516781  516801  20  0  92028  354  18  806649  266  92028  0  80801  215890  582  216  224839544  88  4732  1370  1370  38.4454428732  
1441339325  0  561549  215890  344988  20  10226514  1552  80860  38300  75678879971  1707  0  516850  516870  20  0  92028  354  18  806832  265  92028  0  80860  215890  584  217  19720431  0  0  69  69  38.4454428732  
