#type:T;
#time  gt  cn  Pt  Px  gx  cx  gn  gm  Pn  Pm  Ft  cm  pt  Fx  px  ct  pn  Fm  Fn  pm  dn  On  Om  dm  dx  Ox  dt  Ot  Gt  Cn  Cm  Gx  Cx  Gn  Gm  Ct  
1441313900  3958870  0  0  0  7347  0  4895  157  0  2147483647  23293  2147483647  0  3968  0  0  0  230  21  2147483647  0  46  257  2147483647  0  4061  0  64873  0  0  2147483647  0  0  0  2147483647  0  
1441313900  3963841  0  0  0  7347  0  4896  157  0  2147483647  23293  2147483647  0  3968  0  0  0  230  21  2147483647  0  47  257  2147483647  0  5890  0  70763  0  0  2147483647  0  0  0  2147483647  0  
1441313901  3963841  0  0  0  7347  0  4896  157  0  2147483647  23293  2147483647  0  3968  0  0  0  230  21  2147483647  0  47  257  2147483647  0  5890  0  70763  0  0  2147483647  0  0  0  2147483647  0  
1441313901  3963841  0  0  0  7347  0  4896  157  0  2147483647  23293  2147483647  0  3968  0  0  0  230  21  2147483647  0  47  257  2147483647  0  5890  0  70763  0  0  2147483647  0  0  0  2147483647  0  
1441313902  3963841  0  0  0  7347  0  4896  157  0  2147483647  23293  2147483647  0  3968  0  0  0  230  21  2147483647  0  47  257  2147483647  0  5890  0  70763  0  0  2147483647  0  0  0  2147483647  0  
1441313902  3963841  0  0  0  7347  0  4896  157  0  2147483647  23293  2147483647  0  3968  0  0  0  230  21  2147483647  0  47  257  2147483647  0  5890  0  70763  0  0  2147483647  0  0  0  2147483647  0  
1441313903  3963841  0  0  0  7347  0  4896  157  0  2147483647  23293  2147483647  0  3968  0  0  0  230  21  2147483647  0  47  257  2147483647  0  5890  0  70763  0  0  2147483647  0  0  0  2147483647  0  
1441313903  3963841  0  0  0  7347  0  4896  157  0  2147483647  23293  2147483647  0  3968  0  0  0  230  21  2147483647  0  47  257  2147483647  0  5890  0  70763  0  0  2147483647  0  0  0  2147483647  0  
1441313904  3963841  0  0  0  7347  0  4896  157  0  2147483647  23293  2147483647  0  3968  0  0  0  230  21  2147483647  0  47  257  2147483647  0  5890  0  70763  0  0  2147483647  0  0  0  2147483647  0  
1441313904  3963841  0  0  0  7347  0  4896  157  0  2147483647  23293  2147483647  0  3968  0  0  0  230  21  2147483647  0  47  257  2147483647  0  5890  0  70763  0  0  2147483647  0  0  0  2147483647  0  
1441313905  3963841  0  0  0  7347  0  4896  157  0  2147483647  23293  2147483647  0  3968  0  0  0  230  21  2147483647  0  47  257  2147483647  0  5890  0  70763  0  0  2147483647  0  0  0  2147483647  0  
1441313905  3963841  0  0  0  7347  0  4896  157  0  2147483647  23293  2147483647  0  3968  0  0  0  230  21  2147483647  0  47  257  2147483647  0  5890  0  70763  0  0  2147483647  0  0  0  2147483647  0  
1441313906  3963841  0  0  0  7347  0  4896  157  0  2147483647  23293  2147483647  0  3968  0  0  0  230  21  2147483647  0  47  257  2147483647  0  5890  0  70763  0  0  2147483647  0  0  0  2147483647  0  
1441313906  3963841  0  0  0  7347  0  4896  157  0  2147483647  23293  2147483647  0  3968  0  0  0  230  21  2147483647  0  47  257  2147483647  0  5890  0  70763  0  0  2147483647  0  0  0  2147483647  0  
1441313907  3963841  0  0  0  7347  0  4896  157  0  2147483647  23293  2147483647  0  3968  0  0  0  230  21  2147483647  0  47  257  2147483647  0  5890  0  70763  0  0  2147483647  0  0  0  2147483647  0  
1441313907  3963841  0  0  0  7347  0  4896  157  0  2147483647  23293  2147483647  0  3968  0  0  0  230  21  2147483647  0  47  257  2147483647  0  5890  0  70763  0  0  2147483647  0  0  0  2147483647  0  
1441313908  3963841  0  0  0  7347  0  4896  157  0  2147483647  23293  2147483647  0  3968  0  0  0  230  21  2147483647  0  47  257  2147483647  0  5890  0  70763  0  0  2147483647  0  0  0  2147483647  0  
1441313908  3963841  0  0  0  7347  0  4896  157  0  2147483647  23293  2147483647  0  3968  0  0  0  230  21  2147483647  0  47  257  2147483647  0  5890  0  70763  0  0  2147483647  0  0  0  2147483647  0  
1441313909  3963841  0  0  0  7347  0  4896  157  0  2147483647  23293  2147483647  0  3968  0  0  0  230  21  2147483647  0  47  257  2147483647  0  5890  0  70763  0  0  2147483647  0  0  0  2147483647  0  
1441313909  3963841  0  0  0  7347  0  4896  157  0  2147483647  23293  2147483647  0  3968  0  0  0  230  21  2147483647  0  47  257  2147483647  0  5890  0  70763  0  0  2147483647  0  0  0  2147483647  0  
1441313910  3971916  0  0  0  7347  0  4898  157  0  2147483647  23293  2147483647  0  3968  0  0  0  230  21  2147483647  0  47  257  2147483647  0  5890  0  70763  0  0  2147483647  0  0  0  2147483647  0  
1441313910  4064355  0  15832978  65680  7347  0  5009  157  3422  3042  56333  2147483647  0  3968  0  0  0  211  133  2147483647  0  270  236  2147483647  0  52897  0  660802  905913  3541  529  22134  31196  119  1857  6246244  
1441313911  4200682  0  15832978  65680  7347  0  5167  157  3422  3042  56333  2147483647  0  3968  0  0  0  211  133  2147483647  0  270  236  2147483647  0  52897  0  660802  2665822  3714  529  33077  31196  292  1857  6758906  
1441313911  4200682  0  15832978  65680  7347  0  5167  157  3422  3042  56333  2147483647  0  3968  0  0  0  211  133  2147483647  0  270  236  2147483647  0  52897  0  660802  2665822  3714  529  33077  31196  292  1857  6758906  
1441313912  4234809  0  15832978  65680  8137  0  5191  157  3422  3042  56333  2147483647  0  3968  0  0  0  211  133  2147483647  0  270  236  2147483647  0  52897  0  660802  3053171  3744  529  33077  31196  322  1857  6876520  
1441313912  4234809  0  15832978  65680  8137  0  5191  157  3422  3042  56333  2147483647  0  3968  0  0  0  211  133  2147483647  0  270  236  2147483647  0  52897  0  660802  3053171  3744  529  33077  31196  322  1857  6876520  
1441313913  4234809  0  15832978  65680  8137  0  5191  157  3422  3042  56333  2147483647  0  3968  0  0  0  211  133  2147483647  0  270  236  2147483647  0  52897  0  660802  3053171  3744  529  33077  31196  322  1857  6876520  
1441313913  4234809  0  15832978  65680  8137  0  5191  157  3422  3042  56333  2147483647  0  3968  0  0  0  211  133  2147483647  0  270  236  2147483647  0  52897  0  660802  3053171  3744  529  33077  31196  322  1857  6876520  
1441313914  4234809  0  15832978  65680  8137  0  5191  157  3422  3042  56333  2147483647  0  3968  0  0  0  211  133  2147483647  0  270  236  2147483647  0  52897  0  660802  3053171  3744  529  33077  31196  322  1857  6876520  
1441313914  4234809  0  15832978  65680  8137  0  5191  157  3422  3042  56333  2147483647  0  3968  0  0  0  211  133  2147483647  0  270  236  2147483647  0  52897  0  660802  3053171  3744  529  33077  31196  322  1857  6876520  
1441313915  4234809  0  15832978  65680  8137  0  5191  157  3422  3042  56333  2147483647  0  3968  0  0  0  211  133  2147483647  0  270  236  2147483647  0  52897  0  660802  3053171  3744  529  33077  31196  322  1857  6876520  
1441313915  4234809  0  15832978  65680  8137  0  5191  157  3422  3042  56333  2147483647  0  3968  0  0  0  211  133  2147483647  0  270  236  2147483647  0  52897  0  660802  3053171  3744  529  33077  31196  322  1857  6876520  
1441313916  4234809  0  15832978  65680  8137  0  5191  157  3422  3042  56333  2147483647  0  3968  0  0  0  211  133  2147483647  0  270  236  2147483647  0  52897  0  660802  3053171  3744  529  33077  31196  322  1857  6876520  
1441313916  4234809  0  15832978  65680  8137  0  5191  157  3422  3042  56333  2147483647  0  3968  0  0  0  211  133  2147483647  0  270  236  2147483647  0  52897  0  660802  3053171  3744  529  33077  31196  322  1857  6876520  
1441313917  4234809  0  15832978  65680  8137  0  5191  157  3422  3042  56333  2147483647  0  3968  0  0  0  211  133  2147483647  0  270  236  2147483647  0  52897  0  660802  3053171  3744  529  33077  31196  322  1857  6876520  
1441313917  4234809  0  18142287  65680  8137  0  5191  157  3832  3042  1811709  2147483647  0  3968  0  0  0  205  7317  2147483647  0  270  236  2147483647  0  52897  0  660802  3053171  4154  529  33077  31196  322  1857  7570865  
1441313918  4234809  0  18142287  65680  8137  0  5191  157  3832  3042  4141682  2147483647  0  7626  0  0  0  205  16368  2147483647  0  270  236  2147483647  0  52897  0  660802  3053171  4154  529  33077  31196  322  1857  7570865  
1441313918  4234809  0  18142287  65680  8137  0  5191  157  3832  3042  5994585  2147483647  0  7626  0  0  0  205  23822  2147483647  0  270  236  2147483647  0  52897  0  660802  3053171  4154  529  33077  31196  322  1857  7570865  
1441313919  4234809  0  18142287  65680  8137  0  5191  157  3832  3042  7966886  2147483647  0  7626  0  0  0  205  31592  2147483647  0  270  236  2147483647  0  52897  0  660802  3053171  4154  529  33077  31196  322  1857  7570865  
1441313919  4234809  0  18142287  65680  8137  0  5191  157  3832  3042  7966886  2147483647  0  7626  0  0  0  205  31592  2147483647  0  270  236  2147483647  0  52897  0  660802  3053171  4154  529  33077  31196  322  1857  7570865  
1441313920  4234809  0  18142287  65680  8137  0  5191  157  3832  3042  11086742  2147483647  0  7626  0  0  0  205  44261  2147483647  0  270  236  2147483647  0  52897  0  660802  3053171  4154  529  33077  31196  322  1857  7570865  
1441313920  4234809  0  18142287  65680  8137  0  5191  157  3832  3042  12996315  2147483647  0  7626  0  0  0  205  50105  2147483647  0  270  236  2147483647  0  52897  0  660802  3053171  4154  529  33077  31196  322  1857  7570865  
1441313921  4234809  0  18142287  65680  8137  0  5191  157  3832  3042  15674017  2147483647  0  7626  0  0  0  205  60778  2147483647  0  270  236  2147483647  0  52897  0  660802  3053171  4154  529  33077  31196  322  1857  7570865  
1441313921  4234809  0  18142287  65680  8137  0  5191  157  3832  3042  17695907  2147483647  0  8819  0  0  0  205  68036  2147483647  0  270  236  2147483647  0  52897  0  660802  3053171  4154  529  33077  31196  322  1857  7570865  
1441313922  4234809  0  18142287  65680  8137  0  5191  157  3832  3042  17695907  2147483647  0  8819  0  0  0  205  68036  2147483647  0  270  236  2147483647  0  52897  0  660802  3053171  4154  529  33077  31196  322  1857  7570865  
1441313922  4234809  0  21972343  70314  8137  0  5191  157  4585  3042  24935150  2147483647  0  8819  0  0  0  205  96622  2147483647  0  270  236  2147483647  0  52897  0  660802  3462624  4989  529  33077  31196  404  1857  8971641  
1441313923  4234809  0  21972343  70314  8137  0  5191  157  4585  3042  24935150  2147483647  0  8819  0  0  0  205  96622  2147483647  0  270  236  2147483647  0  52897  0  660802  3462624  4989  529  33077  31196  404  1857  8971641  
1441313923  4249395  0  21972343  70314  8137  0  5201  157  4585  3042  34460551  2147483647  0  12834  0  0  0  205  112581  2147483647  0  270  236  2147483647  0  52897  0  660802  3653632  5005  529  33077  31196  420  1857  9030478  
1441313924  4700759  0  21972343  70314  8137  0  5649  157  4585  3042  41603335  2147483647  0  13113  0  0  0  205  119981  2147483647  0  270  236  2147483647  0  52897  0  660802  3697931  5007  529  33077  31196  422  1857  9038802  
1441313924  7321369  0  24430837  70314  10726  0  8273  157  4743  3042  46581090  2147483647  0  13346  0  0  0  205  125315  2147483647  0  270  236  2147483647  0  52897  0  660802  3697931  5165  529  33077  31196  422  1857  9608793  
1441313925  9056645  0  26086501  70314  11640  0  10086  157  4872  3042  49045149  2147483647  0  13346  0  0  0  205  128101  2147483647  0  270  236  2147483647  0  52897  0  660802  3697931  5294  529  33077  31196  422  1857  9964415  
1441313926  9056645  0  26086501  70314  11640  0  10086  157  4872  3042  49045149  2147483647  0  13346  0  0  0  205  128101  2147483647  0  270  236  2147483647  0  52897  0  660802  3697931  5294  529  33077  31196  422  1857  9964415  
1441313926  11500006  0  28683559  70314  11640  0  12390  157  5058  3042  53284941  2147483647  0  13346  0  0  0  205  132655  2147483647  0  271  236  2147483647  0  52897  0  663096  3697931  5480  529  33077  31196  422  1857  10608412  
1441313927  14869556  0  32484759  70314  11640  0  15524  157  5346  3042  58295461  2147483647  0  14555  0  0  0  205  138259  2147483647  0  271  236  2147483647  0  52897  0  663096  3697931  5768  529  33077  31196  422  1857  11510035  
1441313927  18257467  0  36970309  70314  11640  0  18778  157  5672  3042  63571440  2147483647  0  14555  0  0  0  205  144134  2147483647  0  273  236  2147483647  0  52897  0  669730  3697931  6094  529  33077  31196  422  1857  12472359  
1441313928  19785535  0  43309817  70314  11640  0  20015  157  6098  3042  68696747  2147483647  0  14555  0  0  0  205  150115  2147483647  0  274  236  2147483647  0  52897  0  672815  3697931  6520  529  33077  31196  422  1857  13995184  
1441313928  21622928  0  45166971  82755  11640  0  21612  157  6191  3042  72550692  2147483647  0  14555  0  0  0  205  153914  2147483647  0  274  236  2147483647  0  52897  0  672815  3697931  6613  529  33077  31196  422  1857  14317370  
1441313929  23011607  0  46698544  82755  11640  0  22839  157  6285  3042  76456939  2147483647  0  14555  0  0  0  205  158062  2147483647  0  276  236  2147483647  0  52897  0  677961  3697931  6707  529  33077  31196  422  1857  14674791  
1441313929  23011607  0  46698544  82755  11640  0  22839  157  6285  3042  76456939  2147483647  0  14555  0  0  0  205  158062  2147483647  0  276  236  2147483647  0  52897  0  677961  3697931  6707  529  33077  31196  422  1857  14674791  
1441313930  23423422  0  46698544  82755  11640  0  23327  157  6285  3042  80328040  2147483647  0  14555  0  0  0  205  162399  2147483647  0  277  236  2147483647  0  52897  0  680983  3697931  6707  529  33077  31196  422  1857  14674791  
1441313930  26045056  0  66048592  82755  11640  0  25657  157  7570  3042  84732105  2147483647  0  14555  0  0  0  205  166902  2147483647  0  278  236  2147483647  0  52897  0  684782  3697931  7992  529  33077  31196  422  1857  19341579  
1441313931  28679118  0  97327658  82755  11640  0  28201  157  9665  3042  86415007  2147483647  0  14555  0  0  0  205  168693  2147483647  0  279  236  2147483647  0  52897  0  688223  3697931  10087  529  33077  31196  422  1857  26799387  
1441313931  32262192  0  145872033  82755  12632  0  31463  157  13220  3042  88323920  2147483647  0  14555  0  0  0  205  170534  2147483647  0  280  236  2147483647  0  52897  0  691943  3735829  13646  529  33077  31196  426  1857  37757139  
1441313932  35490188  0  173094802  82755  12632  0  34210  157  15082  3042  94017531  2147483647  0  14555  0  0  0  205  176263  2147483647  0  284  236  2147483647  0  52897  0  703646  3735829  15508  529  33077  31196  426  1857  43989473  
1441313933  38987155  0  230868040  82755  12632  0  37673  157  19084  3042  96898631  2147483647  0  14555  0  0  0  205  178999  2147483647  0  286  236  2147483647  0  52897  0  709769  3735829  19510  529  33077  31196  426  1857  57447028  
1441313934  42472338  0  311057540  82755  12632  0  40715  157  23694  3042  101743851  2147483647  0  14880  0  0  0  205  184603  2147483647  0  288  236  2147483647  0  52897  0  717922  3735829  24120  529  33077  31196  426  1857  74065667  
1441313934  44076597  0  321141831  82755  12632  0  42049  157  24294  3042  106784990  2147483647  0  14880  0  0  0  205  190035  2147483647  0  290  236  2147483647  0  5538320  0  8459480  3847615  24729  529  33077  31196  435  1857  76058634  
1441313935  44608901  0  348987391  82755  12632  0  42529  157  26224  3042  111203408  2147483647  0  14880  0  0  0  205  194887  2147483647  0  292  236  2147483647  0  11580035  0  20040926  3847615  26659  529  33077  31196  435  1857  81487234  
1441313935  46144468  0  400758198  82755  12632  0  44033  157  29600  3042  112785121  2147483647  0  14880  0  0  0  205  196525  2147483647  0  292  236  2147483647  0  11580035  0  20040926  3847615  30035  529  33077  31196  435  1857  90751258  
1441313936  48103345  0  421640403  82755  12632  0  45921  157  30749  3042  114574117  2147483647  0  14880  0  0  0  205  198499  2147483647  0  293  236  2147483647  0  11580035  0  20043530  4822621  31327  529  33077  31196  578  1857  94592086  
1441313936  50833538  0  438487784  82755  12632  0  48584  157  31848  3042  115915824  2147483647  0  14880  0  0  0  205  200036  2147483647  0  293  236  2147483647  0  11580035  0  20043530  4822621  32426  529  33077  31196  578  1857  97782016  
1441313937  50833538  0  438487784  82755  12632  0  48584  157  31848  3042  115915824  2147483647  0  14880  0  0  0  205  200036  2147483647  0  293  236  2147483647  0  11580035  0  20043530  4822621  32426  529  33077  31196  578  1857  97782016  
1441313937  57044784  0  474102524  82755  12632  0  54372  157  33963  3042  119172205  2147483647  0  14880  0  0  0  205  203582  2147483647  0  293  236  2147483647  0  11580035  0  20043530  4822621  34541  529  33077  31196  578  1857  104148157  
1441313938  58448582  0  523983964  82755  12632  0  55812  157  37396  3042  125769031  2147483647  0  14880  0  0  0  205  213181  2147483647  0  304  236  2147483647  0  11580035  0  22701728  11229146  39561  323  33077  31196  2165  1437  116282473  
1441313938  59157499  0  543150989  82755  12632  0  56616  157  38745  3042  128978269  2147483647  0  14880  0  0  0  205  216704  2147483647  0  304  236  2147483647  0  11580035  0  22701728  11543347  40935  323  33480  31196  2190  1437  119992266  
1441313939  60069747  0  568589611  82755  12632  0  57462  157  40026  3042  134219874  2147483647  0  14880  0  0  0  205  222171  2147483647  0  306  236  2147483647  0  11580035  0  22706580  11635153  42225  323  33480  31196  2199  1437  123578106  
1441313939  61921384  0  579756725  82755  12632  0  59222  157  40609  3042  137701822  2147483647  0  14880  0  0  0  205  226077  2147483647  0  306  236  2147483647  0  11580035  0  22706580  11635153  42808  323  33480  31196  2199  1437  124993572  
1441313940  63572259  0  610469506  82755  12632  0  60854  157  42484  3042  141402140  2147483647  0  15004  0  0  0  205  229874  2147483647  0  307  236  2147483647  0  11580035  0  25631523  11663673  44684  323  33480  31196  2200  1437  130489555  
1441313940  63572259  0  610469506  82755  12632  0  60854  157  42484  3042  141402140  2147483647  0  15004  0  0  0  205  229874  2147483647  0  307  236  2147483647  0  11580035  0  25631523  11663673  44684  323  33480  31196  2200  1437  130489555  
1441313941  66565911  0  721416693  82755  12632  0  63798  157  50797  3042  142315743  2147483647  0  15004  0  0  0  205  230883  2147483647  0  308  236  2147483647  0  11580035  0  25632497  44412191  57441  323  33480  31196  6644  1437  163578779  
1441313941  68879657  0  759419890  82755  12632  0  65942  157  52834  3042  143730692  2147483647  0  15004  0  0  0  205  232497  2147483647  0  308  236  2147483647  0  11580035  0  25632497  44412191  59478  323  33480  31196  6644  1437  170163869  
1441313942  72536389  0  783798727  82755  12632  0  69206  157  54189  3042  147874760  2147483647  0  15252  0  0  0  205  236839  2147483647  0  308  236  2147483647  0  11580035  0  25632497  44478485  60837  323  33480  31196  6648  1437  173795794  
1441313942  75771117  0  819479859  82755  12632  0  72131  157  56102  3042  150786280  2147483647  0  15252  0  0  0  205  239927  2147483647  0  308  236  2147483647  0  11580035  0  25632497  44478485  62750  323  33480  31196  6648  1437  180374918  
1441313943  79069527  0  838117047  82755  16864  0  74883  157  57003  3042  155093822  2147483647  0  15252  0  0  0  205  244381  2147483647  0  310  236  2147483647  0  11580035  0  25639208  44478485  63651  323  33480  31196  6648  1437  183129825  
1441313943  81667341  0  856785203  82755  16864  0  77388  157  58116  3042  159585014  2147483647  0  15252  0  0  0  205  249310  2147483647  0  312  236  2147483647  0  11580035  0  28851521  44647342  64780  323  33480  31196  6664  1437  186513648  
1441313944  81667341  0  856785203  82755  16864  0  77388  157  58116  3042  159585014  2147483647  0  15252  0  0  0  205  249310  2147483647  0  312  236  2147483647  0  11580035  0  28851521  44647342  64780  323  33480  31196  6664  1437  186513648  
1441313944  84138672  0  891979862  82755  16864  0  79556  157  60164  3042  163625227  2147483647  0  15252  0  0  0  205  253514  2147483647  0  314  236  2147483647  0  11580035  0  35939523  44647342  66828  323  33480  31196  6664  1437  192452777  
1441313945  84675838  0  978989113  82755  16864  0  80260  157  67007  3042  166193481  2147483647  0  15252  0  0  0  205  256284  2147483647  0  315  236  2147483647  0  11580035  0  36188391  72238134  77461  323  41191  31196  10454  1437  219979839  
1441313945  86481151  0  1008266375  82755  16864  0  82244  157  68585  3042  169439272  2147483647  0  15252  0  0  0  205  259981  2147483647  0  317  236  2147483647  0  11580035  0  36578508  77169962  79801  323  41191  31196  11216  1437  225948563  
1441313946  89253046  0  1052269165  82755  16864  0  84900  157  71110  3042  172390789  2147483647  0  15252  0  0  0  205  263079  2147483647  0  320  236  2147483647  0  11580035  0  36590241  77169962  82326  323  41191  31196  11216  1437  232377671  
1441313946  94395515  0  1126793983  82755  37306  0  89444  157  75471  3042  176257501  2147483647  0  15252  0  0  0  205  267127  2147483647  0  320  236  2147483647  0  11580035  0  36590241  77169962  86687  323  41191  31196  11216  1437  245050138  
1441313947  98051978  0  1180589221  82755  37306  0  92740  157  78547  3042  178852361  2147483647  0  15252  0  0  0  205  269735  2147483647  0  320  236  2147483647  0  11580035  0  36590241  77169962  89763  323  41191  31196  11216  1437  253700966  
1441313947  98051978  0  1180589221  82755  37306  0  92740  157  78547  3042  178852361  2147483647  0  15252  0  0  0  205  269735  2147483647  0  320  236  2147483647  0  11580035  0  36590241  77169962  89763  323  41191  31196  11216  1437  253700966  
1441313948  99380316  0  1188356894  82755  37306  0  94432  157  79000  3042  179976025  2147483647  0  15252  0  0  0  205  271702  2147483647  0  324  236  2147483647  0  11580035  0  36594499  77191378  90221  323  41191  31196  11221  1437  254778612  
1441313948  100322886  0  1238895174  82755  37306  0  95520  157  81846  3042  183484354  2147483647  0  15252  0  0  0  205  275363  2147483647  0  324  236  2147483647  0  11580035  0  36594499  77191378  93067  323  41191  31196  11221  1437  263071230  
1441313949  102638084  0  1267131664  82755  37306  0  97888  157  83504  3042  188144732  2147483647  0  15252  0  0  0  205  280614  2147483647  0  324  236  2147483647  0  11580035  0  36594499  77191378  94725  323  41191  31196  11221  1437  267574704  
1441313949  103418969  0  1322133407  82755  37306  0  98563  157  88082  3042  189248034  2147483647  0  15252  0  0  0  205  283770  2147483647  0  325  236  2147483647  0  11580035  0  36884251  96102308  103766  323  41191  31196  15684  1437  288043644  
1441313950  105467125  0  1402310295  82755  37306  0  100387  157  92367  3042  192639829  2147483647  0  15252  0  0  0  205  287857  2147483647  0  327  236  2147483647  0  11580035  0  36890219  99355826  108770  323  41191  31196  16403  1437  300553811  
1441313951  107608051  0  1449785767  82755  37306  0  102371  157  94992  3042  195479340  2147483647  0  15252  0  0  0  205  290950  2147483647  0  327  236  2147483647  0  11580035  0  36890219  99355826  111395  323  41191  31196  16403  1437  306708899  
1441313951  107608051  0  1449785767  82755  37306  0  102371  157  94992  3042  195479340  2147483647  0  15252  0  0  0  205  290950  2147483647  0  327  236  2147483647  0  11580035  0  36890219  99355826  111395  323  41191  31196  16403  1437  306708899  
1441313952  109853694  0  1502005947  82755  37306  0  104502  157  97845  3042  198112384  2147483647  0  15252  0  0  0  205  293898  2147483647  0  330  236  2147483647  0  11580035  0  42024695  110003216  115214  323  41191  31196  17369  1437  317128600  
1441313952  112764460  0  1554929896  82755  37306  0  107510  157  100901  3042  200854716  2147483647  0  15252  0  0  0  205  297439  2147483647  0  331  236  2147483647  0  11580035  0  42026383  114007219  119064  323  41191  31196  18163  1437  325813014  
1441313953  115486019  0  1574643750  82755  37306  0  110012  157  101870  3042  204364725  2147483647  0  15252  0  0  0  205  300997  2147483647  0  331  236  2147483647  0  11580035  0  42026383  114007219  120033  323  41191  31196  18163  1437  328604429  
1441313953  117166430  0  1601536608  82755  37306  0  111383  157  103249  3042  209592658  2147483647  0  15252  0  0  0  205  306161  2147483647  0  336  236  2147483647  0  11580035  0  48244007  114007219  121412  323  41191  31196  18163  1437  332574469  
1441313954  117166430  0  1626264545  82755  37306  0  111383  157  104497  3042  212325693  2147483647  0  15252  0  0  0  205  309405  2147483647  0  336  236  2147483647  0  11580035  0  48244007  114007219  122660  323  41191  31196  18163  1437  336210710  
1441313954  117945040  0  1701820780  82755  37306  0  112119  157  109518  3042  213305947  2147483647  0  15252  0  0  0  205  310770  2147483647  0  336  236  2147483647  0  11580035  0  48244007  114007219  127681  323  41191  31196  18163  1437  354509349  
1441313955  117945040  0  1701820780  82755  37306  0  112119  157  109518  3042  213305947  2147483647  0  15252  0  0  0  205  310770  2147483647  0  336  236  2147483647  0  11580035  0  48244007  114007219  127681  323  41191  31196  18163  1437  354509349  
1441313955  119931248  0  1737202629  82755  37306  0  113920  157  111897  3042  218072689  2147483647  0  15252  0  0  0  205  316892  2147483647  0  341  236  2147483647  0  11580035  0  50281210  128324319  133855  275  41191  31196  21958  1282  364072490  
1441313956  121077048  0  1768183699  82755  37306  0  115072  157  113616  3042  221268376  2147483647  0  15252  0  0  0  205  320169  2147483647  0  341  236  2147483647  0  11580035  0  50281210  128324319  135574  275  41191  31196  21958  1282  369142083  
1441313956  122722680  0  1822151974  82755  37306  0  116675  157  117191  3042  223015492  2147483647  0  16058  0  0  0  205  322086  2147483647  0  344  236  2147483647  0  11580035  0  52023843  128324319  139149  275  41191  31196  21958  1282  379454813  
1441313957  125213654  0  1875192203  82755  37306  0  119084  157  120298  3042  225676146  2147483647  0  16058  0  0  0  205  324908  2147483647  0  345  236  2147483647  0  11580035  0  52027671  140683057  143363  275  41191  31196  23065  1282  392431453  
1441313957  126311249  0  1900943357  82755  37306  0  120204  157  121755  3042  227725735  2147483647  0  16058  0  0  0  205  326993  2147483647  0  345  236  2147483647  0  11580035  0  52027671  140683057  144820  275  41191  31196  23065  1282  397598879  
1441313958  128211072  0  1924547716  82755  37306  0  121995  157  123912  3042  231819168  2147483647  0  31212  0  0  0  205  336841  2147483647  0  354  236  2147483647  0  11580035  0  59307880  155282397  150972  275  41191  31196  27060  1282  408079081  
1441313958  128211072  0  1924547716  82755  37306  0  121995  157  123912  3042  231819168  2147483647  0  31212  0  0  0  205  336841  2147483647  0  354  236  2147483647  0  11580035  0  59307880  155282397  150972  275  41191  31196  27060  1282  408079081  
1441313959  128977330  0  1961544846  82755  37306  0  122735  157  126639  3042  238988950  2147483647  0  31212  0  0  0  205  345498  2147483647  0  354  236  2147483647  0  11580035  0  59307880  192327181  158142  275  41191  31196  31503  1282  427690076  
1441313959  129745959  0  2010376811  82755  37306  0  123439  157  129776  3042  241566277  2147483647  0  31212  0  0  0  205  347909  2147483647  0  354  236  2147483647  0  11580035  0  59307880  192327181  161279  275  41191  31196  31503  1282  435654207  
1441313960  131269493  0  2040850868  82755  37306  0  124719  157  131660  3042  246313972  2147483647  0  31212  0  0  0  205  353002  2147483647  0  357  236  2147483647  0  11580035  0  59320466  201070097  163967  275  41191  31196  32307  1282  443796744  
1441313960  133512832  0  2084624246  82755  37306  0  126639  157  134264  3042  249960100  2147483647  0  31212  0  0  0  205  356743  2147483647  0  357  236  2147483647  0  11580035  0  59320466  201070097  166571  275  41191  31196  32307  1282  451542711  
1441313961  133762940  0  2167012565  82755  37306  0  127044  157  140833  3042  252653229  2147483647  0  31212  0  0  0  205  361464  2147483647  0  358  236  2147483647  0  11580035  0  59321800  222495024  179073  275  41976  31196  38240  1282  473952033  
1441313961  134525322  0  2220298385  82755  37306  0  127830  157  144952  3042  256324668  2147483647  0  31212  0  0  0  205  366788  2147483647  0  361  236  2147483647  0  11580035  0  69024088  258380724  189029  275  41976  31196  44077  1282  496537051  
1441313962  134525322  0  2220298385  82755  37306  0  127830  157  144952  3042  256324668  2147483647  0  31212  0  0  0  205  366788  2147483647  0  361  236  2147483647  0  11580035  0  69024088  258380724  189029  275  41976  31196  44077  1282  496537051  
1441313962  135773457  0  2263905454  82755  37306  0  129110  157  147807  3042  259150699  2147483647  0  31212  0  0  0  205  369878  2147483647  0  362  236  2147483647  0  11580035  0  69028102  263140391  192656  275  41976  31196  44849  1282  507990318  
1441313963  137476478  0  2271330077  82755  37306  0  130614  157  148184  3042  265739150  2147483647  0  31212  0  0  0  205  376928  2147483647  0  364  236  2147483647  0  11580035  0  69033356  278539152  195338  275  41976  31196  47154  1282  512855459  
1441313963  139446500  0  2279726831  82755  37306  0  132320  157  148752  3042  270647144  2147483647  0  31212  0  0  0  205  382378  2147483647  0  368  236  2147483647  0  11580035  0  69045942  278539152  195906  275  41976  31196  47154  1282  514185607  
1441313964  139776699  0  2318689698  82755  37306  0  132672  157  151225  3042  275932241  2147483647  0  31212  0  0  0  205  388052  2147483647  0  372  236  2147483647  0  11580035  0  77076362  290816321  199487  275  41976  31196  48262  1282  525663353  
1441313964  141026468  0  2385045900  82755  37306  0  133696  157  154792  3042  278803302  2147483647  0  31212  0  0  0  205  390975  2147483647  0  373  236  2147483647  0  11580035  0  84270826  290816321  203054  275  41976  31196  48262  1282  534161815  
1441313965  141442651  0  2475687646  91667  37306  0  134144  157  160868  3042  281382856  2147483647  0  31212  0  0  0  205  393986  2147483647  0  375  236  2147483647  0  11580035  0  84272144  305605317  211178  275  42910  40321  50310  1282  555969407  
1441313965  141442651  0  2475687646  91667  37306  0  134144  157  160868  3042  281382856  2147483647  0  31212  0  0  0  205  393986  2147483647  0  375  236  2147483647  0  11580035  0  84272144  305605317  211178  275  42910  40321  50310  1282  555969407  
1441313966  143515232  0  2557522842  91667  37306  0  136384  157  166331  3042  284411106  2147483647  0  31212  0  0  0  205  397792  2147483647  0  377  236  2147483647  0  11580035  0  84275132  314347658  218762  275  42910  40321  52431  1282  571007289  
1441313966  144106530  0  2587272126  91667  37306  0  137156  157  168022  3042  286057675  2147483647  0  31212  0  0  0  205  400033  2147483647  0  379  236  2147483647  0  11580035  0  84599612  314347658  220453  275  42910  40321  52431  1282  574703259  
1441313967  144416976  0  2626407168  91667  37306  0  137476  157  170242  3042  295107109  2147483647  0  31212  0  0  0  205  409041  2147483647  0  381  236  2147483647  0  11580035  0  84603751  328265255  224725  275  42910  40321  54483  1282  583481106  
1441313967  145340672  0  2678275636  91667  37306  0  138372  157  173097  3042  299195888  2147483647  0  31212  0  0  0  205  413509  2147483647  0  381  236  2147483647  0  11580035  0  84603751  328494407  227599  275  42910  40321  54502  1282  591422400  
1441313968  146339020  0  2682553664  91667  37306  0  139332  157  173284  3042  304272104  2147483647  0  31212  0  0  0  205  418965  2147483647  0  382  236  2147483647  0  11580035  0  84607517  330854633  228120  275  42910  40321  54836  1282  592529024  
1441313969  149043633  0  2727630501  91667  37306  0  141627  157  176697  3042  308555564  2147483647  0  31212  0  0  0  205  426098  2147483647  0  388  236  2147483647  0  11580035  0  88829396  366865254  236818  275  44948  40321  60121  1282  612710225  
1441313969  149043633  0  2727630501  91667  37306  0  141627  157  176697  3042  308555564  2147483647  0  31212  0  0  0  205  426098  2147483647  0  388  236  2147483647  0  11580035  0  88829396  366865254  236818  275  44948  40321  60121  1282  612710225  
1441313970  150052120  0  2807444189  91667  37306  0  142972  157  182912  3042  315614302  2147483647  0  31212  0  0  0  205  434985  2147483647  0  392  236  2147483647  0  11580035  0  91989970  426101049  252816  275  44948  40321  69904  1282  649524299  
1441313970  151060337  0  2839139717  91667  37306  0  144092  157  185410  3042  319820787  2147483647  0  31212  0  0  0  205  441332  2147483647  0  394  236  2147483647  0  11580035  0  91991382  449368602  258318  275  44948  40321  72908  1282  662507959  
1441313971  152580401  0  2852782887  91667  37306  0  145468  157  186291  3042  325363648  2147483647  0  31212  0  0  0  205  447106  2147483647  0  396  236  2147483647  0  11580035  0  93189702  449368602  259199  275  44948  40321  72908  1282  665038135  
1441313971  155701020  0  2899794439  91667  37306  0  148284  157  189030  3042  331202174  2147483647  0  31212  0  0  0  205  453127  2147483647  0  399  236  2147483647  0  11580035  0  93197158  458665422  262962  275  44948  40321  73932  1282  675897252  
1441313972  156376340  0  2960558848  91667  37306  0  148847  157  193082  3042  332192418  2147483647  0  31212  0  0  0  205  454093  2147483647  0  401  236  2147483647  0  11580035  0  93203109  458665422  267014  275  44948  41204  73932  1282  689303286  
1441313972  157312703  0  3031604880  91667  37306  0  149583  157  196763  3042  334764606  2147483647  0  31212  0  0  0  205  456658  2147483647  0  403  236  2147483647  0  11580035  0  93208704  458665422  270695  275  44948  41204  73932  1282  697900431  
1441313973  157312703  0  3031604880  91667  37306  0  149583  157  196763  3042  334764606  2147483647  0  31212  0  0  0  205  456658  2147483647  0  403  236  2147483647  0  11580035  0  93208704  458665422  270695  275  44948  41204  73932  1282  697900431  
1441313973  157857176  0  3079349228  91667  37306  0  150191  157  200061  3042  338237806  2147483647  0  31212  0  0  0  205  460242  2147483647  0  405  236  2147483647  0  11580035  0  93212749  467465831  274787  275  44948  41204  74726  1282  710089297  
1441313974  158340321  0  3158387698  124542  37306  0  150560  157  205795  3042  339845194  2147483647  0  31212  0  0  0  205  463264  2147483647  0  407  236  2147483647  0  11580035  0  93777486  479118994  283844  257  44948  41204  78049  1267  726485929  
1441313974  158896039  0  3197347375  124542  37306  0  151145  157  209505  3042  341580889  2147483647  0  31212  0  0  0  205  466406  2147483647  0  410  236  2147483647  0  11580035  0  96288277  491326013  290925  257  44948  41204  81420  1252  739250954  
1441313975  159485851  0  3208292266  124542  37306  0  151657  157  210232  3042  348323261  2147483647  0  31212  0  0  0  205  473780  2147483647  0  414  236  2147483647  0  11580035  0  96297019  494780293  292167  257  44948  41204  81935  1252  741865221  
1441313975  160066966  0  3253984244  124542  37306  0  152201  157  212877  3042  351085476  2147483647  0  31212  0  0  0  205  476793  2147483647  0  414  236  2147483647  0  11580035  0  96297019  494780293  294812  257  44948  41204  81935  1252  748958573  
1441313976  160203254  0  3289871062  124542  37306  0  152329  157  214770  3042  354360648  2147483647  0  31212  0  0  0  205  480173  2147483647  0  414  236  2147483647  0  11580035  0  96297019  494780293  296705  257  44948  41204  81935  1252  753891920  
1441313976  160203254  0  3289871062  124542  37306  0  152329  157  214770  3042  354360648  2147483647  0  31212  0  0  0  205  480173  2147483647  0  414  236  2147483647  0  11580035  0  96297019  494780293  296705  257  44948  41204  81935  1252  753891920  
1441313977  161348556  0  3301171829  124542  37306  0  153545  157  215725  3042  358762170  2147483647  0  31212  0  0  0  205  486614  2147483647  0  417  236  2147483647  0  11580035  0  96299358  500257057  299196  257  44948  41204  83471  1252  758438340  
1441313977  163282067  0  3324903748  124542  37306  0  155599  157  217663  3042  362071874  2147483647  0  31212  0  0  0  205  492406  2147483647  0  419  236  2147483647  0  11580035  0  96300655  512228463  304138  257  44948  41204  86475  1252  769061069  
1441313978  165882207  0  3357289281  124542  37306  0  158095  157  219748  3042  364889040  2147483647  0  31212  0  0  0  205  495393  2147483647  0  420  236  2147483647  0  11580035  0  99282514  512228463  306223  257  44948  41204  86475  1252  773998524  
1441313978  169290546  0  3398189718  124542  49662  0  161039  157  221611  3042  367973839  2147483647  0  31212  0  0  0  205  498578  2147483647  0  420  236  2147483647  0  11580035  0  99282514  512228463  308086  257  44948  41204  86475  1252  778834351  
1441313979  172344298  0  3492025059  124542  49662  0  163983  157  227335  3042  371941671  2147483647  0  31212  0  0  0  205  505821  2147483647  0  425  236  2147483647  0  11580035  0  100506155  554465783  320378  257  44948  41204  93043  1252  807788931  
1441313979  176511491  0  3496985080  124542  49662  0  167567  157  227623  3042  375675552  2147483647  0  31212  0  0  0  205  509978  2147483647  0  425  236  2147483647  0  11580035  0  100506155  554465783  320666  257  44948  41204  93043  1252  808595502  
1441313980  176511491  0  3496985080  124542  49662  0  167567  157  227623  3042  375675552  2147483647  0  31212  0  0  0  205  509978  2147483647  0  425  236  2147483647  0  11580035  0  100506155  554465783  320666  257  44948  41204  93043  1252  808595502  
1441313980  179424986  0  3518923041  124542  49662  0  170639  157  228894  3042  381603952  2147483647  0  31212  0  0  0  205  516431  2147483647  0  425  236  2147483647  0  11580035  0  100506155  554465783  321937  257  44948  41204  93043  1252  811615704  
1441313981  183230806  0  3560771762  124542  49662  0  174063  157  231309  3042  385446910  2147483647  0  31212  0  0  0  205  520433  2147483647  0  426  236  2147483647  0  11580035  0  102952024  554465783  324352  257  44948  41204  93043  1252  817879491  
1441313981  185540065  0  3609385746  124542  49662  0  176112  157  234582  3042  386490347  2147483647  0  31212  0  0  0  205  521639  2147483647  0  426  236  2147483647  0  11580035  0  102952024  554465783  327625  257  44948  41204  93043  1252  828990120  
1441313982  187969252  0  3678231419  124542  49662  0  178582  157  240443  3042  389972777  2147483647  0  31212  0  0  0  205  528252  2147483647  0  429  236  2147483647  0  11580035  0  103878004  584327047  341584  257  44948  41204  101141  1252  849013362  
1441313982  191354844  0  3799962554  124542  49662  0  182003  157  249617  3042  393003053  2147483647  0  31212  0  0  0  205  531577  2147483647  0  432  236  2147483647  0  11580035  0  106182583  625188426  356856  257  44948  41204  107239  1252  885709086  
1441313983  195088121  0  3863894303  124542  49662  0  185203  157  253449  3042  394702650  2147483647  0  48221  0  0  0  205  533191  2147483647  0  432  236  2147483647  0  11580035  0  106182583  625188426  360688  257  44948  41204  107239  1252  895593188  
1441313983  195088121  0  3863894303  124542  49662  0  185203  157  253449  3042  394702650  2147483647  0  48221  0  0  0  205  533191  2147483647  0  432  236  2147483647  0  11580035  0  106182583  625188426  360688  257  44948  41204  107239  1252  895593188  
1441313984  198257901  0  3919807231  124542  49662  0  188179  157  256797  3042  397670292  2147483647  0  48221  0  0  0  205  536503  2147483647  0  434  236  2147483647  0  11580035  0  107699956  625188426  364036  257  44948  41204  107239  1252  903731580  
1441313984  200961028  0  3979409965  124542  49662  0  190835  157  260101  3042  399071847  2147483647  0  48221  0  0  0  205  538054  2147483647  0  434  236  2147483647  0  11580035  0  107699956  625188426  367340  257  44948  41204  107239  1252  912077846  
1441313985  203750138  0  4016713147  125364  49662  0  193175  157  262503  3042  400521456  2147483647  0  48221  0  0  0  205  539550  2147483647  0  438  236  2147483647  0  11580035  0  114794012  625188426  369742  257  44948  41204  107239  1252  917756841  
1441313985  205877718  0  4147523202  125364  49662  0  195139  157  271538  3042  402238095  2147483647  0  48221  0  0  0  205  541369  2147483647  0  441  236  2147483647  0  11580035  0  126206456  648086334  382961  257  44948  41204  111423  1252  948685040  
1441313986  207501291  0  4260698160  125364  49662  0  197187  157  279881  3042  404710514  2147483647  0  48221  0  0  0  205  544463  2147483647  0  441  236  2147483647  0  11580035  0  126206456  673616749  395910  257  44948  41204  116029  1252  977870182  
1441313986  211190259  0  4338358807  125364  49662  0  200324  157  284166  3042  408356823  2147483647  0  48221  0  0  0  205  548143  2147483647  0  443  236  2147483647  0  11580035  0  126211726  681974599  401475  257  44948  41204  117309  1252  991980315  
1441313987  211190259  0  4338358807  125364  49662  0  200324  157  284166  3042  408356823  2147483647  0  48221  0  0  0  205  548143  2147483647  0  443  236  2147483647  0  11580035  0  126211726  681974599  401475  257  44948  41204  117309  1252  991980315  
1441313987  213318043  0  4403949244  125364  49662  0  202564  157  288562  3042  412623126  2147483647  0  48221  0  0  0  205  554198  2147483647  0  446  236  2147483647  0  11580035  0  126217401  710870843  410318  257  44948  41204  121756  1252  1012140474  
1441313988  216747636  0  4476015447  125364  49662  0  205732  157  292423  3042  414803745  2147483647  0  48221  0  0  0  205  556612  2147483647  0  446  236  2147483647  0  11580035  0  126217401  710870843  414179  257  44948  41204  121756  1252  1021759483  
1441313988  220127992  0  4523398030  125364  49662  0  208843  157  295178  3042  417714124  2147483647  0  48221  0  0  0  205  559593  2147483647  0  447  236  2147483647  0  11580035  0  126220547  710870843  416934  257  44948  41204  121756  1252  1029641538  
1441313989  221847557  0  4591642252  125364  49662  0  210477  157  299887  3042  419508352  2147483647  0  48221  0  0  0  205  561396  2147483647  0  447  236  2147483647  0  11580035  0  126220547  722033192  423694  257  44948  41204  123807  1252  1043249695  
1441313989  223395840  0  4655547688  125364  49662  0  212077  157  304688  3042  420585725  2147483647  0  48221  0  0  0  205  562553  2147483647  0  448  236  2147483647  0  11580035  0  126680152  740020296  430966  257  44948  41204  126278  1252  1060166907  
1441313990  225360843  0  4672829490  125364  49662  0  214050  157  305696  3042  424833333  2147483647  0  48221  0  0  0  205  567420  2147483647  0  453  236  2147483647  0  11580035  0  130554584  740020296  431974  257  44948  41204  126278  1252  1062706248  
1441313990  225360843  0  4672829490  125364  49662  0  214050  157  305696  3042  424833333  2147483647  0  48221  0  0  0  205  567420  2147483647  0  453  236  2147483647  0  11580035  0  130554584  740020296  431974  257  44948  41204  126278  1252  1062706248  
1441313991  226555987  0  4742087786  125364  49662  0  215490  157  311230  3042  429129168  2147483647  0  48221  0  0  0  205  574640  2147483647  0  456  236  2147483647  0  11580035  0  130651588  759168977  442628  257  44948  41204  131398  1252  1081162084  
1441313991  229328376  0  4807241633  125364  49662  0  218082  157  315758  3042  429657633  2147483647  0  48221  0  0  0  205  575318  2147483647  0  456  236  2147483647  0  11580035  0  130651588  759168977  447156  257  44948  41204  131398  1252  1096949657  
1441313992  232397344  0  4888321657  125364  49662  0  220899  157  320502  3042  432415390  2147483647  0  48221  0  0  0  205  578513  2147483647  0  458  236  2147483647  0  11580035  0  137765700  783391167  455282  251  44948  41204  134780  1252  1115818392  
1441313992  232679231  0  4916848075  125364  49662  0  221123  157  322109  3042  434682046  2147483647  0  48221  0  0  0  205  581112  2147483647  0  460  236  2147483647  0  11580035  0  145989643  783391167  456889  251  44948  41204  134780  1252  1119776121  
1441313993  234708889  0  4951344057  125364  49662  0  222972  157  324217  3042  437489317  2147483647  0  48221  0  0  0  205  584048  2147483647  0  462  236  2147483647  0  11580035  0  155517881  783391167  458997  251  44948  41204  134780  1252  1124896864  
1441313994  236755919  0  5033593291  125364  49662  0  224733  157  328897  3042  440482124  2147483647  0  48221  0  0  0  205  587178  2147483647  0  464  236  2147483647  0  11580035  0  155522422  799137038  465477  251  44948  41204  136580  1252  1145331025  
1441313994  236755919  0  5033593291  125364  49662  0  224733  157  328897  3042  440482124  2147483647  0  48221  0  0  0  205  587178  2147483647  0  464  236  2147483647  0  11580035  0  155522422  799137038  465477  251  44948  41204  136580  1252  1145331025  
1441313995  239134930  0  5124019558  125364  49662  0  227165  157  334358  3042  446243220  2147483647  0  48221  0  0  0  205  594853  2147483647  0  469  236  2147483647  0  11580035  0  155945284  829438944  475875  251  44948  41204  141517  1252  1169910480  
1441313995  240613551  0  5175844712  125364  49662  0  228454  157  337670  3042  449038575  2147483647  0  48221  0  0  0  205  597943  2147483647  0  469  236  2147483647  0  11580035  0  155945284  841604286  480269  251  44948  41204  142599  1252  1182603227  
1441313996  241194543  0  5221325333  125364  49662  0  229076  157  340970  3042  451938423  2147483647  0  48221  0  0  0  205  602720  2147483647  0  474  236  2147483647  0  11580035  0  155953040  869988005  486969  251  44948  41204  145999  1252  1200038068  
1441313996  242796636  0  5327585257  125364  49662  0  230560  157  347069  3042  452576886  2147483647  0  48221  0  0  0  205  603756  2147483647  0  474  236  2147483647  0  11580035  0  155953040  869988005  493068  251  44948  41204  145999  1252  1216660923  
1441313997  244354260  0  5347922542  125364  49662  0  232060  157  348225  3042  456457102  2147483647  0  48221  0  0  0  205  607675  2147483647  0  474  236  2147483647  0  11580035  0  155953040  869988005  494224  251  44948  41204  145999  1252  1219633577  
1441313997  246354407  0  5389802903  125364  49662  0  234012  157  350684  3042  459511375  2147483647  0  48221  0  0  0  205  611104  2147483647  0  477  236  2147483647  0  11580035  0  165218739  873605643  497111  251  44948  41204  146427  1252  1227011675  
1441313998  246354407  0  5389802903  125364  49662  0  234012  157  350684  3042  459511375  2147483647  0  48221  0  0  0  205  611104  2147483647  0  477  236  2147483647  0  11580035  0  165218739  873605643  497111  251  44948  41204  146427  1252  1227011675  
1441313998  248071404  0  5436296691  125364  49662  0  235804  157  353756  3042  462451219  2147483647  0  48221  0  0  0  205  614490  2147483647  0  479  236  2147483647  0  11580035  0  170547345  873701687  500202  251  44948  41204  146446  1252  1234329726  
1441313999  249679725  0  5493889288  125364  49662  0  237372  157  357665  3042  463892430  2147483647  0  48221  0  0  0  205  616171  2147483647  0  480  236  2147483647  0  11580035  0  174083655  873701687  504111  251  44948  41204  146446  1252  1246415296  
1441314000  251868377  0  5554214072  125364  49662  0  239286  157  362285  3042  471410236  2147483647  0  48221  0  0  0  205  625187  2147483647  0  482  236  2147483647  0  11580035  0  174344180  879030328  511547  251  44948  41204  149262  1252  1257990430  
1441314000  252259032  0  5571105761  125364  49662  0  239766  157  363321  3042  473869952  2147483647  0  48221  0  0  0  205  627942  2147483647  0  483  236  2147483647  0  11580035  0  175438132  879030328  512583  251  44948  41204  149262  1252  1260761871  
1441314001  258675516  0  5617945915  125364  49662  0  245686  157  366608  3042  476142617  2147483647  0  48221  0  0  0  205  630333  2147483647  0  483  236  2147483647  0  11580035  0  175438132  879030328  515870  251  44948  41204  149262  1252  1271432515  
1441314001  262332036  0  5650992944  125364  49662  0  249366  157  369254  3042  480899560  2147483647  0  48221  0  0  0  205  639115  2147483647  0  488  236  2147483647  0  11580035  0  179170955  885589179  521087  251  44948  41204  151833  1252  1279064238  
1441314002  263645461  0  5707871932  125364  49662  0  250427  157  372398  3042  486880017  2147483647  0  48221  0  0  0  205  645528  2147483647  0  490  236  2147483647  0  11580035  0  180491106  902697805  526535  251  44948  41204  154137  1252  1292226673  
1441314002  264995633  0  5748667882  125364  49662  0  251867  157  375285  3042  492654493  2147483647  0  48221  0  0  0  205  653881  2147483647  0  492  236  2147483647  0  11580035  0  180492156  931154621  533869  251  44948  41204  158584  1252  1308678817  
1441314003  265978238  0  5771432156  125364  49662  0  252700  157  377634  3042  497622862  2147483647  0  48221  0  0  0  205  660954  2147483647  0  493  236  2147483647  0  11580035  0  183064346  939251190  540479  251  44948  41204  162845  1252  1314506156  
1441314004  268150701  0  5868882928  125364  49662  0  254850  157  386093  3042  499247331  2147483647  0  48221  0  0  0  205  664260  2147483647  0  495  236  2147483647  0  11580035  0  185042119  948513827  553917  233  44948  41204  167824  1252  1333610394  
1441314004  268150701  0  5868882928  125364  49662  0  254850  157  386093  3042  499247331  2147483647  0  48221  0  0  0  205  664260  2147483647  0  495  236  2147483647  0  11580035  0  185042119  948513827  553917  233  44948  41204  167824  1252  1333610394  
1441314005  268968941  0  5927234109  125364  49662  0  255682  157  389539  3042  500550380  2147483647  0  48221  0  0  0  205  665858  2147483647  0  495  236  2147483647  0  11580035  0  185042119  948513827  557363  233  44948  41204  167824  1252  1342364310  
1441314005  269964797  0  5969696893  125364  49662  0  256637  157  392255  3042  504873037  2147483647  0  48221  0  0  0  205  670165  2147483647  0  499  236  2147483647  0  11580035  0  185312040  959484015  561359  233  44948  41204  169104  1252  1353364126  
1441314006  271234148  0  6002669056  125364  49662  0  257949  157  395322  3042  510892067  2147483647  0  48221  0  0  0  205  677512  2147483647  0  502  236  2147483647  0  11580035  0  185317308  981085920  569147  233  44948  41204  173825  1252  1367096645  
1441314006  273073799  0  6046945494  125364  49662  0  259549  157  398367  3042  513844629  2147483647  0  48221  0  0  0  205  680605  2147483647  0  502  236  2147483647  0  11580035  0  185317308  981085920  572192  233  44948  41204  173825  1252  1375927528  
1441314007  274166673  0  6089323589  125364  49662  0  260961  157  402290  3042  516662692  2147483647  0  48221  0  0  0  205  685081  2147483647  0  508  236  2147483647  0  11580035  0  192126504  992146317  579448  233  44948  41204  177158  1252  1388797054  
1441314007  276597049  0  6120135194  125364  49662  0  263169  157  404431  3042  520538680  2147483647  0  48221  0  0  0  205  689028  2147483647  0  508  236  2147483647  0  11580035  0  192126504  992146317  581589  233  44948  41204  177158  1252  1393302009  
1441314008  276597049  0  6120135194  125364  49662  0  263169  157  404431  3042  520538680  2147483647  0  48221  0  0  0  205  689028  2147483647  0  508  236  2147483647  0  11580035  0  192126504  992146317  581589  233  44948  41204  177158  1252  1393302009  
1441314008  279988937  0  6224347641  125364  49662  0  266369  157  409985  3042  520843419  2147483647  0  48221  0  0  0  205  689329  2147483647  0  508  236  2147483647  0  11580035  0  192126504  992146317  587143  233  44948  41204  177158  1252  1405987755  
1441314009  283723326  0  6287096252  125364  49662  0  269858  157  413684  3042  522940430  2147483647  0  48221  0  0  0  205  692247  2147483647  0  508  236  2147483647  0  11580035  0  192126504  992372887  590865  233  44948  41204  177181  1252  1414381993  
1441314009  286583848  0  6318683871  125364  49662  0  272323  157  415755  3042  528450126  2147483647  0  48221  0  0  0  205  699873  2147483647  0  513  236  2147483647  0  11580035  0  193700176  1022574905  597383  233  44948  41204  181628  1252  1430850044  
1441314010  288565129  0  6359029061  125364  49662  0  274147  157  418381  3042  531514470  2147483647  0  48221  0  0  0  205  703154  2147483647  0  513  236  2147483647  0  11580035  0  193700176  1022574905  600009  233  44948  41204  181628  1252  1437319076  
1441314010  290884102  0  6402547808  125364  49662  0  276355  157  421106  3042  532828489  2147483647  0  48221  0  0  0  205  704660  2147483647  0  513  236  2147483647  0  11580035  0  193700176  1022574905  602734  233  44948  41204  181628  1252  1443917612  
1441314011  294132829  0  6444478952  125364  49662  0  279275  157  423574  3042  534446997  2147483647  0  48221  0  0  0  205  706231  2147483647  0  513  236  2147483647  0  11580035  0  193700176  1022574905  605202  233  44948  41204  181628  1252  1449944824  
1441314011  294132829  0  6444478952  125364  49662  0  279275  157  423574  3042  534446997  2147483647  0  48221  0  0  0  205  706231  2147483647  0  513  236  2147483647  0  11580035  0  193700176  1022574905  605202  233  44948  41204  181628  1252  1449944824  
1441314012  295847352  0  6500935826  125364  49662  0  281137  157  430033  3042  539920704  2147483647  0  48221  0  0  0  205  714570  2147483647  0  519  236  2147483647  0  11580035  0  194814545  1056464659  619377  233  44948  41204  189344  1252  1473569068  
1441314012  298187518  0  6572560586  125364  49662  0  283441  157  435286  3042  545242604  2147483647  0  48221  0  0  0  205  721556  2147483647  0  521  236  2147483647  0  11580035  0  194992279  1085713671  630262  233  44948  41204  194976  1252  1495700390  
1441314013  300339811  0  6601175403  125364  49662  0  285425  157  437010  3042  548579647  2147483647  0  48221  0  0  0  205  725101  2147483647  0  524  236  2147483647  0  11580035  0  199972258  1085713671  631986  233  44948  41204  194976  1252  1499825947  
1441314013  304366346  0  6639224781  125364  49662  0  289361  157  439406  3042  551074327  2147483647  0  48221  0  0  0  205  727917  2147483647  0  524  236  2147483647  0  11580035  0  199972258  1085713671  634382  233  44948  41204  194976  1252  1505428513  
1441314014  307832729  0  6688493899  125364  49662  0  292683  157  442665  3042  551505817  2147483647  0  48221  0  0  0  205  728314  2147483647  0  524  236  2147483647  0  11580035  0  199972258  1085766850  637647  233  44948  41204  194982  1252  1517648900  
1441314014  310311033  0  6728944990  125364  49662  0  295147  157  445580  3042  555417117  2147483647  0  48221  0  0  0  205  733199  2147483647  0  526  236  2147483647  0  11580035  0  201619313  1100846447  643159  233  44948  41204  197579  1252  1530614536  
1441314015  314056136  0  6772927269  125364  49662  0  298379  157  448233  3042  558114173  2147483647  0  48221  0  0  0  205  736317  2147483647  0  526  236  2147483647  0  11580035  0  201619313  1100846447  645812  233  44948  41204  197579  1252  1537562891  
1441314015  314056136  0  6772927269  125364  49662  0  298379  157  448233  3042  558114173  2147483647  0  48221  0  0  0  205  736317  2147483647  0  526  236  2147483647  0  11580035  0  201619313  1100846447  645812  233  44948  41204  197579  1252  1537562891  
1441314016  316954571  0  6829931613  125364  49662  0  301163  157  452243  3042  559756169  2147483647  0  48221  0  0  0  205  738387  2147483647  0  528  236  2147483647  0  11580035  0  201625374  1105288877  650335  233  44948  103741  198092  1252  1550374303  
1441314016  320765765  0  6892517710  125364  49662  0  304469  157  456282  3042  561641377  2147483647  0  48221  0  0  0  205  740656  2147483647  0  529  236  2147483647  0  11580035  0  203675714  1113913487  655679  233  44948  103741  199397  1252  1566476203  
1441314017  323166136  0  6899030176  125364  49662  0  306457  157  456631  3042  563182227  2147483647  0  48221  0  0  0  205  742454  2147483647  0  529  236  2147483647  0  11580035  0  203675714  1113913487  656028  233  44948  103741  199397  1252  1567374774  
1441314017  328530997  0  6943544949  125364  49662  0  311322  157  459700  3042  564850621  2147483647  0  48221  0  0  0  205  744256  2147483647  0  529  236  2147483647  0  11580035  0  203675714  1114139572  659129  233  44948  103741  199429  1252  1574479172  
1441314018  331549953  0  7036624901  125364  49662  0  314244  157  465600  3042  566925460  2147483647  0  48221  0  0  0  205  746728  2147483647  0  533  236  2147483647  0  11580035  0  205052779  1114193961  665036  233  44948  103741  199436  1252  1589393436  
1441314018  333588851  0  7146077099  125364  49662  0  316283  157  472536  3042  569785184  2147483647  0  48221  0  0  0  205  750716  2147483647  0  537  236  2147483647  0  11580035  0  205548857  1132682118  676409  233  44948  103741  203873  1252  1610059307  
1441314019  333588851  0  7146077099  125364  49662  0  316283  157  472536  3042  569785184  2147483647  0  48221  0  0  0  205  750716  2147483647  0  537  236  2147483647  0  11580035  0  205548857  1132682118  676409  233  44948  103741  203873  1252  1610059307  
1441314019  335277542  0  7196760975  125364  49662  0  317947  157  476042  3042  571608774  2147483647  0  48221  0  0  0  205  752702  2147483647  0  538  236  2147483647  0  11580035  0  208249097  1132682118  679915  233  44948  103741  203873  1252  1618328886  
1441314020  337416892  0  7231265172  125364  49662  0  319903  157  477861  3042  578286497  2147483647  0  48221  0  0  0  205  759444  2147483647  0  540  236  2147483647  0  11580035  0  211139862  1139002569  684038  233  44948  103741  206177  1252  1625411453  
1441314020  339255475  0  7302334008  125364  49662  0  321611  157  481766  3042  581030431  2147483647  0  48221  0  0  0  205  762474  2147483647  0  541  236  2147483647  0  11580035  0  211141277  1159797318  690759  233  44948  103741  208993  1252  1642472633  
1441314021  340765984  0  7351199313  125364  49662  0  323216  157  484521  3042  587336514  2147483647  0  48221  0  0  0  205  769009  2147483647  0  545  236  2147483647  0  11580035  0  218485192  1187949908  697318  233  44948  103741  212797  1252  1658528427  
1441314021  342116042  0  7398237840  125364  49662  0  324496  157  487258  3042  589955326  2147483647  0  48221  0  0  0  205  771628  2147483647  0  548  236  2147483647  0  11580035  0  225358838  1187949908  700055  233  44948  103741  212797  1252  1664807410  
1441314022  343221278  0  7485356029  125364  49662  0  325744  157  492211  3042  590548191  2147483647  0  48221  0  0  0  205  772589  2147483647  0  549  236  2147483647  0  11580035  0  229004980  1187949908  705008  233  44948  103741  212797  1252  1675953117  
1441314022  343221278  0  7485356029  125364  49662  0  325744  157  492211  3042  590548191  2147483647  0  48221  0  0  0  205  772589  2147483647  0  549  236  2147483647  0  11580035  0  229004980  1187949908  705008  233  44948  103741  212797  1252  1675953117  
1441314023  343411160  0  7511443476  125364  49662  0  325937  157  493542  3042  595546851  2147483647  0  48221  0  0  0  205  778652  2147483647  0  553  236  2147483647  0  11580035  0  230078598  1187949908  706339  233  44948  103741  212797  1252  1679112509  
1441314023  343731226  0  7533717693  125364  49662  0  326193  157  494727  3042  599706118  2147483647  0  48221  0  0  0  205  783113  2147483647  0  553  236  2147483647  0  11580035  0  230078598  1187949908  707524  233  44948  103741  212797  1252  1681926790  
1441314024  344010570  0  7628380539  125364  49662  0  326417  157  500038  3042  601354197  2147483647  0  48221  0  0  0  205  785255  2147483647  0  554  236  2147483647  0  11580035  0  230082675  1187949908  712835  233  44948  103741  212797  1252  1695056139  
1441314024  345362933  0  7671127496  125364  49662  0  327793  157  502895  3042  607092513  2147483647  0  48221  0  0  0  205  791613  2147483647  0  555  236  2147483647  0  11580035  0  230085989  1209401389  717813  233  44948  103741  214918  1252  1709378020  
1441314025  346261439  0  7721168312  125364  49662  0  328657  157  506238  3042  608619663  2147483647  0  48221  0  0  0  205  793075  2147483647  0  555  236  2147483647  0  11580035  0  230085989  1209401389  721156  233  44948  103741  214918  1252  1717800828  
1441314025  346721788  0  7794617457  125364  49662  0  329273  157  512339  3042  610579822  2147483647  0  48221  0  0  0  205  796404  2147483647  0  557  236  2147483647  0  11580035  0  231117897  1225844543  731620  233  44948  103741  219281  1252  1736656722  
1441314026  346721788  0  7794617457  125364  49662  0  329273  157  512339  3042  610579822  2147483647  0  48221  0  0  0  205  796404  2147483647  0  557  236  2147483647  0  11580035  0  231117897  1225844543  731620  233  44948  103741  219281  1252  1736656722  
1441314026  349475034  0  7872760679  125364  49662  0  332015  157  517336  3042  616489330  2147483647  0  48221  0  0  0  205  805349  2147483647  0  558  236  2147483647  0  11580035  0  231121416  1255587292  745104  233  44948  103741  227768  1252  1753447155  
1441314027  352414988  0  7887363582  125364  49662  0  334621  157  518180  3042  621148800  2147483647  0  48221  0  0  0  205  811297  2147483647  0  561  236  2147483647  0  11580035  0  241806649  1268352457  748256  233  44948  103741  230076  1252  1760275534  
1441314027  354656821  0  7902621890  125364  49662  0  336925  157  519113  3042  626581643  2147483647  0  48221  0  0  0  205  819481  2147483647  0  563  236  2147483647  0  11580035  0  248513189  1278257507  752544  233  44948  103741  233431  1252  1765851776  
1441314028  356901216  0  7906377898  125364  49662  0  338973  157  519341  3042  632823525  2147483647  0  48221  0  0  0  205  825571  2147483647  0  569  236  2147483647  0  11580035  0  248526302  1278257507  752772  233  44948  103741  233431  1252  1766579456  
1441314028  358891869  0  7965187314  125364  49662  0  340873  157  523861  3042  639660560  2147483647  0  48221  0  0  0  205  834615  2147483647  0  571  236  2147483647  0  11580035  0  248531153  1308028459  763695  233  44948  103741  239834  1252  1788737192  
1441314029  359708033  0  8038976664  125364  49662  0  341865  157  529392  3042  642834586  2147483647  0  48221  0  0  0  205  838669  2147483647  0  572  236  2147483647  0  11580035  0  248531797  1321593815  772298  233  44948  103741  242906  1252  1805408010  
1441314029  359708033  0  8038976664  125364  49662  0  341865  157  529392  3042  642834586  2147483647  0  48221  0  0  0  205  838669  2147483647  0  572  236  2147483647  0  11580035  0  248531797  1321593815  772298  233  44948  103741  242906  1252  1805408010  
1441314032  365914788  0  8414935104  125364  49662  0  347376  157  557137  3042  655374543  2147483647  0  48221  0  0  0  205  856196  2147483647  0  579  236  2147483647  0  11580035  0  255052928  1394155104  816082  233  84274  103741  258945  1252  1891457120  
1441314032  365914788  0  8414935104  125364  49662  0  347376  157  557137  3042  655374543  2147483647  0  48221  0  0  0  205  856196  2147483647  0  579  236  2147483647  0  11580035  0  255052928  1394155104  816082  233  84274  103741  258945  1252  1891457120  
1441314033  367780667  0  8489829456  125364  49662  0  349200  157  563511  3042  659660459  2147483647  0  48221  0  0  0  205  861419  2147483647  0  580  236  2147483647  0  11580035  0  255053808  1420169324  828088  233  84274  103741  264577  1252  1913380074  
1441314033  369941643  0  8502767227  125364  49662  0  351024  157  564385  3042  663051148  2147483647  0  48221  0  0  0  205  865132  2147483647  0  580  236  2147483647  0  11580035  0  255053808  1420321705  828980  233  84274  103741  264595  1252  1915527036  
1441314034  371377041  0  8540691048  125364  49662  0  352240  157  567390  3042  666282313  2147483647  0  49275  0  0  0  205  868243  2147483647  0  581  236  2147483647  0  11580035  0  255789588  1435313407  834033  233  84274  103741  266643  1252  1927953169  
1441314034  373621554  0  8601285581  125364  49662  0  354417  157  573803  3042  666780577  2147483647  0  49275  0  0  0  205  869324  2147483647  0  583  236  2147483647  0  11580035  0  255791369  1443822406  844049  233  84274  103741  270246  1252  1943702281  
1441314035  376355865  0  8612202998  125364  49662  0  356788  157  574507  3042  673543779  2147483647  0  49275  0  0  0  205  876109  2147483647  0  587  236  2147483647  0  11580035  0  255803397  1443822406  844753  233  84274  103741  270246  1252  1945390647  
1441314036  378249241  0  8618751184  125364  49662  0  358488  157  574990  3042  676534883  2147483647  0  49275  0  0  0  205  880137  2147483647  0  592  236  2147483647  0  11580035  0  264243633  1456149676  846773  233  84274  103741  271783  1252  1951097412  
1441314036  378249241  0  8618751184  125364  49662  0  358488  157  574990  3042  676534883  2147483647  0  49275  0  0  0  205  880137  2147483647  0  592  236  2147483647  0  11580035  0  264243633  1456149676  846773  233  84274  103741  271783  1252  1951097412  
1441314037  380589118  0  8672665587  125364  49662  0  360728  157  579248  3042  680296273  2147483647  0  49275  0  0  0  205  884057  2147483647  0  593  236  2147483647  0  11580035  0  264247679  1456149676  851031  233  84274  103741  271783  1252  1961377964  
1441314037  380883122  0  8740866150  125364  49662  0  360952  157  584436  3042  681146234  2147483647  0  49275  0  0  0  205  884893  2147483647  0  596  236  2147483647  0  11580035  0  264253627  1456149676  856219  233  84274  103741  271783  1252  1978670213  
1441314038  380883122  0  8755073468  125364  49662  0  360952  157  585564  3042  684344849  2147483647  0  49275  0  0  0  205  888314  2147483647  0  598  236  2147483647  0  11580035  0  264261424  1456149676  857347  233  84274  103741  271783  1252  1981576296  
1441314038  380883122  0  8790852378  125364  49662  0  360952  157  588163  3042  687270736  2147483647  0  49275  0  0  0  205  891396  2147483647  0  598  236  2147483647  0  11580035  0  264261424  1456149676  859946  233  84274  103741  271783  1252  1987781012  
1441314039  380883122  0  8866771884  695965  49662  0  360952  157  593281  3042  689608858  2147483647  0  49275  0  0  0  205  894010  2147483647  0  598  236  2147483647  0  11580035  0  264261424  1456149676  865064  233  84274  103741  271783  1252  2000540432  
1441314039  380901089  0  8927682064  695965  49662  0  361016  157  598384  3042  694119608  2147483647  0  49275  0  0  0  205  898684  2147483647  0  600  236  2147483647  0  11580035  0  265436319  1472810931  872506  233  84274  103741  274122  1252  2018492406  
1441314040  381073158  0  9010937931  695965  49662  0  361176  157  604212  3042  696927361  2147483647  0  49275  0  0  0  205  901764  2147483647  0  603  236  2147483647  0  11580035  0  267641722  1491280320  881022  233  84274  103741  276810  1252  2039235367  
1441314040  381073158  0  9010937931  695965  49662  0  361176  157  604212  3042  696927361  2147483647  0  49275  0  0  0  205  901764  2147483647  0  603  236  2147483647  0  11580035  0  267641722  1491280320  881022  233  84274  103741  276810  1252  2039235367  
1441314041  381417812  0  9075607034  695965  49662  0  361656  157  609791  2973  702359764  2147483647  0  49275  0  0  0  205  912334  2147483647  0  607  236  2147483647  0  11580035  0  268752203  1530520958  896788  233  84274  103741  286997  1252  2066065240  
1441314041  381417812  0  9079624505  695965  49662  0  361656  157  610045  2973  708575997  2147483647  0  49275  0  0  0  205  919071  2147483647  0  608  236  2147483647  0  11580035  0  272284963  1541213917  898322  233  84274  103741  288277  1252  2070603155  
1441314042  382338252  0  9082498328  695965  49662  0  362616  157  610163  2973  714237597  2147483647  0  49275  0  0  0  205  925470  2147483647  0  609  236  2147483647  0  11580035  0  272288109  1546424821  899208  233  84274  103741  289045  1252  2072172202  
1441314042  384458177  0  9082844831  695965  49662  0  364669  157  610180  2973  718582743  2147483647  0  49275  0  0  0  205  929902  2147483647  0  609  236  2147483647  0  11580035  0  272288109  1546424821  899225  233  84274  103741  289045  1252  2072222746  
1441314043  386011459  0  9088319599  695965  49662  0  366237  157  610473  2973  722484652  2147483647  0  49275  0  0  0  205  935012  2147483647  0  612  236  2147483647  0  11580035  0  272293091  1554622976  900734  233  84274  103741  290261  1252  2074935510  
1441314043  388395279  0  9104033511  695965  49662  0  368342  157  611703  2973  725658794  2147483647  0  49275  0  0  0  205  937941  2147483647  0  612  236  2147483647  0  11580035  0  272293091  1554672912  901975  233  84274  103741  290272  1252  2077559745  
1441314044  388395279  0  9104033511  695965  49662  0  368342  157  611703  2973  725658794  2147483647  0  49275  0  0  0  205  937941  2147483647  0  612  236  2147483647  0  11580035  0  272293091  1554672912  901975  233  84274  103741  290272  1252  2077559745  
1441314044  389674306  0  9124676596  695965  49662  0  369462  157  613070  2973  730940552  2147483647  0  49275  0  0  0  205  943095  2147483647  0  615  236  2147483647  0  11580035  0  272301554  1565422918  904622  233  84274  103741  291552  1252  2084803405  
1441314045  392675194  0  9137957895  695965  49662  0  372022  157  614293  2973  735513339  2147483647  0  49275  0  0  0  205  947451  2147483647  0  615  236  2147483647  0  11580035  0  272301554  1565422918  905845  233  84274  103741  291552  1252  2087304111  
1441314045  394554472  0  9174149765  695965  49662  0  373687  157  616558  2973  739359967  2147483647  0  49275  0  0  0  205  951191  2147483647  0  618  236  2147483647  0  11580035  0  273277093  1569964161  908622  233  84274  103741  292064  1252  2094793340  
1441314046  397140219  0  9226237779  695965  49662  0  376375  157  620193  2973  742860360  2147483647  0  49275  0  0  0  205  954923  2147483647  0  620  236  2147483647  0  11580035  0  273280524  1578666622  913286  233  84274  103741  293093  1252  2106698058  
1441314046  400535415  0  9290287765  695965  49662  0  379191  157  624743  2973  743886349  2147483647  0  49275  0  0  0  205  955914  2147483647  0  620  236  2147483647  0  11580035  0  273280524  1578666622  917836  233  84274  103741  293093  1252  2117857165  
1441314047  403821236  0  9325563327  695965  49662  0  381943  157  627021  2973  745890889  2147483647  0  49275  0  0  0  205  958329  2147483647  0  621  236  2147483647  0  11580035  0  273281709  1579175301  920255  233  84274  103741  293234  1252  2124220825  
1441314047  403821236  0  9325563327  695965  49662  0  381943  157  627021  2973  745890889  2147483647  0  49275  0  0  0  205  958329  2147483647  0  621  236  2147483647  0  11580035  0  273281709  1579175301  920255  233  84274  103741  293234  1252  2124220825  
1441314048  405298628  0  9365012081  695965  49662  0  383671  157  629329  2973  748605641  2147483647  0  49275  0  0  0  205  961504  2147483647  0  624  236  2147483647  0  11580035  0  276550814  1579175301  922563  233  84274  103741  293234  1252  2129906417  
1441314048  406497103  0  9372704308  695965  49662  0  385079  157  630103  2973  749822389  2147483647  0  49275  0  0  0  205  963953  2147483647  0  626  236  2147483647  0  11580035  0  278570684  1579175301  923337  233  84274  103741  293234  1252  2131302442  
1441314049  407774430  0  9455768519  695965  49662  0  386493  157  637833  2973  754695172  2147483647  0  49275  0  0  0  205  971062  2147483647  0  630  236  2147483647  0  11580035  0  284607380  1616611029  939771  233  84274  103741  301938  1252  2160151632  
1441314049  409229670  0  9498803379  695965  49662  0  387742  157  640646  2973  758630621  2147483647  0  49275  0  0  0  205  975214  2147483647  0  631  236  2147483647  0  11580035  0  285105733  1616785497  942604  233  84274  103741  301958  1252  2166809617  
1441314050  410058323  0  9554277100  695965  49662  0  388842  157  644693  2973  762914252  2147483647  0  49275  0  0  0  205  981889  2147483647  0  631  236  2147483647  0  11580035  0  285105733  1647532212  952803  233  84274  103741  308110  1252  2186716351  
1441314050  410849845  0  9596447354  695965  49662  0  389674  157  647158  2973  766031623  2147483647  0  49275  0  0  0  205  985283  2147483647  0  631  236  2147483647  0  11580035  0  285105733  1647532212  955268  233  84274  103741  308110  1252  2193002284  
1441314051  410849845  0  9596447354  695965  49662  0  389674  157  647158  2973  766031623  2147483647  0  49275  0  0  0  205  985283  2147483647  0  631  236  2147483647  0  11580035  0  285105733  1647532212  955268  233  84274  103741  308110  1252  2193002284  
1441314051  412633809  0  9652773032  695965  49662  0  391278  157  650087  2973  768367163  2147483647  0  49275  0  0  0  205  988063  2147483647  0  631  236  2147483647  0  11580035  0  285105733  1648550975  958286  233  84274  103741  308199  1252  2200478295  
