#Type:X;CI:1;ww:0;ca:0;co:0;fr:0;Type:X;CI:1;PI:0;PT:EP;U0:0;U1:0;Type:X;CI:1;PI:1;PT:EP;U0:0;U1:0;
#time  Pp  gt  gs  cn  cm  cb  Nc  Pc  cp  Tc  Nm  pr  ps  pt  px  pd  Pm  Om  fs  ft  Oc  Em  Gp  Ec  Ge  ot  os  Total_cycles_diff  Successful_get_diff  Total_get_diff  succ_put_diff  total_put_diff  get_hit  
1441313900  0  0  0  0  0  0  0  0  0  4047036  0  0  0  0  0  0  0  0  0  21  0  0  0  0  0  46  0  4047036  0  0  0  0  
1441313900  0  0  0  0  0  0  0  0  0  4057897  0  0  0  0  0  0  0  0  0  21  0  0  0  0  0  47  0  10861  0  0  0  0  0 
1441313901  0  0  0  0  0  0  0  0  0  4057897  0  0  0  0  0  0  0  0  0  21  0  0  0  0  0  47  0  0  0  0  0  0  0 
1441313901  0  0  0  0  0  0  0  0  0  4057897  0  0  0  0  0  0  0  0  0  21  0  0  0  0  0  47  0  0  0  0  0  0  0 
1441313902  0  0  0  0  0  0  0  0  0  4057897  0  0  0  0  0  0  0  0  0  21  0  0  0  0  0  47  0  0  0  0  0  0  0 
1441313902  0  0  0  0  0  0  0  0  0  4057897  0  0  0  0  0  0  0  0  0  21  0  0  0  0  0  47  0  0  0  0  0  0  0 
1441313903  0  0  0  0  0  0  0  0  0  4057897  0  0  0  0  0  0  0  0  0  21  0  0  0  0  0  47  0  0  0  0  0  0  0 
1441313903  0  0  0  0  0  0  0  0  0  4057897  0  0  0  0  0  0  0  0  0  21  0  0  0  0  0  47  0  0  0  0  0  0  0 
1441313904  0  0  0  0  0  0  0  0  0  4057897  0  0  0  0  0  0  0  0  0  21  0  0  0  0  0  47  0  0  0  0  0  0  0 
1441313904  0  0  0  0  0  0  0  0  0  4057897  0  0  0  0  0  0  0  0  0  21  0  0  0  0  0  47  0  0  0  0  0  0  0 
1441313905  0  0  0  0  0  0  0  0  0  4057897  0  0  0  0  0  0  0  0  0  21  0  0  0  0  0  47  0  0  0  0  0  0  0 
1441313905  0  0  0  0  0  0  0  0  0  4057897  0  0  0  0  0  0  0  0  0  21  0  0  0  0  0  47  0  0  0  0  0  0  0 
1441313906  0  0  0  0  0  0  0  0  0  4057897  0  0  0  0  0  0  0  0  0  21  0  0  0  0  0  47  0  0  0  0  0  0  0 
1441313906  0  0  0  0  0  0  0  0  0  4057897  0  0  0  0  0  0  0  0  0  21  0  0  0  0  0  47  0  0  0  0  0  0  0 
1441313907  0  0  0  0  0  0  0  0  0  4057897  0  0  0  0  0  0  0  0  0  21  0  0  0  0  0  47  0  0  0  0  0  0  0 
1441313907  0  0  0  0  0  0  0  0  0  4057897  0  0  0  0  0  0  0  0  0  21  0  0  0  0  0  47  0  0  0  0  0  0  0 
1441313908  0  0  0  0  0  0  0  0  0  4057897  0  0  0  0  0  0  0  0  0  21  0  0  0  0  0  47  0  0  0  0  0  0  0 
1441313908  0  0  0  0  0  0  0  0  0  4057897  0  0  0  0  0  0  0  0  0  21  0  0  0  0  0  47  0  0  0  0  0  0  0 
1441313909  0  0  0  0  0  0  0  0  0  4057897  0  0  0  0  0  0  0  0  0  21  0  0  0  0  0  47  0  0  0  0  0  0  0 
1441313909  0  0  0  0  0  0  0  0  0  4057897  0  0  0  0  0  0  0  0  0  21  0  0  0  0  0  47  0  0  0  0  0  0  0 
1441313910  0  0  0  0  0  0  0  0  0  4065972  0  0  0  0  0  0  0  0  0  21  0  0  0  0  0  47  0  8075  0  0  0  0  0 
1441313910  0  119  119  0  0  0  197  2820  0  21520381  234  0  3422  3422  0  0  3422  354  0  133  219  3422  0  2820  119  270  127  17454409  119  119  3422  3422  100.0  
1441313911  0  450  292  0  0  0  183  2647  0  23416617  234  0  3422  3422  0  0  3422  354  0  133  191  3422  0  2647  292  270  127  1896236  173  331  0  0  64.8888888889  
1441313911  0  450  292  0  0  0  183  2647  0  23416617  234  0  3422  3422  0  0  3422  354  0  133  191  3422  0  2647  292  270  127  0  0  0  0  0  64.8888888889  
1441313912  0  504  322  0  0  0  179  2617  0  23838093  234  0  3422  3422  0  0  3422  354  0  133  189  3422  0  2617  322  270  127  421476  30  54  0  0  63.8888888889  
1441313912  0  504  322  0  0  0  179  2617  0  23838093  234  0  3422  3422  0  0  3422  354  0  133  189  3422  0  2617  322  270  127  0  0  0  0  0  63.8888888889  
1441313913  0  504  322  0  0  0  179  2617  0  23838093  234  0  3422  3422  0  0  3422  354  0  133  189  3422  0  2617  322  270  127  0  0  0  0  0  63.8888888889  
1441313913  0  504  322  0  0  0  179  2617  0  23838093  234  0  3422  3422  0  0  3422  354  0  133  189  3422  0  2617  322  270  127  0  0  0  0  0  63.8888888889  
1441313914  0  504  322  0  0  0  179  2617  0  23838093  234  0  3422  3422  0  0  3422  354  0  133  189  3422  0  2617  322  270  127  0  0  0  0  0  63.8888888889  
1441313914  0  504  322  0  0  0  179  2617  0  23838093  234  0  3422  3422  0  0  3422  354  0  133  189  3422  0  2617  322  270  127  0  0  0  0  0  63.8888888889  
1441313915  0  504  322  0  0  0  179  2617  0  23838093  234  0  3422  3422  0  0  3422  354  0  133  189  3422  0  2617  322  270  127  0  0  0  0  0  63.8888888889  
1441313915  0  504  322  0  0  0  179  2617  0  23838093  234  0  3422  3422  0  0  3422  354  0  133  189  3422  0  2617  322  270  127  0  0  0  0  0  63.8888888889  
1441313916  0  504  322  0  0  0  179  2617  0  23838093  234  0  3422  3422  0  0  3422  354  0  133  189  3422  0  2617  322  270  127  0  0  0  0  0  63.8888888889  
1441313916  0  504  322  0  0  0  179  2617  0  23838093  234  0  3422  3422  0  0  3422  354  0  133  189  3422  0  2617  322  270  127  0  0  0  0  0  63.8888888889  
1441313917  0  504  322  0  0  0  179  2617  0  23838093  234  0  3422  3422  0  0  3422  354  0  133  189  3422  0  2617  322  270  127  0  0  0  0  0  63.8888888889  
1441313917  0  504  322  0  0  0  209  3027  0  27902778  234  0  3832  3832  0  0  3422  354  0  7317  226  3422  0  3027  322  270  127  4064685  0  0  410  410  63.8888888889  
1441313918  0  504  322  0  0  0  209  3027  0  30232751  234  0  3832  3832  0  0  3422  354  0  16368  226  3422  0  3027  322  270  127  2329973  0  0  0  0  63.8888888889  
1441313918  0  504  322  0  0  0  209  3027  0  32085654  234  0  3832  3832  0  0  3422  354  0  23822  226  3422  0  3027  322  270  127  1852903  0  0  0  0  63.8888888889  
1441313919  0  504  322  0  0  0  209  3027  0  34057955  234  0  3832  3832  0  0  3422  354  0  31592  226  3422  0  3027  322  270  127  1972301  0  0  0  0  63.8888888889  
1441313919  0  504  322  0  0  0  209  3027  0  34057955  234  0  3832  3832  0  0  3422  354  0  31592  226  3422  0  3027  322  270  127  0  0  0  0  0  63.8888888889  
1441313920  0  504  322  0  0  0  209  3027  0  37177811  234  0  3832  3832  0  0  3422  354  0  44261  226  3422  0  3027  322  270  127  3119856  0  0  0  0  63.8888888889  
1441313920  0  504  322  0  0  0  209  3027  0  39087384  234  0  3832  3832  0  0  3422  354  0  50105  226  3422  0  3027  322  270  127  1909573  0  0  0  0  63.8888888889  
1441313921  0  504  322  0  0  0  209  3027  0  41765086  234  0  3832  3832  0  0  3422  354  0  60778  226  3422  0  3027  322  270  127  2677702  0  0  0  0  63.8888888889  
1441313921  0  504  322  0  0  0  209  3027  0  43786976  234  0  3832  3832  0  0  3422  354  0  68036  226  3422  0  3027  322  270  127  2021890  0  0  0  0  63.8888888889  
1441313922  0  504  322  0  0  0  209  3027  0  43786976  234  0  3832  3832  0  0  3422  354  0  68036  226  3422  0  3027  322  270  127  0  0  0  0  0  63.8888888889  
1441313922  0  586  404  0  0  0  208  3698  0  55265728  234  0  4585  4585  0  0  3698  354  0  96622  223  3698  0  3698  404  270  127  11478752  82  82  753  753  68.9419795222  
1441313923  0  586  404  0  0  0  208  3698  0  55265728  234  0  4585  4585  0  0  3698  354  0  96622  223  3698  0  3698  404  270  127  0  0  0  0  0  68.9419795222  
1441313923  0  612  420  0  0  0  208  3682  0  64996723  234  0  4585  4585  0  0  3698  354  0  112581  223  3698  0  3682  420  270  127  9730995  16  26  0  0  68.6274509804  
1441313924  0  1062  422  0  0  0  207  3680  0  72635170  234  0  4585  4585  0  0  3698  354  0  119981  222  3698  0  3680  422  270  127  7638447  2  450  0  0  39.736346516  
1441313924  0  3686  422  0  0  0  217  3838  0  82692029  234  0  4743  4743  0  0  3838  354  0  125315  225  3838  0  3838  422  270  127  10056859  0  2624  158  158  11.448724905  
1441313925  0  5499  422  0  0  0  225  3967  0  88547028  234  0  4872  4872  0  0  3967  354  0  128101  225  3967  0  3967  422  270  127  5854999  0  1813  129  129  7.67412256774  
1441313926  0  5499  422  0  0  0  225  3967  0  88547028  234  0  4872  4872  0  0  3967  354  0  128101  225  3967  0  3967  422  270  127  0  0  0  0  0  7.67412256774  
1441313926  0  7803  422  0  0  0  236  4153  0  97829533  236  0  5058  5058  0  0  4153  354  0  132655  229  4153  0  4153  422  271  127  9282505  0  2304  186  186  5.40817634243  
1441313927  0  10937  422  0  0  0  250  4441  0  110010803  250  0  5346  5346  0  0  4441  354  0  138259  229  4441  0  4441  422  271  127  12181270  0  3134  288  288  3.85846210112  
1441313927  0  14191  422  0  0  0  270  4767  0  123166877  270  0  5672  5672  0  0  4767  354  0  144134  231  4767  0  4767  422  273  127  13156074  0  3254  326  326  2.97371573533  
1441313928  0  15428  422  0  0  0  285  5193  0  136162845  285  0  6098  6098  0  0  5193  354  0  150115  231  5193  0  5193  422  274  127  12995968  0  1237  426  426  2.73528649209  
1441313928  0  17025  422  0  0  0  291  5286  0  143711337  291  0  6191  6191  0  0  5286  354  0  153914  232  5286  0  5286  422  274  127  7548492  0  1597  93  93  2.47870778267  
1441313929  0  18252  422  0  0  0  294  5380  0  150542982  294  0  6285  6285  0  0  5380  354  0  158062  236  5380  0  5380  422  276  127  6831645  0  1227  94  94  2.312075389  
1441313929  0  18252  422  0  0  0  294  5380  0  150542982  294  0  6285  6285  0  0  5380  354  0  158062  236  5380  0  5380  422  276  127  0  0  0  0  0  2.312075389  
1441313930  0  18740  422  0  0  0  294  5380  0  154828920  294  0  6285  6285  0  0  5380  354  0  162399  236  5380  0  5380  422  277  127  4285938  0  488  0  0  2.25186766275  
1441313930  0  21070  422  0  0  0  329  6665  0  181208466  329  0  7570  7570  0  0  6665  354  0  166902  240  6665  0  6665  422  278  127  26379546  0  2330  1285  1285  2.00284765069  
1441313931  0  23614  422  0  0  0  368  8760  0  216807937  368  0  9665  9665  0  0  8760  354  0  168693  243  8760  0  8760  422  279  127  35599471  0  2544  2095  2095  1.78707546371  
1441313931  0  26880  426  0  0  0  443  12311  0  270885917  443  0  13220  13220  0  0  12311  354  0  170534  243  12311  0  12311  426  280  127  54077980  4  3266  3555  3555  1.58482142857  
1441313932  0  29627  426  0  0  0  474  14173  0  307041996  474  0  15082  15082  0  0  14173  354  0  176263  244  14173  0  14173  426  284  127  36156079  0  2747  1862  1862  1.43787761164  
1441313932  0  33090  426  0  0  0  531  18175  0  371199424  531  0  19084  19084  0  0  18175  354  0  178999  245  18175  0  18175  426  286  127  64157428  0  3463  4002  4002  1.28739800544  
1441313934  0  36132  426  0  0  0  633  22785  0  459727480  633  0  23694  23694  0  0  22785  354  0  184603  246  22785  0  22785  426  288  127  88528056  0  3042  4610  4610  1.17901029558  
1441313934  0  37475  435  0  0  0  603  19603  0  484310513  635  0  24294  24294  0  0  22790  354  0  190035  246  22790  0  19603  435  290  129  24583033  9  1343  600  600  1.16077384923  
1441313935  0  37955  435  0  0  0  562  17595  0  528688241  635  0  26224  26224  0  0  22790  354  0  194887  245  22790  0  17595  435  292  130  44377728  0  480  1930  1930  1.14609405875  
1441313935  0  39459  435  0  0  0  612  20971  0  583576328  635  0  29600  29600  0  0  22790  354  0  196525  246  22790  0  20971  435  292  130  54888087  0  1504  3376  3376  1.10241009656  
1441313936  0  41490  578  0  0  0  619  21977  0  609184016  635  0  30749  30749  0  0  22790  354  0  198499  247  22790  0  21977  578  293  130  25607688  143  2031  1149  1149  1.39310677272  
1441313936  0  44153  578  0  0  0  644  23076  0  630103297  644  0  31848  31848  0  0  23076  354  0  200036  249  23076  0  23076  578  293  130  20919281  0  2663  1099  1099  1.30908432043  
1441313937  0  44153  578  0  0  0  644  23076  0  630103297  644  0  31848  31848  0  0  23076  354  0  200036  249  23076  0  23076  578  293  130  0  0  0  0  0  1.30908432043  
1441313937  0  49941  578  0  0  0  704  25191  0  675185664  704  0  33963  33963  0  0  25191  354  0  203582  252  25191  0  25191  578  293  130  45082367  0  5788  2115  2115  1.15736569152  
1441313938  0  52968  2165  0  0  0  645  24288  0  742132451  708  0  37396  37396  0  0  25290  354  0  213181  248  25290  0  24288  2165  304  131  66946787  1587  3027  3433  3433  4.08737350853  
1441313938  0  53797  2190  0  0  0  668  25612  0  765531832  708  0  38745  38745  0  0  25612  354  0  216704  248  25612  0  25612  2190  304  131  23399381  25  829  1349  1349  4.07085896983  
1441313939  0  54652  2199  0  0  0  691  26883  0  797220965  708  0  40026  40026  0  0  26883  354  1  222171  249  26883  0  26883  2199  306  131  31689133  9  855  1281  1281  4.02364048891  
1441313939  0  56412  2199  0  0  0  708  27465  0  813721664  708  0  40609  40609  0  0  27465  354  2  226077  251  27465  0  27465  2199  306  131  16500699  0  1760  583  583  3.89810678579  
1441313940  0  58045  2200  0  0  0  721  28298  0  852739101  721  0  42484  42484  0  0  28298  354  3  229874  250  28298  0  28298  2200  307  132  39017437  1  1633  1875  1875  3.79016280472  
1441313940  0  58045  2200  0  0  0  721  28298  0  852739101  721  0  42484  42484  0  0  28298  354  3  229874  250  28298  0  28298  2200  307  132  0  0  0  0  0  3.79016280472  
1441313941  0  65433  6644  0  0  0  781  32167  0  1000343035  781  0  50797  50797  0  0  32167  354  3  230883  252  32167  0  32167  6644  308  132  147603934  4444  7388  8313  8313  10.1538978803  
1441313941  0  67577  6644  0  0  0  832  34204  0  1042074927  832  0  52834  52834  0  0  34204  354  3  232497  254  34204  0  34204  6644  308  132  41731892  0  2144  2037  2037  9.83174748805  
1441313942  0  70845  6648  0  0  0  883  35555  0  1074320858  883  0  54189  54189  0  0  35555  354  3  236839  255  35555  0  35555  6648  308  132  32245931  4  3268  1355  1355  9.38386618675  
1441313942  0  73770  6648  0  0  0  921  37468  0  1116148238  921  0  56102  56102  0  0  37468  354  3  239927  256  37468  0  37468  6648  308  132  41827380  0  2925  1913  1913  9.01179341196  
1441313943  0  76522  6648  0  0  0  943  38367  0  1142398089  943  0  57003  57003  0  0  38367  354  5  244381  256  38367  0  38367  6648  310  132  26249851  0  2752  901  901  8.68769765558  
1441313943  0  79043  6664  0  0  0  949  38497  0  1171536421  957  0  58116  58116  0  0  39085  354  5  249310  255  39085  0  38497  6664  312  133  29138332  16  2521  1113  1113  8.43085409208  
1441313944  0  79043  6664  0  0  0  949  38497  0  1171536421  957  0  58116  58116  0  0  39085  354  5  249310  255  39085  0  38497  6664  312  133  0  0  0  0  0  8.43085409208  
1441313944  0  81211  6664  0  0  0  957  38420  0  1220330626  983  0  60164  60164  0  0  40348  354  5  253514  255  40348  0  38420  6664  314  134  48794205  0  2168  2048  2048  8.20578493061  
1441313945  0  85705  10454  0  0  0  982  40705  0  1338284957  983  0  67007  67007  0  0  40705  354  5  256284  255  40705  0  40705  10454  315  135  117954331  3790  4494  6843  6843  12.1976547459  
1441313945  0  88451  11216  0  0  0  969  41220  0  1377935268  1001  0  68585  68585  0  0  41808  354  5  259981  253  41808  0  41220  11216  317  136  39650311  762  2746  1578  1578  12.6804671513  
1441313946  0  91107  11216  0  0  0  1015  43745  0  1427673203  1015  0  71110  71110  0  0  43745  354  5  263079  258  43745  0  43745  11216  320  136  49737935  0  2656  2525  2525  12.3107993897  
1441313946  0  95651  11216  0  0  0  1083  48106  0  1511207202  1083  0  75471  75471  0  0  48106  354  5  267127  259  48106  0  48106  11216  320  136  83533999  0  4544  4361  4361  11.7259620914  
1441313947  0  98947  11216  0  0  0  1130  51182  0  1571253763  1130  0  78547  78547  0  0  51182  354  5  269735  260  51182  0  51182  11216  320  136  60046561  0  3296  3076  3076  11.3353613551  
1441313947  0  98947  11216  0  0  0  1130  51182  0  1571253763  1130  0  78547  78547  0  0  51182  354  5  269735  260  51182  0  51182  11216  320  136  0  0  0  0  0  11.3353613551  
1441313948  0  100644  11221  0  0  0  1132  51630  0  1581499112  1132  0  79000  79000  0  0  51630  354  5  271702  259  51630  0  51630  11221  324  136  10245349  5  1697  453  453  11.1491991574  
1441313948  0  101732  11221  0  0  0  1179  54475  0  1636488291  1179  0  81846  81846  0  0  54475  354  6  275363  260  54475  0  54475  11221  324  136  54989179  0  1088  2846  2846  11.0299610742  
1441313949  0  104100  11221  0  0  0  1206  56132  0  1671700357  1206  0  83504  83504  0  0  56132  354  7  280614  260  56132  0  56132  11221  324  136  35212066  0  2368  1658  1658  10.7790585975  
1441313949  0  109238  15684  0  0  0  1201  56041  0  1747786969  1243  0  88082  88082  0  0  58775  354  8  283770  259  58775  0  56041  15684  325  137  76086612  4463  5138  4578  4578  14.3576411139  
1441313950  0  111781  16403  0  0  0  1255  59607  0  1836663294  1255  0  92367  92367  0  0  59607  354  8  287857  262  59607  0  59607  16403  327  137  88876325  719  2543  4285  4285  14.6742290729  
1441313951  0  113765  16403  0  0  0  1295  62232  0  1889119203  1295  0  94992  94992  0  0  62232  354  8  290950  262  62232  0  62232  16403  327  137  52455909  0  1984  2625  2625  14.4183184635  
1441313951  0  113765  16403  0  0  0  1295  62232  0  1889119203  1295  0  94992  94992  0  0  62232  354  8  290950  262  62232  0  62232  16403  327  137  0  0  0  0  0  14.4183184635  
1441313952  0  116862  17369  0  0  0  1248  59767  0  1961999936  1311  0  97845  97845  0  0  63549  354  8  293898  260  63549  0  59767  17369  330  139  72880733  966  3097  2853  2853  14.8628296623  
1441313952  0  120664  18163  0  0  0  1283  62029  0  2024582674  1311  0  100901  100901  0  0  63549  354  8  297439  261  63549  0  62029  18163  331  139  62582738  794  3802  3056  3056  15.0525425976  
1441313953  0  123166  18163  0  0  0  1308  62998  0  2050528096  1311  0  101870  101870  0  0  63549  354  8  300997  263  63549  0  62998  18163  331  139  25945422  0  2502  969  969  14.7467645292  
1441313953  0  124537  18163  0  0  0  1303  62479  0  2090546922  1313  0  103249  103249  0  0  63549  354  8  306161  261  63549  0  62479  18163  336  141  40018826  0  1371  1379  1379  14.5844206943  
1441313954  0  124537  18163  0  0  0  1322  63726  0  2118007894  1322  0  104497  104497  0  0  63726  354  9  309405  261  63726  0  63726  18163  336  141  27460972  0  0  1248  1248  14.5844206943  
1441313954  0  125273  18163  0  0  0  1402  68747  0  2195322993  1402  0  109518  109518  0  0  68747  354  9  310770  261  68747  0  68747  18163  336  141  77315099  0  736  5021  5021  14.4987347633  
1441313955  0  125273  18163  0  0  0  1402  68747  0  2195322993  1402  0  109518  109518  0  0  68747  354  9  310770  261  68747  0  68747  18163  336  141  0  0  0  0  0  14.4987347633  
1441313955  0  130869  21958  0  0  0  1345  66057  0  2253812095  1410  0  111897  111897  0  0  69335  354  9  316892  258  69335  0  66057  21958  341  143  58489102  3795  5596  2379  2379  16.7786106717  
1441313956  0  132021  21958  0  0  0  1374  67776  0  2289134652  1410  0  113616  113616  0  0  69335  354  9  320169  258  69335  0  67776  21958  341  143  35322557  0  1152  1719  1719  16.6322024526  
1441313956  0  133624  21958  0  0  0  1412  69814  0  2348238308  1412  0  117191  117191  0  0  69814  354  10  322086  261  69814  0  69814  21958  344  144  59103656  0  1603  3575  3575  16.4326767647  
1441313957  0  137140  23065  0  0  0  1433  71814  0  2418792731  1433  0  120298  120298  0  0  71814  354  10  324908  260  71814  0  71814  23065  345  144  70554423  1107  3516  3107  3107  16.8185795537  
1441313957  0  138260  23065  0  0  0  1454  73271  0  2447691069  1454  0  121755  121755  0  0  73271  354  10  326993  261  73271  0  73271  23065  345  144  28898338  0  1120  1457  1457  16.6823376248  
1441313958  0  144046  27060  0  0  0  1291  64265  0  2499168233  1455  0  123912  123912  0  0  73344  354  11  336841  257  73344  0  64265  27060  354  147  51477164  3995  5786  2157  2157  18.7856656901  
1441313958  0  144046  27060  0  0  0  1291  64265  0  2499168233  1455  0  123912  123912  0  0  73344  354  11  336841  257  73344  0  64265  27060  354  147  0  0  0  0  0  18.7856656901  
1441313959  0  149229  31503  0  0  0  1279  62548  0  2581146187  1455  0  126639  126639  0  0  73344  354  12  345498  258  73344  0  62548  31503  354  147  81977954  4443  5183  2727  2727  21.1105080112  
1441313959  0  149933  31503  0  0  0  1334  65685  0  2633324108  1455  0  129776  129776  0  0  73344  354  12  347909  260  73344  0  65685  31503  354  147  52177921  0  704  3137  3137  21.0113850853  
1441313960  0  152017  32307  0  0  0  1349  66765  0  2678824896  1455  0  131660  131660  0  0  73344  354  12  353002  260  73344  0  66765  32307  357  147  45500788  804  2084  1884  1884  21.2522283692  
1441313960  0  153937  32307  0  0  0  1400  69369  0  2728487741  1455  0  134264  134264  0  0  73344  354  12  356743  262  73344  0  69369  32307  357  147  49662845  0  1920  2604  2604  20.9871570837  
1441313961  0  160275  38240  0  0  0  1400  70005  0  2835245558  1455  0  140833  140833  0  0  73344  354  12  361464  261  73344  0  70005  38240  358  147  106757817  5933  6338  6569  6569  23.8589923569  
1441313961  0  166898  44077  0  0  0  1310  63975  0  2938553187  1455  0  144952  144952  0  0  73344  354  12  366788  260  73344  0  63975  44077  361  149  103307629  5837  6623  4119  4119  26.4095435535  
1441313962  0  166898  44077  0  0  0  1310  63975  0  2938553187  1455  0  144952  144952  0  0  73344  354  12  366788  260  73344  0  63975  44077  361  149  0  0  0  0  0  26.4095435535  
1441313962  0  168950  44849  0  0  0  1338  66058  0  2990998103  1455  0  147807  147807  0  0  73344  354  12  369878  260  73344  0  66058  44849  362  149  52444916  772  2052  2855  2855  26.5457235869  
1441313963  0  172759  47154  0  0  0  1313  64129  0  3022118213  1455  0  148184  148184  0  0  73344  354  13  376928  260  73344  0  64129  47154  364  149  31120110  2305  3809  377  377  27.2946706105  
1441313963  0  174465  47154  0  0  0  1321  64697  0  3037405569  1455  0  148752  148752  0  0  73344  354  13  382378  261  73344  0  64697  47154  368  149  15287356  0  1706  568  568  27.027770613  
1441313964  0  175925  48262  0  0  0  1284  63135  0  3102291321  1455  0  151225  151225  0  0  73344  354  13  388052  261  73344  0  63135  48262  372  150  64885752  1108  1460  2473  2473  27.4332812278  
1441313964  0  176949  48262  0  0  0  1227  60302  0  3179962817  1455  0  154792  154792  0  0  73344  354  13  390975  260  73344  0  60302  48262  373  151  77671496  0  1024  3567  3567  27.2745254282  
1441313965  0  179445  50310  0  0  0  1300  64330  0  3288390614  1455  0  160868  160868  0  0  73344  354  13  393986  260  73344  0  64330  50310  375  151  108427797  2048  2496  6076  6076  28.0364457076  
1441313965  0  179445  50310  0  0  0  1300  64330  0  3288390614  1455  0  160868  160868  0  0  73344  354  13  393986  260  73344  0  64330  50310  375  151  0  0  0  0  0  28.0364457076  
1441313966  0  183806  52431  0  0  0  1353  67671  0  3384071970  1455  0  166331  166331  0  0  73344  354  14  397792  262  73344  0  67671  52431  377  151  95681356  2121  4361  5463  5463  28.5251841616  
1441313966  0  184578  52431  0  0  0  1377  69109  0  3416383601  1455  0  168022  168022  0  0  73344  354  14  400033  261  73344  0  69109  52431  379  152  32311631  0  772  1691  1691  28.4058771901  
1441313967  0  186950  54483  0  0  0  1375  69277  0  3478800259  1455  0  170242  170242  0  0  73344  354  14  409041  261  73344  0  69277  54483  381  152  62416658  2052  2372  2220  2220  29.1430863867  
1441313967  0  187865  54502  0  0  0  1418  72113  0  3535910354  1455  0  173097  173097  0  0  73344  354  14  413509  261  73344  0  72113  54502  381  152  57110095  19  915  2855  2855  29.0112580843  
1441313968  0  189159  54836  0  0  0  1406  71966  0  3548626938  1455  0  173284  173284  0  0  73344  354  14  418965  262  73344  0  71966  54836  382  152  12716584  334  1294  187  187  28.9893687321  
1441313969  0  196739  60121  0  0  0  1143  56991  0  3640924348  1455  0  176697  176697  0  0  73344  354  15  426098  256  73344  0  56991  60121  388  156  92297410  5285  7580  3413  3413  30.5587605914  
1441313969  0  196739  60121  0  0  0  1143  56991  0  3640924348  1455  0  176697  176697  0  0  73344  354  15  426098  256  73344  0  56991  60121  388  156  0  0  0  0  0  30.5587605914  
1441313970  0  207867  69904  0  0  0  1050  50845  0  3791201630  1455  0  182912  182912  0  0  73344  354  15  434985  256  73344  0  50845  69904  392  157  150277282  9783  11128  6215  6215  33.6291955914  
1441313970  0  211991  72908  0  0  0  1056  50339  0  3851380825  1455  0  185410  185410  0  0  73344  354  15  441332  258  73344  0  50339  72908  394  157  60179195  3004  4124  2498  2498  34.3920260766  
1441313971  0  213367  72908  0  0  0  1070  50708  0  3873285240  1455  0  186291  186291  0  0  73344  354  15  447106  258  73344  0  50708  72908  396  158  21904415  0  1376  881  881  34.1702325102  
1441313971  0  217207  73932  0  0  0  1128  52423  0  3938560213  1455  0  189030  189030  0  0  73344  354  15  453127  260  73344  0  52423  73932  399  158  65274973  1024  3840  2739  2739  34.0375770578  
1441313972  0  217770  73932  0  0  0  1186  56475  0  4000996137  1455  0  193082  193082  0  0  73344  354  15  454093  261  73344  0  56475  73932  401  158  62435924  0  563  4052  4052  33.9495798319  
1441313972  0  218506  73932  0  0  0  1254  60156  0  4075556315  1455  0  196763  196763  0  0  73344  354  15  456658  263  73344  0  60156  73932  403  158  74560178  0  736  3681  3681  33.8352264926  
1441313973  0  218506  73932  0  0  0  1254  60156  0  4075556315  1455  0  196763  196763  0  0  73344  354  15  456658  263  73344  0  60156  73932  403  158  0  0  0  0  0  33.8352264926  
1441313973  0  219908  74726  0  0  0  1289  62660  0  4136122790  1455  0  200061  200061  0  0  73344  354  15  460242  263  73344  0  62660  74726  405  158  60566475  794  1402  3298  3298  33.9805736945  
1441313974  0  223600  78049  0  0  0  1305  64440  0  4229469693  1455  0  205795  205795  0  0  73344  354  15  463264  262  73344  0  64440  78049  407  159  93346903  3323  3692  5734  5734  34.9056350626  
1441313974  0  227556  81420  0  0  0  1154  56074  0  4285438593  1455  0  209505  209505  0  0  73344  354  15  466406  260  73344  0  56074  81420  410  161  55968900  3371  3956  3710  3710  35.7802035543  
1441313975  0  228583  81935  0  0  0  1164  56286  0  4307178690  1455  0  210232  210232  0  0  73344  354  15  473780  260  73344  0  56286  81935  414  161  21740097  515  1027  727  727  35.8447478596  
1441313975  0  229127  81935  0  0  0  1203  58931  0  4356213998  1455  0  212877  212877  0  0  73344  354  15  476793  261  73344  0  58931  81935  414  161  49035308  0  544  2645  2645  35.7596442148  
1441313976  0  229255  81935  0  0  0  1226  60824  0  4395512276  1455  0  214770  214770  0  0  73344  354  15  480173  262  73344  0  60824  81935  414  161  39298278  0  128  1893  1893  35.7396785239  
1441313976  0  229255  81935  0  0  0  1226  60824  0  4395512276  1455  0  214770  214770  0  0  73344  354  15  480173  262  73344  0  60824  81935  414  161  0  0  0  0  0  35.7396785239  
1441313977  0  232007  83471  0  0  0  1220  60243  0  4417838970  1455  0  215725  215725  0  0  73344  354  15  486614  262  73344  0  60243  83471  417  161  22326694  1536  2752  955  955  35.9777937735  
1441313977  0  237065  86475  0  0  0  1213  59176  0  4458786807  1455  0  217663  217663  0  0  73344  354  16  492406  264  73344  0  59176  86475  419  161  40947837  3004  5058  1938  1938  36.4773374391  
1441313978  0  239561  86475  0  0  0  1216  59212  0  4499571505  1455  0  219748  219748  0  0  73344  354  17  495393  266  73344  0  59212  86475  420  162  40784698  0  2496  2085  2085  36.0972779376  
1441313978  0  242505  86475  0  0  0  1257  61074  0  4546965080  1455  0  221611  221611  0  0  73344  354  18  498578  268  73344  0  61074  86475  420  162  47393575  0  2944  1863  1863  35.6590585761  
1441313979  0  252017  93043  0  0  0  1236  59193  0  4691282966  1455  0  227335  227335  0  0  73344  354  19  505821  267  73344  0  59193  93043  425  163  144317886  6568  9512  5724  5724  36.9193348068  
1441313979  0  255601  93043  0  0  0  1250  59480  0  4704144061  1455  0  227623  227623  0  0  73344  354  20  509978  267  73344  0  59480  93043  425  163  12861095  0  3584  288  288  36.4016572705  
1441313980  0  255601  93043  0  0  0  1250  59480  0  4704144061  1455  0  227623  227623  0  0  73344  354  20  509978  267  73344  0  59480  93043  425  163  0  0  0  0  0  36.4016572705  
1441313980  0  258673  93043  0  0  0  1289  60749  0  4734923917  1455  0  228894  228894  0  0  73344  354  22  516431  268  73344  0  60749  93043  425  163  30779856  0  3072  1271  1271  35.9693512659  
1441313981  0  262097  93043  0  0  0  1318  62370  0  4786867285  1455  0  231309  231309  0  0  73344  354  22  520433  267  73344  0  62370  93043  426  164  51943368  0  3424  2415  2415  35.4994524928  
1441313981  0  264146  93043  0  0  0  1365  65642  0  4838833965  1455  0  234582  234582  0  0  73344  354  23  521639  267  73344  0  65642  93043  426  164  51966680  0  2049  3273  3273  35.2240806221  
1441313982  0  274714  101141  0  0  0  1277  60082  0  4944378499  1455  0  240443  240443  0  0  73344  354  23  528252  266  73344  0  60082  101141  429  165  105544534  8098  10568  5861  5861  36.8168349629  
1441313982  0  284233  107239  0  0  0  1298  61103  0  5115691460  1455  0  249617  249617  0  0  73344  354  24  531577  267  73344  0  61103  107239  432  166  171312961  6098  9519  9174  9174  37.7292573347  
1441313983  0  287433  107239  0  0  0  1359  64935  0  5185056083  1455  0  253449  253449  0  0  73344  354  24  533191  268  73344  0  64935  107239  432  166  69364623  0  3200  3832  3832  37.3092164087  
1441313983  0  287433  107239  0  0  0  1359  64935  0  5185056083  1455  0  253449  253449  0  0  73344  354  24  533191  268  73344  0  64935  107239  432  166  0  0  0  0  0  37.3092164087  
1441313984  0  290409  107239  0  0  0  1397  66999  0  5248623806  1455  0  256797  256797  0  0  73344  354  24  536503  266  73344  0  66999  107239  434  168  63567723  0  2976  3348  3348  36.9268858747  
1441313984  0  293065  107239  0  0  0  1444  70303  0  5312331222  1455  0  260101  260101  0  0  73344  354  24  538054  266  73344  0  70303  107239  434  168  63707416  0  2656  3304  3304  36.5922235682  
1441313985  0  295405  107239  0  0  0  1371  65533  0  5360967179  1461  0  262503  262503  0  0  73344  354  25  539550  264  73344  0  65533  107239  438  171  48635957  0  2340  2402  2402  36.3023645504  
1441313985  0  301553  111423  0  0  0  1294  60980  0  5529931805  1461  0  271538  271538  0  0  73344  354  25  541369  263  73344  0  60980  111423  441  173  168964626  4184  6148  9035  9035  36.9497235975  
1441313986  0  308207  116029  0  0  0  1351  64717  0  5672733170  1461  0  279881  279881  0  0  73344  354  25  544463  264  73344  0  64717  116029  441  173  142801365  4606  6654  8343  8343  37.6464518976  
1441313986  0  312624  117309  0  0  0  1393  67722  0  5766092214  1461  0  284166  284166  0  0  73344  354  25  548143  263  73344  0  67722  117309  443  173  93359044  1280  4417  4285  4285  37.5239904806  
1441313987  0  312624  117309  0  0  0  1393  67722  0  5766092214  1461  0  284166  284166  0  0  73344  354  25  548143  263  73344  0  67722  117309  443  173  0  0  0  0  0  37.5239904806  
1441313987  0  319311  121756  0  0  0  1411  67671  0  5866978657  1461  0  288562  288562  0  0  73344  354  25  554198  265  73344  0  67671  121756  446  173  100886443  4447  6687  4396  4396  38.1308504875  
1441313988  0  322479  121756  0  0  0  1472  71532  0  5944655072  1472  0  292423  292423  0  0  73344  354  25  556612  265  73344  0  71532  121756  446  173  77676415  0  3168  3861  3861  37.7562569966  
1441313988  0  325590  121756  0  0  0  1504  74287  0  5998331536  1504  0  295178  295178  0  0  74287  354  25  559593  265  74287  0  74287  121756  447  173  53676464  0  3111  2755  2755  37.3954974047  
1441313989  0  329275  123807  0  0  0  1558  76945  0  6081251900  1558  0  299887  299887  0  0  77048  354  25  561396  266  77048  0  76945  123807  447  173  82920364  2051  3685  4709  4709  37.599878521  
1441313989  0  333346  126278  0  0  0  1566  77739  0  6166229701  1566  0  304688  304688  0  0  77874  354  25  562553  265  77874  0  77739  126278  448  174  84977801  2471  4071  4801  4801  37.8819604855  
1441313990  0  335319  126278  0  0  0  1523  75342  0  6193598546  1576  0  305696  305696  0  0  78142  354  25  567420  262  78142  0  75342  126278  453  177  27368845  0  1973  1008  1008  37.6590649501  
1441313990  0  335319  126278  0  0  0  1523  75342  0  6193598546  1576  0  305696  305696  0  0  78142  354  25  567420  262  78142  0  75342  126278  453  177  0  0  0  0  0  37.6590649501  
1441313991  0  341879  131398  0  0  0  1524  75693  0  6287593506  1576  0  311230  311230  0  0  78142  354  25  574640  261  78142  0  75693  131398  456  178  93994960  5120  6560  5534  5534  38.4340658537  
1441313991  0  344471  131398  0  0  0  1594  80221  0  6356048207  1594  0  315758  315758  0  0  80221  354  25  575318  264  80221  0  80221  131398  456  178  68454701  0  2592  4528  4528  38.1448656055  
1441313992  0  350670  134780  0  0  0  1516  75691  0  6474291258  1603  0  320502  320502  0  0  80995  354  25  578513  265  80995  0  75691  134780  458  179  118243051  3382  6199  4744  4744  38.4349958651  
1441313992  0  350894  134780  0  0  0  1493  74722  0  6513590162  1603  0  322109  322109  0  0  80995  354  25  581112  264  80995  0  74722  134780  460  180  39298904  0  224  1607  1607  38.410460139  
1441313993  0  352743  134780  0  0  0  1392  68382  0  6562451311  1603  0  324217  324217  0  0  80995  354  25  584048  264  80995  0  68382  134780  462  181  48861149  0  1849  2108  2108  38.2091210882  
1441313994  0  356304  136580  0  0  0  1425  71262  0  6665490794  1603  0  328897  328897  0  0  80995  354  25  587178  263  80995  0  71262  136580  464  181  103039483  1800  3561  4680  4680  38.3324352239  
1441313994  0  356304  136580  0  0  0  1425  71262  0  6665490794  1603  0  328897  328897  0  0  80995  354  25  587178  263  80995  0  71262  136580  464  181  0  0  0  0  0  38.3324352239  
1441313995  0  363673  141517  0  0  0  1408  70506  0  6794781936  1603  0  334358  334358  0  0  80995  354  25  594853  262  80995  0  70506  141517  469  182  129291142  4937  7369  5461  5461  38.9132544896  
1441313995  0  366044  142599  0  0  0  1437  72736  0  6863046408  1603  0  337670  337670  0  0  80995  354  25  597943  263  80995  0  72736  142599  469  182  68264472  1082  2371  3312  3312  38.9567920796  
1441313996  0  370066  145999  0  0  0  1438  72636  0  6940399344  1603  0  340970  340970  0  0  80995  354  25  602720  262  80995  0  72636  145999  474  182  77352936  3400  4022  3300  3300  39.4521517783  
1441313996  0  371550  145999  0  0  0  1527  78735  0  7048899824  1603  0  347069  347069  0  0  80995  354  25  603756  263  80995  0  78735  145999  474  182  108500480  0  1484  6099  6099  39.294576773  
1441313997  0  373050  145999  0  0  0  1549  79889  0  7074674949  1603  0  348225  348225  0  0  80995  354  27  607675  265  80995  0  79889  145999  474  182  25775125  0  1500  1156  1156  39.1365768664  
1441313997  0  375430  146427  0  0  0  1468  74500  0  7134493067  1603  0  350684  350684  0  0  80995  354  27  611104  266  80995  0  74500  146427  477  183  59818118  428  2380  2459  2459  39.0024771595  
1441313998  0  375430  146427  0  0  0  1468  74500  0  7134493067  1603  0  350684  350684  0  0  80995  354  27  611104  266  80995  0  74500  146427  477  183  0  0  0  0  0  39.0024771595  
1441313998  0  377241  146446  0  0  0  1444  72941  0  7191068346  1603  0  353756  353756  0  0  80995  354  28  614490  265  80995  0  72941  146446  479  184  56575279  19  1811  3072  3072  38.8202766931  
1441313999  0  378809  146446  0  0  0  1485  75443  0  7255246785  1603  0  357665  357665  0  0  80995  354  28  616171  266  80995  0  75443  146446  480  185  64178439  0  1568  3909  3909  38.6595883414  
1441314000  0  383539  149262  0  0  0  1486  77069  0  7330867193  1603  0  362285  362285  0  0  80995  354  28  625187  265  80995  0  77069  149262  482  186  75620408  2816  4730  4620  4620  38.9170332091  
1441314000  0  384019  149262  0  0  0  1484  76998  0  7351703205  1603  0  363321  363321  0  0  80995  354  28  627942  264  80995  0  76998  149262  483  187  20836012  0  480  1036  1036  38.8683893245  
1441314001  0  389939  149262  0  0  0  1536  80285  0  7407232508  1603  0  366608  366608  0  0  80995  354  28  630333  265  80995  0  80285  149262  483  187  55529303  0  5920  3287  3287  38.2782948102  
1441314001  0  396190  151833  0  0  0  1372  70113  0  7458984674  1603  0  369254  369254  0  0  81508  354  28  639115  261  81508  0  70113  151833  488  190  51752166  2571  6251  2646  2646  38.3232792347  
1441314002  0  399555  154137  0  0  0  1377  69924  0  7541586321  1603  0  372398  372398  0  0  81508  354  29  645528  261  81508  0  69924  154137  490  191  82601647  2304  3365  3144  3144  38.5771670984  
1441314002  0  405442  158584  0  0  0  1359  68364  0  7617964785  1603  0  375285  375285  0  0  81508  354  29  653881  261  81508  0  68364  158584  492  191  76378464  4447  5887  2887  2887  39.1138559893  
1441314003  0  410536  162845  0  0  0  1296  63981  0  7657348792  1603  0  377634  377634  0  0  81508  354  29  660954  261  81508  0  63981  162845  493  192  39384007  4261  5094  2349  2349  39.6664360738  
1441314004  0  417665  167824  0  0  0  1252  61060  0  7769836906  1603  0  386093  386093  0  0  81508  354  29  664260  260  81508  0  61060  167824  495  194  112488114  4979  7129  8459  8459  40.1814851616  
1441314004  0  417665  167824  0  0  0  1252  61060  0  7769836906  1603  0  386093  386093  0  0  81508  354  29  664260  260  81508  0  61060  167824  495  194  0  0  0  0  0  40.1814851616  
1441314005  0  418497  167824  0  0  0  1297  64506  0  7830309376  1603  0  389539  389539  0  0  81508  354  29  665858  261  81508  0  64506  167824  495  194  60472470  0  832  3446  3446  40.1016016841  
1441314005  0  420732  169104  0  0  0  1310  65732  0  7889330782  1603  0  392255  392255  0  0  81508  354  29  670165  259  81508  0  65732  169104  499  196  59021406  1280  2235  2716  2716  40.1928068224  
1441314006  0  426765  173825  0  0  0  1283  64078  0  7951198499  1603  0  395322  395322  0  0  81508  354  29  677512  261  81508  0  64078  173825  502  196  61867717  4721  6033  3067  3067  40.7308471876  
1441314006  0  428365  173825  0  0  0  1330  67123  0  8000267150  1603  0  398367  398367  0  0  81508  354  29  680605  261  81508  0  67123  173825  502  196  49068651  0  1600  3045  3045  40.5787120797  
1441314007  0  433110  177158  0  0  0  1252  62337  0  8064425775  1603  0  402290  402290  0  0  81508  354  29  685081  259  81508  0  62337  177158  508  197  64158625  3333  4745  3923  3923  40.9036965205  
1441314007  0  435318  177158  0  0  0  1289  64477  0  8101543744  1603  0  404431  404431  0  0  81508  354  30  689028  263  81508  0  64477  177158  508  197  37117969  0  2208  2141  2141  40.6962266665  
1441314008  0  435318  177158  0  0  0  1289  64477  0  8101543744  1603  0  404431  404431  0  0  81508  354  30  689028  263  81508  0  64477  177158  508  197  0  0  0  0  0  40.6962266665  
1441314008  0  438518  177158  0  0  0  1373  70031  0  8209452818  1603  0  409985  409985  0  0  81508  354  30  689329  265  81508  0  70031  177158  508  197  107909074  0  3200  5554  5554  40.3992538505  
1441314009  0  442030  177181  0  0  0  1433  73707  0  8278259399  1603  0  413684  413684  0  0  81508  354  30  692247  265  81508  0  73707  177181  508  197  68806581  23  3512  3699  3699  40.0834784969  
1441314009  0  448942  181628  0  0  0  1391  70561  0  8349992926  1603  0  415755  415755  0  0  81508  354  32  699873  264  81508  0  70561  181628  513  198  71733527  4447  6912  2071  2071  40.4568964365  
1441314010  0  450766  181628  0  0  0  1433  73187  0  8395383741  1603  0  418381  418381  0  0  81508  354  32  703154  264  81508  0  73187  181628  513  198  45390815  0  1824  2626  2626  40.2931898147  
1441314010  0  452974  181628  0  0  0  1482  75912  0  8442535480  1603  0  421106  421106  0  0  81508  354  32  704660  264  81508  0  75912  181628  513  198  47151739  0  2208  2725  2725  40.0967825968  
1441314011  0  455894  181628  0  0  0  1521  78380  0  8489333859  1603  0  423574  423574  0  0  81508  354  32  706231  264  81508  0  78380  181628  513  198  46798379  0  2920  2468  2468  39.8399627984  
1441314011  0  455894  181628  0  0  0  1521  78380  0  8489333859  1603  0  423574  423574  0  0  81508  354  32  706231  264  81508  0  78380  181628  513  198  0  0  0  0  0  39.8399627984  
1441314012  0  465472  189344  0  0  0  1465  74231  0  8587983086  1603  0  430033  430033  0  0  81508  354  32  714570  265  81508  0  74231  189344  519  200  98649227  7716  9578  6459  6459  40.6778495806  
1441314012  0  473408  194976  0  0  0  1460  73423  0  8696696658  1603  0  435286  435286  0  0  81508  354  33  721556  265  81508  0  73423  194976  521  201  108713572  5632  7936  5253  5253  41.1856157902  
1441314013  0  475392  194976  0  0  0  1404  70854  0  8735780790  1603  0  437010  437010  0  0  81508  354  33  725101  263  81508  0  70854  194976  524  203  39084132  0  1984  1724  1724  41.0137318255  
1441314013  0  479328  194976  0  0  0  1443  73250  0  8780351383  1603  0  439406  439406  0  0  81508  354  33  727917  264  81508  0  73250  194976  524  203  44570593  0  3936  2396  2396  40.6769477268  
1441314014  0  482656  194982  0  0  0  1492  76503  0  8833571553  1603  0  442665  442665  0  0  81508  354  33  728314  265  81508  0  76503  194982  524  203  53220170  6  3328  3259  3259  40.3977159716  
1441314014  0  487717  197579  0  0  0  1490  75540  0  8897138900  1603  0  445580  445580  0  0  81508  354  34  733199  266  81508  0  75540  197579  526  204  63567347  2597  5061  2915  2915  40.5109930554  
1441314015  0  490949  197579  0  0  0  1534  78193  0  8947563338  1603  0  448233  448233  0  0  81508  354  34  736317  267  81508  0  78193  197579  526  204  50424438  0  3232  2653  2653  40.2443023613  
1441314015  0  490949  197579  0  0  0  1534  78193  0  8947563338  1603  0  448233  448233  0  0  81508  354  34  736317  267  81508  0  78193  197579  526  204  0  0  0  0  0  40.2443023613  
1441314016  0  494246  198092  0  0  0  1586  81690  0  9013556604  1603  0  452243  452243  0  0  81690  354  34  738387  267  81690  0  81690  198092  528  204  65993266  513  3297  4010  4010  40.0796364563  
1441314016  0  498857  199397  0  0  0  1605  82631  0  9092514053  1651  0  456282  456282  0  0  85366  354  34  740656  266  85366  0  82631  199397  529  205  78957449  1305  4611  4039  4039  39.9707731875  
1441314017  0  500845  199397  0  0  0  1612  82980  0  9102967740  1651  0  456631  456631  0  0  85366  354  34  742454  266  85366  0  82980  199397  529  205  10453687  0  1988  349  349  39.8121175214  
1441314017  0  505742  199429  0  0  0  1671  86017  0  9154741853  1671  0  459700  459700  0  0  86017  354  34  744256  266  86017  0  86017  199429  529  205  51774113  32  4897  3069  3069  39.4329519795  
1441314018  0  508671  199436  0  0  0  1753  90885  0  9254347054  1753  0  465600  465600  0  0  90885  354  35  746728  265  90885  0  90885  199436  533  206  99605201  7  2929  5900  5900  39.2072675659  
1441314018  0  515147  203873  0  0  0  1756  91859  0  9387682109  1784  0  472536  472536  0  0  93384  354  35  750716  265  93384  0  91859  203873  537  207  133335055  4437  6476  6936  6936  39.5756939281  
1441314019  0  515147  203873  0  0  0  1756  91859  0  9387682109  1784  0  472536  472536  0  0  93384  354  35  750716  265  93384  0  91859  203873  537  207  0  0  0  0  0  39.5756939281  
1441314019  0  516811  203873  0  0  0  1774  93313  0  9444578506  1784  0  476042  476042  0  0  93384  354  35  752702  265  93384  0  93313  203873  538  208  56896397  0  1664  3506  3506  39.4482702574  
1441314020  0  521071  206177  0  0  0  1723  90602  0  9497110992  1807  0  477861  477861  0  0  95132  354  35  759444  264  95132  0  90602  206177  540  209  52532486  2304  4260  1819  1819  39.5679283629  
1441314020  0  525595  208993  0  0  0  1744  91691  0  9593558509  1807  0  481766  481766  0  0  95132  354  35  762474  265  95132  0  91691  208993  541  209  96447517  2816  4524  3905  3905  39.7631256005  
1441314021  0  531004  212797  0  0  0  1612  84469  0  9685736911  1807  0  484521  484521  0  0  95132  354  35  769009  262  95132  0  84469  212797  545  211  92178402  3804  5409  2755  2755  40.0744627159  
1441314021  0  532284  212797  0  0  0  1565  81789  0  9743617954  1807  0  487258  487258  0  0  95132  354  35  771628  261  95132  0  81789  212797  548  213  57881043  0  1280  2737  2737  39.9780944007  
1441314022  0  533532  212797  0  0  0  1579  83670  0  9836080386  1807  0  492211  492211  0  0  95132  354  35  772589  261  95132  0  83670  212797  549  214  92462432  0  1248  4953  4953  39.8845804938  
1441314022  0  533532  212797  0  0  0  1579  83670  0  9836080386  1807  0  492211  492211  0  0  95132  354  35  772589  261  95132  0  83670  212797  549  214  0  0  0  0  0  39.8845804938  
1441314023  0  533725  212797  0  0  0  1551  82434  0  9868429993  1807  0  493542  493542  0  0  95132  354  35  778652  260  95132  0  82434  212797  553  215  32349607  0  193  1331  1331  39.8701578528  
1441314023  0  533981  212797  0  0  0  1569  83619  0  9895183543  1807  0  494727  494727  0  0  95132  354  35  783113  260  95132  0  83619  212797  553  215  26753550  0  256  1185  1185  39.8510433892  
1441314024  0  534205  212797  0  0  0  1642  88930  0  9991777889  1807  0  500038  500038  0  0  95132  354  35  785255  260  95132  0  88930  212797  554  215  96594346  0  224  5311  5311  39.8343332616  
1441314024  0  537702  214918  0  0  0  1653  89666  0  10063070320  1807  0  502895  502895  0  0  95132  354  35  791613  263  95132  0  89666  214918  555  215  71292431  2121  3497  2857  2857  39.9697230064  
1441314025  0  538566  214918  0  0  0  1704  93009  0  10115536792  1807  0  506238  506238  0  0  95132  354  35  793075  264  95132  0  93009  214918  555  215  52466472  0  864  3343  3343  39.9056011705  
1441314025  0  543545  219281  0  0  0  1697  92694  0  10208881507  1807  0  512339  512339  0  0  95132  354  35  796404  264  95132  0  92694  219281  557  216  93344715  4363  4979  6101  6101  40.3427499103  
1441314026  0  543545  219281  0  0  0  1697  92694  0  10208881507  1807  0  512339  512339  0  0  95132  354  35  796404  264  95132  0  92694  219281  557  216  0  0  0  0  0  40.3427499103  
1441314026  0  554774  227768  0  0  0  1662  89204  0  10325433751  1807  0  517336  517336  0  0  95132  354  35  805349  266  95132  0  89204  227768  558  216  116552244  8487  11229  4997  4997  41.0559975774  
1441314027  0  559688  230076  0  0  0  1590  83943  0  10371086476  1807  0  518180  518180  0  0  95132  354  35  811297  266  95132  0  83943  230076  561  217  45652725  2308  4914  844  844  41.1079029745  
1441314027  0  565347  233431  0  0  0  1473  75888  0  10410631050  1807  0  519113  519113  0  0  95132  354  36  819481  266  95132  0  75888  233431  563  218  39544574  3355  5659  933  933  41.2898626861  
1441314028  0  567395  233431  0  0  0  1483  76116  0  10422886448  1807  0  519341  519341  0  0  95132  354  36  825571  266  95132  0  76116  233431  569  218  12255398  0  2048  228  228  41.1408278184  
1441314028  0  575698  239834  0  0  0  1474  74231  0  10520299355  1807  0  523861  523861  0  0  95132  354  38  834615  267  95132  0  74231  239834  571  218  97412907  6403  8303  4520  4520  41.6596896289  
1441314029  0  579762  242906  0  0  0  1508  76690  0  10611644895  1807  0  529392  529392  0  0  95132  354  38  838669  267  95132  0  76690  242906  572  218  91345540  3072  4064  5531  5531  41.8975372653  
1441314029  0  579762  242906  0  0  0  1508  76690  0  10611644895  1807  0  529392  529392  0  0  95132  354  38  838669  267  95132  0  76690  242906  572  218  0  0  0  0  0  41.8975372653  
1441314032  0  601312  258945  0  0  0  1543  81161  0  11085432467  1807  0  557137  557137  0  0  95132  354  39  856196  262  95132  0  81161  258945  579  223  473787572  16039  21550  27745  27745  43.0633348411  
1441314032  0  601312  258945  0  0  0  1543  81161  0  11085432467  1807  0  557137  557137  0  0  95132  354  39  856196  262  95132  0  81161  258945  579  223  0  0  0  0  0  43.0633348411  
1441314033  0  608768  264577  0  0  0  1564  81903  0  11192493714  1807  0  563511  563511  0  0  95132  354  39  861419  264  95132  0  81903  264577  580  223  107061247  5632  7456  6374  6374  43.4610557717  
1441314033  0  610610  264595  0  0  0  1586  82759  0  11211135531  1807  0  564385  564385  0  0  95132  354  39  865132  265  95132  0  82759  264595  580  223  18641817  18  1842  874  874  43.3328966116  
1441314034  0  613874  266643  0  0  0  1588  82787  0  11269453397  1807  0  567390  567390  0  0  95132  354  39  868243  264  95132  0  82787  266643  581  224  58317866  2048  3264  3005  3005  43.4361122967  
1441314034  0  619654  270246  0  0  0  1634  85597  0  11341301487  1807  0  573803  573803  0  0  95132  354  39  869324  265  95132  0  85597  270246  583  224  71848090  3603  5780  6413  6413  43.6124030507  
1441314035  0  622025  270246  0  0  0  1653  86301  0  11361728445  1807  0  574507  574507  0  0  95132  354  39  876109  267  95132  0  86301  270246  587  224  20426958  0  2371  704  704  43.4461637394  
1441314036  0  625262  271783  0  0  0  1452  73983  0  11393928617  1807  0  574990  574990  0  0  95132  354  39  880137  264  95132  0  73983  271783  592  226  32200172  1537  3237  483  483  43.467058609  
1441314036  0  625262  271783  0  0  0  1452  73983  0  11393928617  1807  0  574990  574990  0  0  95132  354  39  880137  264  95132  0  73983  271783  592  226  0  0  0  0  0  43.467058609  
1441314037  0  627502  271783  0  0  0  1525  78241  0  11453948333  1807  0  579248  579248  0  0  95132  354  39  884057  267  95132  0  78241  271783  593  226  60019716  0  2240  4258  4258  43.3118938266  
1441314037  0  627726  271783  0  0  0  1598  83429  0  11523298809  1807  0  584436  584436  0  0  95132  354  39  884893  267  95132  0  83429  271783  596  226  69350476  0  224  5188  5188  43.2964382549  
1441314038  0  627726  271783  0  0  0  1612  84557  0  11540712539  1807  0  585564  585564  0  0  95132  354  39  888314  267  95132  0  84557  271783  598  226  17413730  0  0  1128  1128  43.2964382549  
1441314038  0  627726  271783  0  0  0  1646  87156  0  11579417336  1807  0  588163  588163  0  0  95132  354  39  891396  267  95132  0  87156  271783  598  226  38704797  0  0  2599  2599  43.2964382549  
1441314039  0  627726  271783  0  0  0  1713  92272  0  11657674964  1807  0  593281  593281  0  0  95132  354  41  894010  267  95132  0  92272  271783  598  226  78257628  0  0  5118  5118  43.2964382549  
1441314039  0  630129  274122  0  0  0  1679  91451  0  11740950011  1807  0  598384  598384  0  0  95132  354  42  898684  266  95132  0  91451  274122  600  227  83275047  2339  2403  5103  5103  43.5025209124  
1441314040  0  632977  276810  0  0  0  1691  92845  0  11847860492  1807  0  604212  604212  0  0  95132  354  42  901764  265  95132  0  92845  276810  603  228  106910481  2688  2848  5828  5828  43.7314467982  
1441314040  0  632977  276810  0  0  0  1691  92845  0  11847860492  1807  0  604212  604212  0  0  95132  354  42  901764  265  95132  0  92845  276810  603  228  0  0  0  0  0  43.7314467982  
1441314041  0  643644  286997  0  0  0  1589  85162  0  11958657771  1807  0  609791  609791  0  0  95132  354  42  912334  264  95132  0  85162  286997  607  230  110797279  10187  10667  5579  5579  44.5894003517  
1441314041  0  644924  288277  0  0  0  1527  81312  0  11983117194  1807  0  610045  610045  0  0  95132  354  42  919071  262  95132  0  81312  288277  608  231  24459423  1280  1280  254  254  44.6993754303  
1441314042  0  646652  289045  0  0  0  1520  80662  0  11997787107  1807  0  610163  610163  0  0  95132  354  42  925470  262  95132  0  80662  289045  609  231  14669913  768  1728  118  118  44.6986941972  
1441314042  0  648705  289045  0  0  0  1523  80679  0  12004598681  1807  0  610180  610180  0  0  95132  354  42  929902  263  95132  0  80679  289045  609  231  6811574  0  2053  17  17  44.557233257  
1441314043  0  651489  290261  0  0  0  1523  79756  0  12023731777  1807  0  610473  610473  0  0  95132  354  42  935012  267  95132  0  79756  290261  612  231  19133096  1216  2784  293  293  44.5534767279  
1441314043  0  653605  290272  0  0  0  1544  80975  0  12045053587  1807  0  611703  611703  0  0  95132  354  42  937941  267  95132  0  80975  290272  612  231  21321810  11  2116  1230  1230  44.4109209691  
1441314044  0  653605  290272  0  0  0  1544  80975  0  12045053587  1807  0  611703  611703  0  0  95132  354  42  937941  267  95132  0  80975  290272  612  231  0  0  0  0  0  44.4109209691  
1441314044  0  656005  291552  0  0  0  1547  81062  0  12083015926  1807  0  613070  613070  0  0  95132  354  42  943095  267  95132  0  81062  291552  615  231  37962339  1280  2400  1367  1367  44.4435636923  
1441314045  0  658565  291552  0  0  0  1563  82284  0  12103870900  1807  0  614293  614293  0  0  95132  354  43  947451  267  95132  0  82284  291552  615  231  20854974  0  2560  1223  1223  44.270800908  
1441314045  0  660742  292064  0  0  0  1587  83251  0  12151305458  1807  0  616558  616558  0  0  95132  354  43  951191  267  95132  0  83251  292064  618  232  47434558  512  2177  2265  2265  44.2024269685  
1441314046  0  664459  293093  0  0  0  1627  85857  0  12218185504  1807  0  620193  620193  0  0  95132  354  43  954923  267  95132  0  85857  293093  620  232  66880046  1029  3717  3635  3635  44.1100203323  
1441314046  0  667275  293093  0  0  0  1688  90407  0  12286656675  1807  0  624743  624743  0  0  95132  354  43  955914  267  95132  0  90407  293093  620  232  68471171  0  2816  4550  4550  43.9238694691  
1441314047  0  670168  293234  0  0  0  1728  92544  0  12327732462  1807  0  627021  627021  0  0  95132  354  43  958329  267  95132  0  92544  293234  621  232  41075787  141  2893  2278  2278  43.7552971792  
1441314047  0  670168  293234  0  0  0  1728  92544  0  12327732462  1807  0  627021  627021  0  0  95132  354  43  958329  267  95132  0  92544  293234  621  232  0  0  0  0  0  43.7552971792  
1441314048  0  671896  293234  0  0  0  1730  92156  0  12374642465  1807  0  629329  629329  0  0  95132  354  43  961504  267  95132  0  92156  293234  624  234  46910003  0  1728  2308  2308  43.6427661424  
1441314048  0  673304  293234  0  0  0  1691  85763  0  12386769785  1807  0  630103  630103  0  0  95132  354  43  963953  267  95132  0  85763  293234  626  235  12127320  0  1408  774  774  43.5515012535  
1441314049  0  683422  301938  0  0  0  1465  72237  0  12519456530  1807  0  637833  637833  0  0  95132  354  44  971062  263  95132  0  72237  301938  630  239  132686745  8704  10118  7730  7730  44.1803161151  
1441314049  0  684691  301958  0  0  0  1480  73750  0  12568554900  1807  0  640646  640646  0  0  95132  354  44  975214  262  95132  0  73750  301958  631  240  49098370  20  1269  2813  2813  44.1013537494  
1441314050  0  691943  308110  0  0  0  1439  71645  0  12659887620  1807  0  644693  644693  0  0  95132  354  44  981889  262  95132  0  71645  308110  631  240  91332720  6152  7252  4047  4047  44.5282342621  
1441314050  0  692775  308110  0  0  0  1477  74110  0  12705966767  1807  0  647158  647158  0  0  95132  354  44  985283  263  95132  0  74110  308110  631  240  46079147  0  832  2465  2465  44.4747573166  
1441314051  0  692775  308110  0  0  0  1477  74110  0  12705966767  1807  0  647158  647158  0  0  95132  354  44  985283  263  95132  0  74110  308110  631  240  0  0  0  0  0  44.4747573166  
1441314051  0  694468  308199  0  0  0  1511  76949  0  12767430712  1807  0  650087  650087  0  0  95132  354  45  988063  263  95132  0  76949  308199  631  240  61463945  89  1693  2929  2929  44.3791506592  
