#type:G;
#time  Rt  Nm  Tt  Nc  Rx  Gz  Pc  Pf  Ra  Te  Pm  Fp  Fc  Ta  Fm  Om  Lm  Oc  Sm  Sc  Em  Af  Ea  Cf  Ec  Gd  Zt  Et  Ep  dedup_put_diff  total_eph_put_diff  dedup_factor  dedup_curr  compression_saving  tze_saving  
1441313900  0  0  4969  0  0  0  0  0  0  4895  0  0  0  0  0  0  0  0  0  0  0  0  0  0  0  0  0  0  0  0  0  0 0 0 0 
1441313900  0  0  4972  0  0  0  0  0  0  4896  0  0  0  0  0  0  0  0  0  0  0  0  0  0  0  0  0  0  0  0  0  0 0 0 0 
1441313901  0  0  4972  0  0  0  0  0  0  4896  0  0  0  0  0  0  0  0  0  0  0  0  0  0  0  0  0  0  0  0  0  0 0 0 0 
1441313901  0  0  4973  0  0  0  0  0  0  4896  0  0  0  0  0  0  0  0  0  0  0  0  0  0  0  0  0  0  0  0  0  0 0 0 0 
1441313902  0  0  4974  0  0  0  0  0  0  4896  0  0  0  0  0  0  0  0  0  0  0  0  0  0  0  0  0  0  0  0  0  0 0 0 0 
1441313902  0  0  4975  0  0  0  0  0  0  4896  0  0  0  0  0  0  0  0  0  0  0  0  0  0  0  0  0  0  0  0  0  0 0 0 0 
1441313903  0  0  4976  0  0  0  0  0  0  4896  0  0  0  0  0  0  0  0  0  0  0  0  0  0  0  0  0  0  0  0  0  0 0 0 0 
1441313903  0  0  4977  0  0  0  0  0  0  4896  0  0  0  0  0  0  0  0  0  0  0  0  0  0  0  0  0  0  0  0  0  0 0 0 0 
1441313904  0  0  4978  0  0  0  0  0  0  4896  0  0  0  0  0  0  0  0  0  0  0  0  0  0  0  0  0  0  0  0  0  0 0 0 0 
1441313904  0  0  4978  0  0  0  0  0  0  4896  0  0  0  0  0  0  0  0  0  0  0  0  0  0  0  0  0  0  0  0  0  0 0 0 0 
1441313905  0  0  4979  0  0  0  0  0  0  4896  0  0  0  0  0  0  0  0  0  0  0  0  0  0  0  0  0  0  0  0  0  0 0 0 0 
1441313905  0  0  4980  0  0  0  0  0  0  4896  0  0  0  0  0  0  0  0  0  0  0  0  0  0  0  0  0  0  0  0  0  0 0 0 0 
1441313906  0  0  4981  0  0  0  0  0  0  4896  0  0  0  0  0  0  0  0  0  0  0  0  0  0  0  0  0  0  0  0  0  0 0 0 0 
1441313906  0  0  4982  0  0  0  0  0  0  4896  0  0  0  0  0  0  0  0  0  0  0  0  0  0  0  0  0  0  0  0  0  0 0 0 0 
1441313907  0  0  4983  0  0  0  0  0  0  4896  0  0  0  0  0  0  0  0  0  0  0  0  0  0  0  0  0  0  0  0  0  0 0 0 0 
1441313907  0  0  4984  0  0  0  0  0  0  4896  0  0  0  0  0  0  0  0  0  0  0  0  0  0  0  0  0  0  0  0  0  0 0 0 0 
1441313908  0  0  4984  0  0  0  0  0  0  4896  0  0  0  0  0  0  0  0  0  0  0  0  0  0  0  0  0  0  0  0  0  0 0 0 0 
1441313908  0  0  4985  0  0  0  0  0  0  4896  0  0  0  0  0  0  0  0  0  0  0  0  0  0  0  0  0  0  0  0  0  0 0 0 0 
1441313909  0  0  4986  0  0  0  0  0  0  4896  0  0  0  0  0  0  0  0  0  0  0  0  0  0  0  0  0  0  0  0  0  0 0 0 0 
1441313909  0  0  4987  0  0  0  0  0  0  4896  0  0  0  0  0  0  0  0  0  0  0  0  0  0  0  0  0  0  0  0  0  0 0 0 0 
1441313910  0  0  4990  0  0  0  0  0  0  4898  0  0  0  0  0  0  0  0  0  0  0  0  0  0  0  0  0  0  0  0  0  0 0 0 0 
1441313910  0  234  8978  197  0  0  2820  0  0  5009  3422  0  2818  622  3420  354  0  219  3420  2818  3422  0  0  0  2820  2  0  0  3422  2  3422  0.0584453535944  0.0709219858156  100.0  100.0  
1441313911  0  234  9310  183  0  0  2647  0  0  5009  3422  0  2645  801  3420  354  0  191  3420  2645  3422  0  0  0  2647  2  0  0  3422  0  0  0.0584453535944  0.0755572346052  100.0  100.0  
1441313911  0  234  9310  183  0  0  2647  0  0  5009  3422  0  2645  801  3420  354  0  191  3420  2645  3422  0  0  0  2647  2  0  0  3422  0  0  0.0584453535944  0.0755572346052  100.0  100.0  
1441313912  0  234  9365  179  0  0  2617  0  0  5009  3422  0  2615  834  3420  354  0  189  3420  2615  3422  0  0  0  2617  2  0  0  3422  0  0  0.0584453535944  0.076423385556  100.0  100.0  
1441313912  0  234  9366  179  0  0  2617  0  0  5009  3422  0  2615  834  3420  354  0  189  3420  2615  3422  0  0  0  2617  2  0  0  3422  0  0  0.0584453535944  0.076423385556  100.0  100.0  
1441313913  0  234  9367  179  0  0  2617  0  0  5009  3422  0  2615  834  3420  354  0  189  3420  2615  3422  0  0  0  2617  2  0  0  3422  0  0  0.0584453535944  0.076423385556  100.0  100.0  
1441313913  0  234  9368  179  0  0  2617  0  0  5009  3422  0  2615  834  3420  354  0  189  3420  2615  3422  0  0  0  2617  2  0  0  3422  0  0  0.0584453535944  0.076423385556  100.0  100.0  
1441313914  0  234  9369  179  0  0  2617  0  0  5009  3422  0  2615  834  3420  354  0  189  3420  2615  3422  0  0  0  2617  2  0  0  3422  0  0  0.0584453535944  0.076423385556  100.0  100.0  
1441313914  0  234  9369  179  0  0  2617  0  0  5009  3422  0  2615  834  3420  354  0  189  3420  2615  3422  0  0  0  2617  2  0  0  3422  0  0  0.0584453535944  0.076423385556  100.0  100.0  
1441313915  0  234  9370  179  0  0  2617  0  0  5009  3422  0  2615  834  3420  354  0  189  3420  2615  3422  0  0  0  2617  2  0  0  3422  0  0  0.0584453535944  0.076423385556  100.0  100.0  
1441313915  0  234  9371  179  0  0  2617  0  0  5009  3422  0  2615  834  3420  354  0  189  3420  2615  3422  0  0  0  2617  2  0  0  3422  0  0  0.0584453535944  0.076423385556  100.0  100.0  
1441313916  0  234  9372  179  0  0  2617  0  0  5009  3422  0  2615  834  3420  354  0  189  3420  2615  3422  0  0  0  2617  2  0  0  3422  0  0  0.0584453535944  0.076423385556  100.0  100.0  
1441313916  0  234  9373  179  0  0  2617  0  0  5009  3422  0  2615  834  3420  354  0  189  3420  2615  3422  0  0  0  2617  2  0  0  3422  0  0  0.0584453535944  0.076423385556  100.0  100.0  
1441313917  0  234  9373  179  0  0  2617  0  0  5009  3422  0  2615  834  3420  354  0  189  3420  2615  3422  0  0  0  2617  2  0  0  3422  0  0  0.0584453535944  0.076423385556  100.0  100.0  
1441313917  0  234  16968  209  0  0  3027  0  0  5009  3422  0  3025  422  3420  354  0  226  3420  3025  3422  0  0  0  3027  2  0  0  3832  0  410  0.0521920668058  0.0660720185002  100.0  100.0  
1441313918  0  234  26020  209  0  0  3027  0  0  5009  3422  0  3025  422  3420  354  0  226  3420  3025  3422  0  0  0  3027  2  0  0  3832  0  0  0.0521920668058  0.0660720185002  100.0  100.0  
1441313918  0  234  33475  209  0  0  3027  0  0  5009  3422  0  3025  422  3420  354  0  226  3420  3025  3422  0  0  0  3027  2  0  0  3832  0  0  0.0521920668058  0.0660720185002  100.0  100.0  
1441313919  0  234  41246  209  0  0  3027  0  0  5009  3422  0  3025  422  3420  354  0  226  3420  3025  3422  0  0  0  3027  2  0  0  3832  0  0  0.0521920668058  0.0660720185002  100.0  100.0  
1441313919  0  234  41246  209  0  0  3027  0  0  5009  3422  0  3025  422  3420  354  0  226  3420  3025  3422  0  0  0  3027  2  0  0  3832  0  0  0.0521920668058  0.0660720185002  100.0  100.0  
1441313920  0  234  53916  209  0  0  3027  0  0  5009  3422  0  3025  422  3420  354  0  226  3420  3025  3422  0  0  0  3027  2  0  0  3832  0  0  0.0521920668058  0.0660720185002  100.0  100.0  
1441313920  0  234  59761  209  0  0  3027  0  0  5009  3422  0  3025  422  3420  354  0  226  3420  3025  3422  0  0  0  3027  2  0  0  3832  0  0  0.0521920668058  0.0660720185002  100.0  100.0  
1441313921  0  234  70435  209  0  0  3027  0  0  5009  3422  0  3025  422  3420  354  0  226  3420  3025  3422  0  0  0  3027  2  0  0  3832  0  0  0.0521920668058  0.0660720185002  100.0  100.0  
1441313921  0  234  77694  209  0  0  3027  0  0  5009  3422  0  3025  422  3420  354  0  226  3420  3025  3422  0  0  0  3027  2  0  0  3832  0  0  0.0521920668058  0.0660720185002  100.0  100.0  
1441313922  0  234  77694  209  0  0  3027  0  0  5009  3422  0  3025  422  3420  354  0  226  3420  3025  3422  0  0  0  3027  2  0  0  3832  0  0  0.0521920668058  0.0660720185002  100.0  100.0  
1441313922  0  234  107116  208  0  0  3698  0  0  5009  3698  0  3696  0  3696  354  0  223  3696  3696  3698  0  0  0  3698  2  0  0  4585  0  753  0.0436205016358  0.0540832882639  100.0  100.0  
1441313923  0  234  107117  208  0  0  3698  0  0  5009  3698  0  3696  0  3696  354  0  223  3696  3696  3698  0  0  0  3698  2  0  0  4585  0  0  0.0436205016358  0.0540832882639  100.0  100.0  
1441313923  0  234  123103  208  0  0  3682  0  0  5009  3698  0  3680  16  3696  354  0  223  3696  3680  3698  0  0  0  3682  2  0  0  4585  0  0  0.0436205016358  0.0543183052689  100.0  100.0  
1441313924  0  234  130954  207  0  0  3680  0  0  5009  3698  0  3678  18  3696  354  0  222  3696  3678  3698  0  0  0  3680  2  0  0  4585  0  0  0.0436205016358  0.054347826087  100.0  100.0  
1441313924  0  234  139071  217  0  0  3838  0  0  5009  3838  0  3836  0  3836  354  0  225  3836  3836  3838  0  0  0  3838  2  0  0  4743  0  158  0.0421674045962  0.0521104742053  100.0  100.0  
1441313925  0  234  143800  225  0  0  3967  0  0  5009  3967  0  3965  0  3965  354  0  225  3965  3965  3967  0  0  0  3967  2  0  0  4872  0  129  0.0410509031199  0.0504159314343  100.0  100.0  
1441313926  0  234  143800  225  0  0  3967  0  0  5009  3967  0  3965  0  3965  354  0  225  3965  3965  3967  0  0  0  3967  2  0  0  4872  0  0  0.0410509031199  0.0504159314343  100.0  100.0  
1441313926  0  236  150846  236  0  0  4153  0  0  5009  4153  0  4151  0  4151  354  0  229  4151  4151  4153  0  0  0  4153  2  0  0  5058  0  186  0.0395413206801  0.0481579581026  100.0  100.0  
1441313927  0  250  159873  250  0  0  4441  0  0  5009  4441  0  4439  0  4439  354  0  229  4439  4439  4441  0  0  0  4441  2  0  0  5346  0  288  0.0374111485223  0.0450349020491  100.0  100.0  
1441313927  0  270  169331  270  0  0  4767  0  0  5009  4767  0  4737  0  4737  354  0  231  4737  4737  4767  0  0  0  4767  30  0  0  5672  28  326  0.528913963329  0.629326620516  100.0  100.0  
1441313928  0  285  176977  285  0  0  5193  0  0  5009  5193  0  5163  0  5163  354  0  231  5163  5163  5193  0  0  0  5193  30  0  0  6098  0  426  0.49196457855  0.577700751011  100.0  100.0  
1441313928  0  291  182467  291  0  0  5286  0  0  5009  5286  0  5221  0  5221  354  0  232  5221  5221  5286  0  0  0  5286  65  0  0  6191  35  93  1.04991116136  1.22966326145  100.0  100.0  
1441313929  0  294  187939  294  0  0  5380  0  0  5009  5380  0  5315  0  5315  354  0  236  5315  5315  5380  0  0  0  5380  65  0  0  6285  0  94  1.03420843278  1.20817843866  100.0  100.0  
1441313929  0  294  187939  294  0  0  5380  0  0  5009  5380  0  5315  0  5315  354  0  236  5315  5315  5380  0  0  0  5380  65  0  0  6285  0  0  1.03420843278  1.20817843866  100.0  100.0  
1441313930  0  294  192766  294  0  0  5380  0  0  5009  5380  0  5315  0  5315  354  0  236  5315  5315  5380  0  0  0  5380  65  0  0  6285  0  0  1.03420843278  1.20817843866  100.0  100.0  
1441313930  0  329  200886  329  0  0  6665  0  0  5009  6665  0  6546  0  6546  354  0  240  6546  6546  6665  0  0  0  6665  119  0  0  7570  54  1285  1.57199471598  1.78544636159  100.0  100.0  
1441313931  0  368  207318  368  0  0  8760  0  0  5009  8760  0  8515  0  8515  354  0  243  8515  8515  8760  0  0  0  8760  245  0  0  9665  126  2095  2.53491981376  2.79680365297  100.0  100.0  
1441313931  0  443  215982  443  0  0  12311  0  0  5009  12311  0  11669  0  11669  354  0  243  11669  11669  12311  0  0  0  12311  646  0  0  13220  401  3555  4.88653555219  5.21484850946  100.0  100.0  
1441313932  0  474  226325  474  0  0  14173  0  0  5009  14173  0  13447  0  13447  354  0  244  13447  13447  14173  0  0  0  14173  730  0  0  15082  84  1862  4.84020686912  5.12241586114  100.0  100.0  
1441313933  0  531  236529  531  0  0  18175  0  0  5009  18175  0  17349  0  17349  354  0  245  17349  17349  18175  0  0  0  18175  830  0  0  19084  100  4002  4.34919304129  4.5447042641  100.0  100.0  
1441313934  0  633  249789  633  0  0  22785  0  0  5009  22785  0  21260  1  21261  354  0  246  21260  21260  22785  0  0  0  22785  1529  0  0  23694  699  4610  6.45311049211  6.69299978056  100.0  100.0  
1441313934  0  635  257167  603  0  0  19603  0  0  5009  22790  0  17926  3440  21265  354  0  246  21265  17926  22790  0  0  0  19603  1681  0  0  24294  152  600  6.91940396806  8.55481303882  100.0  100.0  
1441313935  0  635  264432  562  0  0  17595  0  0  5009  22790  0  15182  6300  21265  354  0  245  21265  15182  22790  0  0  0  17595  2417  0  0  26224  736  1930  9.21674801708  13.7141233305  100.0  100.0  
1441313935  0  635  270951  612  0  0  20971  0  0  5009  22790  0  17017  4384  21265  354  0  246  21265  17017  22790  0  0  0  20971  3958  0  0  29600  1541  3376  13.3716216216  18.8546087454  100.0  100.0  
1441313936  0  635  276107  619  0  0  21977  0  0  5009  22790  0  17661  3699  21265  354  0  247  21265  17661  22790  0  0  0  21977  4463  0  0  30749  505  1149  14.5142931477  19.6387132002  100.0  100.0  
1441313936  0  644  281407  644  0  0  23076  0  0  5009  23076  0  18383  2929  21265  354  0  249  21265  18383  23076  0  0  0  23076  4840  0  0  31848  377  1099  15.1971866365  20.3371468192  100.0  100.0  
1441313937  0  644  281407  644  0  0  23076  0  0  5009  23076  0  18383  2929  21265  354  0  249  21265  18383  23076  0  0  0  23076  4840  0  0  31848  0  0  15.1971866365  20.3371468192  100.0  100.0  
1441313937  0  704  292857  704  0  0  25191  0  0  5009  25191  0  19535  1687  21265  354  0  252  21265  19535  25191  0  0  0  25191  5803  0  0  33963  963  2115  17.0862409092  22.4524631813  100.0  100.0  
1441313938  0  708  308928  645  0  0  24288  0  0  5009  25290  0  18061  3218  21265  354  0  248  21265  18061  25290  0  0  0  24288  6853  0  0  37396  1050  3433  18.3254893572  25.6381752306  100.0  100.0  
1441313938  0  708  314630  668  0  0  25612  0  0  5009  25612  0  18764  2466  21265  354  0  248  21265  18764  25612  0  0  0  25612  7474  0  0  38745  621  1349  19.2902309975  26.7374668124  100.0  100.0  
1441313939  0  708  322236  691  0  0  26883  0  0  5009  26883  0  19043  2143  21265  354  0  249  21265  19043  26883  0  0  0  26883  8466  0  0  40026  992  1281  21.1512516864  29.1634118216  100.0  100.0  
1441313939  0  708  328486  708  0  0  27465  0  0  5009  27465  0  19090  2077  21265  354  0  251  21265  19090  27465  0  0  0  27465  9001  0  0  40609  535  583  22.165037307  30.4933551793  100.0  100.0  
1441313940  0  721  335793  721  0  0  28298  0  0  5009  28298  0  19033  2110  21265  354  0  250  21265  19033  28298  0  0  0  28298  9891  0  0  42484  890  1875  23.281706054  32.7408297406  100.0  100.0  
1441313940  0  721  335793  721  0  0  28298  0  0  5009  28298  0  19033  2110  21265  354  0  250  21265  19033  28298  0  0  0  28298  9891  0  0  42484  0  0  23.281706054  32.7408297406  100.0  100.0  
1441313941  0  781  352505  781  0  0  32167  0  0  5009  32167  0  19370  1651  21265  354  0  252  21265  19370  32167  0  0  0  32167  13423  0  0  50797  3532  8313  26.4247888655  39.78300743  100.0  100.0  
1441313941  0  832  358301  832  0  0  34204  0  0  5009  34204  0  20460  476  21265  354  0  254  21265  20460  34204  0  0  0  34204  14370  0  0  52834  947  2037  27.1983949729  40.1824348029  100.0  100.0  
1441313942  0  883  367267  883  0  0  35555  0  0  5009  35555  0  20886  1  21265  354  0  255  21265  20886  35555  0  0  0  35555  15295  0  0  54189  925  1355  28.2252855746  41.2572071439  100.0  100.0  
1441313942  0  921  375194  921  0  0  37468  0  0  5009  37468  0  22170  0  22170  354  0  256  22170  22170  37468  0  0  0  37468  15924  0  0  56102  629  1913  28.3840148301  40.8295078467  100.0  100.0  
1441313943  0  943  383304  943  0  0  38367  0  0  5009  38367  0  22545  0  22545  354  0  256  22545  22545  38367  0  0  0  38367  16448  0  0  57003  524  901  28.8546216866  41.2385643913  100.0  100.0  
1441313943  0  957  391870  949  0  0  38497  0  0  5009  39085  0  22214  767  22958  354  0  255  22957  22214  39085  0  0  0  38497  16909  0  0  58116  461  1113  29.0952577603  42.2968023482  100.0  100.0  
1441313944  0  957  391870  949  0  0  38497  0  0  5009  39085  0  22214  767  22958  354  0  255  22957  22214  39085  0  0  0  38497  16909  0  0  58116  0  0  29.0952577603  42.2968023482  100.0  100.0  
1441313944  0  983  400293  957  0  0  38420  0  0  5009  40348  0  20959  2158  23055  354  0  255  23055  20959  40348  0  0  0  38420  18087  0  0  60164  1178  2048  30.0628282694  45.4476834982  100.0  100.0  
1441313945  0  983  414402  982  0  0  40705  0  0  5009  40705  0  22122  941  23055  354  0  255  23055  22122  40705  0  0  0  40705  19977  0  0  67007  1890  6843  29.8133030877  45.652868198  100.0  100.0  
1441313945  0  1001  422426  969  0  0  41220  0  0  5009  41808  0  22668  362  23055  354  0  253  23055  22668  41808  0  0  0  41220  21009  0  0  68585  1032  1578  30.6320624043  45.0072780204  100.0  100.0  
1441313946  0  1015  430709  1015  0  0  43745  0  0  5009  43745  0  23181  1  23182  354  0  258  23181  23181  43745  0  0  0  43745  23021  0  0  71110  2012  2525  32.3737870904  47.0088010058  100.0  100.0  
1441313946  0  1083  443663  1083  0  0  48106  0  0  5009  48106  0  24937  0  24937  354  0  259  24937  24937  48106  0  0  0  48106  25626  0  0  75471  2605  4361  33.9547640816  48.1623913857  100.0  100.0  
1441313947  0  1130  452644  1130  0  0  51182  0  0  5009  51182  0  26054  1  26055  354  0  260  26054  26054  51182  0  0  0  51182  27585  0  0  78547  1959  3076  35.1191006658  49.0953850963  100.0  100.0  
1441313947  0  1130  452644  1130  0  0  51182  0  0  5009  51182  0  26054  1  26055  354  0  260  26054  26054  51182  0  0  0  51182  27585  0  0  78547  0  0  35.1191006658  49.0953850963  100.0  100.0  
1441313948  0  1132  456766  1132  0  0  51630  0  0  5009  51630  0  26054  1  26055  354  0  259  26054  26054  51630  0  0  0  51630  28038  0  0  79000  453  453  35.4911392405  49.5370908387  100.0  100.0  
1441313948  0  1179  464362  1179  0  0  54475  0  0  5009  54475  0  27208  0  27208  354  0  260  27208  27208  54475  0  0  0  54475  29730  0  0  81846  1692  2846  36.3243163991  50.0541532813  100.0  100.0  
1441313949  0  1206  473640  1206  0  0  56132  0  0  5009  56132  0  27904  0  27904  354  0  260  27904  27904  56132  0  0  0  56132  30691  0  0  83504  961  1658  36.7539279555  50.2886054301  100.0  100.0  
1441313949  0  1243  486515  1201  0  0  56041  0  0  5009  58775  0  27459  3155  30515  354  0  259  30515  27459  58775  0  0  0  56041  31046  0  0  88082  355  4578  35.2467019368  51.0019450046  100.0  100.0  
1441313950  0  1255  497432  1255  0  0  59607  0  0  5009  59607  0  27447  3103  30515  354  0  262  30515  27447  59607  0  0  0  59607  34624  0  0  92367  3578  4285  37.4852490608  53.9533947355  100.0  100.0  
1441313951  0  1295  505135  1295  0  0  62232  0  0  5009  62232  0  27522  2948  30515  354  0  262  30515  27522  62232  0  0  0  62232  37174  0  0  94992  2550  2625  39.1338217955  55.7751639028  100.0  100.0  
1441313951  0  1295  505135  1295  0  0  62232  0  0  5009  62232  0  27522  2948  30515  354  0  262  30515  27522  62232  0  0  0  62232  37174  0  0  94992  0  0  39.1338217955  55.7751639028  100.0  100.0  
1441313952  0  1311  514037  1248  0  0  59767  0  0  5009  63549  0  26638  3846  30515  354  0  260  30515  26638  63549  0  0  0  59767  39944  0  0  97845  2770  2853  40.8237518524  55.4302541536  100.0  100.0  
1441313952  0  1311  524438  1283  0  0  62029  0  0  5009  63549  0  26027  4476  30515  354  0  261  30515  26027  63549  0  0  0  62029  42817  0  0  100901  2873  3056  42.4346636802  58.0405939157  100.0  100.0  
1441313953  0  1311  531468  1308  0  0  62998  0  0  5009  63549  0  26203  4270  30515  354  0  263  30515  26203  63549  0  0  0  62998  43610  0  0  101870  793  969  42.8094630411  58.4066160831  100.0  100.0  
1441313953  0  1313  539388  1303  0  0  62479  0  0  5009  63549  0  24858  5636  30515  354  0  261  30515  24858  63549  0  0  0  62479  44691  0  0  103249  1081  1379  43.2846807233  60.2138318475  100.0  100.0  
1441313954  0  1322  543881  1322  0  0  63726  0  0  5009  63726  0  25209  5262  30515  354  0  261  30515  25209  63726  0  0  0  63726  45587  0  0  104497  896  1248  43.6251758424  60.4415780058  100.0  100.0  
1441313954  0  1402  551004  1402  0  0  68747  0  0  5009  68747  0  30161  62  30515  354  0  261  30515  30161  68747  0  0  0  68747  45656  0  0  109518  69  5021  41.6881243266  56.1275401108  100.0  100.0  
1441313955  0  1402  551004  1402  0  0  68747  0  0  5009  68747  0  30161  62  30515  354  0  261  30515  30161  68747  0  0  0  68747  45656  0  0  109518  0  0  41.6881243266  56.1275401108  100.0  100.0  
1441313955  0  1410  565107  1345  0  0  66057  0  0  5009  69335  0  31039  0  31039  354  0  258  31039  31039  69335  0  0  0  66057  46840  0  0  111897  1184  2379  41.8599247522  53.0117928456  100.0  100.0  
1441313956  0  1410  571256  1374  0  0  67776  0  0  5009  69335  0  31884  0  31884  354  0  258  31884  31884  69335  0  0  0  67776  47714  0  0  113616  874  1719  41.9958456555  52.9567988669  100.0  100.0  
1441313956  0  1412  578355  1412  0  0  69814  0  0  5009  69814  0  34426  0  34426  354  0  261  34426  34426  69814  0  0  0  69814  48746  0  0  117191  1032  3575  41.5953443524  50.6889735583  100.0  100.0  
1441313957  0  1433  587802  1433  0  0  71814  0  0  5009  71814  0  34507  296  34829  354  0  260  34829  34507  71814  0  0  0  71814  50665  0  0  120298  1919  3107  42.1162446591  51.9494806027  100.0  100.0  
1441313957  0  1454  592466  1454  0  0  73271  0  0  5009  73271  0  35616  0  35616  354  0  261  35616  35616  73271  0  0  0  73271  51013  0  0  121755  348  1457  41.8980740011  51.3914099712  100.0  100.0  
1441313958  0  1455  610266  1291  0  0  64265  0  0  5009  73344  0  26799  9147  35625  354  0  257  35625  26799  73344  0  0  0  64265  51864  0  0  123912  851  2157  41.8555103622  58.2992297518  100.0  100.0  
1441313958  0  1455  610266  1291  0  0  64265  0  0  5009  73344  0  26799  9147  35625  354  0  257  35625  26799  73344  0  0  0  64265  51864  0  0  123912  0  0  41.8555103622  58.2992297518  100.0  100.0  
1441313959  0  1455  626834  1279  0  0  62548  0  0  5009  73344  0  23484  12595  35625  354  0  258  35625  23484  73344  0  0  0  62548  53462  0  0  126639  1598  2727  42.2160629822  62.4544349939  100.0  100.0  
1441313959  0  1455  633087  1334  0  0  65685  0  0  5009  73344  0  24442  11631  35625  354  0  260  35625  24442  73344  0  0  0  65685  55641  0  0  129776  2179  3137  42.8746455431  62.7890690416  100.0  100.0  
1441313960  0  1455  642152  1349  0  0  66765  0  0  5009  73344  0  24395  11647  35625  354  0  260  35625  24395  73344  0  0  0  66765  56768  0  0  131660  1127  1884  43.1171198542  63.4613944432  100.0  100.0  
1441313960  0  1455  650418  1400  0  0  69369  0  0  5009  73344  0  25868  10066  35625  354  0  262  35625  25868  73344  0  0  0  69369  57899  0  0  134264  1131  2604  43.123249717  62.7095676743  100.0  100.0  
1441313961  0  1455  668048  1400  0  0  70005  0  0  5009  73344  0  29905  5931  35625  354  0  261  35625  29905  73344  0  0  0  70005  60431  0  0  140833  2532  6569  42.9096873602  57.2816227412  100.0  100.0  
1441313961  0  1455  684118  1310  0  0  63975  0  0  5009  73344  0  23942  12056  35625  354  0  260  35625  23942  73344  0  0  0  63975  62412  0  0  144952  1981  4119  43.0570119764  62.5760062524  100.0  100.0  
1441313962  0  1455  684118  1310  0  0  63975  0  0  5009  73344  0  23942  12056  35625  354  0  260  35625  23942  73344  0  0  0  63975  62412  0  0  144952  0  0  43.0570119764  62.5760062524  100.0  100.0  
1441313962  0  1455  692117  1338  0  0  66058  0  0  5009  73344  0  26610  9390  35625  354  0  260  35625  26610  73344  0  0  0  66058  62599  0  0  147807  187  2855  42.3518507243  59.7172182022  100.0  100.0  
1441313963  0  1455  703356  1313  0  0  64129  0  0  5009  73344  0  26610  9404  35625  354  0  260  35625  26610  73344  0  0  0  64129  62976  0  0  148184  377  377  42.4985153593  58.5055123267  100.0  100.0  
1441313963  0  1455  711085  1321  0  0  64697  0  0  5009  73344  0  26610  9404  35625  354  0  261  35625  26610  73344  0  0  0  64697  63544  0  0  148752  568  568  42.7180811014  58.8698084919  100.0  100.0  
1441313964  0  1455  720697  1284  0  0  63135  0  0  5009  73344  0  23323  12765  35625  354  0  261  35625  23323  73344  0  0  0  63135  65273  0  0  151225  1729  2473  43.1628368325  63.0585253821  100.0  100.0  
1441313964  0  1455  728213  1227  0  0  60302  0  0  5009  73344  0  23323  12828  35625  354  0  260  35625  23323  73344  0  0  0  60302  68840  0  0  154792  3567  3567  44.4725825624  61.3230075288  100.0  100.0  
1441313965  0  1455  739799  1300  0  0  64330  0  0  5009  73344  0  25946  10139  35625  354  0  260  35625  25946  73344  0  0  0  64330  72037  0  0  160868  3197  6076  44.7801924559  59.6673402767  100.0  100.0  
1441313965  0  1455  739799  1300  0  0  64330  0  0  5009  73344  0  25946  10139  35625  354  0  260  35625  25946  73344  0  0  0  64330  72037  0  0  160868  0  0  44.7801924559  59.6673402767  100.0  100.0  
1441313966  0  1455  753432  1353  0  0  67671  0  0  5009  73344  0  24704  11305  35625  354  0  262  35625  24704  73344  0  0  0  67671  76621  0  0  166331  4584  5463  46.0653756666  63.4939634408  100.0  100.0  
1441313966  0  1455  758139  1377  0  0  69109  0  0  5009  73344  0  24722  11243  35625  354  0  261  35625  24722  73344  0  0  0  69109  78294  0  0  168022  1673  1691  46.597469379  64.227524635  100.0  100.0  
1441313967  0  1455  771742  1375  0  0  69277  0  0  5009  73344  0  24765  11150  35625  354  0  261  35625  24765  73344  0  0  0  69277  80471  0  0  170242  2177  2220  47.268594119  64.2522049165  100.0  100.0  
1441313967  0  1455  779981  1418  0  0  72113  0  0  5009  73344  0  25801  10054  35625  354  0  261  35625  25801  73344  0  0  0  72113  82271  0  0  173097  1800  2855  47.5288422099  64.2214302553  100.0  100.0  
1441313968  0  1455  786920  1406  0  0  71966  0  0  5009  73344  0  25817  10036  35625  354  0  262  35625  25817  73344  0  0  0  71966  82438  0  0  173284  167  187  47.5739248863  64.1261151099  100.0  100.0  
1441313969  0  1455  805053  1143  0  0  56991  0  0  5009  73344  0  22340  13718  35625  354  0  256  35625  22340  73344  0  0  0  56991  85212  0  0  176697  2774  3413  48.2249274181  60.8008282009  100.0  100.0  
1441313969  0  1455  805053  1143  0  0  56991  0  0  5009  73344  0  22340  13718  35625  354  0  256  35625  22340  73344  0  0  0  56991  85212  0  0  176697  0  0  48.2249274181  60.8008282009  100.0  100.0  
1441313970  0  1455  831288  1050  0  0  50845  0  0  5009  73344  0  20956  15260  35625  354  0  256  35625  20956  73344  0  0  0  50845  88773  0  0  182912  3561  6215  48.5331744227  58.7845412528  100.0  100.0  
1441313970  0  1455  844260  1056  0  0  50339  0  0  5009  73344  0  18440  17842  35625  354  0  258  35625  18440  73344  0  0  0  50339  91038  0  0  185410  2265  2498  49.1009114934  63.3683625022  100.0  100.0  
1441313971  0  1455  852294  1070  0  0  50708  0  0  5009  73344  0  18689  17595  35625  354  0  258  35625  18689  73344  0  0  0  50708  91414  0  0  186291  376  881  49.0705401764  63.1438826221  100.0  100.0  
1441313971  0  1455  864898  1128  0  0  52423  0  0  5009  73344  0  19717  16573  35625  354  0  260  35625  19717  73344  0  0  0  52423  92872  0  0  189030  1458  2739  49.1308257948  62.3886462049  100.0  100.0  
1441313972  0  1455  870482  1186  0  0  56475  0  0  5009  73344  0  22643  13647  35625  354  0  261  35625  22643  73344  0  0  0  56475  93998  0  0  193082  1126  4052  48.6829429983  59.9061531651  100.0  100.0  
1441313972  0  1455  877467  1254  0  0  60156  0  0  5009  73344  0  22776  13491  35625  354  0  263  35625  22776  73344  0  0  0  60156  97546  0  0  196763  3548  3681  49.5753774846  62.1384400559  100.0  100.0  
1441313973  0  1455  877467  1254  0  0  60156  0  0  5009  73344  0  22776  13491  35625  354  0  263  35625  22776  73344  0  0  0  60156  97546  0  0  196763  0  0  49.5753774846  62.1384400559  100.0  100.0  
1441313973  0  1455  885754  1289  0  0  62660  0  0  5009  73344  0  23260  12923  35625  354  0  263  35625  23260  73344  0  0  0  62660  99566  0  0  200061  2020  3298  49.7678208147  62.879029684  100.0  100.0  
1441313974  0  1455  898205  1305  0  0  64440  0  0  5009  73344  0  23108  12982  35625  354  0  262  35625  23108  73344  0  0  0  64440  105076  0  0  205795  5510  5734  51.0585777108  64.1402855369  100.0  100.0  
1441313974  0  1455  909017  1154  0  0  56074  0  0  5009  73344  0  24926  11219  35625  354  0  260  35625  24926  73344  0  0  0  56074  106047  0  0  209505  971  3710  50.6178850147  55.548025823  100.0  100.0  
1441313975  0  1455  918150  1164  0  0  56286  0  0  5009  73344  0  25063  11085  35625  354  0  260  35625  25063  73344  0  0  0  56286  106634  0  0  210232  587  727  50.7220594391  55.4720534414  100.0  100.0  
1441313975  0  1455  924353  1203  0  0  58931  0  0  5009  73344  0  25502  10646  35625  354  0  261  35625  25502  73344  0  0  0  58931  108840  0  0  212877  2206  2645  51.1281162361  56.7256622151  100.0  100.0  
1441313976  0  1455  929755  1226  0  0  60824  0  0  5009  73344  0  25681  10467  35625  354  0  262  35625  25681  73344  0  0  0  60824  110554  0  0  214770  1714  1893  51.4755319644  57.7781796659  100.0  100.0  
1441313976  0  1455  929755  1226  0  0  60824  0  0  5009  73344  0  25681  10467  35625  354  0  262  35625  25681  73344  0  0  0  60824  110554  0  0  214770  0  0  51.4755319644  57.7781796659  100.0  100.0  
1441313977  0  1455  939907  1220  0  0  60243  0  0  5009  73344  0  25779  10371  35625  354  0  262  35625  25779  73344  0  0  0  60243  111158  0  0  215725  604  955  51.5276393557  57.2083063592  100.0  100.0  
1441313977  0  1455  952698  1213  0  0  59176  0  0  5009  73344  0  24770  11420  35625  354  0  264  35625  24770  73344  0  0  0  59176  111356  0  0  217663  198  1938  51.1598204564  58.141814249  100.0  100.0  
1441313978  0  1455  960268  1216  0  0  59212  0  0  5009  73344  0  24896  11295  35625  354  0  266  35625  24896  73344  0  0  0  59212  113058  0  0  219748  1702  2085  51.4489324135  57.9544686888  100.0  100.0  
1441313978  0  1455  968261  1257  0  0  61074  0  0  5009  73344  0  24963  11228  35625  354  0  268  35625  24963  73344  0  0  0  61074  114853  0  0  221611  1795  1863  51.8263985091  59.1266332646  100.0  100.0  
1441313979  0  1455  990746  1236  0  0  59193  0  0  5009  73344  0  19963  16194  35625  354  0  267  35625  19963  73344  0  0  0  59193  119124  0  0  227335  4271  5724  52.4002023446  66.2747284307  100.0  100.0  
1441313979  0  1455  998776  1250  0  0  59480  0  0  5009  73344  0  20087  16070  35625  354  0  267  35625  20087  73344  0  0  0  59480  119288  0  0  227623  164  288  52.4059519469  66.2289845326  100.0  100.0  
1441313980  0  1455  998776  1250  0  0  59480  0  0  5009  73344  0  20087  16070  35625  354  0  267  35625  20087  73344  0  0  0  59480  119288  0  0  227623  0  0  52.4059519469  66.2289845326  100.0  100.0  
1441313980  0  1455  1009573  1289  0  0  60749  0  0  5009  73344  0  20146  16011  35625  354  0  268  35625  20146  73344  0  0  0  60749  120499  0  0  228894  1211  1271  52.6440186287  66.8373141945  100.0  100.0  
1441313981  0  1455  1019416  1318  0  0  62370  0  0  5009  73344  0  19491  16666  35625  354  0  267  35625  19491  73344  0  0  0  62370  122775  0  0  231309  2276  2415  53.07834974  68.7493987494  100.0  100.0  
1441313981  0  1455  1025945  1365  0  0  65642  0  0  5009  73344  0  22019  14095  35625  354  0  267  35625  22019  73344  0  0  0  65642  123519  0  0  234582  744  3273  52.6549351613  66.4559276073  100.0  100.0  
1441313982  0  1455  1048991  1277  0  0  60082  0  0  5009  73344  0  19843  16296  35625  354  0  266  35625  19843  73344  0  0  0  60082  129090  0  0  240443  5571  5861  53.6884001614  66.9734695916  100.0  100.0  
1441313982  0  1455  1071013  1298  0  0  61103  0  0  5009  73344  0  21359  14811  35625  354  0  267  35625  21359  73344  0  0  0  61103  132956  0  0  249617  3866  9174  53.2640004487  65.0442695121  100.0  100.0  
1441313983  0  1455  1079660  1359  0  0  64935  0  0  5009  73344  0  22057  14077  35625  354  0  268  35625  22057  73344  0  0  0  64935  136090  0  0  253449  3134  3832  53.6952207347  66.0321860322  100.0  100.0  
1441313983  0  1455  1079660  1359  0  0  64935  0  0  5009  73344  0  22057  14077  35625  354  0  268  35625  22057  73344  0  0  0  64935  136090  0  0  253449  0  0  53.6952207347  66.0321860322  100.0  100.0  
1441313984  0  1455  1089299  1397  0  0  66999  0  0  5009  73344  0  22155  13915  35625  354  0  266  35625  22155  73344  0  0  0  66999  139340  0  0  256797  3250  3348  54.260758498  66.9323422738  100.0  100.0  
1441313984  0  1455  1096811  1444  0  0  70303  0  0  5009  73344  0  22164  13807  35625  354  0  266  35625  22164  73344  0  0  0  70303  142635  0  0  260101  3295  3304  54.8383128093  68.4736071007  100.0  100.0  
1441313985  0  1461  1103054  1371  0  0  65533  0  0  5009  73344  0  21968  14034  35625  354  0  264  35625  21968  73344  0  0  0  65533  144982  0  0  262503  2347  2402  55.2306068883  66.4779576702  100.0  100.0  
1441313985  0  1461  1120060  1294  0  0  60980  0  0  5009  73344  0  20494  15692  35625  354  0  263  35625  20494  73344  0  0  0  60980  151633  0  0  271538  6651  9035  55.8422762192  66.3922597573  100.0  100.0  
1441313986  0  1461  1138152  1351  0  0  64717  0  0  5009  73344  0  22747  13379  35625  354  0  264  35625  22747  73344  0  0  0  64717  157629  0  0  279881  5996  8343  56.3200074317  64.8515845914  100.0  100.0  
1441313986  0  1461  1150537  1393  0  0  67722  0  0  5009  73344  0  24078  11933  35625  354  0  263  35625  24078  73344  0  0  0  67722  160583  0  0  284166  2954  4285  56.510279203  64.4458226278  100.0  100.0  
1441313987  0  1461  1150537  1393  0  0  67722  0  0  5009  73344  0  24078  11933  35625  354  0  263  35625  24078  73344  0  0  0  67722  160583  0  0  284166  0  0  56.510279203  64.4458226278  100.0  100.0  
1441313987  0  1461  1167679  1411  0  0  67671  0  0  5009  73344  0  19768  16189  35625  354  0  265  35625  19768  73344  0  0  0  67671  164845  0  0  288562  4262  4396  57.1263714557  70.7880776108  100.0  100.0  
1441313988  0  1472  1177123  1472  0  0  71532  0  0  5009  73344  0  19918  16039  35625  354  0  265  35625  19918  73344  0  0  0  71532  168556  0  0  292423  3711  3861  57.6411568174  72.1551193871  100.0  100.0  
1441313988  0  1504  1185973  1504  0  0  74287  0  0  5009  74287  0  20748  15131  35625  354  0  265  35625  20748  74287  0  0  0  74287  170481  0  0  295178  1925  2755  57.7553205185  72.0704833955  100.0  100.0  
1441313989  0  1558  1196170  1558  0  0  76945  0  0  5009  77048  0  20758  15037  35625  354  0  266  35625  20758  77048  0  0  0  76945  175180  0  0  299887  4699  4709  58.4153364434  73.0222886477  100.0  100.0  
1441313989  0  1566  1206201  1566  0  0  77739  0  0  5009  77874  0  18456  17318  35625  354  0  265  35625  18456  77874  0  0  0  77739  179816  0  0  304688  4636  4801  59.0164364858  76.2590205688  100.0  100.0  
1441313990  0  1576  1214055  1523  0  0  75342  0  0  5009  78142  0  18636  17143  35625  354  0  262  35625  18636  78142  0  0  0  75342  180644  0  0  305696  828  1008  59.0926933947  75.264792546  100.0  100.0  
1441313990  0  1576  1214055  1523  0  0  75342  0  0  5009  78142  0  18636  17143  35625  354  0  262  35625  18636  78142  0  0  0  75342  180644  0  0  305696  0  0  59.0926933947  75.264792546  100.0  100.0  
1441313991  0  1576  1233373  1524  0  0  75693  0  0  5009  78142  0  18573  17219  35625  354  0  261  35625  18573  78142  0  0  0  75693  186064  0  0  311230  5420  5534  59.7834398998  75.4627244263  100.0  100.0  
1441313991  0  1594  1241172  1594  0  0  80221  0  0  5009  80221  0  22742  12923  35625  354  0  264  35625  22742  80221  0  0  0  80221  186423  0  0  315758  359  4528  59.0398343035  71.6508146246  100.0  100.0  
1441313992  0  1603  1255313  1516  0  0  75691  0  0  5009  80995  0  21877  13808  35625  354  0  265  35625  21877  80995  0  0  0  75691  190884  0  0  320502  4461  4744  59.557818672  71.0969600085  100.0  100.0  
1441313992  0  1603  1259746  1493  0  0  74722  0  0  5009  80995  0  19304  16386  35625  354  0  264  35625  19304  80995  0  0  0  74722  192491  0  0  322109  1607  1607  59.7595844885  74.1655737266  100.0  100.0  
1441313993  0  1603  1266642  1392  0  0  68382  0  0  5009  80995  0  19375  16352  35625  354  0  264  35625  19375  80995  0  0  0  68382  194528  0  0  324217  2037  2108  59.9993214421  71.6665204294  100.0  100.0  
1441313994  0  1603  1278016  1425  0  0  71262  0  0  5009  80995  0  21385  14347  35625  354  0  263  35625  21385  80995  0  0  0  71262  197086  0  0  328897  2558  4680  59.9233194587  69.9910190564  100.0  100.0  
1441313994  0  1603  1278016  1425  0  0  71262  0  0  5009  80995  0  21385  14347  35625  354  0  263  35625  21385  80995  0  0  0  71262  197086  0  0  328897  0  0  59.9233194587  69.9910190564  100.0  100.0  
1441313995  0  1603  1298527  1408  0  0  70506  0  0  5009  80995  0  19463  16315  35625  354  0  262  35625  19463  80995  0  0  0  70506  202390  0  0  334358  5304  5461  60.5309279276  72.3952571412  100.0  100.0  
1441313995  0  1603  1307301  1437  0  0  72736  0  0  5009  80995  0  18477  17306  35625  354  0  263  35625  18477  80995  0  0  0  72736  205609  0  0  337670  3219  3312  60.8905144076  74.5971733392  100.0  100.0  
1441313996  0  1603  1319406  1438  0  0  72636  0  0  5009  80995  0  15416  20383  35625  354  0  262  35625  15416  80995  0  0  0  72636  208646  0  0  340970  3037  3300  61.191893715  78.7763643372  100.0  100.0  
1441313996  0  1603  1328026  1527  0  0  78735  0  0  5009  80995  0  16798  19001  35625  354  0  263  35625  16798  80995  0  0  0  78735  213363  0  0  347069  4717  6099  61.4756719845  78.6651425668  100.0  100.0  
1441313997  0  1603  1334602  1549  0  0  79889  0  0  5009  80995  0  16797  19000  35625  354  0  265  35625  16797  80995  0  0  0  79889  214519  0  0  348225  1156  1156  61.6035609161  78.9745772259  100.0  100.0  
1441313997  0  1603  1342874  1468  0  0  74500  0  0  5009  80995  0  16796  19002  35625  354  0  266  35625  16796  80995  0  0  0  74500  216920  0  0  350684  2401  2459  61.8562580557  77.455033557  100.0  100.0  
1441313998  0  1603  1342874  1468  0  0  74500  0  0  5009  80995  0  16796  19002  35625  354  0  266  35625  16796  80995  0  0  0  74500  216920  0  0  350684  0  0  61.8562580557  77.455033557  100.0  100.0  
1441313998  0  1603  1351146  1444  0  0  72941  0  0  5009  80995  0  16780  19037  35625  354  0  265  35625  16780  80995  0  0  0  72941  219988  0  0  353756  3068  3072  62.1863657436  76.9951056333  100.0  100.0  
1441313999  0  1603  1358306  1485  0  0  75443  0  0  5009  80995  0  17664  18153  35625  354  0  266  35625  17664  80995  0  0  0  75443  221865  0  0  357665  1877  3909  62.0315099325  76.5862969394  100.0  100.0  
1441314000  0  1603  1376676  1486  0  0  77069  0  0  5009  80995  0  18729  17075  35625  354  0  265  35625  18729  80995  0  0  0  77069  225416  0  0  362285  3551  4620  62.2206274066  75.6984001349  100.0  100.0  
1441314000  0  1603  1380949  1484  0  0  76998  0  0  5009  80995  0  18135  17713  35625  354  0  264  35625  18135  80995  0  0  0  76998  226194  0  0  363321  778  1036  62.2573426804  76.4474401933  100.0  100.0  
1441314001  0  1603  1392549  1536  0  0  80285  0  0  5009  80995  0  20652  15059  35625  354  0  265  35625  20652  80995  0  0  0  80285  226964  0  0  366608  770  3287  61.9091781958  74.2766394719  100.0  100.0  
1441314001  0  1603  1410233  1372  0  0  70113  0  0  5009  81508  0  20225  15487  35625  354  0  261  35625  20225  81508  0  0  0  70113  229567  0  0  369254  2603  2646  62.1704842737  71.1537090126  100.0  100.0  
1441314002  0  1603  1423158  1377  0  0  69924  0  0  5009  81508  0  20276  15439  35625  354  0  261  35625  20276  81508  0  0  0  69924  232659  0  0  372398  3092  3144  62.4758994409  71.0028030433  100.0  100.0  
1441314002  0  1603  1440288  1359  0  0  68364  0  0  5009  81508  0  16264  19555  35625  354  0  261  35625  16264  81508  0  0  0  68364  235367  0  0  375285  2708  2887  62.7168685133  76.2097010122  100.0  100.0  
1441314003  0  1603  1454807  1296  0  0  63981  0  0  5009  81508  0  13804  22119  35625  354  0  261  35625  13804  81508  0  0  0  63981  237712  0  0  377634  2345  2349  62.9477218683  78.4248448758  100.0  100.0  
1441314004  0  1603  1473703  1252  0  0  61060  0  0  5009  81508  0  13804  22153  35625  354  0  260  35625  13804  81508  0  0  0  61060  246171  0  0  386093  8459  8459  63.7595087194  77.3927284638  100.0  100.0  
1441314004  0  1603  1473703  1252  0  0  61060  0  0  5009  81508  0  13804  22153  35625  354  0  260  35625  13804  81508  0  0  0  61060  246171  0  0  386093  0  0  63.7595087194  77.3927284638  100.0  100.0  
1441314005  0  1603  1479580  1297  0  0  64506  0  0  5009  81508  0  13804  22153  35625  354  0  261  35625  13804  81508  0  0  0  64506  249617  0  0  389539  3446  3446  64.0801049446  78.6004402691  100.0  100.0  
1441314005  0  1603  1488843  1310  0  0  65732  0  0  5009  81508  0  13927  22047  35625  354  0  259  35625  13927  81508  0  0  0  65732  252206  0  0  392255  2589  2716  64.2964398159  78.8124505568  100.0  100.0  
1441314006  0  1603  1505294  1283  0  0  64078  0  0  5009  81508  0  13929  22061  35625  354  0  261  35625  13929  81508  0  0  0  64078  255271  0  0  395322  3065  3067  64.5729304213  78.2624301632  100.0  100.0  
1441314006  0  1603  1513033  1330  0  0  67123  0  0  5009  81508  0  15126  20864  35625  354  0  261  35625  15126  81508  0  0  0  67123  257119  0  0  398367  1848  3045  64.5432478092  77.4652503613  100.0  100.0  
1441314007  0  1603  1526184  1252  0  0  62337  0  0  5009  81508  0  17950  18068  35625  354  0  259  35625  17950  81508  0  0  0  62337  258214  0  0  402290  1095  3923  64.1860349499  71.2049023854  100.0  100.0  
1441314007  0  1603  1534481  1289  0  0  64477  0  0  5009  81508  0  17949  18069  35625  354  0  263  35625  17949  81508  0  0  0  64477  260355  0  0  404431  2141  2141  64.3756289701  72.1621663539  100.0  100.0  
1441314008  0  1603  1534481  1289  0  0  64477  0  0  5009  81508  0  17949  18069  35625  354  0  263  35625  17949  81508  0  0  0  64477  260355  0  0  404431  0  0  64.3756289701  72.1621663539  100.0  100.0  
1441314008  0  1603  1543537  1373  0  0  70031  0  0  5009  81508  0  17949  18069  35625  354  0  265  35625  17949  81508  0  0  0  70031  265909  0  0  409985  5554  5554  64.8582265205  74.3699218917  100.0  100.0  
1441314009  0  1603  1553667  1433  0  0  73707  0  0  5009  81508  0  17949  18006  35625  354  0  265  35625  17949  81508  0  0  0  73707  269608  0  0  413684  3699  3699  65.1724504694  75.6481745289  100.0  100.0  
1441314009  0  1603  1570282  1391  0  0  70561  0  0  5009  81508  0  13827  22107  35625  354  0  264  35625  13827  81508  0  0  0  70561  271353  0  0  415755  1745  2071  65.2675253455  80.404189283  100.0  100.0  
1441314010  0  1603  1578014  1433  0  0  73187  0  0  5009  81508  0  13836  22098  35625  354  0  264  35625  13836  81508  0  0  0  73187  273970  0  0  418381  2617  2626  65.4833752011  81.095003211  100.0  100.0  
1441314010  0  1603  1584454  1482  0  0  75912  0  0  5009  81508  0  13836  22098  35625  354  0  264  35625  13836  81508  0  0  0  75912  276695  0  0  421106  2725  2725  65.7067341714  81.7736326273  100.0  100.0  
1441314011  0  1603  1591414  1521  0  0  78380  0  0  5009  81508  0  13836  22053  35625  354  0  264  35625  13836  81508  0  0  0  78380  279163  0  0  423574  2468  2468  65.9065476162  82.3475376372  100.0  100.0  
1441314011  0  1603  1591414  1521  0  0  78380  0  0  5009  81508  0  13836  22053  35625  354  0  264  35625  13836  81508  0  0  0  78380  279163  0  0  423574  0  0  65.9065476162  82.3475376372  100.0  100.0  
1441314012  0  1603  1615797  1465  0  0  74231  0  0  5009  81508  0  9553  26494  35625  354  0  265  35625  9553  81508  0  0  0  74231  285187  0  0  430033  6024  6459  66.3174686594  87.1307135833  100.0  100.0  
1441314012  0  1603  1635975  1460  0  0  73423  0  0  5009  81508  0  9709  26327  35625  354  0  265  35625  9709  81508  0  0  0  73423  290284  0  0  435286  5097  5253  66.688108508  86.776623129  100.0  100.0  
1441314013  0  1603  1643232  1404  0  0  70854  0  0  5009  81508  0  9709  26351  35625  354  0  263  35625  9709  81508  0  0  0  70854  292008  0  0  437010  1724  1724  66.8195235807  86.2971744714  100.0  100.0  
1441314013  0  1603  1652381  1443  0  0  73250  0  0  5009  81508  0  9793  26267  35625  354  0  264  35625  9793  81508  0  0  0  73250  294320  0  0  439406  2312  2396  66.9813338917  86.6307167235  100.0  100.0  
1441314014  0  1603  1659366  1492  0  0  76503  0  0  5009  81508  0  12817  23160  35625  354  0  265  35625  12817  81508  0  0  0  76503  294555  0  0  442665  235  3259  66.5412896886  83.2464086376  100.0  100.0  
1441314014  0  1603  1672230  1490  0  0  75540  0  0  5009  81508  0  13661  22280  35625  354  0  266  35625  13661  81508  0  0  0  75540  296626  0  0  445580  2071  2915  66.5707617038  81.915541435  100.0  100.0  
1441314015  0  1603  1681234  1534  0  0  78193  0  0  5009  81508  0  13757  22148  35625  354  0  267  35625  13757  81508  0  0  0  78193  299183  0  0  448233  2557  2653  66.7472051366  82.4063535099  100.0  100.0  
1441314015  0  1603  1681234  1534  0  0  78193  0  0  5009  81508  0  13757  22148  35625  354  0  267  35625  13757  81508  0  0  0  78193  299183  0  0  448233  0  0  66.7472051366  82.4063535099  100.0  100.0  
1441314016  0  1603  1690614  1586  0  0  81690  0  0  5009  81690  0  15028  20748  35625  354  0  267  35625  15028  81690  0  0  0  81690  301922  0  0  452243  2739  4010  66.7610112263  81.6036234545  100.0  100.0  
1441314016  0  1651  1701535  1605  0  0  82631  0  0  5009  85366  0  17950  17660  35625  354  0  266  35625  17950  85366  0  0  0  82631  303037  0  0  456282  1115  4039  66.4144103866  78.2769178638  100.0  100.0  
1441314017  0  1651  1705671  1612  0  0  82980  0  0  5009  85366  0  17950  17660  35625  354  0  266  35625  17950  85366  0  0  0  82980  303386  0  0  456631  349  349  66.4400796267  78.3682815136  100.0  100.0  
1441314017  0  1671  1715440  1671  0  0  86017  0  0  5009  86017  0  17950  17636  35625  354  0  266  35625  17950  86017  0  0  0  86017  306455  0  0  459700  3069  3069  66.6641287796  79.1320320402  100.0  100.0  
1441314018  0  1753  1726746  1753  0  0  90885  0  0  5009  90885  0  17949  17491  35625  354  0  265  35625  17949  90885  0  0  0  90885  312355  0  0  465600  5900  5900  67.0865549828  80.2508664796  100.0  100.0  
1441314018  0  1784  1744151  1756  0  0  91859  0  0  5009  93384  0  17950  17424  35625  354  0  265  35625  17950  93384  0  0  0  91859  319290  0  0  472536  6935  6936  67.5694550256  80.4591820072  100.0  100.0  
1441314019  0  1784  1744151  1756  0  0  91859  0  0  5009  93384  0  17950  17424  35625  354  0  265  35625  17950  93384  0  0  0  91859  319290  0  0  472536  0  0  67.5694550256  80.4591820072  100.0  100.0  
1441314019  0  1784  1751309  1774  0  0  93313  0  0  5009  93384  0  17945  17424  35625  354  0  265  35625  17945  93384  0  0  0  93313  322796  0  0  476042  3506  3506  67.8083026288  80.7690246804  100.0  100.0  
1441314020  0  1807  1764133  1723  0  0  90602  0  0  5009  95132  0  17944  17408  35625  354  0  264  35625  17944  95132  0  0  0  90602  324615  0  0  477861  1819  1819  67.9308418138  80.1946976888  100.0  100.0  
1441314020  0  1807  1775594  1744  0  0  91691  0  0  5009  95132  0  17944  17410  35625  354  0  265  35625  17944  95132  0  0  0  91691  328520  0  0  481766  3905  3905  68.1907814167  80.4299222388  100.0  100.0  
1441314021  0  1807  1790298  1612  0  0  84469  0  0  5009  95132  0  17940  17442  35625  354  0  262  35625  17940  95132  0  0  0  84469  331275  0  0  484521  2755  2755  68.371649526  78.7614391078  100.0  100.0  
1441314021  0  1807  1796938  1565  0  0  81789  0  0  5009  95132  0  17812  17586  35625  354  0  261  35625  17812  95132  0  0  0  81789  333997  0  0  487258  2722  2737  68.5462321809  78.2220102948  100.0  100.0  
1441314022  0  1807  1804102  1579  0  0  83670  0  0  5009  95132  0  17812  17659  35625  354  0  261  35625  17812  95132  0  0  0  83670  338950  0  0  492211  4953  4953  68.8627438233  78.7116051153  100.0  100.0  
1441314022  0  1807  1804102  1579  0  0  83670  0  0  5009  95132  0  17812  17659  35625  354  0  261  35625  17812  95132  0  0  0  83670  338950  0  0  492211  0  0  68.8627438233  78.7116051153  100.0  100.0  
1441314023  0  1807  1811694  1551  0  0  82434  0  0  5009  95132  0  17559  17912  35625  354  0  260  35625  17559  95132  0  0  0  82434  340281  0  0  493542  1331  1331  68.946715781  78.6993230948  100.0  100.0  
1441314023  0  1807  1817597  1569  0  0  83619  0  0  5009  95132  0  17559  17912  35625  354  0  260  35625  17559  95132  0  0  0  83619  341466  0  0  494727  1185  1185  69.0210964835  79.0011839414  100.0  100.0  
1441314024  0  1807  1825276  1642  0  0  88930  0  0  5009  95132  0  17560  17911  35625  354  0  260  35625  17560  95132  0  0  0  88930  346776  0  0  500038  5310  5311  69.3499294054  80.2541324637  100.0  100.0  
1441314024  0  1807  1837990  1653  0  0  89666  0  0  5009  95132  0  15754  19717  35625  354  0  263  35625  15754  95132  0  0  0  89666  349572  0  0  502895  2796  2857  69.5119259488  82.430352642  100.0  100.0  
1441314025  0  1807  1843660  1704  0  0  93009  0  0  5009  95132  0  15754  19659  35625  354  0  264  35625  15754  95132  0  0  0  93009  352915  0  0  506238  3343  3343  69.7132574007  83.0618542292  100.0  100.0  
1441314025  0  1807  1858072  1697  0  0  92694  0  0  5009  95132  0  14895  20520  35625  354  0  264  35625  14895  95132  0  0  0  92694  358795  0  0  512339  5880  6101  70.0307804013  83.9309987701  100.0  100.0  
1441314026  0  1807  1858072  1697  0  0  92694  0  0  5009  95132  0  14895  20520  35625  354  0  264  35625  14895  95132  0  0  0  92694  358795  0  0  512339  0  0  70.0307804013  83.9309987701  100.0  100.0  
1441314026  0  1807  1883245  1662  0  0  89204  0  0  5009  95132  0  14897  20490  35625  354  0  266  35625  14897  95132  0  0  0  89204  363790  0  0  517336  4995  4997  70.3198694852  83.3000762298  100.0  100.0  
1441314027  0  1807  1894955  1590  0  0  83943  0  0  5009  95132  0  11107  24450  35625  354  0  266  35625  11107  95132  0  0  0  83943  364634  0  0  518180  844  844  70.3682118183  86.7684023683  100.0  100.0  
1441314027  0  1807  1909734  1473  0  0  75888  0  0  5009  95132  0  10935  24725  35625  354  0  266  35625  10935  95132  0  0  0  75888  365552  0  0  519113  918  933  70.4185793845  85.5906072106  100.0  100.0  
1441314028  0  1807  1918107  1483  0  0  76116  0  0  5009  95132  0  11048  24612  35625  354  0  266  35625  11048  95132  0  0  0  76116  365667  0  0  519341  115  228  70.4098078141  85.4853118924  100.0  100.0  
1441314028  0  1807  1939977  1474  0  0  74231  0  0  5009  95132  0  12846  22834  35625  354  0  267  35625  12846  95132  0  0  0  74231  368376  0  0  523861  2709  4520  70.3194167919  82.6945615713  100.0  100.0  
1441314029  0  1807  1953628  1508  0  0  76690  0  0  5009  95132  0  13843  21848  35625  354  0  267  35625  13843  95132  0  0  0  76690  372910  0  0  529392  4534  5531  70.4411853598  81.9494067023  100.0  100.0  
1441314029  0  1807  1953628  1508  0  0  76690  0  0  5009  95132  0  13843  21848  35625  354  0  267  35625  13843  95132  0  0  0  76690  372910  0  0  529392  0  0  70.4411853598  81.9494067023  100.0  100.0  
1441314032  0  1807  2020462  1543  0  0  81161  0  0  5009  95132  0  7055  28673  35625  354  0  262  35625  7055  95132  0  0  0  81161  400302  0  0  557137  27392  27745  71.8498322675  91.3074013381  100.0  100.0  
1441314032  0  1807  2020462  1543  0  0  81161  0  0  5009  95132  0  7055  28673  35625  354  0  262  35625  7055  95132  0  0  0  81161  400302  0  0  557137  0  0  71.8498322675  91.3074013381  100.0  100.0  
1441314033  0  1807  2039517  1564  0  0  81903  0  0  5009  95132  0  7043  28721  35625  354  0  264  35625  7043  95132  0  0  0  81903  406654  0  0  563511  6352  6374  72.1643410688  91.4008033894  100.0  100.0  
1441314033  0  1807  2045947  1586  0  0  82759  0  0  5009  95132  0  7049  28715  35625  354  0  265  35625  7049  95132  0  0  0  82759  407522  0  0  564385  868  874  72.20638394  91.4824973719  100.0  100.0  
1441314034  0  1807  2055329  1588  0  0  82787  0  0  5009  95132  0  6375  29418  35625  354  0  264  35625  6375  95132  0  0  0  82787  410527  0  0  567390  3005  3005  72.3535839546  92.2995156244  100.0  100.0  
1441314034  0  1807  2068606  1634  0  0  85597  0  0  5009  95132  0  6388  29398  35625  354  0  265  35625  6388  95132  0  0  0  85597  416922  0  0  573803  6395  6413  72.6594318956  92.5371216281  100.0  100.0  
1441314035  0  1807  2078471  1653  0  0  86301  0  0  5009  95132  0  6388  29391  35625  354  0  267  35625  6388  95132  0  0  0  86301  417626  0  0  574507  704  704  72.692934986  92.5980000232  100.0  100.0  
1441314036  0  1807  2086225  1452  0  0  73983  0  0  5009  95132  0  6385  29416  35625  354  0  264  35625  6385  95132  0  0  0  73983  418109  0  0  574990  483  483  72.7158733195  91.3696389711  100.0  100.0  
1441314036  0  1807  2086225  1452  0  0  73983  0  0  5009  95132  0  6385  29416  35625  354  0  264  35625  6385  95132  0  0  0  73983  418109  0  0  574990  0  0  72.7158733195  91.3696389711  100.0  100.0  
1441314037  0  1807  2096645  1525  0  0  78241  0  0  5009  95132  0  6975  28826  35625  354  0  267  35625  6975  95132  0  0  0  78241  421777  0  0  579248  3668  4258  72.8145802834  91.0852366406  100.0  100.0  
1441314037  0  1807  2102897  1598  0  0  83429  0  0  5009  95132  0  11683  24107  35625  354  0  267  35625  11683  95132  0  0  0  83429  422257  0  0  584436  480  5188  72.2503404992  85.9964760455  100.0  100.0  
1441314038  0  1807  2107449  1612  0  0  84557  0  0  5009  95132  0  12165  23583  35625  354  0  267  35625  12165  95132  0  0  0  84557  422903  0  0  585564  646  1128  72.2214821949  85.6132549641  100.0  100.0  
1441314038  0  1807  2113131  1646  0  0  87156  0  0  5009  95132  0  12175  23496  35625  354  0  267  35625  12175  95132  0  0  0  87156  425492  0  0  588163  2589  2599  72.342530897  86.0307953555  100.0  100.0  
1441314039  0  1807  2120864  1713  0  0  92272  0  0  5009  95132  0  12175  23344  35625  354  0  267  35625  12175  95132  0  0  0  92272  430610  0  0  593281  5118  5118  72.5811209191  86.8053147217  100.0  100.0  
1441314039  0  1807  2133047  1679  0  0  91451  0  0  5009  95132  0  12217  23268  35625  354  0  266  35625  12217  95132  0  0  0  91451  435670  0  0  598384  5060  5103  72.8077622396  86.640933396  100.0  100.0  
1441314040  0  1807  2144807  1691  0  0  92845  0  0  5009  95132  0  12414  23053  35625  354  0  265  35625  12414  95132  0  0  0  92845  441301  0  0  604212  5631  5828  73.0374438111  86.6293284506  100.0  100.0  
1441314040  0  1807  2144807  1691  0  0  92845  0  0  5009  95132  0  12414  23053  35625  354  0  265  35625  12414  95132  0  0  0  92845  441301  0  0  604212  0  0  73.0374438111  86.6293284506  100.0  100.0  
1441314041  0  1807  2171628  1589  0  0  85162  0  0  5009  95132  0  12139  23425  35625  354  0  264  35625  12139  95132  0  0  0  85162  446851  0  0  609791  5550  5579  73.2793694889  85.7459899955  100.0  100.0  
1441314041  0  1807  2179901  1527  0  0  81312  0  0  5009  95132  0  12162  23417  35625  354  0  262  35625  12162  95132  0  0  0  81312  447076  0  0  610045  225  254  73.2857412158  85.042798111  100.0  100.0  
1441314042  0  1807  2188148  1520  0  0  80662  0  0  5009  95132  0  12161  23435  35625  354  0  262  35625  12161  95132  0  0  0  80662  447194  0  0  610163  118  118  73.2909075116  84.9235079715  100.0  100.0  
1441314042  0  1807  2194651  1523  0  0  80679  0  0  5009  95132  0  12161  23435  35625  354  0  263  35625  12161  95132  0  0  0  80679  447211  0  0  610180  17  17  73.2916516438  84.9266847631  100.0  100.0  
1441314043  0  1807  2202842  1523  0  0  79756  0  0  5009  95132  0  12161  23457  35625  354  0  267  35625  12161  95132  0  0  0  79756  447504  0  0  610473  293  293  73.304470468  84.7522443453  100.0  100.0  
1441314043  0  1807  2209118  1544  0  0  80975  0  0  5009  95132  0  12190  23428  35625  354  0  267  35625  12190  95132  0  0  0  80975  448705  0  0  611703  1201  1230  73.3534084351  84.9459709787  100.0  100.0  
1441314044  0  1807  2209118  1544  0  0  80975  0  0  5009  95132  0  12190  23428  35625  354  0  267  35625  12190  95132  0  0  0  80975  448705  0  0  611703  0  0  73.3534084351  84.9459709787  100.0  100.0  
1441314044  0  1807  2218043  1547  0  0  81062  0  0  5009  95132  0  12195  23431  35625  354  0  267  35625  12195  95132  0  0  0  81062  450067  0  0  613070  1362  1367  73.4120084167  84.9559596358  100.0  100.0  
1441314045  0  1807  2226183  1563  0  0  82284  0  0  5009  95132  0  12195  23431  35625  354  0  267  35625  12195  95132  0  0  0  82284  451290  0  0  614293  1223  1223  73.4649426251  85.1793787371  100.0  100.0  
1441314045  0  1807  2234369  1587  0  0  83251  0  0  5009  95132  0  12196  23430  35625  354  0  267  35625  12196  95132  0  0  0  83251  453549  0  0  616558  2259  2265  73.5614492067  85.3503261222  100.0  100.0  
1441314046  0  1807  2245456  1627  0  0  85857  0  0  5009  95132  0  12195  23432  35625  354  0  267  35625  12195  95132  0  0  0  85857  457184  0  0  620193  3635  3635  73.7164076344  85.7961494112  100.0  100.0  
1441314046  0  1807  2253814  1688  0  0  90407  0  0  5009  95132  0  12196  23376  35625  354  0  267  35625  12196  95132  0  0  0  90407  461733  0  0  624743  4549  4550  73.9076708342  86.5098941454  100.0  100.0  
1441314047  0  1807  2261402  1728  0  0  92544  0  0  5009  95132  0  12414  23090  35625  354  0  267  35625  12414  95132  0  0  0  92544  463793  0  0  627021  2060  2278  73.9676980516  86.585840249  100.0  100.0  
1441314047  0  1807  2261402  1728  0  0  92544  0  0  5009  95132  0  12414  23090  35625  354  0  267  35625  12414  95132  0  0  0  92544  463793  0  0  627021  0  0  73.9676980516  86.585840249  100.0  100.0  
1441314048  0  1807  2268617  1730  0  0  92156  0  0  5009  95132  0  12415  23080  35625  354  0  267  35625  12415  95132  0  0  0  92156  466099  0  0  629329  2306  2308  74.0628510684  86.5282781371  100.0  100.0  
1441314048  0  1807  2273251  1691  0  0  85763  0  0  5009  95132  0  12415  23084  35625  354  0  267  35625  12415  95132  0  0  0  85763  466873  0  0  630103  774  774  74.0947114995  85.5240604923  100.0  100.0  
1441314049  0  1807  2298213  1465  0  0  72237  0  0  5009  95132  0  12065  23543  35625  354  0  263  35625  12065  95132  0  0  0  72237  474523  0  0  637833  7650  7730  74.3961193604  83.298032864  100.0  100.0  
1441314049  0  1807  2306449  1480  0  0  73750  0  0  5009  95132  0  12064  23553  35625  354  0  262  35625  12064  95132  0  0  0  73750  477336  0  0  640646  2813  2813  74.5085429395  83.6420338983  100.0  100.0  
1441314050  0  1807  2324424  1439  0  0  71645  0  0  5009  95132  0  12065  23622  35625  354  0  262  35625  12065  95132  0  0  0  71645  481377  0  0  644693  4041  4047  74.6676325011  83.1600251239  100.0  100.0  
1441314050  0  1807  2331116  1477  0  0  74110  0  0  5009  95132  0  12076  23611  35625  354  0  263  35625  12076  95132  0  0  0  74110  483831  0  0  647158  2454  2465  74.7624227777  83.7053029281  100.0  100.0  
1441314051  0  1807  2331116  1477  0  0  74110  0  0  5009  95132  0  12076  23611  35625  354  0  263  35625  12076  95132  0  0  0  74110  483831  0  0  647158  0  0  74.7624227777  83.7053029281  100.0  100.0  
1441314051  0  1807  2338519  1511  0  0  76949  0  0  5009  95132  0  11987  23700  35625  354  0  263  35625  11987  95132  0  0  0  76949  486760  0  0  650087  2929  2929  74.8761319639  84.4221497355  100.0  100.0  
