#Type:X;CI:5;ww:0;ca:0;co:1;fr:0;Type:X;CI:5;PI:0;PT:EP;U0:0;U1:0;
#time  Pp  gt  gs  cn  cm  cb  Nc  Pc  cp  Tc  Nm  pr  ps  pt  px  pd  Pm  Om  fs  ft  Oc  Em  Gp  Ec  Ge  ot  os  Total_cycles_diff  Successful_get_diff  Total_get_diff  succ_put_diff  total_put_diff  get_hit  
1441660327  0  0  0  0  0  0  0  0  0  5408  0  0  0  0  0  0  0  0  0  0  0  0  0  0  0  0  0  5408  0  0  0  0  
1441660327  0  0  0  0  0  0  0  0  0  5408  0  0  0  0  0  0  0  0  0  0  0  0  0  0  0  0  0  0  0  0  0  0  0 
1441660328  0  0  0  0  0  0  0  0  0  707083  0  0  0  0  0  0  0  0  0  0  0  0  0  0  0  0  0  701675  0  0  0  0  0 
1441660328  0  0  0  0  0  0  0  0  0  1255810  0  0  0  0  0  0  0  0  0  0  0  0  0  0  0  0  0  548727  0  0  0  0  0 
1441660329  0  0  0  0  0  0  0  0  0  1515411  0  0  0  0  0  0  0  0  0  0  0  0  0  0  0  0  0  259601  0  0  0  0  0 
1441660329  0  0  0  0  0  0  0  0  0  1748025  0  0  0  0  0  0  0  0  0  0  0  0  0  0  0  0  0  232614  0  0  0  0  0 
1441660330  0  0  0  0  0  0  0  0  0  2148518  0  0  0  0  0  0  0  0  0  13  0  0  0  0  0  38  0  400493  0  0  0  0  0 
1441660330  0  0  0  0  0  0  0  0  0  2934457  0  0  0  0  0  0  0  0  0  15  0  0  0  0  0  41  0  785939  0  0  0  0  0 
1441660331  0  0  0  0  0  0  0  0  0  2934457  0  0  0  0  0  0  0  0  0  15  0  0  0  0  0  41  0  0  0  0  0  0  0 
1441660331  0  0  0  0  0  0  0  0  0  3570869  0  0  0  0  0  0  0  0  0  21  0  0  0  0  0  46  0  636412  0  0  0  0  0 
1441660332  0  0  0  0  0  0  0  0  0  3888504  0  0  0  0  0  0  0  0  0  21  0  0  0  0  0  46  0  317635  0  0  0  0  0 
1441660332  0  0  0  0  0  0  0  0  0  3888504  0  0  0  0  0  0  0  0  0  21  0  0  0  0  0  46  0  0  0  0  0  0  0 
1441660333  0  0  0  0  0  0  0  0  0  3888504  0  0  0  0  0  0  0  0  0  21  0  0  0  0  0  46  0  0  0  0  0  0  0 
1441660333  0  0  0  0  0  0  0  0  0  3888504  0  0  0  0  0  0  0  0  0  21  0  0  0  0  0  46  0  0  0  0  0  0  0 
1441660334  0  0  0  0  0  0  0  0  0  3888504  0  0  0  0  0  0  0  0  0  21  0  0  0  0  0  46  0  0  0  0  0  0  0 
1441660334  0  0  0  0  0  0  0  0  0  3888504  0  0  0  0  0  0  0  0  0  21  0  0  0  0  0  46  0  0  0  0  0  0  0 
1441660335  0  0  0  0  0  0  0  0  0  3888504  0  0  0  0  0  0  0  0  0  21  0  0  0  0  0  46  0  0  0  0  0  0  0 
1441660335  0  0  0  0  0  0  0  0  0  3888504  0  0  0  0  0  0  0  0  0  21  0  0  0  0  0  46  0  0  0  0  0  0  0 
1441660336  0  0  0  0  0  0  0  0  0  3888504  0  0  0  0  0  0  0  0  0  21  0  0  0  0  0  46  0  0  0  0  0  0  0 
1441660336  0  0  0  0  0  0  0  0  0  3888504  0  0  0  0  0  0  0  0  0  21  0  0  0  0  0  46  0  0  0  0  0  0  0 
1441660337  0  0  0  0  0  0  0  0  0  3888504  0  0  0  0  0  0  0  0  0  21  0  0  0  0  0  46  0  0  0  0  0  0  0 
1441660337  0  0  0  0  0  0  0  0  0  3888504  0  0  0  0  0  0  0  0  0  21  0  0  0  0  0  46  0  0  0  0  0  0  0 
1441660338  0  0  0  0  0  0  0  0  0  3888504  0  0  0  0  0  0  0  0  0  21  0  0  0  0  0  46  0  0  0  0  0  0  0 
1441660338  0  0  0  0  0  0  0  0  0  3888504  0  0  0  0  0  0  0  0  0  21  0  0  0  0  0  46  0  0  0  0  0  0  0 
1441660339  0  0  0  0  0  0  0  0  0  3888504  0  0  0  0  0  0  0  0  0  21  0  0  0  0  0  46  0  0  0  0  0  0  0 
1441660340  0  0  0  0  0  0  0  0  0  3888504  0  0  0  0  0  0  0  0  0  21  0  0  0  0  0  46  0  0  0  0  0  0  0 
1441660340  0  0  0  0  0  0  0  0  0  3888504  0  0  0  0  0  0  0  0  0  21  0  0  0  0  0  46  0  0  0  0  0  0  0 
1441660341  0  0  0  0  0  0  0  0  0  3888504  0  0  0  0  0  0  0  0  0  21  0  0  0  0  0  46  0  0  0  0  0  0  0 
1441660341  0  0  0  0  0  0  0  0  0  3888504  0  0  0  0  0  0  0  0  0  21  0  0  0  0  0  46  0  0  0  0  0  0  0 
1441660342  0  0  0  0  0  0  0  0  0  3888504  0  0  0  0  0  0  0  0  0  21  0  0  0  0  0  46  0  0  0  0  0  0  0 
1441660342  0  0  0  0  0  0  0  0  0  3888504  0  0  0  0  0  0  0  0  0  21  0  0  0  0  0  46  0  0  0  0  0  0  0 
1441660343  0  0  0  0  0  0  0  0  0  3888504  0  0  0  0  0  0  0  0  0  21  0  0  0  0  0  46  0  0  0  0  0  0  0 
1441660343  0  0  0  0  0  0  0  0  0  3888504  0  0  0  0  0  0  0  0  0  21  0  0  0  0  0  46  0  0  0  0  0  0  0 
1441660344  0  0  0  0  0  0  0  0  0  3888504  0  0  0  0  0  0  0  0  0  21  0  0  0  0  0  46  0  0  0  0  0  0  0 
1441660344  0  0  0  0  0  0  0  0  0  3888504  0  0  0  0  0  0  0  0  0  21  0  0  0  0  0  46  0  0  0  0  0  0  0 
1441660345  0  0  0  0  0  0  0  0  0  3888504  0  0  0  0  0  0  0  0  0  21  0  0  0  0  0  46  0  0  0  0  0  0  0 
1441660345  0  0  0  0  0  0  0  0  0  3888504  0  0  0  0  0  0  0  0  0  21  0  0  0  0  0  46  0  0  0  0  0  0  0 
1441660346  0  0  0  0  0  0  0  0  0  3888504  0  0  0  0  0  0  0  0  0  21  0  0  0  0  0  46  0  0  0  0  0  0  0 
1441660346  0  0  0  0  0  0  0  0  0  3888504  0  0  0  0  0  0  0  0  0  21  0  0  0  0  0  46  0  0  0  0  0  0  0 
1441660347  0  0  0  0  0  0  0  0  0  3888504  0  0  0  0  0  0  0  0  0  21  0  0  0  0  0  46  0  0  0  0  0  0  0 
1441660347  0  0  0  0  0  0  0  0  0  3888504  0  0  0  0  0  0  0  0  0  21  0  0  0  0  0  46  0  0  0  0  0  0  0 
1441660348  0  0  0  0  0  0  0  0  0  3888504  0  0  0  0  0  0  0  0  0  21  0  0  0  0  0  46  0  0  0  0  0  0  0 
1441660348  0  0  0  0  0  0  0  0  0  3888504  0  0  0  0  0  0  0  0  0  21  0  0  0  0  0  46  0  0  0  0  0  0  0 
1441660349  0  0  0  0  0  0  0  0  0  3888504  0  0  0  0  0  0  0  0  0  21  0  0  0  0  0  46  0  0  0  0  0  0  0 
1441660349  0  0  0  0  0  0  0  0  0  3888504  0  0  0  0  0  0  0  0  0  21  0  0  0  0  0  46  0  0  0  0  0  0  0 
1441660350  0  0  0  0  0  0  0  0  0  3888504  0  0  0  0  0  0  0  0  0  21  0  0  0  0  0  46  0  0  0  0  0  0  0 
1441660350  0  0  0  0  0  0  0  0  0  3888504  0  0  0  0  0  0  0  0  0  21  0  0  0  0  0  46  0  0  0  0  0  0  0 
1441660351  0  0  0  0  0  0  0  0  0  3888504  0  0  0  0  0  0  0  0  0  21  0  0  0  0  0  46  0  0  0  0  0  0  0 
1441660351  0  0  0  0  0  0  0  0  0  3888504  0  0  0  0  0  0  0  0  0  21  0  0  0  0  0  46  0  0  0  0  0  0  0 
1441660352  0  0  0  0  0  0  0  0  0  3888504  0  0  0  0  0  0  0  0  0  21  0  0  0  0  0  46  0  0  0  0  0  0  0 
1441660352  0  0  0  0  0  0  0  0  0  3888504  0  0  0  0  0  0  0  0  0  21  0  0  0  0  0  46  0  0  0  0  0  0  0 
1441660353  0  0  0  0  0  0  0  0  0  3888504  0  0  0  0  0  0  0  0  0  21  0  0  0  0  0  46  0  0  0  0  0  0  0 
1441660353  0  0  0  0  0  0  0  0  0  3888504  0  0  0  0  0  0  0  0  0  21  0  0  0  0  0  46  0  0  0  0  0  0  0 
1441660354  0  0  0  0  0  0  0  0  0  3888504  0  0  0  0  0  0  0  0  0  21  0  0  0  0  0  46  0  0  0  0  0  0  0 
1441660354  0  0  0  0  0  0  0  0  0  3888504  0  0  0  0  0  0  0  0  0  21  0  0  0  0  0  46  0  0  0  0  0  0  0 
1441660355  0  0  0  0  0  0  0  0  0  3888504  0  0  0  0  0  0  0  0  0  21  0  0  0  0  0  46  0  0  0  0  0  0  0 
1441660355  0  0  0  0  0  0  0  0  0  3888504  0  0  0  0  0  0  0  0  0  21  0  0  0  0  0  46  0  0  0  0  0  0  0 
1441660356  0  0  0  0  0  0  0  0  0  3888504  0  0  0  0  0  0  0  0  0  21  0  0  0  0  0  46  0  0  0  0  0  0  0 
1441660356  0  0  0  0  0  0  0  0  0  3888504  0  0  0  0  0  0  0  0  0  21  0  0  0  0  0  46  0  0  0  0  0  0  0 
1441660357  0  0  0  0  0  0  0  0  0  3888504  0  0  0  0  0  0  0  0  0  21  0  0  0  0  0  46  0  0  0  0  0  0  0 
1441660357  0  0  0  0  0  0  0  0  0  3888504  0  0  0  0  0  0  0  0  0  21  0  0  0  0  0  46  0  0  0  0  0  0  0 
1441660358  0  0  0  0  0  0  0  0  0  3888504  0  0  0  0  0  0  0  0  0  21  0  0  0  0  0  46  0  0  0  0  0  0  0 
1441660358  0  0  0  0  0  0  0  0  0  3888504  0  0  0  0  0  0  0  0  0  21  0  0  0  0  0  46  0  0  0  0  0  0  0 
1441660359  0  0  0  0  0  0  0  0  0  3888504  0  0  0  0  0  0  0  0  0  21  0  0  0  0  0  46  0  0  0  0  0  0  0 
1441660359  0  0  0  0  0  0  0  0  0  3888504  0  0  0  0  0  0  0  0  0  21  0  0  0  0  0  46  0  0  0  0  0  0  0 
1441660360  0  0  0  0  0  0  0  0  0  3888504  0  0  0  0  0  0  0  0  0  21  0  0  0  0  0  46  0  0  0  0  0  0  0 
1441660360  0  0  0  0  0  0  0  0  0  3888504  0  0  0  0  0  0  0  0  0  21  0  0  0  0  0  46  0  0  0  0  0  0  0 
1441660361  0  0  0  0  0  0  0  0  0  3888504  0  0  0  0  0  0  0  0  0  21  0  0  0  0  0  46  0  0  0  0  0  0  0 
1441660361  0  0  0  0  0  0  0  0  0  3888504  0  0  0  0  0  0  0  0  0  21  0  0  0  0  0  46  0  0  0  0  0  0  0 
1441660362  0  0  0  0  0  0  0  0  0  3888504  0  0  0  0  0  0  0  0  0  21  0  0  0  0  0  46  0  0  0  0  0  0  0 
1441660362  0  0  0  0  0  0  0  0  0  3888504  0  0  0  0  0  0  0  0  0  21  0  0  0  0  0  46  0  0  0  0  0  0  0 
1441660363  0  0  0  0  0  0  0  0  0  3888504  0  0  0  0  0  0  0  0  0  21  0  0  0  0  0  46  0  0  0  0  0  0  0 
1441660363  0  0  0  0  0  0  0  0  0  3888504  0  0  0  0  0  0  0  0  0  21  0  0  0  0  0  46  0  0  0  0  0  0  0 
1441660364  0  0  0  0  0  0  0  0  0  3888504  0  0  0  0  0  0  0  0  0  21  0  0  0  0  0  46  0  0  0  0  0  0  0 
1441660364  0  0  0  0  0  0  0  0  0  3888504  0  0  0  0  0  0  0  0  0  21  0  0  0  0  0  46  0  0  0  0  0  0  0 
1441660365  0  0  0  0  0  0  0  0  0  3888504  0  0  0  0  0  0  0  0  0  21  0  0  0  0  0  46  0  0  0  0  0  0  0 
1441660365  0  0  0  0  0  0  0  0  0  3888504  0  0  0  0  0  0  0  0  0  21  0  0  0  0  0  46  0  0  0  0  0  0  0 
1441660366  0  0  0  0  0  0  0  0  0  3888504  0  0  0  0  0  0  0  0  0  21  0  0  0  0  0  46  0  0  0  0  0  0  0 
1441660366  0  0  0  0  0  0  0  0  0  3888504  0  0  0  0  0  0  0  0  0  21  0  0  0  0  0  46  0  0  0  0  0  0  0 
1441660367  0  0  0  0  0  0  0  0  0  3888504  0  0  0  0  0  0  0  0  0  21  0  0  0  0  0  46  0  0  0  0  0  0  0 
1441660367  0  0  0  0  0  0  0  0  0  3888504  0  0  0  0  0  0  0  0  0  21  0  0  0  0  0  46  0  0  0  0  0  0  0 
1441660368  0  0  0  0  0  0  0  0  0  3888504  0  0  0  0  0  0  0  0  0  21  0  0  0  0  0  46  0  0  0  0  0  0  0 
1441660368  0  0  0  0  0  0  0  0  0  3888504  0  0  0  0  0  0  0  0  0  21  0  0  0  0  0  46  0  0  0  0  0  0  0 
1441660369  0  0  0  0  0  0  0  0  0  3888504  0  0  0  0  0  0  0  0  0  21  0  0  0  0  0  46  0  0  0  0  0  0  0 
1441660369  0  0  0  0  0  0  0  0  0  3888504  0  0  0  0  0  0  0  0  0  21  0  0  0  0  0  46  0  0  0  0  0  0  0 
1441660370  0  0  0  0  0  0  0  0  0  3888504  0  0  0  0  0  0  0  0  0  21  0  0  0  0  0  46  0  0  0  0  0  0  0 
1441660370  0  0  0  0  0  0  0  0  0  3888504  0  0  0  0  0  0  0  0  0  21  0  0  0  0  0  46  0  0  0  0  0  0  0 
1441660371  0  0  0  0  0  0  0  0  0  3888504  0  0  0  0  0  0  0  0  0  21  0  0  0  0  0  46  0  0  0  0  0  0  0 
1441660371  0  0  0  0  0  0  0  0  0  3888504  0  0  0  0  0  0  0  0  0  21  0  0  0  0  0  46  0  0  0  0  0  0  0 
1441660372  0  0  0  0  0  0  0  0  0  3888504  0  0  0  0  0  0  0  0  0  21  0  0  0  0  0  46  0  0  0  0  0  0  0 
1441660372  0  0  0  0  0  0  0  0  0  3888504  0  0  0  0  0  0  0  0  0  21  0  0  0  0  0  46  0  0  0  0  0  0  0 
1441660373  0  0  0  0  0  0  0  0  0  3888504  0  0  0  0  0  0  0  0  0  21  0  0  0  0  0  46  0  0  0  0  0  0  0 
1441660373  0  0  0  0  0  0  0  0  0  3888504  0  0  0  0  0  0  0  0  0  21  0  0  0  0  0  46  0  0  0  0  0  0  0 
1441660374  0  0  0  0  0  0  0  0  0  3888504  0  0  0  0  0  0  0  0  0  21  0  0  0  0  0  46  0  0  0  0  0  0  0 
1441660374  0  0  0  0  0  0  0  0  0  3888504  0  0  0  0  0  0  0  0  0  21  0  0  0  0  0  46  0  0  0  0  0  0  0 
1441660375  0  0  0  0  0  0  0  0  0  3888504  0  0  0  0  0  0  0  0  0  21  0  0  0  0  0  46  0  0  0  0  0  0  0 
1441660375  0  0  0  0  0  0  0  0  0  3888504  0  0  0  0  0  0  0  0  0  21  0  0  0  0  0  46  0  0  0  0  0  0  0 
1441660376  0  0  0  0  0  0  0  0  0  3888504  0  0  0  0  0  0  0  0  0  21  0  0  0  0  0  46  0  0  0  0  0  0  0 
1441660376  0  0  0  0  0  0  0  0  0  3888504  0  0  0  0  0  0  0  0  0  21  0  0  0  0  0  46  0  0  0  0  0  0  0 
1441660377  0  0  0  0  0  0  0  0  0  3888504  0  0  0  0  0  0  0  0  0  21  0  0  0  0  0  46  0  0  0  0  0  0  0 
1441660377  0  0  0  0  0  0  0  0  0  3888504  0  0  0  0  0  0  0  0  0  21  0  0  0  0  0  46  0  0  0  0  0  0  0 
1441660378  0  0  0  0  0  0  0  0  0  3888504  0  0  0  0  0  0  0  0  0  21  0  0  0  0  0  46  0  0  0  0  0  0  0 
1441660378  0  0  0  0  0  0  0  0  0  3888504  0  0  0  0  0  0  0  0  0  21  0  0  0  0  0  46  0  0  0  0  0  0  0 
1441660379  0  0  0  0  0  0  0  0  0  3888504  0  0  0  0  0  0  0  0  0  21  0  0  0  0  0  46  0  0  0  0  0  0  0 
1441660379  0  0  0  0  0  0  0  0  0  3888504  0  0  0  0  0  0  0  0  0  21  0  0  0  0  0  46  0  0  0  0  0  0  0 
1441660380  0  0  0  0  0  0  0  0  0  3888504  0  0  0  0  0  0  0  0  0  21  0  0  0  0  0  46  0  0  0  0  0  0  0 
1441660380  0  0  0  0  0  0  0  0  0  3888504  0  0  0  0  0  0  0  0  0  21  0  0  0  0  0  46  0  0  0  0  0  0  0 
1441660381  0  0  0  0  0  0  0  0  0  3888504  0  0  0  0  0  0  0  0  0  21  0  0  0  0  0  46  0  0  0  0  0  0  0 
1441660381  0  0  0  0  0  0  0  0  0  3888504  0  0  0  0  0  0  0  0  0  21  0  0  0  0  0  46  0  0  0  0  0  0  0 
1441660382  0  0  0  0  0  0  0  0  0  3888504  0  0  0  0  0  0  0  0  0  21  0  0  0  0  0  46  0  0  0  0  0  0  0 
1441660382  0  0  0  0  0  0  0  0  0  3888504  0  0  0  0  0  0  0  0  0  21  0  0  0  0  0  46  0  0  0  0  0  0  0 
1441660383  0  0  0  0  0  0  0  0  0  3888504  0  0  0  0  0  0  0  0  0  21  0  0  0  0  0  46  0  0  0  0  0  0  0 
1441660383  0  0  0  0  0  0  0  0  0  3888504  0  0  0  0  0  0  0  0  0  21  0  0  0  0  0  46  0  0  0  0  0  0  0 
1441660384  0  0  0  0  0  0  0  0  0  3888504  0  0  0  0  0  0  0  0  0  21  0  0  0  0  0  46  0  0  0  0  0  0  0 
1441660385  0  0  0  0  0  0  0  0  0  3899230  0  0  0  0  0  0  0  0  0  21  0  0  0  0  0  47  0  10726  0  0  0  0  0 
1441660385  0  0  0  0  0  0  0  0  0  3899230  0  0  0  0  0  0  0  0  0  21  0  0  0  0  0  47  0  0  0  0  0  0  0 
1441660386  0  0  0  0  0  0  0  0  0  3899230  0  0  0  0  0  0  0  0  0  21  0  0  0  0  0  47  0  0  0  0  0  0  0 
1441660386  0  0  0  0  0  0  0  0  0  3899230  0  0  0  0  0  0  0  0  0  21  0  0  0  0  0  47  0  0  0  0  0  0  0 
1441660387  0  0  0  0  0  0  0  0  0  3899230  0  0  0  0  0  0  0  0  0  21  0  0  0  0  0  47  0  0  0  0  0  0  0 
1441660387  0  0  0  0  0  0  0  0  0  3899230  0  0  0  0  0  0  0  0  0  21  0  0  0  0  0  47  0  0  0  0  0  0  0 
1441660388  0  0  0  0  0  0  0  0  0  3899230  0  0  0  0  0  0  0  0  0  21  0  0  0  0  0  47  0  0  0  0  0  0  0 
1441660388  0  0  0  0  0  0  0  0  0  3899230  0  0  0  0  0  0  0  0  0  21  0  0  0  0  0  47  0  0  0  0  0  0  0 
1441660389  0  0  0  0  0  0  0  0  0  3899230  0  0  0  0  0  0  0  0  0  21  0  0  0  0  0  47  0  0  0  0  0  0  0 
1441660389  0  0  0  0  0  0  0  0  0  3899230  0  0  0  0  0  0  0  0  0  21  0  0  0  0  0  47  0  0  0  0  0  0  0 
1441660390  0  0  0  0  0  0  0  0  0  3899230  0  0  0  0  0  0  0  0  0  21  0  0  0  0  0  47  0  0  0  0  0  0  0 
1441660390  0  0  0  0  0  0  0  0  0  3899230  0  0  0  0  0  0  0  0  0  21  0  0  0  0  0  47  0  0  0  0  0  0  0 
1441660391  0  0  0  0  0  0  0  0  0  3899230  0  0  0  0  0  0  0  0  0  21  0  0  0  0  0  47  0  0  0  0  0  0  0 
1441660391  0  0  0  0  0  0  0  0  0  3899230  0  0  0  0  0  0  0  0  0  21  0  0  0  0  0  47  0  0  0  0  0  0  0 
1441660392  0  0  0  0  0  0  0  0  0  3899230  0  0  0  0  0  0  0  0  0  21  0  0  0  0  0  47  0  0  0  0  0  0  0 
1441660392  0  0  0  0  0  0  0  0  0  3899230  0  0  0  0  0  0  0  0  0  21  0  0  0  0  0  47  0  0  0  0  0  0  0 
1441660393  0  0  0  0  0  0  0  0  0  3899230  0  0  0  0  0  0  0  0  0  21  0  0  0  0  0  47  0  0  0  0  0  0  0 
1441660393  0  0  0  0  0  0  0  0  0  3899230  0  0  0  0  0  0  0  0  0  21  0  0  0  0  0  47  0  0  0  0  0  0  0 
1441660394  0  0  0  0  0  0  0  0  0  3899230  0  0  0  0  0  0  0  0  0  21  0  0  0  0  0  47  0  0  0  0  0  0  0 
1441660394  0  0  0  0  0  0  0  0  0  3901728  0  0  0  0  0  0  0  0  0  21  0  0  0  0  0  48  0  2498  0  0  0  0  0 
1441660395  0  0  0  0  0  0  0  0  0  3901728  0  0  0  0  0  0  0  0  0  21  0  0  0  0  0  48  0  0  0  0  0  0  0 
1441660395  0  0  0  0  0  0  0  0  0  3901728  0  0  0  0  0  0  0  0  0  21  0  0  0  0  0  48  0  0  0  0  0  0  0 
1441660396  0  0  0  0  0  0  0  0  0  3901728  0  0  0  0  0  0  0  0  0  21  0  0  0  0  0  48  0  0  0  0  0  0  0 
1441660396  0  0  0  0  0  0  0  0  0  3901728  0  0  0  0  0  0  0  0  0  21  0  0  0  0  0  48  0  0  0  0  0  0  0 
1441660397  0  0  0  0  0  0  0  0  0  3901728  0  0  0  0  0  0  0  0  0  21  0  0  0  0  0  48  0  0  0  0  0  0  0 
1441660397  0  0  0  0  0  0  0  0  0  3901728  0  0  0  0  0  0  0  0  0  21  0  0  0  0  0  48  0  0  0  0  0  0  0 
1441660398  0  0  0  0  0  0  0  0  0  3901728  0  0  0  0  0  0  0  0  0  21  0  0  0  0  0  48  0  0  0  0  0  0  0 
1441660398  0  0  0  0  0  0  0  0  0  3901728  0  0  0  0  0  0  0  0  0  21  0  0  0  0  0  48  0  0  0  0  0  0  0 
1441660399  0  0  0  0  0  0  0  0  0  3901728  0  0  0  0  0  0  0  0  0  21  0  0  0  0  0  48  0  0  0  0  0  0  0 
1441660399  0  0  0  0  0  0  0  0  0  3901728  0  0  0  0  0  0  0  0  0  21  0  0  0  0  0  48  0  0  0  0  0  0  0 
1441660400  0  0  0  0  0  0  0  0  0  3901728  0  0  0  0  0  0  0  0  0  21  0  0  0  0  0  48  0  0  0  0  0  0  0 
1441660400  0  0  0  0  0  0  0  0  0  3901728  0  0  0  0  0  0  0  0  0  21  0  0  0  0  0  48  0  0  0  0  0  0  0 
1441660401  0  0  0  0  0  0  0  0  0  3901728  0  0  0  0  0  0  0  0  0  21  0  0  0  0  0  48  0  0  0  0  0  0  0 
1441660401  0  0  0  0  0  0  0  0  0  3901728  0  0  0  0  0  0  0  0  0  21  0  0  0  0  0  48  0  0  0  0  0  0  0 
1441660402  0  0  0  0  0  0  0  0  0  3901728  0  0  0  0  0  0  0  0  0  21  0  0  0  0  0  48  0  0  0  0  0  0  0 
1441660402  0  0  0  0  0  0  0  0  0  3901728  0  0  0  0  0  0  0  0  0  21  0  0  0  0  0  48  0  0  0  0  0  0  0 
1441660403  0  0  0  0  0  0  0  0  0  3901728  0  0  0  0  0  0  0  0  0  21  0  0  0  0  0  48  0  0  0  0  0  0  0 
1441660403  0  0  0  0  0  0  0  0  0  3901728  0  0  0  0  0  0  0  0  0  21  0  0  0  0  0  48  0  0  0  0  0  0  0 
1441660404  0  0  0  0  0  0  0  0  0  3901728  0  0  0  0  0  0  0  0  0  21  0  0  0  0  0  48  0  0  0  0  0  0  0 
1441660404  0  0  0  0  0  0  0  0  0  3904719  0  0  0  0  0  0  0  0  0  21  0  0  0  0  0  49  0  2991  0  0  0  0  0 
1441660405  0  0  0  0  0  0  0  0  0  3904719  0  0  0  0  0  0  0  0  0  21  0  0  0  0  0  49  0  0  0  0  0  0  0 
1441660405  0  0  0  0  0  0  0  0  0  3904719  0  0  0  0  0  0  0  0  0  21  0  0  0  0  0  49  0  0  0  0  0  0  0 
1441660406  0  0  0  0  0  0  0  0  0  3904719  0  0  0  0  0  0  0  0  0  21  0  0  0  0  0  49  0  0  0  0  0  0  0 
1441660406  0  0  0  0  0  0  0  0  0  3904719  0  0  0  0  0  0  0  0  0  21  0  0  0  0  0  49  0  0  0  0  0  0  0 
1441660407  0  0  0  0  0  0  0  0  0  3904719  0  0  0  0  0  0  0  0  0  21  0  0  0  0  0  49  0  0  0  0  0  0  0 
1441660407  0  0  0  0  0  0  0  0  0  3904719  0  0  0  0  0  0  0  0  0  21  0  0  0  0  0  49  0  0  0  0  0  0  0 
1441660408  0  0  0  0  0  0  0  0  0  3904719  0  0  0  0  0  0  0  0  0  21  0  0  0  0  0  49  0  0  0  0  0  0  0 
1441660408  0  0  0  0  0  0  0  0  0  3904719  0  0  0  0  0  0  0  0  0  21  0  0  0  0  0  49  0  0  0  0  0  0  0 
1441660409  0  0  0  0  0  0  0  0  0  3904719  0  0  0  0  0  0  0  0  0  21  0  0  0  0  0  49  0  0  0  0  0  0  0 
1441660409  0  0  0  0  0  0  0  0  0  3904719  0  0  0  0  0  0  0  0  0  21  0  0  0  0  0  49  0  0  0  0  0  0  0 
1441660410  0  0  0  0  0  0  0  0  0  3904719  0  0  0  0  0  0  0  0  0  21  0  0  0  0  0  49  0  0  0  0  0  0  0 
1441660410  0  0  0  0  0  0  0  0  0  3904719  0  0  0  0  0  0  0  0  0  21  0  0  0  0  0  49  0  0  0  0  0  0  0 
1441660411  0  0  0  0  0  0  0  0  0  3904719  0  0  0  0  0  0  0  0  0  21  0  0  0  0  0  49  0  0  0  0  0  0  0 
1441660411  0  0  0  0  0  0  0  0  0  3904719  0  0  0  0  0  0  0  0  0  21  0  0  0  0  0  49  0  0  0  0  0  0  0 
1441660412  0  0  0  0  0  0  0  0  0  3904719  0  0  0  0  0  0  0  0  0  21  0  0  0  0  0  49  0  0  0  0  0  0  0 
1441660412  0  0  0  0  0  0  0  0  0  3904719  0  0  0  0  0  0  0  0  0  21  0  0  0  0  0  49  0  0  0  0  0  0  0 
1441660413  0  0  0  0  0  0  0  0  0  3904719  0  0  0  0  0  0  0  0  0  21  0  0  0  0  0  49  0  0  0  0  0  0  0 
1441660413  0  0  0  0  0  0  0  0  0  3904719  0  0  0  0  0  0  0  0  0  21  0  0  0  0  0  49  0  0  0  0  0  0  0 
1441660414  0  0  0  0  0  0  0  0  0  3904719  0  0  0  0  0  0  0  0  0  21  0  0  0  0  0  49  0  0  0  0  0  0  0 
1441660414  0  0  0  0  0  0  0  0  0  3907305  0  0  0  0  0  0  0  0  0  21  0  0  0  0  0  50  0  2586  0  0  0  0  0 
1441660415  0  0  0  0  0  0  0  0  0  3907305  0  0  0  0  0  0  0  0  0  21  0  0  0  0  0  50  0  0  0  0  0  0  0 
1441660415  0  0  0  0  0  0  0  0  0  3907305  0  0  0  0  0  0  0  0  0  21  0  0  0  0  0  50  0  0  0  0  0  0  0 
1441660416  0  0  0  0  0  0  0  0  0  3907305  0  0  0  0  0  0  0  0  0  21  0  0  0  0  0  50  0  0  0  0  0  0  0 
1441660416  0  0  0  0  0  0  0  0  0  3907305  0  0  0  0  0  0  0  0  0  21  0  0  0  0  0  50  0  0  0  0  0  0  0 
1441660417  0  0  0  0  0  0  0  0  0  3907305  0  0  0  0  0  0  0  0  0  21  0  0  0  0  0  50  0  0  0  0  0  0  0 
1441660417  0  0  0  0  0  0  0  0  0  3907305  0  0  0  0  0  0  0  0  0  21  0  0  0  0  0  50  0  0  0  0  0  0  0 
1441660418  0  0  0  0  0  0  0  0  0  3907305  0  0  0  0  0  0  0  0  0  21  0  0  0  0  0  50  0  0  0  0  0  0  0 
1441660418  0  0  0  0  0  0  0  0  0  3907305  0  0  0  0  0  0  0  0  0  21  0  0  0  0  0  50  0  0  0  0  0  0  0 
1441660419  0  0  0  0  0  0  0  0  0  3907305  0  0  0  0  0  0  0  0  0  21  0  0  0  0  0  50  0  0  0  0  0  0  0 
1441660419  0  0  0  0  0  0  0  0  0  3907305  0  0  0  0  0  0  0  0  0  21  0  0  0  0  0  50  0  0  0  0  0  0  0 
1441660420  0  0  0  0  0  0  0  0  0  3907305  0  0  0  0  0  0  0  0  0  21  0  0  0  0  0  50  0  0  0  0  0  0  0 
1441660420  0  0  0  0  0  0  0  0  0  3907305  0  0  0  0  0  0  0  0  0  21  0  0  0  0  0  50  0  0  0  0  0  0  0 
1441660421  0  0  0  0  0  0  0  0  0  3907305  0  0  0  0  0  0  0  0  0  21  0  0  0  0  0  50  0  0  0  0  0  0  0 
1441660421  0  0  0  0  0  0  0  0  0  3907305  0  0  0  0  0  0  0  0  0  21  0  0  0  0  0  50  0  0  0  0  0  0  0 
1441660422  0  0  0  0  0  0  0  0  0  3907305  0  0  0  0  0  0  0  0  0  21  0  0  0  0  0  50  0  0  0  0  0  0  0 
1441660422  0  0  0  0  0  0  0  0  0  3907305  0  0  0  0  0  0  0  0  0  21  0  0  0  0  0  50  0  0  0  0  0  0  0 
1441660423  0  0  0  0  0  0  0  0  0  3907305  0  0  0  0  0  0  0  0  0  21  0  0  0  0  0  50  0  0  0  0  0  0  0 
1441660423  0  0  0  0  0  0  0  0  0  3907305  0  0  0  0  0  0  0  0  0  21  0  0  0  0  0  50  0  0  0  0  0  0  0 
1441660424  0  0  0  0  0  0  0  0  0  3907305  0  0  0  0  0  0  0  0  0  21  0  0  0  0  0  50  0  0  0  0  0  0  0 
1441660424  0  0  0  0  0  0  0  0  0  3909582  0  0  0  0  0  0  0  0  0  21  0  0  0  0  0  51  0  2277  0  0  0  0  0 
1441660425  0  0  0  0  0  0  0  0  0  3909582  0  0  0  0  0  0  0  0  0  21  0  0  0  0  0  51  0  0  0  0  0  0  0 
1441660425  0  0  0  0  0  0  0  0  0  3909582  0  0  0  0  0  0  0  0  0  21  0  0  0  0  0  51  0  0  0  0  0  0  0 
1441660426  0  0  0  0  0  0  0  0  0  3909582  0  0  0  0  0  0  0  0  0  21  0  0  0  0  0  51  0  0  0  0  0  0  0 
1441660426  0  0  0  0  0  0  0  0  0  3909582  0  0  0  0  0  0  0  0  0  21  0  0  0  0  0  51  0  0  0  0  0  0  0 
1441660427  0  0  0  0  0  0  0  0  0  3909582  0  0  0  0  0  0  0  0  0  21  0  0  0  0  0  51  0  0  0  0  0  0  0 
1441660427  0  0  0  0  0  0  0  0  0  3909582  0  0  0  0  0  0  0  0  0  21  0  0  0  0  0  51  0  0  0  0  0  0  0 
1441660428  0  0  0  0  0  0  0  0  0  3909582  0  0  0  0  0  0  0  0  0  21  0  0  0  0  0  51  0  0  0  0  0  0  0 
1441660428  0  0  0  0  0  0  0  0  0  3909582  0  0  0  0  0  0  0  0  0  21  0  0  0  0  0  51  0  0  0  0  0  0  0 
1441660429  0  0  0  0  0  0  0  0  0  3909582  0  0  0  0  0  0  0  0  0  21  0  0  0  0  0  51  0  0  0  0  0  0  0 
1441660430  0  0  0  0  0  0  0  0  0  3909582  0  0  0  0  0  0  0  0  0  21  0  0  0  0  0  51  0  0  0  0  0  0  0 
1441660430  0  0  0  0  0  0  0  0  0  3909582  0  0  0  0  0  0  0  0  0  21  0  0  0  0  0  51  0  0  0  0  0  0  0 
1441660431  0  0  0  0  0  0  0  0  0  3909582  0  0  0  0  0  0  0  0  0  21  0  0  0  0  0  51  0  0  0  0  0  0  0 
1441660431  0  0  0  0  0  0  0  0  0  3909582  0  0  0  0  0  0  0  0  0  21  0  0  0  0  0  51  0  0  0  0  0  0  0 
1441660432  0  0  0  0  0  0  0  0  0  3909582  0  0  0  0  0  0  0  0  0  21  0  0  0  0  0  51  0  0  0  0  0  0  0 
1441660432  0  0  0  0  0  0  0  0  0  3909582  0  0  0  0  0  0  0  0  0  21  0  0  0  0  0  51  0  0  0  0  0  0  0 
1441660433  0  0  0  0  0  0  0  0  0  3909582  0  0  0  0  0  0  0  0  0  21  0  0  0  0  0  51  0  0  0  0  0  0  0 
1441660433  0  0  0  0  0  0  0  0  0  3909582  0  0  0  0  0  0  0  0  0  21  0  0  0  0  0  51  0  0  0  0  0  0  0 
1441660434  0  0  0  0  0  0  0  0  0  3909582  0  0  0  0  0  0  0  0  0  21  0  0  0  0  0  51  0  0  0  0  0  0  0 
1441660434  0  0  0  0  0  0  0  0  0  3909582  0  0  0  0  0  0  0  0  0  21  0  0  0  0  0  51  0  0  0  0  0  0  0 
1441660435  0  0  0  0  0  0  0  0  0  3921859  0  0  0  0  0  0  0  0  0  21  0  0  0  0  0  51  0  12277  0  0  0  0  0 
1441660435  0  0  0  0  0  0  0  0  0  3995710  0  0  0  0  0  0  0  0  0  25  0  0  0  0  0  64  0  73851  0  0  0  0  0 
1441660436  0  0  0  0  0  0  0  0  0  4005832  0  0  0  0  0  0  0  0  0  25  0  0  0  0  0  64  0  10122  0  0  0  0  0 
1441660436  0  0  0  0  0  0  0  0  0  4005832  0  0  0  0  0  0  0  0  0  25  0  0  0  0  0  64  0  0  0  0  0  0  0 
1441660437  0  0  0  0  0  0  0  0  0  4005832  0  0  0  0  0  0  0  0  0  25  0  0  0  0  0  64  0  0  0  0  0  0  0 
