#Type:X;CI:3;ww:0;ca:0;co:1;fr:0;Type:X;CI:3;PI:0;PT:EP;U0:0;U1:0;
#time  Pp  gt  gs  cn  cm  cb  Nc  Pc  cp  Tc  Nm  pr  ps  pt  px  pd  Pm  Om  fs  ft  Oc  Em  Gp  Ec  Ge  ot  os  Total_cycles_diff  Successful_get_diff  Total_get_diff  succ_put_diff  total_put_diff  get_hit  
1441660186  0  0  0  0  0  0  0  0  0  11311  0  0  0  0  0  0  0  0  0  0  0  0  0  0  0  0  0  11311  0  0  0  0  
1441660187  0  0  0  0  0  0  0  0  0  829920  0  0  0  0  0  0  0  0  0  0  0  0  0  0  0  0  0  818609  0  0  0  0  0 
1441660187  0  0  0  0  0  0  0  0  0  1319899  0  0  0  0  0  0  0  0  0  0  0  0  0  0  0  0  0  489979  0  0  0  0  0 
1441660188  0  0  0  0  0  0  0  0  0  1550777  0  0  0  0  0  0  0  0  0  0  0  0  0  0  0  0  0  230878  0  0  0  0  0 
1441660188  0  0  0  0  0  0  0  0  0  1828560  0  0  0  0  0  0  0  0  0  0  0  0  0  0  0  0  0  277783  0  0  0  0  0 
1441660189  0  0  0  0  0  0  0  0  0  2117336  0  0  0  0  0  0  0  0  0  11  0  0  0  0  0  34  0  288776  0  0  0  0  0 
1441660189  0  0  0  0  0  0  0  0  0  2117336  0  0  0  0  0  0  0  0  0  11  0  0  0  0  0  34  0  0  0  0  0  0  0 
1441660190  0  0  0  0  0  0  0  0  0  2756782  0  0  0  0  0  0  0  0  0  15  0  0  0  0  0  41  0  639446  0  0  0  0  0 
1441660190  0  0  0  0  0  0  0  0  0  3577144  0  0  0  0  0  0  0  0  0  16  0  0  0  0  0  43  0  820362  0  0  0  0  0 
1441660191  0  0  0  0  0  0  0  0  0  3913792  0  0  0  0  0  0  0  0  0  21  0  0  0  0  0  46  0  336648  0  0  0  0  0 
1441660191  0  0  0  0  0  0  0  0  0  3920190  0  0  0  0  0  0  0  0  0  21  0  0  0  0  0  46  0  6398  0  0  0  0  0 
1441660192  0  0  0  0  0  0  0  0  0  3920190  0  0  0  0  0  0  0  0  0  21  0  0  0  0  0  46  0  0  0  0  0  0  0 
1441660193  0  0  0  0  0  0  0  0  0  3920190  0  0  0  0  0  0  0  0  0  21  0  0  0  0  0  46  0  0  0  0  0  0  0 
1441660193  0  0  0  0  0  0  0  0  0  3920190  0  0  0  0  0  0  0  0  0  21  0  0  0  0  0  46  0  0  0  0  0  0  0 
1441660194  0  0  0  0  0  0  0  0  0  3920190  0  0  0  0  0  0  0  0  0  21  0  0  0  0  0  46  0  0  0  0  0  0  0 
1441660194  0  0  0  0  0  0  0  0  0  3920190  0  0  0  0  0  0  0  0  0  21  0  0  0  0  0  46  0  0  0  0  0  0  0 
1441660195  0  0  0  0  0  0  0  0  0  3920190  0  0  0  0  0  0  0  0  0  21  0  0  0  0  0  46  0  0  0  0  0  0  0 
1441660195  0  0  0  0  0  0  0  0  0  3920190  0  0  0  0  0  0  0  0  0  21  0  0  0  0  0  46  0  0  0  0  0  0  0 
1441660196  0  0  0  0  0  0  0  0  0  3920190  0  0  0  0  0  0  0  0  0  21  0  0  0  0  0  46  0  0  0  0  0  0  0 
1441660196  0  0  0  0  0  0  0  0  0  3920190  0  0  0  0  0  0  0  0  0  21  0  0  0  0  0  46  0  0  0  0  0  0  0 
1441660197  0  0  0  0  0  0  0  0  0  3920190  0  0  0  0  0  0  0  0  0  21  0  0  0  0  0  46  0  0  0  0  0  0  0 
1441660197  0  0  0  0  0  0  0  0  0  3920190  0  0  0  0  0  0  0  0  0  21  0  0  0  0  0  46  0  0  0  0  0  0  0 
1441660198  0  0  0  0  0  0  0  0  0  3920190  0  0  0  0  0  0  0  0  0  21  0  0  0  0  0  46  0  0  0  0  0  0  0 
1441660198  0  0  0  0  0  0  0  0  0  3920190  0  0  0  0  0  0  0  0  0  21  0  0  0  0  0  46  0  0  0  0  0  0  0 
1441660199  0  0  0  0  0  0  0  0  0  3920190  0  0  0  0  0  0  0  0  0  21  0  0  0  0  0  46  0  0  0  0  0  0  0 
1441660199  0  0  0  0  0  0  0  0  0  3920190  0  0  0  0  0  0  0  0  0  21  0  0  0  0  0  46  0  0  0  0  0  0  0 
1441660200  0  0  0  0  0  0  0  0  0  3920190  0  0  0  0  0  0  0  0  0  21  0  0  0  0  0  46  0  0  0  0  0  0  0 
1441660200  0  0  0  0  0  0  0  0  0  3920190  0  0  0  0  0  0  0  0  0  21  0  0  0  0  0  46  0  0  0  0  0  0  0 
1441660201  0  0  0  0  0  0  0  0  0  3920190  0  0  0  0  0  0  0  0  0  21  0  0  0  0  0  46  0  0  0  0  0  0  0 
1441660201  0  0  0  0  0  0  0  0  0  3920190  0  0  0  0  0  0  0  0  0  21  0  0  0  0  0  46  0  0  0  0  0  0  0 
1441660202  0  0  0  0  0  0  0  0  0  3920190  0  0  0  0  0  0  0  0  0  21  0  0  0  0  0  46  0  0  0  0  0  0  0 
1441660202  0  0  0  0  0  0  0  0  0  3920190  0  0  0  0  0  0  0  0  0  21  0  0  0  0  0  46  0  0  0  0  0  0  0 
1441660203  0  0  0  0  0  0  0  0  0  3920190  0  0  0  0  0  0  0  0  0  21  0  0  0  0  0  46  0  0  0  0  0  0  0 
1441660203  0  0  0  0  0  0  0  0  0  3920190  0  0  0  0  0  0  0  0  0  21  0  0  0  0  0  46  0  0  0  0  0  0  0 
1441660204  0  0  0  0  0  0  0  0  0  3920190  0  0  0  0  0  0  0  0  0  21  0  0  0  0  0  46  0  0  0  0  0  0  0 
1441660204  0  0  0  0  0  0  0  0  0  3920190  0  0  0  0  0  0  0  0  0  21  0  0  0  0  0  46  0  0  0  0  0  0  0 
1441660205  0  0  0  0  0  0  0  0  0  3920190  0  0  0  0  0  0  0  0  0  21  0  0  0  0  0  46  0  0  0  0  0  0  0 
1441660205  0  0  0  0  0  0  0  0  0  3920190  0  0  0  0  0  0  0  0  0  21  0  0  0  0  0  46  0  0  0  0  0  0  0 
1441660206  0  0  0  0  0  0  0  0  0  3920190  0  0  0  0  0  0  0  0  0  21  0  0  0  0  0  46  0  0  0  0  0  0  0 
1441660206  0  0  0  0  0  0  0  0  0  3920190  0  0  0  0  0  0  0  0  0  21  0  0  0  0  0  46  0  0  0  0  0  0  0 
1441660207  0  0  0  0  0  0  0  0  0  3920190  0  0  0  0  0  0  0  0  0  21  0  0  0  0  0  46  0  0  0  0  0  0  0 
1441660207  0  0  0  0  0  0  0  0  0  3920190  0  0  0  0  0  0  0  0  0  21  0  0  0  0  0  46  0  0  0  0  0  0  0 
1441660208  0  0  0  0  0  0  0  0  0  3920190  0  0  0  0  0  0  0  0  0  21  0  0  0  0  0  46  0  0  0  0  0  0  0 
1441660208  0  0  0  0  0  0  0  0  0  3920190  0  0  0  0  0  0  0  0  0  21  0  0  0  0  0  46  0  0  0  0  0  0  0 
1441660209  0  0  0  0  0  0  0  0  0  3920190  0  0  0  0  0  0  0  0  0  21  0  0  0  0  0  46  0  0  0  0  0  0  0 
1441660209  0  0  0  0  0  0  0  0  0  3920190  0  0  0  0  0  0  0  0  0  21  0  0  0  0  0  46  0  0  0  0  0  0  0 
1441660210  0  0  0  0  0  0  0  0  0  3920190  0  0  0  0  0  0  0  0  0  21  0  0  0  0  0  46  0  0  0  0  0  0  0 
1441660210  0  0  0  0  0  0  0  0  0  3920190  0  0  0  0  0  0  0  0  0  21  0  0  0  0  0  46  0  0  0  0  0  0  0 
1441660211  0  0  0  0  0  0  0  0  0  3920190  0  0  0  0  0  0  0  0  0  21  0  0  0  0  0  46  0  0  0  0  0  0  0 
1441660211  0  0  0  0  0  0  0  0  0  3920190  0  0  0  0  0  0  0  0  0  21  0  0  0  0  0  46  0  0  0  0  0  0  0 
1441660212  0  0  0  0  0  0  0  0  0  3920190  0  0  0  0  0  0  0  0  0  21  0  0  0  0  0  46  0  0  0  0  0  0  0 
1441660212  0  0  0  0  0  0  0  0  0  3920190  0  0  0  0  0  0  0  0  0  21  0  0  0  0  0  46  0  0  0  0  0  0  0 
1441660213  0  0  0  0  0  0  0  0  0  3920190  0  0  0  0  0  0  0  0  0  21  0  0  0  0  0  46  0  0  0  0  0  0  0 
1441660213  0  0  0  0  0  0  0  0  0  3920190  0  0  0  0  0  0  0  0  0  21  0  0  0  0  0  46  0  0  0  0  0  0  0 
1441660214  0  0  0  0  0  0  0  0  0  3920190  0  0  0  0  0  0  0  0  0  21  0  0  0  0  0  46  0  0  0  0  0  0  0 
1441660214  0  0  0  0  0  0  0  0  0  3920190  0  0  0  0  0  0  0  0  0  21  0  0  0  0  0  46  0  0  0  0  0  0  0 
1441660215  0  0  0  0  0  0  0  0  0  3920190  0  0  0  0  0  0  0  0  0  21  0  0  0  0  0  46  0  0  0  0  0  0  0 
1441660215  0  0  0  0  0  0  0  0  0  3920190  0  0  0  0  0  0  0  0  0  21  0  0  0  0  0  46  0  0  0  0  0  0  0 
1441660216  0  0  0  0  0  0  0  0  0  3920190  0  0  0  0  0  0  0  0  0  21  0  0  0  0  0  46  0  0  0  0  0  0  0 
1441660216  0  0  0  0  0  0  0  0  0  3920190  0  0  0  0  0  0  0  0  0  21  0  0  0  0  0  46  0  0  0  0  0  0  0 
1441660217  0  0  0  0  0  0  0  0  0  3920190  0  0  0  0  0  0  0  0  0  21  0  0  0  0  0  46  0  0  0  0  0  0  0 
1441660217  0  0  0  0  0  0  0  0  0  3920190  0  0  0  0  0  0  0  0  0  21  0  0  0  0  0  46  0  0  0  0  0  0  0 
1441660218  0  0  0  0  0  0  0  0  0  3920190  0  0  0  0  0  0  0  0  0  21  0  0  0  0  0  46  0  0  0  0  0  0  0 
1441660218  0  0  0  0  0  0  0  0  0  3920190  0  0  0  0  0  0  0  0  0  21  0  0  0  0  0  46  0  0  0  0  0  0  0 
1441660219  0  0  0  0  0  0  0  0  0  3920190  0  0  0  0  0  0  0  0  0  21  0  0  0  0  0  46  0  0  0  0  0  0  0 
1441660219  0  0  0  0  0  0  0  0  0  3920190  0  0  0  0  0  0  0  0  0  21  0  0  0  0  0  46  0  0  0  0  0  0  0 
1441660220  0  0  0  0  0  0  0  0  0  3920190  0  0  0  0  0  0  0  0  0  21  0  0  0  0  0  46  0  0  0  0  0  0  0 
1441660220  0  0  0  0  0  0  0  0  0  3920190  0  0  0  0  0  0  0  0  0  21  0  0  0  0  0  46  0  0  0  0  0  0  0 
1441660221  0  0  0  0  0  0  0  0  0  3920190  0  0  0  0  0  0  0  0  0  21  0  0  0  0  0  46  0  0  0  0  0  0  0 
1441660221  0  0  0  0  0  0  0  0  0  3920190  0  0  0  0  0  0  0  0  0  21  0  0  0  0  0  46  0  0  0  0  0  0  0 
1441660222  0  0  0  0  0  0  0  0  0  3920190  0  0  0  0  0  0  0  0  0  21  0  0  0  0  0  46  0  0  0  0  0  0  0 
1441660222  0  0  0  0  0  0  0  0  0  3920190  0  0  0  0  0  0  0  0  0  21  0  0  0  0  0  46  0  0  0  0  0  0  0 
1441660223  0  0  0  0  0  0  0  0  0  3920190  0  0  0  0  0  0  0  0  0  21  0  0  0  0  0  46  0  0  0  0  0  0  0 
1441660223  0  0  0  0  0  0  0  0  0  3920190  0  0  0  0  0  0  0  0  0  21  0  0  0  0  0  46  0  0  0  0  0  0  0 
1441660224  0  0  0  0  0  0  0  0  0  3920190  0  0  0  0  0  0  0  0  0  21  0  0  0  0  0  46  0  0  0  0  0  0  0 
1441660224  0  0  0  0  0  0  0  0  0  3920190  0  0  0  0  0  0  0  0  0  21  0  0  0  0  0  46  0  0  0  0  0  0  0 
1441660225  0  0  0  0  0  0  0  0  0  3920190  0  0  0  0  0  0  0  0  0  21  0  0  0  0  0  46  0  0  0  0  0  0  0 
1441660225  0  0  0  0  0  0  0  0  0  3920190  0  0  0  0  0  0  0  0  0  21  0  0  0  0  0  46  0  0  0  0  0  0  0 
1441660226  0  0  0  0  0  0  0  0  0  3920190  0  0  0  0  0  0  0  0  0  21  0  0  0  0  0  46  0  0  0  0  0  0  0 
1441660226  0  0  0  0  0  0  0  0  0  3920190  0  0  0  0  0  0  0  0  0  21  0  0  0  0  0  46  0  0  0  0  0  0  0 
1441660227  0  0  0  0  0  0  0  0  0  3920190  0  0  0  0  0  0  0  0  0  21  0  0  0  0  0  46  0  0  0  0  0  0  0 
1441660227  0  0  0  0  0  0  0  0  0  3920190  0  0  0  0  0  0  0  0  0  21  0  0  0  0  0  46  0  0  0  0  0  0  0 
1441660228  0  0  0  0  0  0  0  0  0  3920190  0  0  0  0  0  0  0  0  0  21  0  0  0  0  0  46  0  0  0  0  0  0  0 
1441660228  0  0  0  0  0  0  0  0  0  3920190  0  0  0  0  0  0  0  0  0  21  0  0  0  0  0  46  0  0  0  0  0  0  0 
1441660229  0  0  0  0  0  0  0  0  0  3920190  0  0  0  0  0  0  0  0  0  21  0  0  0  0  0  46  0  0  0  0  0  0  0 
1441660229  0  0  0  0  0  0  0  0  0  3920190  0  0  0  0  0  0  0  0  0  21  0  0  0  0  0  46  0  0  0  0  0  0  0 
1441660230  0  0  0  0  0  0  0  0  0  3920190  0  0  0  0  0  0  0  0  0  21  0  0  0  0  0  46  0  0  0  0  0  0  0 
1441660230  0  0  0  0  0  0  0  0  0  3920190  0  0  0  0  0  0  0  0  0  21  0  0  0  0  0  46  0  0  0  0  0  0  0 
1441660231  0  0  0  0  0  0  0  0  0  3920190  0  0  0  0  0  0  0  0  0  21  0  0  0  0  0  46  0  0  0  0  0  0  0 
1441660231  0  0  0  0  0  0  0  0  0  3920190  0  0  0  0  0  0  0  0  0  21  0  0  0  0  0  46  0  0  0  0  0  0  0 
1441660232  0  0  0  0  0  0  0  0  0  3920190  0  0  0  0  0  0  0  0  0  21  0  0  0  0  0  46  0  0  0  0  0  0  0 
1441660232  0  0  0  0  0  0  0  0  0  3920190  0  0  0  0  0  0  0  0  0  21  0  0  0  0  0  46  0  0  0  0  0  0  0 
1441660233  0  0  0  0  0  0  0  0  0  3920190  0  0  0  0  0  0  0  0  0  21  0  0  0  0  0  46  0  0  0  0  0  0  0 
1441660234  0  0  0  0  0  0  0  0  0  3920190  0  0  0  0  0  0  0  0  0  21  0  0  0  0  0  46  0  0  0  0  0  0  0 
1441660234  0  0  0  0  0  0  0  0  0  3920190  0  0  0  0  0  0  0  0  0  21  0  0  0  0  0  46  0  0  0  0  0  0  0 
1441660235  0  0  0  0  0  0  0  0  0  3920190  0  0  0  0  0  0  0  0  0  21  0  0  0  0  0  46  0  0  0  0  0  0  0 
1441660235  0  0  0  0  0  0  0  0  0  3920190  0  0  0  0  0  0  0  0  0  21  0  0  0  0  0  46  0  0  0  0  0  0  0 
1441660236  0  0  0  0  0  0  0  0  0  3920190  0  0  0  0  0  0  0  0  0  21  0  0  0  0  0  46  0  0  0  0  0  0  0 
1441660236  0  0  0  0  0  0  0  0  0  3920190  0  0  0  0  0  0  0  0  0  21  0  0  0  0  0  46  0  0  0  0  0  0  0 
1441660237  0  0  0  0  0  0  0  0  0  3920190  0  0  0  0  0  0  0  0  0  21  0  0  0  0  0  46  0  0  0  0  0  0  0 
1441660237  0  0  0  0  0  0  0  0  0  3920190  0  0  0  0  0  0  0  0  0  21  0  0  0  0  0  46  0  0  0  0  0  0  0 
1441660238  0  0  0  0  0  0  0  0  0  3920190  0  0  0  0  0  0  0  0  0  21  0  0  0  0  0  46  0  0  0  0  0  0  0 
1441660238  0  0  0  0  0  0  0  0  0  3920190  0  0  0  0  0  0  0  0  0  21  0  0  0  0  0  46  0  0  0  0  0  0  0 
1441660239  0  0  0  0  0  0  0  0  0  3920190  0  0  0  0  0  0  0  0  0  21  0  0  0  0  0  46  0  0  0  0  0  0  0 
1441660239  0  0  0  0  0  0  0  0  0  3920190  0  0  0  0  0  0  0  0  0  21  0  0  0  0  0  46  0  0  0  0  0  0  0 
1441660240  0  0  0  0  0  0  0  0  0  3920190  0  0  0  0  0  0  0  0  0  21  0  0  0  0  0  46  0  0  0  0  0  0  0 
1441660240  0  0  0  0  0  0  0  0  0  3920190  0  0  0  0  0  0  0  0  0  21  0  0  0  0  0  46  0  0  0  0  0  0  0 
1441660241  0  0  0  0  0  0  0  0  0  3920190  0  0  0  0  0  0  0  0  0  21  0  0  0  0  0  46  0  0  0  0  0  0  0 
1441660241  0  0  0  0  0  0  0  0  0  3920190  0  0  0  0  0  0  0  0  0  21  0  0  0  0  0  46  0  0  0  0  0  0  0 
1441660242  0  0  0  0  0  0  0  0  0  3920190  0  0  0  0  0  0  0  0  0  21  0  0  0  0  0  46  0  0  0  0  0  0  0 
1441660242  0  0  0  0  0  0  0  0  0  3920190  0  0  0  0  0  0  0  0  0  21  0  0  0  0  0  46  0  0  0  0  0  0  0 
1441660243  0  0  0  0  0  0  0  0  0  3920190  0  0  0  0  0  0  0  0  0  21  0  0  0  0  0  46  0  0  0  0  0  0  0 
1441660243  0  0  0  0  0  0  0  0  0  3925362  0  0  0  0  0  0  0  0  0  21  0  0  0  0  0  47  0  5172  0  0  0  0  0 
1441660244  0  0  0  0  0  0  0  0  0  3925362  0  0  0  0  0  0  0  0  0  21  0  0  0  0  0  47  0  0  0  0  0  0  0 
1441660244  0  0  0  0  0  0  0  0  0  3925362  0  0  0  0  0  0  0  0  0  21  0  0  0  0  0  47  0  0  0  0  0  0  0 
1441660245  0  0  0  0  0  0  0  0  0  3925362  0  0  0  0  0  0  0  0  0  21  0  0  0  0  0  47  0  0  0  0  0  0  0 
1441660245  0  0  0  0  0  0  0  0  0  3925362  0  0  0  0  0  0  0  0  0  21  0  0  0  0  0  47  0  0  0  0  0  0  0 
1441660246  0  0  0  0  0  0  0  0  0  3925362  0  0  0  0  0  0  0  0  0  21  0  0  0  0  0  47  0  0  0  0  0  0  0 
1441660246  0  0  0  0  0  0  0  0  0  3925362  0  0  0  0  0  0  0  0  0  21  0  0  0  0  0  47  0  0  0  0  0  0  0 
1441660247  0  0  0  0  0  0  0  0  0  3925362  0  0  0  0  0  0  0  0  0  21  0  0  0  0  0  47  0  0  0  0  0  0  0 
1441660247  0  0  0  0  0  0  0  0  0  3925362  0  0  0  0  0  0  0  0  0  21  0  0  0  0  0  47  0  0  0  0  0  0  0 
1441660248  0  0  0  0  0  0  0  0  0  3925362  0  0  0  0  0  0  0  0  0  21  0  0  0  0  0  47  0  0  0  0  0  0  0 
1441660248  0  0  0  0  0  0  0  0  0  3925362  0  0  0  0  0  0  0  0  0  21  0  0  0  0  0  47  0  0  0  0  0  0  0 
1441660249  0  0  0  0  0  0  0  0  0  3925362  0  0  0  0  0  0  0  0  0  21  0  0  0  0  0  47  0  0  0  0  0  0  0 
1441660249  0  0  0  0  0  0  0  0  0  3925362  0  0  0  0  0  0  0  0  0  21  0  0  0  0  0  47  0  0  0  0  0  0  0 
1441660250  0  0  0  0  0  0  0  0  0  3925362  0  0  0  0  0  0  0  0  0  21  0  0  0  0  0  47  0  0  0  0  0  0  0 
1441660250  0  0  0  0  0  0  0  0  0  3925362  0  0  0  0  0  0  0  0  0  21  0  0  0  0  0  47  0  0  0  0  0  0  0 
1441660251  0  0  0  0  0  0  0  0  0  3925362  0  0  0  0  0  0  0  0  0  21  0  0  0  0  0  47  0  0  0  0  0  0  0 
1441660251  0  0  0  0  0  0  0  0  0  3925362  0  0  0  0  0  0  0  0  0  21  0  0  0  0  0  47  0  0  0  0  0  0  0 
1441660252  0  0  0  0  0  0  0  0  0  3925362  0  0  0  0  0  0  0  0  0  21  0  0  0  0  0  47  0  0  0  0  0  0  0 
1441660252  0  0  0  0  0  0  0  0  0  3925362  0  0  0  0  0  0  0  0  0  21  0  0  0  0  0  47  0  0  0  0  0  0  0 
1441660253  0  0  0  0  0  0  0  0  0  3925362  0  0  0  0  0  0  0  0  0  21  0  0  0  0  0  47  0  0  0  0  0  0  0 
1441660253  0  0  0  0  0  0  0  0  0  3927957  0  0  0  0  0  0  0  0  0  21  0  0  0  0  0  48  0  2595  0  0  0  0  0 
1441660254  0  0  0  0  0  0  0  0  0  3927957  0  0  0  0  0  0  0  0  0  21  0  0  0  0  0  48  0  0  0  0  0  0  0 
1441660254  0  0  0  0  0  0  0  0  0  3927957  0  0  0  0  0  0  0  0  0  21  0  0  0  0  0  48  0  0  0  0  0  0  0 
1441660255  0  0  0  0  0  0  0  0  0  3927957  0  0  0  0  0  0  0  0  0  21  0  0  0  0  0  48  0  0  0  0  0  0  0 
1441660255  0  0  0  0  0  0  0  0  0  3927957  0  0  0  0  0  0  0  0  0  21  0  0  0  0  0  48  0  0  0  0  0  0  0 
1441660256  0  0  0  0  0  0  0  0  0  3927957  0  0  0  0  0  0  0  0  0  21  0  0  0  0  0  48  0  0  0  0  0  0  0 
1441660256  0  0  0  0  0  0  0  0  0  3927957  0  0  0  0  0  0  0  0  0  21  0  0  0  0  0  48  0  0  0  0  0  0  0 
1441660257  0  0  0  0  0  0  0  0  0  3927957  0  0  0  0  0  0  0  0  0  21  0  0  0  0  0  48  0  0  0  0  0  0  0 
1441660257  0  0  0  0  0  0  0  0  0  3927957  0  0  0  0  0  0  0  0  0  21  0  0  0  0  0  48  0  0  0  0  0  0  0 
1441660258  0  0  0  0  0  0  0  0  0  3927957  0  0  0  0  0  0  0  0  0  21  0  0  0  0  0  48  0  0  0  0  0  0  0 
1441660258  0  0  0  0  0  0  0  0  0  3927957  0  0  0  0  0  0  0  0  0  21  0  0  0  0  0  48  0  0  0  0  0  0  0 
1441660259  0  0  0  0  0  0  0  0  0  3927957  0  0  0  0  0  0  0  0  0  21  0  0  0  0  0  48  0  0  0  0  0  0  0 
1441660259  0  0  0  0  0  0  0  0  0  3927957  0  0  0  0  0  0  0  0  0  21  0  0  0  0  0  48  0  0  0  0  0  0  0 
1441660260  0  0  0  0  0  0  0  0  0  3927957  0  0  0  0  0  0  0  0  0  21  0  0  0  0  0  48  0  0  0  0  0  0  0 
1441660260  0  0  0  0  0  0  0  0  0  3927957  0  0  0  0  0  0  0  0  0  21  0  0  0  0  0  48  0  0  0  0  0  0  0 
1441660261  0  0  0  0  0  0  0  0  0  3927957  0  0  0  0  0  0  0  0  0  21  0  0  0  0  0  48  0  0  0  0  0  0  0 
1441660261  0  0  0  0  0  0  0  0  0  3927957  0  0  0  0  0  0  0  0  0  21  0  0  0  0  0  48  0  0  0  0  0  0  0 
1441660262  0  0  0  0  0  0  0  0  0  3927957  0  0  0  0  0  0  0  0  0  21  0  0  0  0  0  48  0  0  0  0  0  0  0 
1441660262  0  0  0  0  0  0  0  0  0  3927957  0  0  0  0  0  0  0  0  0  21  0  0  0  0  0  48  0  0  0  0  0  0  0 
1441660263  0  0  0  0  0  0  0  0  0  3930525  0  0  0  0  0  0  0  0  0  21  0  0  0  0  0  49  0  2568  0  0  0  0  0 
1441660263  0  0  0  0  0  0  0  0  0  3930525  0  0  0  0  0  0  0  0  0  21  0  0  0  0  0  49  0  0  0  0  0  0  0 
1441660264  0  0  0  0  0  0  0  0  0  3930525  0  0  0  0  0  0  0  0  0  21  0  0  0  0  0  49  0  0  0  0  0  0  0 
1441660264  0  0  0  0  0  0  0  0  0  3930525  0  0  0  0  0  0  0  0  0  21  0  0  0  0  0  49  0  0  0  0  0  0  0 
1441660265  0  0  0  0  0  0  0  0  0  3930525  0  0  0  0  0  0  0  0  0  21  0  0  0  0  0  49  0  0  0  0  0  0  0 
1441660265  0  0  0  0  0  0  0  0  0  3930525  0  0  0  0  0  0  0  0  0  21  0  0  0  0  0  49  0  0  0  0  0  0  0 
1441660266  0  0  0  0  0  0  0  0  0  3930525  0  0  0  0  0  0  0  0  0  21  0  0  0  0  0  49  0  0  0  0  0  0  0 
1441660266  0  0  0  0  0  0  0  0  0  3930525  0  0  0  0  0  0  0  0  0  21  0  0  0  0  0  49  0  0  0  0  0  0  0 
1441660267  0  0  0  0  0  0  0  0  0  3930525  0  0  0  0  0  0  0  0  0  21  0  0  0  0  0  49  0  0  0  0  0  0  0 
1441660267  0  0  0  0  0  0  0  0  0  3930525  0  0  0  0  0  0  0  0  0  21  0  0  0  0  0  49  0  0  0  0  0  0  0 
1441660268  0  0  0  0  0  0  0  0  0  3930525  0  0  0  0  0  0  0  0  0  21  0  0  0  0  0  49  0  0  0  0  0  0  0 
1441660268  0  0  0  0  0  0  0  0  0  3930525  0  0  0  0  0  0  0  0  0  21  0  0  0  0  0  49  0  0  0  0  0  0  0 
1441660269  0  0  0  0  0  0  0  0  0  3930525  0  0  0  0  0  0  0  0  0  21  0  0  0  0  0  49  0  0  0  0  0  0  0 
1441660269  0  0  0  0  0  0  0  0  0  3930525  0  0  0  0  0  0  0  0  0  21  0  0  0  0  0  49  0  0  0  0  0  0  0 
1441660270  0  0  0  0  0  0  0  0  0  3930525  0  0  0  0  0  0  0  0  0  21  0  0  0  0  0  49  0  0  0  0  0  0  0 
1441660270  0  0  0  0  0  0  0  0  0  3930525  0  0  0  0  0  0  0  0  0  21  0  0  0  0  0  49  0  0  0  0  0  0  0 
1441660271  0  0  0  0  0  0  0  0  0  3930525  0  0  0  0  0  0  0  0  0  21  0  0  0  0  0  49  0  0  0  0  0  0  0 
1441660271  0  0  0  0  0  0  0  0  0  3930525  0  0  0  0  0  0  0  0  0  21  0  0  0  0  0  49  0  0  0  0  0  0  0 
1441660272  0  0  0  0  0  0  0  0  0  3930525  0  0  0  0  0  0  0  0  0  21  0  0  0  0  0  49  0  0  0  0  0  0  0 
1441660272  0  0  0  0  0  0  0  0  0  3930525  0  0  0  0  0  0  0  0  0  21  0  0  0  0  0  49  0  0  0  0  0  0  0 
1441660273  0  0  0  0  0  0  0  0  0  3933211  0  0  0  0  0  0  0  0  0  21  0  0  0  0  0  50  0  2686  0  0  0  0  0 
1441660273  0  0  0  0  0  0  0  0  0  3933211  0  0  0  0  0  0  0  0  0  21  0  0  0  0  0  50  0  0  0  0  0  0  0 
1441660274  0  0  0  0  0  0  0  0  0  3933211  0  0  0  0  0  0  0  0  0  21  0  0  0  0  0  50  0  0  0  0  0  0  0 
1441660274  0  0  0  0  0  0  0  0  0  3933211  0  0  0  0  0  0  0  0  0  21  0  0  0  0  0  50  0  0  0  0  0  0  0 
1441660275  0  0  0  0  0  0  0  0  0  3933211  0  0  0  0  0  0  0  0  0  21  0  0  0  0  0  50  0  0  0  0  0  0  0 
1441660275  0  0  0  0  0  0  0  0  0  3933211  0  0  0  0  0  0  0  0  0  21  0  0  0  0  0  50  0  0  0  0  0  0  0 
1441660276  0  0  0  0  0  0  0  0  0  3933211  0  0  0  0  0  0  0  0  0  21  0  0  0  0  0  50  0  0  0  0  0  0  0 
1441660276  0  0  0  0  0  0  0  0  0  3933211  0  0  0  0  0  0  0  0  0  21  0  0  0  0  0  50  0  0  0  0  0  0  0 
1441660277  0  0  0  0  0  0  0  0  0  3933211  0  0  0  0  0  0  0  0  0  21  0  0  0  0  0  50  0  0  0  0  0  0  0 
1441660277  0  0  0  0  0  0  0  0  0  3933211  0  0  0  0  0  0  0  0  0  21  0  0  0  0  0  50  0  0  0  0  0  0  0 
1441660278  0  0  0  0  0  0  0  0  0  3933211  0  0  0  0  0  0  0  0  0  21  0  0  0  0  0  50  0  0  0  0  0  0  0 
1441660278  0  0  0  0  0  0  0  0  0  3933211  0  0  0  0  0  0  0  0  0  21  0  0  0  0  0  50  0  0  0  0  0  0  0 
1441660279  0  0  0  0  0  0  0  0  0  3933211  0  0  0  0  0  0  0  0  0  21  0  0  0  0  0  50  0  0  0  0  0  0  0 
1441660279  0  0  0  0  0  0  0  0  0  3933211  0  0  0  0  0  0  0  0  0  21  0  0  0  0  0  50  0  0  0  0  0  0  0 
1441660280  0  0  0  0  0  0  0  0  0  3933211  0  0  0  0  0  0  0  0  0  21  0  0  0  0  0  50  0  0  0  0  0  0  0 
1441660280  0  0  0  0  0  0  0  0  0  3933211  0  0  0  0  0  0  0  0  0  21  0  0  0  0  0  50  0  0  0  0  0  0  0 
1441660281  0  0  0  0  0  0  0  0  0  3933211  0  0  0  0  0  0  0  0  0  21  0  0  0  0  0  50  0  0  0  0  0  0  0 
1441660282  0  0  0  0  0  0  0  0  0  3933211  0  0  0  0  0  0  0  0  0  21  0  0  0  0  0  50  0  0  0  0  0  0  0 
1441660282  0  0  0  0  0  0  0  0  0  3933211  0  0  0  0  0  0  0  0  0  21  0  0  0  0  0  50  0  0  0  0  0  0  0 
1441660283  0  0  0  0  0  0  0  0  0  3933211  0  0  0  0  0  0  0  0  0  21  0  0  0  0  0  50  0  0  0  0  0  0  0 
1441660283  0  0  0  0  0  0  0  0  0  3936063  0  0  0  0  0  0  0  0  0  21  0  0  0  0  0  51  0  2852  0  0  0  0  0 
1441660284  0  0  0  0  0  0  0  0  0  3936063  0  0  0  0  0  0  0  0  0  21  0  0  0  0  0  51  0  0  0  0  0  0  0 
1441660284  0  0  0  0  0  0  0  0  0  3936063  0  0  0  0  0  0  0  0  0  21  0  0  0  0  0  51  0  0  0  0  0  0  0 
1441660285  0  0  0  0  0  0  0  0  0  3936063  0  0  0  0  0  0  0  0  0  21  0  0  0  0  0  51  0  0  0  0  0  0  0 
1441660285  0  0  0  0  0  0  0  0  0  3936063  0  0  0  0  0  0  0  0  0  21  0  0  0  0  0  51  0  0  0  0  0  0  0 
1441660286  0  0  0  0  0  0  0  0  0  3936063  0  0  0  0  0  0  0  0  0  21  0  0  0  0  0  51  0  0  0  0  0  0  0 
1441660286  0  0  0  0  0  0  0  0  0  3936063  0  0  0  0  0  0  0  0  0  21  0  0  0  0  0  51  0  0  0  0  0  0  0 
1441660287  0  0  0  0  0  0  0  0  0  3936063  0  0  0  0  0  0  0  0  0  21  0  0  0  0  0  51  0  0  0  0  0  0  0 
1441660287  0  0  0  0  0  0  0  0  0  3936063  0  0  0  0  0  0  0  0  0  21  0  0  0  0  0  51  0  0  0  0  0  0  0 
1441660288  0  0  0  0  0  0  0  0  0  3936063  0  0  0  0  0  0  0  0  0  21  0  0  0  0  0  51  0  0  0  0  0  0  0 
1441660288  0  0  0  0  0  0  0  0  0  3936063  0  0  0  0  0  0  0  0  0  21  0  0  0  0  0  51  0  0  0  0  0  0  0 
1441660289  0  0  0  0  0  0  0  0  0  3936063  0  0  0  0  0  0  0  0  0  21  0  0  0  0  0  51  0  0  0  0  0  0  0 
1441660289  0  0  0  0  0  0  0  0  0  3936063  0  0  0  0  0  0  0  0  0  21  0  0  0  0  0  51  0  0  0  0  0  0  0 
1441660290  0  0  0  0  0  0  0  0  0  3936063  0  0  0  0  0  0  0  0  0  21  0  0  0  0  0  51  0  0  0  0  0  0  0 
1441660290  0  0  0  0  0  0  0  0  0  3936063  0  0  0  0  0  0  0  0  0  21  0  0  0  0  0  51  0  0  0  0  0  0  0 
1441660291  0  0  0  0  0  0  0  0  0  3936063  0  0  0  0  0  0  0  0  0  21  0  0  0  0  0  51  0  0  0  0  0  0  0 
1441660291  0  0  0  0  0  0  0  0  0  3936063  0  0  0  0  0  0  0  0  0  21  0  0  0  0  0  51  0  0  0  0  0  0  0 
1441660292  0  0  0  0  0  0  0  0  0  3936063  0  0  0  0  0  0  0  0  0  21  0  0  0  0  0  51  0  0  0  0  0  0  0 
1441660292  0  0  0  0  0  0  0  0  0  3936063  0  0  0  0  0  0  0  0  0  21  0  0  0  0  0  51  0  0  0  0  0  0  0 
1441660293  0  0  0  0  0  0  0  0  0  3936063  0  0  0  0  0  0  0  0  0  21  0  0  0  0  0  51  0  0  0  0  0  0  0 
1441660293  0  0  0  0  0  0  0  0  0  3998052  0  0  0  0  0  0  0  0  0  23  0  0  0  0  0  55  0  61989  0  0  0  0  0 
1441660294  0  0  0  0  0  0  0  0  0  3998052  0  0  0  0  0  0  0  0  0  23  0  0  0  0  0  55  0  0  0  0  0  0  0 
1441660294  0  0  0  0  0  0  0  0  0  4024159  0  0  0  0  0  0  0  0  0  25  0  0  0  0  0  64  0  26107  0  0  0  0  0 
1441660295  0  0  0  0  0  0  0  0  0  4024159  0  0  0  0  0  0  0  0  0  25  0  0  0  0  0  64  0  0  0  0  0  0  0 
