#Type:X;CI:1;ww:0;ca:0;co:0;fr:0;Type:X;CI:1;PI:0;PT:EP;U0:0;U1:0;Type:X;CI:1;PI:1;PT:EP;U0:0;U1:0;
#time  Pp  gt  gs  cn  cm  cb  Nc  Pc  cp  Tc  Nm  pr  ps  pt  px  pd  Pm  Om  fs  ft  Oc  Em  Gp  Ec  Ge  ot  os  Total_cycles_diff  Successful_get_diff  Total_get_diff  succ_put_diff  total_put_diff  get_hit  
1441651422  0  0  0  0  0  0  0  0  0  3872024  0  0  0  0  0  0  0  0  0  21  0  0  0  0  0  46  0  3872024  0  0  0  0  
1441651423  0  0  0  0  0  0  0  0  0  3877084  0  0  0  0  0  0  0  0  0  21  0  0  0  0  0  47  0  5060  0  0  0  0  0 
1441651424  0  0  0  0  0  0  0  0  0  3877084  0  0  0  0  0  0  0  0  0  21  0  0  0  0  0  47  0  0  0  0  0  0  0 
1441651424  0  0  0  0  0  0  0  0  0  3877084  0  0  0  0  0  0  0  0  0  21  0  0  0  0  0  47  0  0  0  0  0  0  0 
1441651425  0  0  0  0  0  0  0  0  0  3877084  0  0  0  0  0  0  0  0  0  21  0  0  0  0  0  47  0  0  0  0  0  0  0 
1441651425  0  0  0  0  0  0  0  0  0  3877084  0  0  0  0  0  0  0  0  0  21  0  0  0  0  0  47  0  0  0  0  0  0  0 
1441651426  0  0  0  0  0  0  0  0  0  3877084  0  0  0  0  0  0  0  0  0  21  0  0  0  0  0  47  0  0  0  0  0  0  0 
1441651426  0  0  0  0  0  0  0  0  0  3877084  0  0  0  0  0  0  0  0  0  21  0  0  0  0  0  47  0  0  0  0  0  0  0 
1441651427  0  0  0  0  0  0  0  0  0  3877084  0  0  0  0  0  0  0  0  0  21  0  0  0  0  0  47  0  0  0  0  0  0  0 
1441651427  0  0  0  0  0  0  0  0  0  3877084  0  0  0  0  0  0  0  0  0  21  0  0  0  0  0  47  0  0  0  0  0  0  0 
1441651428  0  0  0  0  0  0  0  0  0  3877084  0  0  0  0  0  0  0  0  0  21  0  0  0  0  0  47  0  0  0  0  0  0  0 
1441651428  0  0  0  0  0  0  0  0  0  3877084  0  0  0  0  0  0  0  0  0  21  0  0  0  0  0  47  0  0  0  0  0  0  0 
1441651429  0  0  0  0  0  0  0  0  0  3877084  0  0  0  0  0  0  0  0  0  21  0  0  0  0  0  47  0  0  0  0  0  0  0 
1441651429  0  0  0  0  0  0  0  0  0  3877084  0  0  0  0  0  0  0  0  0  21  0  0  0  0  0  47  0  0  0  0  0  0  0 
1441651430  0  0  0  0  0  0  0  0  0  3877084  0  0  0  0  0  0  0  0  0  21  0  0  0  0  0  47  0  0  0  0  0  0  0 
1441651430  0  0  0  0  0  0  0  0  0  3877084  0  0  0  0  0  0  0  0  0  21  0  0  0  0  0  47  0  0  0  0  0  0  0 
1441651431  0  0  0  0  0  0  0  0  0  3877084  0  0  0  0  0  0  0  0  0  21  0  0  0  0  0  47  0  0  0  0  0  0  0 
1441651431  0  0  0  0  0  0  0  0  0  3877084  0  0  0  0  0  0  0  0  0  21  0  0  0  0  0  47  0  0  0  0  0  0  0 
1441651432  0  0  0  0  0  0  0  0  0  3877084  0  0  0  0  0  0  0  0  0  21  0  0  0  0  0  47  0  0  0  0  0  0  0 
1441651432  0  0  0  0  0  0  0  0  0  3877084  0  0  0  0  0  0  0  0  0  21  0  0  0  0  0  47  0  0  0  0  0  0  0 
1441651433  0  0  0  0  0  0  0  0  0  3880447  0  0  0  0  0  0  0  0  0  21  0  0  0  0  0  48  0  3363  0  0  0  0  0 
1441651433  0  0  0  0  0  0  0  0  0  3880447  0  0  0  0  0  0  0  0  0  21  0  0  0  0  0  48  0  0  0  0  0  0  0 
1441651434  0  0  0  0  0  0  0  0  0  3880447  0  0  0  0  0  0  0  0  0  21  0  0  0  0  0  48  0  0  0  0  0  0  0 
1441651434  0  0  0  0  0  0  0  0  0  3880447  0  0  0  0  0  0  0  0  0  21  0  0  0  0  0  48  0  0  0  0  0  0  0 
1441651435  0  0  0  0  0  0  0  0  0  3880447  0  0  0  0  0  0  0  0  0  21  0  0  0  0  0  48  0  0  0  0  0  0  0 
1441651435  0  0  0  0  0  0  0  0  0  3880447  0  0  0  0  0  0  0  0  0  21  0  0  0  0  0  48  0  0  0  0  0  0  0 
1441651436  0  0  0  0  0  0  0  0  0  3880447  0  0  0  0  0  0  0  0  0  21  0  0  0  0  0  48  0  0  0  0  0  0  0 
1441651436  0  0  0  0  0  0  0  0  0  3880447  0  0  0  0  0  0  0  0  0  21  0  0  0  0  0  48  0  0  0  0  0  0  0 
1441651437  0  0  0  0  0  0  0  0  0  3880447  0  0  0  0  0  0  0  0  0  21  0  0  0  0  0  48  0  0  0  0  0  0  0 
1441651437  0  0  0  0  0  0  0  0  0  3880447  0  0  0  0  0  0  0  0  0  21  0  0  0  0  0  48  0  0  0  0  0  0  0 
1441651438  0  0  0  0  0  0  0  0  0  3880447  0  0  0  0  0  0  0  0  0  21  0  0  0  0  0  48  0  0  0  0  0  0  0 
1441651438  0  0  0  0  0  0  0  0  0  3880447  0  0  0  0  0  0  0  0  0  21  0  0  0  0  0  48  0  0  0  0  0  0  0 
1441651439  0  0  0  0  0  0  0  0  0  3880447  0  0  0  0  0  0  0  0  0  21  0  0  0  0  0  48  0  0  0  0  0  0  0 
1441651439  0  0  0  0  0  0  0  0  0  3880447  0  0  0  0  0  0  0  0  0  21  0  0  0  0  0  48  0  0  0  0  0  0  0 
1441651440  0  0  0  0  0  0  0  0  0  3880447  0  0  0  0  0  0  0  0  0  21  0  0  0  0  0  48  0  0  0  0  0  0  0 
1441651440  0  0  0  0  0  0  0  0  0  3880447  0  0  0  0  0  0  0  0  0  21  0  0  0  0  0  48  0  0  0  0  0  0  0 
1441651441  0  0  0  0  0  0  0  0  0  3880447  0  0  0  0  0  0  0  0  0  21  0  0  0  0  0  48  0  0  0  0  0  0  0 
1441651441  0  0  0  0  0  0  0  0  0  3880447  0  0  0  0  0  0  0  0  0  21  0  0  0  0  0  48  0  0  0  0  0  0  0 
1441651442  0  0  0  0  0  0  0  0  0  3880447  0  0  0  0  0  0  0  0  0  21  0  0  0  0  0  48  0  0  0  0  0  0  0 
1441651442  0  0  0  0  0  0  0  0  0  3880447  0  0  0  0  0  0  0  0  0  21  0  0  0  0  0  48  0  0  0  0  0  0  0 
1441651443  0  0  0  0  0  0  0  0  0  3883187  0  0  0  0  0  0  0  0  0  21  0  0  0  0  0  49  0  2740  0  0  0  0  0 
1441651443  0  0  0  0  0  0  0  0  0  3883187  0  0  0  0  0  0  0  0  0  21  0  0  0  0  0  49  0  0  0  0  0  0  0 
1441651444  0  0  0  0  0  0  0  0  0  3883187  0  0  0  0  0  0  0  0  0  21  0  0  0  0  0  49  0  0  0  0  0  0  0 
1441651444  0  0  0  0  0  0  0  0  0  3883187  0  0  0  0  0  0  0  0  0  21  0  0  0  0  0  49  0  0  0  0  0  0  0 
1441651445  0  0  0  0  0  0  0  0  0  3883187  0  0  0  0  0  0  0  0  0  21  0  0  0  0  0  49  0  0  0  0  0  0  0 
1441651445  0  0  0  0  0  0  0  0  0  3883187  0  0  0  0  0  0  0  0  0  21  0  0  0  0  0  49  0  0  0  0  0  0  0 
1441651446  0  0  0  0  0  0  0  0  0  3883187  0  0  0  0  0  0  0  0  0  21  0  0  0  0  0  49  0  0  0  0  0  0  0 
1441651446  0  0  0  0  0  0  0  0  0  3883187  0  0  0  0  0  0  0  0  0  21  0  0  0  0  0  49  0  0  0  0  0  0  0 
1441651447  0  0  0  0  0  0  0  0  0  3883187  0  0  0  0  0  0  0  0  0  21  0  0  0  0  0  49  0  0  0  0  0  0  0 
1441651447  0  0  0  0  0  0  0  0  0  3883187  0  0  0  0  0  0  0  0  0  21  0  0  0  0  0  49  0  0  0  0  0  0  0 
1441651448  0  0  0  0  0  0  0  0  0  3883187  0  0  0  0  0  0  0  0  0  21  0  0  0  0  0  49  0  0  0  0  0  0  0 
1441651448  0  0  0  0  0  0  0  0  0  3883187  0  0  0  0  0  0  0  0  0  21  0  0  0  0  0  49  0  0  0  0  0  0  0 
1441651449  0  0  0  0  0  0  0  0  0  3883187  0  0  0  0  0  0  0  0  0  21  0  0  0  0  0  49  0  0  0  0  0  0  0 
1441651449  0  0  0  0  0  0  0  0  0  3883187  0  0  0  0  0  0  0  0  0  21  0  0  0  0  0  49  0  0  0  0  0  0  0 
1441651450  0  0  0  0  0  0  0  0  0  3883187  0  0  0  0  0  0  0  0  0  21  0  0  0  0  0  49  0  0  0  0  0  0  0 
1441651450  0  0  0  0  0  0  0  0  0  3883187  0  0  0  0  0  0  0  0  0  21  0  0  0  0  0  49  0  0  0  0  0  0  0 
1441651451  0  0  0  0  0  0  0  0  0  3883187  0  0  0  0  0  0  0  0  0  21  0  0  0  0  0  49  0  0  0  0  0  0  0 
1441651451  0  0  0  0  0  0  0  0  0  3883187  0  0  0  0  0  0  0  0  0  21  0  0  0  0  0  49  0  0  0  0  0  0  0 
1441651452  0  0  0  0  0  0  0  0  0  3883187  0  0  0  0  0  0  0  0  0  21  0  0  0  0  0  49  0  0  0  0  0  0  0 
1441651452  0  0  0  0  0  0  0  0  0  3883187  0  0  0  0  0  0  0  0  0  21  0  0  0  0  0  49  0  0  0  0  0  0  0 
1441651453  0  0  0  0  0  0  0  0  0  3885900  0  0  0  0  0  0  0  0  0  21  0  0  0  0  0  50  0  2713  0  0  0  0  0 
1441651453  0  0  0  0  0  0  0  0  0  3885900  0  0  0  0  0  0  0  0  0  21  0  0  0  0  0  50  0  0  0  0  0  0  0 
1441651454  0  0  0  0  0  0  0  0  0  3885900  0  0  0  0  0  0  0  0  0  21  0  0  0  0  0  50  0  0  0  0  0  0  0 
1441651454  0  0  0  0  0  0  0  0  0  3885900  0  0  0  0  0  0  0  0  0  21  0  0  0  0  0  50  0  0  0  0  0  0  0 
1441651455  0  0  0  0  0  0  0  0  0  3885900  0  0  0  0  0  0  0  0  0  21  0  0  0  0  0  50  0  0  0  0  0  0  0 
1441651455  0  0  0  0  0  0  0  0  0  3885900  0  0  0  0  0  0  0  0  0  21  0  0  0  0  0  50  0  0  0  0  0  0  0 
1441651456  0  0  0  0  0  0  0  0  0  3885900  0  0  0  0  0  0  0  0  0  21  0  0  0  0  0  50  0  0  0  0  0  0  0 
1441651456  0  0  0  0  0  0  0  0  0  3885900  0  0  0  0  0  0  0  0  0  21  0  0  0  0  0  50  0  0  0  0  0  0  0 
1441651457  0  0  0  0  0  0  0  0  0  3885900  0  0  0  0  0  0  0  0  0  21  0  0  0  0  0  50  0  0  0  0  0  0  0 
1441651457  0  0  0  0  0  0  0  0  0  3885900  0  0  0  0  0  0  0  0  0  21  0  0  0  0  0  50  0  0  0  0  0  0  0 
1441651458  0  0  0  0  0  0  0  0  0  3885900  0  0  0  0  0  0  0  0  0  21  0  0  0  0  0  50  0  0  0  0  0  0  0 
1441651458  0  0  0  0  0  0  0  0  0  3885900  0  0  0  0  0  0  0  0  0  21  0  0  0  0  0  50  0  0  0  0  0  0  0 
1441651459  0  0  0  0  0  0  0  0  0  3885900  0  0  0  0  0  0  0  0  0  21  0  0  0  0  0  50  0  0  0  0  0  0  0 
1441651459  0  0  0  0  0  0  0  0  0  3885900  0  0  0  0  0  0  0  0  0  21  0  0  0  0  0  50  0  0  0  0  0  0  0 
1441651460  0  0  0  0  0  0  0  0  0  3885900  0  0  0  0  0  0  0  0  0  21  0  0  0  0  0  50  0  0  0  0  0  0  0 
1441651460  0  0  0  0  0  0  0  0  0  3885900  0  0  0  0  0  0  0  0  0  21  0  0  0  0  0  50  0  0  0  0  0  0  0 
1441651461  0  0  0  0  0  0  0  0  0  3885900  0  0  0  0  0  0  0  0  0  21  0  0  0  0  0  50  0  0  0  0  0  0  0 
1441651461  0  0  0  0  0  0  0  0  0  3885900  0  0  0  0  0  0  0  0  0  21  0  0  0  0  0  50  0  0  0  0  0  0  0 
1441651462  0  0  0  0  0  0  0  0  0  3885900  0  0  0  0  0  0  0  0  0  21  0  0  0  0  0  50  0  0  0  0  0  0  0 
1441651462  0  0  0  0  0  0  0  0  0  3885900  0  0  0  0  0  0  0  0  0  21  0  0  0  0  0  50  0  0  0  0  0  0  0 
1441651463  0  0  0  0  0  0  0  0  0  3885900  0  0  0  0  0  0  0  0  0  21  0  0  0  0  0  50  0  0  0  0  0  0  0 
1441651463  0  0  0  0  0  0  0  0  0  3958525  0  0  0  0  0  0  0  0  0  25  0  0  0  0  0  63  0  72625  0  0  0  0  0 
1441651464  0  0  0  0  0  0  0  0  0  3969747  0  0  0  0  0  0  0  0  0  25  0  0  0  0  0  63  0  11222  0  0  0  0  0 
1441651464  0  0  0  0  0  0  0  0  0  3969747  0  0  0  0  0  0  0  0  0  25  0  0  0  0  0  63  0  0  0  0  0  0  0 
