#Type:X;CI:2;ww:0;ca:0;co:1;fr:0;Type:X;CI:2;PI:0;PT:EP;U0:0;U1:0;Type:X;CI:2;PI:1;PT:EP;U0:0;U1:0;
#time  Pp  gt  gs  cn  cm  cb  Nc  Pc  cp  Tc  Nm  pr  ps  pt  px  pd  Pm  Om  fs  ft  Oc  Em  Gp  Ec  Ge  ot  os  Total_cycles_diff  Successful_get_diff  Total_get_diff  succ_put_diff  total_put_diff  get_hit  
1441665312  0  0  0  0  0  0  0  0  0  4361185  0  0  0  0  0  0  0  0  0  21  0  0  0  0  0  46  0  4361185  0  0  0  0  
1441665312  0  0  0  0  0  0  0  0  0  4366626  0  0  0  0  0  0  0  0  0  21  0  0  0  0  0  47  0  5441  0  0  0  0  0 
1441665313  0  0  0  0  0  0  0  0  0  4366626  0  0  0  0  0  0  0  0  0  21  0  0  0  0  0  47  0  0  0  0  0  0  0 
1441665313  0  0  0  0  0  0  0  0  0  4366626  0  0  0  0  0  0  0  0  0  21  0  0  0  0  0  47  0  0  0  0  0  0  0 
1441665314  0  0  0  0  0  0  0  0  0  4366626  0  0  0  0  0  0  0  0  0  21  0  0  0  0  0  47  0  0  0  0  0  0  0 
1441665314  0  0  0  0  0  0  0  0  0  4366626  0  0  0  0  0  0  0  0  0  21  0  0  0  0  0  47  0  0  0  0  0  0  0 
1441665315  0  0  0  0  0  0  0  0  0  4366626  0  0  0  0  0  0  0  0  0  21  0  0  0  0  0  47  0  0  0  0  0  0  0 
1441665315  0  0  0  0  0  0  0  0  0  4366626  0  0  0  0  0  0  0  0  0  21  0  0  0  0  0  47  0  0  0  0  0  0  0 
1441665316  0  0  0  0  0  0  0  0  0  4366626  0  0  0  0  0  0  0  0  0  21  0  0  0  0  0  47  0  0  0  0  0  0  0 
1441665316  0  0  0  0  0  0  0  0  0  4366626  0  0  0  0  0  0  0  0  0  21  0  0  0  0  0  47  0  0  0  0  0  0  0 
1441665317  0  0  0  0  0  0  0  0  0  4366626  0  0  0  0  0  0  0  0  0  21  0  0  0  0  0  47  0  0  0  0  0  0  0 
1441665317  0  0  0  0  0  0  0  0  0  4366626  0  0  0  0  0  0  0  0  0  21  0  0  0  0  0  47  0  0  0  0  0  0  0 
1441665318  0  0  0  0  0  0  0  0  0  4366626  0  0  0  0  0  0  0  0  0  21  0  0  0  0  0  47  0  0  0  0  0  0  0 
1441665318  0  0  0  0  0  0  0  0  0  4366626  0  0  0  0  0  0  0  0  0  21  0  0  0  0  0  47  0  0  0  0  0  0  0 
1441665319  0  0  0  0  0  0  0  0  0  4366626  0  0  0  0  0  0  0  0  0  21  0  0  0  0  0  47  0  0  0  0  0  0  0 
1441665319  0  0  0  0  0  0  0  0  0  4366626  0  0  0  0  0  0  0  0  0  21  0  0  0  0  0  47  0  0  0  0  0  0  0 
1441665320  0  0  0  0  0  0  0  0  0  4366626  0  0  0  0  0  0  0  0  0  21  0  0  0  0  0  47  0  0  0  0  0  0  0 
1441665320  0  0  0  0  0  0  0  0  0  4366626  0  0  0  0  0  0  0  0  0  21  0  0  0  0  0  47  0  0  0  0  0  0  0 
1441665321  0  0  0  0  0  0  0  0  0  4366626  0  0  0  0  0  0  0  0  0  21  0  0  0  0  0  47  0  0  0  0  0  0  0 
1441665321  0  0  0  0  0  0  0  0  0  4366626  0  0  0  0  0  0  0  0  0  21  0  0  0  0  0  47  0  0  0  0  0  0  0 
1441665322  0  0  0  0  0  0  0  0  0  4369029  0  0  0  0  0  0  0  0  0  21  0  0  0  0  0  48  0  2403  0  0  0  0  0 
1441665322  0  0  0  0  0  0  0  0  0  4369029  0  0  0  0  0  0  0  0  0  21  0  0  0  0  0  48  0  0  0  0  0  0  0 
1441665323  0  0  0  0  0  0  0  0  0  4369029  0  0  0  0  0  0  0  0  0  21  0  0  0  0  0  48  0  0  0  0  0  0  0 
1441665323  0  0  0  0  0  0  0  0  0  4369029  0  0  0  0  0  0  0  0  0  21  0  0  0  0  0  48  0  0  0  0  0  0  0 
1441665324  0  0  0  0  0  0  0  0  0  4369029  0  0  0  0  0  0  0  0  0  21  0  0  0  0  0  48  0  0  0  0  0  0  0 
1441665324  0  0  0  0  0  0  0  0  0  4369029  0  0  0  0  0  0  0  0  0  21  0  0  0  0  0  48  0  0  0  0  0  0  0 
1441665325  0  0  0  0  0  0  0  0  0  4369029  0  0  0  0  0  0  0  0  0  21  0  0  0  0  0  48  0  0  0  0  0  0  0 
1441665325  0  0  0  0  0  0  0  0  0  4369029  0  0  0  0  0  0  0  0  0  21  0  0  0  0  0  48  0  0  0  0  0  0  0 
1441665326  0  0  0  0  0  0  0  0  0  4369029  0  0  0  0  0  0  0  0  0  21  0  0  0  0  0  48  0  0  0  0  0  0  0 
1441665326  0  0  0  0  0  0  0  0  0  4369029  0  0  0  0  0  0  0  0  0  21  0  0  0  0  0  48  0  0  0  0  0  0  0 
1441665327  0  0  0  0  0  0  0  0  0  4369029  0  0  0  0  0  0  0  0  0  21  0  0  0  0  0  48  0  0  0  0  0  0  0 
1441665328  0  0  0  0  0  0  0  0  0  4369029  0  0  0  0  0  0  0  0  0  21  0  0  0  0  0  48  0  0  0  0  0  0  0 
1441665328  0  0  0  0  0  0  0  0  0  4369029  0  0  0  0  0  0  0  0  0  21  0  0  0  0  0  48  0  0  0  0  0  0  0 
1441665329  0  0  0  0  0  0  0  0  0  4369029  0  0  0  0  0  0  0  0  0  21  0  0  0  0  0  48  0  0  0  0  0  0  0 
1441665329  0  0  0  0  0  0  0  0  0  4369029  0  0  0  0  0  0  0  0  0  21  0  0  0  0  0  48  0  0  0  0  0  0  0 
1441665330  0  0  0  0  0  0  0  0  0  4369029  0  0  0  0  0  0  0  0  0  21  0  0  0  0  0  48  0  0  0  0  0  0  0 
1441665330  0  0  0  0  0  0  0  0  0  4369029  0  0  0  0  0  0  0  0  0  21  0  0  0  0  0  48  0  0  0  0  0  0  0 
1441665331  0  0  0  0  0  0  0  0  0  4369029  0  0  0  0  0  0  0  0  0  21  0  0  0  0  0  48  0  0  0  0  0  0  0 
1441665331  0  0  0  0  0  0  0  0  0  4369029  0  0  0  0  0  0  0  0  0  21  0  0  0  0  0  48  0  0  0  0  0  0  0 
1441665332  0  0  0  0  0  0  0  0  0  4369029  0  0  0  0  0  0  0  0  0  21  0  0  0  0  0  48  0  0  0  0  0  0  0 
1441665332  0  0  0  0  0  0  0  0  0  4369029  0  0  0  0  0  0  0  0  0  21  0  0  0  0  0  48  0  0  0  0  0  0  0 
1441665333  0  0  0  0  0  0  0  0  0  4371512  0  0  0  0  0  0  0  0  0  21  0  0  0  0  0  49  0  2483  0  0  0  0  0 
1441665333  0  0  0  0  0  0  0  0  0  4371512  0  0  0  0  0  0  0  0  0  21  0  0  0  0  0  49  0  0  0  0  0  0  0 
1441665334  0  0  0  0  0  0  0  0  0  4371512  0  0  0  0  0  0  0  0  0  21  0  0  0  0  0  49  0  0  0  0  0  0  0 
1441665334  0  0  0  0  0  0  0  0  0  4371512  0  0  0  0  0  0  0  0  0  21  0  0  0  0  0  49  0  0  0  0  0  0  0 
1441665335  0  0  0  0  0  0  0  0  0  4371512  0  0  0  0  0  0  0  0  0  21  0  0  0  0  0  49  0  0  0  0  0  0  0 
1441665335  0  0  0  0  0  0  0  0  0  4371512  0  0  0  0  0  0  0  0  0  21  0  0  0  0  0  49  0  0  0  0  0  0  0 
1441665336  0  0  0  0  0  0  0  0  0  4371512  0  0  0  0  0  0  0  0  0  21  0  0  0  0  0  49  0  0  0  0  0  0  0 
1441665336  0  0  0  0  0  0  0  0  0  4371512  0  0  0  0  0  0  0  0  0  21  0  0  0  0  0  49  0  0  0  0  0  0  0 
1441665337  0  0  0  0  0  0  0  0  0  4371512  0  0  0  0  0  0  0  0  0  21  0  0  0  0  0  49  0  0  0  0  0  0  0 
1441665337  0  0  0  0  0  0  0  0  0  4371512  0  0  0  0  0  0  0  0  0  21  0  0  0  0  0  49  0  0  0  0  0  0  0 
1441665338  0  0  0  0  0  0  0  0  0  4371512  0  0  0  0  0  0  0  0  0  21  0  0  0  0  0  49  0  0  0  0  0  0  0 
1441665338  0  0  0  0  0  0  0  0  0  4371512  0  0  0  0  0  0  0  0  0  21  0  0  0  0  0  49  0  0  0  0  0  0  0 
1441665339  0  0  0  0  0  0  0  0  0  4371512  0  0  0  0  0  0  0  0  0  21  0  0  0  0  0  49  0  0  0  0  0  0  0 
1441665339  0  0  0  0  0  0  0  0  0  4371512  0  0  0  0  0  0  0  0  0  21  0  0  0  0  0  49  0  0  0  0  0  0  0 
1441665340  0  0  0  0  0  0  0  0  0  4371512  0  0  0  0  0  0  0  0  0  21  0  0  0  0  0  49  0  0  0  0  0  0  0 
1441665340  0  0  0  0  0  0  0  0  0  4371512  0  0  0  0  0  0  0  0  0  21  0  0  0  0  0  49  0  0  0  0  0  0  0 
1441665341  0  0  0  0  0  0  0  0  0  4371512  0  0  0  0  0  0  0  0  0  21  0  0  0  0  0  49  0  0  0  0  0  0  0 
1441665341  0  0  0  0  0  0  0  0  0  4371512  0  0  0  0  0  0  0  0  0  21  0  0  0  0  0  49  0  0  0  0  0  0  0 
1441665342  0  0  0  0  0  0  0  0  0  4371512  0  0  0  0  0  0  0  0  0  21  0  0  0  0  0  49  0  0  0  0  0  0  0 
1441665342  0  0  0  0  0  0  0  0  0  4374237  0  0  0  0  0  0  0  0  0  21  0  0  0  0  0  50  0  2725  0  0  0  0  0 
1441665343  0  0  0  0  0  0  0  0  0  4374237  0  0  0  0  0  0  0  0  0  21  0  0  0  0  0  50  0  0  0  0  0  0  0 
1441665343  0  0  0  0  0  0  0  0  0  4374237  0  0  0  0  0  0  0  0  0  21  0  0  0  0  0  50  0  0  0  0  0  0  0 
1441665344  0  0  0  0  0  0  0  0  0  4374237  0  0  0  0  0  0  0  0  0  21  0  0  0  0  0  50  0  0  0  0  0  0  0 
1441665344  0  0  0  0  0  0  0  0  0  4374237  0  0  0  0  0  0  0  0  0  21  0  0  0  0  0  50  0  0  0  0  0  0  0 
1441665345  0  0  0  0  0  0  0  0  0  4374237  0  0  0  0  0  0  0  0  0  21  0  0  0  0  0  50  0  0  0  0  0  0  0 
1441665345  0  0  0  0  0  0  0  0  0  4374237  0  0  0  0  0  0  0  0  0  21  0  0  0  0  0  50  0  0  0  0  0  0  0 
1441665346  0  0  0  0  0  0  0  0  0  4374237  0  0  0  0  0  0  0  0  0  21  0  0  0  0  0  50  0  0  0  0  0  0  0 
1441665346  0  0  0  0  0  0  0  0  0  4374237  0  0  0  0  0  0  0  0  0  21  0  0  0  0  0  50  0  0  0  0  0  0  0 
1441665347  0  0  0  0  0  0  0  0  0  4374237  0  0  0  0  0  0  0  0  0  21  0  0  0  0  0  50  0  0  0  0  0  0  0 
1441665347  0  0  0  0  0  0  0  0  0  4374237  0  0  0  0  0  0  0  0  0  21  0  0  0  0  0  50  0  0  0  0  0  0  0 
1441665348  0  0  0  0  0  0  0  0  0  4374237  0  0  0  0  0  0  0  0  0  21  0  0  0  0  0  50  0  0  0  0  0  0  0 
1441665348  0  0  0  0  0  0  0  0  0  4374237  0  0  0  0  0  0  0  0  0  21  0  0  0  0  0  50  0  0  0  0  0  0  0 
1441665349  0  0  0  0  0  0  0  0  0  4374237  0  0  0  0  0  0  0  0  0  21  0  0  0  0  0  50  0  0  0  0  0  0  0 
1441665349  0  0  0  0  0  0  0  0  0  4374237  0  0  0  0  0  0  0  0  0  21  0  0  0  0  0  50  0  0  0  0  0  0  0 
1441665350  0  0  0  0  0  0  0  0  0  4374237  0  0  0  0  0  0  0  0  0  21  0  0  0  0  0  50  0  0  0  0  0  0  0 
1441665350  0  0  0  0  0  0  0  0  0  4374237  0  0  0  0  0  0  0  0  0  21  0  0  0  0  0  50  0  0  0  0  0  0  0 
1441665351  0  0  0  0  0  0  0  0  0  4374237  0  0  0  0  0  0  0  0  0  21  0  0  0  0  0  50  0  0  0  0  0  0  0 
1441665351  0  0  0  0  0  0  0  0  0  4374237  0  0  0  0  0  0  0  0  0  21  0  0  0  0  0  50  0  0  0  0  0  0  0 
1441665352  0  0  0  0  0  0  0  0  0  4374237  0  0  0  0  0  0  0  0  0  21  0  0  0  0  0  50  0  0  0  0  0  0  0 
1441665352  0  0  0  0  0  0  0  0  0  4396422  0  0  0  0  0  0  0  0  0  21  0  0  0  0  0  50  0  22185  0  0  0  0  0 
1441665353  0  0  0  0  0  0  0  0  0  4441221  0  0  0  0  0  0  0  0  0  23  0  0  0  0  0  54  0  44799  0  0  0  0  0 
1441665353  0  0  0  0  0  0  0  0  0  4488225  0  0  0  0  0  0  0  0  0  25  0  0  0  0  0  63  0  47004  0  0  0  0  0 
1441665354  0  0  0  0  0  0  0  0  0  4488225  0  0  0  0  0  0  0  0  0  25  0  0  0  0  0  63  0  0  0  0  0  0  0 
1441665354  0  0  0  0  0  0  0  0  0  4488225  0  0  0  0  0  0  0  0  0  25  0  0  0  0  0  63  0  0  0  0  0  0  0 
1441665355  0  0  0  0  0  0  0  0  0  4488225  0  0  0  0  0  0  0  0  0  25  0  0  0  0  0  63  0  0  0  0  0  0  0 
