#Type:X;CI:2;ww:0;ca:0;co:1;fr:0;Type:X;CI:2;PI:0;PT:EP;U0:0;U1:0;
#time  Pp  gt  gs  cn  cm  cb  Nc  Pc  cp  Tc  Nm  pr  ps  pt  px  pd  Pm  Om  fs  ft  Oc  Em  Gp  Ec  Ge  ot  os  Total_cycles_diff  Successful_get_diff  Total_get_diff  succ_put_diff  total_put_diff  get_hit  
1441324005  0  0  0  0  0  0  0  0  0  85579  0  0  0  0  0  0  0  0  0  0  0  0  0  0  0  0  0  85579  0  0  0  0  
1441324005  0  0  0  0  0  0  0  0  0  904171  0  0  0  0  0  0  0  0  0  0  0  0  0  0  0  0  0  818592  0  0  0  0  0 
1441324006  0  0  0  0  0  0  0  0  0  1324599  0  0  0  0  0  0  0  0  0  0  0  0  0  0  0  0  0  420428  0  0  0  0  0 
1441324006  0  0  0  0  0  0  0  0  0  1553231  0  0  0  0  0  0  0  0  0  0  0  0  0  0  0  0  0  228632  0  0  0  0  0 
1441324007  0  0  0  0  0  0  0  0  0  1881755  0  0  0  0  0  0  0  0  0  0  0  0  0  0  0  0  0  328524  0  0  0  0  0 
1441324007  0  0  0  0  0  0  0  0  0  2371140  0  0  0  0  0  0  0  0  0  13  0  0  0  0  0  39  0  489385  0  0  0  0  0 
1441324008  0  0  0  0  0  0  0  0  0  2371140  0  0  0  0  0  0  0  0  0  13  0  0  0  0  0  39  0  0  0  0  0  0  0 
1441324008  0  0  0  0  0  0  0  0  0  3280400  0  0  0  0  0  0  0  0  0  15  0  0  0  0  0  41  0  909260  0  0  0  0  0 
1441324009  0  0  0  0  0  0  0  0  0  3762944  0  0  0  0  0  0  0  0  0  21  0  0  0  0  0  46  0  482544  0  0  0  0  0 
1441324009  0  0  0  0  0  0  0  0  0  3861910  0  0  0  0  0  0  0  0  0  21  0  0  0  0  0  46  0  98966  0  0  0  0  0 
1441324010  0  0  0  0  0  0  0  0  0  3861910  0  0  0  0  0  0  0  0  0  21  0  0  0  0  0  46  0  0  0  0  0  0  0 
1441324010  0  0  0  0  0  0  0  0  0  3861910  0  0  0  0  0  0  0  0  0  21  0  0  0  0  0  46  0  0  0  0  0  0  0 
1441324011  0  0  0  0  0  0  0  0  0  3861910  0  0  0  0  0  0  0  0  0  21  0  0  0  0  0  46  0  0  0  0  0  0  0 
1441324011  0  0  0  0  0  0  0  0  0  3861910  0  0  0  0  0  0  0  0  0  21  0  0  0  0  0  46  0  0  0  0  0  0  0 
1441324012  0  0  0  0  0  0  0  0  0  3861910  0  0  0  0  0  0  0  0  0  21  0  0  0  0  0  46  0  0  0  0  0  0  0 
1441324012  0  0  0  0  0  0  0  0  0  3861910  0  0  0  0  0  0  0  0  0  21  0  0  0  0  0  46  0  0  0  0  0  0  0 
1441324013  0  0  0  0  0  0  0  0  0  3861910  0  0  0  0  0  0  0  0  0  21  0  0  0  0  0  46  0  0  0  0  0  0  0 
1441324013  0  0  0  0  0  0  0  0  0  3861910  0  0  0  0  0  0  0  0  0  21  0  0  0  0  0  46  0  0  0  0  0  0  0 
1441324014  0  0  0  0  0  0  0  0  0  3861910  0  0  0  0  0  0  0  0  0  21  0  0  0  0  0  46  0  0  0  0  0  0  0 
1441324014  0  0  0  0  0  0  0  0  0  3861910  0  0  0  0  0  0  0  0  0  21  0  0  0  0  0  46  0  0  0  0  0  0  0 
1441324015  0  0  0  0  0  0  0  0  0  3861910  0  0  0  0  0  0  0  0  0  21  0  0  0  0  0  46  0  0  0  0  0  0  0 
1441324015  0  0  0  0  0  0  0  0  0  3861910  0  0  0  0  0  0  0  0  0  21  0  0  0  0  0  46  0  0  0  0  0  0  0 
1441324016  0  0  0  0  0  0  0  0  0  3861910  0  0  0  0  0  0  0  0  0  21  0  0  0  0  0  46  0  0  0  0  0  0  0 
1441324016  0  0  0  0  0  0  0  0  0  3861910  0  0  0  0  0  0  0  0  0  21  0  0  0  0  0  46  0  0  0  0  0  0  0 
1441324017  0  0  0  0  0  0  0  0  0  3861910  0  0  0  0  0  0  0  0  0  21  0  0  0  0  0  46  0  0  0  0  0  0  0 
1441324017  0  0  0  0  0  0  0  0  0  3861910  0  0  0  0  0  0  0  0  0  21  0  0  0  0  0  46  0  0  0  0  0  0  0 
1441324018  0  0  0  0  0  0  0  0  0  3861910  0  0  0  0  0  0  0  0  0  21  0  0  0  0  0  46  0  0  0  0  0  0  0 
1441324019  0  0  0  0  0  0  0  0  0  3861910  0  0  0  0  0  0  0  0  0  21  0  0  0  0  0  46  0  0  0  0  0  0  0 
1441324019  0  0  0  0  0  0  0  0  0  3861910  0  0  0  0  0  0  0  0  0  21  0  0  0  0  0  46  0  0  0  0  0  0  0 
1441324020  0  0  0  0  0  0  0  0  0  3861910  0  0  0  0  0  0  0  0  0  21  0  0  0  0  0  46  0  0  0  0  0  0  0 
1441324020  0  0  0  0  0  0  0  0  0  3861910  0  0  0  0  0  0  0  0  0  21  0  0  0  0  0  46  0  0  0  0  0  0  0 
1441324021  0  0  0  0  0  0  0  0  0  3861910  0  0  0  0  0  0  0  0  0  21  0  0  0  0  0  46  0  0  0  0  0  0  0 
1441324021  0  0  0  0  0  0  0  0  0  3867031  0  0  0  0  0  0  0  0  0  21  0  0  0  0  0  46  0  5121  0  0  0  0  0 
1441324022  0  0  0  0  0  0  0  0  0  3963693  0  0  0  0  0  0  0  0  0  21  0  0  0  0  0  47  0  96662  0  0  0  0  0 
1441324022  0  0  0  0  0  0  0  0  0  3963693  0  0  0  0  0  0  0  0  0  21  0  0  0  0  0  47  0  0  0  0  0  0  0 
1441324023  0  0  0  0  0  0  0  0  0  3963693  0  0  0  0  0  0  0  0  0  21  0  0  0  0  0  47  0  0  0  0  0  0  0 
1441324023  0  0  0  0  0  0  0  0  0  3963693  0  0  0  0  0  0  0  0  0  21  0  0  0  0  0  47  0  0  0  0  0  0  0 
1441324024  0  0  0  0  0  0  0  0  0  3963693  0  0  0  0  0  0  0  0  0  21  0  0  0  0  0  47  0  0  0  0  0  0  0 
1441324024  0  0  0  0  0  0  0  0  0  3963693  0  0  0  0  0  0  0  0  0  21  0  0  0  0  0  47  0  0  0  0  0  0  0 
1441324025  0  0  0  0  0  0  0  0  0  3963693  0  0  0  0  0  0  0  0  0  21  0  0  0  0  0  47  0  0  0  0  0  0  0 
1441324025  0  0  0  0  0  0  0  0  0  3963693  0  0  0  0  0  0  0  0  0  21  0  0  0  0  0  47  0  0  0  0  0  0  0 
1441324026  0  0  0  0  0  0  0  0  0  3963693  0  0  0  0  0  0  0  0  0  21  0  0  0  0  0  47  0  0  0  0  0  0  0 
1441324026  0  0  0  0  0  0  0  0  0  3963693  0  0  0  0  0  0  0  0  0  21  0  0  0  0  0  47  0  0  0  0  0  0  0 
1441324027  0  0  0  0  0  0  0  0  0  3963693  0  0  0  0  0  0  0  0  0  21  0  0  0  0  0  47  0  0  0  0  0  0  0 
1441324027  0  0  0  0  0  0  0  0  0  3963693  0  0  0  0  0  0  0  0  0  21  0  0  0  0  0  47  0  0  0  0  0  0  0 
1441324028  0  0  0  0  0  0  0  0  0  3963693  0  0  0  0  0  0  0  0  0  21  0  0  0  0  0  47  0  0  0  0  0  0  0 
1441324028  0  0  0  0  0  0  0  0  0  3963693  0  0  0  0  0  0  0  0  0  21  0  0  0  0  0  47  0  0  0  0  0  0  0 
1441324029  0  0  0  0  0  0  0  0  0  3963693  0  0  0  0  0  0  0  0  0  21  0  0  0  0  0  47  0  0  0  0  0  0  0 
1441324029  0  0  0  0  0  0  0  0  0  3963693  0  0  0  0  0  0  0  0  0  21  0  0  0  0  0  47  0  0  0  0  0  0  0 
1441324030  0  0  0  0  0  0  0  0  0  3963693  0  0  0  0  0  0  0  0  0  21  0  0  0  0  0  47  0  0  0  0  0  0  0 
1441324030  0  0  0  0  0  0  0  0  0  3963693  0  0  0  0  0  0  0  0  0  21  0  0  0  0  0  47  0  0  0  0  0  0  0 
1441324031  0  0  0  0  0  0  0  0  0  3963693  0  0  0  0  0  0  0  0  0  21  0  0  0  0  0  47  0  0  0  0  0  0  0 
1441324031  0  0  0  0  0  0  0  0  0  3963693  0  0  0  0  0  0  0  0  0  21  0  0  0  0  0  47  0  0  0  0  0  0  0 
1441324032  0  0  0  0  0  0  0  0  0  3963693  0  0  0  0  0  0  0  0  0  21  0  0  0  0  0  47  0  0  0  0  0  0  0 
1441324032  0  0  0  0  0  0  0  0  0  3963693  0  0  0  0  0  0  0  0  0  21  0  0  0  0  0  47  0  0  0  0  0  0  0 
1441324033  0  0  0  0  0  0  0  0  0  3963693  0  0  0  0  0  0  0  0  0  21  0  0  0  0  0  47  0  0  0  0  0  0  0 
1441324033  0  0  0  0  0  0  0  0  0  3963693  0  0  0  0  0  0  0  0  0  21  0  0  0  0  0  47  0  0  0  0  0  0  0 
1441324034  0  0  0  0  0  0  0  0  0  3963693  0  0  0  0  0  0  0  0  0  21  0  0  0  0  0  47  0  0  0  0  0  0  0 
1441324034  0  0  0  0  0  0  0  0  0  3963693  0  0  0  0  0  0  0  0  0  21  0  0  0  0  0  47  0  0  0  0  0  0  0 
1441324035  0  0  0  0  0  0  0  0  0  3963693  0  0  0  0  0  0  0  0  0  21  0  0  0  0  0  47  0  0  0  0  0  0  0 
1441324035  0  0  0  0  0  0  0  0  0  3963693  0  0  0  0  0  0  0  0  0  21  0  0  0  0  0  47  0  0  0  0  0  0  0 
1441324036  0  0  0  0  0  0  0  0  0  3963693  0  0  0  0  0  0  0  0  0  21  0  0  0  0  0  47  0  0  0  0  0  0  0 
1441324036  0  0  0  0  0  0  0  0  0  3963693  0  0  0  0  0  0  0  0  0  21  0  0  0  0  0  47  0  0  0  0  0  0  0 
1441324037  0  0  0  0  0  0  0  0  0  3963693  0  0  0  0  0  0  0  0  0  21  0  0  0  0  0  47  0  0  0  0  0  0  0 
1441324037  0  0  0  0  0  0  0  0  0  3963693  0  0  0  0  0  0  0  0  0  21  0  0  0  0  0  47  0  0  0  0  0  0  0 
1441324038  0  0  0  0  0  0  0  0  0  3963693  0  0  0  0  0  0  0  0  0  21  0  0  0  0  0  47  0  0  0  0  0  0  0 
1441324038  0  0  0  0  0  0  0  0  0  3963693  0  0  0  0  0  0  0  0  0  21  0  0  0  0  0  47  0  0  0  0  0  0  0 
1441324039  0  0  0  0  0  0  0  0  0  3963693  0  0  0  0  0  0  0  0  0  21  0  0  0  0  0  47  0  0  0  0  0  0  0 
1441324039  0  0  0  0  0  0  0  0  0  3963693  0  0  0  0  0  0  0  0  0  21  0  0  0  0  0  47  0  0  0  0  0  0  0 
1441324040  0  0  0  0  0  0  0  0  0  3963693  0  0  0  0  0  0  0  0  0  21  0  0  0  0  0  47  0  0  0  0  0  0  0 
1441324040  0  0  0  0  0  0  0  0  0  3963693  0  0  0  0  0  0  0  0  0  21  0  0  0  0  0  47  0  0  0  0  0  0  0 
1441324041  0  0  0  0  0  0  0  0  0  3963693  0  0  0  0  0  0  0  0  0  21  0  0  0  0  0  47  0  0  0  0  0  0  0 
1441324041  0  0  0  0  0  0  0  0  0  3963693  0  0  0  0  0  0  0  0  0  21  0  0  0  0  0  47  0  0  0  0  0  0  0 
1441324042  0  0  0  0  0  0  0  0  0  3963693  0  0  0  0  0  0  0  0  0  21  0  0  0  0  0  47  0  0  0  0  0  0  0 
1441324042  0  0  0  0  0  0  0  0  0  3963693  0  0  0  0  0  0  0  0  0  21  0  0  0  0  0  47  0  0  0  0  0  0  0 
1441324043  0  0  0  0  0  0  0  0  0  3963693  0  0  0  0  0  0  0  0  0  21  0  0  0  0  0  47  0  0  0  0  0  0  0 
1441324043  0  0  0  0  0  0  0  0  0  3963693  0  0  0  0  0  0  0  0  0  21  0  0  0  0  0  47  0  0  0  0  0  0  0 
1441324044  0  0  0  0  0  0  0  0  0  3963693  0  0  0  0  0  0  0  0  0  21  0  0  0  0  0  47  0  0  0  0  0  0  0 
1441324044  0  0  0  0  0  0  0  0  0  3963693  0  0  0  0  0  0  0  0  0  21  0  0  0  0  0  47  0  0  0  0  0  0  0 
1441324045  0  0  0  0  0  0  0  0  0  3963693  0  0  0  0  0  0  0  0  0  21  0  0  0  0  0  47  0  0  0  0  0  0  0 
1441324045  0  0  0  0  0  0  0  0  0  3963693  0  0  0  0  0  0  0  0  0  21  0  0  0  0  0  47  0  0  0  0  0  0  0 
1441324046  0  0  0  0  0  0  0  0  0  3963693  0  0  0  0  0  0  0  0  0  21  0  0  0  0  0  47  0  0  0  0  0  0  0 
1441324046  0  0  0  0  0  0  0  0  0  3963693  0  0  0  0  0  0  0  0  0  21  0  0  0  0  0  47  0  0  0  0  0  0  0 
1441324047  0  0  0  0  0  0  0  0  0  3963693  0  0  0  0  0  0  0  0  0  21  0  0  0  0  0  47  0  0  0  0  0  0  0 
1441324047  0  0  0  0  0  0  0  0  0  3963693  0  0  0  0  0  0  0  0  0  21  0  0  0  0  0  47  0  0  0  0  0  0  0 
1441324048  0  0  0  0  0  0  0  0  0  3963693  0  0  0  0  0  0  0  0  0  21  0  0  0  0  0  47  0  0  0  0  0  0  0 
1441324048  0  0  0  0  0  0  0  0  0  3963693  0  0  0  0  0  0  0  0  0  21  0  0  0  0  0  47  0  0  0  0  0  0  0 
1441324049  0  0  0  0  0  0  0  0  0  3963693  0  0  0  0  0  0  0  0  0  21  0  0  0  0  0  47  0  0  0  0  0  0  0 
1441324049  0  0  0  0  0  0  0  0  0  3963693  0  0  0  0  0  0  0  0  0  21  0  0  0  0  0  47  0  0  0  0  0  0  0 
1441324050  0  0  0  0  0  0  0  0  0  3963693  0  0  0  0  0  0  0  0  0  21  0  0  0  0  0  47  0  0  0  0  0  0  0 
1441324050  0  0  0  0  0  0  0  0  0  3963693  0  0  0  0  0  0  0  0  0  21  0  0  0  0  0  47  0  0  0  0  0  0  0 
1441324051  0  0  0  0  0  0  0  0  0  3963693  0  0  0  0  0  0  0  0  0  21  0  0  0  0  0  47  0  0  0  0  0  0  0 
1441324051  0  0  0  0  0  0  0  0  0  3963693  0  0  0  0  0  0  0  0  0  21  0  0  0  0  0  47  0  0  0  0  0  0  0 
1441324052  0  0  0  0  0  0  0  0  0  3963693  0  0  0  0  0  0  0  0  0  21  0  0  0  0  0  47  0  0  0  0  0  0  0 
1441324052  0  0  0  0  0  0  0  0  0  3963693  0  0  0  0  0  0  0  0  0  21  0  0  0  0  0  47  0  0  0  0  0  0  0 
1441324053  0  0  0  0  0  0  0  0  0  3963693  0  0  0  0  0  0  0  0  0  21  0  0  0  0  0  47  0  0  0  0  0  0  0 
1441324053  0  0  0  0  0  0  0  0  0  3963693  0  0  0  0  0  0  0  0  0  21  0  0  0  0  0  47  0  0  0  0  0  0  0 
1441324054  0  0  0  0  0  0  0  0  0  3963693  0  0  0  0  0  0  0  0  0  21  0  0  0  0  0  47  0  0  0  0  0  0  0 
1441324054  0  0  0  0  0  0  0  0  0  3963693  0  0  0  0  0  0  0  0  0  21  0  0  0  0  0  47  0  0  0  0  0  0  0 
1441324055  0  0  0  0  0  0  0  0  0  3963693  0  0  0  0  0  0  0  0  0  21  0  0  0  0  0  47  0  0  0  0  0  0  0 
1441324055  0  0  0  0  0  0  0  0  0  3963693  0  0  0  0  0  0  0  0  0  21  0  0  0  0  0  47  0  0  0  0  0  0  0 
1441324056  0  0  0  0  0  0  0  0  0  3963693  0  0  0  0  0  0  0  0  0  21  0  0  0  0  0  47  0  0  0  0  0  0  0 
1441324057  0  0  0  0  0  0  0  0  0  3963693  0  0  0  0  0  0  0  0  0  21  0  0  0  0  0  47  0  0  0  0  0  0  0 
1441324057  0  0  0  0  0  0  0  0  0  3963693  0  0  0  0  0  0  0  0  0  21  0  0  0  0  0  47  0  0  0  0  0  0  0 
1441324058  0  0  0  0  0  0  0  0  0  3963693  0  0  0  0  0  0  0  0  0  21  0  0  0  0  0  47  0  0  0  0  0  0  0 
1441324058  0  0  0  0  0  0  0  0  0  3963693  0  0  0  0  0  0  0  0  0  21  0  0  0  0  0  47  0  0  0  0  0  0  0 
1441324059  0  0  0  0  0  0  0  0  0  3963693  0  0  0  0  0  0  0  0  0  21  0  0  0  0  0  47  0  0  0  0  0  0  0 
1441324059  0  0  0  0  0  0  0  0  0  3963693  0  0  0  0  0  0  0  0  0  21  0  0  0  0  0  47  0  0  0  0  0  0  0 
1441324060  0  0  0  0  0  0  0  0  0  3963693  0  0  0  0  0  0  0  0  0  21  0  0  0  0  0  47  0  0  0  0  0  0  0 
1441324060  0  0  0  0  0  0  0  0  0  3963693  0  0  0  0  0  0  0  0  0  21  0  0  0  0  0  47  0  0  0  0  0  0  0 
1441324061  0  0  0  0  0  0  0  0  0  3963693  0  0  0  0  0  0  0  0  0  21  0  0  0  0  0  47  0  0  0  0  0  0  0 
1441324061  0  0  0  0  0  0  0  0  0  3963693  0  0  0  0  0  0  0  0  0  21  0  0  0  0  0  47  0  0  0  0  0  0  0 
1441324062  0  0  0  0  0  0  0  0  0  3971242  0  0  0  0  0  0  0  0  0  21  0  0  0  0  0  48  0  7549  0  0  0  0  0 
1441324062  0  0  0  0  0  0  0  0  0  3971242  0  0  0  0  0  0  0  0  0  21  0  0  0  0  0  48  0  0  0  0  0  0  0 
1441324063  0  0  0  0  0  0  0  0  0  3971242  0  0  0  0  0  0  0  0  0  21  0  0  0  0  0  48  0  0  0  0  0  0  0 
1441324063  0  0  0  0  0  0  0  0  0  3971242  0  0  0  0  0  0  0  0  0  21  0  0  0  0  0  48  0  0  0  0  0  0  0 
1441324064  0  0  0  0  0  0  0  0  0  3971242  0  0  0  0  0  0  0  0  0  21  0  0  0  0  0  48  0  0  0  0  0  0  0 
1441324064  0  0  0  0  0  0  0  0  0  3971242  0  0  0  0  0  0  0  0  0  21  0  0  0  0  0  48  0  0  0  0  0  0  0 
1441324065  0  0  0  0  0  0  0  0  0  3971242  0  0  0  0  0  0  0  0  0  21  0  0  0  0  0  48  0  0  0  0  0  0  0 
1441324065  0  0  0  0  0  0  0  0  0  3971242  0  0  0  0  0  0  0  0  0  21  0  0  0  0  0  48  0  0  0  0  0  0  0 
1441324066  0  0  0  0  0  0  0  0  0  3971242  0  0  0  0  0  0  0  0  0  21  0  0  0  0  0  48  0  0  0  0  0  0  0 
1441324066  0  0  0  0  0  0  0  0  0  3971242  0  0  0  0  0  0  0  0  0  21  0  0  0  0  0  48  0  0  0  0  0  0  0 
1441324067  0  0  0  0  0  0  0  0  0  3971242  0  0  0  0  0  0  0  0  0  21  0  0  0  0  0  48  0  0  0  0  0  0  0 
1441324067  0  0  0  0  0  0  0  0  0  3971242  0  0  0  0  0  0  0  0  0  21  0  0  0  0  0  48  0  0  0  0  0  0  0 
1441324068  0  0  0  0  0  0  0  0  0  3971242  0  0  0  0  0  0  0  0  0  21  0  0  0  0  0  48  0  0  0  0  0  0  0 
1441324068  0  0  0  0  0  0  0  0  0  3971242  0  0  0  0  0  0  0  0  0  21  0  0  0  0  0  48  0  0  0  0  0  0  0 
1441324069  0  0  0  0  0  0  0  0  0  3971242  0  0  0  0  0  0  0  0  0  21  0  0  0  0  0  48  0  0  0  0  0  0  0 
1441324069  0  0  0  0  0  0  0  0  0  3971242  0  0  0  0  0  0  0  0  0  21  0  0  0  0  0  48  0  0  0  0  0  0  0 
1441324070  0  0  0  0  0  0  0  0  0  3971242  0  0  0  0  0  0  0  0  0  21  0  0  0  0  0  48  0  0  0  0  0  0  0 
1441324070  0  0  0  0  0  0  0  0  0  3971242  0  0  0  0  0  0  0  0  0  21  0  0  0  0  0  48  0  0  0  0  0  0  0 
1441324071  0  0  0  0  0  0  0  0  0  3971242  0  0  0  0  0  0  0  0  0  21  0  0  0  0  0  48  0  0  0  0  0  0  0 
1441324071  0  0  0  3  0  2495059  94  1117  1114  73460728  94  0  1117  1117  0  0  1117  119  0  45  119  1117  0  1117  0  143  0  69489486  0  0  1117  1117  0 
1441324072  0  0  0  3  0  2495059  94  1117  1114  73460728  94  0  1117  1117  0  0  1117  119  0  45  119  1117  0  1117  0  143  0  0  0  0  0  0  0 
1441324072  0  516  329  13  5  6184008  181  2629  2623  248283812  236  0  3440  3445  5  0  3440  361  0  134  197  3440  0  2629  329  289  126  174823084  329  516  2323  2328  63.7596899225  
1441324073  0  516  329  13  5  6184008  181  2629  2623  248283812  236  0  3440  3445  5  0  3440  361  0  134  197  3440  0  2629  329  289  126  0  0  0  0  0  63.7596899225  
1441324073  0  516  329  13  5  6184008  181  2629  2623  248283812  236  0  3440  3445  5  0  3440  361  0  134  197  3440  0  2629  329  289  126  0  0  0  0  0  63.7596899225  
1441324074  0  516  329  13  5  6184008  181  2629  2623  248283812  236  0  3440  3445  5  0  3440  361  0  134  197  3440  0  2629  329  289  126  0  0  0  0  0  63.7596899225  
1441324074  0  516  329  13  5  6184008  181  2629  2623  248283812  236  0  3440  3445  5  0  3440  361  0  134  197  3440  0  2629  329  289  126  0  0  0  0  0  63.7596899225  
1441324075  0  516  329  13  5  6184008  181  2629  2623  248283812  236  0  3440  3445  5  0  3440  361  0  134  197  3440  0  2629  329  289  126  0  0  0  0  0  63.7596899225  
1441324076  0  516  329  13  5  6184008  181  2629  2623  248283812  236  0  3440  3445  5  0  3440  361  0  134  197  3440  0  2629  329  289  126  0  0  0  0  0  63.7596899225  
1441324076  0  516  329  13  5  6184008  181  2629  2623  248283812  236  0  3440  3445  5  0  3440  361  0  134  197  3440  0  2629  329  289  126  0  0  0  0  0  63.7596899225  
1441324077  0  516  329  13  5  6184008  181  2629  2623  248283812  236  0  3440  3445  5  0  3440  361  0  134  197  3440  0  2629  329  289  126  0  0  0  0  0  63.7596899225  
1441324077  0  516  329  13  5  6184008  181  2629  2623  248283812  236  0  3440  3445  5  0  3440  361  0  134  197  3440  0  2629  329  289  126  0  0  0  0  0  63.7596899225  
1441324078  0  516  329  32  17  7182794  211  3038  3013  279755022  236  0  3849  3866  17  0  3440  361  0  11283  234  3440  0  3038  329  289  126  31471210  0  0  409  421  63.7596899225  
1441324078  0  516  329  32  17  7182794  211  3038  3013  281351716  236  0  3849  3866  17  0  3440  361  0  16593  234  3440  0  3038  329  289  126  1596694  0  0  0  0  63.7596899225  
1441324079  0  516  329  32  17  7182794  211  3038  3013  283916797  236  0  3849  3866  17  0  3440  361  0  26056  234  3440  0  3038  329  289  126  2565081  0  0  0  0  63.7596899225  
1441324079  0  516  329  32  17  7182794  211  3038  3013  283916797  236  0  3849  3866  17  0  3440  361  0  26056  234  3440  0  3038  329  289  126  0  0  0  0  0  63.7596899225  
1441324080  0  516  329  32  17  7182794  211  3038  3013  286191690  236  0  3849  3866  17  0  3440  361  0  35079  234  3440  0  3038  329  289  126  2274893  0  0  0  0  63.7596899225  
1441324080  0  516  329  32  17  7182794  211  3038  3013  288555958  236  0  3849  3866  17  0  3440  361  0  43919  234  3440  0  3038  329  289  126  2364268  0  0  0  0  63.7596899225  
1441324081  0  516  329  32  17  7182794  211  3038  3013  290243453  236  0  3849  3866  17  0  3440  361  0  50077  234  3440  0  3038  329  289  126  1687495  0  0  0  0  63.7596899225  
1441324081  0  516  329  32  17  7182794  211  3038  3013  292833511  236  0  3849  3866  17  0  3440  361  0  60368  234  3440  0  3038  329  289  126  2590058  0  0  0  0  63.7596899225  
1441324082  0  516  329  32  17  7182794  211  3038  3013  292833511  236  0  3849  3866  17  0  3440  361  0  60368  234  3440  0  3038  329  289  126  0  0  0  0  0  63.7596899225  
1441324082  0  516  329  32  17  7182794  211  3038  3013  295402697  236  0  3849  3866  17  0  3440  361  0  69671  234  3440  0  3038  329  289  126  2569186  0  0  0  0  63.7596899225  
1441324083  0  598  410  37  18  8848840  210  3705  3675  351889507  236  0  4597  4615  18  0  3705  361  0  96641  231  3705  0  3705  410  289  126  56486810  81  82  748  749  68.5618729097  
1441324083  0  614  426  37  18  8808344  210  3689  3659  352325903  236  0  4597  4615  18  0  3705  361  0  96641  231  3705  0  3689  426  289  126  436396  16  16  0  0  69.3811074919  
1441324084  0  630  426  37  18  8808344  210  3689  3659  362276821  236  0  4597  4615  18  0  3705  361  0  112255  231  3705  0  3689  426  289  126  9950918  0  16  0  0  67.619047619  
1441324084  0  1021  428  37  18  8802639  209  3687  3657  369657420  236  0  4597  4615  18  0  3705  361  0  119559  230  3705  0  3687  428  290  126  7380599  2  391  0  0  41.9196865818  
1441324085  0  2493  428  168  18  8802639  217  3818  3657  412864663  236  0  4728  4746  18  0  3818  361  0  124999  234  3818  0  3818  428  290  126  43207243  0  1472  131  131  17.1680705977  
1441324085  0  2493  428  168  18  8802639  217  3818  3657  412864663  236  0  4728  4746  18  0  3818  361  0  124999  234  3818  0  3818  428  290  126  0  0  0  0  0  17.1680705977  
1441324086  0  4555  428  305  18  8802639  226  3955  3657  470244129  236  0  4865  4883  18  0  3955  361  0  130743  236  3955  0  3955  428  290  126  57379466  0  2062  137  137  9.39626783754  
1441324086  0  6681  428  439  18  8802639  232  4089  3657  525776777  236  0  4999  5017  18  0  4089  361  0  134573  237  4089  0  4089  428  290  126  55532648  0  2126  134  134  6.40622661278  
1441324087  0  9694  453  824  18  8803171  253  4468  3676  666469986  253  0  5403  5421  18  0  4468  361  0  139214  239  4468  0  4468  453  292  126  140693209  25  3013  404  404  4.67299360429  
1441324087  0  12446  453  1016  18  8803171  264  4660  3676  750260334  264  0  5595  5613  18  0  4660  361  0  144864  240  4660  0  4660  453  294  126  83790348  0  2752  192  192  3.63972360598  
1441324088  0  15191  453  1242  18  8803171  273  4886  3676  830350815  273  0  5821  5839  18  0  4886  361  0  148557  240  4886  0  4886  453  295  126  80090481  0  2745  226  226  2.98202883286  
1441324088  0  17082  453  1369  18  8807027  283  5014  3677  884898707  283  0  5949  5967  18  0  5014  361  0  153855  240  5014  0  5014  453  297  126  54547892  0  1891  128  128  2.65191429575  
1441324089  0  17082  453  1369  18  8807027  283  5014  3677  884898707  283  0  5949  5967  18  0  5014  361  0  153855  240  5014  0  5014  453  297  126  0  0  0  0  0  2.65191429575  
1441324089  0  19453  453  1499  19  9013191  302  5283  3816  953714222  302  0  6218  6237  19  0  5283  361  0  159328  246  5283  0  5283  453  297  126  68815515  0  2371  269  270  2.32868966226  
1441324090  0  21116  453  1630  19  9013191  306  5414  3816  988694622  306  0  6349  6368  19  0  5414  361  0  165847  246  5414  0  5414  453  299  126  34980400  0  1663  131  131  2.14529266907  
1441324090  0  24466  453  2140  19  9017560  334  5938  3830  1103204676  334  0  6873  6892  19  0  5938  361  0  172356  250  5938  0  5938  453  301  126  114510054  0  3350  524  524  1.85154908853  
1441324091  0  28143  453  3899  19  9017560  365  7697  3830  1513590993  365  0  8632  8651  19  0  7697  361  0  175569  250  7697  0  7697  453  302  126  410386317  0  3677  1759  1759  1.60963649931  
1441324092  0  30633  453  6560  19  9020416  420  10460  3932  2026844143  420  0  11395  11414  19  0  10460  361  0  179814  253  10460  0  10460  453  307  126  513253150  0  2490  2763  2763  1.47879737538  
1441324092  0  32585  453  9439  19  9025832  470  13472  4065  2502310862  470  0  14407  14426  19  0  13472  361  0  182061  253  13472  0  13472  453  307  126  475466719  0  1952  3012  3012  1.39021021943  
1441324093  0  34315  453  14188  20  9027018  540  18222  4066  3231002748  540  0  19157  19177  20  0  18222  361  0  182561  253  18222  0  18222  453  307  126  728691886  0  1730  4750  4751  1.32012239545  
1441324093  0  35566  453  17171  20  9029577  575  20966  4080  3747906588  575  0  22155  22175  20  0  20966  361  0  183863  252  20966  0  20966  453  310  127  516903840  0  1251  2998  2998  1.27368835405  
1441324094  0  45743  10105  21831  20  9045418  453  12348  4455  4403892978  590  0  27191  27211  20  0  21707  361  0  193877  251  21707  0  12348  10105  315  129  655986390  9652  10177  5036  5036  22.0908117089  
1441324094  0  47105  10347  24867  20  9041228  493  15282  4353  5016780132  590  0  30367  30387  20  0  21707  361  0  196504  251  21707  0  15282  10347  316  129  612887154  242  1362  3176  3176  21.9658210381  
1441324095  0  49752  11234  26574  20  9047503  511  16188  4439  5445847047  590  0  32160  32180  20  0  21707  361  0  199984  253  21707  0  16188  11234  317  129  429066915  887  2647  1793  1793  22.579996784  
1441324095  0  49752  11234  26574  20  9047503  511  16188  4439  5445847047  590  0  32160  32180  20  0  21707  361  0  199984  253  21707  0  16188  11234  317  129  0  0  0  0  0  22.579996784  
1441324096  0  52344  11234  27868  20  9049967  543  17570  4527  5736587111  590  0  33542  33562  20  0  21707  361  0  202013  256  21707  0  17570  11234  317  129  290740064  0  2592  1382  1382  21.4618676448  
1441324096  0  55192  11234  29304  20  9050975  572  19042  4563  6180191282  590  0  35014  35034  20  0  21707  361  0  203870  257  21707  0  19042  11234  317  129  443604171  0  2848  1472  1472  20.3543991883  
1441324097  0  58133  11234  30530  20  9054951  594  19100  4797  6537486654  594  0  36475  36495  20  0  21707  361  0  206783  258  21707  0  19100  11234  318  130  357295372  0  2941  1461  1461  19.3246520909  
1441324097  0  61139  11234  31480  20  9060318  624  20230  4977  6780630286  624  0  37605  37625  20  0  21707  361  0  209171  258  21707  0  20230  11234  318  130  243143632  0  3006  1130  1130  18.3745236265  
1441324098  0  63827  11234  31685  20  9060318  627  20435  4977  6862337674  627  0  37810  37830  20  0  21707  361  0  212297  258  21707  0  20435  11234  320  130  81707388  0  2688  205  205  17.6007018973  
1441324098  0  66459  11234  35751  20  9060100  655  22023  5071  7521442584  665  0  41972  41992  20  0  22628  361  1  213305  257  22628  0  22023  11234  321  131  659104910  0  2632  4162  4162  16.903654885  
1441324099  0  66459  11234  35751  20  9060100  655  22023  5071  7521442584  665  0  41972  41992  20  0  22628  361  1  213305  257  22628  0  22023  11234  321  131  0  0  0  0  0  16.903654885  
1441324099  0  69339  11234  38941  20  9067866  721  25361  5219  8157714655  721  0  45310  45330  20  0  25361  361  1  215641  260  25361  0  25361  11234  323  131  636272071  0  2880  3338  3338  16.2015604494  
1441324100  0  75088  14594  42640  20  9075388  748  26065  5584  8810247974  773  0  49375  49395  20  0  28404  361  2  218213  260  28404  0  26065  14594  323  131  652533319  3360  5749  4065  4065  19.435861922  
1441324100  0  78955  15654  44400  20  9065364  706  26407  5226  9031100876  773  0  51231  51251  20  0  28404  361  2  223129  259  28404  0  26407  15654  326  132  220852902  1060  3867  1856  1856  19.8264834399  
1441324101  0  81700  15654  46010  20  9076536  734  28416  5625  9483372905  773  0  53240  53260  20  0  28416  361  2  225632  259  28416  0  28416  15654  326  132  452272029  0  2745  2009  2009  19.1603427173  
1441324101  0  83968  15654  48595  20  9129288  801  32885  7509  9930400357  801  0  57709  57729  20  0  32885  361  2  228778  261  32885  0  32885  15654  335  132  447027452  0  2268  4469  4469  18.642816311  
1441324102  0  85888  15654  50886  20  9191512  860  37264  9597  10531313925  860  0  62088  62108  20  0  37264  361  2  231144  262  37264  0  37264  15654  335  132  600913568  0  1920  4379  4379  18.226061848  
1441324102  0  85888  15654  50886  20  9191512  860  37264  9597  10531313925  860  0  62088  62108  20  0  37264  361  2  231144  262  37264  0  37264  15654  335  132  0  0  0  0  0  18.226061848  
1441324103  0  88224  15654  51574  20  9213856  884  38750  10395  10746100360  884  0  63574  63594  20  0  38750  361  2  232991  262  38750  0  38750  15654  335  132  214786435  0  2336  1486  1486  17.7434711643  
1441324103  0  94691  19913  53453  20  9266169  873  38250  12275  11113183328  915  0  67334  67354  20  0  40389  361  3  237951  261  40389  0  38250  19913  337  132  367082968  4259  6467  3760  3760  21.0294536968  
1441324104  0  97763  19913  57322  20  9301710  950  43271  13427  11800342501  950  0  72355  72375  20  0  43271  361  3  238444  264  43271  0  43271  19913  338  132  687159173  0  3072  5021  5021  20.368646625  
1441324104  0  102084  21601  60501  20  9301822  932  41584  13683  12461522534  966  0  76560  76580  20  0  44254  361  3  240588  261  44254  0  41584  21601  340  134  661180033  1688  4321  4205  4205  21.1600250774  
1441324105  0  104294  21601  61040  20  9298068  908  41026  13709  12623857167  966  0  77353  77373  20  0  44254  361  3  245116  259  44254  0  41026  21601  344  137  162334633  0  2210  793  793  20.7116420887  
1441324105  0  105299  21602  61982  20  9304428  909  42211  13952  12852874719  966  0  78780  78800  20  0  44254  361  3  248318  258  44254  0  42211  21602  348  138  229017552  1  1005  1427  1427  20.5149146716  
1441324106  0  105299  21602  61982  20  9304428  909  42211  13952  12852874719  966  0  78780  78800  20  0  44254  361  3  248318  258  44254  0  42211  21602  348  138  0  0  0  0  0  20.5149146716  
1441324106  0  108883  24162  63717  20  9266152  916  42579  12585  13225975406  966  0  81708  81728  20  0  44254  361  3  252758  259  44254  0  42579  24162  350  138  373100687  2560  3584  2928  2928  22.190791951  
1441324107  0  110031  24162  64448  20  9279984  948  43804  13079  13509099649  966  0  82933  82953  20  0  44254  361  3  257170  260  44254  0  43804  24162  350  138  283124243  0  1148  1225  1225  21.959266025  
1441324107  0  111846  24184  66683  20  9298884  995  46714  13754  14011326143  996  0  85865  85885  20  0  46736  361  3  258651  262  46736  0  46714  24184  350  138  502226494  22  1815  2932  2932  21.6225882016  
1441324108  0  116102  24184  68641  20  9310196  1030  49076  14158  14453704654  1030  0  88227  88247  20  0  49076  361  3  260562  262  49076  0  49076  24184  350  138  442378511  0  4256  2362  2362  20.8299598629  
1441324109  0  123094  28872  74633  20  9347016  1129  50532  15473  15235328375  1139  0  95535  95555  20  0  50532  361  3  264598  263  50532  0  50532  28872  355  139  781623721  4688  6992  7308  7308  23.4552455847  
1441324109  0  126036  28873  77164  20  9402911  1184  54876  17286  15826104207  1184  0  99880  99900  20  0  54876  361  3  267110  264  54876  0  54876  28873  357  139  590775832  1  2942  4345  4345  22.9085340696  
1441324110  0  128119  28873  78310  20  9441803  1221  57411  18675  16174606901  1221  0  102415  102435  20  0  57411  361  3  270118  267  57411  0  57411  28873  360  139  348502694  0  2083  2535  2535  22.5360797384  
1441324110  0  128119  28873  78310  20  9441803  1221  57411  18675  16174606901  1221  0  102415  102435  20  0  57411  361  3  270118  267  57411  0  57411  28873  360  139  0  0  0  0  0  22.5360797384  
1441324111  0  135944  34266  79277  20  9467115  1145  53889  19579  16423269479  1231  0  106846  106866  20  0  58195  361  3  276932  266  58195  0  53889  34266  362  140  248662578  5393  7825  4431  4431  25.2059671629  
1441324111  0  138024  34266  80242  20  9487368  1171  55491  20216  16738343972  1231  0  108448  108468  20  0  58195  361  3  281138  266  58195  0  55491  34266  362  140  315074493  0  2080  1602  1602  24.826117197  
1441324112  0  140613  34893  81921  20  9524748  1206  57878  21551  17191371402  1231  0  111463  111483  20  0  58195  361  4  282887  267  58195  0  57878  34893  364  140  453027430  627  2589  3015  3015  24.8149175396  
1441324112  0  143718  34893  86511  20  9538160  1256  62947  22030  18013079686  1256  0  117300  117320  20  0  62947  361  4  283762  268  62947  0  62947  34893  365  141  821708284  0  3105  5837  5837  24.2787959755  
1441324113  0  146443  34893  88343  20  9544264  1280  64110  22248  18383422894  1280  0  119350  119370  20  0  64110  361  4  286603  267  64110  0  64110  34893  367  142  370343208  0  2725  2050  2050  23.8270180207  
1441324113  0  148875  34893  89048  20  9564228  1304  65528  22961  18615695396  1304  0  120768  120788  20  0  65528  361  4  288703  268  65528  0  65528  34893  369  142  232272502  0  2432  1418  1418  23.4377833753  
1441324114  0  150911  34893  90141  20  9392196  1153  55869  16817  18970621888  1308  0  123142  123162  20  0  65811  361  4  290905  267  65811  0  55869  34893  371  144  354926492  0  2036  2374  2374  23.121574968  
1441324114  0  150911  34893  90141  20  9392196  1153  55869  16817  18970621888  1308  0  123142  123162  20  0  65811  361  4  290905  267  65811  0  55869  34893  371  144  0  0  0  0  0  23.121574968  
1441324115  0  152835  34893  91006  20  9428004  1185  57794  17877  19249973635  1308  0  125067  125087  20  0  65811  361  4  294055  268  65811  0  57794  34893  372  144  279351747  0  1924  1925  1925  22.8305034841  
1441324115  0  164490  43949  98304  20  9434640  1170  57137  18114  20183046273  1308  0  133466  133486  20  0  65811  361  4  300058  268  65811  0  57137  43949  374  144  933072638  9056  11655  8399  8399  26.7183415405  
1441324116  0  169834  46928  101155  21  9322242  997  47463  14040  20783791009  1308  0  137077  137098  21  0  65811  361  4  308339  265  65811  0  47463  46928  380  147  600744736  2979  5344  3611  3612  27.6316874124  
1441324116  0  170954  46928  101935  21  9328754  1009  48281  14078  20977936403  1308  0  137895  137916  21  0  65811  361  4  310077  265  65811  0  48281  46928  380  147  194145394  0  1120  818  818  27.4506592417  
1441324117  0  173258  46928  103913  21  9343377  1001  47011  14393  21499710300  1308  0  140188  140209  21  0  65811  361  4  312850  268  65811  0  47011  46928  382  148  521773897  0  2304  2293  2293  27.0856179801  
1441324117  0  173258  46928  103913  21  9343377  1001  47011  14393  21499710300  1308  0  140188  140209  21  0  65811  361  4  312850  268  65811  0  47011  46928  382  148  0  0  0  0  0  27.0856179801  
1441324118  0  174801  46935  105221  21  9368320  1035  48850  14924  21893304687  1308  0  142035  142056  21  0  65811  361  5  314872  268  65811  0  48850  46935  383  148  393594387  7  1543  1847  1847  26.8505328917  
1441324118  0  176321  46935  107373  21  9417517  1084  51846  15768  22481029882  1308  0  145031  145052  21  0  65811  361  5  317133  269  65811  0  51846  46935  385  148  587725195  0  1520  2996  2996  26.6190640933  
1441324119  0  177196  46935  108387  21  9435614  1104  53367  16275  22687143454  1308  0  146552  146573  21  0  65811  361  5  319277  269  65811  0  53367  46935  388  148  206113572  0  875  1521  1521  26.4876182307  
1441324119  0  178156  46972  109874  21  9492919  1158  56430  17888  23113487541  1308  0  149652  149673  21  0  65811  361  5  323221  269  65811  0  56430  46972  388  148  426344087  37  960  3100  3100  26.3656570646  
1441324120  0  184793  52366  116722  21  9539842  1206  59162  19165  23989529772  1308  0  157778  157799  21  0  65811  361  5  325896  270  65811  0  59162  52366  389  148  876042231  5394  6637  8126  8126  28.3376534825  
1441324120  0  186809  53229  120118  21  9594654  1263  63267  21260  24588674146  1308  0  163515  163536  21  0  65811  361  5  326893  269  65811  0  63267  53229  390  149  599144374  863  2016  5737  5737  28.4938091848  
1441324121  0  186809  53229  120118  21  9594654  1263  63267  21260  24588674146  1308  0  163515  163536  21  0  65811  361  5  326893  269  65811  0  63267  53229  390  149  0  0  0  0  0  28.4938091848  
1441324121  0  191431  57018  121706  21  9660938  1256  63005  23199  25078544591  1308  0  167042  167063  21  0  65811  361  5  333563  269  65811  0  63005  57018  393  149  489870445  3789  4622  3527  3527  29.7851445168  
1441324122  0  191911  57018  122924  21  9699290  1280  65150  24126  25443930629  1308  0  169187  169208  21  0  65811  361  5  337243  269  65811  0  65150  57018  394  149  365386038  0  480  2145  2145  29.7106471229  
1441324122  0  195610  60237  125386  21  9599220  1237  63077  19706  26022208393  1308  0  172433  172454  21  0  66782  361  5  343261  268  66782  0  63077  60237  397  150  578277764  3219  3699  3246  3246  30.7944379122  
1441324123  0  204139  67546  128831  21  9490524  1139  55972  15545  26562718793  1308  0  176305  176326  21  0  66782  361  5  352946  267  66782  0  55972  67546  400  152  540510400  7309  8529  3872  3872  33.088238896  
1441324123  0  206059  67546  132514  21  9497505  1196  59765  15655  27176338258  1308  0  180098  180119  21  0  66782  361  5  353955  269  66782  0  59765  67546  400  152  613619465  0  1920  3793  3793  32.7799319612  
1441324124  0  206059  67546  132514  21  9497505  1196  59765  15655  27176338258  1308  0  180098  180119  21  0  66782  361  5  353955  269  66782  0  59765  67546  400  152  0  0  0  0  0  32.7799319612  
1441324124  0  207762  67809  133089  21  9511281  1204  60249  15826  27341353611  1308  0  180845  180866  21  0  66782  361  5  355872  269  66782  0  60249  67809  401  152  165015353  263  1703  747  747  32.637825974  
1441324125  0  211222  68837  134555  22  9507149  1219  60998  15112  27714042407  1308  0  182622  182644  22  0  66782  361  5  361168  270  66782  0  60998  68837  402  152  372688796  1028  3460  1777  1778  32.5898817358  
1441324125  0  215190  69605  135746  22  9537761  1246  61862  15553  28035488838  1308  0  184254  184276  22  0  66782  361  5  365726  270  66782  0  61862  69605  403  152  321446431  768  3968  1632  1632  32.3458339142  
1441324126  0  221054  72269  139519  22  9540966  1268  63040  15617  28614293569  1308  0  188096  188118  22  0  66782  361  5  371108  271  66782  0  63040  72269  407  152  578804731  2664  5864  3842  3842  32.6929166629  
1441324126  0  225954  74829  140455  22  9577075  1271  62917  18035  28890831462  1308  0  191500  191522  22  0  66782  361  5  377465  271  66782  0  62917  74829  413  153  276537893  2560  4900  3404  3404  33.1169176027  
1441324127  0  225954  74829  140455  22  9577075  1271  62917  18035  28890831462  1308  0  191500  191522  22  0  66782  361  5  377465  271  66782  0  62917  74829  413  153  0  0  0  0  0  33.1169176027  
1441324127  0  227234  74829  142088  22  9658863  1338  67471  20956  29234685224  1338  0  196054  196076  22  0  67471  361  5  379074  271  67471  0  67471  74829  413  153  343853762  0  1280  4554  4554  32.9303713353  
1441324128  0  241675  87154  146740  22  9646634  1307  65460  24334  29903473992  1352  0  206370  206392  22  0  68494  361  7  387585  270  68494  0  65460  87154  419  153  668788768  12325  14441  10316  10316  36.0624806041  
1441324128  0  245099  89970  147446  22  9728672  1308  65957  26941  30097017290  1352  0  209746  209768  22  0  68494  361  7  393932  269  68494  0  65957  89970  422  154  193543298  2816  3424  3376  3376  36.7076161061  
1441324129  0  252610  96041  151662  22  9612094  1305  65494  22262  30777638806  1352  0  216890  216912  22  0  68494  361  7  398994  269  68494  0  65494  96041  425  155  680621516  6071  7511  7144  7144  38.0194766636  
1441324129  0  256930  96041  152198  22  9654508  1347  67450  23682  31024340488  1352  0  218846  218868  22  0  68494  361  7  400494  270  68494  0  67450  96041  425  155  246701682  0  4320  1956  1956  37.3802202935  
1441324130  0  267423  105221  159635  22  9647354  1286  63643  19913  32026323460  1356  0  229186  229208  22  0  68494  361  7  404352  268  68494  0  63643  105221  432  157  1001982972  9180  10493  10340  10340  39.3462791159  
1441324130  0  267423  105221  159635  22  9647354  1286  63643  19913  32026323460  1356  0  229186  229208  22  0  68494  361  7  404352  268  68494  0  63643  105221  432  157  0  0  0  0  0  39.3462791159  
1441324131  0  271784  107342  164719  22  9708568  1345  67793  21099  32848523467  1356  0  235458  235480  22  0  68494  361  8  405938  269  68494  0  67793  107342  432  157  822200007  2121  4361  6272  6272  39.4953345304  
1441324131  0  273178  107342  166863  22  9685695  1345  68114  20354  33251157127  1356  0  237890  237912  22  0  68771  361  8  408987  267  68771  0  68114  107342  436  159  402633660  0  1394  2432  2432  39.2937937901  
1441324132  0  277434  109902  168256  22  9656150  1343  67573  20930  33476633602  1369  0  239909  239931  22  0  69394  361  8  415308  268  69394  0  67573  109902  438  159  225476475  2560  4256  2019  2019  39.613745972  
1441324132  0  279165  109902  168533  22  9614524  1284  64196  23528  33694228048  1389  0  244837  244859  22  0  70301  361  9  416781  268  70301  0  64196  109902  441  160  217594446  0  1731  4928  4928  39.3681156305  
1441324133  0  286488  115999  170813  22  9766876  1312  67102  27943  34219434290  1389  0  253840  253862  22  0  70301  361  9  419331  269  70301  0  67102  115999  445  160  525206242  6097  7323  9003  9003  40.4900030717  
1441324133  0  287961  115999  172097  22  9855499  1376  71071  30628  34518842427  1389  0  257809  257831  22  0  71071  361  9  421581  269  71071  0  71071  115999  446  160  299408137  0  1473  3969  3969  40.2828855296  
1441324134  0  287961  115999  172097  22  9855499  1376  71071  30628  34518842427  1389  0  257809  257831  22  0  71071  361  9  421581  269  71071  0  71071  115999  446  160  0  0  0  0  0  40.2828855296  
1441324134  0  293147  120275  177341  22  9683300  1345  69110  23423  35344502926  1395  0  263711  263733  22  0  71892  361  9  425584  269  71892  0  69110  120275  450  161  825660499  4276  5186  5902  5902  41.0289035876  
1441324135  0  297922  123092  178641  22  9556301  1293  65649  18662  35746506687  1395  0  265884  265906  22  0  71892  361  10  429484  270  71892  0  65649  123092  451  162  402003761  2817  4775  2173  2173  41.3168547472  
1441324135  0  302358  126234  182071  22  9609223  1311  66300  19013  36254934202  1395  0  269677  269699  22  0  71892  361  10  433058  270  71892  0  66300  126234  451  162  508427515  3142  4436  3793  3793  41.7498462088  
1441324136  0  303901  126497  184044  22  9639671  1330  67362  19388  36741484158  1395  0  272027  272049  22  0  71892  361  10  437273  270  71892  0  67362  126497  454  163  486549956  263  1543  2350  2350  41.6244105811  
1441324136  0  304543  126499  185916  22  9657660  1327  67250  19524  37242442437  1395  0  274039  274061  22  0  71892  361  11  441699  269  71892  0  67250  126499  457  164  500958279  2  642  2012  2012  41.537319853  
1441324137  0  310165  131736  189795  22  9708370  1305  66252  22342  37801146772  1395  0  280767  280789  22  0  71892  361  11  446114  267  71892  0  66252  131736  460  166  558704335  5237  5622  6728  6728  42.4728773395  
1441324138  0  311221  131736  190303  22  9788225  1324  67601  25187  38034268111  1395  0  284127  284149  22  0  71892  361  11  449081  267  71892  0  67601  131736  462  167  233121339  0  1056  3360  3360  42.3287631619  
1441324138  0  311221  131736  190303  22  9788225  1324  67601  25187  38034268111  1395  0  284127  284149  22  0  71892  361  11  449081  267  71892  0  67601  131736  462  167  0  0  0  0  0  42.3287631619  
1441324139  0  314080  132961  190994  22  9837589  1309  66531  26953  38285385144  1395  0  286586  286608  22  0  71892  361  11  452279  267  71892  0  66531  132961  463  168  251117033  1225  2859  2459  2459  42.3334819154  
1441324139  0  316406  132961  191734  22  9901213  1362  69450  29132  38548705372  1395  0  289505  289527  22  0  71892  361  11  453549  269  71892  0  69450  132961  463  168  263320228  0  2326  2919  2919  42.0222751781  
1441324140  0  318275  133170  194689  22  9865893  1337  67739  27491  39101308064  1395  0  293127  293149  22  0  71892  361  11  454150  267  71892  0  67739  133170  465  170  552602692  209  1869  3622  3622  41.8411750844  
1441324140  0  321060  133170  197316  22  9884499  1382  70482  27607  39627260133  1395  0  295870  295892  22  0  71892  361  11  456648  268  71892  0  70482  133170  465  170  525952069  0  2785  2743  2743  41.4782283685  
1441324141  0  325246  136012  199083  22  9752327  1167  56736  26071  39998708583  1395  0  297677  297699  22  0  71892  361  11  463225  265  71892  0  56736  136012  474  173  371448450  2842  4186  1807  1807  41.8181929985  
1441324141  0  327902  136012  202036  22  9754399  1223  59763  26145  40541008662  1395  0  300704  300726  22  0  71892  361  11  467516  268  71892  0  59763  136012  474  173  542300079  0  2656  3027  3027  41.4794664259  
1441324142  0  327902  136012  202036  22  9754399  1223  59763  26145  40541008662  1395  0  300704  300726  22  0  71892  361  11  467516  268  71892  0  59763  136012  474  173  0  0  0  0  0  41.4794664259  
1441324142  0  332829  138950  205005  22  9754250  1225  59812  26154  41029745900  1395  0  303692  303714  22  0  71892  361  12  472755  267  71892  0  59812  138950  474  173  488737238  2938  4927  2988  2988  41.7481649736  
1441324143  0  338074  142498  208246  23  9727851  1222  59353  26195  41633002176  1395  0  306998  307021  23  0  71892  361  12  477884  267  71892  0  59353  142498  477  174  603256276  3548  5245  3306  3307  42.1499435035  
1441324143  0  339738  142498  211237  23  9742181  1271  62382  26233  42301359877  1395  0  310027  310050  23  0  71892  361  12  480349  268  71892  0  62382  142498  478  174  668357701  0  1664  3029  3029  41.9434976364  
1441324144  0  345430  146942  215554  23  9773922  1273  62316  26293  43025483251  1395  0  314405  314428  23  0  71892  361  12  484967  269  71892  0  62316  146942  480  174  724123374  4444  5692  4378  4378  42.5388646035  
1441324144  0  347202  146942  217394  23  9817910  1318  65727  27864  43439196448  1395  0  317816  317839  23  0  71892  361  12  486865  269  71892  0  65727  146942  480  174  413713197  0  1772  3411  3411  42.3217608194  
1441324145  0  349628  147736  218647  23  9818664  1241  60895  27965  43739181600  1395  0  319171  319194  23  0  71892  361  12  491217  267  71892  0  60895  147736  483  175  299985152  794  2426  1355  1355  42.2551969522  
1441324145  0  351837  148600  219652  23  9740670  1177  57696  26490  44003877543  1395  0  320500  320523  23  0  71892  361  12  495028  264  71892  0  57696  148600  488  178  264695943  864  2209  1329  1329  42.2354669918  
1441324146  0  351837  148600  219652  23  9740670  1177  57696  26490  44003877543  1395  0  320500  320523  23  0  71892  361  12  495028  264  71892  0  57696  148600  488  178  0  0  0  0  0  42.2354669918  
1441324146  0  357739  152389  224070  23  9757235  1193  58606  26980  44669485250  1395  0  325408  325431  23  0  71892  361  12  499687  266  71892  0  58606  152389  490  179  665607707  3789  5902  4908  4908  42.597815726  
1441324147  0  359442  152389  227885  23  9799364  1261  62678  27237  45301105066  1395  0  329480  329503  23  0  71892  361  12  500637  267  71892  0  62678  152389  490  179  631619816  0  1703  4072  4072  42.3959915647  
1441324147  0  362764  152389  229129  23  9811600  1287  64359  27674  45747090895  1395  0  331161  331184  23  0  71892  361  12  504429  267  71892  0  64359  152389  490  179  445985829  0  3322  1681  1681  42.0077515961  
1441324148  0  365454  152421  230242  23  9827084  1316  66025  28227  46120845886  1395  0  332859  332882  23  0  71892  361  12  507153  269  71892  0  66025  152421  490  179  373754991  32  2690  1698  1698  41.7073010557  
1441324148  0  372335  157861  234968  23  9597577  1172  57104  20020  46770027609  1395  0  337629  337652  23  0  71892  361  12  513229  266  71892  0  57104  157861  498  182  649181723  5440  6881  4770  4770  42.3975720789  
1441324149  0  377461  161898  238108  23  9521038  1107  52365  17314  47479017806  1395  0  341145  341168  23  0  71892  361  12  519434  264  71892  0  52365  161898  500  184  708990197  4037  5126  3516  3516  42.8913185733  
1441324149  0  377461  161898  238108  23  9521038  1107  52365  17314  47479017806  1395  0  341145  341168  23  0  71892  361  12  519434  264  71892  0  52365  161898  500  184  0  0  0  0  0  42.8913185733  
1441324150  0  379376  163200  240814  24  9550567  1149  54840  18384  48087957260  1395  0  344922  344946  24  0  71892  361  12  523919  264  71892  0  54840  163200  503  184  608939454  1302  1915  3777  3778  43.0180085193  
1441324150  0  379857  163200  243592  24  9553983  1187  57740  18506  48654024854  1395  0  347822  347846  24  0  71892  361  12  524434  264  71892  0  57740  163200  503  184  566067594  0  481  2900  2900  42.9635362781  
1441324151  0  380337  163200  245542  24  9584168  1214  59601  19441  49176503599  1395  0  350707  350731  24  0  71892  361  12  528042  264  71892  0  59601  163200  506  185  522478745  0  480  2885  2885  42.9093146341  
1441324151  0  386151  168438  248954  24  9690952  1229  60492  22156  49768174846  1395  0  356836  356860  24  0  71892  361  12  533940  264  71892  0  60492  168438  508  185  591671247  5238  5814  6129  6129  43.6197238904  
1441324152  0  393394  174720  254890  24  9682461  1256  61691  21678  50655309288  1395  0  364317  364341  24  0  71892  361  12  538711  265  71892  0  61691  174720  510  185  887134442  6282  7243  7481  7481  44.413488767  
1441324152  0  399397  179434  256957  24  9764359  1249  61597  24979  51048002146  1395  0  369705  369729  24  0  71892  361  12  542672  266  71892  0  61597  179434  512  186  392692858  4714  6003  5388  5388  44.9262262861  
1441324153  0  399397  179434  256957  24  9764359  1249  61597  24979  51048002146  1395  0  369705  369729  24  0  71892  361  12  542672  266  71892  0  61597  179434  512  186  0  0  0  0  0  44.9262262861  
1441324153  0  400777  179434  257024  24  9778499  1256  62169  25484  51081435138  1395  0  370278  370302  24  0  71892  361  13  546237  266  71892  0  62169  179434  512  186  33432992  0  1380  573  573  44.7715313004  
1441324154  0  402217  179434  258029  24  9781282  1275  63258  25568  51289081733  1395  0  371367  371391  24  0  71892  361  13  548670  268  71892  0  63258  179434  512  186  207646595  0  1440  1089  1089  44.6112421902  
1441324154  0  405027  180740  258537  24  9713965  1132  54049  23045  51468224445  1395  0  372142  372166  24  0  71892  361  13  555029  265  71892  0  54049  180740  517  189  179142712  1306  2810  775  775  44.6241855481  
1441324155  0  407299  180740  258705  24  9735386  1150  54672  23500  51549371541  1395  0  372765  372789  24  0  71892  361  13  560508  267  71892  0  54672  180740  518  189  81147096  0  2272  623  623  44.3752623994  
1441324155  0  409251  180740  259003  24  9661265  1111  52329  20859  51655663841  1395  0  373240  373264  24  0  71892  361  14  563424  266  71892  0  52329  180740  521  190  106292300  0  1952  475  475  44.1636061977  
1441324156  0  414212  183813  264072  24  9602546  1153  55054  18515  52472535411  1395  0  379038  379062  24  0  71892  361  14  570820  266  71892  0  55054  183813  523  190  816871570  3073  4961  5798  5798  44.3765511381  
1441324156  0  414212  183813  264072  24  9602546  1153  55054  18515  52472535411  1395  0  379038  379062  24  0  71892  361  14  570820  266  71892  0  55054  183813  523  190  0  0  0  0  0  44.3765511381  
1441324160  0  428488  187506  281785  24  9610485  1342  68128  18797  56182785319  1395  0  401398  401422  24  0  71892  361  14  591949  269  71892  0  68128  187506  533  192  3710249908  3693  14276  22360  22360  43.7599185975  
1441324161  0  428488  187506  281785  24  9610485  1342  68128  18797  56182785319  1395  0  401398  401422  24  0  71892  361  14  591949  269  71892  0  68128  187506  533  192  0  0  0  0  0  43.7599185975  
1441324161  0  429424  187506  282342  24  9585192  1203  60447  17986  56407325655  1395  0  403432  403456  24  0  71892  361  14  595480  266  71892  0  60447  187506  539  195  224540336  0  936  2034  2034  43.6645366817  
1441324162  0  432496  189810  283541  24  9597089  1212  60831  19430  56774257655  1395  0  406184  406208  24  0  71892  361  14  599975  266  71892  0  60831  189810  540  196  366932000  2304  3072  2752  2752  43.8871110947  
1441324162  0  434160  189810  284562  24  9612274  1235  61893  19471  57106927577  1395  0  407246  407270  24  0  71892  361  14  604051  269  71892  0  61893  189810  540  196  332669922  0  1664  1062  1062  43.7189054726  
1441324163  0  438399  192961  286244  24  9606733  1200  59181  18228  57418694202  1395  0  409221  409245  24  0  71892  361  14  610700  269  71892  0  59181  192961  542  197  311766625  3151  4239  1975  1975  44.0149270413  
1441324163  0  441635  195237  287046  24  9638126  1186  58119  18631  57566229555  1395  0  410435  410459  24  0  71892  361  14  616939  270  71892  0  58119  195237  544  197  147535353  2276  3236  1214  1214  44.2077733875  
1441324164  0  443619  195237  288049  24  9675314  1214  59738  19247  57960632601  1395  0  412054  412078  24  0  71892  361  14  620454  271  71892  0  59738  195237  544  197  394403046  0  1984  1619  1619  44.0100626889  
1441324164  0  443619  195237  288049  24  9675314  1214  59738  19247  57960632601  1395  0  412054  412078  24  0  71892  361  14  620454  271  71892  0  59738  195237  544  197  0  0  0  0  0  44.0100626889  
1441324165  0  446819  195256  290261  24  9744588  1266  63068  20384  58539947257  1395  0  415404  415428  24  0  71892  361  15  624273  271  71892  0  63068  195256  544  197  579314656  19  3200  3350  3350  43.6991264919  
1441324165  0  449521  195462  290652  24  9792831  1295  64955  22085  58735813447  1395  0  417497  417521  24  0  71892  361  15  627120  270  71892  0  64955  195462  546  197  195866190  206  2702  2093  2093  43.4822844761  
1441324166  0  453393  195462  292116  25  9820791  1333  67078  22744  59189987993  1395  0  419620  419645  25  0  71892  361  15  629878  271  71892  0  67078  195462  546  197  454174546  0  3872  2123  2124  43.1109434861  
1441324166  0  456265  195462  293909  25  9854900  1379  69033  22906  59626415175  1395  0  421575  421600  25  0  71892  361  15  633621  272  71892  0  69033  195462  546  197  436427182  0  2872  1955  1955  42.8395778769  
1441324167  0  459304  196486  295900  25  9868651  1405  70463  23113  60117751993  1409  0  424029  424054  25  0  71892  361  15  637818  272  71892  0  70463  196486  549  197  491336818  1024  3039  2454  2454  42.7790744257  
1441324167  0  461864  196486  299145  25  9879930  1382  69600  23448  60732720147  1438  0  427609  427634  25  0  72859  361  15  641165  271  72859  0  69600  196486  551  198  614968154  0  2560  3580  3580  42.5419604039  
1441324168  0  461864  196486  299145  25  9879930  1382  69600  23448  60732720147  1438  0  427609  427634  25  0  72859  361  15  641165  271  72859  0  69600  196486  551  198  0  0  0  0  0  42.5419604039  
1441324168  0  467035  199156  303522  25  9907814  1525  71468  23605  61479114905  1525  0  432147  432172  25  0  72859  361  15  645686  273  72859  0  71468  199156  552  198  746394758  2670  5171  4538  4538  42.6426284968  
1441324169  0  468607  199156  304568  25  9933118  1523  71804  23918  61825780968  1527  0  433511  433536  25  0  72859  361  15  651601  272  72859  0  71804  199156  555  199  346666063  0  1572  1364  1364  42.4995785381  
1441324169  0  475203  204184  307237  25  9972511  1412  67432  25135  62242499755  1531  0  437398  437423  25  0  72859  361  15  658766  269  72859  0  67432  204184  559  201  416718787  5028  6596  3887  3887  42.967742207  
1441324170  0  482994  210278  312263  25  9940579  1373  65878  24603  63057189244  1531  0  444247  444272  25  0  72859  361  16  663159  271  72859  0  65878  210278  561  202  814689489  6094  7791  6849  6849  43.5363586297  
1441324170  0  484626  210278  312836  25  9784611  1217  57356  24589  63216080552  1531  0  445132  445157  25  0  72859  361  16  668008  269  72859  0  57356  210278  567  204  158891308  0  1632  885  885  43.3897479706  
1441324171  0  485138  210278  313310  25  9796246  1166  54865  24775  63318061400  1531  0  445792  445817  25  0  72859  361  16  670430  268  72859  0  54865  210278  569  205  101980848  0  512  660  660  43.3439557404  
1441324171  0  485138  210278  313310  25  9796246  1166  54865  24775  63318061400  1531  0  445792  445817  25  0  72859  361  16  670430  268  72859  0  54865  210278  569  205  0  0  0  0  0  43.3439557404  
1441324172  0  485746  210278  315218  25  9853467  1197  57623  25625  63801030234  1531  0  448551  448576  25  0  72859  361  17  674614  269  72859  0  57623  210278  569  205  482968834  0  608  2759  2759  43.2897028488  
1441324172  0  486262  210278  316334  25  9894411  1206  59299  26185  64203602160  1531  0  450228  450253  25  0  72859  361  18  678187  269  72859  0  59299  210278  569  205  402571926  0  516  1677  1677  43.2437657066  
1441324173  0  492951  216166  321002  25  9838946  1053  51705  23143  65083475790  1531  0  454927  454952  25  0  72859  361  18  684945  269  72859  0  51705  216166  571  206  879873630  5888  6689  4699  4699  43.8514172808  
1441324173  0  494551  216166  323371  25  9855195  1092  54122  23191  65636139319  1531  0  457344  457369  25  0  72859  361  18  689478  271  72859  0  54122  216166  571  206  552663529  0  1600  2417  2417  43.7095466393  
1441324174  0  495760  216166  326792  25  9862530  1145  57547  23195  66279239475  1531  0  460769  460794  25  0  72859  361  18  692136  271  72859  0  57547  216166  571  206  643100156  0  1209  3425  3425  43.6029530418  
1441324174  0  495760  216166  326792  25  9862530  1145  57547  23195  66279239475  1531  0  460769  460794  25  0  72859  361  18  692136  271  72859  0  57547  216166  571  206  0  0  0  0  0  43.6029530418  
1441324175  0  499074  218423  331558  25  9813627  1185  60154  21241  67008013361  1531  0  465634  465659  25  0  72859  361  19  694908  271  72859  0  60154  218423  574  206  728773886  2257  3314  4865  4865  43.7656539912  
1441324175  0  503011  221240  334930  25  9797413  1177  59382  20923  67573302088  1531  0  469216  469241  25  0  72859  361  19  699190  269  72859  0  59382  221240  578  208  565288727  2817  3937  3582  3582  43.9831335696  
1441324176  0  505021  222034  336361  25  9847290  1195  60370  21273  67866235122  1531  0  470998  471023  25  0  72859  361  19  704257  269  72859  0  60370  222034  579  208  292933034  794  2010  1782  1782  43.9653004529  
1441324176  0  510629  226617  337320  25  9771931  1146  57001  19455  68098036781  1531  0  472213  472238  25  0  72859  361  20  712936  269  72859  0  57001  226617  582  208  231801659  4583  5608  1215  1215  44.3799705853  
1441324177  0  511225  226617  339756  25  9786664  1189  59454  19472  68587638740  1531  0  474666  474691  25  0  72859  361  20  716965  269  72859  0  59454  226617  583  208  489601959  0  596  2453  2453  44.3282312094  
1441324177  0  513665  227549  341225  25  9881599  1249  63062  22531  68939371829  1531  0  479206  479231  25  0  72859  361  20  719672  270  72859  0  63062  227549  584  208  351733089  932  2440  4540  4540  44.2991054481  
1441324178  0  513665  227549  341225  25  9881599  1249  63062  22531  68939371829  1531  0  479206  479231  25  0  72859  361  20  719672  270  72859  0  63062  227549  584  208  0  0  0  0  0  44.2991054481  
1441324178  0  515393  227549  342439  25  9850019  1232  62037  22551  69348589526  1531  0  480485  480510  25  0  72859  361  20  724608  270  72859  0  62037  227549  585  209  409217697  0  1728  1279  1279  44.1505802368  
1441324179  0  517497  228756  343377  25  9830789  1230  61827  21849  69584489065  1531  0  481482  481507  25  0  72859  361  20  730714  269  72859  0  61827  228756  588  209  235899539  1207  2104  997  997  44.2043142279  
1441324179  0  519353  228756  344511  25  9898308  1277  64851  23739  69969197539  1531  0  484507  484532  25  0  72859  361  21  734424  271  72859  0  64851  228756  588  209  384708474  0  1856  3025  3025  44.0463422759  
1441324180  0  523609  231572  348544  25  9982968  1209  60643  24202  70576932587  1531  0  489003  489028  25  0  72859  361  21  738817  270  72859  0  60643  231572  591  210  607735048  2816  4256  4496  4496  44.2261305669  
1441324180  0  529953  237212  350785  25  9814448  1124  55142  21592  71024071102  1531  0  492217  492242  25  0  72859  361  21  749838  269  72859  0  55142  237212  596  211  447138515  5640  6344  3214  3214  44.7609504994  
1441324181  0  531105  237212  352175  25  9857454  1150  56947  22007  71292421337  1531  0  494022  494047  25  0  72859  361  21  750347  269  72859  0  56947  237212  596  211  268350235  0  1152  1805  1805  44.6638611951  
1441324181  0  531105  237212  352175  25  9857454  1150  56947  22007  71292421337  1531  0  494022  494047  25  0  72859  361  21  750347  269  72859  0  56947  237212  596  211  0  0  0  0  0  44.6638611951  
1441324182  0  532321  237212  353704  25  9914102  1195  59393  22924  71674928636  1531  0  496468  496493  25  0  72859  361  21  754967  270  72859  0  59393  237212  596  211  382507299  0  1216  2446  2446  44.561833931  
1441324182  0  533409  237212  355812  25  9942667  1230  61712  23135  72185786347  1531  0  498787  498812  25  0  72859  361  21  758992  270  72859  0  61712  237212  596  211  510857711  0  1088  2319  2319  44.4709406853  
1441324183  0  534273  237212  357672  25  9991232  1260  63848  23411  72789627829  1531  0  500923  500948  25  0  72859  361  21  763275  271  72859  0  63848  237212  597  211  603841482  0  864  2136  2136  44.3990244688  
1441324183  0  534753  237212  358105  25  10027871  1278  65068  24198  72869037636  1531  0  502143  502168  25  0  72859  361  21  766645  271  72859  0  65068  237212  597  211  79409807  0  480  1220  1220  44.3591714305  
1441324184  0  536033  237212  359295  25  10044730  1298  66342  24282  73271118513  1531  0  503417  503442  25  0  72859  361  21  769642  273  72859  0  66342  237212  597  211  402080877  0  1280  1274  1274  44.2532456024  
1441324185  0  539167  237212  360466  25  10070394  1324  67672  24441  73648074982  1531  0  504747  504772  25  0  72859  361  21  772413  275  72859  0  67672  237212  597  211  376956469  0  3134  1330  1330  43.9960160767  
1441324185  0  539167  237212  360466  25  10070394  1324  67672  24441  73648074982  1531  0  504747  504772  25  0  72859  361  21  772413  275  72859  0  67672  237212  597  211  0  0  0  0  0  43.9960160767  
1441324186  0  541704  237228  362726  25  9980183  1289  65403  22438  74128224794  1531  0  507078  507103  25  0  72859  361  21  774570  275  72859  0  65403  237228  600  213  480149812  16  2537  2331  2331  43.7929201187  
1441324186  0  548204  241488  366876  25  10069646  1303  66672  23816  74844999230  1531  0  512607  512632  25  0  72859  361  21  778468  276  72859  0  66672  241488  601  213  716774436  4260  6500  5529  5529  44.0507548285  
1441324187  0  550508  241488  367173  25  10139838  1331  68285  25900  75010778240  1531  0  514988  515013  25  0  72859  361  21  780508  276  72859  0  68285  241488  602  214  165779010  0  2304  2381  2381  43.8663924957  
1441324187  0  553303  241488  367840  25  10161324  1350  69070  26018  75266107924  1531  0  515773  515798  25  0  72859  361  21  784561  276  72859  0  69070  241488  602  214  255329684  0  2795  785  785  43.6448022151  
1441324188  0  556408  241488  368693  25  10186528  1308  66256  26140  75518636759  1531  0  516749  516774  25  0  72859  361  21  789295  275  72859  0  66256  241488  606  215  252528835  0  3105  976  976  43.4012451295  
1441324188  0  561968  244323  370374  25  10000195  1253  62025  24955  75994653362  1531  0  518749  518774  25  0  72859  361  21  795330  273  72859  0  62025  244323  609  218  476016603  2835  5560  2000  2000  43.4763189363  
1441324189  0  561968  244323  370374  25  10000195  1253  62025  24955  75994653362  1531  0  518749  518774  25  0  72859  361  21  795330  273  72859  0  62025  244323  609  218  0  0  0  0  0  43.4763189363  
1441324189  0  563760  244323  371267  25  10063991  1280  63320  25357  76306055689  1531  0  520045  520070  25  0  72859  361  22  799821  274  72859  0  63320  244323  610  218  311402327  0  1792  1296  1296  43.3381226054  
1441324190  0  569412  248023  373242  25  9872647  1127  54447  24951  76720618122  1531  0  522542  522567  25  0  72859  361  25  808363  272  72859  0  54447  248023  617  222  414562433  3700  5652  2497  2497  43.5577402654  
1441324190  0  572498  249509  376567  25  9847091  1123  54736  24201  77416372480  1531  0  526880  526905  25  0  72859  361  25  812627  270  72859  0  54736  249509  621  223  695754358  1486  3086  4338  4338  43.5825103319  
1441324191  0  576335  252603  382507  25  9832955  1174  58027  22594  78308588301  1531  0  533265  533290  25  0  72859  361  25  815936  269  72859  0  58027  252603  622  223  892215821  3094  3837  6385  6385  43.829196561  
1441324191  0  576911  252603  383026  25  9860892  1192  58950  22998  78491364708  1531  0  534188  534213  25  0  72859  361  25  817528  270  72859  0  58950  252603  622  223  182776407  0  576  923  923  43.7854365751  
1441324192  0  576911  252603  383026  25  9860892  1192  58950  22998  78491364708  1531  0  534188  534213  25  0  72859  361  25  817528  270  72859  0  58950  252603  622  223  0  0  0  0  0  43.7854365751  
1441324192  0  577199  252603  385993  25  9874588  1181  59056  23451  79145107012  1531  0  538134  538159  25  0  72859  361  25  820540  267  72859  0  59056  252603  625  226  653742304  0  288  3946  3946  43.763589334  
1441324193  0  582808  257791  391240  25  9930424  1176  59459  20933  79977013518  1531  0  543980  544005  25  0  72859  361  26  826340  266  72859  0  59459  257791  626  227  831906506  5188  5609  5846  5846  44.2325774526  
1441324193  0  585696  259911  392565  25  9605719  1169  58757  20402  80286298311  1531  0  545398  545423  25  0  72859  361  26  831404  268  72859  0  58757  259911  627  227  309284793  2120  2888  1418  1418  44.3764341911  
1441324194  0  589280  261991  395480  25  9736962  1187  59675  21245  80886445290  1531  0  549164  549189  25  0  72859  361  26  835089  269  72859  0  59675  261991  629  228  600146979  2080  3584  3766  3766  44.4595099104  
1441324194  0  596677  266316  397750  25  9819850  1164  57510  22652  81294548598  1531  0  552849  552874  25  0  72859  361  26  841548  270  72859  0  57510  266316  632  229  408103308  4325  7397  3685  3685  44.6331935034  
1441324195  0  596677  266316  397750  25  9819850  1164  57510  22652  81294548598  1531  0  552849  552874  25  0  72859  361  26  841548  270  72859  0  57510  266316  632  229  0  0  0  0  0  44.6331935034  
1441324195  0  600677  266316  398200  25  9873750  1215  59885  24577  81453228962  1531  0  555224  555249  25  0  72859  361  26  845213  274  72859  0  59885  266316  632  229  158680364  0  4000  2375  2375  44.3359742424  
1441324196  0  604165  266316  399508  25  9891100  1256  61610  24994  81728014724  1531  0  556949  556974  25  0  72859  361  26  849901  275  72859  0  61610  266316  633  229  274785762  0  3488  1725  1725  44.0800112552  
1441324196  0  611593  270412  400056  25  9819238  1186  55917  24108  81981980223  1531  0  560728  560753  25  0  72859  361  26  856177  274  72859  0  55917  270412  635  230  253965499  4096  7428  3779  3779  44.2143713221  
1441324197  0  613993  270412  402176  25  9868059  1355  58255  24326  82452945117  1531  0  563068  563093  25  0  72859  361  28  859003  274  72859  0  58255  270412  638  230  470964894  0  2400  2340  2340  44.0415444476  
1441324197  0  616649  270412  403429  25  9974924  1379  60373  25191  82727777271  1531  0  565188  565213  25  0  72859  361  30  865302  274  72859  0  60373  270412  642  230  274832154  0  2656  2120  2120  43.8518508909  
1441324198  0  620627  272465  406952  25  10213060  1408  63535  24830  83401891369  1531  0  570403  570428  25  0  72859  361  30  868027  274  72859  0  63535  272465  645  230  674114098  2053  3978  5215  5215  43.9015705085  
1441324198  0  620627  272465  406952  25  10213060  1408  63535  24830  83401891369  1531  0  570403  570428  25  0  72859  361  30  868027  274  72859  0  63535  272465  645  230  0  0  0  0  0  43.9015705085  
1441324199  0  621971  272465  410539  25  10235099  1430  66239  25227  84092548967  1531  0  574387  574412  25  0  72859  361  30  869610  274  72859  0  66239  272465  648  231  690657598  0  1344  3984  3984  43.8067048142  
1441324199  0  626351  275821  414463  26  10301831  1388  66969  25828  84869705758  1531  0  580265  580291  26  0  72859  361  30  873125  273  72859  0  66969  275821  650  232  777156791  3356  4380  5878  5879  44.0361714119  
1441324200  0  629456  277966  416634  26  10273145  1324  65059  27502  85331291078  1531  0  584759  584785  26  0  72859  361  30  877098  272  72859  0  65059  277966  654  233  461585320  2145  3105  4494  4494  44.1597188684  
1441324200  0  632466  280144  418007  28  10228284  1292  65108  30083  85719717030  1531  0  589290  589318  28  0  72859  361  30  880639  271  72859  0  65108  280144  655  234  388425952  2178  3010  4531  4533  44.2939225192  
1441324201  0  635922  282448  420080  31  10241738  1268  64406  30847  86205738441  1531  0  592172  592203  31  0  72859  361  30  885984  270  72859  0  64406  282448  656  235  486021411  2304  3456  2882  2885  44.4155100783  
1441324201  0  635922  282448  420080  31  10241738  1268  64406  30847  86205738441  1531  0  592172  592203  31  0  72859  361  30  885984  270  72859  0  64406  282448  656  235  0  0  0  0  0  44.4155100783  
1441324202  0  636562  282448  420612  31  10252060  1276  65167  31076  86370300566  1531  0  592933  592964  31  0  72859  361  30  887519  270  72859  0  65167  282448  656  235  164562125  0  640  761  761  44.370854685  
1441324202  0  638187  283238  421736  31  10288799  1216  61520  30674  86757166861  1531  0  595452  595483  31  0  72859  361  30  891440  269  72859  0  61520  283238  659  237  386866295  790  1625  2519  2519  44.3816624281  
1441324203  0  639960  283506  422621  32  10302580  1250  63321  31844  87080988690  1531  0  597521  597553  32  0  72859  361  30  895928  270  72859  0  63321  283506  659  237  323821829  268  1773  2069  2070  44.3005812863  
1441324203  0  641079  283952  424344  32  10145793  1271  64709  31879  87542043577  1531  0  599355  599387  32  0  72859  361  30  899457  269  72859  0  64709  283952  659  237  461054887  446  1119  1834  1834  44.2928250652  
