#type:G;
#time  Rt  Nm  Tt  Nc  Rx  Gz  Pc  Pf  Ra  Te  Pm  Fp  Fc  Ta  Fm  Om  Lm  Oc  Sm  Sc  Em  Af  Ea  Cf  Ec  Gd  Zt  Et  Ep  dedup_put_diff  total_eph_put_diff  dedup_factor  dedup_curr  compression_saving  tze_saving  
1441323929  0  0  5  0  0  0  0  0  0  0  0  0  0  0  0  0  0  0  0  0  0  0  0  0  0  0  0  0  0  0  0  0 0 0 0 
1441323929  0  0  6  0  0  0  0  0  0  0  0  0  0  0  0  0  0  0  0  0  0  0  0  0  0  0  0  0  0  0  0  0 0 0 0 
1441323930  0  0  6  0  0  0  0  0  0  0  0  0  0  0  0  0  0  0  0  0  0  0  0  0  0  0  0  0  0  0  0  0 0 0 0 
1441323930  0  0  7  0  0  0  0  0  0  0  0  0  0  0  0  0  0  0  0  0  0  0  0  0  0  0  0  0  0  0  0  0 0 0 0 
1441323931  0  0  8  0  0  0  0  0  0  0  0  0  0  0  0  0  0  0  0  0  0  0  0  0  0  0  0  0  0  0  0  0 0 0 0 
1441323931  0  0  9  0  0  0  0  0  0  0  0  0  0  0  0  0  0  0  0  0  0  0  0  0  0  0  0  0  0  0  0  0 0 0 0 
1441323932  0  0  10  0  0  0  0  0  0  0  0  0  0  0  0  0  0  0  0  0  0  0  0  0  0  0  0  0  0  0  0  0 0 0 0 
1441323932  0  0  11  0  0  0  0  0  0  0  0  0  0  0  0  0  0  0  0  0  0  0  0  0  0  0  0  0  0  0  0  0 0 0 0 
1441323933  0  0  12  0  0  0  0  0  0  0  0  0  0  0  0  0  0  0  0  0  0  0  0  0  0  0  0  0  0  0  0  0 0 0 0 
1441323933  0  0  13  0  0  0  0  0  0  0  0  0  0  0  0  0  0  0  0  0  0  0  0  0  0  0  0  0  0  0  0  0 0 0 0 
1441323934  0  0  13  0  0  0  0  0  0  0  0  0  0  0  0  0  0  0  0  0  0  0  0  0  0  0  0  0  0  0  0  0 0 0 0 
1441323934  0  0  14  0  0  0  0  0  0  0  0  0  0  0  0  0  0  0  0  0  0  0  0  0  0  0  0  0  0  0  0  0 0 0 0 
1441323935  0  0  15  0  0  0  0  0  0  0  0  0  0  0  0  0  0  0  0  0  0  0  0  0  0  0  0  0  0  0  0  0 0 0 0 
1441323935  0  0  16  0  0  0  0  0  0  0  0  0  0  0  0  0  0  0  0  0  0  0  0  0  0  0  0  0  0  0  0  0 0 0 0 
1441323936  0  0  17  0  0  0  0  0  0  0  0  0  0  0  0  0  0  0  0  0  0  0  0  0  0  0  0  0  0  0  0  0 0 0 0 
1441323936  0  0  18  0  0  0  0  0  0  0  0  0  0  0  0  0  0  0  0  0  0  0  0  0  0  0  0  0  0  0  0  0 0 0 0 
1441323937  0  0  19  0  0  0  0  0  0  0  0  0  0  0  0  0  0  0  0  0  0  0  0  0  0  0  0  0  0  0  0  0 0 0 0 
1441323937  0  0  19  0  0  0  0  0  0  0  0  0  0  0  0  0  0  0  0  0  0  0  0  0  0  0  0  0  0  0  0  0 0 0 0 
1441323938  0  0  20  0  0  0  0  0  0  0  0  0  0  0  0  0  0  0  0  0  0  0  0  0  0  0  0  0  0  0  0  0 0 0 0 
1441323938  0  0  21  0  0  0  0  0  0  0  0  0  0  0  0  0  0  0  0  0  0  0  0  0  0  0  0  0  0  0  0  0 0 0 0 
1441323939  0  0  22  0  0  0  0  0  0  0  0  0  0  0  0  0  0  0  0  0  0  0  0  0  0  0  0  0  0  0  0  0 0 0 0 
1441323939  0  0  23  0  0  0  0  0  0  0  0  0  0  0  0  0  0  0  0  0  0  0  0  0  0  0  0  0  0  0  0  0 0 0 0 
1441323940  0  0  24  0  0  0  0  0  0  0  0  0  0  0  0  0  0  0  0  0  0  0  0  0  0  0  0  0  0  0  0  0 0 0 0 
1441323940  0  0  25  0  0  0  0  0  0  0  0  0  0  0  0  0  0  0  0  0  0  0  0  0  0  0  0  0  0  0  0  0 0 0 0 
1441323941  0  0  26  0  0  0  0  0  0  0  0  0  0  0  0  0  0  0  0  0  0  0  0  0  0  0  0  0  0  0  0  0 0 0 0 
1441323942  0  0  26  0  0  0  0  0  0  0  0  0  0  0  0  0  0  0  0  0  0  0  0  0  0  0  0  0  0  0  0  0 0 0 0 
1441323942  0  0  27  0  0  0  0  0  0  0  0  0  0  0  0  0  0  0  0  0  0  0  0  0  0  0  0  0  0  0  0  0 0 0 0 
1441323943  0  0  28  0  0  0  0  0  0  0  0  0  0  0  0  0  0  0  0  0  0  0  0  0  0  0  0  0  0  0  0  0 0 0 0 
1441323943  0  0  29  0  0  0  0  0  0  0  0  0  0  0  0  0  0  0  0  0  0  0  0  0  0  0  0  0  0  0  0  0 0 0 0 
1441323944  0  0  30  0  0  0  0  0  0  0  0  0  0  0  0  0  0  0  0  0  0  0  0  0  0  0  0  0  0  0  0  0 0 0 0 
1441323944  0  0  31  0  0  0  0  0  0  0  0  0  0  0  0  0  0  0  0  0  0  0  0  0  0  0  0  0  0  0  0  0 0 0 0 
1441323945  0  0  32  0  0  0  0  0  0  0  0  0  0  0  0  0  0  0  0  0  0  0  0  0  0  0  0  0  0  0  0  0 0 0 0 
1441323945  0  0  32  0  0  0  0  0  0  0  0  0  0  0  0  0  0  0  0  0  0  0  0  0  0  0  0  0  0  0  0  0 0 0 0 
1441323946  0  0  33  0  0  0  0  0  0  0  0  0  0  0  0  0  0  0  0  0  0  0  0  0  0  0  0  0  0  0  0  0 0 0 0 
1441323946  0  0  34  0  0  0  0  0  0  0  0  0  0  0  0  0  0  0  0  0  0  0  0  0  0  0  0  0  0  0  0  0 0 0 0 
1441323947  0  0  35  0  0  0  0  0  0  0  0  0  0  0  0  0  0  0  0  0  0  0  0  0  0  0  0  0  0  0  0  0 0 0 0 
1441323947  0  0  36  0  0  0  0  0  0  0  0  0  0  0  0  0  0  0  0  0  0  0  0  0  0  0  0  0  0  0  0  0 0 0 0 
1441323948  0  0  37  0  0  0  0  0  0  0  0  0  0  0  0  0  0  0  0  0  0  0  0  0  0  0  0  0  0  0  0  0 0 0 0 
1441323948  0  0  38  0  0  0  0  0  0  0  0  0  0  0  0  0  0  0  0  0  0  0  0  0  0  0  0  0  0  0  0  0 0 0 0 
1441323949  0  0  38  0  0  0  0  0  0  0  0  0  0  0  0  0  0  0  0  0  0  0  0  0  0  0  0  0  0  0  0  0 0 0 0 
1441323949  0  0  39  0  0  0  0  0  0  0  0  0  0  0  0  0  0  0  0  0  0  0  0  0  0  0  0  0  0  0  0  0 0 0 0 
1441323950  0  0  40  0  0  0  0  0  0  0  0  0  0  0  0  0  0  0  0  0  0  0  0  0  0  0  0  0  0  0  0  0 0 0 0 
1441323950  0  0  41  0  0  0  0  0  0  0  0  0  0  0  0  0  0  0  0  0  0  0  0  0  0  0  0  0  0  0  0  0 0 0 0 
1441323951  0  0  42  0  0  0  0  0  0  0  0  0  0  0  0  0  0  0  0  0  0  0  0  0  0  0  0  0  0  0  0  0 0 0 0 
1441323951  0  0  43  0  0  0  0  0  0  0  0  0  0  0  0  0  0  0  0  0  0  0  0  0  0  0  0  0  0  0  0  0 0 0 0 
1441323952  0  0  44  0  0  0  0  0  0  0  0  0  0  0  0  0  0  0  0  0  0  0  0  0  0  0  0  0  0  0  0  0 0 0 0 
1441323952  0  0  45  0  0  0  0  0  0  0  0  0  0  0  0  0  0  0  0  0  0  0  0  0  0  0  0  0  0  0  0  0 0 0 0 
1441323953  0  0  45  0  0  0  0  0  0  0  0  0  0  0  0  0  0  0  0  0  0  0  0  0  0  0  0  0  0  0  0  0 0 0 0 
1441323953  0  0  46  0  0  0  0  0  0  0  0  0  0  0  0  0  0  0  0  0  0  0  0  0  0  0  0  0  0  0  0  0 0 0 0 
1441323954  0  0  47  0  0  0  0  0  0  0  0  0  0  0  0  0  0  0  0  0  0  0  0  0  0  0  0  0  0  0  0  0 0 0 0 
1441323954  0  0  48  0  0  0  0  0  0  0  0  0  0  0  0  0  0  0  0  0  0  0  0  0  0  0  0  0  0  0  0  0 0 0 0 
1441323955  0  0  49  0  0  0  0  0  0  0  0  0  0  0  0  0  0  0  0  0  0  0  0  0  0  0  0  0  0  0  0  0 0 0 0 
1441323955  0  0  50  0  0  0  0  0  0  0  0  0  0  0  0  0  0  0  0  0  0  0  0  0  0  0  0  0  0  0  0  0 0 0 0 
1441323956  0  0  51  0  0  0  0  0  0  0  0  0  0  0  0  0  0  0  0  0  0  0  0  0  0  0  0  0  0  0  0  0 0 0 0 
1441323956  0  0  51  0  0  0  0  0  0  0  0  0  0  0  0  0  0  0  0  0  0  0  0  0  0  0  0  0  0  0  0  0 0 0 0 
1441323957  0  0  52  0  0  0  0  0  0  0  0  0  0  0  0  0  0  0  0  0  0  0  0  0  0  0  0  0  0  0  0  0 0 0 0 
1441323957  0  0  53  0  0  0  0  0  0  0  0  0  0  0  0  0  0  0  0  0  0  0  0  0  0  0  0  0  0  0  0  0 0 0 0 
1441323958  0  0  54  0  0  0  0  0  0  0  0  0  0  0  0  0  0  0  0  0  0  0  0  0  0  0  0  0  0  0  0  0 0 0 0 
1441323958  0  0  55  0  0  0  0  0  0  0  0  0  0  0  0  0  0  0  0  0  0  0  0  0  0  0  0  0  0  0  0  0 0 0 0 
1441323959  0  0  56  0  0  0  0  0  0  0  0  0  0  0  0  0  0  0  0  0  0  0  0  0  0  0  0  0  0  0  0  0 0 0 0 
1441323959  0  0  57  0  0  0  0  0  0  0  0  0  0  0  0  0  0  0  0  0  0  0  0  0  0  0  0  0  0  0  0  0 0 0 0 
1441323960  0  0  57  0  0  0  0  0  0  0  0  0  0  0  0  0  0  0  0  0  0  0  0  0  0  0  0  0  0  0  0  0 0 0 0 
1441323960  0  0  58  0  0  0  0  0  0  0  0  0  0  0  0  0  0  0  0  0  0  0  0  0  0  0  0  0  0  0  0  0 0 0 0 
1441323961  0  0  59  0  0  0  0  0  0  0  0  0  0  0  0  0  0  0  0  0  0  0  0  0  0  0  0  0  0  0  0  0 0 0 0 
1441323961  0  0  60  0  0  0  0  0  0  0  0  0  0  0  0  0  0  0  0  0  0  0  0  0  0  0  0  0  0  0  0  0 0 0 0 
1441323962  0  0  61  0  0  0  0  0  0  0  0  0  0  0  0  0  0  0  0  0  0  0  0  0  0  0  0  0  0  0  0  0 0 0 0 
1441323962  0  0  62  0  0  0  0  0  0  0  0  0  0  0  0  0  0  0  0  0  0  0  0  0  0  0  0  0  0  0  0  0 0 0 0 
1441323963  0  0  63  0  0  0  0  0  0  0  0  0  0  0  0  0  0  0  0  0  0  0  0  0  0  0  0  0  0  0  0  0 0 0 0 
1441323963  0  0  63  0  0  0  0  0  0  0  0  0  0  0  0  0  0  0  0  0  0  0  0  0  0  0  0  0  0  0  0  0 0 0 0 
1441323964  0  0  64  0  0  0  0  0  0  0  0  0  0  0  0  0  0  0  0  0  0  0  0  0  0  0  0  0  0  0  0  0 0 0 0 
1441323964  0  0  65  0  0  0  0  0  0  0  0  0  0  0  0  0  0  0  0  0  0  0  0  0  0  0  0  0  0  0  0  0 0 0 0 
1441323965  0  0  66  0  0  0  0  0  0  0  0  0  0  0  0  0  0  0  0  0  0  0  0  0  0  0  0  0  0  0  0  0 0 0 0 
1441323965  0  0  67  0  0  0  0  0  0  0  0  0  0  0  0  0  0  0  0  0  0  0  0  0  0  0  0  0  0  0  0  0 0 0 0 
1441323966  0  0  68  0  0  0  0  0  0  0  0  0  0  0  0  0  0  0  0  0  0  0  0  0  0  0  0  0  0  0  0  0 0 0 0 
1441323966  0  0  69  0  0  0  0  0  0  0  0  0  0  0  0  0  0  0  0  0  0  0  0  0  0  0  0  0  0  0  0  0 0 0 0 
1441323967  0  0  70  0  0  0  0  0  0  0  0  0  0  0  0  0  0  0  0  0  0  0  0  0  0  0  0  0  0  0  0  0 0 0 0 
1441323967  0  0  70  0  0  0  0  0  0  0  0  0  0  0  0  0  0  0  0  0  0  0  0  0  0  0  0  0  0  0  0  0 0 0 0 
1441323968  0  0  71  0  0  0  0  0  0  0  0  0  0  0  0  0  0  0  0  0  0  0  0  0  0  0  0  0  0  0  0  0 0 0 0 
1441323968  0  0  72  0  0  0  0  0  0  0  0  0  0  0  0  0  0  0  0  0  0  0  0  0  0  0  0  0  0  0  0  0 0 0 0 
1441323969  0  0  73  0  0  0  0  0  0  0  0  0  0  0  0  0  0  0  0  0  0  0  0  0  0  0  0  0  0  0  0  0 0 0 0 
1441323969  0  0  74  0  0  0  0  0  0  0  0  0  0  0  0  0  0  0  0  0  0  0  0  0  0  0  0  0  0  0  0  0 0 0 0 
1441323970  0  0  75  0  0  0  0  0  0  0  0  0  0  0  0  0  0  0  0  0  0  0  0  0  0  0  0  0  0  0  0  0 0 0 0 
1441323970  0  0  75  0  0  0  0  0  0  0  0  0  0  0  0  0  0  0  0  0  0  0  0  0  0  0  0  0  0  0  0  0 0 0 0 
1441323971  0  0  76  0  0  0  0  0  0  0  0  0  0  0  0  0  0  0  0  0  0  0  0  0  0  0  0  0  0  0  0  0 0 0 0 
1441323971  0  0  77  0  0  0  0  0  0  0  0  0  0  0  0  0  0  0  0  0  0  0  0  0  0  0  0  0  0  0  0  0 0 0 0 
1441323972  0  0  78  0  0  0  0  0  0  0  0  0  0  0  0  0  0  0  0  0  0  0  0  0  0  0  0  0  0  0  0  0 0 0 0 
1441323972  0  0  79  0  0  0  0  0  0  0  0  0  0  0  0  0  0  0  0  0  0  0  0  0  0  0  0  0  0  0  0  0 0 0 0 
1441323973  0  0  80  0  0  0  0  0  0  0  0  0  0  0  0  0  0  0  0  0  0  0  0  0  0  0  0  0  0  0  0  0 0 0 0 
1441323973  0  0  80  0  0  0  0  0  0  0  0  0  0  0  0  0  0  0  0  0  0  0  0  0  0  0  0  0  0  0  0  0 0 0 0 
1441323974  0  0  81  0  0  0  0  0  0  0  0  0  0  0  0  0  0  0  0  0  0  0  0  0  0  0  0  0  0  0  0  0 0 0 0 
1441323975  0  0  82  0  0  0  0  0  0  0  0  0  0  0  0  0  0  0  0  0  0  0  0  0  0  0  0  0  0  0  0  0 0 0 0 
1441323975  0  0  83  0  0  0  0  0  0  0  0  0  0  0  0  0  0  0  0  0  0  0  0  0  0  0  0  0  0  0  0  0 0 0 0 
1441323976  0  0  84  0  0  0  0  0  0  0  0  0  0  0  0  0  0  0  0  0  0  0  0  0  0  0  0  0  0  0  0  0 0 0 0 
1441323976  0  0  85  0  0  0  0  0  0  0  0  0  0  0  0  0  0  0  0  0  0  0  0  0  0  0  0  0  0  0  0  0 0 0 0 
1441323977  0  0  86  0  0  0  0  0  0  0  0  0  0  0  0  0  0  0  0  0  0  0  0  0  0  0  0  0  0  0  0  0 0 0 0 
1441323977  0  0  87  0  0  0  0  0  0  0  0  0  0  0  0  0  0  0  0  0  0  0  0  0  0  0  0  0  0  0  0  0 0 0 0 
1441323978  0  0  87  0  0  0  0  0  0  0  0  0  0  0  0  0  0  0  0  0  0  0  0  0  0  0  0  0  0  0  0  0 0 0 0 
1441323978  0  0  88  0  0  0  0  0  0  0  0  0  0  0  0  0  0  0  0  0  0  0  0  0  0  0  0  0  0  0  0  0 0 0 0 
1441323979  0  0  89  0  0  0  0  0  0  0  0  0  0  0  0  0  0  0  0  0  0  0  0  0  0  0  0  0  0  0  0  0 0 0 0 
1441323979  0  0  90  0  0  0  0  0  0  0  0  0  0  0  0  0  0  0  0  0  0  0  0  0  0  0  0  0  0  0  0  0 0 0 0 
1441323980  0  0  91  0  0  0  0  0  0  0  0  0  0  0  0  0  0  0  0  0  0  0  0  0  0  0  0  0  0  0  0  0 0 0 0 
1441323980  0  0  92  0  0  0  0  0  0  0  0  0  0  0  0  0  0  0  0  0  0  0  0  0  0  0  0  0  0  0  0  0 0 0 0 
1441323981  0  0  93  0  0  0  0  0  0  0  0  0  0  0  0  0  0  0  0  0  0  0  0  0  0  0  0  0  0  0  0  0 0 0 0 
1441323981  0  0  93  0  0  0  0  0  0  0  0  0  0  0  0  0  0  0  0  0  0  0  0  0  0  0  0  0  0  0  0  0 0 0 0 
1441323982  0  0  94  0  0  0  0  0  0  0  0  0  0  0  0  0  0  0  0  0  0  0  0  0  0  0  0  0  0  0  0  0 0 0 0 
1441323982  0  0  95  0  0  0  0  0  0  0  0  0  0  0  0  0  0  0  0  0  0  0  0  0  0  0  0  0  0  0  0  0 0 0 0 
1441323983  0  0  96  0  0  0  0  0  0  0  0  0  0  0  0  0  0  0  0  0  0  0  0  0  0  0  0  0  0  0  0  0 0 0 0 
1441323983  0  0  97  0  0  0  0  0  0  0  0  0  0  0  0  0  0  0  0  0  0  0  0  0  0  0  0  0  0  0  0  0 0 0 0 
1441323984  0  0  98  0  0  0  0  0  0  0  0  0  0  0  0  0  0  0  0  0  0  0  0  0  0  0  0  0  0  0  0  0 0 0 0 
1441323984  0  0  99  0  0  0  0  0  0  0  0  0  0  0  0  0  0  0  0  0  0  0  0  0  0  0  0  0  0  0  0  0 0 0 0 
1441323985  0  0  100  0  0  0  0  0  0  0  0  0  0  0  0  0  0  0  0  0  0  0  0  0  0  0  0  0  0  0  0  0 0 0 0 
1441323985  0  0  100  0  0  0  0  0  0  0  0  0  0  0  0  0  0  0  0  0  0  0  0  0  0  0  0  0  0  0  0  0 0 0 0 
1441323986  0  0  101  0  0  0  0  0  0  0  0  0  0  0  0  0  0  0  0  0  0  0  0  0  0  0  0  0  0  0  0  0 0 0 0 
1441323986  0  0  102  0  0  0  0  0  0  0  0  0  0  0  0  0  0  0  0  0  0  0  0  0  0  0  0  0  0  0  0  0 0 0 0 
1441323987  0  0  103  0  0  0  0  0  0  0  0  0  0  0  0  0  0  0  0  0  0  0  0  0  0  0  0  0  0  0  0  0 0 0 0 
1441323987  0  0  104  0  0  0  0  0  0  0  0  0  0  0  0  0  0  0  0  0  0  0  0  0  0  0  0  0  0  0  0  0 0 0 0 
1441323988  0  0  105  0  0  0  0  0  0  0  0  0  0  0  0  0  0  0  0  0  0  0  0  0  0  0  0  0  0  0  0  0 0 0 0 
1441323988  0  0  106  0  0  0  0  0  0  0  0  0  0  0  0  0  0  0  0  0  0  0  0  0  0  0  0  0  0  0  0  0 0 0 0 
1441323989  0  0  106  0  0  0  0  0  0  0  0  0  0  0  0  0  0  0  0  0  0  0  0  0  0  0  0  0  0  0  0  0 0 0 0 
1441323989  0  0  107  0  0  0  0  0  0  0  0  0  0  0  0  0  0  0  0  0  0  0  0  0  0  0  0  0  0  0  0  0 0 0 0 
1441323990  0  0  108  0  0  0  0  0  0  0  0  0  0  0  0  0  0  0  0  0  0  0  0  0  0  0  0  0  0  0  0  0 0 0 0 
1441323990  0  0  109  0  0  0  0  0  0  0  0  0  0  0  0  0  0  0  0  0  0  0  0  0  0  0  0  0  0  0  0  0 0 0 0 
1441323991  0  0  110  0  0  0  0  0  0  0  0  0  0  0  0  0  0  0  0  0  0  0  0  0  0  0  0  0  0  0  0  0 0 0 0 
1441323991  0  0  111  0  0  0  0  0  0  0  0  0  0  0  0  0  0  0  0  0  0  0  0  0  0  0  0  0  0  0  0  0 0 0 0 
1441323992  0  0  112  0  0  0  0  0  0  0  0  0  0  0  0  0  0  0  0  0  0  0  0  0  0  0  0  0  0  0  0  0 0 0 0 
1441323992  0  0  112  0  0  0  0  0  0  0  0  0  0  0  0  0  0  0  0  0  0  0  0  0  0  0  0  0  0  0  0  0 0 0 0 
1441323993  0  0  113  0  0  0  0  0  0  0  0  0  0  0  0  0  0  0  0  0  0  0  0  0  0  0  0  0  0  0  0  0 0 0 0 
1441323993  0  0  114  0  0  0  0  0  0  0  0  0  0  0  0  0  0  0  0  0  0  0  0  0  0  0  0  0  0  0  0  0 0 0 0 
1441323994  0  0  115  0  0  0  0  0  0  0  0  0  0  0  0  0  0  0  0  0  0  0  0  0  0  0  0  0  0  0  0  0 0 0 0 
1441323994  0  0  116  0  0  0  0  0  0  0  0  0  0  0  0  0  0  0  0  0  0  0  0  0  0  0  0  0  0  0  0  0 0 0 0 
1441323995  0  0  117  0  0  0  0  0  0  0  0  0  0  0  0  0  0  0  0  0  0  0  0  0  0  0  0  0  0  0  0  0 0 0 0 
1441323996  0  0  118  0  0  0  0  0  0  0  0  0  0  0  0  0  0  0  0  0  0  0  0  0  0  0  0  0  0  0  0  0 0 0 0 
1441323996  0  0  119  0  0  0  0  0  0  0  0  0  0  0  0  0  0  0  0  0  0  0  0  0  0  0  0  0  0  0  0  0 0 0 0 
1441323997  0  0  120  0  0  0  0  0  0  0  0  0  0  0  0  0  0  0  0  0  0  0  0  0  0  0  0  0  0  0  0  0 0 0 0 
1441323997  0  0  121  0  0  0  0  0  0  0  0  0  0  0  0  0  0  0  0  0  0  0  0  0  0  0  0  0  0  0  0  0 0 0 0 
1441323998  0  0  124  0  0  0  0  0  0  0  0  0  0  0  0  0  0  0  0  0  0  0  0  0  0  0  0  0  0  0  0  0 0 0 0 
1441323998  0  0  125  0  0  0  0  0  0  0  0  0  0  0  0  0  0  0  0  0  0  0  0  0  0  0  0  0  0  0  0  0 0 0 0 
1441323999  0  0  125  0  0  0  0  0  0  0  0  0  0  0  0  0  0  0  0  0  0  0  0  0  0  0  0  0  0  0  0  0 0 0 0 
1441324000  0  0  128  0  0  0  0  0  0  0  0  0  0  0  0  0  0  0  0  0  0  0  0  0  0  0  0  0  0  0  0  0 0 0 0 
1441324001  0  0  128  0  0  0  0  0  0  0  0  0  0  0  0  0  0  0  0  0  0  0  0  0  0  0  0  0  0  0  0  0 0 0 0 
1441324001  0  0  129  0  0  0  0  0  0  0  0  0  0  0  0  0  0  0  0  0  0  0  0  0  0  0  0  0  0  0  0  0 0 0 0 
1441324002  0  0  130  0  0  0  0  0  0  0  0  0  0  0  0  0  0  0  0  0  0  0  0  0  0  0  0  0  0  0  0  0 0 0 0 
1441324002  0  0  131  0  0  0  0  0  0  0  0  0  0  0  0  0  0  0  0  0  0  0  0  0  0  0  0  0  0  0  0  0 0 0 0 
1441324003  0  0  132  0  0  0  0  0  0  0  0  0  0  0  0  0  0  0  0  0  0  0  0  0  0  0  0  0  0  0  0  0 0 0 0 
1441324003  0  0  133  0  0  0  0  0  0  0  0  0  0  0  0  0  0  0  0  0  0  0  0  0  0  0  0  0  0  0  0  0 0 0 0 
1441324004  0  0  134  0  0  0  0  0  0  0  0  0  0  0  0  0  0  0  0  0  0  0  0  0  0  0  0  0  0  0  0  0 0 0 0 
1441324004  0  0  134  0  0  0  0  0  0  0  0  0  0  0  0  0  0  0  0  0  0  0  0  0  0  0  0  0  0  0  0  0 0 0 0 
1441324005  0  0  302  0  0  0  0  0  0  166  0  0  0  0  0  0  0  0  0  0  0  0  0  0  0  0  0  0  0  0  0  0 0 0 0 
1441324005  0  0  1216  0  0  0  0  0  0  1079  0  0  0  0  0  0  0  0  0  0  0  0  0  0  0  0  0  0  0  0  0  0 0 0 0 
1441324006  0  0  1719  0  0  0  0  0  0  1581  0  0  0  0  0  0  0  0  0  0  0  0  0  0  0  0  0  0  0  0  0  0 0 0 0 
1441324006  0  0  1995  0  0  0  0  0  0  1856  0  0  0  0  0  0  0  0  0  0  0  0  0  0  0  0  0  0  0  0  0  0 0 0 0 
1441324007  0  0  2453  0  0  0  0  0  0  2313  0  0  0  0  0  0  0  0  0  0  0  0  0  0  0  0  0  0  0  0  0  0 0 0 0 
1441324007  0  0  3174  0  0  0  0  0  0  2980  0  0  0  0  0  0  0  0  0  0  0  0  0  0  0  0  0  0  0  0  0  0 0 0 0 
1441324008  0  0  3174  0  0  0  0  0  0  2980  0  0  0  0  0  0  0  0  0  0  0  0  0  0  0  0  0  0  0  0  0  0 0 0 0 
1441324008  0  0  4437  0  0  0  0  0  0  4238  0  0  0  0  0  0  0  0  0  0  0  0  0  0  0  0  0  0  0  0  0  0 0 0 0 
1441324009  0  0  5041  0  0  0  0  0  0  4830  0  0  0  0  0  0  0  0  0  0  0  0  0  0  0  0  0  0  0  0  0  0 0 0 0 
1441324009  0  0  5107  0  0  0  0  0  0  4895  0  0  0  0  0  0  0  0  0  0  0  0  0  0  0  0  0  0  0  0  0  0 0 0 0 
1441324010  0  0  5108  0  0  0  0  0  0  4895  0  0  0  0  0  0  0  0  0  0  0  0  0  0  0  0  0  0  0  0  0  0 0 0 0 
1441324010  0  0  5109  0  0  0  0  0  0  4895  0  0  0  0  0  0  0  0  0  0  0  0  0  0  0  0  0  0  0  0  0  0 0 0 0 
1441324011  0  0  5110  0  0  0  0  0  0  4895  0  0  0  0  0  0  0  0  0  0  0  0  0  0  0  0  0  0  0  0  0  0 0 0 0 
1441324011  0  0  5110  0  0  0  0  0  0  4895  0  0  0  0  0  0  0  0  0  0  0  0  0  0  0  0  0  0  0  0  0  0 0 0 0 
1441324012  0  0  5111  0  0  0  0  0  0  4895  0  0  0  0  0  0  0  0  0  0  0  0  0  0  0  0  0  0  0  0  0  0 0 0 0 
1441324012  0  0  5112  0  0  0  0  0  0  4895  0  0  0  0  0  0  0  0  0  0  0  0  0  0  0  0  0  0  0  0  0  0 0 0 0 
1441324013  0  0  5113  0  0  0  0  0  0  4895  0  0  0  0  0  0  0  0  0  0  0  0  0  0  0  0  0  0  0  0  0  0 0 0 0 
1441324013  0  0  5114  0  0  0  0  0  0  4895  0  0  0  0  0  0  0  0  0  0  0  0  0  0  0  0  0  0  0  0  0  0 0 0 0 
1441324014  0  0  5115  0  0  0  0  0  0  4895  0  0  0  0  0  0  0  0  0  0  0  0  0  0  0  0  0  0  0  0  0  0 0 0 0 
1441324014  0  0  5116  0  0  0  0  0  0  4895  0  0  0  0  0  0  0  0  0  0  0  0  0  0  0  0  0  0  0  0  0  0 0 0 0 
1441324015  0  0  5116  0  0  0  0  0  0  4895  0  0  0  0  0  0  0  0  0  0  0  0  0  0  0  0  0  0  0  0  0  0 0 0 0 
1441324015  0  0  5117  0  0  0  0  0  0  4895  0  0  0  0  0  0  0  0  0  0  0  0  0  0  0  0  0  0  0  0  0  0 0 0 0 
1441324016  0  0  5118  0  0  0  0  0  0  4895  0  0  0  0  0  0  0  0  0  0  0  0  0  0  0  0  0  0  0  0  0  0 0 0 0 
1441324016  0  0  5119  0  0  0  0  0  0  4895  0  0  0  0  0  0  0  0  0  0  0  0  0  0  0  0  0  0  0  0  0  0 0 0 0 
1441324017  0  0  5120  0  0  0  0  0  0  4895  0  0  0  0  0  0  0  0  0  0  0  0  0  0  0  0  0  0  0  0  0  0 0 0 0 
1441324017  0  0  5121  0  0  0  0  0  0  4895  0  0  0  0  0  0  0  0  0  0  0  0  0  0  0  0  0  0  0  0  0  0 0 0 0 
1441324018  0  0  5122  0  0  0  0  0  0  4895  0  0  0  0  0  0  0  0  0  0  0  0  0  0  0  0  0  0  0  0  0  0 0 0 0 
1441324019  0  0  5123  0  0  0  0  0  0  4895  0  0  0  0  0  0  0  0  0  0  0  0  0  0  0  0  0  0  0  0  0  0 0 0 0 
1441324019  0  0  5123  0  0  0  0  0  0  4895  0  0  0  0  0  0  0  0  0  0  0  0  0  0  0  0  0  0  0  0  0  0 0 0 0 
1441324020  0  0  5124  0  0  0  0  0  0  4895  0  0  0  0  0  0  0  0  0  0  0  0  0  0  0  0  0  0  0  0  0  0 0 0 0 
1441324020  0  0  5125  0  0  0  0  0  0  4895  0  0  0  0  0  0  0  0  0  0  0  0  0  0  0  0  0  0  0  0  0  0 0 0 0 
1441324021  0  0  5126  0  0  0  0  0  0  4895  0  0  0  0  0  0  0  0  0  0  0  0  0  0  0  0  0  0  0  0  0  0 0 0 0 
1441324021  0  0  5129  0  0  0  0  0  0  4897  0  0  0  0  0  0  0  0  0  0  0  0  0  0  0  0  0  0  0  0  0  0 0 0 0 
1441324022  0  0  5173  0  0  0  0  0  0  4939  0  0  0  0  0  0  0  0  0  0  0  0  0  0  0  0  0  0  0  0  0  0 0 0 0 
1441324022  0  0  5174  0  0  0  0  0  0  4939  0  0  0  0  0  0  0  0  0  0  0  0  0  0  0  0  0  0  0  0  0  0 0 0 0 
1441324023  0  0  5175  0  0  0  0  0  0  4939  0  0  0  0  0  0  0  0  0  0  0  0  0  0  0  0  0  0  0  0  0  0 0 0 0 
1441324023  0  0  5175  0  0  0  0  0  0  4939  0  0  0  0  0  0  0  0  0  0  0  0  0  0  0  0  0  0  0  0  0  0 0 0 0 
1441324024  0  0  5176  0  0  0  0  0  0  4939  0  0  0  0  0  0  0  0  0  0  0  0  0  0  0  0  0  0  0  0  0  0 0 0 0 
1441324024  0  0  5177  0  0  0  0  0  0  4939  0  0  0  0  0  0  0  0  0  0  0  0  0  0  0  0  0  0  0  0  0  0 0 0 0 
1441324025  0  0  5178  0  0  0  0  0  0  4939  0  0  0  0  0  0  0  0  0  0  0  0  0  0  0  0  0  0  0  0  0  0 0 0 0 
1441324025  0  0  5179  0  0  0  0  0  0  4939  0  0  0  0  0  0  0  0  0  0  0  0  0  0  0  0  0  0  0  0  0  0 0 0 0 
1441324026  0  0  5180  0  0  0  0  0  0  4939  0  0  0  0  0  0  0  0  0  0  0  0  0  0  0  0  0  0  0  0  0  0 0 0 0 
1441324026  0  0  5181  0  0  0  0  0  0  4939  0  0  0  0  0  0  0  0  0  0  0  0  0  0  0  0  0  0  0  0  0  0 0 0 0 
1441324027  0  0  5181  0  0  0  0  0  0  4939  0  0  0  0  0  0  0  0  0  0  0  0  0  0  0  0  0  0  0  0  0  0 0 0 0 
1441324027  0  0  5182  0  0  0  0  0  0  4939  0  0  0  0  0  0  0  0  0  0  0  0  0  0  0  0  0  0  0  0  0  0 0 0 0 
1441324028  0  0  5183  0  0  0  0  0  0  4939  0  0  0  0  0  0  0  0  0  0  0  0  0  0  0  0  0  0  0  0  0  0 0 0 0 
1441324028  0  0  5184  0  0  0  0  0  0  4939  0  0  0  0  0  0  0  0  0  0  0  0  0  0  0  0  0  0  0  0  0  0 0 0 0 
1441324029  0  0  5185  0  0  0  0  0  0  4939  0  0  0  0  0  0  0  0  0  0  0  0  0  0  0  0  0  0  0  0  0  0 0 0 0 
1441324029  0  0  5186  0  0  0  0  0  0  4939  0  0  0  0  0  0  0  0  0  0  0  0  0  0  0  0  0  0  0  0  0  0 0 0 0 
1441324030  0  0  5187  0  0  0  0  0  0  4939  0  0  0  0  0  0  0  0  0  0  0  0  0  0  0  0  0  0  0  0  0  0 0 0 0 
1441324030  0  0  5188  0  0  0  0  0  0  4939  0  0  0  0  0  0  0  0  0  0  0  0  0  0  0  0  0  0  0  0  0  0 0 0 0 
1441324031  0  0  5188  0  0  0  0  0  0  4939  0  0  0  0  0  0  0  0  0  0  0  0  0  0  0  0  0  0  0  0  0  0 0 0 0 
1441324031  0  0  5189  0  0  0  0  0  0  4939  0  0  0  0  0  0  0  0  0  0  0  0  0  0  0  0  0  0  0  0  0  0 0 0 0 
1441324032  0  0  5190  0  0  0  0  0  0  4939  0  0  0  0  0  0  0  0  0  0  0  0  0  0  0  0  0  0  0  0  0  0 0 0 0 
1441324032  0  0  5191  0  0  0  0  0  0  4939  0  0  0  0  0  0  0  0  0  0  0  0  0  0  0  0  0  0  0  0  0  0 0 0 0 
1441324033  0  0  5192  0  0  0  0  0  0  4939  0  0  0  0  0  0  0  0  0  0  0  0  0  0  0  0  0  0  0  0  0  0 0 0 0 
1441324033  0  0  5193  0  0  0  0  0  0  4939  0  0  0  0  0  0  0  0  0  0  0  0  0  0  0  0  0  0  0  0  0  0 0 0 0 
1441324034  0  0  5194  0  0  0  0  0  0  4939  0  0  0  0  0  0  0  0  0  0  0  0  0  0  0  0  0  0  0  0  0  0 0 0 0 
1441324034  0  0  5195  0  0  0  0  0  0  4939  0  0  0  0  0  0  0  0  0  0  0  0  0  0  0  0  0  0  0  0  0  0 0 0 0 
1441324035  0  0  5195  0  0  0  0  0  0  4939  0  0  0  0  0  0  0  0  0  0  0  0  0  0  0  0  0  0  0  0  0  0 0 0 0 
1441324035  0  0  5196  0  0  0  0  0  0  4939  0  0  0  0  0  0  0  0  0  0  0  0  0  0  0  0  0  0  0  0  0  0 0 0 0 
1441324036  0  0  5197  0  0  0  0  0  0  4939  0  0  0  0  0  0  0  0  0  0  0  0  0  0  0  0  0  0  0  0  0  0 0 0 0 
1441324036  0  0  5198  0  0  0  0  0  0  4939  0  0  0  0  0  0  0  0  0  0  0  0  0  0  0  0  0  0  0  0  0  0 0 0 0 
1441324037  0  0  5199  0  0  0  0  0  0  4939  0  0  0  0  0  0  0  0  0  0  0  0  0  0  0  0  0  0  0  0  0  0 0 0 0 
1441324037  0  0  5200  0  0  0  0  0  0  4939  0  0  0  0  0  0  0  0  0  0  0  0  0  0  0  0  0  0  0  0  0  0 0 0 0 
1441324038  0  0  5201  0  0  0  0  0  0  4939  0  0  0  0  0  0  0  0  0  0  0  0  0  0  0  0  0  0  0  0  0  0 0 0 0 
1441324038  0  0  5201  0  0  0  0  0  0  4939  0  0  0  0  0  0  0  0  0  0  0  0  0  0  0  0  0  0  0  0  0  0 0 0 0 
1441324039  0  0  5202  0  0  0  0  0  0  4939  0  0  0  0  0  0  0  0  0  0  0  0  0  0  0  0  0  0  0  0  0  0 0 0 0 
1441324039  0  0  5203  0  0  0  0  0  0  4939  0  0  0  0  0  0  0  0  0  0  0  0  0  0  0  0  0  0  0  0  0  0 0 0 0 
1441324040  0  0  5204  0  0  0  0  0  0  4939  0  0  0  0  0  0  0  0  0  0  0  0  0  0  0  0  0  0  0  0  0  0 0 0 0 
1441324040  0  0  5205  0  0  0  0  0  0  4939  0  0  0  0  0  0  0  0  0  0  0  0  0  0  0  0  0  0  0  0  0  0 0 0 0 
1441324041  0  0  5206  0  0  0  0  0  0  4939  0  0  0  0  0  0  0  0  0  0  0  0  0  0  0  0  0  0  0  0  0  0 0 0 0 
1441324041  0  0  5207  0  0  0  0  0  0  4939  0  0  0  0  0  0  0  0  0  0  0  0  0  0  0  0  0  0  0  0  0  0 0 0 0 
1441324042  0  0  5207  0  0  0  0  0  0  4939  0  0  0  0  0  0  0  0  0  0  0  0  0  0  0  0  0  0  0  0  0  0 0 0 0 
1441324042  0  0  5208  0  0  0  0  0  0  4939  0  0  0  0  0  0  0  0  0  0  0  0  0  0  0  0  0  0  0  0  0  0 0 0 0 
1441324043  0  0  5209  0  0  0  0  0  0  4939  0  0  0  0  0  0  0  0  0  0  0  0  0  0  0  0  0  0  0  0  0  0 0 0 0 
1441324043  0  0  5210  0  0  0  0  0  0  4939  0  0  0  0  0  0  0  0  0  0  0  0  0  0  0  0  0  0  0  0  0  0 0 0 0 
1441324044  0  0  5211  0  0  0  0  0  0  4939  0  0  0  0  0  0  0  0  0  0  0  0  0  0  0  0  0  0  0  0  0  0 0 0 0 
1441324044  0  0  5212  0  0  0  0  0  0  4939  0  0  0  0  0  0  0  0  0  0  0  0  0  0  0  0  0  0  0  0  0  0 0 0 0 
1441324045  0  0  5213  0  0  0  0  0  0  4939  0  0  0  0  0  0  0  0  0  0  0  0  0  0  0  0  0  0  0  0  0  0 0 0 0 
1441324045  0  0  5213  0  0  0  0  0  0  4939  0  0  0  0  0  0  0  0  0  0  0  0  0  0  0  0  0  0  0  0  0  0 0 0 0 
1441324046  0  0  5214  0  0  0  0  0  0  4939  0  0  0  0  0  0  0  0  0  0  0  0  0  0  0  0  0  0  0  0  0  0 0 0 0 
1441324046  0  0  5215  0  0  0  0  0  0  4939  0  0  0  0  0  0  0  0  0  0  0  0  0  0  0  0  0  0  0  0  0  0 0 0 0 
1441324047  0  0  5216  0  0  0  0  0  0  4939  0  0  0  0  0  0  0  0  0  0  0  0  0  0  0  0  0  0  0  0  0  0 0 0 0 
1441324047  0  0  5217  0  0  0  0  0  0  4939  0  0  0  0  0  0  0  0  0  0  0  0  0  0  0  0  0  0  0  0  0  0 0 0 0 
1441324048  0  0  5218  0  0  0  0  0  0  4939  0  0  0  0  0  0  0  0  0  0  0  0  0  0  0  0  0  0  0  0  0  0 0 0 0 
1441324048  0  0  5219  0  0  0  0  0  0  4939  0  0  0  0  0  0  0  0  0  0  0  0  0  0  0  0  0  0  0  0  0  0 0 0 0 
1441324049  0  0  5219  0  0  0  0  0  0  4939  0  0  0  0  0  0  0  0  0  0  0  0  0  0  0  0  0  0  0  0  0  0 0 0 0 
1441324049  0  0  5220  0  0  0  0  0  0  4939  0  0  0  0  0  0  0  0  0  0  0  0  0  0  0  0  0  0  0  0  0  0 0 0 0 
1441324050  0  0  5221  0  0  0  0  0  0  4939  0  0  0  0  0  0  0  0  0  0  0  0  0  0  0  0  0  0  0  0  0  0 0 0 0 
1441324050  0  0  5222  0  0  0  0  0  0  4939  0  0  0  0  0  0  0  0  0  0  0  0  0  0  0  0  0  0  0  0  0  0 0 0 0 
1441324051  0  0  5223  0  0  0  0  0  0  4939  0  0  0  0  0  0  0  0  0  0  0  0  0  0  0  0  0  0  0  0  0  0 0 0 0 
1441324051  0  0  5224  0  0  0  0  0  0  4939  0  0  0  0  0  0  0  0  0  0  0  0  0  0  0  0  0  0  0  0  0  0 0 0 0 
1441324052  0  0  5225  0  0  0  0  0  0  4939  0  0  0  0  0  0  0  0  0  0  0  0  0  0  0  0  0  0  0  0  0  0 0 0 0 
1441324052  0  0  5226  0  0  0  0  0  0  4939  0  0  0  0  0  0  0  0  0  0  0  0  0  0  0  0  0  0  0  0  0  0 0 0 0 
1441324053  0  0  5226  0  0  0  0  0  0  4939  0  0  0  0  0  0  0  0  0  0  0  0  0  0  0  0  0  0  0  0  0  0 0 0 0 
1441324053  0  0  5227  0  0  0  0  0  0  4939  0  0  0  0  0  0  0  0  0  0  0  0  0  0  0  0  0  0  0  0  0  0 0 0 0 
1441324054  0  0  5228  0  0  0  0  0  0  4939  0  0  0  0  0  0  0  0  0  0  0  0  0  0  0  0  0  0  0  0  0  0 0 0 0 
1441324054  0  0  5229  0  0  0  0  0  0  4939  0  0  0  0  0  0  0  0  0  0  0  0  0  0  0  0  0  0  0  0  0  0 0 0 0 
1441324055  0  0  5230  0  0  0  0  0  0  4939  0  0  0  0  0  0  0  0  0  0  0  0  0  0  0  0  0  0  0  0  0  0 0 0 0 
1441324055  0  0  5231  0  0  0  0  0  0  4939  0  0  0  0  0  0  0  0  0  0  0  0  0  0  0  0  0  0  0  0  0  0 0 0 0 
1441324056  0  0  5232  0  0  0  0  0  0  4939  0  0  0  0  0  0  0  0  0  0  0  0  0  0  0  0  0  0  0  0  0  0 0 0 0 
1441324057  0  0  5233  0  0  0  0  0  0  4939  0  0  0  0  0  0  0  0  0  0  0  0  0  0  0  0  0  0  0  0  0  0 0 0 0 
1441324057  0  0  5233  0  0  0  0  0  0  4939  0  0  0  0  0  0  0  0  0  0  0  0  0  0  0  0  0  0  0  0  0  0 0 0 0 
1441324058  0  0  5234  0  0  0  0  0  0  4939  0  0  0  0  0  0  0  0  0  0  0  0  0  0  0  0  0  0  0  0  0  0 0 0 0 
1441324058  0  0  5235  0  0  0  0  0  0  4939  0  0  0  0  0  0  0  0  0  0  0  0  0  0  0  0  0  0  0  0  0  0 0 0 0 
1441324059  0  0  5236  0  0  0  0  0  0  4939  0  0  0  0  0  0  0  0  0  0  0  0  0  0  0  0  0  0  0  0  0  0 0 0 0 
1441324059  0  0  5237  0  0  0  0  0  0  4939  0  0  0  0  0  0  0  0  0  0  0  0  0  0  0  0  0  0  0  0  0  0 0 0 0 
1441324060  0  0  5238  0  0  0  0  0  0  4939  0  0  0  0  0  0  0  0  0  0  0  0  0  0  0  0  0  0  0  0  0  0 0 0 0 
1441324060  0  0  5239  0  0  0  0  0  0  4939  0  0  0  0  0  0  0  0  0  0  0  0  0  0  0  0  0  0  0  0  0  0 0 0 0 
1441324061  0  0  5239  0  0  0  0  0  0  4939  0  0  0  0  0  0  0  0  0  0  0  0  0  0  0  0  0  0  0  0  0  0 0 0 0 
1441324061  0  0  5240  0  0  0  0  0  0  4939  0  0  0  0  0  0  0  0  0  0  0  0  0  0  0  0  0  0  0  0  0  0 0 0 0 
1441324062  0  0  5243  0  0  0  0  0  0  4940  0  0  0  0  0  0  0  0  0  0  0  0  0  0  0  0  0  0  0  0  0  0 0 0 0 
1441324062  0  0  5244  0  0  0  0  0  0  4940  0  0  0  0  0  0  0  0  0  0  0  0  0  0  0  0  0  0  0  0  0  0 0 0 0 
1441324063  0  0  5245  0  0  0  0  0  0  4940  0  0  0  0  0  0  0  0  0  0  0  0  0  0  0  0  0  0  0  0  0  0 0 0 0 
1441324063  0  0  5246  0  0  0  0  0  0  4940  0  0  0  0  0  0  0  0  0  0  0  0  0  0  0  0  0  0  0  0  0  0 0 0 0 
1441324064  0  0  5247  0  0  0  0  0  0  4940  0  0  0  0  0  0  0  0  0  0  0  0  0  0  0  0  0  0  0  0  0  0 0 0 0 
1441324064  0  0  5248  0  0  0  0  0  0  4940  0  0  0  0  0  0  0  0  0  0  0  0  0  0  0  0  0  0  0  0  0  0 0 0 0 
1441324065  0  0  5248  0  0  0  0  0  0  4940  0  0  0  0  0  0  0  0  0  0  0  0  0  0  0  0  0  0  0  0  0  0 0 0 0 
1441324065  0  0  5249  0  0  0  0  0  0  4940  0  0  0  0  0  0  0  0  0  0  0  0  0  0  0  0  0  0  0  0  0  0 0 0 0 
1441324066  0  0  5250  0  0  0  0  0  0  4940  0  0  0  0  0  0  0  0  0  0  0  0  0  0  0  0  0  0  0  0  0  0 0 0 0 
1441324066  0  0  5251  0  0  0  0  0  0  4940  0  0  0  0  0  0  0  0  0  0  0  0  0  0  0  0  0  0  0  0  0  0 0 0 0 
1441324067  0  0  5252  0  0  0  0  0  0  4940  0  0  0  0  0  0  0  0  0  0  0  0  0  0  0  0  0  0  0  0  0  0 0 0 0 
1441324067  0  0  5253  0  0  0  0  0  0  4940  0  0  0  0  0  0  0  0  0  0  0  0  0  0  0  0  0  0  0  0  0  0 0 0 0 
1441324068  0  0  5254  0  0  0  0  0  0  4940  0  0  0  0  0  0  0  0  0  0  0  0  0  0  0  0  0  0  0  0  0  0 0 0 0 
1441324068  0  0  5254  0  0  0  0  0  0  4940  0  0  0  0  0  0  0  0  0  0  0  0  0  0  0  0  0  0  0  0  0  0 0 0 0 
1441324069  0  0  5255  0  0  0  0  0  0  4940  0  0  0  0  0  0  0  0  0  0  0  0  0  0  0  0  0  0  0  0  0  0 0 0 0 
1441324069  0  0  5256  0  0  0  0  0  0  4940  0  0  0  0  0  0  0  0  0  0  0  0  0  0  0  0  0  0  0  0  0  0 0 0 0 
1441324070  0  0  5257  0  0  0  0  0  0  4940  0  0  0  0  0  0  0  0  0  0  0  0  0  0  0  0  0  0  0  0  0  0 0 0 0 
1441324070  0  0  5258  0  0  0  0  0  0  4940  0  0  0  0  0  0  0  0  0  0  0  0  0  0  0  0  0  0  0  0  0  0 0 0 0 
1441324071  0  0  5259  0  0  0  0  0  0  4940  0  0  0  0  0  0  0  0  0  0  0  0  0  0  0  0  0  0  0  0  0  0 0 0 0 
1441324071  0  94  6579  94  0  0  1117  0  0  5023  1117  0  3  0  3  119  0  119  0  0  1117  0  0  0  1117  0  0  0  1117  0  1117  0.0  100.0  0 0 
1441324072  0  94  6579  94  0  0  1117  0  0  5023  1117  0  3  0  3  119  0  119  0  0  1117  0  0  0  1117  0  0  0  1117  0  0  0.0  100.0  0 0 
1441324072  0  236  9659  181  0  0  2629  0  0  5028  3440  0  6  353  13  361  0  197  0  0  3440  5  0  0  2629  0  0  0  3440  0  2323  0.0  100.0  0 0 
1441324073  0  236  9660  181  0  0  2629  0  0  5028  3440  0  6  353  13  361  0  197  0  0  3440  5  0  0  2629  0  0  0  3440  0  0  0.0  100.0  0 0 
1441324073  0  236  9661  181  0  0  2629  0  0  5028  3440  0  6  353  13  361  0  197  0  0  3440  5  0  0  2629  0  0  0  3440  0  0  0.0  100.0  0 0 
1441324074  0  236  9662  181  0  0  2629  0  0  5028  3440  0  6  353  13  361  0  197  0  0  3440  5  0  0  2629  0  0  0  3440  0  0  0.0  100.0  0 0 
1441324074  0  236  9663  181  0  0  2629  0  0  5028  3440  0  6  353  13  361  0  197  0  0  3440  5  0  0  2629  0  0  0  3440  0  0  0.0  100.0  0 0 
1441324075  0  236  9664  181  0  0  2629  0  0  5028  3440  0  6  353  13  361  0  197  0  0  3440  5  0  0  2629  0  0  0  3440  0  0  0.0  100.0  0 0 
1441324076  0  236  9665  181  0  0  2629  0  0  5028  3440  0  6  353  13  361  0  197  0  0  3440  5  0  0  2629  0  0  0  3440  0  0  0.0  100.0  0 0 
1441324076  0  236  9665  181  0  0  2629  0  0  5028  3440  0  6  353  13  361  0  197  0  0  3440  5  0  0  2629  0  0  0  3440  0  0  0.0  100.0  0 0 
1441324077  0  236  9666  181  0  0  2629  0  0  5028  3440  0  6  353  13  361  0  197  0  0  3440  5  0  0  2629  0  0  0  3440  0  0  0.0  100.0  0 0 
1441324077  0  236  9667  181  0  0  2629  0  0  5028  3440  0  6  353  13  361  0  197  0  0  3440  5  0  0  2629  0  0  0  3440  0  0  0.0  100.0  0 0 
1441324078  0  236  21238  211  0  0  3038  0  0  5040  3440  0  25  179  25  361  0  234  0  0  3440  17  0  0  3038  0  0  0  3849  0  409  0.0  100.0  0 0 
1441324078  0  236  26549  211  0  0  3038  0  0  5040  3440  0  25  179  25  361  0  234  0  0  3440  17  0  0  3038  0  0  0  3849  0  0  0.0  100.0  0 0 
1441324079  0  236  36013  211  0  0  3038  0  0  5040  3440  0  25  179  25  361  0  234  0  0  3440  17  0  0  3038  0  0  0  3849  0  0  0.0  100.0  0 0 
1441324079  0  236  36013  211  0  0  3038  0  0  5040  3440  0  25  179  25  361  0  234  0  0  3440  17  0  0  3038  0  0  0  3849  0  0  0.0  100.0  0 0 
1441324080  0  236  45037  211  0  0  3038  0  0  5040  3440  0  25  179  25  361  0  234  0  0  3440  17  0  0  3038  0  0  0  3849  0  0  0.0  100.0  0 0 
1441324080  0  236  53878  211  0  0  3038  0  0  5040  3440  0  25  179  25  361  0  234  0  0  3440  17  0  0  3038  0  0  0  3849  0  0  0.0  100.0  0 0 
1441324081  0  236  60037  211  0  0  3038  0  0  5040  3440  0  25  179  25  361  0  234  0  0  3440  17  0  0  3038  0  0  0  3849  0  0  0.0  100.0  0 0 
1441324081  0  236  70329  211  0  0  3038  0  0  5040  3440  0  25  179  25  361  0  234  0  0  3440  17  0  0  3038  0  0  0  3849  0  0  0.0  100.0  0 0 
1441324082  0  236  70329  211  0  0  3038  0  0  5040  3440  0  25  179  25  361  0  234  0  0  3440  17  0  0  3038  0  0  0  3849  0  0  0.0  100.0  0 0 
1441324082  0  236  79633  211  0  0  3038  0  0  5040  3440  0  25  179  25  361  0  234  0  0  3440  17  0  0  3038  0  0  0  3849  0  0  0.0  100.0  0 0 
1441324083  0  236  107435  210  0  0  3705  0  0  5041  3705  0  30  0  30  361  0  231  0  0  3705  18  0  0  3705  0  0  0  4597  0  748  0.0  100.0  0 0 
1441324083  0  236  107452  210  0  0  3689  0  0  5041  3705  0  30  10  30  361  0  231  0  0  3705  18  0  0  3689  0  0  0  4597  0  0  0.0  100.0  0 0 
1441324084  0  236  123083  210  0  0  3689  0  0  5041  3705  0  30  10  30  361  0  231  0  0  3705  18  0  0  3689  0  0  0  4597  0  0  0.0  100.0  0 0 
1441324084  0  236  130780  209  0  0  3687  0  0  5041  3705  0  30  11  30  361  0  230  0  0  3705  18  0  0  3687  0  0  0  4597  0  0  0.0  100.0  0 0 
1441324085  0  236  137824  217  0  0  3818  0  0  5041  3818  0  161  0  161  361  0  234  0  0  3818  18  0  0  3818  0  0  0  4728  0  131  0.0  100.0  0 0 
1441324085  0  236  137824  217  0  0  3818  0  0  5041  3818  0  161  0  161  361  0  234  0  0  3818  18  0  0  3818  0  0  0  4728  0  0  0.0  100.0  0 0 
1441324086  0  236  145768  226  0  0  3955  0  0  5041  3955  0  298  0  298  361  0  236  0  0  3955  18  0  0  3955  0  0  0  4865  0  137  0.0  100.0  0 0 
1441324086  0  236  151859  232  0  0  4089  0  0  5041  4089  0  432  0  432  361  0  237  0  0  4089  18  0  0  4089  0  0  0  4999  0  134  0.0  100.0  0 0 
1441324087  0  253  159920  253  0  0  4468  0  0  5041  4468  0  792  0  792  361  0  239  0  0  4468  18  0  0  4468  0  0  0  5403  0  404  0.0  100.0  0 0 
1441324087  0  264  168517  264  0  0  4660  0  0  5041  4660  0  984  0  984  361  0  240  0  0  4660  18  0  0  4660  0  0  0  5595  0  192  0.0  100.0  0 0 
1441324088  0  273  175183  273  0  0  4886  0  0  5041  4886  0  1210  0  1210  361  0  240  0  0  4886  18  0  0  4886  0  0  0  5821  0  226  0.0  100.0  0 0 
1441324088  0  283  182503  283  0  0  5014  0  0  5041  5014  0  1337  0  1337  361  0  240  0  0  5014  18  0  0  5014  0  0  0  5949  0  128  0.0  100.0  0 0 
1441324089  0  283  182503  283  0  0  5014  0  0  5041  5014  0  1337  0  1337  361  0  240  0  0  5014  18  0  0  5014  0  0  0  5949  0  0  0.0  100.0  0 0 
1441324089  0  302  190618  302  0  0  5283  0  0  5042  5283  0  1467  0  1467  361  0  246  0  0  5283  19  0  0  5283  0  0  0  6218  0  269  0.0  100.0  0 0 
1441324090  0  306  198934  306  0  0  5414  0  0  5042  5414  0  1598  0  1598  361  0  246  0  0  5414  19  0  0  5414  0  0  0  6349  0  131  0.0  100.0  0 0 
1441324090  0  334  209320  334  0  0  5938  0  0  5042  5938  0  2108  0  2108  361  0  250  0  0  5938  19  0  0  5938  0  0  0  6873  0  524  0.0  100.0  0 0 
1441324091  0  365  217971  365  0  0  7697  0  0  5042  7697  0  3867  0  3867  361  0  250  0  0  7697  19  0  0  7697  0  0  0  8632  0  1759  0.0  100.0  0 0 
1441324092  0  420  227475  420  0  0  10460  0  0  5042  10460  0  6528  0  6528  361  0  253  0  0  10460  19  0  0  10460  0  0  0  11395  0  2763  0.0  100.0  0 0 
1441324092  0  470  234687  470  0  0  13472  0  0  5042  13472  0  9407  0  9407  361  0  253  0  0  13472  19  0  0  13472  0  0  0  14407  0  3012  0.0  100.0  0 0 
1441324093  0  540  241669  540  0  0  18222  0  0  5043  18222  0  14156  0  14156  361  0  253  0  0  18222  20  0  0  18222  0  0  0  19157  0  4750  0.0  100.0  0 0 
1441324093  0  575  247225  575  0  0  20966  0  0  5043  20966  0  16886  0  16886  361  0  252  0  0  20966  20  0  0  20966  0  0  0  22155  0  2998  0.0  100.0  0 0 
1441324094  0  590  272457  453  0  0  12348  0  0  5043  21707  0  7893  9692  17530  361  0  251  0  0  21707  20  0  0  12348  0  0  0  27191  0  5036  0.0  100.0  0 0 
1441324094  0  590  279624  493  0  0  15282  0  0  5043  21707  0  10929  6656  17530  361  0  251  0  0  21707  20  0  0  15282  0  0  0  30367  0  3176  0.0  100.0  0 0 
1441324095  0  590  287546  511  0  0  16188  0  0  5043  21707  0  11749  5837  17530  361  0  253  0  0  21707  20  0  0  16188  0  0  0  32160  0  1793  0.0  100.0  0 0 
1441324095  0  590  287546  511  0  0  16188  0  0  5043  21707  0  11749  5837  17530  361  0  253  0  0  21707  20  0  0  16188  0  0  0  32160  0  0  0.0  100.0  0 0 
1441324096  0  590  293550  543  0  0  17570  0  0  5043  21707  0  13043  4543  17530  361  0  256  0  0  21707  20  0  0  17570  0  0  0  33542  0  1382  0.0  100.0  0 0 
1441324096  0  590  299728  572  0  0  19042  0  0  5043  21707  0  14479  3107  17530  361  0  257  0  0  21707  20  0  0  19042  0  0  0  35014  0  1472  0.0  100.0  0 0 
1441324097  0  594  307045  594  0  0  19100  0  0  5043  21707  0  14303  3283  17530  361  0  258  0  0  21707  20  0  0  19100  0  0  0  36475  0  1461  0.0  100.0  0 0 
1441324097  0  624  313570  624  0  0  20230  0  0  5043  21707  0  15253  2311  17530  361  0  258  0  0  21707  20  0  0  20230  0  0  0  37605  0  1130  0.0  100.0  0 0 
1441324098  0  627  319592  627  0  0  20435  0  0  5043  21707  0  15458  2100  17530  361  0  258  0  0  21707  20  0  0  20435  0  0  0  37810  0  205  0.0  100.0  0 0 
1441324098  0  665  327396  655  0  0  22023  0  0  5043  22628  0  16952  671  17623  361  0  257  0  0  22628  20  0  0  22023  0  0  0  41972  0  4162  0.0  100.0  0 0 
1441324099  0  665  327396  655  0  0  22023  0  0  5043  22628  0  16952  671  17623  361  0  257  0  0  22628  20  0  0  22023  0  0  0  41972  0  0  0.0  100.0  0 0 
1441324099  0  721  335953  721  0  0  25361  0  0  5043  25361  0  20142  0  20142  361  0  260  0  0  25361  20  0  0  25361  0  0  0  45310  0  3338  0.0  100.0  0 0 
1441324100  0  773  348340  748  0  0  26065  0  0  5043  28404  0  20481  2657  23138  361  0  260  0  0  28404  20  0  0  26065  0  0  0  49375  0  4065  0.0  100.0  0 0 
1441324100  0  773  358983  706  0  0  26407  0  0  5043  28404  0  21181  1960  23138  361  0  259  0  0  28404  20  0  0  26407  0  0  0  51231  0  1856  0.0  100.0  0 0 
1441324101  0  773  366241  734  0  0  28416  0  0  5043  28416  0  22791  350  23138  361  0  259  0  0  28416  20  0  0  28416  0  0  0  53240  0  2009  0.0  100.0  0 0 
1441324101  0  801  376134  801  0  0  32885  0  0  5043  32885  0  25376  0  25376  361  0  261  0  0  32885  20  0  0  32885  0  0  0  57709  0  4469  0.0  100.0  0 0 
1441324102  0  860  384800  860  0  0  37264  0  0  5043  37264  0  27667  0  27667  361  0  262  0  0  37264  20  0  0  37264  0  0  0  62088  0  4379  0.0  100.0  0 0 
1441324102  0  860  384800  860  0  0  37264  0  0  5043  37264  0  27667  0  27667  361  0  262  0  0  37264  20  0  0  37264  0  0  0  62088  0  0  0.0  100.0  0 0 
1441324103  0  884  390470  884  0  0  38750  0  0  5043  38750  0  28355  0  28355  361  0  262  0  0  38750  20  0  0  38750  0  0  0  63574  0  1486  0.0  100.0  0 0 
1441324103  0  915  405660  873  0  0  38250  0  0  5043  40389  0  25975  3201  29176  361  0  261  0  0  40389  20  0  0  38250  0  0  0  67334  0  3760  0.0  100.0  0 0 
1441324104  0  950  414248  950  0  0  43271  0  0  5043  43271  0  29844  0  29844  361  0  264  0  0  43271  20  0  0  43271  0  0  0  72355  0  5021  0.0  100.0  0 0 
1441324104  0  966  424921  932  0  0  41584  0  0  5043  44254  0  27901  2931  30826  361  0  261  0  0  44254  20  0  0  41584  0  0  0  76560  0  4205  0.0  100.0  0 0 
1441324105  0  966  432457  908  0  0  41026  0  0  5043  44254  0  27317  3519  30826  361  0  259  0  0  44254  20  0  0  41026  0  0  0  77353  0  793  0.0  100.0  0 0 
1441324105  0  966  438096  909  0  0  42211  0  0  5043  44254  0  28259  2579  30826  361  0  258  0  0  44254  20  0  0  42211  0  0  0  78780  0  1427  0.0  100.0  0 0 
1441324106  0  966  438096  909  0  0  42211  0  0  5043  44254  0  28259  2579  30826  361  0  258  0  0  44254  20  0  0  42211  0  0  0  78780  0  0  0.0  100.0  0 0 
1441324106  0  966  449051  916  0  0  42579  0  0  5043  44254  0  29994  855  30826  361  0  259  0  0  44254  20  0  0  42579  0  0  0  81708  0  2928  0.0  100.0  0 0 
1441324107  0  966  455837  948  0  0  43804  0  0  5043  44254  0  30725  124  30826  361  0  260  0  0  44254  20  0  0  43804  0  0  0  82933  0  1225  0.0  100.0  0 0 
1441324107  0  996  462066  995  0  0  46714  0  0  5043  46736  0  32960  0  32960  361  0  262  0  0  46736  20  0  0  46714  0  0  0  85865  0  2932  0.0  100.0  0 0 
1441324108  0  1030  470597  1030  0  0  49076  0  0  5043  49076  0  34918  0  34918  361  0  262  0  0  49076  20  0  0  49076  0  0  0  88227  0  2362  0.0  100.0  0 0 
1441324109  0  1139  488938  1129  0  0  50532  0  0  5043  50532  0  35059  471  35562  361  0  263  0  0  50532  20  0  0  50532  0  0  0  95535  0  7308  0.0  100.0  0 0 
1441324109  0  1184  498740  1184  0  0  54876  0  0  5043  54876  0  37590  0  37590  361  0  264  0  0  54876  20  0  0  54876  0  0  0  99880  0  4345  0.0  100.0  0 0 
1441324110  0  1221  506370  1221  0  0  57411  0  0  5043  57411  0  38736  0  38736  361  0  267  0  0  57411  20  0  0  57411  0  0  0  102415  0  2535  0.0  100.0  0 0 
1441324110  0  1221  506370  1221  0  0  57411  0  0  5043  57411  0  38736  0  38736  361  0  267  0  0  57411  20  0  0  57411  0  0  0  102415  0  0  0.0  100.0  0 0 
1441324111  0  1231  525443  1145  0  0  53889  0  0  5043  58195  0  34310  4914  39191  361  0  266  0  0  58195  20  0  0  53889  0  0  0  106846  0  4431  0.0  100.0  0 0 
1441324111  0  1231  533332  1171  0  0  55491  0  0  5043  58195  0  35275  3949  39191  361  0  266  0  0  58195  20  0  0  55491  0  0  0  108448  0  1602  0.0  100.0  0 0 
1441324112  0  1231  540688  1206  0  0  57878  0  0  5043  58195  0  36327  2844  39191  361  0  267  0  0  58195  20  0  0  57878  0  0  0  111463  0  3015  0.0  100.0  0 0 
1441324112  0  1256  550507  1256  0  0  62947  0  0  5043  62947  0  40917  0  40917  361  0  268  0  0  62947  20  0  0  62947  0  0  0  117300  0  5837  0.0  100.0  0 0 
1441324113  0  1280  558126  1280  0  0  64110  0  0  5043  64110  0  41862  0  41863  361  0  267  0  0  64110  20  0  0  64110  0  0  0  119350  0  2050  0.0  100.0  0 0 
1441324113  0  1304  564079  1304  0  0  65528  0  0  5043  65528  0  42567  0  42567  361  0  268  0  0  65528  20  0  0  65528  0  0  0  120768  0  1418  0.0  100.0  0 0 
1441324114  0  1308  570694  1153  0  0  55869  0  0  5043  65811  0  39052  3841  42855  361  0  267  0  0  65811  20  0  0  55869  0  0  0  123142  0  2374  0.0  100.0  0 0 
1441324114  0  1308  570694  1153  0  0  55869  0  0  5043  65811  0  39052  3841  42855  361  0  267  0  0  65811  20  0  0  55869  0  0  0  123142  0  0  0.0  100.0  0 0 
1441324115  0  1308  577695  1185  0  0  57794  0  0  5043  65811  0  39917  2976  42855  361  0  268  0  0  65811  20  0  0  57794  0  0  0  125067  0  1925  0.0  100.0  0 0 
1441324115  0  1308  603755  1170  0  0  57137  0  0  5043  65811  0  39023  3882  42855  361  0  268  0  0  65811  20  0  0  57137  0  0  0  133466  0  8399  0.0  100.0  0 0 
1441324116  0  1308  620999  997  0  0  47463  0  0  5044  65811  0  33423  9612  42855  361  0  265  0  0  65811  21  0  0  47463  0  0  0  137077  0  3611  0.0  100.0  0 0 
1441324116  0  1308  624676  1009  0  0  48281  0  0  5044  65811  0  34203  8832  42855  361  0  265  0  0  65811  21  0  0  48281  0  0  0  137895  0  818  0.0  100.0  0 0 
1441324117  0  1308  632049  1001  0  0  47011  0  0  5044  65811  0  32618  10430  42855  361  0  268  0  0  65811  21  0  0  47011  0  0  0  140188  0  2293  0.0  100.0  0 0 
1441324117  0  1308  632049  1001  0  0  47011  0  0  5044  65811  0  32618  10430  42855  361  0  268  0  0  65811  21  0  0  47011  0  0  0  140188  0  0  0.0  100.0  0 0 
1441324118  0  1308  637463  1035  0  0  48850  0  0  5044  65811  0  33926  9122  42855  361  0  268  0  0  65811  21  0  0  48850  0  0  0  142035  0  1847  0.0  100.0  0 0 
1441324118  0  1308  644243  1084  0  0  51846  0  0  5044  65811  0  36078  6970  42855  361  0  269  0  0  65811  21  0  0  51846  0  0  0  145031  0  2996  0.0  100.0  0 0 
1441324119  0  1308  648787  1104  0  0  53367  0  0  5044  65811  0  37092  5956  42855  361  0  269  0  0  65811  21  0  0  53367  0  0  0  146552  0  1521  0.0  100.0  0 0 
1441324119  0  1308  656792  1158  0  0  56430  0  0  5044  65811  0  38542  4506  42855  361  0  269  0  0  65811  21  0  0  56430  0  0  0  149652  0  3100  0.0  100.0  0 0 
1441324120  0  1308  674232  1206  0  0  59162  0  0  5044  65811  0  39997  2985  42855  361  0  270  0  0  65811  21  0  0  59162  0  0  0  157778  0  8126  0.0  100.0  0 0 
1441324120  0  1308  682984  1263  0  0  63267  0  0  5044  65811  0  42007  831  42855  361  0  269  0  0  65811  21  0  0  63267  0  0  0  163515  0  5737  0.0  100.0  0 0 
1441324121  0  1308  682984  1263  0  0  63267  0  0  5044  65811  0  42007  831  42855  361  0  269  0  0  65811  21  0  0  63267  0  0  0  163515  0  0  0.0  100.0  0 0 
1441324121  0  1308  697807  1256  0  0  63005  0  0  5044  65811  0  39806  2957  42855  361  0  269  0  0  65811  21  0  0  63005  0  0  0  167042  0  3527  0.0  100.0  0 0 
1441324122  0  1308  704114  1280  0  0  65150  0  0  5044  65811  0  41024  1719  42855  361  0  269  0  0  65811  21  0  0  65150  0  0  0  169187  0  2145  0.0  100.0  0 0 
1441324122  0  1308  717081  1237  0  0  63077  0  0  5044  66782  0  43371  1  43371  361  0  268  0  0  66782  21  0  0  63077  0  0  0  172433  0  3246  0.0  100.0  0 0 
1441324123  0  1308  739171  1139  0  0  55972  0  0  5044  66782  0  40427  3862  44278  361  0  267  0  0  66782  21  0  0  55972  0  0  0  176305  0  3872  0.0  100.0  0 0 
1441324123  0  1308  745894  1196  0  0  59765  0  0  5044  66782  0  44110  179  44278  361  0  269  0  0  66782  21  0  0  59765  0  0  0  180098  0  3793  0.0  100.0  0 0 
1441324124  0  1308  745894  1196  0  0  59765  0  0  5044  66782  0  44110  179  44278  361  0  269  0  0  66782  21  0  0  59765  0  0  0  180098  0  0  0.0  100.0  0 0 
1441324124  0  1308  750263  1204  0  0  60249  0  0  5044  66782  0  44423  56  44479  361  0  269  0  0  66782  21  0  0  60249  0  0  0  180845  0  747  0.0  100.0  0 0 
1441324125  0  1308  760799  1219  0  0  60998  0  0  5045  66782  0  45886  7  45889  361  0  270  0  0  66782  22  0  0  60998  0  0  0  182622  0  1777  0.0  100.0  0 0 
1441324125  0  1308  770959  1246  0  0  61862  0  0  5045  66782  0  46309  236  46544  361  0  270  0  0  66782  22  0  0  61862  0  0  0  184254  0  1632  0.0  100.0  0 0 
1441324126  0  1308  786053  1268  0  0  63040  0  0  5045  66782  0  47423  1424  48847  361  0  271  0  0  66782  22  0  0  63040  0  0  0  188096  0  3842  0.0  100.0  0 0 
1441324126  0  1308  800720  1271  0  0  62917  0  0  5045  66782  0  44882  3966  48847  361  0  271  0  0  66782  22  0  0  62917  0  0  0  191500  0  3404  0.0  100.0  0 0 
1441324127  0  1308  800720  1271  0  0  62917  0  0  5045  66782  0  44882  3966  48847  361  0  271  0  0  66782  22  0  0  62917  0  0  0  191500  0  0  0.0  100.0  0 0 
1441324127  0  1338  808164  1338  0  0  67471  0  0  5045  67471  0  46515  2251  48847  361  0  271  0  0  67471  22  0  0  67471  0  0  0  196054  0  4554  0.0  100.0  0 0 
1441324128  0  1352  841439  1307  0  0  65460  0  0  5045  68494  0  41126  7635  48847  361  0  270  0  0  68494  22  0  0  65460  0  0  0  206370  0  10316  0.0  100.0  0 0 
1441324128  0  1352  854590  1308  0  0  65957  0  0  5045  68494  0  39016  9747  48847  361  0  269  0  0  68494  22  0  0  65957  0  0  0  209746  0  3376  0.0  100.0  0 0 
1441324129  0  1352  874311  1305  0  0  65494  0  0  5045  68494  0  43232  5569  48847  361  0  269  0  0  68494  22  0  0  65494  0  0  0  216890  0  7144  0.0  100.0  0 0 
1441324129  0  1352  882088  1347  0  0  67450  0  0  5045  68494  0  43768  4984  48847  361  0  270  0  0  68494  22  0  0  67450  0  0  0  218846  0  1956  0.0  100.0  0 0 
1441324130  0  1356  906787  1286  0  0  63643  0  0  5045  68494  0  43730  5102  48847  361  0  268  0  0  68494  22  0  0  63643  0  0  0  229186  0  10340  0.0  100.0  0 0 
1441324130  0  1356  906787  1286  0  0  63643  0  0  5045  68494  0  43730  5102  48847  361  0  268  0  0  68494  22  0  0  63643  0  0  0  229186  0  0  0.0  100.0  0 0 
1441324131  0  1356  919007  1345  0  0  67793  0  0  5045  68494  0  46694  2047  48847  361  0  269  0  0  68494  22  0  0  67793  0  0  0  235458  0  6272  0.0  100.0  0 0 
1441324131  0  1356  925887  1345  0  0  68114  0  0  5045  68771  0  47760  956  48847  361  0  267  0  0  68771  22  0  0  68114  0  0  0  237890  0  2432  0.0  100.0  0 0 
1441324132  0  1369  938486  1343  0  0  67573  0  0  5045  69394  0  46643  2390  49020  361  0  268  0  0  69394  22  0  0  67573  0  0  0  239909  0  2019  0.0  100.0  0 0 
1441324132  0  1389  946622  1284  0  0  64196  0  0  5045  70301  0  40668  8367  49020  361  0  268  0  0  70301  22  0  0  64196  0  0  0  244837  0  4928  0.0  100.0  0 0 
1441324133  0  1389  965503  1312  0  0  67102  0  0  5045  70301  0  39159  9857  49020  361  0  269  0  0  70301  22  0  0  67102  0  0  0  253840  0  9003  0.0  100.0  0 0 
1441324133  0  1389  973197  1376  0  0  71071  0  0  5045  71071  0  40443  8441  49020  361  0  269  0  0  71071  22  0  0  71071  0  0  0  257809  0  3969  0.0  100.0  0 0 
1441324134  0  1389  973197  1376  0  0  71071  0  0  5045  71071  0  40443  8441  49020  361  0  269  0  0  71071  22  0  0  71071  0  0  0  257809  0  0  0.0  100.0  0 0 
1441324134  0  1395  988293  1345  0  0  69110  0  0  5045  71892  0  45687  3210  49020  361  0  269  0  0  71892  22  0  0  69110  0  0  0  263711  0  5902  0.0  100.0  0 0 
1441324135  0  1395  999143  1293  0  0  65649  0  0  5045  71892  0  46987  2001  49020  361  0  270  0  0  71892  22  0  0  65649  0  0  0  265884  0  2173  0.0  100.0  0 0 
1441324135  0  1395  1010947  1311  0  0  66300  0  0  5045  71892  0  47287  1704  49020  361  0  270  0  0  71892  22  0  0  66300  0  0  0  269677  0  3793  0.0  100.0  0 0 
1441324136  0  1395  1019059  1330  0  0  67362  0  0  5045  71892  0  47974  1017  49020  361  0  270  0  0  71892  22  0  0  67362  0  0  0  272027  0  2350  0.0  100.0  0 0 
1441324136  0  1395  1026144  1327  0  0  67250  0  0  5045  71892  0  47726  1265  49020  361  0  269  0  0  71892  22  0  0  67250  0  0  0  274039  0  2012  0.0  100.0  0 0 
1441324137  0  1395  1042912  1305  0  0  66252  0  0  5045  71892  0  43910  5825  49735  361  0  267  0  0  71892  22  0  0  66252  0  0  0  280767  0  6728  0.0  100.0  0 0 
1441324138  0  1395  1050298  1324  0  0  67601  0  0  5045  71892  0  42414  7322  49735  361  0  267  0  0  71892  22  0  0  67601  0  0  0  284127  0  3360  0.0  100.0  0 0 
1441324138  0  1395  1050298  1324  0  0  67601  0  0  5045  71892  0  42414  7322  49735  361  0  267  0  0  71892  22  0  0  67601  0  0  0  284127  0  0  0.0  100.0  0 0 
1441324139  0  1395  1058816  1309  0  0  66531  0  0  5045  71892  0  39578  10158  49735  361  0  267  0  0  71892  22  0  0  66531  0  0  0  286586  0  2459  0.0  100.0  0 0 
1441324139  0  1395  1065332  1362  0  0  69450  0  0  5045  71892  0  40318  9351  49735  361  0  269  0  0  71892  22  0  0  69450  0  0  0  289505  0  2919  0.0  100.0  0 0 
1441324140  0  1395  1071427  1337  0  0  67739  0  0  5045  71892  0  40248  9405  49735  361  0  267  0  0  71892  22  0  0  67739  0  0  0  293127  0  3622  0.0  100.0  0 0 
1441324140  0  1395  1079454  1382  0  0  70482  0  0  5045  71892  0  42875  6775  49735  361  0  268  0  0  71892  22  0  0  70482  0  0  0  295870  0  2743  0.0  100.0  0 0 
1441324141  0  1395  1092034  1167  0  0  56736  0  0  5045  71892  0  30665  18976  49735  361  0  265  0  0  71892  22  0  0  56736  0  0  0  297677  0  1807  0.0  100.0  0 0 
1441324141  0  1395  1102009  1223  0  0  59763  0  0  5045  71892  0  33618  16023  49735  361  0  268  0  0  71892  22  0  0  59763  0  0  0  300704  0  3027  0.0  100.0  0 0 
1441324142  0  1395  1102009  1223  0  0  59763  0  0  5045  71892  0  33618  16023  49735  361  0  268  0  0  71892  22  0  0  59763  0  0  0  300704  0  0  0.0  100.0  0 0 
1441324142  0  1395  1115164  1225  0  0  59812  0  0  5045  71892  0  33658  15983  49735  361  0  267  0  0  71892  22  0  0  59812  0  0  0  303692  0  2988  0.0  100.0  0 0 
1441324143  0  1395  1128849  1222  0  0  59353  0  0  5046  71892  0  33158  16493  49735  361  0  267  0  0  71892  23  0  0  59353  0  0  0  306998  0  3306  0.0  100.0  0 0 
1441324143  0  1395  1136009  1271  0  0  62382  0  0  5046  71892  0  36149  13502  49735  361  0  268  0  0  71892  23  0  0  62382  0  0  0  310027  0  3029  0.0  100.0  0 0 
1441324144  0  1395  1150700  1273  0  0  62316  0  0  5046  71892  0  36023  13628  49735  361  0  269  0  0  71892  23  0  0  62316  0  0  0  314405  0  4378  0.0  100.0  0 0 
1441324144  0  1395  1157782  1318  0  0  65727  0  0  5046  71892  0  37863  11788  49735  361  0  269  0  0  71892  23  0  0  65727  0  0  0  317816  0  3411  0.0  100.0  0 0 
1441324145  0  1395  1165919  1241  0  0  60895  0  0  5046  71892  0  32930  16721  49735  361  0  267  0  0  71892  23  0  0  60895  0  0  0  319171  0  1355  0.0  100.0  0 0 
1441324145  0  1395  1173274  1177  0  0  57696  0  0  5046  71892  0  31206  18451  49735  361  0  264  0  0  71892  23  0  0  57696  0  0  0  320500  0  1329  0.0  100.0  0 0 
1441324146  0  1395  1173274  1177  0  0  57696  0  0  5046  71892  0  31206  18451  49735  361  0  264  0  0  71892  23  0  0  57696  0  0  0  320500  0  0  0.0  100.0  0 0 
1441324146  0  1395  1188746  1193  0  0  58606  0  0  5046  71892  0  31626  18031  49735  361  0  266  0  0  71892  23  0  0  58606  0  0  0  325408  0  4908  0.0  100.0  0 0 
1441324147  0  1395  1195472  1261  0  0  62678  0  0  5046  71892  0  35441  14216  49735  361  0  267  0  0  71892  23  0  0  62678  0  0  0  329480  0  4072  0.0  100.0  0 0 
1441324147  0  1395  1204268  1287  0  0  64359  0  0  5046  71892  0  36685  12972  49735  361  0  267  0  0  71892  23  0  0  64359  0  0  0  331161  0  1681  0.0  100.0  0 0 
1441324148  0  1395  1211381  1316  0  0  66025  0  0  5046  71892  0  37798  11859  49735  361  0  269  0  0  71892  23  0  0  66025  0  0  0  332859  0  1698  0.0  100.0  0 0 
1441324148  0  1395  1229118  1172  0  0  57104  0  0  5046  71892  0  37084  12595  49735  361  0  266  0  0  71892  23  0  0  57104  0  0  0  337629  0  4770  0.0  100.0  0 0 
1441324149  0  1395  1243967  1107  0  0  52365  0  0  5046  71892  0  35051  14653  49735  361  0  264  0  0  71892  23  0  0  52365  0  0  0  341145  0  3516  0.0  100.0  0 0 
1441324149  0  1395  1243967  1107  0  0  52365  0  0  5046  71892  0  35051  14653  49735  361  0  264  0  0  71892  23  0  0  52365  0  0  0  341145  0  0  0.0  100.0  0 0 
1441324150  0  1395  1254149  1149  0  0  54840  0  0  5047  71892  0  36456  13250  49735  361  0  264  0  0  71892  24  0  0  54840  0  0  0  344922  0  3777  0.0  100.0  0 0 
1441324150  0  1395  1258046  1187  0  0  57740  0  0  5047  71892  0  39234  10472  49735  361  0  264  0  0  71892  24  0  0  57740  0  0  0  347822  0  2900  0.0  100.0  0 0 
1441324151  0  1395  1265023  1214  0  0  59601  0  0  5047  71892  0  40160  9546  49735  361  0  264  0  0  71892  24  0  0  59601  0  0  0  350707  0  2885  0.0  100.0  0 0 
1441324151  0  1395  1282867  1229  0  0  60492  0  0  5047  71892  0  38336  11373  49735  361  0  264  0  0  71892  24  0  0  60492  0  0  0  356836  0  6129  0.0  100.0  0 0 
1441324152  0  1395  1302365  1256  0  0  61691  0  0  5047  71892  0  40013  9701  49735  361  0  265  0  0  71892  24  0  0  61691  0  0  0  364317  0  7481  0.0  100.0  0 0 
1441324152  0  1395  1317720  1249  0  0  61597  0  0  5047  71892  0  36618  13098  49735  361  0  266  0  0  71892  24  0  0  61597  0  0  0  369705  0  5388  0.0  100.0  0 0 
1441324153  0  1395  1317720  1249  0  0  61597  0  0  5047  71892  0  36618  13098  49735  361  0  266  0  0  71892  24  0  0  61597  0  0  0  369705  0  0  0.0  100.0  0 0 
1441324153  0  1395  1323239  1256  0  0  62169  0  0  5047  71892  0  36685  13031  49735  361  0  266  0  0  71892  24  0  0  62169  0  0  0  370278  0  573  0.0  100.0  0 0 
1441324154  0  1395  1328202  1275  0  0  63258  0  0  5047  71892  0  37690  12026  49735  361  0  268  0  0  71892  24  0  0  63258  0  0  0  371367  0  1089  0.0  100.0  0 0 
1441324154  0  1395  1338152  1132  0  0  54049  0  0  5047  71892  0  31004  18715  49735  361  0  265  0  0  71892  24  0  0  54049  0  0  0  372142  0  775  0.0  100.0  0 0 
1441324155  0  1395  1346528  1150  0  0  54672  0  0  5047  71892  0  31172  18547  49735  361  0  267  0  0  71892  24  0  0  54672  0  0  0  372765  0  623  0.0  100.0  0 0 
1441324155  0  1395  1351875  1111  0  0  52329  0  0  5047  71892  0  31470  18311  49735  361  0  266  0  0  71892  24  0  0  52329  0  0  0  373240  0  475  0.0  100.0  0 0 
1441324156  0  1395  1370033  1153  0  0  55054  0  0  5047  71892  0  36539  13246  49735  361  0  266  0  0  71892  24  0  0  55054  0  0  0  379038  0  5798  0.0  100.0  0 0 
1441324160  0  1395  1370033  1153  0  0  55054  0  0  5047  71892  0  36539  13246  49735  361  0  266  0  0  71892  24  0  0  55054  0  0  0  379038  0  0  0.0  100.0  0 0 
1441324160  0  1395  1427815  1342  0  0  68128  0  0  5047  71892  0  49331  454  49735  361  0  269  0  0  71892  24  0  0  68128  0  0  0  401398  0  22360  0.0  100.0  0 0 
1441324161  0  1395  1427815  1342  0  0  68128  0  0  5047  71892  0  49331  454  49735  361  0  269  0  0  71892  24  0  0  68128  0  0  0  401398  0  0  0.0  100.0  0 0 
1441324161  0  1395  1434323  1203  0  0  60447  0  0  5047  71892  0  42461  7429  49888  361  0  266  0  0  71892  24  0  0  60447  0  0  0  403432  0  2034  0.0  100.0  0 0 
1441324162  0  1395  1444644  1212  0  0  60831  0  0  5047  71892  0  41401  8489  49888  361  0  266  0  0  71892  24  0  0  60831  0  0  0  406184  0  2752  0.0  100.0  0 0 
1441324162  0  1395  1451447  1235  0  0  61893  0  0  5047  71892  0  42422  7468  49888  361  0  269  0  0  71892  24  0  0  61893  0  0  0  407246  0  1062  0.0  100.0  0 0 
1441324163  0  1395  1464313  1200  0  0  59181  0  0  5047  71892  0  40953  8943  49888  361  0  269  0  0  71892  24  0  0  59181  0  0  0  409221  0  1975  0.0  100.0  0 0 
1441324163  0  1395  1475005  1186  0  0  58119  0  0  5047  71892  0  39488  10408  49888  361  0  270  0  0  71892  24  0  0  58119  0  0  0  410435  0  1214  0.0  100.0  0 0 
1441324164  0  1395  1482124  1214  0  0  59738  0  0  5047  71892  0  40491  9405  49888  361  0  271  0  0  71892  24  0  0  59738  0  0  0  412054  0  1619  0.0  100.0  0 0 
1441324164  0  1395  1482124  1214  0  0  59738  0  0  5047  71892  0  40491  9405  49888  361  0  271  0  0  71892  24  0  0  59738  0  0  0  412054  0  0  0.0  100.0  0 0 
1441324165  0  1395  1492494  1266  0  0  63068  0  0  5047  71892  0  42684  7212  49888  361  0  271  0  0  71892  24  0  0  63068  0  0  0  415404  0  3350  0.0  100.0  0 0 
1441324165  0  1395  1500139  1295  0  0  64955  0  0  5047  71892  0  42870  7026  49888  361  0  270  0  0  71892  24  0  0  64955  0  0  0  417497  0  2093  0.0  100.0  0 0 
1441324166  0  1395  1508894  1333  0  0  67078  0  0  5048  71892  0  44334  5562  49888  361  0  271  0  0  71892  25  0  0  67078  0  0  0  419620  0  2123  0.0  100.0  0 0 
1441324166  0  1395  1517465  1379  0  0  69033  0  0  5048  71892  0  46127  3703  49888  361  0  272  0  0  71892  25  0  0  69033  0  0  0  421575  0  1955  0.0  100.0  0 0 
1441324167  0  1409  1527159  1405  0  0  70463  0  0  5048  71892  0  47350  2422  49888  361  0  272  0  0  71892  25  0  0  70463  0  0  0  424029  0  2454  0.0  100.0  0 0 
1441324167  0  1438  1536649  1382  0  0  69600  0  0  5048  72859  0  46152  3556  49888  361  0  271  0  0  72859  25  0  0  69600  0  0  0  427609  0  3580  0.0  100.0  0 0 
1441324168  0  1438  1536649  1382  0  0  69600  0  0  5048  72859  0  46152  3556  49888  361  0  271  0  0  72859  25  0  0  69600  0  0  0  427609  0  0  0.0  100.0  0 0 
1441324168  0  1525  1550881  1525  0  0  71468  0  0  5048  72859  0  47863  1846  49888  361  0  273  0  0  72859  25  0  0  71468  0  0  0  432147  0  4538  0.0  100.0  0 0 
1441324169  0  1527  1559736  1523  0  0  71804  0  0  5048  72859  0  47886  1823  49888  361  0  272  0  0  72859  25  0  0  71804  0  0  0  433511  0  1364  0.0  100.0  0 0 
1441324169  0  1531  1577389  1412  0  0  67432  0  0  5048  72859  0  42297  7390  49888  361  0  269  0  0  72859  25  0  0  67432  0  0  0  437398  0  3887  0.0  100.0  0 0 
1441324170  0  1531  1596425  1373  0  0  65878  0  0  5048  72859  0  41275  8439  49888  361  0  271  0  0  72859  25  0  0  65878  0  0  0  444247  0  6849  0.0  100.0  0 0 
1441324170  0  1531  1603798  1217  0  0  57356  0  0  5048  72859  0  32767  16948  49888  361  0  269  0  0  72859  25  0  0  57356  0  0  0  445132  0  885  0.0  100.0  0 0 
1441324171  0  1531  1607395  1166  0  0  54865  0  0  5048  72859  0  30090  19625  49888  361  0  268  0  0  72859  25  0  0  54865  0  0  0  445792  0  660  0.0  100.0  0 0 
1441324171  0  1531  1607395  1166  0  0  54865  0  0  5048  72859  0  30090  19625  49888  361  0  268  0  0  72859  25  0  0  54865  0  0  0  445792  0  0  0.0  100.0  0 0 
1441324172  0  1531  1614947  1197  0  0  57623  0  0  5048  72859  0  31998  17717  49888  361  0  269  0  0  72859  25  0  0  57623  0  0  0  448551  0  2759  0.0  100.0  0 0 
1441324172  0  1531  1620714  1206  0  0  59299  0  0  5048  72859  0  33114  16601  49888  361  0  269  0  0  72859  25  0  0  59299  0  0  0  450228  0  1677  0.0  100.0  0 0 
1441324173  0  1531  1638863  1053  0  0  51705  0  0  5048  72859  0  28562  21180  49888  361  0  269  0  0  72859  25  0  0  51705  0  0  0  454927  0  4699  0.0  100.0  0 0 
1441324173  0  1531  1647414  1092  0  0  54122  0  0  5048  72859  0  30931  18811  49888  361  0  271  0  0  72859  25  0  0  54122  0  0  0  457344  0  2417  0.0  100.0  0 0 
1441324174  0  1531  1654707  1145  0  0  57547  0  0  5048  72859  0  34352  15390  49888  361  0  271  0  0  72859  25  0  0  57547  0  0  0  460769  0  3425  0.0  100.0  0 0 
1441324174  0  1531  1654707  1145  0  0  57547  0  0  5048  72859  0  34352  15390  49888  361  0  271  0  0  72859  25  0  0  57547  0  0  0  460769  0  0  0.0  100.0  0 0 
1441324175  0  1531  1665662  1185  0  0  60154  0  0  5048  72859  0  38913  10831  49888  361  0  271  0  0  72859  25  0  0  60154  0  0  0  465634  0  4865  0.0  100.0  0 0 
1441324175  0  1531  1677468  1177  0  0  59382  0  0  5048  72859  0  38459  11287  49888  361  0  269  0  0  72859  25  0  0  59382  0  0  0  469216  0  3582  0.0  100.0  0 0 
1441324176  0  1531  1686329  1195  0  0  60370  0  0  5048  72859  0  39097  10649  49888  361  0  269  0  0  72859  25  0  0  60370  0  0  0  470998  0  1782  0.0  100.0  0 0 
1441324176  0  1531  1701835  1146  0  0  57001  0  0  5048  72859  0  37546  12203  49888  361  0  269  0  0  72859  25  0  0  57001  0  0  0  472213  0  1215  0.0  100.0  0 0 
1441324177  0  1531  1708915  1189  0  0  59454  0  0  5048  72859  0  39982  9767  49888  361  0  269  0  0  72859  25  0  0  59454  0  0  0  474666  0  2453  0.0  100.0  0 0 
1441324177  0  1531  1718604  1249  0  0  63062  0  0  5048  72859  0  40531  9218  49888  361  0  270  0  0  72859  25  0  0  63062  0  0  0  479206  0  4540  0.0  100.0  0 0 
1441324178  0  1531  1718604  1249  0  0  63062  0  0  5048  72859  0  40531  9218  49888  361  0  270  0  0  72859  25  0  0  63062  0  0  0  479206  0  0  0.0  100.0  0 0 
1441324178  0  1531  1726549  1232  0  0  62037  0  0  5048  72859  0  39486  10263  49888  361  0  270  0  0  72859  25  0  0  62037  0  0  0  480485  0  1279  0.0  100.0  0 0 
1441324179  0  1531  1735760  1230  0  0  61827  0  0  5048  72859  0  39978  9814  49888  361  0  269  0  0  72859  25  0  0  61827  0  0  0  481482  0  997  0.0  100.0  0 0 
1441324179  0  1531  1744352  1277  0  0  64851  0  0  5048  72859  0  41112  8680  49888  361  0  271  0  0  72859  25  0  0  64851  0  0  0  484507  0  3025  0.0  100.0  0 0 
1441324180  0  1531  1757501  1209  0  0  60643  0  0  5048  72859  0  36441  13351  49888  361  0  270  0  0  72859  25  0  0  60643  0  0  0  489003  0  4496  0.0  100.0  0 0 
1441324180  0  1531  1778086  1124  0  0  55142  0  0  5048  72859  0  33550  16242  49888  361  0  269  0  0  72859  25  0  0  55142  0  0  0  492217  0  3214  0.0  100.0  0 0 
1441324181  0  1531  1781553  1150  0  0  56947  0  0  5048  72859  0  34940  14852  49888  361  0  269  0  0  72859  25  0  0  56947  0  0  0  494022  0  1805  0.0  100.0  0 0 
1441324181  0  1531  1781553  1150  0  0  56947  0  0  5048  72859  0  34940  14852  49888  361  0  269  0  0  72859  25  0  0  56947  0  0  0  494022  0  0  0.0  100.0  0 0 
1441324182  0  1531  1789836  1195  0  0  59393  0  0  5048  72859  0  36469  13323  49888  361  0  270  0  0  72859  25  0  0  59393  0  0  0  496468  0  2446  0.0  100.0  0 0 
1441324182  0  1531  1797269  1230  0  0  61712  0  0  5048  72859  0  38577  11215  49888  361  0  270  0  0  72859  25  0  0  61712  0  0  0  498787  0  2319  0.0  100.0  0 0 
1441324183  0  1531  1804554  1260  0  0  63848  0  0  5048  72859  0  40437  9355  49888  361  0  271  0  0  72859  25  0  0  63848  0  0  0  500923  0  2136  0.0  100.0  0 0 
1441324183  0  1531  1809625  1278  0  0  65068  0  0  5048  72859  0  40870  8922  49888  361  0  271  0  0  72859  25  0  0  65068  0  0  0  502143  0  1220  0.0  100.0  0 0 
1441324184  0  1531  1815177  1298  0  0  66342  0  0  5048  72859  0  42060  7732  49888  361  0  273  0  0  72859  25  0  0  66342  0  0  0  503417  0  1274  0.0  100.0  0 0 
1441324185  0  1531  1822413  1324  0  0  67672  0  0  5048  72859  0  43231  6561  49888  361  0  275  0  0  72859  25  0  0  67672  0  0  0  504747  0  1330  0.0  100.0  0 0 
1441324185  0  1531  1822413  1324  0  0  67672  0  0  5048  72859  0  43231  6561  49888  361  0  275  0  0  72859  25  0  0  67672  0  0  0  504747  0  0  0.0  100.0  0 0 
1441324186  0  1531  1829442  1289  0  0  65403  0  0  5048  72859  0  42965  6827  49888  361  0  275  0  0  72859  25  0  0  65403  0  0  0  507078  0  2331  0.0  100.0  0 0 
1441324186  0  1531  1845371  1303  0  0  66672  0  0  5048  72859  0  42856  6936  49888  361  0  276  0  0  72859  25  0  0  66672  0  0  0  512607  0  5529  0.0  100.0  0 0 
1441324187  0  1531  1852098  1331  0  0  68285  0  0  5048  72859  0  42385  7364  49888  361  0  276  0  0  72859  25  0  0  68285  0  0  0  514988  0  2381  0.0  100.0  0 0 
1441324187  0  1531  1859732  1350  0  0  69070  0  0  5048  72859  0  43052  6689  49888  361  0  276  0  0  72859  25  0  0  69070  0  0  0  515773  0  785  0.0  100.0  0 0 
1441324188  0  1531  1868552  1308  0  0  66256  0  0  5048  72859  0  40116  9589  49888  361  0  275  0  0  72859  25  0  0  66256  0  0  0  516749  0  976  0.0  100.0  0 0 
1441324188  0  1531  1882151  1253  0  0  62025  0  0  5048  72859  0  37070  12634  49888  361  0  273  0  0  72859  25  0  0  62025  0  0  0  518749  0  2000  0.0  100.0  0 0 
1441324189  0  1531  1882151  1253  0  0  62025  0  0  5048  72859  0  37070  12634  49888  361  0  273  0  0  72859  25  0  0  62025  0  0  0  518749  0  0  0.0  100.0  0 0 
1441324189  0  1531  1889732  1280  0  0  63320  0  0  5048  72859  0  37963  11741  49888  361  0  274  0  0  72859  25  0  0  63320  0  0  0  520045  0  1296  0.0  100.0  0 0 
1441324190  0  1531  1906431  1127  0  0  54447  0  0  5048  72859  0  29496  20221  49888  361  0  272  0  0  72859  25  0  0  54447  0  0  0  522542  0  2497  0.0  100.0  0 0 
1441324190  0  1531  1918124  1123  0  0  54736  0  0  5048  72859  0  30535  19185  49888  361  0  270  0  0  72859  25  0  0  54736  0  0  0  526880  0  4338  0.0  100.0  0 0 
1441324191  0  1531  1931657  1174  0  0  58027  0  0  5048  72859  0  35433  14291  49888  361  0  269  0  0  72859  25  0  0  58027  0  0  0  533265  0  6385  0.0  100.0  0 0 
1441324191  0  1531  1934749  1192  0  0  58950  0  0  5048  72859  0  35952  13772  49888  361  0  270  0  0  72859  25  0  0  58950  0  0  0  534188  0  923  0.0  100.0  0 0 
1441324192  0  1531  1934749  1192  0  0  58950  0  0  5048  72859  0  35952  13772  49888  361  0  270  0  0  72859  25  0  0  58950  0  0  0  534188  0  0  0.0  100.0  0 0 
1441324192  0  1531  1941999  1181  0  0  59056  0  0  5048  72859  0  35605  14124  49888  361  0  267  0  0  72859  25  0  0  59056  0  0  0  538134  0  3946  0.0  100.0  0 0 
1441324193  0  1531  1959256  1176  0  0  59459  0  0  5048  72859  0  38526  11215  49888  361  0  266  0  0  72859  25  0  0  59459  0  0  0  543980  0  5846  0.0  100.0  0 0 
1441324193  0  1531  1968628  1169  0  0  58757  0  0  5048  72859  0  38355  11395  49888  361  0  268  0  0  72859  25  0  0  58757  0  0  0  545398  0  1418  0.0  100.0  0 0 
1441324194  0  1531  1979667  1187  0  0  59675  0  0  5048  72859  0  38430  11320  49888  361  0  269  0  0  72859  25  0  0  59675  0  0  0  549164  0  3766  0.0  100.0  0 0 
1441324194  0  1531  1997211  1164  0  0  57510  0  0  5048  72859  0  34858  14894  49888  361  0  270  0  0  72859  25  0  0  57510  0  0  0  552849  0  3685  0.0  100.0  0 0 
1441324195  0  1531  1997211  1164  0  0  57510  0  0  5048  72859  0  34858  14894  49888  361  0  270  0  0  72859  25  0  0  57510  0  0  0  552849  0  0  0.0  100.0  0 0 
1441324195  0  1531  2007252  1215  0  0  59885  0  0  5048  72859  0  35308  14444  49888  361  0  274  0  0  72859  25  0  0  59885  0  0  0  555224  0  2375  0.0  100.0  0 0 
1441324196  0  1531  2017155  1256  0  0  61610  0  0  5048  72859  0  36616  13136  49888  361  0  275  0  0  72859  25  0  0  61610  0  0  0  556949  0  1725  0.0  100.0  0 0 
1441324196  0  1531  2034641  1186  0  0  55917  0  0  5048  72859  0  31809  17971  49888  361  0  274  0  0  72859  25  0  0  55917  0  0  0  560728  0  3779  0.0  100.0  0 0 
1441324197  0  1531  2042212  1355  0  0  58255  0  0  5048  72859  0  33929  15851  49888  361  0  274  0  0  72859  25  0  0  58255  0  0  0  563068  0  2340  0.0  100.0  0 0 
1441324197  0  1531  2053291  1379  0  0  60373  0  0  5048  72859  0  35182  14598  49888  361  0  274  0  0  72859  25  0  0  60373  0  0  0  565188  0  2120  0.0  100.0  0 0 
1441324198  0  1531  2065213  1408  0  0  63535  0  0  5048  72859  0  38705  11075  49888  361  0  274  0  0  72859  25  0  0  63535  0  0  0  570403  0  5215  0.0  100.0  0 0 
1441324198  0  1531  2065213  1408  0  0  63535  0  0  5048  72859  0  38705  11075  49888  361  0  274  0  0  72859  25  0  0  63535  0  0  0  570403  0  0  0.0  100.0  0 0 
1441324199  0  1531  2072128  1430  0  0  66239  0  0  5048  72859  0  41012  8751  49888  361  0  274  0  0  72859  25  0  0  66239  0  0  0  574387  0  3984  0.0  100.0  0 0 
1441324199  0  1531  2085905  1388  0  0  66969  0  0  5049  72859  0  41141  8587  49888  361  0  273  0  0  72859  26  0  0  66969  0  0  0  580265  0  5878  0.0  100.0  0 0 
1441324200  0  1531  2097482  1324  0  0  65059  0  0  5049  72859  0  37557  12171  49888  361  0  272  0  0  72859  26  0  0  65059  0  0  0  584759  0  4494  0.0  100.0  0 0 
1441324200  0  1531  2108568  1292  0  0  65108  0  0  5051  72859  0  35025  14658  49888  361  0  271  0  0  72859  28  0  0  65108  0  0  0  589290  0  4531  0.0  100.0  0 0 
1441324201  0  1531  2120256  1268  0  0  64406  0  0  5054  72859  0  33559  16124  49888  361  0  270  0  0  72859  31  0  0  64406  0  0  0  592172  0  2882  0.0  100.0  0 0 
1441324201  0  1531  2120256  1268  0  0  64406  0  0  5054  72859  0  33559  16124  49888  361  0  270  0  0  72859  31  0  0  64406  0  0  0  592172  0  0  0.0  100.0  0 0 
1441324202  0  1531  2123193  1276  0  0  65167  0  0  5054  72859  0  34091  15592  49888  361  0  270  0  0  72859  31  0  0  65167  0  0  0  592933  0  761  0.0  100.0  0 0 
1441324202  0  1531  2131262  1216  0  0  61520  0  0  5054  72859  0  30846  18852  49888  361  0  269  0  0  72859  31  0  0  61520  0  0  0  595452  0  2519  0.0  100.0  0 0 
1441324203  0  1531  2139594  1250  0  0  63321  0  0  5055  72859  0  31477  18221  49888  361  0  270  0  0  72859  32  0  0  63321  0  0  0  597521  0  2069  0.0  100.0  0 0 
1441324203  0  1531  2146078  1271  0  0  64709  0  0  5055  72859  0  32830  16871  49888  361  0  269  0  0  72859  32  0  0  64709  0  0  0  599355  0  1834  0.0  100.0  0 0 
