#Type:X;CI:5;ww:0;ca:0;co:1;fr:0;Type:X;CI:5;PI:0;PT:EP;U0:0;U1:0;
#time  Pp  gt  gs  cn  cm  cb  Nc  Pc  cp  Tc  Nm  pr  ps  pt  px  pd  Pm  Om  fs  ft  Oc  Em  Gp  Ec  Ge  ot  os  Total_cycles_diff  Successful_get_diff  Total_get_diff  succ_put_diff  total_put_diff  get_hit  
1441641682  0  0  0  0  0  0  0  0  0  3166  0  0  0  0  0  0  0  0  0  0  0  0  0  0  0  0  0  3166  0  0  0  0  
1441641683  0  0  0  0  0  0  0  0  0  3166  0  0  0  0  0  0  0  0  0  0  0  0  0  0  0  0  0  0  0  0  0  0  0 
1441641683  0  0  0  0  0  0  0  0  0  689638  0  0  0  0  0  0  0  0  0  0  0  0  0  0  0  0  0  686472  0  0  0  0  0 
1441641684  0  0  0  0  0  0  0  0  0  1231883  0  0  0  0  0  0  0  0  0  0  0  0  0  0  0  0  0  542245  0  0  0  0  0 
1441641684  0  0  0  0  0  0  0  0  0  1501458  0  0  0  0  0  0  0  0  0  0  0  0  0  0  0  0  0  269575  0  0  0  0  0 
1441641685  0  0  0  0  0  0  0  0  0  1656789  0  0  0  0  0  0  0  0  0  0  0  0  0  0  0  0  0  155331  0  0  0  0  0 
1441641685  0  0  0  0  0  0  0  0  0  2106477  0  0  0  0  0  0  0  0  0  11  0  0  0  0  0  34  0  449688  0  0  0  0  0 
1441641686  0  0  0  0  0  0  0  0  0  3025924  0  0  0  0  0  0  0  0  0  15  0  0  0  0  0  41  0  919447  0  0  0  0  0 
1441641686  0  0  0  0  0  0  0  0  0  3025924  0  0  0  0  0  0  0  0  0  15  0  0  0  0  0  41  0  0  0  0  0  0  0 
1441641687  0  0  0  0  0  0  0  0  0  3733191  0  0  0  0  0  0  0  0  0  21  0  0  0  0  0  46  0  707267  0  0  0  0  0 
1441641687  0  0  0  0  0  0  0  0  0  3975931  0  0  0  0  0  0  0  0  0  21  0  0  0  0  0  46  0  242740  0  0  0  0  0 
1441641688  0  0  0  0  0  0  0  0  0  3975931  0  0  0  0  0  0  0  0  0  21  0  0  0  0  0  46  0  0  0  0  0  0  0 
1441641688  0  0  0  0  0  0  0  0  0  3975931  0  0  0  0  0  0  0  0  0  21  0  0  0  0  0  46  0  0  0  0  0  0  0 
1441641689  0  0  0  0  0  0  0  0  0  3975931  0  0  0  0  0  0  0  0  0  21  0  0  0  0  0  46  0  0  0  0  0  0  0 
1441641689  0  0  0  0  0  0  0  0  0  3975931  0  0  0  0  0  0  0  0  0  21  0  0  0  0  0  46  0  0  0  0  0  0  0 
1441641690  0  0  0  0  0  0  0  0  0  3975931  0  0  0  0  0  0  0  0  0  21  0  0  0  0  0  46  0  0  0  0  0  0  0 
1441641690  0  0  0  0  0  0  0  0  0  3975931  0  0  0  0  0  0  0  0  0  21  0  0  0  0  0  46  0  0  0  0  0  0  0 
1441641691  0  0  0  0  0  0  0  0  0  3975931  0  0  0  0  0  0  0  0  0  21  0  0  0  0  0  46  0  0  0  0  0  0  0 
1441641691  0  0  0  0  0  0  0  0  0  3975931  0  0  0  0  0  0  0  0  0  21  0  0  0  0  0  46  0  0  0  0  0  0  0 
1441641692  0  0  0  0  0  0  0  0  0  3975931  0  0  0  0  0  0  0  0  0  21  0  0  0  0  0  46  0  0  0  0  0  0  0 
1441641692  0  0  0  0  0  0  0  0  0  3975931  0  0  0  0  0  0  0  0  0  21  0  0  0  0  0  46  0  0  0  0  0  0  0 
1441641693  0  0  0  0  0  0  0  0  0  3975931  0  0  0  0  0  0  0  0  0  21  0  0  0  0  0  46  0  0  0  0  0  0  0 
1441641693  0  0  0  0  0  0  0  0  0  3975931  0  0  0  0  0  0  0  0  0  21  0  0  0  0  0  46  0  0  0  0  0  0  0 
1441641694  0  0  0  0  0  0  0  0  0  3975931  0  0  0  0  0  0  0  0  0  21  0  0  0  0  0  46  0  0  0  0  0  0  0 
1441641694  0  0  0  0  0  0  0  0  0  3975931  0  0  0  0  0  0  0  0  0  21  0  0  0  0  0  46  0  0  0  0  0  0  0 
1441641695  0  0  0  0  0  0  0  0  0  3975931  0  0  0  0  0  0  0  0  0  21  0  0  0  0  0  46  0  0  0  0  0  0  0 
1441641695  0  0  0  0  0  0  0  0  0  3975931  0  0  0  0  0  0  0  0  0  21  0  0  0  0  0  46  0  0  0  0  0  0  0 
1441641696  0  0  0  0  0  0  0  0  0  3975931  0  0  0  0  0  0  0  0  0  21  0  0  0  0  0  46  0  0  0  0  0  0  0 
1441641696  0  0  0  0  0  0  0  0  0  3975931  0  0  0  0  0  0  0  0  0  21  0  0  0  0  0  46  0  0  0  0  0  0  0 
1441641697  0  0  0  0  0  0  0  0  0  3975931  0  0  0  0  0  0  0  0  0  21  0  0  0  0  0  46  0  0  0  0  0  0  0 
1441641697  0  0  0  0  0  0  0  0  0  3975931  0  0  0  0  0  0  0  0  0  21  0  0  0  0  0  46  0  0  0  0  0  0  0 
1441641698  0  0  0  0  0  0  0  0  0  3975931  0  0  0  0  0  0  0  0  0  21  0  0  0  0  0  46  0  0  0  0  0  0  0 
1441641698  0  0  0  0  0  0  0  0  0  3975931  0  0  0  0  0  0  0  0  0  21  0  0  0  0  0  46  0  0  0  0  0  0  0 
1441641699  0  0  0  0  0  0  0  0  0  3975931  0  0  0  0  0  0  0  0  0  21  0  0  0  0  0  46  0  0  0  0  0  0  0 
1441641699  0  0  0  0  0  0  0  0  0  3975931  0  0  0  0  0  0  0  0  0  21  0  0  0  0  0  46  0  0  0  0  0  0  0 
1441641700  0  0  0  0  0  0  0  0  0  3975931  0  0  0  0  0  0  0  0  0  21  0  0  0  0  0  46  0  0  0  0  0  0  0 
1441641700  0  0  0  0  0  0  0  0  0  3975931  0  0  0  0  0  0  0  0  0  21  0  0  0  0  0  46  0  0  0  0  0  0  0 
1441641701  0  0  0  0  0  0  0  0  0  3975931  0  0  0  0  0  0  0  0  0  21  0  0  0  0  0  46  0  0  0  0  0  0  0 
1441641701  0  0  0  0  0  0  0  0  0  3975931  0  0  0  0  0  0  0  0  0  21  0  0  0  0  0  46  0  0  0  0  0  0  0 
1441641702  0  0  0  0  0  0  0  0  0  3975931  0  0  0  0  0  0  0  0  0  21  0  0  0  0  0  46  0  0  0  0  0  0  0 
1441641702  0  0  0  0  0  0  0  0  0  3975931  0  0  0  0  0  0  0  0  0  21  0  0  0  0  0  46  0  0  0  0  0  0  0 
1441641703  0  0  0  0  0  0  0  0  0  3975931  0  0  0  0  0  0  0  0  0  21  0  0  0  0  0  46  0  0  0  0  0  0  0 
1441641703  0  0  0  0  0  0  0  0  0  3975931  0  0  0  0  0  0  0  0  0  21  0  0  0  0  0  46  0  0  0  0  0  0  0 
1441641704  0  0  0  0  0  0  0  0  0  3975931  0  0  0  0  0  0  0  0  0  21  0  0  0  0  0  46  0  0  0  0  0  0  0 
1441641704  0  0  0  0  0  0  0  0  0  3975931  0  0  0  0  0  0  0  0  0  21  0  0  0  0  0  46  0  0  0  0  0  0  0 
1441641705  0  0  0  0  0  0  0  0  0  3975931  0  0  0  0  0  0  0  0  0  21  0  0  0  0  0  46  0  0  0  0  0  0  0 
1441641705  0  0  0  0  0  0  0  0  0  3975931  0  0  0  0  0  0  0  0  0  21  0  0  0  0  0  46  0  0  0  0  0  0  0 
1441641706  0  0  0  0  0  0  0  0  0  3975931  0  0  0  0  0  0  0  0  0  21  0  0  0  0  0  46  0  0  0  0  0  0  0 
1441641706  0  0  0  0  0  0  0  0  0  3975931  0  0  0  0  0  0  0  0  0  21  0  0  0  0  0  46  0  0  0  0  0  0  0 
1441641707  0  0  0  0  0  0  0  0  0  3975931  0  0  0  0  0  0  0  0  0  21  0  0  0  0  0  46  0  0  0  0  0  0  0 
1441641707  0  0  0  0  0  0  0  0  0  3975931  0  0  0  0  0  0  0  0  0  21  0  0  0  0  0  46  0  0  0  0  0  0  0 
1441641708  0  0  0  0  0  0  0  0  0  3975931  0  0  0  0  0  0  0  0  0  21  0  0  0  0  0  46  0  0  0  0  0  0  0 
1441641708  0  0  0  0  0  0  0  0  0  3975931  0  0  0  0  0  0  0  0  0  21  0  0  0  0  0  46  0  0  0  0  0  0  0 
1441641709  0  0  0  0  0  0  0  0  0  3975931  0  0  0  0  0  0  0  0  0  21  0  0  0  0  0  46  0  0  0  0  0  0  0 
1441641709  0  0  0  0  0  0  0  0  0  3975931  0  0  0  0  0  0  0  0  0  21  0  0  0  0  0  46  0  0  0  0  0  0  0 
1441641710  0  0  0  0  0  0  0  0  0  3975931  0  0  0  0  0  0  0  0  0  21  0  0  0  0  0  46  0  0  0  0  0  0  0 
1441641710  0  0  0  0  0  0  0  0  0  3975931  0  0  0  0  0  0  0  0  0  21  0  0  0  0  0  46  0  0  0  0  0  0  0 
1441641711  0  0  0  0  0  0  0  0  0  3975931  0  0  0  0  0  0  0  0  0  21  0  0  0  0  0  46  0  0  0  0  0  0  0 
1441641712  0  0  0  0  0  0  0  0  0  3975931  0  0  0  0  0  0  0  0  0  21  0  0  0  0  0  46  0  0  0  0  0  0  0 
1441641712  0  0  0  0  0  0  0  0  0  3975931  0  0  0  0  0  0  0  0  0  21  0  0  0  0  0  46  0  0  0  0  0  0  0 
1441641713  0  0  0  0  0  0  0  0  0  3975931  0  0  0  0  0  0  0  0  0  21  0  0  0  0  0  46  0  0  0  0  0  0  0 
1441641713  0  0  0  0  0  0  0  0  0  3975931  0  0  0  0  0  0  0  0  0  21  0  0  0  0  0  46  0  0  0  0  0  0  0 
1441641714  0  0  0  0  0  0  0  0  0  3975931  0  0  0  0  0  0  0  0  0  21  0  0  0  0  0  46  0  0  0  0  0  0  0 
1441641714  0  0  0  0  0  0  0  0  0  3975931  0  0  0  0  0  0  0  0  0  21  0  0  0  0  0  46  0  0  0  0  0  0  0 
1441641715  0  0  0  0  0  0  0  0  0  3975931  0  0  0  0  0  0  0  0  0  21  0  0  0  0  0  46  0  0  0  0  0  0  0 
1441641715  0  0  0  0  0  0  0  0  0  3975931  0  0  0  0  0  0  0  0  0  21  0  0  0  0  0  46  0  0  0  0  0  0  0 
1441641716  0  0  0  0  0  0  0  0  0  3975931  0  0  0  0  0  0  0  0  0  21  0  0  0  0  0  46  0  0  0  0  0  0  0 
1441641716  0  0  0  0  0  0  0  0  0  3975931  0  0  0  0  0  0  0  0  0  21  0  0  0  0  0  46  0  0  0  0  0  0  0 
1441641717  0  0  0  0  0  0  0  0  0  3975931  0  0  0  0  0  0  0  0  0  21  0  0  0  0  0  46  0  0  0  0  0  0  0 
1441641717  0  0  0  0  0  0  0  0  0  3975931  0  0  0  0  0  0  0  0  0  21  0  0  0  0  0  46  0  0  0  0  0  0  0 
1441641718  0  0  0  0  0  0  0  0  0  3975931  0  0  0  0  0  0  0  0  0  21  0  0  0  0  0  46  0  0  0  0  0  0  0 
1441641718  0  0  0  0  0  0  0  0  0  3975931  0  0  0  0  0  0  0  0  0  21  0  0  0  0  0  46  0  0  0  0  0  0  0 
1441641719  0  0  0  0  0  0  0  0  0  3975931  0  0  0  0  0  0  0  0  0  21  0  0  0  0  0  46  0  0  0  0  0  0  0 
1441641719  0  0  0  0  0  0  0  0  0  3975931  0  0  0  0  0  0  0  0  0  21  0  0  0  0  0  46  0  0  0  0  0  0  0 
1441641720  0  0  0  0  0  0  0  0  0  3975931  0  0  0  0  0  0  0  0  0  21  0  0  0  0  0  46  0  0  0  0  0  0  0 
1441641720  0  0  0  0  0  0  0  0  0  3975931  0  0  0  0  0  0  0  0  0  21  0  0  0  0  0  46  0  0  0  0  0  0  0 
1441641721  0  0  0  0  0  0  0  0  0  3975931  0  0  0  0  0  0  0  0  0  21  0  0  0  0  0  46  0  0  0  0  0  0  0 
1441641721  0  0  0  0  0  0  0  0  0  3975931  0  0  0  0  0  0  0  0  0  21  0  0  0  0  0  46  0  0  0  0  0  0  0 
1441641722  0  0  0  0  0  0  0  0  0  3975931  0  0  0  0  0  0  0  0  0  21  0  0  0  0  0  46  0  0  0  0  0  0  0 
1441641722  0  0  0  0  0  0  0  0  0  3975931  0  0  0  0  0  0  0  0  0  21  0  0  0  0  0  46  0  0  0  0  0  0  0 
1441641723  0  0  0  0  0  0  0  0  0  3975931  0  0  0  0  0  0  0  0  0  21  0  0  0  0  0  46  0  0  0  0  0  0  0 
1441641723  0  0  0  0  0  0  0  0  0  3975931  0  0  0  0  0  0  0  0  0  21  0  0  0  0  0  46  0  0  0  0  0  0  0 
1441641724  0  0  0  0  0  0  0  0  0  3975931  0  0  0  0  0  0  0  0  0  21  0  0  0  0  0  46  0  0  0  0  0  0  0 
1441641724  0  0  0  0  0  0  0  0  0  3975931  0  0  0  0  0  0  0  0  0  21  0  0  0  0  0  46  0  0  0  0  0  0  0 
1441641725  0  0  0  0  0  0  0  0  0  3975931  0  0  0  0  0  0  0  0  0  21  0  0  0  0  0  46  0  0  0  0  0  0  0 
1441641725  0  0  0  0  0  0  0  0  0  3975931  0  0  0  0  0  0  0  0  0  21  0  0  0  0  0  46  0  0  0  0  0  0  0 
1441641726  0  0  0  0  0  0  0  0  0  3975931  0  0  0  0  0  0  0  0  0  21  0  0  0  0  0  46  0  0  0  0  0  0  0 
1441641726  0  0  0  0  0  0  0  0  0  3975931  0  0  0  0  0  0  0  0  0  21  0  0  0  0  0  46  0  0  0  0  0  0  0 
1441641727  0  0  0  0  0  0  0  0  0  3975931  0  0  0  0  0  0  0  0  0  21  0  0  0  0  0  46  0  0  0  0  0  0  0 
1441641727  0  0  0  0  0  0  0  0  0  3975931  0  0  0  0  0  0  0  0  0  21  0  0  0  0  0  46  0  0  0  0  0  0  0 
1441641728  0  0  0  0  0  0  0  0  0  3975931  0  0  0  0  0  0  0  0  0  21  0  0  0  0  0  46  0  0  0  0  0  0  0 
1441641728  0  0  0  0  0  0  0  0  0  3975931  0  0  0  0  0  0  0  0  0  21  0  0  0  0  0  46  0  0  0  0  0  0  0 
1441641729  0  0  0  0  0  0  0  0  0  3975931  0  0  0  0  0  0  0  0  0  21  0  0  0  0  0  46  0  0  0  0  0  0  0 
1441641729  0  0  0  0  0  0  0  0  0  3975931  0  0  0  0  0  0  0  0  0  21  0  0  0  0  0  46  0  0  0  0  0  0  0 
1441641730  0  0  0  0  0  0  0  0  0  3975931  0  0  0  0  0  0  0  0  0  21  0  0  0  0  0  46  0  0  0  0  0  0  0 
1441641730  0  0  0  0  0  0  0  0  0  3975931  0  0  0  0  0  0  0  0  0  21  0  0  0  0  0  46  0  0  0  0  0  0  0 
1441641731  0  0  0  0  0  0  0  0  0  3975931  0  0  0  0  0  0  0  0  0  21  0  0  0  0  0  46  0  0  0  0  0  0  0 
1441641731  0  0  0  0  0  0  0  0  0  3975931  0  0  0  0  0  0  0  0  0  21  0  0  0  0  0  46  0  0  0  0  0  0  0 
1441641732  0  0  0  0  0  0  0  0  0  3975931  0  0  0  0  0  0  0  0  0  21  0  0  0  0  0  46  0  0  0  0  0  0  0 
1441641732  0  0  0  0  0  0  0  0  0  3975931  0  0  0  0  0  0  0  0  0  21  0  0  0  0  0  46  0  0  0  0  0  0  0 
1441641733  0  0  0  0  0  0  0  0  0  3975931  0  0  0  0  0  0  0  0  0  21  0  0  0  0  0  46  0  0  0  0  0  0  0 
1441641733  0  0  0  0  0  0  0  0  0  3975931  0  0  0  0  0  0  0  0  0  21  0  0  0  0  0  46  0  0  0  0  0  0  0 
1441641734  0  0  0  0  0  0  0  0  0  3975931  0  0  0  0  0  0  0  0  0  21  0  0  0  0  0  46  0  0  0  0  0  0  0 
1441641734  0  0  0  0  0  0  0  0  0  3975931  0  0  0  0  0  0  0  0  0  21  0  0  0  0  0  46  0  0  0  0  0  0  0 
1441641735  0  0  0  0  0  0  0  0  0  3975931  0  0  0  0  0  0  0  0  0  21  0  0  0  0  0  46  0  0  0  0  0  0  0 
1441641735  0  0  0  0  0  0  0  0  0  3975931  0  0  0  0  0  0  0  0  0  21  0  0  0  0  0  46  0  0  0  0  0  0  0 
1441641736  0  0  0  0  0  0  0  0  0  3975931  0  0  0  0  0  0  0  0  0  21  0  0  0  0  0  46  0  0  0  0  0  0  0 
1441641736  0  0  0  0  0  0  0  0  0  3975931  0  0  0  0  0  0  0  0  0  21  0  0  0  0  0  46  0  0  0  0  0  0  0 
1441641737  0  0  0  0  0  0  0  0  0  3975931  0  0  0  0  0  0  0  0  0  21  0  0  0  0  0  46  0  0  0  0  0  0  0 
1441641737  0  0  0  0  0  0  0  0  0  3975931  0  0  0  0  0  0  0  0  0  21  0  0  0  0  0  46  0  0  0  0  0  0  0 
1441641738  0  0  0  0  0  0  0  0  0  3975931  0  0  0  0  0  0  0  0  0  21  0  0  0  0  0  46  0  0  0  0  0  0  0 
1441641738  0  0  0  0  0  0  0  0  0  3975931  0  0  0  0  0  0  0  0  0  21  0  0  0  0  0  46  0  0  0  0  0  0  0 
1441641739  0  0  0  0  0  0  0  0  0  3975931  0  0  0  0  0  0  0  0  0  21  0  0  0  0  0  46  0  0  0  0  0  0  0 
1441641739  0  0  0  0  0  0  0  0  0  3975931  0  0  0  0  0  0  0  0  0  21  0  0  0  0  0  46  0  0  0  0  0  0  0 
1441641740  0  0  0  0  0  0  0  0  0  3982405  0  0  0  0  0  0  0  0  0  21  0  0  0  0  0  47  0  6474  0  0  0  0  0 
1441641740  0  0  0  0  0  0  0  0  0  3982405  0  0  0  0  0  0  0  0  0  21  0  0  0  0  0  47  0  0  0  0  0  0  0 
1441641741  0  0  0  0  0  0  0  0  0  3982405  0  0  0  0  0  0  0  0  0  21  0  0  0  0  0  47  0  0  0  0  0  0  0 
1441641741  0  0  0  0  0  0  0  0  0  3982405  0  0  0  0  0  0  0  0  0  21  0  0  0  0  0  47  0  0  0  0  0  0  0 
1441641742  0  0  0  0  0  0  0  0  0  3982405  0  0  0  0  0  0  0  0  0  21  0  0  0  0  0  47  0  0  0  0  0  0  0 
1441641742  0  0  0  0  0  0  0  0  0  3982405  0  0  0  0  0  0  0  0  0  21  0  0  0  0  0  47  0  0  0  0  0  0  0 
1441641743  0  0  0  0  0  0  0  0  0  3982405  0  0  0  0  0  0  0  0  0  21  0  0  0  0  0  47  0  0  0  0  0  0  0 
1441641743  0  0  0  0  0  0  0  0  0  3982405  0  0  0  0  0  0  0  0  0  21  0  0  0  0  0  47  0  0  0  0  0  0  0 
1441641744  0  0  0  0  0  0  0  0  0  3982405  0  0  0  0  0  0  0  0  0  21  0  0  0  0  0  47  0  0  0  0  0  0  0 
1441641744  0  0  0  0  0  0  0  0  0  3982405  0  0  0  0  0  0  0  0  0  21  0  0  0  0  0  47  0  0  0  0  0  0  0 
1441641745  0  0  0  0  0  0  0  0  0  3982405  0  0  0  0  0  0  0  0  0  21  0  0  0  0  0  47  0  0  0  0  0  0  0 
1441641745  0  0  0  0  0  0  0  0  0  3982405  0  0  0  0  0  0  0  0  0  21  0  0  0  0  0  47  0  0  0  0  0  0  0 
1441641746  0  0  0  0  0  0  0  0  0  3982405  0  0  0  0  0  0  0  0  0  21  0  0  0  0  0  47  0  0  0  0  0  0  0 
1441641746  0  0  0  0  0  0  0  0  0  3982405  0  0  0  0  0  0  0  0  0  21  0  0  0  0  0  47  0  0  0  0  0  0  0 
1441641747  0  0  0  0  0  0  0  0  0  3982405  0  0  0  0  0  0  0  0  0  21  0  0  0  0  0  47  0  0  0  0  0  0  0 
1441641747  0  0  0  0  0  0  0  0  0  3982405  0  0  0  0  0  0  0  0  0  21  0  0  0  0  0  47  0  0  0  0  0  0  0 
1441641748  0  0  0  0  0  0  0  0  0  3982405  0  0  0  0  0  0  0  0  0  21  0  0  0  0  0  47  0  0  0  0  0  0  0 
1441641748  0  0  0  0  0  0  0  0  0  3982405  0  0  0  0  0  0  0  0  0  21  0  0  0  0  0  47  0  0  0  0  0  0  0 
1441641749  0  0  0  0  0  0  0  0  0  3982405  0  0  0  0  0  0  0  0  0  21  0  0  0  0  0  47  0  0  0  0  0  0  0 
1441641749  0  0  0  0  0  0  0  0  0  3982405  0  0  0  0  0  0  0  0  0  21  0  0  0  0  0  47  0  0  0  0  0  0  0 
1441641750  0  0  0  0  0  0  0  0  0  3985051  0  0  0  0  0  0  0  0  0  21  0  0  0  0  0  48  0  2646  0  0  0  0  0 
1441641750  0  0  0  0  0  0  0  0  0  3985051  0  0  0  0  0  0  0  0  0  21  0  0  0  0  0  48  0  0  0  0  0  0  0 
1441641751  0  0  0  0  0  0  0  0  0  3985051  0  0  0  0  0  0  0  0  0  21  0  0  0  0  0  48  0  0  0  0  0  0  0 
1441641751  0  0  0  0  0  0  0  0  0  3985051  0  0  0  0  0  0  0  0  0  21  0  0  0  0  0  48  0  0  0  0  0  0  0 
1441641752  0  0  0  0  0  0  0  0  0  3985051  0  0  0  0  0  0  0  0  0  21  0  0  0  0  0  48  0  0  0  0  0  0  0 
1441641753  0  0  0  0  0  0  0  0  0  3985051  0  0  0  0  0  0  0  0  0  21  0  0  0  0  0  48  0  0  0  0  0  0  0 
1441641753  0  0  0  0  0  0  0  0  0  3985051  0  0  0  0  0  0  0  0  0  21  0  0  0  0  0  48  0  0  0  0  0  0  0 
1441641754  0  0  0  0  0  0  0  0  0  3985051  0  0  0  0  0  0  0  0  0  21  0  0  0  0  0  48  0  0  0  0  0  0  0 
1441641754  0  0  0  0  0  0  0  0  0  3985051  0  0  0  0  0  0  0  0  0  21  0  0  0  0  0  48  0  0  0  0  0  0  0 
1441641755  0  0  0  0  0  0  0  0  0  3985051  0  0  0  0  0  0  0  0  0  21  0  0  0  0  0  48  0  0  0  0  0  0  0 
1441641755  0  0  0  0  0  0  0  0  0  3985051  0  0  0  0  0  0  0  0  0  21  0  0  0  0  0  48  0  0  0  0  0  0  0 
1441641756  0  0  0  0  0  0  0  0  0  3985051  0  0  0  0  0  0  0  0  0  21  0  0  0  0  0  48  0  0  0  0  0  0  0 
1441641756  0  0  0  0  0  0  0  0  0  3985051  0  0  0  0  0  0  0  0  0  21  0  0  0  0  0  48  0  0  0  0  0  0  0 
1441641757  0  0  0  0  0  0  0  0  0  3985051  0  0  0  0  0  0  0  0  0  21  0  0  0  0  0  48  0  0  0  0  0  0  0 
1441641757  0  0  0  0  0  0  0  0  0  3985051  0  0  0  0  0  0  0  0  0  21  0  0  0  0  0  48  0  0  0  0  0  0  0 
1441641758  0  0  0  0  0  0  0  0  0  3985051  0  0  0  0  0  0  0  0  0  21  0  0  0  0  0  48  0  0  0  0  0  0  0 
1441641758  0  0  0  0  0  0  0  0  0  3985051  0  0  0  0  0  0  0  0  0  21  0  0  0  0  0  48  0  0  0  0  0  0  0 
1441641759  0  0  0  0  0  0  0  0  0  3985051  0  0  0  0  0  0  0  0  0  21  0  0  0  0  0  48  0  0  0  0  0  0  0 
1441641759  0  0  0  0  0  0  0  0  0  3985051  0  0  0  0  0  0  0  0  0  21  0  0  0  0  0  48  0  0  0  0  0  0  0 
1441641760  0  0  0  0  0  0  0  0  0  3987404  0  0  0  0  0  0  0  0  0  21  0  0  0  0  0  49  0  2353  0  0  0  0  0 
1441641760  0  0  0  0  0  0  0  0  0  3987404  0  0  0  0  0  0  0  0  0  21  0  0  0  0  0  49  0  0  0  0  0  0  0 
1441641761  0  0  0  0  0  0  0  0  0  3987404  0  0  0  0  0  0  0  0  0  21  0  0  0  0  0  49  0  0  0  0  0  0  0 
1441641761  0  0  0  0  0  0  0  0  0  3987404  0  0  0  0  0  0  0  0  0  21  0  0  0  0  0  49  0  0  0  0  0  0  0 
1441641762  0  0  0  0  0  0  0  0  0  3987404  0  0  0  0  0  0  0  0  0  21  0  0  0  0  0  49  0  0  0  0  0  0  0 
1441641762  0  0  0  0  0  0  0  0  0  3987404  0  0  0  0  0  0  0  0  0  21  0  0  0  0  0  49  0  0  0  0  0  0  0 
1441641763  0  0  0  0  0  0  0  0  0  3987404  0  0  0  0  0  0  0  0  0  21  0  0  0  0  0  49  0  0  0  0  0  0  0 
1441641763  0  0  0  0  0  0  0  0  0  3987404  0  0  0  0  0  0  0  0  0  21  0  0  0  0  0  49  0  0  0  0  0  0  0 
1441641764  0  0  0  0  0  0  0  0  0  3987404  0  0  0  0  0  0  0  0  0  21  0  0  0  0  0  49  0  0  0  0  0  0  0 
1441641764  0  0  0  0  0  0  0  0  0  3987404  0  0  0  0  0  0  0  0  0  21  0  0  0  0  0  49  0  0  0  0  0  0  0 
1441641765  0  0  0  0  0  0  0  0  0  3987404  0  0  0  0  0  0  0  0  0  21  0  0  0  0  0  49  0  0  0  0  0  0  0 
1441641765  0  0  0  0  0  0  0  0  0  3987404  0  0  0  0  0  0  0  0  0  21  0  0  0  0  0  49  0  0  0  0  0  0  0 
1441641766  0  0  0  0  0  0  0  0  0  3987404  0  0  0  0  0  0  0  0  0  21  0  0  0  0  0  49  0  0  0  0  0  0  0 
1441641766  0  0  0  0  0  0  0  0  0  3987404  0  0  0  0  0  0  0  0  0  21  0  0  0  0  0  49  0  0  0  0  0  0  0 
1441641767  0  0  0  0  0  0  0  0  0  3987404  0  0  0  0  0  0  0  0  0  21  0  0  0  0  0  49  0  0  0  0  0  0  0 
1441641767  0  0  0  0  0  0  0  0  0  3987404  0  0  0  0  0  0  0  0  0  21  0  0  0  0  0  49  0  0  0  0  0  0  0 
1441641768  0  0  0  0  0  0  0  0  0  3987404  0  0  0  0  0  0  0  0  0  21  0  0  0  0  0  49  0  0  0  0  0  0  0 
1441641768  0  0  0  0  0  0  0  0  0  3987404  0  0  0  0  0  0  0  0  0  21  0  0  0  0  0  49  0  0  0  0  0  0  0 
1441641769  0  0  0  0  0  0  0  0  0  3987404  0  0  0  0  0  0  0  0  0  21  0  0  0  0  0  49  0  0  0  0  0  0  0 
1441641769  0  0  0  0  0  0  0  0  0  3987404  0  0  0  0  0  0  0  0  0  21  0  0  0  0  0  49  0  0  0  0  0  0  0 
1441641770  0  0  0  0  0  0  0  0  0  3989781  0  0  0  0  0  0  0  0  0  21  0  0  0  0  0  50  0  2377  0  0  0  0  0 
1441641770  0  0  0  0  0  0  0  0  0  3989781  0  0  0  0  0  0  0  0  0  21  0  0  0  0  0  50  0  0  0  0  0  0  0 
1441641771  0  0  0  0  0  0  0  0  0  3989781  0  0  0  0  0  0  0  0  0  21  0  0  0  0  0  50  0  0  0  0  0  0  0 
1441641771  0  0  0  0  0  0  0  0  0  3989781  0  0  0  0  0  0  0  0  0  21  0  0  0  0  0  50  0  0  0  0  0  0  0 
1441641772  0  0  0  0  0  0  0  0  0  3989781  0  0  0  0  0  0  0  0  0  21  0  0  0  0  0  50  0  0  0  0  0  0  0 
1441641772  0  0  0  0  0  0  0  0  0  3989781  0  0  0  0  0  0  0  0  0  21  0  0  0  0  0  50  0  0  0  0  0  0  0 
1441641773  0  0  0  0  0  0  0  0  0  3989781  0  0  0  0  0  0  0  0  0  21  0  0  0  0  0  50  0  0  0  0  0  0  0 
1441641773  0  0  0  0  0  0  0  0  0  3989781  0  0  0  0  0  0  0  0  0  21  0  0  0  0  0  50  0  0  0  0  0  0  0 
1441641774  0  0  0  0  0  0  0  0  0  3989781  0  0  0  0  0  0  0  0  0  21  0  0  0  0  0  50  0  0  0  0  0  0  0 
1441641774  0  0  0  0  0  0  0  0  0  3989781  0  0  0  0  0  0  0  0  0  21  0  0  0  0  0  50  0  0  0  0  0  0  0 
1441641775  0  0  0  0  0  0  0  0  0  3989781  0  0  0  0  0  0  0  0  0  21  0  0  0  0  0  50  0  0  0  0  0  0  0 
1441641775  0  0  0  0  0  0  0  0  0  3989781  0  0  0  0  0  0  0  0  0  21  0  0  0  0  0  50  0  0  0  0  0  0  0 
1441641776  0  0  0  0  0  0  0  0  0  3989781  0  0  0  0  0  0  0  0  0  21  0  0  0  0  0  50  0  0  0  0  0  0  0 
1441641776  0  0  0  0  0  0  0  0  0  3989781  0  0  0  0  0  0  0  0  0  21  0  0  0  0  0  50  0  0  0  0  0  0  0 
1441641777  0  0  0  0  0  0  0  0  0  3989781  0  0  0  0  0  0  0  0  0  21  0  0  0  0  0  50  0  0  0  0  0  0  0 
1441641777  0  0  0  0  0  0  0  0  0  3989781  0  0  0  0  0  0  0  0  0  21  0  0  0  0  0  50  0  0  0  0  0  0  0 
1441641778  0  0  0  0  0  0  0  0  0  3989781  0  0  0  0  0  0  0  0  0  21  0  0  0  0  0  50  0  0  0  0  0  0  0 
1441641778  0  0  0  0  0  0  0  0  0  3989781  0  0  0  0  0  0  0  0  0  21  0  0  0  0  0  50  0  0  0  0  0  0  0 
1441641779  0  0  0  0  0  0  0  0  0  3989781  0  0  0  0  0  0  0  0  0  21  0  0  0  0  0  50  0  0  0  0  0  0  0 
1441641779  0  0  0  0  0  0  0  0  0  3989781  0  0  0  0  0  0  0  0  0  21  0  0  0  0  0  50  0  0  0  0  0  0  0 
1441641780  0  0  0  0  0  0  0  0  0  3992191  0  0  0  0  0  0  0  0  0  21  0  0  0  0  0  51  0  2410  0  0  0  0  0 
1441641780  0  0  0  0  0  0  0  0  0  3992191  0  0  0  0  0  0  0  0  0  21  0  0  0  0  0  51  0  0  0  0  0  0  0 
1441641781  0  0  0  0  0  0  0  0  0  3992191  0  0  0  0  0  0  0  0  0  21  0  0  0  0  0  51  0  0  0  0  0  0  0 
1441641781  0  0  0  0  0  0  0  0  0  3992191  0  0  0  0  0  0  0  0  0  21  0  0  0  0  0  51  0  0  0  0  0  0  0 
1441641782  0  0  0  0  0  0  0  0  0  3992191  0  0  0  0  0  0  0  0  0  21  0  0  0  0  0  51  0  0  0  0  0  0  0 
1441641782  0  0  0  0  0  0  0  0  0  3992191  0  0  0  0  0  0  0  0  0  21  0  0  0  0  0  51  0  0  0  0  0  0  0 
1441641783  0  0  0  0  0  0  0  0  0  3992191  0  0  0  0  0  0  0  0  0  21  0  0  0  0  0  51  0  0  0  0  0  0  0 
1441641783  0  0  0  0  0  0  0  0  0  3992191  0  0  0  0  0  0  0  0  0  21  0  0  0  0  0  51  0  0  0  0  0  0  0 
1441641784  0  0  0  0  0  0  0  0  0  3992191  0  0  0  0  0  0  0  0  0  21  0  0  0  0  0  51  0  0  0  0  0  0  0 
1441641784  0  0  0  0  0  0  0  0  0  3992191  0  0  0  0  0  0  0  0  0  21  0  0  0  0  0  51  0  0  0  0  0  0  0 
1441641785  0  0  0  0  0  0  0  0  0  3992191  0  0  0  0  0  0  0  0  0  21  0  0  0  0  0  51  0  0  0  0  0  0  0 
1441641785  0  0  0  0  0  0  0  0  0  3992191  0  0  0  0  0  0  0  0  0  21  0  0  0  0  0  51  0  0  0  0  0  0  0 
1441641786  0  0  0  0  0  0  0  0  0  3992191  0  0  0  0  0  0  0  0  0  21  0  0  0  0  0  51  0  0  0  0  0  0  0 
1441641786  0  0  0  0  0  0  0  0  0  3992191  0  0  0  0  0  0  0  0  0  21  0  0  0  0  0  51  0  0  0  0  0  0  0 
1441641787  0  0  0  0  0  0  0  0  0  3992191  0  0  0  0  0  0  0  0  0  21  0  0  0  0  0  51  0  0  0  0  0  0  0 
1441641787  0  0  0  0  0  0  0  0  0  3992191  0  0  0  0  0  0  0  0  0  21  0  0  0  0  0  51  0  0  0  0  0  0  0 
1441641788  0  0  0  0  0  0  0  0  0  3992191  0  0  0  0  0  0  0  0  0  21  0  0  0  0  0  51  0  0  0  0  0  0  0 
1441641788  0  0  0  0  0  0  0  0  0  3992191  0  0  0  0  0  0  0  0  0  21  0  0  0  0  0  51  0  0  0  0  0  0  0 
1441641789  0  0  0  0  0  0  0  0  0  3992191  0  0  0  0  0  0  0  0  0  21  0  0  0  0  0  51  0  0  0  0  0  0  0 
1441641789  0  0  0  0  0  0  0  0  0  4012129  0  0  0  0  0  0  0  0  0  21  0  0  0  0  0  51  0  19938  0  0  0  0  0 
1441641790  0  0  0  0  0  0  0  0  0  4012129  0  0  0  0  0  0  0  0  0  21  0  0  0  0  0  51  0  0  0  0  0  0  0 
1441641790  0  0  0  0  0  0  0  0  0  4073589  0  0  0  0  0  0  0  0  0  25  0  0  0  0  0  64  0  61460  0  0  0  0  0 
1441641791  0  0  0  0  0  0  0  0  0  4073589  0  0  0  0  0  0  0  0  0  25  0  0  0  0  0  64  0  0  0  0  0  0  0 
