#Type:X;CI:11;ww:0;ca:0;co:1;fr:0;Type:X;CI:11;PI:0;PT:EP;U0:0;U1:0;
#time  Pp  gt  gs  cn  cm  cb  Nc  Pc  cp  Tc  Nm  pr  ps  pt  px  pd  Pm  Om  fs  ft  Oc  Em  Gp  Ec  Ge  ot  os  Total_cycles_diff  Successful_get_diff  Total_get_diff  succ_put_diff  total_put_diff  get_hit  
1441642108  0  0  0  0  0  0  0  0  0  7331  0  0  0  0  0  0  0  0  0  0  0  0  0  0  0  0  0  7331  0  0  0  0  
1441642108  0  0  0  0  0  0  0  0  0  793213  0  0  0  0  0  0  0  0  0  0  0  0  0  0  0  0  0  785882  0  0  0  0  0 
1441642109  0  0  0  0  0  0  0  0  0  1283116  0  0  0  0  0  0  0  0  0  0  0  0  0  0  0  0  0  489903  0  0  0  0  0 
1441642109  0  0  0  0  0  0  0  0  0  1525752  0  0  0  0  0  0  0  0  0  0  0  0  0  0  0  0  0  242636  0  0  0  0  0 
1441642110  0  0  0  0  0  0  0  0  0  1931939  0  0  0  0  0  0  0  0  0  0  0  0  0  0  0  0  0  406187  0  0  0  0  0 
1441642110  0  0  0  0  0  0  0  0  0  1931939  0  0  0  0  0  0  0  0  0  0  0  0  0  0  0  0  0  0  0  0  0  0  0 
1441642111  0  0  0  0  0  0  0  0  0  2394658  0  0  0  0  0  0  0  0  0  13  0  0  0  0  0  39  0  462719  0  0  0  0  0 
1441642111  0  0  0  0  0  0  0  0  0  3280888  0  0  0  0  0  0  0  0  0  15  0  0  0  0  0  41  0  886230  0  0  0  0  0 
1441642112  0  0  0  0  0  0  0  0  0  3856965  0  0  0  0  0  0  0  0  0  21  0  0  0  0  0  46  0  576077  0  0  0  0  0 
1441642112  0  0  0  0  0  0  0  0  0  4099872  0  0  0  0  0  0  0  0  0  21  0  0  0  0  0  46  0  242907  0  0  0  0  0 
1441642113  0  0  0  0  0  0  0  0  0  4099872  0  0  0  0  0  0  0  0  0  21  0  0  0  0  0  46  0  0  0  0  0  0  0 
1441642113  0  0  0  0  0  0  0  0  0  4099872  0  0  0  0  0  0  0  0  0  21  0  0  0  0  0  46  0  0  0  0  0  0  0 
1441642114  0  0  0  0  0  0  0  0  0  4099872  0  0  0  0  0  0  0  0  0  21  0  0  0  0  0  46  0  0  0  0  0  0  0 
1441642114  0  0  0  0  0  0  0  0  0  4099872  0  0  0  0  0  0  0  0  0  21  0  0  0  0  0  46  0  0  0  0  0  0  0 
1441642115  0  0  0  0  0  0  0  0  0  4099872  0  0  0  0  0  0  0  0  0  21  0  0  0  0  0  46  0  0  0  0  0  0  0 
1441642115  0  0  0  0  0  0  0  0  0  4099872  0  0  0  0  0  0  0  0  0  21  0  0  0  0  0  46  0  0  0  0  0  0  0 
1441642116  0  0  0  0  0  0  0  0  0  4099872  0  0  0  0  0  0  0  0  0  21  0  0  0  0  0  46  0  0  0  0  0  0  0 
1441642116  0  0  0  0  0  0  0  0  0  4099872  0  0  0  0  0  0  0  0  0  21  0  0  0  0  0  46  0  0  0  0  0  0  0 
1441642117  0  0  0  0  0  0  0  0  0  4099872  0  0  0  0  0  0  0  0  0  21  0  0  0  0  0  46  0  0  0  0  0  0  0 
1441642117  0  0  0  0  0  0  0  0  0  4099872  0  0  0  0  0  0  0  0  0  21  0  0  0  0  0  46  0  0  0  0  0  0  0 
1441642118  0  0  0  0  0  0  0  0  0  4099872  0  0  0  0  0  0  0  0  0  21  0  0  0  0  0  46  0  0  0  0  0  0  0 
1441642118  0  0  0  0  0  0  0  0  0  4099872  0  0  0  0  0  0  0  0  0  21  0  0  0  0  0  46  0  0  0  0  0  0  0 
1441642119  0  0  0  0  0  0  0  0  0  4099872  0  0  0  0  0  0  0  0  0  21  0  0  0  0  0  46  0  0  0  0  0  0  0 
1441642119  0  0  0  0  0  0  0  0  0  4099872  0  0  0  0  0  0  0  0  0  21  0  0  0  0  0  46  0  0  0  0  0  0  0 
1441642120  0  0  0  0  0  0  0  0  0  4099872  0  0  0  0  0  0  0  0  0  21  0  0  0  0  0  46  0  0  0  0  0  0  0 
1441642120  0  0  0  0  0  0  0  0  0  4099872  0  0  0  0  0  0  0  0  0  21  0  0  0  0  0  46  0  0  0  0  0  0  0 
1441642121  0  0  0  0  0  0  0  0  0  4099872  0  0  0  0  0  0  0  0  0  21  0  0  0  0  0  46  0  0  0  0  0  0  0 
1441642121  0  0  0  0  0  0  0  0  0  4099872  0  0  0  0  0  0  0  0  0  21  0  0  0  0  0  46  0  0  0  0  0  0  0 
1441642122  0  0  0  0  0  0  0  0  0  4099872  0  0  0  0  0  0  0  0  0  21  0  0  0  0  0  46  0  0  0  0  0  0  0 
1441642122  0  0  0  0  0  0  0  0  0  4099872  0  0  0  0  0  0  0  0  0  21  0  0  0  0  0  46  0  0  0  0  0  0  0 
1441642123  0  0  0  0  0  0  0  0  0  4099872  0  0  0  0  0  0  0  0  0  21  0  0  0  0  0  46  0  0  0  0  0  0  0 
1441642123  0  0  0  0  0  0  0  0  0  4099872  0  0  0  0  0  0  0  0  0  21  0  0  0  0  0  46  0  0  0  0  0  0  0 
1441642124  0  0  0  0  0  0  0  0  0  4099872  0  0  0  0  0  0  0  0  0  21  0  0  0  0  0  46  0  0  0  0  0  0  0 
1441642124  0  0  0  0  0  0  0  0  0  4099872  0  0  0  0  0  0  0  0  0  21  0  0  0  0  0  46  0  0  0  0  0  0  0 
1441642125  0  0  0  0  0  0  0  0  0  4099872  0  0  0  0  0  0  0  0  0  21  0  0  0  0  0  46  0  0  0  0  0  0  0 
1441642125  0  0  0  0  0  0  0  0  0  4099872  0  0  0  0  0  0  0  0  0  21  0  0  0  0  0  46  0  0  0  0  0  0  0 
1441642126  0  0  0  0  0  0  0  0  0  4099872  0  0  0  0  0  0  0  0  0  21  0  0  0  0  0  46  0  0  0  0  0  0  0 
1441642126  0  0  0  0  0  0  0  0  0  4099872  0  0  0  0  0  0  0  0  0  21  0  0  0  0  0  46  0  0  0  0  0  0  0 
1441642127  0  0  0  0  0  0  0  0  0  4099872  0  0  0  0  0  0  0  0  0  21  0  0  0  0  0  46  0  0  0  0  0  0  0 
1441642127  0  0  0  0  0  0  0  0  0  4099872  0  0  0  0  0  0  0  0  0  21  0  0  0  0  0  46  0  0  0  0  0  0  0 
1441642128  0  0  0  0  0  0  0  0  0  4099872  0  0  0  0  0  0  0  0  0  21  0  0  0  0  0  46  0  0  0  0  0  0  0 
1441642128  0  0  0  0  0  0  0  0  0  4099872  0  0  0  0  0  0  0  0  0  21  0  0  0  0  0  46  0  0  0  0  0  0  0 
1441642129  0  0  0  0  0  0  0  0  0  4099872  0  0  0  0  0  0  0  0  0  21  0  0  0  0  0  46  0  0  0  0  0  0  0 
1441642130  0  0  0  0  0  0  0  0  0  4099872  0  0  0  0  0  0  0  0  0  21  0  0  0  0  0  46  0  0  0  0  0  0  0 
1441642130  0  0  0  0  0  0  0  0  0  4099872  0  0  0  0  0  0  0  0  0  21  0  0  0  0  0  46  0  0  0  0  0  0  0 
1441642131  0  0  0  0  0  0  0  0  0  4099872  0  0  0  0  0  0  0  0  0  21  0  0  0  0  0  46  0  0  0  0  0  0  0 
1441642131  0  0  0  0  0  0  0  0  0  4099872  0  0  0  0  0  0  0  0  0  21  0  0  0  0  0  46  0  0  0  0  0  0  0 
1441642132  0  0  0  0  0  0  0  0  0  4099872  0  0  0  0  0  0  0  0  0  21  0  0  0  0  0  46  0  0  0  0  0  0  0 
1441642132  0  0  0  0  0  0  0  0  0  4099872  0  0  0  0  0  0  0  0  0  21  0  0  0  0  0  46  0  0  0  0  0  0  0 
1441642133  0  0  0  0  0  0  0  0  0  4099872  0  0  0  0  0  0  0  0  0  21  0  0  0  0  0  46  0  0  0  0  0  0  0 
1441642133  0  0  0  0  0  0  0  0  0  4099872  0  0  0  0  0  0  0  0  0  21  0  0  0  0  0  46  0  0  0  0  0  0  0 
1441642134  0  0  0  0  0  0  0  0  0  4099872  0  0  0  0  0  0  0  0  0  21  0  0  0  0  0  46  0  0  0  0  0  0  0 
1441642134  0  0  0  0  0  0  0  0  0  4099872  0  0  0  0  0  0  0  0  0  21  0  0  0  0  0  46  0  0  0  0  0  0  0 
1441642135  0  0  0  0  0  0  0  0  0  4099872  0  0  0  0  0  0  0  0  0  21  0  0  0  0  0  46  0  0  0  0  0  0  0 
1441642135  0  0  0  0  0  0  0  0  0  4099872  0  0  0  0  0  0  0  0  0  21  0  0  0  0  0  46  0  0  0  0  0  0  0 
1441642136  0  0  0  0  0  0  0  0  0  4099872  0  0  0  0  0  0  0  0  0  21  0  0  0  0  0  46  0  0  0  0  0  0  0 
1441642136  0  0  0  0  0  0  0  0  0  4099872  0  0  0  0  0  0  0  0  0  21  0  0  0  0  0  46  0  0  0  0  0  0  0 
1441642137  0  0  0  0  0  0  0  0  0  4099872  0  0  0  0  0  0  0  0  0  21  0  0  0  0  0  46  0  0  0  0  0  0  0 
1441642137  0  0  0  0  0  0  0  0  0  4099872  0  0  0  0  0  0  0  0  0  21  0  0  0  0  0  46  0  0  0  0  0  0  0 
1441642138  0  0  0  0  0  0  0  0  0  4099872  0  0  0  0  0  0  0  0  0  21  0  0  0  0  0  46  0  0  0  0  0  0  0 
1441642138  0  0  0  0  0  0  0  0  0  4099872  0  0  0  0  0  0  0  0  0  21  0  0  0  0  0  46  0  0  0  0  0  0  0 
1441642139  0  0  0  0  0  0  0  0  0  4099872  0  0  0  0  0  0  0  0  0  21  0  0  0  0  0  46  0  0  0  0  0  0  0 
1441642139  0  0  0  0  0  0  0  0  0  4099872  0  0  0  0  0  0  0  0  0  21  0  0  0  0  0  46  0  0  0  0  0  0  0 
1441642140  0  0  0  0  0  0  0  0  0  4099872  0  0  0  0  0  0  0  0  0  21  0  0  0  0  0  46  0  0  0  0  0  0  0 
1441642140  0  0  0  0  0  0  0  0  0  4099872  0  0  0  0  0  0  0  0  0  21  0  0  0  0  0  46  0  0  0  0  0  0  0 
1441642141  0  0  0  0  0  0  0  0  0  4099872  0  0  0  0  0  0  0  0  0  21  0  0  0  0  0  46  0  0  0  0  0  0  0 
1441642141  0  0  0  0  0  0  0  0  0  4099872  0  0  0  0  0  0  0  0  0  21  0  0  0  0  0  46  0  0  0  0  0  0  0 
1441642142  0  0  0  0  0  0  0  0  0  4099872  0  0  0  0  0  0  0  0  0  21  0  0  0  0  0  46  0  0  0  0  0  0  0 
1441642142  0  0  0  0  0  0  0  0  0  4099872  0  0  0  0  0  0  0  0  0  21  0  0  0  0  0  46  0  0  0  0  0  0  0 
1441642143  0  0  0  0  0  0  0  0  0  4099872  0  0  0  0  0  0  0  0  0  21  0  0  0  0  0  46  0  0  0  0  0  0  0 
1441642143  0  0  0  0  0  0  0  0  0  4099872  0  0  0  0  0  0  0  0  0  21  0  0  0  0  0  46  0  0  0  0  0  0  0 
1441642144  0  0  0  0  0  0  0  0  0  4099872  0  0  0  0  0  0  0  0  0  21  0  0  0  0  0  46  0  0  0  0  0  0  0 
1441642144  0  0  0  0  0  0  0  0  0  4099872  0  0  0  0  0  0  0  0  0  21  0  0  0  0  0  46  0  0  0  0  0  0  0 
1441642145  0  0  0  0  0  0  0  0  0  4099872  0  0  0  0  0  0  0  0  0  21  0  0  0  0  0  46  0  0  0  0  0  0  0 
1441642145  0  0  0  0  0  0  0  0  0  4099872  0  0  0  0  0  0  0  0  0  21  0  0  0  0  0  46  0  0  0  0  0  0  0 
1441642146  0  0  0  0  0  0  0  0  0  4099872  0  0  0  0  0  0  0  0  0  21  0  0  0  0  0  46  0  0  0  0  0  0  0 
1441642146  0  0  0  0  0  0  0  0  0  4099872  0  0  0  0  0  0  0  0  0  21  0  0  0  0  0  46  0  0  0  0  0  0  0 
1441642147  0  0  0  0  0  0  0  0  0  4099872  0  0  0  0  0  0  0  0  0  21  0  0  0  0  0  46  0  0  0  0  0  0  0 
1441642147  0  0  0  0  0  0  0  0  0  4099872  0  0  0  0  0  0  0  0  0  21  0  0  0  0  0  46  0  0  0  0  0  0  0 
1441642148  0  0  0  0  0  0  0  0  0  4099872  0  0  0  0  0  0  0  0  0  21  0  0  0  0  0  46  0  0  0  0  0  0  0 
1441642148  0  0  0  0  0  0  0  0  0  4099872  0  0  0  0  0  0  0  0  0  21  0  0  0  0  0  46  0  0  0  0  0  0  0 
1441642149  0  0  0  0  0  0  0  0  0  4099872  0  0  0  0  0  0  0  0  0  21  0  0  0  0  0  46  0  0  0  0  0  0  0 
1441642149  0  0  0  0  0  0  0  0  0  4099872  0  0  0  0  0  0  0  0  0  21  0  0  0  0  0  46  0  0  0  0  0  0  0 
1441642150  0  0  0  0  0  0  0  0  0  4099872  0  0  0  0  0  0  0  0  0  21  0  0  0  0  0  46  0  0  0  0  0  0  0 
1441642150  0  0  0  0  0  0  0  0  0  4099872  0  0  0  0  0  0  0  0  0  21  0  0  0  0  0  46  0  0  0  0  0  0  0 
1441642151  0  0  0  0  0  0  0  0  0  4099872  0  0  0  0  0  0  0  0  0  21  0  0  0  0  0  46  0  0  0  0  0  0  0 
1441642151  0  0  0  0  0  0  0  0  0  4099872  0  0  0  0  0  0  0  0  0  21  0  0  0  0  0  46  0  0  0  0  0  0  0 
1441642152  0  0  0  0  0  0  0  0  0  4099872  0  0  0  0  0  0  0  0  0  21  0  0  0  0  0  46  0  0  0  0  0  0  0 
1441642152  0  0  0  0  0  0  0  0  0  4099872  0  0  0  0  0  0  0  0  0  21  0  0  0  0  0  46  0  0  0  0  0  0  0 
1441642153  0  0  0  0  0  0  0  0  0  4099872  0  0  0  0  0  0  0  0  0  21  0  0  0  0  0  46  0  0  0  0  0  0  0 
1441642153  0  0  0  0  0  0  0  0  0  4099872  0  0  0  0  0  0  0  0  0  21  0  0  0  0  0  46  0  0  0  0  0  0  0 
1441642154  0  0  0  0  0  0  0  0  0  4099872  0  0  0  0  0  0  0  0  0  21  0  0  0  0  0  46  0  0  0  0  0  0  0 
1441642154  0  0  0  0  0  0  0  0  0  4099872  0  0  0  0  0  0  0  0  0  21  0  0  0  0  0  46  0  0  0  0  0  0  0 
1441642155  0  0  0  0  0  0  0  0  0  4099872  0  0  0  0  0  0  0  0  0  21  0  0  0  0  0  46  0  0  0  0  0  0  0 
1441642155  0  0  0  0  0  0  0  0  0  4099872  0  0  0  0  0  0  0  0  0  21  0  0  0  0  0  46  0  0  0  0  0  0  0 
1441642156  0  0  0  0  0  0  0  0  0  4099872  0  0  0  0  0  0  0  0  0  21  0  0  0  0  0  46  0  0  0  0  0  0  0 
1441642156  0  0  0  0  0  0  0  0  0  4099872  0  0  0  0  0  0  0  0  0  21  0  0  0  0  0  46  0  0  0  0  0  0  0 
1441642157  0  0  0  0  0  0  0  0  0  4099872  0  0  0  0  0  0  0  0  0  21  0  0  0  0  0  46  0  0  0  0  0  0  0 
1441642157  0  0  0  0  0  0  0  0  0  4099872  0  0  0  0  0  0  0  0  0  21  0  0  0  0  0  46  0  0  0  0  0  0  0 
1441642158  0  0  0  0  0  0  0  0  0  4099872  0  0  0  0  0  0  0  0  0  21  0  0  0  0  0  46  0  0  0  0  0  0  0 
1441642158  0  0  0  0  0  0  0  0  0  4099872  0  0  0  0  0  0  0  0  0  21  0  0  0  0  0  46  0  0  0  0  0  0  0 
1441642159  0  0  0  0  0  0  0  0  0  4099872  0  0  0  0  0  0  0  0  0  21  0  0  0  0  0  46  0  0  0  0  0  0  0 
1441642159  0  0  0  0  0  0  0  0  0  4099872  0  0  0  0  0  0  0  0  0  21  0  0  0  0  0  46  0  0  0  0  0  0  0 
1441642160  0  0  0  0  0  0  0  0  0  4099872  0  0  0  0  0  0  0  0  0  21  0  0  0  0  0  46  0  0  0  0  0  0  0 
1441642160  0  0  0  0  0  0  0  0  0  4099872  0  0  0  0  0  0  0  0  0  21  0  0  0  0  0  46  0  0  0  0  0  0  0 
1441642161  0  0  0  0  0  0  0  0  0  4099872  0  0  0  0  0  0  0  0  0  21  0  0  0  0  0  46  0  0  0  0  0  0  0 
1441642161  0  0  0  0  0  0  0  0  0  4099872  0  0  0  0  0  0  0  0  0  21  0  0  0  0  0  46  0  0  0  0  0  0  0 
1441642162  0  0  0  0  0  0  0  0  0  4099872  0  0  0  0  0  0  0  0  0  21  0  0  0  0  0  46  0  0  0  0  0  0  0 
1441642162  0  0  0  0  0  0  0  0  0  4099872  0  0  0  0  0  0  0  0  0  21  0  0  0  0  0  46  0  0  0  0  0  0  0 
1441642163  0  0  0  0  0  0  0  0  0  4099872  0  0  0  0  0  0  0  0  0  21  0  0  0  0  0  46  0  0  0  0  0  0  0 
1441642163  0  0  0  0  0  0  0  0  0  4099872  0  0  0  0  0  0  0  0  0  21  0  0  0  0  0  46  0  0  0  0  0  0  0 
1441642164  0  0  0  0  0  0  0  0  0  4106681  0  0  0  0  0  0  0  0  0  21  0  0  0  0  0  47  0  6809  0  0  0  0  0 
1441642164  0  0  0  0  0  0  0  0  0  4106681  0  0  0  0  0  0  0  0  0  21  0  0  0  0  0  47  0  0  0  0  0  0  0 
1441642165  0  0  0  0  0  0  0  0  0  4106681  0  0  0  0  0  0  0  0  0  21  0  0  0  0  0  47  0  0  0  0  0  0  0 
1441642165  0  0  0  0  0  0  0  0  0  4106681  0  0  0  0  0  0  0  0  0  21  0  0  0  0  0  47  0  0  0  0  0  0  0 
1441642166  0  0  0  0  0  0  0  0  0  4106681  0  0  0  0  0  0  0  0  0  21  0  0  0  0  0  47  0  0  0  0  0  0  0 
1441642166  0  0  0  0  0  0  0  0  0  4106681  0  0  0  0  0  0  0  0  0  21  0  0  0  0  0  47  0  0  0  0  0  0  0 
1441642167  0  0  0  0  0  0  0  0  0  4106681  0  0  0  0  0  0  0  0  0  21  0  0  0  0  0  47  0  0  0  0  0  0  0 
1441642168  0  0  0  0  0  0  0  0  0  4106681  0  0  0  0  0  0  0  0  0  21  0  0  0  0  0  47  0  0  0  0  0  0  0 
1441642168  0  0  0  0  0  0  0  0  0  4106681  0  0  0  0  0  0  0  0  0  21  0  0  0  0  0  47  0  0  0  0  0  0  0 
1441642169  0  0  0  0  0  0  0  0  0  4106681  0  0  0  0  0  0  0  0  0  21  0  0  0  0  0  47  0  0  0  0  0  0  0 
1441642169  0  0  0  0  0  0  0  0  0  4106681  0  0  0  0  0  0  0  0  0  21  0  0  0  0  0  47  0  0  0  0  0  0  0 
1441642170  0  0  0  0  0  0  0  0  0  4106681  0  0  0  0  0  0  0  0  0  21  0  0  0  0  0  47  0  0  0  0  0  0  0 
1441642170  0  0  0  0  0  0  0  0  0  4106681  0  0  0  0  0  0  0  0  0  21  0  0  0  0  0  47  0  0  0  0  0  0  0 
1441642171  0  0  0  0  0  0  0  0  0  4106681  0  0  0  0  0  0  0  0  0  21  0  0  0  0  0  47  0  0  0  0  0  0  0 
1441642171  0  0  0  0  0  0  0  0  0  4106681  0  0  0  0  0  0  0  0  0  21  0  0  0  0  0  47  0  0  0  0  0  0  0 
1441642172  0  0  0  0  0  0  0  0  0  4106681  0  0  0  0  0  0  0  0  0  21  0  0  0  0  0  47  0  0  0  0  0  0  0 
1441642172  0  0  0  0  0  0  0  0  0  4106681  0  0  0  0  0  0  0  0  0  21  0  0  0  0  0  47  0  0  0  0  0  0  0 
1441642173  0  0  0  0  0  0  0  0  0  4106681  0  0  0  0  0  0  0  0  0  21  0  0  0  0  0  47  0  0  0  0  0  0  0 
1441642173  0  0  0  0  0  0  0  0  0  4106681  0  0  0  0  0  0  0  0  0  21  0  0  0  0  0  47  0  0  0  0  0  0  0 
1441642174  0  0  0  0  0  0  0  0  0  4106681  0  0  0  0  0  0  0  0  0  21  0  0  0  0  0  47  0  0  0  0  0  0  0 
1441642174  0  0  0  0  0  0  0  0  0  4109194  0  0  0  0  0  0  0  0  0  21  0  0  0  0  0  48  0  2513  0  0  0  0  0 
1441642175  0  0  0  0  0  0  0  0  0  4109194  0  0  0  0  0  0  0  0  0  21  0  0  0  0  0  48  0  0  0  0  0  0  0 
1441642175  0  0  0  0  0  0  0  0  0  4109194  0  0  0  0  0  0  0  0  0  21  0  0  0  0  0  48  0  0  0  0  0  0  0 
1441642176  0  0  0  0  0  0  0  0  0  4109194  0  0  0  0  0  0  0  0  0  21  0  0  0  0  0  48  0  0  0  0  0  0  0 
1441642176  0  0  0  0  0  0  0  0  0  4109194  0  0  0  0  0  0  0  0  0  21  0  0  0  0  0  48  0  0  0  0  0  0  0 
1441642177  0  0  0  0  0  0  0  0  0  4109194  0  0  0  0  0  0  0  0  0  21  0  0  0  0  0  48  0  0  0  0  0  0  0 
1441642177  0  0  0  0  0  0  0  0  0  4109194  0  0  0  0  0  0  0  0  0  21  0  0  0  0  0  48  0  0  0  0  0  0  0 
1441642178  0  0  0  0  0  0  0  0  0  4109194  0  0  0  0  0  0  0  0  0  21  0  0  0  0  0  48  0  0  0  0  0  0  0 
1441642178  0  0  0  0  0  0  0  0  0  4109194  0  0  0  0  0  0  0  0  0  21  0  0  0  0  0  48  0  0  0  0  0  0  0 
1441642179  0  0  0  0  0  0  0  0  0  4109194  0  0  0  0  0  0  0  0  0  21  0  0  0  0  0  48  0  0  0  0  0  0  0 
1441642179  0  0  0  0  0  0  0  0  0  4109194  0  0  0  0  0  0  0  0  0  21  0  0  0  0  0  48  0  0  0  0  0  0  0 
1441642180  0  0  0  0  0  0  0  0  0  4109194  0  0  0  0  0  0  0  0  0  21  0  0  0  0  0  48  0  0  0  0  0  0  0 
1441642180  0  0  0  0  0  0  0  0  0  4109194  0  0  0  0  0  0  0  0  0  21  0  0  0  0  0  48  0  0  0  0  0  0  0 
1441642181  0  0  0  0  0  0  0  0  0  4109194  0  0  0  0  0  0  0  0  0  21  0  0  0  0  0  48  0  0  0  0  0  0  0 
1441642181  0  0  0  0  0  0  0  0  0  4109194  0  0  0  0  0  0  0  0  0  21  0  0  0  0  0  48  0  0  0  0  0  0  0 
1441642182  0  0  0  0  0  0  0  0  0  4109194  0  0  0  0  0  0  0  0  0  21  0  0  0  0  0  48  0  0  0  0  0  0  0 
1441642182  0  0  0  0  0  0  0  0  0  4109194  0  0  0  0  0  0  0  0  0  21  0  0  0  0  0  48  0  0  0  0  0  0  0 
1441642183  0  0  0  0  0  0  0  0  0  4109194  0  0  0  0  0  0  0  0  0  21  0  0  0  0  0  48  0  0  0  0  0  0  0 
1441642183  0  0  0  0  0  0  0  0  0  4109194  0  0  0  0  0  0  0  0  0  21  0  0  0  0  0  48  0  0  0  0  0  0  0 
1441642184  0  0  0  0  0  0  0  0  0  4109194  0  0  0  0  0  0  0  0  0  21  0  0  0  0  0  48  0  0  0  0  0  0  0 
1441642184  0  0  0  0  0  0  0  0  0  4112201  0  0  0  0  0  0  0  0  0  21  0  0  0  0  0  49  0  3007  0  0  0  0  0 
1441642185  0  0  0  0  0  0  0  0  0  4112201  0  0  0  0  0  0  0  0  0  21  0  0  0  0  0  49  0  0  0  0  0  0  0 
1441642185  0  0  0  0  0  0  0  0  0  4112201  0  0  0  0  0  0  0  0  0  21  0  0  0  0  0  49  0  0  0  0  0  0  0 
1441642186  0  0  0  0  0  0  0  0  0  4112201  0  0  0  0  0  0  0  0  0  21  0  0  0  0  0  49  0  0  0  0  0  0  0 
1441642186  0  0  0  0  0  0  0  0  0  4112201  0  0  0  0  0  0  0  0  0  21  0  0  0  0  0  49  0  0  0  0  0  0  0 
1441642187  0  0  0  0  0  0  0  0  0  4112201  0  0  0  0  0  0  0  0  0  21  0  0  0  0  0  49  0  0  0  0  0  0  0 
1441642187  0  0  0  0  0  0  0  0  0  4112201  0  0  0  0  0  0  0  0  0  21  0  0  0  0  0  49  0  0  0  0  0  0  0 
1441642188  0  0  0  0  0  0  0  0  0  4112201  0  0  0  0  0  0  0  0  0  21  0  0  0  0  0  49  0  0  0  0  0  0  0 
1441642188  0  0  0  0  0  0  0  0  0  4112201  0  0  0  0  0  0  0  0  0  21  0  0  0  0  0  49  0  0  0  0  0  0  0 
1441642189  0  0  0  0  0  0  0  0  0  4112201  0  0  0  0  0  0  0  0  0  21  0  0  0  0  0  49  0  0  0  0  0  0  0 
1441642189  0  0  0  0  0  0  0  0  0  4112201  0  0  0  0  0  0  0  0  0  21  0  0  0  0  0  49  0  0  0  0  0  0  0 
1441642190  0  0  0  0  0  0  0  0  0  4112201  0  0  0  0  0  0  0  0  0  21  0  0  0  0  0  49  0  0  0  0  0  0  0 
1441642190  0  0  0  0  0  0  0  0  0  4112201  0  0  0  0  0  0  0  0  0  21  0  0  0  0  0  49  0  0  0  0  0  0  0 
1441642191  0  0  0  0  0  0  0  0  0  4112201  0  0  0  0  0  0  0  0  0  21  0  0  0  0  0  49  0  0  0  0  0  0  0 
1441642191  0  0  0  0  0  0  0  0  0  4112201  0  0  0  0  0  0  0  0  0  21  0  0  0  0  0  49  0  0  0  0  0  0  0 
1441642192  0  0  0  0  0  0  0  0  0  4112201  0  0  0  0  0  0  0  0  0  21  0  0  0  0  0  49  0  0  0  0  0  0  0 
1441642192  0  0  0  0  0  0  0  0  0  4112201  0  0  0  0  0  0  0  0  0  21  0  0  0  0  0  49  0  0  0  0  0  0  0 
1441642193  0  0  0  0  0  0  0  0  0  4112201  0  0  0  0  0  0  0  0  0  21  0  0  0  0  0  49  0  0  0  0  0  0  0 
1441642193  0  0  0  0  0  0  0  0  0  4112201  0  0  0  0  0  0  0  0  0  21  0  0  0  0  0  49  0  0  0  0  0  0  0 
1441642194  0  0  0  0  0  0  0  0  0  4115346  0  0  0  0  0  0  0  0  0  21  0  0  0  0  0  50  0  3145  0  0  0  0  0 
1441642194  0  0  0  0  0  0  0  0  0  4115346  0  0  0  0  0  0  0  0  0  21  0  0  0  0  0  50  0  0  0  0  0  0  0 
1441642195  0  0  0  0  0  0  0  0  0  4115346  0  0  0  0  0  0  0  0  0  21  0  0  0  0  0  50  0  0  0  0  0  0  0 
1441642195  0  0  0  0  0  0  0  0  0  4115346  0  0  0  0  0  0  0  0  0  21  0  0  0  0  0  50  0  0  0  0  0  0  0 
1441642196  0  0  0  0  0  0  0  0  0  4115346  0  0  0  0  0  0  0  0  0  21  0  0  0  0  0  50  0  0  0  0  0  0  0 
1441642196  0  0  0  0  0  0  0  0  0  4115346  0  0  0  0  0  0  0  0  0  21  0  0  0  0  0  50  0  0  0  0  0  0  0 
1441642197  0  0  0  0  0  0  0  0  0  4115346  0  0  0  0  0  0  0  0  0  21  0  0  0  0  0  50  0  0  0  0  0  0  0 
1441642197  0  0  0  0  0  0  0  0  0  4115346  0  0  0  0  0  0  0  0  0  21  0  0  0  0  0  50  0  0  0  0  0  0  0 
1441642198  0  0  0  0  0  0  0  0  0  4115346  0  0  0  0  0  0  0  0  0  21  0  0  0  0  0  50  0  0  0  0  0  0  0 
1441642198  0  0  0  0  0  0  0  0  0  4115346  0  0  0  0  0  0  0  0  0  21  0  0  0  0  0  50  0  0  0  0  0  0  0 
1441642199  0  0  0  0  0  0  0  0  0  4115346  0  0  0  0  0  0  0  0  0  21  0  0  0  0  0  50  0  0  0  0  0  0  0 
1441642199  0  0  0  0  0  0  0  0  0  4115346  0  0  0  0  0  0  0  0  0  21  0  0  0  0  0  50  0  0  0  0  0  0  0 
1441642200  0  0  0  0  0  0  0  0  0  4115346  0  0  0  0  0  0  0  0  0  21  0  0  0  0  0  50  0  0  0  0  0  0  0 
1441642200  0  0  0  0  0  0  0  0  0  4115346  0  0  0  0  0  0  0  0  0  21  0  0  0  0  0  50  0  0  0  0  0  0  0 
1441642201  0  0  0  0  0  0  0  0  0  4115346  0  0  0  0  0  0  0  0  0  21  0  0  0  0  0  50  0  0  0  0  0  0  0 
1441642201  0  0  0  0  0  0  0  0  0  4115346  0  0  0  0  0  0  0  0  0  21  0  0  0  0  0  50  0  0  0  0  0  0  0 
1441642202  0  0  0  0  0  0  0  0  0  4115346  0  0  0  0  0  0  0  0  0  21  0  0  0  0  0  50  0  0  0  0  0  0  0 
1441642203  0  0  0  0  0  0  0  0  0  4115346  0  0  0  0  0  0  0  0  0  21  0  0  0  0  0  50  0  0  0  0  0  0  0 
1441642203  0  0  0  0  0  0  0  0  0  4115346  0  0  0  0  0  0  0  0  0  21  0  0  0  0  0  50  0  0  0  0  0  0  0 
1441642204  0  0  0  0  0  0  0  0  0  4115346  0  0  0  0  0  0  0  0  0  21  0  0  0  0  0  50  0  0  0  0  0  0  0 
1441642204  0  0  0  0  0  0  0  0  0  4115346  0  0  0  0  0  0  0  0  0  21  0  0  0  0  0  50  0  0  0  0  0  0  0 
1441642205  0  0  0  0  0  0  0  0  0  4117965  0  0  0  0  0  0  0  0  0  21  0  0  0  0  0  51  0  2619  0  0  0  0  0 
1441642205  0  0  0  0  0  0  0  0  0  4117965  0  0  0  0  0  0  0  0  0  21  0  0  0  0  0  51  0  0  0  0  0  0  0 
1441642206  0  0  0  0  0  0  0  0  0  4117965  0  0  0  0  0  0  0  0  0  21  0  0  0  0  0  51  0  0  0  0  0  0  0 
1441642206  0  0  0  0  0  0  0  0  0  4117965  0  0  0  0  0  0  0  0  0  21  0  0  0  0  0  51  0  0  0  0  0  0  0 
1441642207  0  0  0  0  0  0  0  0  0  4117965  0  0  0  0  0  0  0  0  0  21  0  0  0  0  0  51  0  0  0  0  0  0  0 
1441642207  0  0  0  0  0  0  0  0  0  4117965  0  0  0  0  0  0  0  0  0  21  0  0  0  0  0  51  0  0  0  0  0  0  0 
1441642208  0  0  0  0  0  0  0  0  0  4117965  0  0  0  0  0  0  0  0  0  21  0  0  0  0  0  51  0  0  0  0  0  0  0 
1441642208  0  0  0  0  0  0  0  0  0  4117965  0  0  0  0  0  0  0  0  0  21  0  0  0  0  0  51  0  0  0  0  0  0  0 
1441642209  0  0  0  0  0  0  0  0  0  4117965  0  0  0  0  0  0  0  0  0  21  0  0  0  0  0  51  0  0  0  0  0  0  0 
1441642209  0  0  0  0  0  0  0  0  0  4117965  0  0  0  0  0  0  0  0  0  21  0  0  0  0  0  51  0  0  0  0  0  0  0 
1441642210  0  0  0  0  0  0  0  0  0  4117965  0  0  0  0  0  0  0  0  0  21  0  0  0  0  0  51  0  0  0  0  0  0  0 
1441642210  0  0  0  0  0  0  0  0  0  4117965  0  0  0  0  0  0  0  0  0  21  0  0  0  0  0  51  0  0  0  0  0  0  0 
1441642211  0  0  0  0  0  0  0  0  0  4117965  0  0  0  0  0  0  0  0  0  21  0  0  0  0  0  51  0  0  0  0  0  0  0 
1441642211  0  0  0  0  0  0  0  0  0  4117965  0  0  0  0  0  0  0  0  0  21  0  0  0  0  0  51  0  0  0  0  0  0  0 
1441642212  0  0  0  0  0  0  0  0  0  4117965  0  0  0  0  0  0  0  0  0  21  0  0  0  0  0  51  0  0  0  0  0  0  0 
1441642212  0  0  0  0  0  0  0  0  0  4117965  0  0  0  0  0  0  0  0  0  21  0  0  0  0  0  51  0  0  0  0  0  0  0 
1441642213  0  0  0  0  0  0  0  0  0  4117965  0  0  0  0  0  0  0  0  0  21  0  0  0  0  0  51  0  0  0  0  0  0  0 
1441642213  0  0  0  0  0  0  0  0  0  4117965  0  0  0  0  0  0  0  0  0  21  0  0  0  0  0  51  0  0  0  0  0  0  0 
1441642214  0  0  0  0  0  0  0  0  0  4117965  0  0  0  0  0  0  0  0  0  21  0  0  0  0  0  51  0  0  0  0  0  0  0 
1441642214  0  0  0  0  0  0  0  0  0  4164099  0  0  0  0  0  0  0  0  0  23  0  0  0  0  0  55  0  46134  0  0  0  0  0 
1441642215  0  0  0  0  0  0  0  0  0  4164099  0  0  0  0  0  0  0  0  0  23  0  0  0  0  0  55  0  0  0  0  0  0  0 
1441642215  0  0  0  0  0  0  0  0  0  4212584  0  0  0  0  0  0  0  0  0  25  0  0  0  0  0  64  0  48485  0  0  0  0  0 
1441642216  0  0  0  0  0  0  0  0  0  4212584  0  0  0  0  0  0  0  0  0  25  0  0  0  0  0  64  0  0  0  0  0  0  0 
