#Type:X;CI:13;ww:0;ca:0;co:1;fr:0;Type:X;CI:13;PI:0;PT:EP;U0:0;U1:0;
#time  Pp  gt  gs  cn  cm  cb  Nc  Pc  cp  Tc  Nm  pr  ps  pt  px  pd  Pm  Om  fs  ft  Oc  Em  Gp  Ec  Ge  ot  os  Total_cycles_diff  Successful_get_diff  Total_get_diff  succ_put_diff  total_put_diff  get_hit  
1441642248  0  0  0  0  0  0  0  0  0  27046  0  0  0  0  0  0  0  0  0  0  0  0  0  0  0  0  0  27046  0  0  0  0  
1441642249  0  0  0  0  0  0  0  0  0  27046  0  0  0  0  0  0  0  0  0  0  0  0  0  0  0  0  0  0  0  0  0  0  0 
1441642249  0  0  0  0  0  0  0  0  0  801274  0  0  0  0  0  0  0  0  0  0  0  0  0  0  0  0  0  774228  0  0  0  0  0 
1441642250  0  0  0  0  0  0  0  0  0  1316109  0  0  0  0  0  0  0  0  0  0  0  0  0  0  0  0  0  514835  0  0  0  0  0 
1441642250  0  0  0  0  0  0  0  0  0  1588527  0  0  0  0  0  0  0  0  0  0  0  0  0  0  0  0  0  272418  0  0  0  0  0 
1441642251  0  0  0  0  0  0  0  0  0  1945607  0  0  0  0  0  0  0  0  0  0  0  0  0  0  0  0  0  357080  0  0  0  0  0 
1441642251  0  0  0  0  0  0  0  0  0  2258738  0  0  0  0  0  0  0  0  0  13  0  0  0  0  0  39  0  313131  0  0  0  0  0 
1441642252  0  0  0  0  0  0  0  0  0  2258738  0  0  0  0  0  0  0  0  0  13  0  0  0  0  0  39  0  0  0  0  0  0  0 
1441642252  0  0  0  0  0  0  0  0  0  2999826  0  0  0  0  0  0  0  0  0  15  0  0  0  0  0  41  0  741088  0  0  0  0  0 
1441642253  0  0  0  0  0  0  0  0  0  3654130  0  0  0  0  0  0  0  0  0  21  0  0  0  0  0  46  0  654304  0  0  0  0  0 
1441642253  0  0  0  0  0  0  0  0  0  3755985  0  0  0  0  0  0  0  0  0  21  0  0  0  0  0  46  0  101855  0  0  0  0  0 
1441642254  0  0  0  0  0  0  0  0  0  3755985  0  0  0  0  0  0  0  0  0  21  0  0  0  0  0  46  0  0  0  0  0  0  0 
1441642254  0  0  0  0  0  0  0  0  0  3755985  0  0  0  0  0  0  0  0  0  21  0  0  0  0  0  46  0  0  0  0  0  0  0 
1441642255  0  0  0  0  0  0  0  0  0  3755985  0  0  0  0  0  0  0  0  0  21  0  0  0  0  0  46  0  0  0  0  0  0  0 
1441642255  0  0  0  0  0  0  0  0  0  3755985  0  0  0  0  0  0  0  0  0  21  0  0  0  0  0  46  0  0  0  0  0  0  0 
1441642256  0  0  0  0  0  0  0  0  0  3755985  0  0  0  0  0  0  0  0  0  21  0  0  0  0  0  46  0  0  0  0  0  0  0 
1441642256  0  0  0  0  0  0  0  0  0  3755985  0  0  0  0  0  0  0  0  0  21  0  0  0  0  0  46  0  0  0  0  0  0  0 
1441642257  0  0  0  0  0  0  0  0  0  3755985  0  0  0  0  0  0  0  0  0  21  0  0  0  0  0  46  0  0  0  0  0  0  0 
1441642257  0  0  0  0  0  0  0  0  0  3755985  0  0  0  0  0  0  0  0  0  21  0  0  0  0  0  46  0  0  0  0  0  0  0 
1441642258  0  0  0  0  0  0  0  0  0  3755985  0  0  0  0  0  0  0  0  0  21  0  0  0  0  0  46  0  0  0  0  0  0  0 
1441642258  0  0  0  0  0  0  0  0  0  3755985  0  0  0  0  0  0  0  0  0  21  0  0  0  0  0  46  0  0  0  0  0  0  0 
1441642259  0  0  0  0  0  0  0  0  0  3755985  0  0  0  0  0  0  0  0  0  21  0  0  0  0  0  46  0  0  0  0  0  0  0 
1441642259  0  0  0  0  0  0  0  0  0  3755985  0  0  0  0  0  0  0  0  0  21  0  0  0  0  0  46  0  0  0  0  0  0  0 
1441642260  0  0  0  0  0  0  0  0  0  3755985  0  0  0  0  0  0  0  0  0  21  0  0  0  0  0  46  0  0  0  0  0  0  0 
1441642260  0  0  0  0  0  0  0  0  0  3755985  0  0  0  0  0  0  0  0  0  21  0  0  0  0  0  46  0  0  0  0  0  0  0 
1441642261  0  0  0  0  0  0  0  0  0  3755985  0  0  0  0  0  0  0  0  0  21  0  0  0  0  0  46  0  0  0  0  0  0  0 
1441642261  0  0  0  0  0  0  0  0  0  3755985  0  0  0  0  0  0  0  0  0  21  0  0  0  0  0  46  0  0  0  0  0  0  0 
1441642262  0  0  0  0  0  0  0  0  0  3755985  0  0  0  0  0  0  0  0  0  21  0  0  0  0  0  46  0  0  0  0  0  0  0 
1441642263  0  0  0  0  0  0  0  0  0  3755985  0  0  0  0  0  0  0  0  0  21  0  0  0  0  0  46  0  0  0  0  0  0  0 
1441642263  0  0  0  0  0  0  0  0  0  3755985  0  0  0  0  0  0  0  0  0  21  0  0  0  0  0  46  0  0  0  0  0  0  0 
1441642264  0  0  0  0  0  0  0  0  0  3755985  0  0  0  0  0  0  0  0  0  21  0  0  0  0  0  46  0  0  0  0  0  0  0 
1441642264  0  0  0  0  0  0  0  0  0  3755985  0  0  0  0  0  0  0  0  0  21  0  0  0  0  0  46  0  0  0  0  0  0  0 
1441642265  0  0  0  0  0  0  0  0  0  3755985  0  0  0  0  0  0  0  0  0  21  0  0  0  0  0  46  0  0  0  0  0  0  0 
1441642265  0  0  0  0  0  0  0  0  0  3755985  0  0  0  0  0  0  0  0  0  21  0  0  0  0  0  46  0  0  0  0  0  0  0 
1441642266  0  0  0  0  0  0  0  0  0  3755985  0  0  0  0  0  0  0  0  0  21  0  0  0  0  0  46  0  0  0  0  0  0  0 
1441642266  0  0  0  0  0  0  0  0  0  3755985  0  0  0  0  0  0  0  0  0  21  0  0  0  0  0  46  0  0  0  0  0  0  0 
1441642267  0  0  0  0  0  0  0  0  0  3755985  0  0  0  0  0  0  0  0  0  21  0  0  0  0  0  46  0  0  0  0  0  0  0 
1441642267  0  0  0  0  0  0  0  0  0  3755985  0  0  0  0  0  0  0  0  0  21  0  0  0  0  0  46  0  0  0  0  0  0  0 
1441642268  0  0  0  0  0  0  0  0  0  3755985  0  0  0  0  0  0  0  0  0  21  0  0  0  0  0  46  0  0  0  0  0  0  0 
1441642268  0  0  0  0  0  0  0  0  0  3755985  0  0  0  0  0  0  0  0  0  21  0  0  0  0  0  46  0  0  0  0  0  0  0 
1441642269  0  0  0  0  0  0  0  0  0  3755985  0  0  0  0  0  0  0  0  0  21  0  0  0  0  0  46  0  0  0  0  0  0  0 
1441642269  0  0  0  0  0  0  0  0  0  3755985  0  0  0  0  0  0  0  0  0  21  0  0  0  0  0  46  0  0  0  0  0  0  0 
1441642270  0  0  0  0  0  0  0  0  0  3755985  0  0  0  0  0  0  0  0  0  21  0  0  0  0  0  46  0  0  0  0  0  0  0 
1441642270  0  0  0  0  0  0  0  0  0  3755985  0  0  0  0  0  0  0  0  0  21  0  0  0  0  0  46  0  0  0  0  0  0  0 
1441642271  0  0  0  0  0  0  0  0  0  3755985  0  0  0  0  0  0  0  0  0  21  0  0  0  0  0  46  0  0  0  0  0  0  0 
1441642271  0  0  0  0  0  0  0  0  0  3755985  0  0  0  0  0  0  0  0  0  21  0  0  0  0  0  46  0  0  0  0  0  0  0 
1441642272  0  0  0  0  0  0  0  0  0  3755985  0  0  0  0  0  0  0  0  0  21  0  0  0  0  0  46  0  0  0  0  0  0  0 
1441642272  0  0  0  0  0  0  0  0  0  3755985  0  0  0  0  0  0  0  0  0  21  0  0  0  0  0  46  0  0  0  0  0  0  0 
1441642273  0  0  0  0  0  0  0  0  0  3755985  0  0  0  0  0  0  0  0  0  21  0  0  0  0  0  46  0  0  0  0  0  0  0 
1441642273  0  0  0  0  0  0  0  0  0  3755985  0  0  0  0  0  0  0  0  0  21  0  0  0  0  0  46  0  0  0  0  0  0  0 
1441642274  0  0  0  0  0  0  0  0  0  3755985  0  0  0  0  0  0  0  0  0  21  0  0  0  0  0  46  0  0  0  0  0  0  0 
1441642274  0  0  0  0  0  0  0  0  0  3755985  0  0  0  0  0  0  0  0  0  21  0  0  0  0  0  46  0  0  0  0  0  0  0 
1441642275  0  0  0  0  0  0  0  0  0  3755985  0  0  0  0  0  0  0  0  0  21  0  0  0  0  0  46  0  0  0  0  0  0  0 
1441642275  0  0  0  0  0  0  0  0  0  3755985  0  0  0  0  0  0  0  0  0  21  0  0  0  0  0  46  0  0  0  0  0  0  0 
1441642276  0  0  0  0  0  0  0  0  0  3755985  0  0  0  0  0  0  0  0  0  21  0  0  0  0  0  46  0  0  0  0  0  0  0 
1441642276  0  0  0  0  0  0  0  0  0  3755985  0  0  0  0  0  0  0  0  0  21  0  0  0  0  0  46  0  0  0  0  0  0  0 
1441642277  0  0  0  0  0  0  0  0  0  3755985  0  0  0  0  0  0  0  0  0  21  0  0  0  0  0  46  0  0  0  0  0  0  0 
1441642277  0  0  0  0  0  0  0  0  0  3755985  0  0  0  0  0  0  0  0  0  21  0  0  0  0  0  46  0  0  0  0  0  0  0 
1441642278  0  0  0  0  0  0  0  0  0  3755985  0  0  0  0  0  0  0  0  0  21  0  0  0  0  0  46  0  0  0  0  0  0  0 
1441642278  0  0  0  0  0  0  0  0  0  3755985  0  0  0  0  0  0  0  0  0  21  0  0  0  0  0  46  0  0  0  0  0  0  0 
1441642279  0  0  0  0  0  0  0  0  0  3755985  0  0  0  0  0  0  0  0  0  21  0  0  0  0  0  46  0  0  0  0  0  0  0 
1441642279  0  0  0  0  0  0  0  0  0  3755985  0  0  0  0  0  0  0  0  0  21  0  0  0  0  0  46  0  0  0  0  0  0  0 
1441642280  0  0  0  0  0  0  0  0  0  3755985  0  0  0  0  0  0  0  0  0  21  0  0  0  0  0  46  0  0  0  0  0  0  0 
1441642280  0  0  0  0  0  0  0  0  0  3755985  0  0  0  0  0  0  0  0  0  21  0  0  0  0  0  46  0  0  0  0  0  0  0 
1441642281  0  0  0  0  0  0  0  0  0  3755985  0  0  0  0  0  0  0  0  0  21  0  0  0  0  0  46  0  0  0  0  0  0  0 
1441642281  0  0  0  0  0  0  0  0  0  3755985  0  0  0  0  0  0  0  0  0  21  0  0  0  0  0  46  0  0  0  0  0  0  0 
1441642282  0  0  0  0  0  0  0  0  0  3755985  0  0  0  0  0  0  0  0  0  21  0  0  0  0  0  46  0  0  0  0  0  0  0 
1441642282  0  0  0  0  0  0  0  0  0  3755985  0  0  0  0  0  0  0  0  0  21  0  0  0  0  0  46  0  0  0  0  0  0  0 
1441642283  0  0  0  0  0  0  0  0  0  3755985  0  0  0  0  0  0  0  0  0  21  0  0  0  0  0  46  0  0  0  0  0  0  0 
1441642283  0  0  0  0  0  0  0  0  0  3755985  0  0  0  0  0  0  0  0  0  21  0  0  0  0  0  46  0  0  0  0  0  0  0 
1441642284  0  0  0  0  0  0  0  0  0  3755985  0  0  0  0  0  0  0  0  0  21  0  0  0  0  0  46  0  0  0  0  0  0  0 
1441642284  0  0  0  0  0  0  0  0  0  3755985  0  0  0  0  0  0  0  0  0  21  0  0  0  0  0  46  0  0  0  0  0  0  0 
1441642285  0  0  0  0  0  0  0  0  0  3755985  0  0  0  0  0  0  0  0  0  21  0  0  0  0  0  46  0  0  0  0  0  0  0 
1441642285  0  0  0  0  0  0  0  0  0  3755985  0  0  0  0  0  0  0  0  0  21  0  0  0  0  0  46  0  0  0  0  0  0  0 
1441642286  0  0  0  0  0  0  0  0  0  3755985  0  0  0  0  0  0  0  0  0  21  0  0  0  0  0  46  0  0  0  0  0  0  0 
1441642286  0  0  0  0  0  0  0  0  0  3755985  0  0  0  0  0  0  0  0  0  21  0  0  0  0  0  46  0  0  0  0  0  0  0 
1441642287  0  0  0  0  0  0  0  0  0  3755985  0  0  0  0  0  0  0  0  0  21  0  0  0  0  0  46  0  0  0  0  0  0  0 
1441642287  0  0  0  0  0  0  0  0  0  3755985  0  0  0  0  0  0  0  0  0  21  0  0  0  0  0  46  0  0  0  0  0  0  0 
1441642288  0  0  0  0  0  0  0  0  0  3755985  0  0  0  0  0  0  0  0  0  21  0  0  0  0  0  46  0  0  0  0  0  0  0 
1441642288  0  0  0  0  0  0  0  0  0  3755985  0  0  0  0  0  0  0  0  0  21  0  0  0  0  0  46  0  0  0  0  0  0  0 
1441642289  0  0  0  0  0  0  0  0  0  3755985  0  0  0  0  0  0  0  0  0  21  0  0  0  0  0  46  0  0  0  0  0  0  0 
1441642289  0  0  0  0  0  0  0  0  0  3755985  0  0  0  0  0  0  0  0  0  21  0  0  0  0  0  46  0  0  0  0  0  0  0 
1441642290  0  0  0  0  0  0  0  0  0  3755985  0  0  0  0  0  0  0  0  0  21  0  0  0  0  0  46  0  0  0  0  0  0  0 
1441642290  0  0  0  0  0  0  0  0  0  3755985  0  0  0  0  0  0  0  0  0  21  0  0  0  0  0  46  0  0  0  0  0  0  0 
1441642291  0  0  0  0  0  0  0  0  0  3755985  0  0  0  0  0  0  0  0  0  21  0  0  0  0  0  46  0  0  0  0  0  0  0 
1441642291  0  0  0  0  0  0  0  0  0  3755985  0  0  0  0  0  0  0  0  0  21  0  0  0  0  0  46  0  0  0  0  0  0  0 
1441642292  0  0  0  0  0  0  0  0  0  3755985  0  0  0  0  0  0  0  0  0  21  0  0  0  0  0  46  0  0  0  0  0  0  0 
1441642292  0  0  0  0  0  0  0  0  0  3755985  0  0  0  0  0  0  0  0  0  21  0  0  0  0  0  46  0  0  0  0  0  0  0 
1441642293  0  0  0  0  0  0  0  0  0  3755985  0  0  0  0  0  0  0  0  0  21  0  0  0  0  0  46  0  0  0  0  0  0  0 
1441642294  0  0  0  0  0  0  0  0  0  3755985  0  0  0  0  0  0  0  0  0  21  0  0  0  0  0  46  0  0  0  0  0  0  0 
1441642294  0  0  0  0  0  0  0  0  0  3755985  0  0  0  0  0  0  0  0  0  21  0  0  0  0  0  46  0  0  0  0  0  0  0 
1441642295  0  0  0  0  0  0  0  0  0  3755985  0  0  0  0  0  0  0  0  0  21  0  0  0  0  0  46  0  0  0  0  0  0  0 
1441642295  0  0  0  0  0  0  0  0  0  3755985  0  0  0  0  0  0  0  0  0  21  0  0  0  0  0  46  0  0  0  0  0  0  0 
1441642296  0  0  0  0  0  0  0  0  0  3755985  0  0  0  0  0  0  0  0  0  21  0  0  0  0  0  46  0  0  0  0  0  0  0 
1441642296  0  0  0  0  0  0  0  0  0  3755985  0  0  0  0  0  0  0  0  0  21  0  0  0  0  0  46  0  0  0  0  0  0  0 
1441642297  0  0  0  0  0  0  0  0  0  3755985  0  0  0  0  0  0  0  0  0  21  0  0  0  0  0  46  0  0  0  0  0  0  0 
1441642297  0  0  0  0  0  0  0  0  0  3755985  0  0  0  0  0  0  0  0  0  21  0  0  0  0  0  46  0  0  0  0  0  0  0 
1441642298  0  0  0  0  0  0  0  0  0  3755985  0  0  0  0  0  0  0  0  0  21  0  0  0  0  0  46  0  0  0  0  0  0  0 
1441642298  0  0  0  0  0  0  0  0  0  3755985  0  0  0  0  0  0  0  0  0  21  0  0  0  0  0  46  0  0  0  0  0  0  0 
1441642299  0  0  0  0  0  0  0  0  0  3755985  0  0  0  0  0  0  0  0  0  21  0  0  0  0  0  46  0  0  0  0  0  0  0 
1441642299  0  0  0  0  0  0  0  0  0  3755985  0  0  0  0  0  0  0  0  0  21  0  0  0  0  0  46  0  0  0  0  0  0  0 
1441642300  0  0  0  0  0  0  0  0  0  3755985  0  0  0  0  0  0  0  0  0  21  0  0  0  0  0  46  0  0  0  0  0  0  0 
1441642300  0  0  0  0  0  0  0  0  0  3755985  0  0  0  0  0  0  0  0  0  21  0  0  0  0  0  46  0  0  0  0  0  0  0 
1441642301  0  0  0  0  0  0  0  0  0  3755985  0  0  0  0  0  0  0  0  0  21  0  0  0  0  0  46  0  0  0  0  0  0  0 
1441642301  0  0  0  0  0  0  0  0  0  3755985  0  0  0  0  0  0  0  0  0  21  0  0  0  0  0  46  0  0  0  0  0  0  0 
1441642302  0  0  0  0  0  0  0  0  0  3755985  0  0  0  0  0  0  0  0  0  21  0  0  0  0  0  46  0  0  0  0  0  0  0 
1441642302  0  0  0  0  0  0  0  0  0  3755985  0  0  0  0  0  0  0  0  0  21  0  0  0  0  0  46  0  0  0  0  0  0  0 
1441642303  0  0  0  0  0  0  0  0  0  3755985  0  0  0  0  0  0  0  0  0  21  0  0  0  0  0  46  0  0  0  0  0  0  0 
1441642303  0  0  0  0  0  0  0  0  0  3755985  0  0  0  0  0  0  0  0  0  21  0  0  0  0  0  46  0  0  0  0  0  0  0 
1441642304  0  0  0  0  0  0  0  0  0  3755985  0  0  0  0  0  0  0  0  0  21  0  0  0  0  0  46  0  0  0  0  0  0  0 
1441642304  0  0  0  0  0  0  0  0  0  3755985  0  0  0  0  0  0  0  0  0  21  0  0  0  0  0  46  0  0  0  0  0  0  0 
1441642305  0  0  0  0  0  0  0  0  0  3755985  0  0  0  0  0  0  0  0  0  21  0  0  0  0  0  46  0  0  0  0  0  0  0 
1441642305  0  0  0  0  0  0  0  0  0  3763477  0  0  0  0  0  0  0  0  0  21  0  0  0  0  0  47  0  7492  0  0  0  0  0 
1441642306  0  0  0  0  0  0  0  0  0  3763477  0  0  0  0  0  0  0  0  0  21  0  0  0  0  0  47  0  0  0  0  0  0  0 
1441642306  0  0  0  0  0  0  0  0  0  3763477  0  0  0  0  0  0  0  0  0  21  0  0  0  0  0  47  0  0  0  0  0  0  0 
1441642307  0  0  0  0  0  0  0  0  0  3763477  0  0  0  0  0  0  0  0  0  21  0  0  0  0  0  47  0  0  0  0  0  0  0 
1441642307  0  0  0  0  0  0  0  0  0  3763477  0  0  0  0  0  0  0  0  0  21  0  0  0  0  0  47  0  0  0  0  0  0  0 
1441642308  0  0  0  0  0  0  0  0  0  3763477  0  0  0  0  0  0  0  0  0  21  0  0  0  0  0  47  0  0  0  0  0  0  0 
1441642308  0  0  0  0  0  0  0  0  0  3763477  0  0  0  0  0  0  0  0  0  21  0  0  0  0  0  47  0  0  0  0  0  0  0 
1441642309  0  0  0  0  0  0  0  0  0  3763477  0  0  0  0  0  0  0  0  0  21  0  0  0  0  0  47  0  0  0  0  0  0  0 
1441642309  0  0  0  0  0  0  0  0  0  3763477  0  0  0  0  0  0  0  0  0  21  0  0  0  0  0  47  0  0  0  0  0  0  0 
1441642310  0  0  0  0  0  0  0  0  0  3763477  0  0  0  0  0  0  0  0  0  21  0  0  0  0  0  47  0  0  0  0  0  0  0 
1441642310  0  0  0  0  0  0  0  0  0  3763477  0  0  0  0  0  0  0  0  0  21  0  0  0  0  0  47  0  0  0  0  0  0  0 
1441642311  0  0  0  0  0  0  0  0  0  3763477  0  0  0  0  0  0  0  0  0  21  0  0  0  0  0  47  0  0  0  0  0  0  0 
1441642311  0  0  0  0  0  0  0  0  0  3763477  0  0  0  0  0  0  0  0  0  21  0  0  0  0  0  47  0  0  0  0  0  0  0 
1441642312  0  0  0  0  0  0  0  0  0  3763477  0  0  0  0  0  0  0  0  0  21  0  0  0  0  0  47  0  0  0  0  0  0  0 
1441642312  0  0  0  0  0  0  0  0  0  3763477  0  0  0  0  0  0  0  0  0  21  0  0  0  0  0  47  0  0  0  0  0  0  0 
1441642313  0  0  0  0  0  0  0  0  0  3763477  0  0  0  0  0  0  0  0  0  21  0  0  0  0  0  47  0  0  0  0  0  0  0 
1441642313  0  0  0  0  0  0  0  0  0  3763477  0  0  0  0  0  0  0  0  0  21  0  0  0  0  0  47  0  0  0  0  0  0  0 
1441642314  0  0  0  0  0  0  0  0  0  3763477  0  0  0  0  0  0  0  0  0  21  0  0  0  0  0  47  0  0  0  0  0  0  0 
1441642314  0  0  0  0  0  0  0  0  0  3763477  0  0  0  0  0  0  0  0  0  21  0  0  0  0  0  47  0  0  0  0  0  0  0 
1441642315  0  0  0  0  0  0  0  0  0  3763477  0  0  0  0  0  0  0  0  0  21  0  0  0  0  0  47  0  0  0  0  0  0  0 
1441642315  0  0  0  0  0  0  0  0  0  3766054  0  0  0  0  0  0  0  0  0  21  0  0  0  0  0  48  0  2577  0  0  0  0  0 
1441642316  0  0  0  0  0  0  0  0  0  3766054  0  0  0  0  0  0  0  0  0  21  0  0  0  0  0  48  0  0  0  0  0  0  0 
1441642316  0  0  0  0  0  0  0  0  0  3766054  0  0  0  0  0  0  0  0  0  21  0  0  0  0  0  48  0  0  0  0  0  0  0 
1441642317  0  0  0  0  0  0  0  0  0  3766054  0  0  0  0  0  0  0  0  0  21  0  0  0  0  0  48  0  0  0  0  0  0  0 
1441642317  0  0  0  0  0  0  0  0  0  3766054  0  0  0  0  0  0  0  0  0  21  0  0  0  0  0  48  0  0  0  0  0  0  0 
1441642318  0  0  0  0  0  0  0  0  0  3766054  0  0  0  0  0  0  0  0  0  21  0  0  0  0  0  48  0  0  0  0  0  0  0 
1441642318  0  0  0  0  0  0  0  0  0  3766054  0  0  0  0  0  0  0  0  0  21  0  0  0  0  0  48  0  0  0  0  0  0  0 
1441642319  0  0  0  0  0  0  0  0  0  3766054  0  0  0  0  0  0  0  0  0  21  0  0  0  0  0  48  0  0  0  0  0  0  0 
1441642319  0  0  0  0  0  0  0  0  0  3766054  0  0  0  0  0  0  0  0  0  21  0  0  0  0  0  48  0  0  0  0  0  0  0 
1441642320  0  0  0  0  0  0  0  0  0  3766054  0  0  0  0  0  0  0  0  0  21  0  0  0  0  0  48  0  0  0  0  0  0  0 
1441642320  0  0  0  0  0  0  0  0  0  3766054  0  0  0  0  0  0  0  0  0  21  0  0  0  0  0  48  0  0  0  0  0  0  0 
1441642321  0  0  0  0  0  0  0  0  0  3766054  0  0  0  0  0  0  0  0  0  21  0  0  0  0  0  48  0  0  0  0  0  0  0 
1441642321  0  0  0  0  0  0  0  0  0  3766054  0  0  0  0  0  0  0  0  0  21  0  0  0  0  0  48  0  0  0  0  0  0  0 
1441642322  0  0  0  0  0  0  0  0  0  3766054  0  0  0  0  0  0  0  0  0  21  0  0  0  0  0  48  0  0  0  0  0  0  0 
1441642322  0  0  0  0  0  0  0  0  0  3766054  0  0  0  0  0  0  0  0  0  21  0  0  0  0  0  48  0  0  0  0  0  0  0 
1441642323  0  0  0  0  0  0  0  0  0  3766054  0  0  0  0  0  0  0  0  0  21  0  0  0  0  0  48  0  0  0  0  0  0  0 
1441642323  0  0  0  0  0  0  0  0  0  3766054  0  0  0  0  0  0  0  0  0  21  0  0  0  0  0  48  0  0  0  0  0  0  0 
1441642324  0  0  0  0  0  0  0  0  0  3766054  0  0  0  0  0  0  0  0  0  21  0  0  0  0  0  48  0  0  0  0  0  0  0 
1441642324  0  0  0  0  0  0  0  0  0  3766054  0  0  0  0  0  0  0  0  0  21  0  0  0  0  0  48  0  0  0  0  0  0  0 
1441642325  0  0  0  0  0  0  0  0  0  3769242  0  0  0  0  0  0  0  0  0  21  0  0  0  0  0  49  0  3188  0  0  0  0  0 
1441642325  0  0  0  0  0  0  0  0  0  3769242  0  0  0  0  0  0  0  0  0  21  0  0  0  0  0  49  0  0  0  0  0  0  0 
1441642326  0  0  0  0  0  0  0  0  0  3769242  0  0  0  0  0  0  0  0  0  21  0  0  0  0  0  49  0  0  0  0  0  0  0 
1441642326  0  0  0  0  0  0  0  0  0  3769242  0  0  0  0  0  0  0  0  0  21  0  0  0  0  0  49  0  0  0  0  0  0  0 
1441642327  0  0  0  0  0  0  0  0  0  3769242  0  0  0  0  0  0  0  0  0  21  0  0  0  0  0  49  0  0  0  0  0  0  0 
1441642327  0  0  0  0  0  0  0  0  0  3769242  0  0  0  0  0  0  0  0  0  21  0  0  0  0  0  49  0  0  0  0  0  0  0 
1441642328  0  0  0  0  0  0  0  0  0  3769242  0  0  0  0  0  0  0  0  0  21  0  0  0  0  0  49  0  0  0  0  0  0  0 
1441642328  0  0  0  0  0  0  0  0  0  3769242  0  0  0  0  0  0  0  0  0  21  0  0  0  0  0  49  0  0  0  0  0  0  0 
1441642329  0  0  0  0  0  0  0  0  0  3769242  0  0  0  0  0  0  0  0  0  21  0  0  0  0  0  49  0  0  0  0  0  0  0 
1441642329  0  0  0  0  0  0  0  0  0  3769242  0  0  0  0  0  0  0  0  0  21  0  0  0  0  0  49  0  0  0  0  0  0  0 
1441642330  0  0  0  0  0  0  0  0  0  3769242  0  0  0  0  0  0  0  0  0  21  0  0  0  0  0  49  0  0  0  0  0  0  0 
1441642330  0  0  0  0  0  0  0  0  0  3769242  0  0  0  0  0  0  0  0  0  21  0  0  0  0  0  49  0  0  0  0  0  0  0 
1441642331  0  0  0  0  0  0  0  0  0  3769242  0  0  0  0  0  0  0  0  0  21  0  0  0  0  0  49  0  0  0  0  0  0  0 
1441642331  0  0  0  0  0  0  0  0  0  3769242  0  0  0  0  0  0  0  0  0  21  0  0  0  0  0  49  0  0  0  0  0  0  0 
1441642332  0  0  0  0  0  0  0  0  0  3769242  0  0  0  0  0  0  0  0  0  21  0  0  0  0  0  49  0  0  0  0  0  0  0 
1441642333  0  0  0  0  0  0  0  0  0  3769242  0  0  0  0  0  0  0  0  0  21  0  0  0  0  0  49  0  0  0  0  0  0  0 
1441642333  0  0  0  0  0  0  0  0  0  3769242  0  0  0  0  0  0  0  0  0  21  0  0  0  0  0  49  0  0  0  0  0  0  0 
1441642334  0  0  0  0  0  0  0  0  0  3769242  0  0  0  0  0  0  0  0  0  21  0  0  0  0  0  49  0  0  0  0  0  0  0 
1441642334  0  0  0  0  0  0  0  0  0  3769242  0  0  0  0  0  0  0  0  0  21  0  0  0  0  0  49  0  0  0  0  0  0  0 
1441642335  0  0  0  0  0  0  0  0  0  3769242  0  0  0  0  0  0  0  0  0  21  0  0  0  0  0  49  0  0  0  0  0  0  0 
1441642335  0  0  0  0  0  0  0  0  0  3772094  0  0  0  0  0  0  0  0  0  21  0  0  0  0  0  50  0  2852  0  0  0  0  0 
1441642336  0  0  0  0  0  0  0  0  0  3772094  0  0  0  0  0  0  0  0  0  21  0  0  0  0  0  50  0  0  0  0  0  0  0 
1441642336  0  0  0  0  0  0  0  0  0  3772094  0  0  0  0  0  0  0  0  0  21  0  0  0  0  0  50  0  0  0  0  0  0  0 
1441642337  0  0  0  0  0  0  0  0  0  3772094  0  0  0  0  0  0  0  0  0  21  0  0  0  0  0  50  0  0  0  0  0  0  0 
1441642337  0  0  0  0  0  0  0  0  0  3772094  0  0  0  0  0  0  0  0  0  21  0  0  0  0  0  50  0  0  0  0  0  0  0 
1441642338  0  0  0  0  0  0  0  0  0  3772094  0  0  0  0  0  0  0  0  0  21  0  0  0  0  0  50  0  0  0  0  0  0  0 
1441642338  0  0  0  0  0  0  0  0  0  3772094  0  0  0  0  0  0  0  0  0  21  0  0  0  0  0  50  0  0  0  0  0  0  0 
1441642339  0  0  0  0  0  0  0  0  0  3772094  0  0  0  0  0  0  0  0  0  21  0  0  0  0  0  50  0  0  0  0  0  0  0 
1441642339  0  0  0  0  0  0  0  0  0  3772094  0  0  0  0  0  0  0  0  0  21  0  0  0  0  0  50  0  0  0  0  0  0  0 
1441642340  0  0  0  0  0  0  0  0  0  3772094  0  0  0  0  0  0  0  0  0  21  0  0  0  0  0  50  0  0  0  0  0  0  0 
1441642340  0  0  0  0  0  0  0  0  0  3772094  0  0  0  0  0  0  0  0  0  21  0  0  0  0  0  50  0  0  0  0  0  0  0 
1441642341  0  0  0  0  0  0  0  0  0  3772094  0  0  0  0  0  0  0  0  0  21  0  0  0  0  0  50  0  0  0  0  0  0  0 
1441642341  0  0  0  0  0  0  0  0  0  3772094  0  0  0  0  0  0  0  0  0  21  0  0  0  0  0  50  0  0  0  0  0  0  0 
1441642342  0  0  0  0  0  0  0  0  0  3772094  0  0  0  0  0  0  0  0  0  21  0  0  0  0  0  50  0  0  0  0  0  0  0 
1441642342  0  0  0  0  0  0  0  0  0  3772094  0  0  0  0  0  0  0  0  0  21  0  0  0  0  0  50  0  0  0  0  0  0  0 
1441642343  0  0  0  0  0  0  0  0  0  3772094  0  0  0  0  0  0  0  0  0  21  0  0  0  0  0  50  0  0  0  0  0  0  0 
1441642343  0  0  0  0  0  0  0  0  0  3772094  0  0  0  0  0  0  0  0  0  21  0  0  0  0  0  50  0  0  0  0  0  0  0 
1441642344  0  0  0  0  0  0  0  0  0  3772094  0  0  0  0  0  0  0  0  0  21  0  0  0  0  0  50  0  0  0  0  0  0  0 
1441642344  0  0  0  0  0  0  0  0  0  3772094  0  0  0  0  0  0  0  0  0  21  0  0  0  0  0  50  0  0  0  0  0  0  0 
1441642345  0  0  0  0  0  0  0  0  0  3772094  0  0  0  0  0  0  0  0  0  21  0  0  0  0  0  50  0  0  0  0  0  0  0 
1441642345  0  0  0  0  0  0  0  0  0  3772094  0  0  0  0  0  0  0  0  0  21  0  0  0  0  0  50  0  0  0  0  0  0  0 
1441642346  0  0  0  0  0  0  0  0  0  3774970  0  0  0  0  0  0  0  0  0  21  0  0  0  0  0  51  0  2876  0  0  0  0  0 
1441642346  0  0  0  0  0  0  0  0  0  3774970  0  0  0  0  0  0  0  0  0  21  0  0  0  0  0  51  0  0  0  0  0  0  0 
1441642347  0  0  0  0  0  0  0  0  0  3774970  0  0  0  0  0  0  0  0  0  21  0  0  0  0  0  51  0  0  0  0  0  0  0 
1441642347  0  0  0  0  0  0  0  0  0  3774970  0  0  0  0  0  0  0  0  0  21  0  0  0  0  0  51  0  0  0  0  0  0  0 
1441642348  0  0  0  0  0  0  0  0  0  3774970  0  0  0  0  0  0  0  0  0  21  0  0  0  0  0  51  0  0  0  0  0  0  0 
1441642348  0  0  0  0  0  0  0  0  0  3774970  0  0  0  0  0  0  0  0  0  21  0  0  0  0  0  51  0  0  0  0  0  0  0 
1441642349  0  0  0  0  0  0  0  0  0  3774970  0  0  0  0  0  0  0  0  0  21  0  0  0  0  0  51  0  0  0  0  0  0  0 
1441642349  0  0  0  0  0  0  0  0  0  3774970  0  0  0  0  0  0  0  0  0  21  0  0  0  0  0  51  0  0  0  0  0  0  0 
1441642350  0  0  0  0  0  0  0  0  0  3774970  0  0  0  0  0  0  0  0  0  21  0  0  0  0  0  51  0  0  0  0  0  0  0 
1441642350  0  0  0  0  0  0  0  0  0  3774970  0  0  0  0  0  0  0  0  0  21  0  0  0  0  0  51  0  0  0  0  0  0  0 
1441642351  0  0  0  0  0  0  0  0  0  3774970  0  0  0  0  0  0  0  0  0  21  0  0  0  0  0  51  0  0  0  0  0  0  0 
1441642351  0  0  0  0  0  0  0  0  0  3774970  0  0  0  0  0  0  0  0  0  21  0  0  0  0  0  51  0  0  0  0  0  0  0 
1441642352  0  0  0  0  0  0  0  0  0  3774970  0  0  0  0  0  0  0  0  0  21  0  0  0  0  0  51  0  0  0  0  0  0  0 
1441642352  0  0  0  0  0  0  0  0  0  3774970  0  0  0  0  0  0  0  0  0  21  0  0  0  0  0  51  0  0  0  0  0  0  0 
1441642353  0  0  0  0  0  0  0  0  0  3774970  0  0  0  0  0  0  0  0  0  21  0  0  0  0  0  51  0  0  0  0  0  0  0 
1441642353  0  0  0  0  0  0  0  0  0  3774970  0  0  0  0  0  0  0  0  0  21  0  0  0  0  0  51  0  0  0  0  0  0  0 
1441642354  0  0  0  0  0  0  0  0  0  3774970  0  0  0  0  0  0  0  0  0  21  0  0  0  0  0  51  0  0  0  0  0  0  0 
1441642354  0  0  0  0  0  0  0  0  0  3774970  0  0  0  0  0  0  0  0  0  21  0  0  0  0  0  51  0  0  0  0  0  0  0 
1441642355  0  0  0  0  0  0  0  0  0  3774970  0  0  0  0  0  0  0  0  0  21  0  0  0  0  0  51  0  0  0  0  0  0  0 
1441642355  0  0  0  0  0  0  0  0  0  3774970  0  0  0  0  0  0  0  0  0  21  0  0  0  0  0  51  0  0  0  0  0  0  0 
1441642356  0  0  0  0  0  0  0  0  0  3844711  0  0  0  0  0  0  0  0  0  23  0  0  0  0  0  55  0  69741  0  0  0  0  0 
1441642356  0  0  0  0  0  0  0  0  0  3876166  0  0  0  0  0  0  0  0  0  25  0  0  0  0  0  64  0  31455  0  0  0  0  0 
1441642357  0  0  0  0  0  0  0  0  0  3876166  0  0  0  0  0  0  0  0  0  25  0  0  0  0  0  64  0  0  0  0  0  0  0 
