#Type:X;CI:3;ww:0;ca:0;co:1;fr:0;Type:X;CI:3;PI:0;PT:EP;U0:0;U1:0;
#time  Pp  gt  gs  cn  cm  cb  Nc  Pc  cp  Tc  Nm  pr  ps  pt  px  pd  Pm  Om  fs  ft  Oc  Em  Gp  Ec  Ge  ot  os  Total_cycles_diff  Successful_get_diff  Total_get_diff  succ_put_diff  total_put_diff  get_hit  
1441641540  0  0  0  0  0  0  0  0  0  64229  0  0  0  0  0  0  0  0  0  0  0  0  0  0  0  0  0  64229  0  0  0  0  
1441641541  0  0  0  0  0  0  0  0  0  64229  0  0  0  0  0  0  0  0  0  0  0  0  0  0  0  0  0  0  0  0  0  0  0 
1441641541  0  0  0  0  0  0  0  0  0  876779  0  0  0  0  0  0  0  0  0  0  0  0  0  0  0  0  0  812550  0  0  0  0  0 
1441641542  0  0  0  0  0  0  0  0  0  1258676  0  0  0  0  0  0  0  0  0  0  0  0  0  0  0  0  0  381897  0  0  0  0  0 
1441641542  0  0  0  0  0  0  0  0  0  1446604  0  0  0  0  0  0  0  0  0  0  0  0  0  0  0  0  0  187928  0  0  0  0  0 
1441641543  0  0  0  0  0  0  0  0  0  1755067  0  0  0  0  0  0  0  0  0  0  0  0  0  0  0  0  0  308463  0  0  0  0  0 
1441641543  0  0  0  0  0  0  0  0  0  2103255  0  0  0  0  0  0  0  0  0  13  0  0  0  0  0  39  0  348188  0  0  0  0  0 
1441641544  0  0  0  0  0  0  0  0  0  2979113  0  0  0  0  0  0  0  0  0  15  0  0  0  0  0  41  0  875858  0  0  0  0  0 
1441641544  0  0  0  0  0  0  0  0  0  2979113  0  0  0  0  0  0  0  0  0  15  0  0  0  0  0  41  0  0  0  0  0  0  0 
1441641545  0  0  0  0  0  0  0  0  0  3579103  0  0  0  0  0  0  0  0  0  21  0  0  0  0  0  46  0  599990  0  0  0  0  0 
1441641545  0  0  0  0  0  0  0  0  0  3673472  0  0  0  0  0  0  0  0  0  21  0  0  0  0  0  46  0  94369  0  0  0  0  0 
1441641546  0  0  0  0  0  0  0  0  0  3673472  0  0  0  0  0  0  0  0  0  21  0  0  0  0  0  46  0  0  0  0  0  0  0 
1441641546  0  0  0  0  0  0  0  0  0  3673472  0  0  0  0  0  0  0  0  0  21  0  0  0  0  0  46  0  0  0  0  0  0  0 
1441641547  0  0  0  0  0  0  0  0  0  3673472  0  0  0  0  0  0  0  0  0  21  0  0  0  0  0  46  0  0  0  0  0  0  0 
1441641547  0  0  0  0  0  0  0  0  0  3673472  0  0  0  0  0  0  0  0  0  21  0  0  0  0  0  46  0  0  0  0  0  0  0 
1441641548  0  0  0  0  0  0  0  0  0  3673472  0  0  0  0  0  0  0  0  0  21  0  0  0  0  0  46  0  0  0  0  0  0  0 
1441641548  0  0  0  0  0  0  0  0  0  3673472  0  0  0  0  0  0  0  0  0  21  0  0  0  0  0  46  0  0  0  0  0  0  0 
1441641549  0  0  0  0  0  0  0  0  0  3673472  0  0  0  0  0  0  0  0  0  21  0  0  0  0  0  46  0  0  0  0  0  0  0 
1441641549  0  0  0  0  0  0  0  0  0  3673472  0  0  0  0  0  0  0  0  0  21  0  0  0  0  0  46  0  0  0  0  0  0  0 
1441641550  0  0  0  0  0  0  0  0  0  3673472  0  0  0  0  0  0  0  0  0  21  0  0  0  0  0  46  0  0  0  0  0  0  0 
1441641550  0  0  0  0  0  0  0  0  0  3673472  0  0  0  0  0  0  0  0  0  21  0  0  0  0  0  46  0  0  0  0  0  0  0 
1441641551  0  0  0  0  0  0  0  0  0  3673472  0  0  0  0  0  0  0  0  0  21  0  0  0  0  0  46  0  0  0  0  0  0  0 
1441641552  0  0  0  0  0  0  0  0  0  3673472  0  0  0  0  0  0  0  0  0  21  0  0  0  0  0  46  0  0  0  0  0  0  0 
1441641552  0  0  0  0  0  0  0  0  0  3673472  0  0  0  0  0  0  0  0  0  21  0  0  0  0  0  46  0  0  0  0  0  0  0 
1441641553  0  0  0  0  0  0  0  0  0  3673472  0  0  0  0  0  0  0  0  0  21  0  0  0  0  0  46  0  0  0  0  0  0  0 
1441641553  0  0  0  0  0  0  0  0  0  3673472  0  0  0  0  0  0  0  0  0  21  0  0  0  0  0  46  0  0  0  0  0  0  0 
1441641554  0  0  0  0  0  0  0  0  0  3673472  0  0  0  0  0  0  0  0  0  21  0  0  0  0  0  46  0  0  0  0  0  0  0 
1441641554  0  0  0  0  0  0  0  0  0  3673472  0  0  0  0  0  0  0  0  0  21  0  0  0  0  0  46  0  0  0  0  0  0  0 
1441641555  0  0  0  0  0  0  0  0  0  3673472  0  0  0  0  0  0  0  0  0  21  0  0  0  0  0  46  0  0  0  0  0  0  0 
1441641555  0  0  0  0  0  0  0  0  0  3673472  0  0  0  0  0  0  0  0  0  21  0  0  0  0  0  46  0  0  0  0  0  0  0 
1441641556  0  0  0  0  0  0  0  0  0  3673472  0  0  0  0  0  0  0  0  0  21  0  0  0  0  0  46  0  0  0  0  0  0  0 
1441641556  0  0  0  0  0  0  0  0  0  3673472  0  0  0  0  0  0  0  0  0  21  0  0  0  0  0  46  0  0  0  0  0  0  0 
1441641557  0  0  0  0  0  0  0  0  0  3673472  0  0  0  0  0  0  0  0  0  21  0  0  0  0  0  46  0  0  0  0  0  0  0 
1441641557  0  0  0  0  0  0  0  0  0  3673472  0  0  0  0  0  0  0  0  0  21  0  0  0  0  0  46  0  0  0  0  0  0  0 
1441641558  0  0  0  0  0  0  0  0  0  3673472  0  0  0  0  0  0  0  0  0  21  0  0  0  0  0  46  0  0  0  0  0  0  0 
1441641558  0  0  0  0  0  0  0  0  0  3673472  0  0  0  0  0  0  0  0  0  21  0  0  0  0  0  46  0  0  0  0  0  0  0 
1441641559  0  0  0  0  0  0  0  0  0  3673472  0  0  0  0  0  0  0  0  0  21  0  0  0  0  0  46  0  0  0  0  0  0  0 
1441641559  0  0  0  0  0  0  0  0  0  3673472  0  0  0  0  0  0  0  0  0  21  0  0  0  0  0  46  0  0  0  0  0  0  0 
1441641560  0  0  0  0  0  0  0  0  0  3673472  0  0  0  0  0  0  0  0  0  21  0  0  0  0  0  46  0  0  0  0  0  0  0 
1441641560  0  0  0  0  0  0  0  0  0  3673472  0  0  0  0  0  0  0  0  0  21  0  0  0  0  0  46  0  0  0  0  0  0  0 
1441641561  0  0  0  0  0  0  0  0  0  3673472  0  0  0  0  0  0  0  0  0  21  0  0  0  0  0  46  0  0  0  0  0  0  0 
1441641561  0  0  0  0  0  0  0  0  0  3673472  0  0  0  0  0  0  0  0  0  21  0  0  0  0  0  46  0  0  0  0  0  0  0 
1441641562  0  0  0  0  0  0  0  0  0  3673472  0  0  0  0  0  0  0  0  0  21  0  0  0  0  0  46  0  0  0  0  0  0  0 
1441641562  0  0  0  0  0  0  0  0  0  3673472  0  0  0  0  0  0  0  0  0  21  0  0  0  0  0  46  0  0  0  0  0  0  0 
1441641563  0  0  0  0  0  0  0  0  0  3673472  0  0  0  0  0  0  0  0  0  21  0  0  0  0  0  46  0  0  0  0  0  0  0 
1441641563  0  0  0  0  0  0  0  0  0  3673472  0  0  0  0  0  0  0  0  0  21  0  0  0  0  0  46  0  0  0  0  0  0  0 
1441641564  0  0  0  0  0  0  0  0  0  3673472  0  0  0  0  0  0  0  0  0  21  0  0  0  0  0  46  0  0  0  0  0  0  0 
1441641564  0  0  0  0  0  0  0  0  0  3673472  0  0  0  0  0  0  0  0  0  21  0  0  0  0  0  46  0  0  0  0  0  0  0 
1441641565  0  0  0  0  0  0  0  0  0  3673472  0  0  0  0  0  0  0  0  0  21  0  0  0  0  0  46  0  0  0  0  0  0  0 
1441641565  0  0  0  0  0  0  0  0  0  3673472  0  0  0  0  0  0  0  0  0  21  0  0  0  0  0  46  0  0  0  0  0  0  0 
1441641566  0  0  0  0  0  0  0  0  0  3673472  0  0  0  0  0  0  0  0  0  21  0  0  0  0  0  46  0  0  0  0  0  0  0 
1441641566  0  0  0  0  0  0  0  0  0  3673472  0  0  0  0  0  0  0  0  0  21  0  0  0  0  0  46  0  0  0  0  0  0  0 
1441641567  0  0  0  0  0  0  0  0  0  3673472  0  0  0  0  0  0  0  0  0  21  0  0  0  0  0  46  0  0  0  0  0  0  0 
1441641567  0  0  0  0  0  0  0  0  0  3673472  0  0  0  0  0  0  0  0  0  21  0  0  0  0  0  46  0  0  0  0  0  0  0 
1441641568  0  0  0  0  0  0  0  0  0  3673472  0  0  0  0  0  0  0  0  0  21  0  0  0  0  0  46  0  0  0  0  0  0  0 
1441641568  0  0  0  0  0  0  0  0  0  3673472  0  0  0  0  0  0  0  0  0  21  0  0  0  0  0  46  0  0  0  0  0  0  0 
1441641569  0  0  0  0  0  0  0  0  0  3673472  0  0  0  0  0  0  0  0  0  21  0  0  0  0  0  46  0  0  0  0  0  0  0 
1441641569  0  0  0  0  0  0  0  0  0  3673472  0  0  0  0  0  0  0  0  0  21  0  0  0  0  0  46  0  0  0  0  0  0  0 
1441641570  0  0  0  0  0  0  0  0  0  3673472  0  0  0  0  0  0  0  0  0  21  0  0  0  0  0  46  0  0  0  0  0  0  0 
1441641570  0  0  0  0  0  0  0  0  0  3673472  0  0  0  0  0  0  0  0  0  21  0  0  0  0  0  46  0  0  0  0  0  0  0 
1441641571  0  0  0  0  0  0  0  0  0  3673472  0  0  0  0  0  0  0  0  0  21  0  0  0  0  0  46  0  0  0  0  0  0  0 
1441641571  0  0  0  0  0  0  0  0  0  3673472  0  0  0  0  0  0  0  0  0  21  0  0  0  0  0  46  0  0  0  0  0  0  0 
1441641572  0  0  0  0  0  0  0  0  0  3673472  0  0  0  0  0  0  0  0  0  21  0  0  0  0  0  46  0  0  0  0  0  0  0 
1441641572  0  0  0  0  0  0  0  0  0  3673472  0  0  0  0  0  0  0  0  0  21  0  0  0  0  0  46  0  0  0  0  0  0  0 
1441641573  0  0  0  0  0  0  0  0  0  3673472  0  0  0  0  0  0  0  0  0  21  0  0  0  0  0  46  0  0  0  0  0  0  0 
1441641573  0  0  0  0  0  0  0  0  0  3673472  0  0  0  0  0  0  0  0  0  21  0  0  0  0  0  46  0  0  0  0  0  0  0 
1441641574  0  0  0  0  0  0  0  0  0  3673472  0  0  0  0  0  0  0  0  0  21  0  0  0  0  0  46  0  0  0  0  0  0  0 
1441641574  0  0  0  0  0  0  0  0  0  3673472  0  0  0  0  0  0  0  0  0  21  0  0  0  0  0  46  0  0  0  0  0  0  0 
1441641575  0  0  0  0  0  0  0  0  0  3673472  0  0  0  0  0  0  0  0  0  21  0  0  0  0  0  46  0  0  0  0  0  0  0 
1441641575  0  0  0  0  0  0  0  0  0  3673472  0  0  0  0  0  0  0  0  0  21  0  0  0  0  0  46  0  0  0  0  0  0  0 
1441641576  0  0  0  0  0  0  0  0  0  3673472  0  0  0  0  0  0  0  0  0  21  0  0  0  0  0  46  0  0  0  0  0  0  0 
1441641576  0  0  0  0  0  0  0  0  0  3673472  0  0  0  0  0  0  0  0  0  21  0  0  0  0  0  46  0  0  0  0  0  0  0 
1441641577  0  0  0  0  0  0  0  0  0  3673472  0  0  0  0  0  0  0  0  0  21  0  0  0  0  0  46  0  0  0  0  0  0  0 
1441641577  0  0  0  0  0  0  0  0  0  3673472  0  0  0  0  0  0  0  0  0  21  0  0  0  0  0  46  0  0  0  0  0  0  0 
1441641578  0  0  0  0  0  0  0  0  0  3673472  0  0  0  0  0  0  0  0  0  21  0  0  0  0  0  46  0  0  0  0  0  0  0 
1441641578  0  0  0  0  0  0  0  0  0  3673472  0  0  0  0  0  0  0  0  0  21  0  0  0  0  0  46  0  0  0  0  0  0  0 
1441641579  0  0  0  0  0  0  0  0  0  3673472  0  0  0  0  0  0  0  0  0  21  0  0  0  0  0  46  0  0  0  0  0  0  0 
1441641579  0  0  0  0  0  0  0  0  0  3673472  0  0  0  0  0  0  0  0  0  21  0  0  0  0  0  46  0  0  0  0  0  0  0 
1441641580  0  0  0  0  0  0  0  0  0  3673472  0  0  0  0  0  0  0  0  0  21  0  0  0  0  0  46  0  0  0  0  0  0  0 
1441641580  0  0  0  0  0  0  0  0  0  3673472  0  0  0  0  0  0  0  0  0  21  0  0  0  0  0  46  0  0  0  0  0  0  0 
1441641581  0  0  0  0  0  0  0  0  0  3673472  0  0  0  0  0  0  0  0  0  21  0  0  0  0  0  46  0  0  0  0  0  0  0 
1441641581  0  0  0  0  0  0  0  0  0  3673472  0  0  0  0  0  0  0  0  0  21  0  0  0  0  0  46  0  0  0  0  0  0  0 
1441641582  0  0  0  0  0  0  0  0  0  3673472  0  0  0  0  0  0  0  0  0  21  0  0  0  0  0  46  0  0  0  0  0  0  0 
1441641582  0  0  0  0  0  0  0  0  0  3673472  0  0  0  0  0  0  0  0  0  21  0  0  0  0  0  46  0  0  0  0  0  0  0 
1441641583  0  0  0  0  0  0  0  0  0  3673472  0  0  0  0  0  0  0  0  0  21  0  0  0  0  0  46  0  0  0  0  0  0  0 
1441641583  0  0  0  0  0  0  0  0  0  3673472  0  0  0  0  0  0  0  0  0  21  0  0  0  0  0  46  0  0  0  0  0  0  0 
1441641584  0  0  0  0  0  0  0  0  0  3673472  0  0  0  0  0  0  0  0  0  21  0  0  0  0  0  46  0  0  0  0  0  0  0 
1441641584  0  0  0  0  0  0  0  0  0  3673472  0  0  0  0  0  0  0  0  0  21  0  0  0  0  0  46  0  0  0  0  0  0  0 
1441641585  0  0  0  0  0  0  0  0  0  3673472  0  0  0  0  0  0  0  0  0  21  0  0  0  0  0  46  0  0  0  0  0  0  0 
1441641585  0  0  0  0  0  0  0  0  0  3673472  0  0  0  0  0  0  0  0  0  21  0  0  0  0  0  46  0  0  0  0  0  0  0 
1441641586  0  0  0  0  0  0  0  0  0  3673472  0  0  0  0  0  0  0  0  0  21  0  0  0  0  0  46  0  0  0  0  0  0  0 
1441641586  0  0  0  0  0  0  0  0  0  3673472  0  0  0  0  0  0  0  0  0  21  0  0  0  0  0  46  0  0  0  0  0  0  0 
1441641587  0  0  0  0  0  0  0  0  0  3673472  0  0  0  0  0  0  0  0  0  21  0  0  0  0  0  46  0  0  0  0  0  0  0 
1441641587  0  0  0  0  0  0  0  0  0  3673472  0  0  0  0  0  0  0  0  0  21  0  0  0  0  0  46  0  0  0  0  0  0  0 
1441641588  0  0  0  0  0  0  0  0  0  3673472  0  0  0  0  0  0  0  0  0  21  0  0  0  0  0  46  0  0  0  0  0  0  0 
1441641588  0  0  0  0  0  0  0  0  0  3673472  0  0  0  0  0  0  0  0  0  21  0  0  0  0  0  46  0  0  0  0  0  0  0 
1441641589  0  0  0  0  0  0  0  0  0  3673472  0  0  0  0  0  0  0  0  0  21  0  0  0  0  0  46  0  0  0  0  0  0  0 
1441641589  0  0  0  0  0  0  0  0  0  3673472  0  0  0  0  0  0  0  0  0  21  0  0  0  0  0  46  0  0  0  0  0  0  0 
1441641590  0  0  0  0  0  0  0  0  0  3673472  0  0  0  0  0  0  0  0  0  21  0  0  0  0  0  46  0  0  0  0  0  0  0 
1441641590  0  0  0  0  0  0  0  0  0  3673472  0  0  0  0  0  0  0  0  0  21  0  0  0  0  0  46  0  0  0  0  0  0  0 
1441641591  0  0  0  0  0  0  0  0  0  3673472  0  0  0  0  0  0  0  0  0  21  0  0  0  0  0  46  0  0  0  0  0  0  0 
1441641592  0  0  0  0  0  0  0  0  0  3673472  0  0  0  0  0  0  0  0  0  21  0  0  0  0  0  46  0  0  0  0  0  0  0 
1441641592  0  0  0  0  0  0  0  0  0  3673472  0  0  0  0  0  0  0  0  0  21  0  0  0  0  0  46  0  0  0  0  0  0  0 
1441641593  0  0  0  0  0  0  0  0  0  3673472  0  0  0  0  0  0  0  0  0  21  0  0  0  0  0  46  0  0  0  0  0  0  0 
1441641593  0  0  0  0  0  0  0  0  0  3673472  0  0  0  0  0  0  0  0  0  21  0  0  0  0  0  46  0  0  0  0  0  0  0 
1441641594  0  0  0  0  0  0  0  0  0  3673472  0  0  0  0  0  0  0  0  0  21  0  0  0  0  0  46  0  0  0  0  0  0  0 
1441641594  0  0  0  0  0  0  0  0  0  3673472  0  0  0  0  0  0  0  0  0  21  0  0  0  0  0  46  0  0  0  0  0  0  0 
1441641595  0  0  0  0  0  0  0  0  0  3673472  0  0  0  0  0  0  0  0  0  21  0  0  0  0  0  46  0  0  0  0  0  0  0 
1441641595  0  0  0  0  0  0  0  0  0  3673472  0  0  0  0  0  0  0  0  0  21  0  0  0  0  0  46  0  0  0  0  0  0  0 
1441641596  0  0  0  0  0  0  0  0  0  3673472  0  0  0  0  0  0  0  0  0  21  0  0  0  0  0  46  0  0  0  0  0  0  0 
1441641596  0  0  0  0  0  0  0  0  0  3673472  0  0  0  0  0  0  0  0  0  21  0  0  0  0  0  46  0  0  0  0  0  0  0 
1441641597  0  0  0  0  0  0  0  0  0  3673472  0  0  0  0  0  0  0  0  0  21  0  0  0  0  0  46  0  0  0  0  0  0  0 
1441641597  0  0  0  0  0  0  0  0  0  3673472  0  0  0  0  0  0  0  0  0  21  0  0  0  0  0  46  0  0  0  0  0  0  0 
1441641598  0  0  0  0  0  0  0  0  0  3678047  0  0  0  0  0  0  0  0  0  21  0  0  0  0  0  47  0  4575  0  0  0  0  0 
1441641598  0  0  0  0  0  0  0  0  0  3678047  0  0  0  0  0  0  0  0  0  21  0  0  0  0  0  47  0  0  0  0  0  0  0 
1441641599  0  0  0  0  0  0  0  0  0  3678047  0  0  0  0  0  0  0  0  0  21  0  0  0  0  0  47  0  0  0  0  0  0  0 
1441641599  0  0  0  0  0  0  0  0  0  3678047  0  0  0  0  0  0  0  0  0  21  0  0  0  0  0  47  0  0  0  0  0  0  0 
1441641600  0  0  0  0  0  0  0  0  0  3678047  0  0  0  0  0  0  0  0  0  21  0  0  0  0  0  47  0  0  0  0  0  0  0 
1441641600  0  0  0  0  0  0  0  0  0  3678047  0  0  0  0  0  0  0  0  0  21  0  0  0  0  0  47  0  0  0  0  0  0  0 
1441641601  0  0  0  0  0  0  0  0  0  3678047  0  0  0  0  0  0  0  0  0  21  0  0  0  0  0  47  0  0  0  0  0  0  0 
1441641601  0  0  0  0  0  0  0  0  0  3678047  0  0  0  0  0  0  0  0  0  21  0  0  0  0  0  47  0  0  0  0  0  0  0 
1441641602  0  0  0  0  0  0  0  0  0  3678047  0  0  0  0  0  0  0  0  0  21  0  0  0  0  0  47  0  0  0  0  0  0  0 
1441641602  0  0  0  0  0  0  0  0  0  3678047  0  0  0  0  0  0  0  0  0  21  0  0  0  0  0  47  0  0  0  0  0  0  0 
1441641603  0  0  0  0  0  0  0  0  0  3678047  0  0  0  0  0  0  0  0  0  21  0  0  0  0  0  47  0  0  0  0  0  0  0 
1441641603  0  0  0  0  0  0  0  0  0  3678047  0  0  0  0  0  0  0  0  0  21  0  0  0  0  0  47  0  0  0  0  0  0  0 
1441641604  0  0  0  0  0  0  0  0  0  3678047  0  0  0  0  0  0  0  0  0  21  0  0  0  0  0  47  0  0  0  0  0  0  0 
1441641604  0  0  0  0  0  0  0  0  0  3678047  0  0  0  0  0  0  0  0  0  21  0  0  0  0  0  47  0  0  0  0  0  0  0 
1441641605  0  0  0  0  0  0  0  0  0  3678047  0  0  0  0  0  0  0  0  0  21  0  0  0  0  0  47  0  0  0  0  0  0  0 
1441641605  0  0  0  0  0  0  0  0  0  3678047  0  0  0  0  0  0  0  0  0  21  0  0  0  0  0  47  0  0  0  0  0  0  0 
1441641606  0  0  0  0  0  0  0  0  0  3678047  0  0  0  0  0  0  0  0  0  21  0  0  0  0  0  47  0  0  0  0  0  0  0 
1441641606  0  0  0  0  0  0  0  0  0  3678047  0  0  0  0  0  0  0  0  0  21  0  0  0  0  0  47  0  0  0  0  0  0  0 
1441641607  0  0  0  0  0  0  0  0  0  3678047  0  0  0  0  0  0  0  0  0  21  0  0  0  0  0  47  0  0  0  0  0  0  0 
1441641607  0  0  0  0  0  0  0  0  0  3678047  0  0  0  0  0  0  0  0  0  21  0  0  0  0  0  47  0  0  0  0  0  0  0 
1441641608  0  0  0  0  0  0  0  0  0  3678047  0  0  0  0  0  0  0  0  0  21  0  0  0  0  0  47  0  0  0  0  0  0  0 
1441641608  0  0  0  0  0  0  0  0  0  3680648  0  0  0  0  0  0  0  0  0  21  0  0  0  0  0  48  0  2601  0  0  0  0  0 
1441641609  0  0  0  0  0  0  0  0  0  3680648  0  0  0  0  0  0  0  0  0  21  0  0  0  0  0  48  0  0  0  0  0  0  0 
1441641609  0  0  0  0  0  0  0  0  0  3680648  0  0  0  0  0  0  0  0  0  21  0  0  0  0  0  48  0  0  0  0  0  0  0 
1441641610  0  0  0  0  0  0  0  0  0  3680648  0  0  0  0  0  0  0  0  0  21  0  0  0  0  0  48  0  0  0  0  0  0  0 
1441641610  0  0  0  0  0  0  0  0  0  3680648  0  0  0  0  0  0  0  0  0  21  0  0  0  0  0  48  0  0  0  0  0  0  0 
1441641611  0  0  0  0  0  0  0  0  0  3680648  0  0  0  0  0  0  0  0  0  21  0  0  0  0  0  48  0  0  0  0  0  0  0 
1441641611  0  0  0  0  0  0  0  0  0  3680648  0  0  0  0  0  0  0  0  0  21  0  0  0  0  0  48  0  0  0  0  0  0  0 
1441641612  0  0  0  0  0  0  0  0  0  3680648  0  0  0  0  0  0  0  0  0  21  0  0  0  0  0  48  0  0  0  0  0  0  0 
1441641612  0  0  0  0  0  0  0  0  0  3680648  0  0  0  0  0  0  0  0  0  21  0  0  0  0  0  48  0  0  0  0  0  0  0 
1441641613  0  0  0  0  0  0  0  0  0  3680648  0  0  0  0  0  0  0  0  0  21  0  0  0  0  0  48  0  0  0  0  0  0  0 
1441641613  0  0  0  0  0  0  0  0  0  3680648  0  0  0  0  0  0  0  0  0  21  0  0  0  0  0  48  0  0  0  0  0  0  0 
1441641614  0  0  0  0  0  0  0  0  0  3680648  0  0  0  0  0  0  0  0  0  21  0  0  0  0  0  48  0  0  0  0  0  0  0 
1441641614  0  0  0  0  0  0  0  0  0  3680648  0  0  0  0  0  0  0  0  0  21  0  0  0  0  0  48  0  0  0  0  0  0  0 
1441641615  0  0  0  0  0  0  0  0  0  3680648  0  0  0  0  0  0  0  0  0  21  0  0  0  0  0  48  0  0  0  0  0  0  0 
1441641615  0  0  0  0  0  0  0  0  0  3680648  0  0  0  0  0  0  0  0  0  21  0  0  0  0  0  48  0  0  0  0  0  0  0 
1441641616  0  0  0  0  0  0  0  0  0  3680648  0  0  0  0  0  0  0  0  0  21  0  0  0  0  0  48  0  0  0  0  0  0  0 
1441641616  0  0  0  0  0  0  0  0  0  3680648  0  0  0  0  0  0  0  0  0  21  0  0  0  0  0  48  0  0  0  0  0  0  0 
1441641617  0  0  0  0  0  0  0  0  0  3680648  0  0  0  0  0  0  0  0  0  21  0  0  0  0  0  48  0  0  0  0  0  0  0 
1441641617  0  0  0  0  0  0  0  0  0  3680648  0  0  0  0  0  0  0  0  0  21  0  0  0  0  0  48  0  0  0  0  0  0  0 
1441641618  0  0  0  0  0  0  0  0  0  3685922  0  0  0  0  0  0  0  0  0  21  0  0  0  0  0  49  0  5274  0  0  0  0  0 
1441641618  0  0  0  0  0  0  0  0  0  3685922  0  0  0  0  0  0  0  0  0  21  0  0  0  0  0  49  0  0  0  0  0  0  0 
1441641619  0  0  0  0  0  0  0  0  0  3685922  0  0  0  0  0  0  0  0  0  21  0  0  0  0  0  49  0  0  0  0  0  0  0 
1441641619  0  0  0  0  0  0  0  0  0  3685922  0  0  0  0  0  0  0  0  0  21  0  0  0  0  0  49  0  0  0  0  0  0  0 
1441641620  0  0  0  0  0  0  0  0  0  3685922  0  0  0  0  0  0  0  0  0  21  0  0  0  0  0  49  0  0  0  0  0  0  0 
1441641620  0  0  0  0  0  0  0  0  0  3685922  0  0  0  0  0  0  0  0  0  21  0  0  0  0  0  49  0  0  0  0  0  0  0 
1441641621  0  0  0  0  0  0  0  0  0  3685922  0  0  0  0  0  0  0  0  0  21  0  0  0  0  0  49  0  0  0  0  0  0  0 
1441641621  0  0  0  0  0  0  0  0  0  3685922  0  0  0  0  0  0  0  0  0  21  0  0  0  0  0  49  0  0  0  0  0  0  0 
1441641622  0  0  0  0  0  0  0  0  0  3685922  0  0  0  0  0  0  0  0  0  21  0  0  0  0  0  49  0  0  0  0  0  0  0 
1441641622  0  0  0  0  0  0  0  0  0  3685922  0  0  0  0  0  0  0  0  0  21  0  0  0  0  0  49  0  0  0  0  0  0  0 
1441641623  0  0  0  0  0  0  0  0  0  3685922  0  0  0  0  0  0  0  0  0  21  0  0  0  0  0  49  0  0  0  0  0  0  0 
1441641623  0  0  0  0  0  0  0  0  0  3685922  0  0  0  0  0  0  0  0  0  21  0  0  0  0  0  49  0  0  0  0  0  0  0 
1441641624  0  0  0  0  0  0  0  0  0  3685922  0  0  0  0  0  0  0  0  0  21  0  0  0  0  0  49  0  0  0  0  0  0  0 
1441641624  0  0  0  0  0  0  0  0  0  3685922  0  0  0  0  0  0  0  0  0  21  0  0  0  0  0  49  0  0  0  0  0  0  0 
1441641625  0  0  0  0  0  0  0  0  0  3685922  0  0  0  0  0  0  0  0  0  21  0  0  0  0  0  49  0  0  0  0  0  0  0 
1441641625  0  0  0  0  0  0  0  0  0  3685922  0  0  0  0  0  0  0  0  0  21  0  0  0  0  0  49  0  0  0  0  0  0  0 
1441641626  0  0  0  0  0  0  0  0  0  3685922  0  0  0  0  0  0  0  0  0  21  0  0  0  0  0  49  0  0  0  0  0  0  0 
1441641626  0  0  0  0  0  0  0  0  0  3685922  0  0  0  0  0  0  0  0  0  21  0  0  0  0  0  49  0  0  0  0  0  0  0 
1441641627  0  0  0  0  0  0  0  0  0  3685922  0  0  0  0  0  0  0  0  0  21  0  0  0  0  0  49  0  0  0  0  0  0  0 
1441641627  0  0  0  0  0  0  0  0  0  3685922  0  0  0  0  0  0  0  0  0  21  0  0  0  0  0  49  0  0  0  0  0  0  0 
1441641628  0  0  0  0  0  0  0  0  0  3688444  0  0  0  0  0  0  0  0  0  21  0  0  0  0  0  50  0  2522  0  0  0  0  0 
1441641628  0  0  0  0  0  0  0  0  0  3688444  0  0  0  0  0  0  0  0  0  21  0  0  0  0  0  50  0  0  0  0  0  0  0 
1441641629  0  0  0  0  0  0  0  0  0  3688444  0  0  0  0  0  0  0  0  0  21  0  0  0  0  0  50  0  0  0  0  0  0  0 
1441641630  0  0  0  0  0  0  0  0  0  3688444  0  0  0  0  0  0  0  0  0  21  0  0  0  0  0  50  0  0  0  0  0  0  0 
1441641630  0  0  0  0  0  0  0  0  0  3688444  0  0  0  0  0  0  0  0  0  21  0  0  0  0  0  50  0  0  0  0  0  0  0 
1441641631  0  0  0  0  0  0  0  0  0  3688444  0  0  0  0  0  0  0  0  0  21  0  0  0  0  0  50  0  0  0  0  0  0  0 
1441641631  0  0  0  0  0  0  0  0  0  3688444  0  0  0  0  0  0  0  0  0  21  0  0  0  0  0  50  0  0  0  0  0  0  0 
1441641632  0  0  0  0  0  0  0  0  0  3688444  0  0  0  0  0  0  0  0  0  21  0  0  0  0  0  50  0  0  0  0  0  0  0 
1441641632  0  0  0  0  0  0  0  0  0  3688444  0  0  0  0  0  0  0  0  0  21  0  0  0  0  0  50  0  0  0  0  0  0  0 
1441641633  0  0  0  0  0  0  0  0  0  3688444  0  0  0  0  0  0  0  0  0  21  0  0  0  0  0  50  0  0  0  0  0  0  0 
1441641633  0  0  0  0  0  0  0  0  0  3688444  0  0  0  0  0  0  0  0  0  21  0  0  0  0  0  50  0  0  0  0  0  0  0 
1441641634  0  0  0  0  0  0  0  0  0  3688444  0  0  0  0  0  0  0  0  0  21  0  0  0  0  0  50  0  0  0  0  0  0  0 
1441641634  0  0  0  0  0  0  0  0  0  3688444  0  0  0  0  0  0  0  0  0  21  0  0  0  0  0  50  0  0  0  0  0  0  0 
1441641635  0  0  0  0  0  0  0  0  0  3688444  0  0  0  0  0  0  0  0  0  21  0  0  0  0  0  50  0  0  0  0  0  0  0 
1441641635  0  0  0  0  0  0  0  0  0  3688444  0  0  0  0  0  0  0  0  0  21  0  0  0  0  0  50  0  0  0  0  0  0  0 
1441641636  0  0  0  0  0  0  0  0  0  3688444  0  0  0  0  0  0  0  0  0  21  0  0  0  0  0  50  0  0  0  0  0  0  0 
1441641636  0  0  0  0  0  0  0  0  0  3688444  0  0  0  0  0  0  0  0  0  21  0  0  0  0  0  50  0  0  0  0  0  0  0 
1441641637  0  0  0  0  0  0  0  0  0  3688444  0  0  0  0  0  0  0  0  0  21  0  0  0  0  0  50  0  0  0  0  0  0  0 
1441641637  0  0  0  0  0  0  0  0  0  3688444  0  0  0  0  0  0  0  0  0  21  0  0  0  0  0  50  0  0  0  0  0  0  0 
1441641638  0  0  0  0  0  0  0  0  0  3688444  0  0  0  0  0  0  0  0  0  21  0  0  0  0  0  50  0  0  0  0  0  0  0 
1441641638  0  0  0  0  0  0  0  0  0  3693080  0  0  0  0  0  0  0  0  0  21  0  0  0  0  0  51  0  4636  0  0  0  0  0 
1441641639  0  0  0  0  0  0  0  0  0  3693080  0  0  0  0  0  0  0  0  0  21  0  0  0  0  0  51  0  0  0  0  0  0  0 
1441641639  0  0  0  0  0  0  0  0  0  3693080  0  0  0  0  0  0  0  0  0  21  0  0  0  0  0  51  0  0  0  0  0  0  0 
1441641640  0  0  0  0  0  0  0  0  0  3693080  0  0  0  0  0  0  0  0  0  21  0  0  0  0  0  51  0  0  0  0  0  0  0 
1441641640  0  0  0  0  0  0  0  0  0  3693080  0  0  0  0  0  0  0  0  0  21  0  0  0  0  0  51  0  0  0  0  0  0  0 
1441641641  0  0  0  0  0  0  0  0  0  3693080  0  0  0  0  0  0  0  0  0  21  0  0  0  0  0  51  0  0  0  0  0  0  0 
1441641641  0  0  0  0  0  0  0  0  0  3693080  0  0  0  0  0  0  0  0  0  21  0  0  0  0  0  51  0  0  0  0  0  0  0 
1441641642  0  0  0  0  0  0  0  0  0  3693080  0  0  0  0  0  0  0  0  0  21  0  0  0  0  0  51  0  0  0  0  0  0  0 
1441641642  0  0  0  0  0  0  0  0  0  3693080  0  0  0  0  0  0  0  0  0  21  0  0  0  0  0  51  0  0  0  0  0  0  0 
1441641643  0  0  0  0  0  0  0  0  0  3693080  0  0  0  0  0  0  0  0  0  21  0  0  0  0  0  51  0  0  0  0  0  0  0 
1441641643  0  0  0  0  0  0  0  0  0  3693080  0  0  0  0  0  0  0  0  0  21  0  0  0  0  0  51  0  0  0  0  0  0  0 
1441641644  0  0  0  0  0  0  0  0  0  3693080  0  0  0  0  0  0  0  0  0  21  0  0  0  0  0  51  0  0  0  0  0  0  0 
1441641644  0  0  0  0  0  0  0  0  0  3693080  0  0  0  0  0  0  0  0  0  21  0  0  0  0  0  51  0  0  0  0  0  0  0 
1441641645  0  0  0  0  0  0  0  0  0  3693080  0  0  0  0  0  0  0  0  0  21  0  0  0  0  0  51  0  0  0  0  0  0  0 
1441641645  0  0  0  0  0  0  0  0  0  3693080  0  0  0  0  0  0  0  0  0  21  0  0  0  0  0  51  0  0  0  0  0  0  0 
1441641646  0  0  0  0  0  0  0  0  0  3693080  0  0  0  0  0  0  0  0  0  21  0  0  0  0  0  51  0  0  0  0  0  0  0 
1441641646  0  0  0  0  0  0  0  0  0  3693080  0  0  0  0  0  0  0  0  0  21  0  0  0  0  0  51  0  0  0  0  0  0  0 
1441641647  0  0  0  0  0  0  0  0  0  3693080  0  0  0  0  0  0  0  0  0  21  0  0  0  0  0  51  0  0  0  0  0  0  0 
1441641647  0  0  0  0  0  0  0  0  0  3693080  0  0  0  0  0  0  0  0  0  21  0  0  0  0  0  51  0  0  0  0  0  0  0 
1441641648  0  0  0  0  0  0  0  0  0  3693080  0  0  0  0  0  0  0  0  0  21  0  0  0  0  0  51  0  0  0  0  0  0  0 
1441641648  0  0  0  0  0  0  0  0  0  3717928  0  0  0  0  0  0  0  0  0  21  0  0  0  0  0  51  0  24848  0  0  0  0  0 
1441641649  0  0  0  0  0  0  0  0  0  3779633  0  0  0  0  0  0  0  0  0  25  0  0  0  0  0  64  0  61705  0  0  0  0  0 
1441641649  0  0  0  0  0  0  0  0  0  3779633  0  0  0  0  0  0  0  0  0  25  0  0  0  0  0  64  0  0  0  0  0  0  0 
