#Type:X;CI:7;ww:0;ca:0;co:1;fr:0;Type:X;CI:7;PI:0;PT:EP;U0:0;U1:0;
#time  Pp  gt  gs  cn  cm  cb  Nc  Pc  cp  Tc  Nm  pr  ps  pt  px  pd  Pm  Om  fs  ft  Oc  Em  Gp  Ec  Ge  ot  os  Total_cycles_diff  Successful_get_diff  Total_get_diff  succ_put_diff  total_put_diff  get_hit  
1441641825  0  0  0  0  0  0  0  0  0  288412  0  0  0  0  0  0  0  0  0  0  0  0  0  0  0  0  0  288412  0  0  0  0  
1441641825  0  0  0  0  0  0  0  0  0  882324  0  0  0  0  0  0  0  0  0  0  0  0  0  0  0  0  0  593912  0  0  0  0  0 
1441641826  0  0  0  0  0  0  0  0  0  1270848  0  0  0  0  0  0  0  0  0  0  0  0  0  0  0  0  0  388524  0  0  0  0  0 
1441641826  0  0  0  0  0  0  0  0  0  1510761  0  0  0  0  0  0  0  0  0  0  0  0  0  0  0  0  0  239913  0  0  0  0  0 
1441641827  0  0  0  0  0  0  0  0  0  1763316  0  0  0  0  0  0  0  0  0  0  0  0  0  0  0  0  0  252555  0  0  0  0  0 
1441641827  0  0  0  0  0  0  0  0  0  2159101  0  0  0  0  0  0  0  0  0  13  0  0  0  0  0  39  0  395785  0  0  0  0  0 
1441641828  0  0  0  0  0  0  0  0  0  2999817  0  0  0  0  0  0  0  0  0  15  0  0  0  0  0  41  0  840716  0  0  0  0  0 
1441641828  0  0  0  0  0  0  0  0  0  2999817  0  0  0  0  0  0  0  0  0  15  0  0  0  0  0  41  0  0  0  0  0  0  0 
1441641829  0  0  0  0  0  0  0  0  0  3622564  0  0  0  0  0  0  0  0  0  21  0  0  0  0  0  46  0  622747  0  0  0  0  0 
1441641829  0  0  0  0  0  0  0  0  0  3745073  0  0  0  0  0  0  0  0  0  21  0  0  0  0  0  46  0  122509  0  0  0  0  0 
1441641830  0  0  0  0  0  0  0  0  0  3745073  0  0  0  0  0  0  0  0  0  21  0  0  0  0  0  46  0  0  0  0  0  0  0 
1441641830  0  0  0  0  0  0  0  0  0  3745073  0  0  0  0  0  0  0  0  0  21  0  0  0  0  0  46  0  0  0  0  0  0  0 
1441641831  0  0  0  0  0  0  0  0  0  3745073  0  0  0  0  0  0  0  0  0  21  0  0  0  0  0  46  0  0  0  0  0  0  0 
1441641831  0  0  0  0  0  0  0  0  0  3745073  0  0  0  0  0  0  0  0  0  21  0  0  0  0  0  46  0  0  0  0  0  0  0 
1441641832  0  0  0  0  0  0  0  0  0  3745073  0  0  0  0  0  0  0  0  0  21  0  0  0  0  0  46  0  0  0  0  0  0  0 
1441641833  0  0  0  0  0  0  0  0  0  3745073  0  0  0  0  0  0  0  0  0  21  0  0  0  0  0  46  0  0  0  0  0  0  0 
1441641833  0  0  0  0  0  0  0  0  0  3745073  0  0  0  0  0  0  0  0  0  21  0  0  0  0  0  46  0  0  0  0  0  0  0 
1441641834  0  0  0  0  0  0  0  0  0  3745073  0  0  0  0  0  0  0  0  0  21  0  0  0  0  0  46  0  0  0  0  0  0  0 
1441641834  0  0  0  0  0  0  0  0  0  3745073  0  0  0  0  0  0  0  0  0  21  0  0  0  0  0  46  0  0  0  0  0  0  0 
1441641835  0  0  0  0  0  0  0  0  0  3745073  0  0  0  0  0  0  0  0  0  21  0  0  0  0  0  46  0  0  0  0  0  0  0 
1441641835  0  0  0  0  0  0  0  0  0  3745073  0  0  0  0  0  0  0  0  0  21  0  0  0  0  0  46  0  0  0  0  0  0  0 
1441641836  0  0  0  0  0  0  0  0  0  3745073  0  0  0  0  0  0  0  0  0  21  0  0  0  0  0  46  0  0  0  0  0  0  0 
1441641836  0  0  0  0  0  0  0  0  0  3745073  0  0  0  0  0  0  0  0  0  21  0  0  0  0  0  46  0  0  0  0  0  0  0 
1441641837  0  0  0  0  0  0  0  0  0  3745073  0  0  0  0  0  0  0  0  0  21  0  0  0  0  0  46  0  0  0  0  0  0  0 
1441641837  0  0  0  0  0  0  0  0  0  3745073  0  0  0  0  0  0  0  0  0  21  0  0  0  0  0  46  0  0  0  0  0  0  0 
1441641838  0  0  0  0  0  0  0  0  0  3745073  0  0  0  0  0  0  0  0  0  21  0  0  0  0  0  46  0  0  0  0  0  0  0 
1441641838  0  0  0  0  0  0  0  0  0  3745073  0  0  0  0  0  0  0  0  0  21  0  0  0  0  0  46  0  0  0  0  0  0  0 
1441641839  0  0  0  0  0  0  0  0  0  3745073  0  0  0  0  0  0  0  0  0  21  0  0  0  0  0  46  0  0  0  0  0  0  0 
1441641839  0  0  0  0  0  0  0  0  0  3745073  0  0  0  0  0  0  0  0  0  21  0  0  0  0  0  46  0  0  0  0  0  0  0 
1441641840  0  0  0  0  0  0  0  0  0  3745073  0  0  0  0  0  0  0  0  0  21  0  0  0  0  0  46  0  0  0  0  0  0  0 
1441641840  0  0  0  0  0  0  0  0  0  3745073  0  0  0  0  0  0  0  0  0  21  0  0  0  0  0  46  0  0  0  0  0  0  0 
1441641841  0  0  0  0  0  0  0  0  0  3745073  0  0  0  0  0  0  0  0  0  21  0  0  0  0  0  46  0  0  0  0  0  0  0 
1441641841  0  0  0  0  0  0  0  0  0  3745073  0  0  0  0  0  0  0  0  0  21  0  0  0  0  0  46  0  0  0  0  0  0  0 
1441641842  0  0  0  0  0  0  0  0  0  3745073  0  0  0  0  0  0  0  0  0  21  0  0  0  0  0  46  0  0  0  0  0  0  0 
1441641842  0  0  0  0  0  0  0  0  0  3745073  0  0  0  0  0  0  0  0  0  21  0  0  0  0  0  46  0  0  0  0  0  0  0 
1441641843  0  0  0  0  0  0  0  0  0  3745073  0  0  0  0  0  0  0  0  0  21  0  0  0  0  0  46  0  0  0  0  0  0  0 
1441641843  0  0  0  0  0  0  0  0  0  3745073  0  0  0  0  0  0  0  0  0  21  0  0  0  0  0  46  0  0  0  0  0  0  0 
1441641844  0  0  0  0  0  0  0  0  0  3745073  0  0  0  0  0  0  0  0  0  21  0  0  0  0  0  46  0  0  0  0  0  0  0 
1441641844  0  0  0  0  0  0  0  0  0  3745073  0  0  0  0  0  0  0  0  0  21  0  0  0  0  0  46  0  0  0  0  0  0  0 
1441641845  0  0  0  0  0  0  0  0  0  3745073  0  0  0  0  0  0  0  0  0  21  0  0  0  0  0  46  0  0  0  0  0  0  0 
1441641845  0  0  0  0  0  0  0  0  0  3745073  0  0  0  0  0  0  0  0  0  21  0  0  0  0  0  46  0  0  0  0  0  0  0 
1441641846  0  0  0  0  0  0  0  0  0  3745073  0  0  0  0  0  0  0  0  0  21  0  0  0  0  0  46  0  0  0  0  0  0  0 
1441641846  0  0  0  0  0  0  0  0  0  3745073  0  0  0  0  0  0  0  0  0  21  0  0  0  0  0  46  0  0  0  0  0  0  0 
1441641847  0  0  0  0  0  0  0  0  0  3745073  0  0  0  0  0  0  0  0  0  21  0  0  0  0  0  46  0  0  0  0  0  0  0 
1441641847  0  0  0  0  0  0  0  0  0  3745073  0  0  0  0  0  0  0  0  0  21  0  0  0  0  0  46  0  0  0  0  0  0  0 
1441641848  0  0  0  0  0  0  0  0  0  3745073  0  0  0  0  0  0  0  0  0  21  0  0  0  0  0  46  0  0  0  0  0  0  0 
1441641848  0  0  0  0  0  0  0  0  0  3745073  0  0  0  0  0  0  0  0  0  21  0  0  0  0  0  46  0  0  0  0  0  0  0 
1441641849  0  0  0  0  0  0  0  0  0  3745073  0  0  0  0  0  0  0  0  0  21  0  0  0  0  0  46  0  0  0  0  0  0  0 
1441641849  0  0  0  0  0  0  0  0  0  3745073  0  0  0  0  0  0  0  0  0  21  0  0  0  0  0  46  0  0  0  0  0  0  0 
1441641850  0  0  0  0  0  0  0  0  0  3745073  0  0  0  0  0  0  0  0  0  21  0  0  0  0  0  46  0  0  0  0  0  0  0 
1441641850  0  0  0  0  0  0  0  0  0  3745073  0  0  0  0  0  0  0  0  0  21  0  0  0  0  0  46  0  0  0  0  0  0  0 
1441641851  0  0  0  0  0  0  0  0  0  3745073  0  0  0  0  0  0  0  0  0  21  0  0  0  0  0  46  0  0  0  0  0  0  0 
1441641851  0  0  0  0  0  0  0  0  0  3745073  0  0  0  0  0  0  0  0  0  21  0  0  0  0  0  46  0  0  0  0  0  0  0 
1441641852  0  0  0  0  0  0  0  0  0  3745073  0  0  0  0  0  0  0  0  0  21  0  0  0  0  0  46  0  0  0  0  0  0  0 
1441641852  0  0  0  0  0  0  0  0  0  3745073  0  0  0  0  0  0  0  0  0  21  0  0  0  0  0  46  0  0  0  0  0  0  0 
1441641853  0  0  0  0  0  0  0  0  0  3745073  0  0  0  0  0  0  0  0  0  21  0  0  0  0  0  46  0  0  0  0  0  0  0 
1441641853  0  0  0  0  0  0  0  0  0  3745073  0  0  0  0  0  0  0  0  0  21  0  0  0  0  0  46  0  0  0  0  0  0  0 
1441641854  0  0  0  0  0  0  0  0  0  3745073  0  0  0  0  0  0  0  0  0  21  0  0  0  0  0  46  0  0  0  0  0  0  0 
1441641854  0  0  0  0  0  0  0  0  0  3745073  0  0  0  0  0  0  0  0  0  21  0  0  0  0  0  46  0  0  0  0  0  0  0 
1441641855  0  0  0  0  0  0  0  0  0  3745073  0  0  0  0  0  0  0  0  0  21  0  0  0  0  0  46  0  0  0  0  0  0  0 
1441641855  0  0  0  0  0  0  0  0  0  3745073  0  0  0  0  0  0  0  0  0  21  0  0  0  0  0  46  0  0  0  0  0  0  0 
1441641856  0  0  0  0  0  0  0  0  0  3745073  0  0  0  0  0  0  0  0  0  21  0  0  0  0  0  46  0  0  0  0  0  0  0 
1441641856  0  0  0  0  0  0  0  0  0  3745073  0  0  0  0  0  0  0  0  0  21  0  0  0  0  0  46  0  0  0  0  0  0  0 
1441641857  0  0  0  0  0  0  0  0  0  3745073  0  0  0  0  0  0  0  0  0  21  0  0  0  0  0  46  0  0  0  0  0  0  0 
1441641857  0  0  0  0  0  0  0  0  0  3745073  0  0  0  0  0  0  0  0  0  21  0  0  0  0  0  46  0  0  0  0  0  0  0 
1441641858  0  0  0  0  0  0  0  0  0  3745073  0  0  0  0  0  0  0  0  0  21  0  0  0  0  0  46  0  0  0  0  0  0  0 
1441641858  0  0  0  0  0  0  0  0  0  3745073  0  0  0  0  0  0  0  0  0  21  0  0  0  0  0  46  0  0  0  0  0  0  0 
1441641859  0  0  0  0  0  0  0  0  0  3745073  0  0  0  0  0  0  0  0  0  21  0  0  0  0  0  46  0  0  0  0  0  0  0 
1441641859  0  0  0  0  0  0  0  0  0  3745073  0  0  0  0  0  0  0  0  0  21  0  0  0  0  0  46  0  0  0  0  0  0  0 
1441641860  0  0  0  0  0  0  0  0  0  3745073  0  0  0  0  0  0  0  0  0  21  0  0  0  0  0  46  0  0  0  0  0  0  0 
1441641860  0  0  0  0  0  0  0  0  0  3745073  0  0  0  0  0  0  0  0  0  21  0  0  0  0  0  46  0  0  0  0  0  0  0 
1441641861  0  0  0  0  0  0  0  0  0  3745073  0  0  0  0  0  0  0  0  0  21  0  0  0  0  0  46  0  0  0  0  0  0  0 
1441641861  0  0  0  0  0  0  0  0  0  3745073  0  0  0  0  0  0  0  0  0  21  0  0  0  0  0  46  0  0  0  0  0  0  0 
1441641862  0  0  0  0  0  0  0  0  0  3745073  0  0  0  0  0  0  0  0  0  21  0  0  0  0  0  46  0  0  0  0  0  0  0 
1441641862  0  0  0  0  0  0  0  0  0  3745073  0  0  0  0  0  0  0  0  0  21  0  0  0  0  0  46  0  0  0  0  0  0  0 
1441641863  0  0  0  0  0  0  0  0  0  3745073  0  0  0  0  0  0  0  0  0  21  0  0  0  0  0  46  0  0  0  0  0  0  0 
1441641863  0  0  0  0  0  0  0  0  0  3745073  0  0  0  0  0  0  0  0  0  21  0  0  0  0  0  46  0  0  0  0  0  0  0 
1441641864  0  0  0  0  0  0  0  0  0  3745073  0  0  0  0  0  0  0  0  0  21  0  0  0  0  0  46  0  0  0  0  0  0  0 
1441641864  0  0  0  0  0  0  0  0  0  3745073  0  0  0  0  0  0  0  0  0  21  0  0  0  0  0  46  0  0  0  0  0  0  0 
1441641865  0  0  0  0  0  0  0  0  0  3745073  0  0  0  0  0  0  0  0  0  21  0  0  0  0  0  46  0  0  0  0  0  0  0 
1441641865  0  0  0  0  0  0  0  0  0  3745073  0  0  0  0  0  0  0  0  0  21  0  0  0  0  0  46  0  0  0  0  0  0  0 
1441641866  0  0  0  0  0  0  0  0  0  3745073  0  0  0  0  0  0  0  0  0  21  0  0  0  0  0  46  0  0  0  0  0  0  0 
1441641867  0  0  0  0  0  0  0  0  0  3745073  0  0  0  0  0  0  0  0  0  21  0  0  0  0  0  46  0  0  0  0  0  0  0 
1441641867  0  0  0  0  0  0  0  0  0  3745073  0  0  0  0  0  0  0  0  0  21  0  0  0  0  0  46  0  0  0  0  0  0  0 
1441641868  0  0  0  0  0  0  0  0  0  3745073  0  0  0  0  0  0  0  0  0  21  0  0  0  0  0  46  0  0  0  0  0  0  0 
1441641868  0  0  0  0  0  0  0  0  0  3745073  0  0  0  0  0  0  0  0  0  21  0  0  0  0  0  46  0  0  0  0  0  0  0 
1441641869  0  0  0  0  0  0  0  0  0  3745073  0  0  0  0  0  0  0  0  0  21  0  0  0  0  0  46  0  0  0  0  0  0  0 
1441641869  0  0  0  0  0  0  0  0  0  3745073  0  0  0  0  0  0  0  0  0  21  0  0  0  0  0  46  0  0  0  0  0  0  0 
1441641870  0  0  0  0  0  0  0  0  0  3745073  0  0  0  0  0  0  0  0  0  21  0  0  0  0  0  46  0  0  0  0  0  0  0 
1441641870  0  0  0  0  0  0  0  0  0  3745073  0  0  0  0  0  0  0  0  0  21  0  0  0  0  0  46  0  0  0  0  0  0  0 
1441641871  0  0  0  0  0  0  0  0  0  3745073  0  0  0  0  0  0  0  0  0  21  0  0  0  0  0  46  0  0  0  0  0  0  0 
1441641871  0  0  0  0  0  0  0  0  0  3745073  0  0  0  0  0  0  0  0  0  21  0  0  0  0  0  46  0  0  0  0  0  0  0 
1441641872  0  0  0  0  0  0  0  0  0  3745073  0  0  0  0  0  0  0  0  0  21  0  0  0  0  0  46  0  0  0  0  0  0  0 
1441641872  0  0  0  0  0  0  0  0  0  3745073  0  0  0  0  0  0  0  0  0  21  0  0  0  0  0  46  0  0  0  0  0  0  0 
1441641873  0  0  0  0  0  0  0  0  0  3745073  0  0  0  0  0  0  0  0  0  21  0  0  0  0  0  46  0  0  0  0  0  0  0 
1441641873  0  0  0  0  0  0  0  0  0  3745073  0  0  0  0  0  0  0  0  0  21  0  0  0  0  0  46  0  0  0  0  0  0  0 
1441641874  0  0  0  0  0  0  0  0  0  3745073  0  0  0  0  0  0  0  0  0  21  0  0  0  0  0  46  0  0  0  0  0  0  0 
1441641874  0  0  0  0  0  0  0  0  0  3745073  0  0  0  0  0  0  0  0  0  21  0  0  0  0  0  46  0  0  0  0  0  0  0 
1441641875  0  0  0  0  0  0  0  0  0  3745073  0  0  0  0  0  0  0  0  0  21  0  0  0  0  0  46  0  0  0  0  0  0  0 
1441641875  0  0  0  0  0  0  0  0  0  3745073  0  0  0  0  0  0  0  0  0  21  0  0  0  0  0  46  0  0  0  0  0  0  0 
1441641876  0  0  0  0  0  0  0  0  0  3745073  0  0  0  0  0  0  0  0  0  21  0  0  0  0  0  46  0  0  0  0  0  0  0 
1441641876  0  0  0  0  0  0  0  0  0  3745073  0  0  0  0  0  0  0  0  0  21  0  0  0  0  0  46  0  0  0  0  0  0  0 
1441641877  0  0  0  0  0  0  0  0  0  3745073  0  0  0  0  0  0  0  0  0  21  0  0  0  0  0  46  0  0  0  0  0  0  0 
1441641877  0  0  0  0  0  0  0  0  0  3745073  0  0  0  0  0  0  0  0  0  21  0  0  0  0  0  46  0  0  0  0  0  0  0 
1441641878  0  0  0  0  0  0  0  0  0  3745073  0  0  0  0  0  0  0  0  0  21  0  0  0  0  0  46  0  0  0  0  0  0  0 
1441641878  0  0  0  0  0  0  0  0  0  3745073  0  0  0  0  0  0  0  0  0  21  0  0  0  0  0  46  0  0  0  0  0  0  0 
1441641879  0  0  0  0  0  0  0  0  0  3745073  0  0  0  0  0  0  0  0  0  21  0  0  0  0  0  46  0  0  0  0  0  0  0 
1441641879  0  0  0  0  0  0  0  0  0  3745073  0  0  0  0  0  0  0  0  0  21  0  0  0  0  0  46  0  0  0  0  0  0  0 
1441641880  0  0  0  0  0  0  0  0  0  3745073  0  0  0  0  0  0  0  0  0  21  0  0  0  0  0  46  0  0  0  0  0  0  0 
1441641880  0  0  0  0  0  0  0  0  0  3745073  0  0  0  0  0  0  0  0  0  21  0  0  0  0  0  46  0  0  0  0  0  0  0 
1441641881  0  0  0  0  0  0  0  0  0  3745073  0  0  0  0  0  0  0  0  0  21  0  0  0  0  0  46  0  0  0  0  0  0  0 
1441641881  0  0  0  0  0  0  0  0  0  3749573  0  0  0  0  0  0  0  0  0  21  0  0  0  0  0  47  0  4500  0  0  0  0  0 
1441641882  0  0  0  0  0  0  0  0  0  3749573  0  0  0  0  0  0  0  0  0  21  0  0  0  0  0  47  0  0  0  0  0  0  0 
1441641882  0  0  0  0  0  0  0  0  0  3749573  0  0  0  0  0  0  0  0  0  21  0  0  0  0  0  47  0  0  0  0  0  0  0 
1441641883  0  0  0  0  0  0  0  0  0  3749573  0  0  0  0  0  0  0  0  0  21  0  0  0  0  0  47  0  0  0  0  0  0  0 
1441641883  0  0  0  0  0  0  0  0  0  3749573  0  0  0  0  0  0  0  0  0  21  0  0  0  0  0  47  0  0  0  0  0  0  0 
1441641884  0  0  0  0  0  0  0  0  0  3749573  0  0  0  0  0  0  0  0  0  21  0  0  0  0  0  47  0  0  0  0  0  0  0 
1441641884  0  0  0  0  0  0  0  0  0  3749573  0  0  0  0  0  0  0  0  0  21  0  0  0  0  0  47  0  0  0  0  0  0  0 
1441641885  0  0  0  0  0  0  0  0  0  3749573  0  0  0  0  0  0  0  0  0  21  0  0  0  0  0  47  0  0  0  0  0  0  0 
1441641885  0  0  0  0  0  0  0  0  0  3749573  0  0  0  0  0  0  0  0  0  21  0  0  0  0  0  47  0  0  0  0  0  0  0 
1441641886  0  0  0  0  0  0  0  0  0  3749573  0  0  0  0  0  0  0  0  0  21  0  0  0  0  0  47  0  0  0  0  0  0  0 
1441641886  0  0  0  0  0  0  0  0  0  3749573  0  0  0  0  0  0  0  0  0  21  0  0  0  0  0  47  0  0  0  0  0  0  0 
1441641887  0  0  0  0  0  0  0  0  0  3749573  0  0  0  0  0  0  0  0  0  21  0  0  0  0  0  47  0  0  0  0  0  0  0 
1441641887  0  0  0  0  0  0  0  0  0  3749573  0  0  0  0  0  0  0  0  0  21  0  0  0  0  0  47  0  0  0  0  0  0  0 
1441641888  0  0  0  0  0  0  0  0  0  3749573  0  0  0  0  0  0  0  0  0  21  0  0  0  0  0  47  0  0  0  0  0  0  0 
1441641888  0  0  0  0  0  0  0  0  0  3749573  0  0  0  0  0  0  0  0  0  21  0  0  0  0  0  47  0  0  0  0  0  0  0 
1441641889  0  0  0  0  0  0  0  0  0  3749573  0  0  0  0  0  0  0  0  0  21  0  0  0  0  0  47  0  0  0  0  0  0  0 
1441641889  0  0  0  0  0  0  0  0  0  3749573  0  0  0  0  0  0  0  0  0  21  0  0  0  0  0  47  0  0  0  0  0  0  0 
1441641890  0  0  0  0  0  0  0  0  0  3749573  0  0  0  0  0  0  0  0  0  21  0  0  0  0  0  47  0  0  0  0  0  0  0 
1441641890  0  0  0  0  0  0  0  0  0  3749573  0  0  0  0  0  0  0  0  0  21  0  0  0  0  0  47  0  0  0  0  0  0  0 
1441641891  0  0  0  0  0  0  0  0  0  3749573  0  0  0  0  0  0  0  0  0  21  0  0  0  0  0  47  0  0  0  0  0  0  0 
1441641891  0  0  0  0  0  0  0  0  0  3752603  0  0  0  0  0  0  0  0  0  21  0  0  0  0  0  48  0  3030  0  0  0  0  0 
1441641892  0  0  0  0  0  0  0  0  0  3752603  0  0  0  0  0  0  0  0  0  21  0  0  0  0  0  48  0  0  0  0  0  0  0 
1441641892  0  0  0  0  0  0  0  0  0  3752603  0  0  0  0  0  0  0  0  0  21  0  0  0  0  0  48  0  0  0  0  0  0  0 
1441641893  0  0  0  0  0  0  0  0  0  3752603  0  0  0  0  0  0  0  0  0  21  0  0  0  0  0  48  0  0  0  0  0  0  0 
1441641893  0  0  0  0  0  0  0  0  0  3752603  0  0  0  0  0  0  0  0  0  21  0  0  0  0  0  48  0  0  0  0  0  0  0 
1441641894  0  0  0  0  0  0  0  0  0  3752603  0  0  0  0  0  0  0  0  0  21  0  0  0  0  0  48  0  0  0  0  0  0  0 
1441641894  0  0  0  0  0  0  0  0  0  3752603  0  0  0  0  0  0  0  0  0  21  0  0  0  0  0  48  0  0  0  0  0  0  0 
1441641895  0  0  0  0  0  0  0  0  0  3752603  0  0  0  0  0  0  0  0  0  21  0  0  0  0  0  48  0  0  0  0  0  0  0 
1441641895  0  0  0  0  0  0  0  0  0  3752603  0  0  0  0  0  0  0  0  0  21  0  0  0  0  0  48  0  0  0  0  0  0  0 
1441641896  0  0  0  0  0  0  0  0  0  3752603  0  0  0  0  0  0  0  0  0  21  0  0  0  0  0  48  0  0  0  0  0  0  0 
1441641897  0  0  0  0  0  0  0  0  0  3752603  0  0  0  0  0  0  0  0  0  21  0  0  0  0  0  48  0  0  0  0  0  0  0 
1441641897  0  0  0  0  0  0  0  0  0  3752603  0  0  0  0  0  0  0  0  0  21  0  0  0  0  0  48  0  0  0  0  0  0  0 
1441641898  0  0  0  0  0  0  0  0  0  3752603  0  0  0  0  0  0  0  0  0  21  0  0  0  0  0  48  0  0  0  0  0  0  0 
1441641898  0  0  0  0  0  0  0  0  0  3752603  0  0  0  0  0  0  0  0  0  21  0  0  0  0  0  48  0  0  0  0  0  0  0 
1441641899  0  0  0  0  0  0  0  0  0  3752603  0  0  0  0  0  0  0  0  0  21  0  0  0  0  0  48  0  0  0  0  0  0  0 
1441641899  0  0  0  0  0  0  0  0  0  3752603  0  0  0  0  0  0  0  0  0  21  0  0  0  0  0  48  0  0  0  0  0  0  0 
1441641900  0  0  0  0  0  0  0  0  0  3752603  0  0  0  0  0  0  0  0  0  21  0  0  0  0  0  48  0  0  0  0  0  0  0 
1441641900  0  0  0  0  0  0  0  0  0  3752603  0  0  0  0  0  0  0  0  0  21  0  0  0  0  0  48  0  0  0  0  0  0  0 
1441641901  0  0  0  0  0  0  0  0  0  3752603  0  0  0  0  0  0  0  0  0  21  0  0  0  0  0  48  0  0  0  0  0  0  0 
1441641901  0  0  0  0  0  0  0  0  0  3752603  0  0  0  0  0  0  0  0  0  21  0  0  0  0  0  48  0  0  0  0  0  0  0 
1441641902  0  0  0  0  0  0  0  0  0  3755080  0  0  0  0  0  0  0  0  0  21  0  0  0  0  0  49  0  2477  0  0  0  0  0 
1441641902  0  0  0  0  0  0  0  0  0  3755080  0  0  0  0  0  0  0  0  0  21  0  0  0  0  0  49  0  0  0  0  0  0  0 
1441641903  0  0  0  0  0  0  0  0  0  3755080  0  0  0  0  0  0  0  0  0  21  0  0  0  0  0  49  0  0  0  0  0  0  0 
1441641903  0  0  0  0  0  0  0  0  0  3755080  0  0  0  0  0  0  0  0  0  21  0  0  0  0  0  49  0  0  0  0  0  0  0 
1441641904  0  0  0  0  0  0  0  0  0  3755080  0  0  0  0  0  0  0  0  0  21  0  0  0  0  0  49  0  0  0  0  0  0  0 
1441641904  0  0  0  0  0  0  0  0  0  3755080  0  0  0  0  0  0  0  0  0  21  0  0  0  0  0  49  0  0  0  0  0  0  0 
1441641905  0  0  0  0  0  0  0  0  0  3755080  0  0  0  0  0  0  0  0  0  21  0  0  0  0  0  49  0  0  0  0  0  0  0 
1441641905  0  0  0  0  0  0  0  0  0  3755080  0  0  0  0  0  0  0  0  0  21  0  0  0  0  0  49  0  0  0  0  0  0  0 
1441641906  0  0  0  0  0  0  0  0  0  3755080  0  0  0  0  0  0  0  0  0  21  0  0  0  0  0  49  0  0  0  0  0  0  0 
1441641906  0  0  0  0  0  0  0  0  0  3755080  0  0  0  0  0  0  0  0  0  21  0  0  0  0  0  49  0  0  0  0  0  0  0 
1441641907  0  0  0  0  0  0  0  0  0  3755080  0  0  0  0  0  0  0  0  0  21  0  0  0  0  0  49  0  0  0  0  0  0  0 
1441641907  0  0  0  0  0  0  0  0  0  3755080  0  0  0  0  0  0  0  0  0  21  0  0  0  0  0  49  0  0  0  0  0  0  0 
1441641908  0  0  0  0  0  0  0  0  0  3755080  0  0  0  0  0  0  0  0  0  21  0  0  0  0  0  49  0  0  0  0  0  0  0 
1441641908  0  0  0  0  0  0  0  0  0  3755080  0  0  0  0  0  0  0  0  0  21  0  0  0  0  0  49  0  0  0  0  0  0  0 
1441641909  0  0  0  0  0  0  0  0  0  3755080  0  0  0  0  0  0  0  0  0  21  0  0  0  0  0  49  0  0  0  0  0  0  0 
1441641909  0  0  0  0  0  0  0  0  0  3755080  0  0  0  0  0  0  0  0  0  21  0  0  0  0  0  49  0  0  0  0  0  0  0 
1441641910  0  0  0  0  0  0  0  0  0  3755080  0  0  0  0  0  0  0  0  0  21  0  0  0  0  0  49  0  0  0  0  0  0  0 
1441641910  0  0  0  0  0  0  0  0  0  3755080  0  0  0  0  0  0  0  0  0  21  0  0  0  0  0  49  0  0  0  0  0  0  0 
1441641911  0  0  0  0  0  0  0  0  0  3755080  0  0  0  0  0  0  0  0  0  21  0  0  0  0  0  49  0  0  0  0  0  0  0 
1441641911  0  0  0  0  0  0  0  0  0  3757902  0  0  0  0  0  0  0  0  0  21  0  0  0  0  0  50  0  2822  0  0  0  0  0 
1441641912  0  0  0  0  0  0  0  0  0  3757902  0  0  0  0  0  0  0  0  0  21  0  0  0  0  0  50  0  0  0  0  0  0  0 
1441641912  0  0  0  0  0  0  0  0  0  3757902  0  0  0  0  0  0  0  0  0  21  0  0  0  0  0  50  0  0  0  0  0  0  0 
1441641913  0  0  0  0  0  0  0  0  0  3757902  0  0  0  0  0  0  0  0  0  21  0  0  0  0  0  50  0  0  0  0  0  0  0 
1441641913  0  0  0  0  0  0  0  0  0  3757902  0  0  0  0  0  0  0  0  0  21  0  0  0  0  0  50  0  0  0  0  0  0  0 
1441641914  0  0  0  0  0  0  0  0  0  3757902  0  0  0  0  0  0  0  0  0  21  0  0  0  0  0  50  0  0  0  0  0  0  0 
1441641914  0  0  0  0  0  0  0  0  0  3757902  0  0  0  0  0  0  0  0  0  21  0  0  0  0  0  50  0  0  0  0  0  0  0 
1441641915  0  0  0  0  0  0  0  0  0  3757902  0  0  0  0  0  0  0  0  0  21  0  0  0  0  0  50  0  0  0  0  0  0  0 
1441641915  0  0  0  0  0  0  0  0  0  3757902  0  0  0  0  0  0  0  0  0  21  0  0  0  0  0  50  0  0  0  0  0  0  0 
1441641916  0  0  0  0  0  0  0  0  0  3757902  0  0  0  0  0  0  0  0  0  21  0  0  0  0  0  50  0  0  0  0  0  0  0 
1441641916  0  0  0  0  0  0  0  0  0  3757902  0  0  0  0  0  0  0  0  0  21  0  0  0  0  0  50  0  0  0  0  0  0  0 
1441641917  0  0  0  0  0  0  0  0  0  3757902  0  0  0  0  0  0  0  0  0  21  0  0  0  0  0  50  0  0  0  0  0  0  0 
1441641917  0  0  0  0  0  0  0  0  0  3757902  0  0  0  0  0  0  0  0  0  21  0  0  0  0  0  50  0  0  0  0  0  0  0 
1441641918  0  0  0  0  0  0  0  0  0  3757902  0  0  0  0  0  0  0  0  0  21  0  0  0  0  0  50  0  0  0  0  0  0  0 
1441641918  0  0  0  0  0  0  0  0  0  3757902  0  0  0  0  0  0  0  0  0  21  0  0  0  0  0  50  0  0  0  0  0  0  0 
1441641919  0  0  0  0  0  0  0  0  0  3757902  0  0  0  0  0  0  0  0  0  21  0  0  0  0  0  50  0  0  0  0  0  0  0 
1441641919  0  0  0  0  0  0  0  0  0  3757902  0  0  0  0  0  0  0  0  0  21  0  0  0  0  0  50  0  0  0  0  0  0  0 
1441641920  0  0  0  0  0  0  0  0  0  3757902  0  0  0  0  0  0  0  0  0  21  0  0  0  0  0  50  0  0  0  0  0  0  0 
1441641920  0  0  0  0  0  0  0  0  0  3757902  0  0  0  0  0  0  0  0  0  21  0  0  0  0  0  50  0  0  0  0  0  0  0 
1441641921  0  0  0  0  0  0  0  0  0  3757902  0  0  0  0  0  0  0  0  0  21  0  0  0  0  0  50  0  0  0  0  0  0  0 
1441641921  0  0  0  0  0  0  0  0  0  3757902  0  0  0  0  0  0  0  0  0  21  0  0  0  0  0  50  0  0  0  0  0  0  0 
1441641922  0  0  0  0  0  0  0  0  0  3760714  0  0  0  0  0  0  0  0  0  21  0  0  0  0  0  51  0  2812  0  0  0  0  0 
1441641922  0  0  0  0  0  0  0  0  0  3760714  0  0  0  0  0  0  0  0  0  21  0  0  0  0  0  51  0  0  0  0  0  0  0 
1441641923  0  0  0  0  0  0  0  0  0  3760714  0  0  0  0  0  0  0  0  0  21  0  0  0  0  0  51  0  0  0  0  0  0  0 
1441641923  0  0  0  0  0  0  0  0  0  3760714  0  0  0  0  0  0  0  0  0  21  0  0  0  0  0  51  0  0  0  0  0  0  0 
1441641924  0  0  0  0  0  0  0  0  0  3760714  0  0  0  0  0  0  0  0  0  21  0  0  0  0  0  51  0  0  0  0  0  0  0 
1441641924  0  0  0  0  0  0  0  0  0  3760714  0  0  0  0  0  0  0  0  0  21  0  0  0  0  0  51  0  0  0  0  0  0  0 
1441641925  0  0  0  0  0  0  0  0  0  3760714  0  0  0  0  0  0  0  0  0  21  0  0  0  0  0  51  0  0  0  0  0  0  0 
1441641925  0  0  0  0  0  0  0  0  0  3760714  0  0  0  0  0  0  0  0  0  21  0  0  0  0  0  51  0  0  0  0  0  0  0 
1441641926  0  0  0  0  0  0  0  0  0  3760714  0  0  0  0  0  0  0  0  0  21  0  0  0  0  0  51  0  0  0  0  0  0  0 
1441641926  0  0  0  0  0  0  0  0  0  3760714  0  0  0  0  0  0  0  0  0  21  0  0  0  0  0  51  0  0  0  0  0  0  0 
1441641927  0  0  0  0  0  0  0  0  0  3760714  0  0  0  0  0  0  0  0  0  21  0  0  0  0  0  51  0  0  0  0  0  0  0 
1441641927  0  0  0  0  0  0  0  0  0  3760714  0  0  0  0  0  0  0  0  0  21  0  0  0  0  0  51  0  0  0  0  0  0  0 
1441641928  0  0  0  0  0  0  0  0  0  3760714  0  0  0  0  0  0  0  0  0  21  0  0  0  0  0  51  0  0  0  0  0  0  0 
1441641928  0  0  0  0  0  0  0  0  0  3760714  0  0  0  0  0  0  0  0  0  21  0  0  0  0  0  51  0  0  0  0  0  0  0 
1441641929  0  0  0  0  0  0  0  0  0  3760714  0  0  0  0  0  0  0  0  0  21  0  0  0  0  0  51  0  0  0  0  0  0  0 
1441641929  0  0  0  0  0  0  0  0  0  3760714  0  0  0  0  0  0  0  0  0  21  0  0  0  0  0  51  0  0  0  0  0  0  0 
1441641930  0  0  0  0  0  0  0  0  0  3760714  0  0  0  0  0  0  0  0  0  21  0  0  0  0  0  51  0  0  0  0  0  0  0 
1441641930  0  0  0  0  0  0  0  0  0  3760714  0  0  0  0  0  0  0  0  0  21  0  0  0  0  0  51  0  0  0  0  0  0  0 
1441641931  0  0  0  0  0  0  0  0  0  3760714  0  0  0  0  0  0  0  0  0  21  0  0  0  0  0  51  0  0  0  0  0  0  0 
1441641931  0  0  0  0  0  0  0  0  0  3760714  0  0  0  0  0  0  0  0  0  21  0  0  0  0  0  51  0  0  0  0  0  0  0 
1441641932  0  0  0  0  0  0  0  0  0  3815198  0  0  0  0  0  0  0  0  0  23  0  0  0  0  0  55  0  54484  0  0  0  0  0 
1441641932  0  0  0  0  0  0  0  0  0  3856425  0  0  0  0  0  0  0  0  0  25  0  0  0  0  0  64  0  41227  0  0  0  0  0 
1441641933  0  0  0  0  0  0  0  0  0  3856425  0  0  0  0  0  0  0  0  0  25  0  0  0  0  0  64  0  0  0  0  0  0  0 
1441641933  0  0  0  0  0  0  0  0  0  3856425  0  0  0  0  0  0  0  0  0  25  0  0  0  0  0  64  0  0  0  0  0  0  0 
