#Type:X;CI:15;ww:0;ca:0;co:1;fr:0;Type:X;CI:15;PI:0;PT:EP;U0:0;U1:0;
#time  Pp  gt  gs  cn  cm  cb  Nc  Pc  cp  Tc  Nm  pr  ps  pt  px  pd  Pm  Om  fs  ft  Oc  Em  Gp  Ec  Ge  ot  os  Total_cycles_diff  Successful_get_diff  Total_get_diff  succ_put_diff  total_put_diff  get_hit  
1441642389  0  0  0  0  0  0  0  0  0  3275  0  0  0  0  0  0  0  0  0  0  0  0  0  0  0  0  0  3275  0  0  0  0  
1441642390  0  0  0  0  0  0  0  0  0  3275  0  0  0  0  0  0  0  0  0  0  0  0  0  0  0  0  0  0  0  0  0  0  0 
1441642390  0  0  0  0  0  0  0  0  0  736250  0  0  0  0  0  0  0  0  0  0  0  0  0  0  0  0  0  732975  0  0  0  0  0 
1441642391  0  0  0  0  0  0  0  0  0  1304032  0  0  0  0  0  0  0  0  0  0  0  0  0  0  0  0  0  567782  0  0  0  0  0 
1441642391  0  0  0  0  0  0  0  0  0  1518843  0  0  0  0  0  0  0  0  0  0  0  0  0  0  0  0  0  214811  0  0  0  0  0 
1441642392  0  0  0  0  0  0  0  0  0  1773655  0  0  0  0  0  0  0  0  0  0  0  0  0  0  0  0  0  254812  0  0  0  0  0 
1441642392  0  0  0  0  0  0  0  0  0  2098823  0  0  0  0  0  0  0  0  0  13  0  0  0  0  0  38  0  325168  0  0  0  0  0 
1441642393  0  0  0  0  0  0  0  0  0  2593390  0  0  0  0  0  0  0  0  0  15  0  0  0  0  0  41  0  494567  0  0  0  0  0 
1441642393  0  0  0  0  0  0  0  0  0  2593390  0  0  0  0  0  0  0  0  0  15  0  0  0  0  0  41  0  0  0  0  0  0  0 
1441642394  0  0  0  0  0  0  0  0  0  3296201  0  0  0  0  0  0  0  0  0  21  0  0  0  0  0  46  0  702811  0  0  0  0  0 
1441642394  0  0  0  0  0  0  0  0  0  3629355  0  0  0  0  0  0  0  0  0  21  0  0  0  0  0  46  0  333154  0  0  0  0  0 
1441642395  0  0  0  0  0  0  0  0  0  3629355  0  0  0  0  0  0  0  0  0  21  0  0  0  0  0  46  0  0  0  0  0  0  0 
1441642395  0  0  0  0  0  0  0  0  0  3629355  0  0  0  0  0  0  0  0  0  21  0  0  0  0  0  46  0  0  0  0  0  0  0 
1441642396  0  0  0  0  0  0  0  0  0  3629355  0  0  0  0  0  0  0  0  0  21  0  0  0  0  0  46  0  0  0  0  0  0  0 
1441642396  0  0  0  0  0  0  0  0  0  3629355  0  0  0  0  0  0  0  0  0  21  0  0  0  0  0  46  0  0  0  0  0  0  0 
1441642397  0  0  0  0  0  0  0  0  0  3629355  0  0  0  0  0  0  0  0  0  21  0  0  0  0  0  46  0  0  0  0  0  0  0 
1441642397  0  0  0  0  0  0  0  0  0  3629355  0  0  0  0  0  0  0  0  0  21  0  0  0  0  0  46  0  0  0  0  0  0  0 
1441642398  0  0  0  0  0  0  0  0  0  3629355  0  0  0  0  0  0  0  0  0  21  0  0  0  0  0  46  0  0  0  0  0  0  0 
1441642398  0  0  0  0  0  0  0  0  0  3629355  0  0  0  0  0  0  0  0  0  21  0  0  0  0  0  46  0  0  0  0  0  0  0 
1441642399  0  0  0  0  0  0  0  0  0  3629355  0  0  0  0  0  0  0  0  0  21  0  0  0  0  0  46  0  0  0  0  0  0  0 
1441642399  0  0  0  0  0  0  0  0  0  3629355  0  0  0  0  0  0  0  0  0  21  0  0  0  0  0  46  0  0  0  0  0  0  0 
1441642400  0  0  0  0  0  0  0  0  0  3629355  0  0  0  0  0  0  0  0  0  21  0  0  0  0  0  46  0  0  0  0  0  0  0 
1441642400  0  0  0  0  0  0  0  0  0  3629355  0  0  0  0  0  0  0  0  0  21  0  0  0  0  0  46  0  0  0  0  0  0  0 
1441642401  0  0  0  0  0  0  0  0  0  3629355  0  0  0  0  0  0  0  0  0  21  0  0  0  0  0  46  0  0  0  0  0  0  0 
1441642401  0  0  0  0  0  0  0  0  0  3629355  0  0  0  0  0  0  0  0  0  21  0  0  0  0  0  46  0  0  0  0  0  0  0 
1441642402  0  0  0  0  0  0  0  0  0  3629355  0  0  0  0  0  0  0  0  0  21  0  0  0  0  0  46  0  0  0  0  0  0  0 
1441642402  0  0  0  0  0  0  0  0  0  3629355  0  0  0  0  0  0  0  0  0  21  0  0  0  0  0  46  0  0  0  0  0  0  0 
1441642403  0  0  0  0  0  0  0  0  0  3629355  0  0  0  0  0  0  0  0  0  21  0  0  0  0  0  46  0  0  0  0  0  0  0 
1441642403  0  0  0  0  0  0  0  0  0  3629355  0  0  0  0  0  0  0  0  0  21  0  0  0  0  0  46  0  0  0  0  0  0  0 
1441642404  0  0  0  0  0  0  0  0  0  3629355  0  0  0  0  0  0  0  0  0  21  0  0  0  0  0  46  0  0  0  0  0  0  0 
1441642404  0  0  0  0  0  0  0  0  0  3629355  0  0  0  0  0  0  0  0  0  21  0  0  0  0  0  46  0  0  0  0  0  0  0 
1441642405  0  0  0  0  0  0  0  0  0  3629355  0  0  0  0  0  0  0  0  0  21  0  0  0  0  0  46  0  0  0  0  0  0  0 
1441642405  0  0  0  0  0  0  0  0  0  3629355  0  0  0  0  0  0  0  0  0  21  0  0  0  0  0  46  0  0  0  0  0  0  0 
1441642406  0  0  0  0  0  0  0  0  0  3629355  0  0  0  0  0  0  0  0  0  21  0  0  0  0  0  46  0  0  0  0  0  0  0 
1441642406  0  0  0  0  0  0  0  0  0  3629355  0  0  0  0  0  0  0  0  0  21  0  0  0  0  0  46  0  0  0  0  0  0  0 
1441642407  0  0  0  0  0  0  0  0  0  3629355  0  0  0  0  0  0  0  0  0  21  0  0  0  0  0  46  0  0  0  0  0  0  0 
1441642407  0  0  0  0  0  0  0  0  0  3629355  0  0  0  0  0  0  0  0  0  21  0  0  0  0  0  46  0  0  0  0  0  0  0 
1441642408  0  0  0  0  0  0  0  0  0  3629355  0  0  0  0  0  0  0  0  0  21  0  0  0  0  0  46  0  0  0  0  0  0  0 
1441642408  0  0  0  0  0  0  0  0  0  3629355  0  0  0  0  0  0  0  0  0  21  0  0  0  0  0  46  0  0  0  0  0  0  0 
1441642409  0  0  0  0  0  0  0  0  0  3629355  0  0  0  0  0  0  0  0  0  21  0  0  0  0  0  46  0  0  0  0  0  0  0 
1441642409  0  0  0  0  0  0  0  0  0  3629355  0  0  0  0  0  0  0  0  0  21  0  0  0  0  0  46  0  0  0  0  0  0  0 
1441642410  0  0  0  0  0  0  0  0  0  3629355  0  0  0  0  0  0  0  0  0  21  0  0  0  0  0  46  0  0  0  0  0  0  0 
1441642410  0  0  0  0  0  0  0  0  0  3629355  0  0  0  0  0  0  0  0  0  21  0  0  0  0  0  46  0  0  0  0  0  0  0 
1441642411  0  0  0  0  0  0  0  0  0  3629355  0  0  0  0  0  0  0  0  0  21  0  0  0  0  0  46  0  0  0  0  0  0  0 
1441642411  0  0  0  0  0  0  0  0  0  3629355  0  0  0  0  0  0  0  0  0  21  0  0  0  0  0  46  0  0  0  0  0  0  0 
1441642412  0  0  0  0  0  0  0  0  0  3629355  0  0  0  0  0  0  0  0  0  21  0  0  0  0  0  46  0  0  0  0  0  0  0 
1441642412  0  0  0  0  0  0  0  0  0  3629355  0  0  0  0  0  0  0  0  0  21  0  0  0  0  0  46  0  0  0  0  0  0  0 
1441642413  0  0  0  0  0  0  0  0  0  3629355  0  0  0  0  0  0  0  0  0  21  0  0  0  0  0  46  0  0  0  0  0  0  0 
1441642413  0  0  0  0  0  0  0  0  0  3629355  0  0  0  0  0  0  0  0  0  21  0  0  0  0  0  46  0  0  0  0  0  0  0 
1441642414  0  0  0  0  0  0  0  0  0  3629355  0  0  0  0  0  0  0  0  0  21  0  0  0  0  0  46  0  0  0  0  0  0  0 
1441642415  0  0  0  0  0  0  0  0  0  3629355  0  0  0  0  0  0  0  0  0  21  0  0  0  0  0  46  0  0  0  0  0  0  0 
1441642415  0  0  0  0  0  0  0  0  0  3629355  0  0  0  0  0  0  0  0  0  21  0  0  0  0  0  46  0  0  0  0  0  0  0 
1441642416  0  0  0  0  0  0  0  0  0  3629355  0  0  0  0  0  0  0  0  0  21  0  0  0  0  0  46  0  0  0  0  0  0  0 
1441642416  0  0  0  0  0  0  0  0  0  3629355  0  0  0  0  0  0  0  0  0  21  0  0  0  0  0  46  0  0  0  0  0  0  0 
1441642417  0  0  0  0  0  0  0  0  0  3629355  0  0  0  0  0  0  0  0  0  21  0  0  0  0  0  46  0  0  0  0  0  0  0 
1441642417  0  0  0  0  0  0  0  0  0  3629355  0  0  0  0  0  0  0  0  0  21  0  0  0  0  0  46  0  0  0  0  0  0  0 
1441642418  0  0  0  0  0  0  0  0  0  3629355  0  0  0  0  0  0  0  0  0  21  0  0  0  0  0  46  0  0  0  0  0  0  0 
1441642418  0  0  0  0  0  0  0  0  0  3629355  0  0  0  0  0  0  0  0  0  21  0  0  0  0  0  46  0  0  0  0  0  0  0 
1441642419  0  0  0  0  0  0  0  0  0  3629355  0  0  0  0  0  0  0  0  0  21  0  0  0  0  0  46  0  0  0  0  0  0  0 
1441642419  0  0  0  0  0  0  0  0  0  3629355  0  0  0  0  0  0  0  0  0  21  0  0  0  0  0  46  0  0  0  0  0  0  0 
1441642420  0  0  0  0  0  0  0  0  0  3629355  0  0  0  0  0  0  0  0  0  21  0  0  0  0  0  46  0  0  0  0  0  0  0 
1441642420  0  0  0  0  0  0  0  0  0  3629355  0  0  0  0  0  0  0  0  0  21  0  0  0  0  0  46  0  0  0  0  0  0  0 
1441642421  0  0  0  0  0  0  0  0  0  3629355  0  0  0  0  0  0  0  0  0  21  0  0  0  0  0  46  0  0  0  0  0  0  0 
1441642421  0  0  0  0  0  0  0  0  0  3629355  0  0  0  0  0  0  0  0  0  21  0  0  0  0  0  46  0  0  0  0  0  0  0 
1441642422  0  0  0  0  0  0  0  0  0  3629355  0  0  0  0  0  0  0  0  0  21  0  0  0  0  0  46  0  0  0  0  0  0  0 
1441642422  0  0  0  0  0  0  0  0  0  3629355  0  0  0  0  0  0  0  0  0  21  0  0  0  0  0  46  0  0  0  0  0  0  0 
1441642423  0  0  0  0  0  0  0  0  0  3629355  0  0  0  0  0  0  0  0  0  21  0  0  0  0  0  46  0  0  0  0  0  0  0 
1441642423  0  0  0  0  0  0  0  0  0  3629355  0  0  0  0  0  0  0  0  0  21  0  0  0  0  0  46  0  0  0  0  0  0  0 
1441642424  0  0  0  0  0  0  0  0  0  3629355  0  0  0  0  0  0  0  0  0  21  0  0  0  0  0  46  0  0  0  0  0  0  0 
1441642424  0  0  0  0  0  0  0  0  0  3629355  0  0  0  0  0  0  0  0  0  21  0  0  0  0  0  46  0  0  0  0  0  0  0 
1441642425  0  0  0  0  0  0  0  0  0  3629355  0  0  0  0  0  0  0  0  0  21  0  0  0  0  0  46  0  0  0  0  0  0  0 
1441642425  0  0  0  0  0  0  0  0  0  3629355  0  0  0  0  0  0  0  0  0  21  0  0  0  0  0  46  0  0  0  0  0  0  0 
1441642426  0  0  0  0  0  0  0  0  0  3629355  0  0  0  0  0  0  0  0  0  21  0  0  0  0  0  46  0  0  0  0  0  0  0 
1441642426  0  0  0  0  0  0  0  0  0  3629355  0  0  0  0  0  0  0  0  0  21  0  0  0  0  0  46  0  0  0  0  0  0  0 
1441642427  0  0  0  0  0  0  0  0  0  3629355  0  0  0  0  0  0  0  0  0  21  0  0  0  0  0  46  0  0  0  0  0  0  0 
1441642427  0  0  0  0  0  0  0  0  0  3629355  0  0  0  0  0  0  0  0  0  21  0  0  0  0  0  46  0  0  0  0  0  0  0 
1441642428  0  0  0  0  0  0  0  0  0  3629355  0  0  0  0  0  0  0  0  0  21  0  0  0  0  0  46  0  0  0  0  0  0  0 
1441642428  0  0  0  0  0  0  0  0  0  3629355  0  0  0  0  0  0  0  0  0  21  0  0  0  0  0  46  0  0  0  0  0  0  0 
1441642429  0  0  0  0  0  0  0  0  0  3629355  0  0  0  0  0  0  0  0  0  21  0  0  0  0  0  46  0  0  0  0  0  0  0 
1441642429  0  0  0  0  0  0  0  0  0  3629355  0  0  0  0  0  0  0  0  0  21  0  0  0  0  0  46  0  0  0  0  0  0  0 
1441642430  0  0  0  0  0  0  0  0  0  3629355  0  0  0  0  0  0  0  0  0  21  0  0  0  0  0  46  0  0  0  0  0  0  0 
1441642430  0  0  0  0  0  0  0  0  0  3629355  0  0  0  0  0  0  0  0  0  21  0  0  0  0  0  46  0  0  0  0  0  0  0 
1441642431  0  0  0  0  0  0  0  0  0  3629355  0  0  0  0  0  0  0  0  0  21  0  0  0  0  0  46  0  0  0  0  0  0  0 
1441642431  0  0  0  0  0  0  0  0  0  3629355  0  0  0  0  0  0  0  0  0  21  0  0  0  0  0  46  0  0  0  0  0  0  0 
1441642432  0  0  0  0  0  0  0  0  0  3629355  0  0  0  0  0  0  0  0  0  21  0  0  0  0  0  46  0  0  0  0  0  0  0 
1441642432  0  0  0  0  0  0  0  0  0  3629355  0  0  0  0  0  0  0  0  0  21  0  0  0  0  0  46  0  0  0  0  0  0  0 
1441642433  0  0  0  0  0  0  0  0  0  3629355  0  0  0  0  0  0  0  0  0  21  0  0  0  0  0  46  0  0  0  0  0  0  0 
1441642433  0  0  0  0  0  0  0  0  0  3629355  0  0  0  0  0  0  0  0  0  21  0  0  0  0  0  46  0  0  0  0  0  0  0 
1441642434  0  0  0  0  0  0  0  0  0  3629355  0  0  0  0  0  0  0  0  0  21  0  0  0  0  0  46  0  0  0  0  0  0  0 
1441642434  0  0  0  0  0  0  0  0  0  3629355  0  0  0  0  0  0  0  0  0  21  0  0  0  0  0  46  0  0  0  0  0  0  0 
1441642435  0  0  0  0  0  0  0  0  0  3629355  0  0  0  0  0  0  0  0  0  21  0  0  0  0  0  46  0  0  0  0  0  0  0 
1441642435  0  0  0  0  0  0  0  0  0  3629355  0  0  0  0  0  0  0  0  0  21  0  0  0  0  0  46  0  0  0  0  0  0  0 
1441642436  0  0  0  0  0  0  0  0  0  3629355  0  0  0  0  0  0  0  0  0  21  0  0  0  0  0  46  0  0  0  0  0  0  0 
1441642436  0  0  0  0  0  0  0  0  0  3629355  0  0  0  0  0  0  0  0  0  21  0  0  0  0  0  46  0  0  0  0  0  0  0 
1441642437  0  0  0  0  0  0  0  0  0  3629355  0  0  0  0  0  0  0  0  0  21  0  0  0  0  0  46  0  0  0  0  0  0  0 
1441642437  0  0  0  0  0  0  0  0  0  3629355  0  0  0  0  0  0  0  0  0  21  0  0  0  0  0  46  0  0  0  0  0  0  0 
1441642438  0  0  0  0  0  0  0  0  0  3629355  0  0  0  0  0  0  0  0  0  21  0  0  0  0  0  46  0  0  0  0  0  0  0 
1441642438  0  0  0  0  0  0  0  0  0  3629355  0  0  0  0  0  0  0  0  0  21  0  0  0  0  0  46  0  0  0  0  0  0  0 
1441642439  0  0  0  0  0  0  0  0  0  3629355  0  0  0  0  0  0  0  0  0  21  0  0  0  0  0  46  0  0  0  0  0  0  0 
1441642439  0  0  0  0  0  0  0  0  0  3629355  0  0  0  0  0  0  0  0  0  21  0  0  0  0  0  46  0  0  0  0  0  0  0 
1441642440  0  0  0  0  0  0  0  0  0  3629355  0  0  0  0  0  0  0  0  0  21  0  0  0  0  0  46  0  0  0  0  0  0  0 
1441642440  0  0  0  0  0  0  0  0  0  3629355  0  0  0  0  0  0  0  0  0  21  0  0  0  0  0  46  0  0  0  0  0  0  0 
1441642441  0  0  0  0  0  0  0  0  0  3629355  0  0  0  0  0  0  0  0  0  21  0  0  0  0  0  46  0  0  0  0  0  0  0 
1441642441  0  0  0  0  0  0  0  0  0  3629355  0  0  0  0  0  0  0  0  0  21  0  0  0  0  0  46  0  0  0  0  0  0  0 
1441642442  0  0  0  0  0  0  0  0  0  3629355  0  0  0  0  0  0  0  0  0  21  0  0  0  0  0  46  0  0  0  0  0  0  0 
1441642442  0  0  0  0  0  0  0  0  0  3629355  0  0  0  0  0  0  0  0  0  21  0  0  0  0  0  46  0  0  0  0  0  0  0 
1441642443  0  0  0  0  0  0  0  0  0  3629355  0  0  0  0  0  0  0  0  0  21  0  0  0  0  0  46  0  0  0  0  0  0  0 
1441642443  0  0  0  0  0  0  0  0  0  3629355  0  0  0  0  0  0  0  0  0  21  0  0  0  0  0  46  0  0  0  0  0  0  0 
1441642444  0  0  0  0  0  0  0  0  0  3629355  0  0  0  0  0  0  0  0  0  21  0  0  0  0  0  46  0  0  0  0  0  0  0 
1441642444  0  0  0  0  0  0  0  0  0  3629355  0  0  0  0  0  0  0  0  0  21  0  0  0  0  0  46  0  0  0  0  0  0  0 
1441642445  0  0  0  0  0  0  0  0  0  3629355  0  0  0  0  0  0  0  0  0  21  0  0  0  0  0  46  0  0  0  0  0  0  0 
1441642445  0  0  0  0  0  0  0  0  0  3629355  0  0  0  0  0  0  0  0  0  21  0  0  0  0  0  46  0  0  0  0  0  0  0 
1441642446  0  0  0  0  0  0  0  0  0  3629355  0  0  0  0  0  0  0  0  0  21  0  0  0  0  0  46  0  0  0  0  0  0  0 
1441642446  0  0  0  0  0  0  0  0  0  3629355  0  0  0  0  0  0  0  0  0  21  0  0  0  0  0  46  0  0  0  0  0  0  0 
1441642447  0  0  0  0  0  0  0  0  0  3637313  0  0  0  0  0  0  0  0  0  21  0  0  0  0  0  47  0  7958  0  0  0  0  0 
1441642447  0  0  0  0  0  0  0  0  0  3637313  0  0  0  0  0  0  0  0  0  21  0  0  0  0  0  47  0  0  0  0  0  0  0 
1441642448  0  0  0  0  0  0  0  0  0  3637313  0  0  0  0  0  0  0  0  0  21  0  0  0  0  0  47  0  0  0  0  0  0  0 
1441642448  0  0  0  0  0  0  0  0  0  3637313  0  0  0  0  0  0  0  0  0  21  0  0  0  0  0  47  0  0  0  0  0  0  0 
1441642449  0  0  0  0  0  0  0  0  0  3637313  0  0  0  0  0  0  0  0  0  21  0  0  0  0  0  47  0  0  0  0  0  0  0 
1441642449  0  0  0  0  0  0  0  0  0  3637313  0  0  0  0  0  0  0  0  0  21  0  0  0  0  0  47  0  0  0  0  0  0  0 
1441642450  0  0  0  0  0  0  0  0  0  3637313  0  0  0  0  0  0  0  0  0  21  0  0  0  0  0  47  0  0  0  0  0  0  0 
1441642450  0  0  0  0  0  0  0  0  0  3637313  0  0  0  0  0  0  0  0  0  21  0  0  0  0  0  47  0  0  0  0  0  0  0 
1441642451  0  0  0  0  0  0  0  0  0  3637313  0  0  0  0  0  0  0  0  0  21  0  0  0  0  0  47  0  0  0  0  0  0  0 
1441642451  0  0  0  0  0  0  0  0  0  3637313  0  0  0  0  0  0  0  0  0  21  0  0  0  0  0  47  0  0  0  0  0  0  0 
1441642452  0  0  0  0  0  0  0  0  0  3637313  0  0  0  0  0  0  0  0  0  21  0  0  0  0  0  47  0  0  0  0  0  0  0 
1441642452  0  0  0  0  0  0  0  0  0  3637313  0  0  0  0  0  0  0  0  0  21  0  0  0  0  0  47  0  0  0  0  0  0  0 
1441642453  0  0  0  0  0  0  0  0  0  3637313  0  0  0  0  0  0  0  0  0  21  0  0  0  0  0  47  0  0  0  0  0  0  0 
1441642453  0  0  0  0  0  0  0  0  0  3637313  0  0  0  0  0  0  0  0  0  21  0  0  0  0  0  47  0  0  0  0  0  0  0 
1441642454  0  0  0  0  0  0  0  0  0  3637313  0  0  0  0  0  0  0  0  0  21  0  0  0  0  0  47  0  0  0  0  0  0  0 
1441642454  0  0  0  0  0  0  0  0  0  3637313  0  0  0  0  0  0  0  0  0  21  0  0  0  0  0  47  0  0  0  0  0  0  0 
1441642455  0  0  0  0  0  0  0  0  0  3637313  0  0  0  0  0  0  0  0  0  21  0  0  0  0  0  47  0  0  0  0  0  0  0 
1441642455  0  0  0  0  0  0  0  0  0  3637313  0  0  0  0  0  0  0  0  0  21  0  0  0  0  0  47  0  0  0  0  0  0  0 
1441642456  0  0  0  0  0  0  0  0  0  3637313  0  0  0  0  0  0  0  0  0  21  0  0  0  0  0  47  0  0  0  0  0  0  0 
1441642456  0  0  0  0  0  0  0  0  0  3639778  0  0  0  0  0  0  0  0  0  21  0  0  0  0  0  48  0  2465  0  0  0  0  0 
1441642457  0  0  0  0  0  0  0  0  0  3639778  0  0  0  0  0  0  0  0  0  21  0  0  0  0  0  48  0  0  0  0  0  0  0 
1441642457  0  0  0  0  0  0  0  0  0  3639778  0  0  0  0  0  0  0  0  0  21  0  0  0  0  0  48  0  0  0  0  0  0  0 
1441642458  0  0  0  0  0  0  0  0  0  3639778  0  0  0  0  0  0  0  0  0  21  0  0  0  0  0  48  0  0  0  0  0  0  0 
1441642458  0  0  0  0  0  0  0  0  0  3639778  0  0  0  0  0  0  0  0  0  21  0  0  0  0  0  48  0  0  0  0  0  0  0 
1441642459  0  0  0  0  0  0  0  0  0  3639778  0  0  0  0  0  0  0  0  0  21  0  0  0  0  0  48  0  0  0  0  0  0  0 
1441642459  0  0  0  0  0  0  0  0  0  3639778  0  0  0  0  0  0  0  0  0  21  0  0  0  0  0  48  0  0  0  0  0  0  0 
1441642460  0  0  0  0  0  0  0  0  0  3639778  0  0  0  0  0  0  0  0  0  21  0  0  0  0  0  48  0  0  0  0  0  0  0 
1441642460  0  0  0  0  0  0  0  0  0  3639778  0  0  0  0  0  0  0  0  0  21  0  0  0  0  0  48  0  0  0  0  0  0  0 
1441642461  0  0  0  0  0  0  0  0  0  3639778  0  0  0  0  0  0  0  0  0  21  0  0  0  0  0  48  0  0  0  0  0  0  0 
1441642461  0  0  0  0  0  0  0  0  0  3639778  0  0  0  0  0  0  0  0  0  21  0  0  0  0  0  48  0  0  0  0  0  0  0 
1441642462  0  0  0  0  0  0  0  0  0  3639778  0  0  0  0  0  0  0  0  0  21  0  0  0  0  0  48  0  0  0  0  0  0  0 
1441642462  0  0  0  0  0  0  0  0  0  3639778  0  0  0  0  0  0  0  0  0  21  0  0  0  0  0  48  0  0  0  0  0  0  0 
1441642463  0  0  0  0  0  0  0  0  0  3639778  0  0  0  0  0  0  0  0  0  21  0  0  0  0  0  48  0  0  0  0  0  0  0 
1441642464  0  0  0  0  0  0  0  0  0  3639778  0  0  0  0  0  0  0  0  0  21  0  0  0  0  0  48  0  0  0  0  0  0  0 
1441642464  0  0  0  0  0  0  0  0  0  3639778  0  0  0  0  0  0  0  0  0  21  0  0  0  0  0  48  0  0  0  0  0  0  0 
1441642465  0  0  0  0  0  0  0  0  0  3639778  0  0  0  0  0  0  0  0  0  21  0  0  0  0  0  48  0  0  0  0  0  0  0 
1441642465  0  0  0  0  0  0  0  0  0  3639778  0  0  0  0  0  0  0  0  0  21  0  0  0  0  0  48  0  0  0  0  0  0  0 
1441642466  0  0  0  0  0  0  0  0  0  3639778  0  0  0  0  0  0  0  0  0  21  0  0  0  0  0  48  0  0  0  0  0  0  0 
1441642466  0  0  0  0  0  0  0  0  0  3639778  0  0  0  0  0  0  0  0  0  21  0  0  0  0  0  48  0  0  0  0  0  0  0 
1441642467  0  0  0  0  0  0  0  0  0  3642322  0  0  0  0  0  0  0  0  0  21  0  0  0  0  0  49  0  2544  0  0  0  0  0 
1441642467  0  0  0  0  0  0  0  0  0  3642322  0  0  0  0  0  0  0  0  0  21  0  0  0  0  0  49  0  0  0  0  0  0  0 
1441642468  0  0  0  0  0  0  0  0  0  3642322  0  0  0  0  0  0  0  0  0  21  0  0  0  0  0  49  0  0  0  0  0  0  0 
1441642468  0  0  0  0  0  0  0  0  0  3642322  0  0  0  0  0  0  0  0  0  21  0  0  0  0  0  49  0  0  0  0  0  0  0 
1441642469  0  0  0  0  0  0  0  0  0  3642322  0  0  0  0  0  0  0  0  0  21  0  0  0  0  0  49  0  0  0  0  0  0  0 
1441642469  0  0  0  0  0  0  0  0  0  3642322  0  0  0  0  0  0  0  0  0  21  0  0  0  0  0  49  0  0  0  0  0  0  0 
1441642470  0  0  0  0  0  0  0  0  0  3642322  0  0  0  0  0  0  0  0  0  21  0  0  0  0  0  49  0  0  0  0  0  0  0 
1441642470  0  0  0  0  0  0  0  0  0  3642322  0  0  0  0  0  0  0  0  0  21  0  0  0  0  0  49  0  0  0  0  0  0  0 
1441642471  0  0  0  0  0  0  0  0  0  3642322  0  0  0  0  0  0  0  0  0  21  0  0  0  0  0  49  0  0  0  0  0  0  0 
1441642471  0  0  0  0  0  0  0  0  0  3642322  0  0  0  0  0  0  0  0  0  21  0  0  0  0  0  49  0  0  0  0  0  0  0 
1441642472  0  0  0  0  0  0  0  0  0  3642322  0  0  0  0  0  0  0  0  0  21  0  0  0  0  0  49  0  0  0  0  0  0  0 
1441642472  0  0  0  0  0  0  0  0  0  3642322  0  0  0  0  0  0  0  0  0  21  0  0  0  0  0  49  0  0  0  0  0  0  0 
1441642473  0  0  0  0  0  0  0  0  0  3642322  0  0  0  0  0  0  0  0  0  21  0  0  0  0  0  49  0  0  0  0  0  0  0 
1441642473  0  0  0  0  0  0  0  0  0  3642322  0  0  0  0  0  0  0  0  0  21  0  0  0  0  0  49  0  0  0  0  0  0  0 
1441642474  0  0  0  0  0  0  0  0  0  3642322  0  0  0  0  0  0  0  0  0  21  0  0  0  0  0  49  0  0  0  0  0  0  0 
1441642474  0  0  0  0  0  0  0  0  0  3642322  0  0  0  0  0  0  0  0  0  21  0  0  0  0  0  49  0  0  0  0  0  0  0 
1441642475  0  0  0  0  0  0  0  0  0  3642322  0  0  0  0  0  0  0  0  0  21  0  0  0  0  0  49  0  0  0  0  0  0  0 
1441642475  0  0  0  0  0  0  0  0  0  3642322  0  0  0  0  0  0  0  0  0  21  0  0  0  0  0  49  0  0  0  0  0  0  0 
1441642476  0  0  0  0  0  0  0  0  0  3642322  0  0  0  0  0  0  0  0  0  21  0  0  0  0  0  49  0  0  0  0  0  0  0 
1441642476  0  0  0  0  0  0  0  0  0  3642322  0  0  0  0  0  0  0  0  0  21  0  0  0  0  0  49  0  0  0  0  0  0  0 
1441642477  0  0  0  0  0  0  0  0  0  3644899  0  0  0  0  0  0  0  0  0  21  0  0  0  0  0  50  0  2577  0  0  0  0  0 
1441642477  0  0  0  0  0  0  0  0  0  3644899  0  0  0  0  0  0  0  0  0  21  0  0  0  0  0  50  0  0  0  0  0  0  0 
1441642478  0  0  0  0  0  0  0  0  0  3644899  0  0  0  0  0  0  0  0  0  21  0  0  0  0  0  50  0  0  0  0  0  0  0 
1441642478  0  0  0  0  0  0  0  0  0  3644899  0  0  0  0  0  0  0  0  0  21  0  0  0  0  0  50  0  0  0  0  0  0  0 
1441642479  0  0  0  0  0  0  0  0  0  3644899  0  0  0  0  0  0  0  0  0  21  0  0  0  0  0  50  0  0  0  0  0  0  0 
1441642479  0  0  0  0  0  0  0  0  0  3644899  0  0  0  0  0  0  0  0  0  21  0  0  0  0  0  50  0  0  0  0  0  0  0 
1441642480  0  0  0  0  0  0  0  0  0  3644899  0  0  0  0  0  0  0  0  0  21  0  0  0  0  0  50  0  0  0  0  0  0  0 
1441642480  0  0  0  0  0  0  0  0  0  3644899  0  0  0  0  0  0  0  0  0  21  0  0  0  0  0  50  0  0  0  0  0  0  0 
1441642481  0  0  0  0  0  0  0  0  0  3644899  0  0  0  0  0  0  0  0  0  21  0  0  0  0  0  50  0  0  0  0  0  0  0 
1441642481  0  0  0  0  0  0  0  0  0  3644899  0  0  0  0  0  0  0  0  0  21  0  0  0  0  0  50  0  0  0  0  0  0  0 
1441642482  0  0  0  0  0  0  0  0  0  3644899  0  0  0  0  0  0  0  0  0  21  0  0  0  0  0  50  0  0  0  0  0  0  0 
1441642482  0  0  0  0  0  0  0  0  0  3644899  0  0  0  0  0  0  0  0  0  21  0  0  0  0  0  50  0  0  0  0  0  0  0 
1441642483  0  0  0  0  0  0  0  0  0  3644899  0  0  0  0  0  0  0  0  0  21  0  0  0  0  0  50  0  0  0  0  0  0  0 
1441642483  0  0  0  0  0  0  0  0  0  3644899  0  0  0  0  0  0  0  0  0  21  0  0  0  0  0  50  0  0  0  0  0  0  0 
1441642484  0  0  0  0  0  0  0  0  0  3644899  0  0  0  0  0  0  0  0  0  21  0  0  0  0  0  50  0  0  0  0  0  0  0 
1441642484  0  0  0  0  0  0  0  0  0  3644899  0  0  0  0  0  0  0  0  0  21  0  0  0  0  0  50  0  0  0  0  0  0  0 
1441642485  0  0  0  0  0  0  0  0  0  3644899  0  0  0  0  0  0  0  0  0  21  0  0  0  0  0  50  0  0  0  0  0  0  0 
1441642485  0  0  0  0  0  0  0  0  0  3644899  0  0  0  0  0  0  0  0  0  21  0  0  0  0  0  50  0  0  0  0  0  0  0 
1441642486  0  0  0  0  0  0  0  0  0  3644899  0  0  0  0  0  0  0  0  0  21  0  0  0  0  0  50  0  0  0  0  0  0  0 
1441642486  0  0  0  0  0  0  0  0  0  3644899  0  0  0  0  0  0  0  0  0  21  0  0  0  0  0  50  0  0  0  0  0  0  0 
1441642487  0  0  0  0  0  0  0  0  0  3644899  0  0  0  0  0  0  0  0  0  21  0  0  0  0  0  50  0  0  0  0  0  0  0 
1441642487  0  0  0  0  0  0  0  0  0  3647318  0  0  0  0  0  0  0  0  0  21  0  0  0  0  0  51  0  2419  0  0  0  0  0 
1441642488  0  0  0  0  0  0  0  0  0  3647318  0  0  0  0  0  0  0  0  0  21  0  0  0  0  0  51  0  0  0  0  0  0  0 
1441642488  0  0  0  0  0  0  0  0  0  3647318  0  0  0  0  0  0  0  0  0  21  0  0  0  0  0  51  0  0  0  0  0  0  0 
1441642489  0  0  0  0  0  0  0  0  0  3647318  0  0  0  0  0  0  0  0  0  21  0  0  0  0  0  51  0  0  0  0  0  0  0 
1441642489  0  0  0  0  0  0  0  0  0  3647318  0  0  0  0  0  0  0  0  0  21  0  0  0  0  0  51  0  0  0  0  0  0  0 
1441642490  0  0  0  0  0  0  0  0  0  3647318  0  0  0  0  0  0  0  0  0  21  0  0  0  0  0  51  0  0  0  0  0  0  0 
1441642490  0  0  0  0  0  0  0  0  0  3647318  0  0  0  0  0  0  0  0  0  21  0  0  0  0  0  51  0  0  0  0  0  0  0 
1441642491  0  0  0  0  0  0  0  0  0  3647318  0  0  0  0  0  0  0  0  0  21  0  0  0  0  0  51  0  0  0  0  0  0  0 
1441642491  0  0  0  0  0  0  0  0  0  3647318  0  0  0  0  0  0  0  0  0  21  0  0  0  0  0  51  0  0  0  0  0  0  0 
1441642492  0  0  0  0  0  0  0  0  0  3647318  0  0  0  0  0  0  0  0  0  21  0  0  0  0  0  51  0  0  0  0  0  0  0 
1441642492  0  0  0  0  0  0  0  0  0  3647318  0  0  0  0  0  0  0  0  0  21  0  0  0  0  0  51  0  0  0  0  0  0  0 
1441642493  0  0  0  0  0  0  0  0  0  3647318  0  0  0  0  0  0  0  0  0  21  0  0  0  0  0  51  0  0  0  0  0  0  0 
1441642493  0  0  0  0  0  0  0  0  0  3647318  0  0  0  0  0  0  0  0  0  21  0  0  0  0  0  51  0  0  0  0  0  0  0 
1441642494  0  0  0  0  0  0  0  0  0  3647318  0  0  0  0  0  0  0  0  0  21  0  0  0  0  0  51  0  0  0  0  0  0  0 
1441642494  0  0  0  0  0  0  0  0  0  3647318  0  0  0  0  0  0  0  0  0  21  0  0  0  0  0  51  0  0  0  0  0  0  0 
1441642495  0  0  0  0  0  0  0  0  0  3647318  0  0  0  0  0  0  0  0  0  21  0  0  0  0  0  51  0  0  0  0  0  0  0 
1441642495  0  0  0  0  0  0  0  0  0  3647318  0  0  0  0  0  0  0  0  0  21  0  0  0  0  0  51  0  0  0  0  0  0  0 
1441642496  0  0  0  0  0  0  0  0  0  3647318  0  0  0  0  0  0  0  0  0  21  0  0  0  0  0  51  0  0  0  0  0  0  0 
1441642496  0  0  0  0  0  0  0  0  0  3647318  0  0  0  0  0  0  0  0  0  21  0  0  0  0  0  51  0  0  0  0  0  0  0 
1441642497  0  0  0  0  0  0  0  0  0  3647318  0  0  0  0  0  0  0  0  0  21  0  0  0  0  0  51  0  0  0  0  0  0  0 
1441642497  0  0  0  0  0  0  0  0  0  3709508  0  0  0  0  0  0  0  0  0  25  0  0  0  0  0  64  0  62190  0  0  0  0  0 
1441642498  0  0  0  0  0  0  0  0  0  3720389  0  0  0  0  0  0  0  0  0  25  0  0  0  0  0  64  0  10881  0  0  0  0  0 
1441642498  0  0  0  0  0  0  0  0  0  3720389  0  0  0  0  0  0  0  0  0  25  0  0  0  0  0  64  0  0  0  0  0  0  0 
