#type:T;
#time  gt  cn  Pt  Px  gx  cx  gn  gm  Pn  Pm  Ft  cm  pt  Fx  px  ct  pn  Fm  Fn  pm  dn  On  Om  dm  dx  Ox  dt  Ot  Gt  Cn  Cm  Gx  Cx  Gn  Gm  Ct  
1441338721  4109219  0  0  0  7239  0  4905  157  0  2147483647  21819  2147483647  0  3859  0  0  0  336  21  2147483647  0  46  260  2147483647  0  5425  0  54033  0  0  2147483647  0  0  0  2147483647  0  
1441338722  4109219  0  0  0  7239  0  4905  157  0  2147483647  21819  2147483647  0  3859  0  0  0  336  21  2147483647  0  47  260  2147483647  0  5425  0  56778  0  0  2147483647  0  0  0  2147483647  0  
1441338722  4109219  0  0  0  7239  0  4905  157  0  2147483647  21819  2147483647  0  3859  0  0  0  336  21  2147483647  0  47  260  2147483647  0  5425  0  56778  0  0  2147483647  0  0  0  2147483647  0  
1441338723  4109219  0  0  0  7239  0  4905  157  0  2147483647  21819  2147483647  0  3859  0  0  0  336  21  2147483647  0  47  260  2147483647  0  5425  0  56778  0  0  2147483647  0  0  0  2147483647  0  
1441338723  4109219  0  0  0  7239  0  4905  157  0  2147483647  21819  2147483647  0  3859  0  0  0  336  21  2147483647  0  47  260  2147483647  0  5425  0  56778  0  0  2147483647  0  0  0  2147483647  0  
1441338724  4109219  0  0  0  7239  0  4905  157  0  2147483647  21819  2147483647  0  3859  0  0  0  336  21  2147483647  0  47  260  2147483647  0  5425  0  56778  0  0  2147483647  0  0  0  2147483647  0  
1441338724  4109219  0  0  0  7239  0  4905  157  0  2147483647  21819  2147483647  0  3859  0  0  0  336  21  2147483647  0  47  260  2147483647  0  5425  0  56778  0  0  2147483647  0  0  0  2147483647  0  
1441338725  4109219  0  0  0  7239  0  4905  157  0  2147483647  21819  2147483647  0  3859  0  0  0  336  21  2147483647  0  47  260  2147483647  0  5425  0  56778  0  0  2147483647  0  0  0  2147483647  0  
1441338725  4109219  0  0  0  7239  0  4905  157  0  2147483647  21819  2147483647  0  3859  0  0  0  336  21  2147483647  0  47  260  2147483647  0  5425  0  56778  0  0  2147483647  0  0  0  2147483647  0  
1441338726  4109219  0  0  0  7239  0  4905  157  0  2147483647  21819  2147483647  0  3859  0  0  0  336  21  2147483647  0  47  260  2147483647  0  5425  0  56778  0  0  2147483647  0  0  0  2147483647  0  
1441338726  4109219  0  0  0  7239  0  4905  157  0  2147483647  21819  2147483647  0  3859  0  0  0  336  21  2147483647  0  47  260  2147483647  0  5425  0  56778  0  0  2147483647  0  0  0  2147483647  0  
1441338727  4109219  0  0  0  7239  0  4905  157  0  2147483647  21819  2147483647  0  3859  0  0  0  336  21  2147483647  0  47  260  2147483647  0  5425  0  56778  0  0  2147483647  0  0  0  2147483647  0  
1441338727  4109219  0  0  0  7239  0  4905  157  0  2147483647  21819  2147483647  0  3859  0  0  0  336  21  2147483647  0  47  260  2147483647  0  5425  0  56778  0  0  2147483647  0  0  0  2147483647  0  
1441338728  4109219  0  0  0  7239  0  4905  157  0  2147483647  21819  2147483647  0  3859  0  0  0  336  21  2147483647  0  47  260  2147483647  0  5425  0  56778  0  0  2147483647  0  0  0  2147483647  0  
1441338728  4109219  0  0  0  7239  0  4905  157  0  2147483647  21819  2147483647  0  3859  0  0  0  336  21  2147483647  0  47  260  2147483647  0  5425  0  56778  0  0  2147483647  0  0  0  2147483647  0  
1441338729  4109219  0  0  0  7239  0  4905  157  0  2147483647  21819  2147483647  0  3859  0  0  0  336  21  2147483647  0  47  260  2147483647  0  5425  0  56778  0  0  2147483647  0  0  0  2147483647  0  
1441338729  4109219  0  0  0  7239  0  4905  157  0  2147483647  21819  2147483647  0  3859  0  0  0  336  21  2147483647  0  47  260  2147483647  0  5425  0  56778  0  0  2147483647  0  0  0  2147483647  0  
1441338730  4109219  0  0  0  7239  0  4905  157  0  2147483647  21819  2147483647  0  3859  0  0  0  336  21  2147483647  0  47  260  2147483647  0  5425  0  56778  0  0  2147483647  0  0  0  2147483647  0  
1441338730  4109219  0  0  0  7239  0  4905  157  0  2147483647  21819  2147483647  0  3859  0  0  0  336  21  2147483647  0  47  260  2147483647  0  5425  0  56778  0  0  2147483647  0  0  0  2147483647  0  
1441338731  4109219  0  0  0  7239  0  4905  157  0  2147483647  21819  2147483647  0  3859  0  0  0  336  21  2147483647  0  47  260  2147483647  0  5425  0  56778  0  0  2147483647  0  0  0  2147483647  0  
1441338731  4109219  0  0  0  7239  0  4905  157  0  2147483647  21819  2147483647  0  3859  0  0  0  336  21  2147483647  0  47  260  2147483647  0  5425  0  56778  0  0  2147483647  0  0  0  2147483647  0  
1441338732  4281351  0  15727397  63301  8773  0  5018  157  3430  2970  51711  2147483647  0  3859  0  0  0  217  124  2147483647  0  269  248  2147483647  0  57173  0  690152  350377  3510  547  17130  7334  80  1945  5969113  
1441338732  4407898  0  15727397  63301  8773  0  5121  157  3430  2970  51711  2147483647  0  3859  0  0  0  217  124  2147483647  0  269  248  2147483647  0  57173  0  690152  2323160  3713  547  35480  7334  283  1945  6538429  
1441338733  4461445  0  15727397  63301  10788  0  5200  157  3430  2970  51711  2147483647  0  3859  0  0  0  217  124  2147483647  0  269  248  2147483647  0  57173  0  690152  2789914  3752  547  35480  9905  322  1945  6672163  
1441338733  4461445  0  15727397  63301  10788  0  5200  157  3430  2970  51711  2147483647  0  3859  0  0  0  217  124  2147483647  0  269  248  2147483647  0  57173  0  690152  2789914  3752  547  35480  9905  322  1945  6672163  
1441338734  4461445  0  15727397  63301  10788  0  5200  157  3430  2970  51711  2147483647  0  3859  0  0  0  217  124  2147483647  0  269  248  2147483647  0  57173  0  690152  2789914  3752  547  35480  9905  322  1945  6672163  
1441338734  4461445  0  15727397  63301  10788  0  5200  157  3430  2970  51711  2147483647  0  3859  0  0  0  217  124  2147483647  0  269  248  2147483647  0  57173  0  690152  2789914  3752  547  35480  9905  322  1945  6672163  
1441338735  4461445  0  15727397  63301  10788  0  5200  157  3430  2970  51711  2147483647  0  3859  0  0  0  217  124  2147483647  0  269  248  2147483647  0  57173  0  690152  2789914  3752  547  35480  9905  322  1945  6672163  
1441338735  4461445  0  15727397  63301  10788  0  5200  157  3430  2970  51711  2147483647  0  3859  0  0  0  217  124  2147483647  0  269  248  2147483647  0  57173  0  690152  2789914  3752  547  35480  9905  322  1945  6672163  
1441338736  4461445  0  15727397  63301  10788  0  5200  157  3430  2970  51711  2147483647  0  3859  0  0  0  217  124  2147483647  0  269  248  2147483647  0  57173  0  690152  2789914  3752  547  35480  9905  322  1945  6672163  
1441338736  4461445  0  15727397  63301  10788  0  5200  157  3430  2970  51711  2147483647  0  3859  0  0  0  217  124  2147483647  0  269  248  2147483647  0  57173  0  690152  2789914  3752  547  35480  9905  322  1945  6672163  
1441338737  4461445  0  15727397  63301  10788  0  5200  157  3430  2970  51711  2147483647  0  3859  0  0  0  217  124  2147483647  0  269  248  2147483647  0  57173  0  690152  2789914  3752  547  35480  9905  322  1945  6672163  
1441338737  4461445  0  15727397  63301  10788  0  5200  157  3430  2970  51711  2147483647  0  3859  0  0  0  217  124  2147483647  0  269  248  2147483647  0  57173  0  690152  2789914  3752  547  35480  9905  322  1945  6672163  
1441338738  4461445  0  15727397  63301  10788  0  5200  157  3430  2970  51711  2147483647  0  3859  0  0  0  217  124  2147483647  0  269  248  2147483647  0  57173  0  690152  2789914  3752  547  35480  9905  322  1945  6672163  
1441338738  4461445  0  18159257  63301  10788  0  5200  157  3840  2970  570888  2147483647  0  4325  0  0  0  205  2238  2147483647  0  269  248  2147483647  0  57173  0  690152  2789914  4162  547  35480  9905  322  1945  7436024  
1441338739  4461445  0  18159257  63301  10788  0  5200  157  3840  2970  2842416  2147483647  0  5393  0  0  0  205  11517  2147483647  0  269  248  2147483647  0  57173  0  690152  2789914  4162  547  35480  9905  322  1945  7436024  
1441338739  4461445  0  18159257  63301  10788  0  5200  157  3840  2970  5188420  2147483647  0  5393  0  0  0  205  20962  2147483647  0  269  248  2147483647  0  57173  0  690152  2789914  4162  547  35480  9905  322  1945  7436024  
1441338740  4461445  0  18159257  63301  10788  0  5200  157  3840  2970  6671494  2147483647  0  6246  0  0  0  205  26425  2147483647  0  269  248  2147483647  0  57173  0  690152  2789914  4162  547  35480  9905  322  1945  7436024  
1441338740  4461445  0  18159257  63301  10788  0  5200  157  3840  2970  6671494  2147483647  0  6246  0  0  0  205  26425  2147483647  0  269  248  2147483647  0  57173  0  690152  2789914  4162  547  35480  9905  322  1945  7436024  
1441338741  4461445  0  18159257  63301  10788  0  5200  157  3840  2970  9547980  2147483647  0  6246  0  0  0  205  38075  2147483647  0  269  248  2147483647  0  57173  0  690152  2789914  4162  547  35480  9905  322  1945  7436024  
1441338741  4461445  0  18159257  63301  10788  0  5200  157  3840  2970  12146820  2147483647  0  6246  0  0  0  205  48608  2147483647  0  269  248  2147483647  0  57173  0  690152  2789914  4162  547  35480  9905  322  1945  7436024  
1441338742  4461445  0  18159257  63301  10788  0  5200  157  3840  2970  13712754  2147483647  0  7657  0  0  0  205  53961  2147483647  0  269  248  2147483647  0  57173  0  690152  2789914  4162  547  35480  9905  322  1945  7436024  
1441338742  4461445  0  18159257  63301  10788  0  5200  157  3840  2970  15856250  2147483647  0  7657  0  0  0  205  62192  2147483647  0  269  248  2147483647  0  57173  0  690152  2789914  4162  547  35480  9905  322  1945  7436024  
1441338743  4461445  0  18159257  63301  10788  0  5200  157  3840  2970  17796143  2147483647  0  8913  0  0  0  205  69361  2147483647  0  269  248  2147483647  0  57173  0  690152  2789914  4162  547  35480  9905  322  1945  7436024  
1441338744  4461445  0  18159257  63301  10788  0  5200  157  3840  2970  17796143  2147483647  0  8913  0  0  0  205  69361  2147483647  0  269  248  2147483647  0  57173  0  690152  2789914  4162  547  35480  9905  322  1945  7436024  
1441338744  4461445  0  21812586  69913  10788  0  5200  157  4592  2970  25429149  2147483647  0  8913  0  0  0  205  96340  2147483647  0  269  248  2147483647  0  57173  0  690152  3171332  4996  547  35480  9905  404  1945  8775524  
1441338745  4461445  0  21812586  69913  10788  0  5200  157  4592  2970  25686991  2147483647  0  9889  0  0  0  205  96586  2147483647  0  269  248  2147483647  0  57173  0  690152  3171332  4996  547  35480  9905  404  1945  8775524  
1441338745  9475322  0  31326188  69913  10788  0  10134  157  5264  2970  39531217  2147483647  0  36874  0  0  0  205  118833  2147483647  0  269  248  2147483647  0  57173  0  690152  3278385  5684  547  35480  15500  420  1945  11345567  
1441338746  10493645  0  32132318  69913  10788  0  11286  157  5336  2970  45421083  2147483647  0  36874  0  0  0  205  125463  2147483647  0  270  248  2147483647  0  57173  0  694632  3278385  5756  547  35480  15500  420  1945  11543597  
1441338746  13184729  0  35781758  69913  10788  0  13782  157  5562  2970  50533822  2147483647  0  36874  0  0  0  205  131354  2147483647  0  270  248  2147483647  0  57173  0  694632  3278385  5982  547  35480  15500  420  1945  12362752  
1441338747  15366097  0  36600556  69913  10788  0  15732  157  5612  2970  54300003  2147483647  0  36874  0  0  0  205  135518  2147483647  0  270  248  2147483647  0  57173  0  694632  3278385  6032  547  35480  15500  420  1945  12517871  
1441338747  15366097  0  36600556  69913  10788  0  15732  157  5612  2970  54300003  2147483647  0  36874  0  0  0  205  135518  2147483647  0  270  248  2147483647  0  57173  0  694632  3278385  6032  547  35480  15500  420  1945  12517871  
1441338748  18273623  0  38265434  69913  12881  0  18393  157  5789  2970  57092588  2147483647  0  36874  0  0  0  205  139959  2147483647  0  272  248  2147483647  0  57173  0  696598  3278385  6209  547  35480  15500  420  1945  12922020  
1441338748  20637131  0  39889819  69913  12881  0  20445  157  5886  2970  61981114  2147483647  0  36874  0  0  0  205  145968  2147483647  0  275  248  2147483647  0  57173  0  706340  3278385  6306  547  35480  15500  420  1945  13297413  
1441338749  21932721  0  42022395  69913  12881  0  21623  157  6047  2970  68072553  2147483647  0  36874  0  0  0  205  152948  2147483647  0  277  248  2147483647  0  57173  0  713858  3278385  6467  547  35480  16631  420  1945  13778184  
1441338749  23471702  0  44331682  69913  12881  0  23017  157  6203  2970  73123080  2147483647  0  36874  0  0  0  205  158441  2147483647  0  277  248  2147483647  0  57173  0  713858  3278385  6623  547  35480  16631  420  1945  14310182  
1441338750  25954455  0  81428048  69913  12881  0  25148  157  9020  2970  75061883  2147483647  0  36874  0  0  0  205  160645  2147483647  0  279  248  2147483647  0  57173  0  724553  3278385  9440  547  35480  16631  420  1945  23451330  
1441338750  28751672  0  107342942  69913  12881  0  27596  157  10810  2970  78150333  2147483647  0  36874  0  0  0  205  163716  2147483647  0  280  248  2147483647  0  57173  0  726676  3278385  11230  547  35480  16631  420  1945  29754373  
1441338751  28751672  0  107342942  69913  12881  0  27596  157  10810  2970  78150333  2147483647  0  36874  0  0  0  205  163716  2147483647  0  280  248  2147483647  0  57173  0  726676  3278385  11230  547  35480  16631  420  1945  29754373  
1441338751  32028251  0  124049307  69913  12881  0  30356  157  11993  2970  82011599  2147483647  0  36874  0  0  0  205  167744  2147483647  0  282  248  2147483647  0  57173  0  734570  3286445  12414  547  35480  18491  421  1945  33675322  
1441338752  34133578  0  147100991  73780  12881  0  32169  157  13533  2970  86199540  2147483647  0  36874  0  0  0  205  171925  2147483647  0  286  248  2147483647  0  57173  0  745498  3286445  13954  547  35480  18491  421  1945  39102930  
1441338752  36269036  0  199716429  73780  12974  0  33829  157  17058  2970  88006168  2147483647  0  36874  0  0  0  205  173722  2147483647  0  288  248  2147483647  0  57173  0  752117  3286445  17479  547  35480  18491  421  1945  51344691  
1441338753  37385751  0  244126409  73780  12974  0  34905  157  20603  2970  90003711  2147483647  0  36874  0  0  0  205  175838  2147483647  0  291  248  2147483647  0  2930151  0  3692328  3286445  21024  547  35480  19778  421  1945  61677313  
1441338753  38293490  0  276611875  73780  13035  0  35778  157  22773  2970  94793109  2147483647  0  36874  0  0  0  205  180748  2147483647  0  292  248  2147483647  0  2930151  0  3695986  9950804  23822  547  35480  19778  1049  1945  71178506  
1441338754  39345710  0  307555188  73780  13035  0  36812  157  24561  2970  97861619  2147483647  0  36874  0  0  0  205  185124  2147483647  0  294  248  2147483647  0  2930151  0  3698805  9950804  25610  547  35480  19778  1049  1945  77589306  
1441338754  39345710  0  307555188  73780  13035  0  36812  157  24561  2970  97861619  2147483647  0  36874  0  0  0  205  185124  2147483647  0  294  248  2147483647  0  2930151  0  3698805  9950804  25610  547  35480  19778  1049  1945  77589306  
1441338756  41048325  0  358020742  73780  13035  0  38366  157  27466  2970  100104786  2147483647  0  36874  0  0  0  205  187405  2147483647  0  295  248  2147483647  0  2930151  0  3702060  9950804  28515  547  35480  19778  1049  1945  87895071  
1441338757  50197303  0  471467058  79035  15562  0  46868  157  34430  2970  115921004  2147483647  0  36874  0  0  0  205  204413  2147483647  0  305  248  2147483647  0  3190350  0  10168177  23089557  36879  305  35898  28365  2449  1367  116852455  
1441338757  52376320  0  495050148  79035  15562  0  48775  157  35836  2970  118289987  2147483647  0  36874  0  0  0  205  206891  2147483647  0  307  248  2147483647  0  3190350  0  10175618  25972844  38548  305  35898  28365  2712  1367  122792911  
1441338758  52376320  0  495050148  79035  15562  0  48775  157  35836  2970  118289987  2147483647  0  36874  0  0  0  205  206891  2147483647  0  307  248  2147483647  0  3190350  0  10175618  25972844  38548  305  35898  28365  2712  1367  122792911  
1441338758  54690296  0  522303409  79035  15562  0  50983  157  37179  2970  122690560  2147483647  0  36874  0  0  0  205  211853  2147483647  0  307  248  2147483647  0  3190350  0  10175618  25972844  39891  305  35898  28365  2712  1367  127131851  
1441338759  56250924  0  561144677  79035  15562  0  52583  157  38999  2970  126658590  2147483647  0  36874  0  0  0  205  216343  2147483647  0  307  248  2147483647  0  3190350  0  10175618  25972844  41711  305  35898  28365  2712  1367  132007261  
1441338759  57733241  0  616819518  79035  15562  0  54039  157  41651  2970  130617304  2147483647  0  36874  0  0  0  205  220384  2147483647  0  308  248  2147483647  0  5794319  0  15969937  26001132  44364  305  35898  28365  2713  1367  138759945  
1441338760  59826463  0  670960012  79035  15562  0  55832  157  44559  2970  133105751  2147483647  0  36874  0  0  0  205  223117  2147483647  0  309  248  2147483647  0  5794319  0  15973672  26292857  47296  305  35898  28365  2737  1367  147708755  
1441338760  62443169  0  731168030  79035  15562  0  58410  157  47685  2970  137452675  2147483647  0  36874  0  0  0  205  228290  2147483647  0  310  248  2147483647  0  5794319  0  15974924  51912353  52899  305  46159  40115  5214  1367  165426603  
1441338761  65698035  0  777535435  79035  15562  0  61258  157  49839  2970  140056284  2147483647  0  36874  0  0  0  205  231008  2147483647  0  310  248  2147483647  0  5794319  0  15974924  51912353  55053  305  46159  40115  5214  1367  171641380  
1441338761  65698035  0  777535435  79035  15562  0  61258  157  49839  2970  140056284  2147483647  0  36874  0  0  0  205  231008  2147483647  0  310  248  2147483647  0  5794319  0  15974924  51912353  55053  305  46159  40115  5214  1367  171641380  
1441338762  68173365  0  818215180  79035  15562  0  63727  157  52091  2970  143098335  2147483647  0  36874  0  0  0  205  234390  2147483647  0  313  248  2147483647  0  5794319  0  20512905  51974306  57321  305  46159  40115  5230  1367  177315659  
1441338762  70644944  0  852262231  79035  15562  0  66493  157  54359  2970  149479345  2147483647  0  36874  0  0  0  205  241252  2147483647  0  320  248  2147483647  0  5794319  0  28989719  63279981  61348  305  46159  40115  6989  1367  186184970  
1441338763  72899194  0  877533403  79035  15562  0  68328  157  55792  2970  153402620  2147483647  0  36874  0  0  0  205  245210  2147483647  0  322  248  2147483647  0  5794319  0  28994509  76564908  64018  305  46159  40115  8226  1367  195030602  
1441338763  75772342  0  913660359  79035  15562  0  71152  157  57741  2970  155907089  2147483647  0  36874  0  0  0  205  247919  2147483647  0  322  248  2147483647  0  5794319  0  28994509  76564908  65967  305  46159  40115  8226  1367  200881533  
1441338764  77744615  0  944330056  79035  15562  0  73305  157  59758  2970  157325100  2147483647  0  36874  0  0  0  205  249656  2147483647  0  322  248  2147483647  0  5794319  0  28994509  76564908  67984  305  46159  40115  8226  1367  206752679  
1441338764  80036935  0  998372373  79035  15562  0  75562  157  63018  2970  160761834  2147483647  0  36874  0  0  0  205  253124  2147483647  0  327  248  2147483647  0  6064344  0  35414516  76564908  71244  305  46159  40115  8226  1367  216526378  
1441338765  80036935  0  998372373  79035  15562  0  75562  157  63018  2970  160761834  2147483647  0  36874  0  0  0  205  253124  2147483647  0  327  248  2147483647  0  6064344  0  35414516  76564908  71244  305  46159  40115  8226  1367  216526378  
1441338765  82058536  0  1087527040  79035  15562  0  77302  157  68147  2970  163628796  2147483647  0  36874  0  0  0  205  256206  2147483647  0  331  248  2147483647  0  6064344  0  36902624  76564908  76373  305  46159  40115  8226  1367  229877219  
1441338766  83259685  0  1166060740  79035  15562  0  78262  157  72075  2970  166899545  2147483647  0  36874  0  0  0  205  259854  2147483647  0  331  248  2147483647  0  6064344  0  36902624  76564908  80301  305  46159  40115  8226  1367  240640617  
1441338766  83746122  0  1231908238  79035  15562  0  78999  157  76190  2970  171292691  2147483647  0  36874  0  0  0  205  264753  2147483647  0  332  248  2147483647  0  6064344  0  36906313  97357205  87286  305  46159  40115  11096  1367  260998245  
1441338767  85263427  0  1306964555  79035  15562  0  80663  157  81798  2970  176021825  2147483647  0  36874  0  0  0  205  271402  2147483647  0  335  248  2147483647  0  6064344  0  36911625  143694534  99254  305  46159  40115  17456  1367  291829285  
1441338767  87797444  0  1347532347  79035  15562  0  83403  157  84014  2970  180605011  2147483647  0  36874  0  0  0  205  276557  2147483647  0  336  248  2147483647  0  6064344  0  36914710  156338933  103518  305  46159  40115  19504  1367  301320111  
1441338768  91886736  0  1356716859  79035  15562  0  87519  157  84752  2970  183837901  2147483647  0  36874  0  0  0  205  279905  2147483647  0  336  248  2147483647  0  6064344  0  36914710  156338933  104256  305  46159  40115  19504  1367  302825654  
1441338768  91886736  0  1356716859  79035  15562  0  87519  157  84752  2970  183837901  2147483647  0  36874  0  0  0  205  279905  2147483647  0  336  248  2147483647  0  6064344  0  36914710  156338933  104256  305  46159  40115  19504  1367  302825654  
1441338769  94988522  0  1463704010  79035  15562  0  90463  157  92345  2970  186513035  2147483647  0  36874  0  0  0  205  283434  2147483647  0  342  248  2147483647  0  6064344  0  40639635  165318302  114158  302  46159  40115  21813  1367  327566865  
1441338769  97212554  0  1489737706  79035  15562  0  92479  157  93828  2970  191222429  2147483647  0  36874  0  0  0  205  288704  2147483647  0  345  248  2147483647  0  6064344  0  41008907  165318302  115641  302  46159  40115  21813  1367  333067412  
1441338770  99187003  0  1523635848  79035  15562  0  94271  157  95682  2970  194892476  2147483647  0  36874  0  0  0  205  292839  2147483647  0  345  248  2147483647  0  6064344  0  41008907  165318302  117495  302  46159  40115  21813  1367  339109804  
1441338771  101549782  0  1585505393  79035  15562  0  96831  157  98767  2970  198546884  2147483647  0  36874  0  0  0  205  297677  2147483647  0  347  248  2147483647  0  6064344  0  43129507  178909553  122723  302  46159  40115  23956  1367  351455239  
1441338771  103641302  0  1660196540  79035  15562  0  98783  157  102680  2970  200439185  2147483647  0  36874  0  0  0  205  299674  2147483647  0  347  248  2147483647  0  6064344  0  43129507  178909553  126636  302  46159  40115  23956  1367  360771255  
1441338772  104904772  0  1736244394  79035  15562  0  100159  157  107265  2970  201532985  2147483647  0  36874  0  0  0  205  300843  2147483647  0  347  248  2147483647  0  6064344  0  43129507  178909553  131221  302  46159  40115  23956  1367  371504092  
1441338772  104904772  0  1736244394  79035  15562  0  100159  157  107265  2970  201532985  2147483647  0  36874  0  0  0  205  300843  2147483647  0  347  248  2147483647  0  6064344  0  43129507  178909553  131221  302  46159  40115  23956  1367  371504092  
1441338773  107733244  0  1780214063  79035  15562  0  102879  157  110794  2970  207774390  2147483647  0  36874  0  0  0  205  311388  2147483647  0  349  248  2147483647  0  6064344  0  43130704  199450247  141150  236  46159  40115  30356  1273  383219568  
1441338773  110882654  0  1813064236  79035  15562  0  106131  157  112625  2970  211174341  2147483647  0  36874  0  0  0  205  315015  2147483647  0  353  248  2147483647  0  6064344  0  43231314  209541444  143925  236  46159  40115  31300  1273  391563612  
1441338774  111857529  0  1869712704  79035  15562  0  107123  157  116224  2970  212423121  2147483647  0  36874  0  0  0  205  316479  2147483647  0  355  248  2147483647  0  6064344  0  43236599  209568755  147525  236  46159  40115  31301  1273  402671497  
1441338774  116433424  0  1899211773  79035  15562  0  111393  157  117583  2970  214874003  2147483647  0  36874  0  0  0  205  319072  2147483647  0  355  248  2147483647  0  6064344  0  43236599  209568755  148884  236  46159  40115  31301  1273  406221010  
1441338775  122520247  0  1956111328  115243  15562  0  116966  157  120419  2970  217386308  2147483647  0  36874  0  0  0  205  321648  2147483647  0  355  248  2147483647  0  6064344  0  43236599  209568755  151720  236  46159  40115  31301  1273  413309868  
1441338775  122774170  0  2045805657  115243  15562  0  117171  157  129377  2970  221547454  2147483647  0  36874  0  0  0  205  327597  2147483647  0  362  248  2147483647  0  7536689  0  55725241  234350099  166975  236  46159  40115  37598  1273  437603867  
1441338776  122774170  0  2045805657  115243  15562  0  117171  157  129377  2970  221547454  2147483647  0  36874  0  0  0  205  327597  2147483647  0  362  248  2147483647  0  7536689  0  55725241  234350099  166975  236  46159  40115  37598  1273  437603867  
1441338776  122839594  0  2093071201  115243  15562  0  117235  157  132145  2970  225505381  2147483647  0  36874  0  0  0  205  331602  2147483647  0  362  248  2147483647  0  7536689  0  55725241  234350099  169743  236  46159  40115  37598  1273  444376386  
1441338777  123876335  0  2152091827  115243  15562  0  118309  157  135206  2970  230214847  2147483647  0  36874  0  0  0  205  337129  2147483647  0  362  248  2147483647  0  7536689  0  55725241  260508998  175394  236  46159  40115  40188  1273  461190573  
1441338777  124558344  0  2278331842  115243  15562  0  118903  157  142298  2970  232883755  2147483647  0  36874  0  0  0  205  342340  2147483647  0  369  248  2147483647  0  7536689  0  55951765  278419591  187620  236  46159  40115  45322  1273  483366258  
1441338778  124795995  0  2383790627  115243  15562  0  119155  157  150814  2970  235254124  2147483647  0  36874  0  0  0  205  345144  2147483647  0  371  248  2147483647  0  7536689  0  57157682  317340855  202558  236  46159  40115  51744  1273  517512807  
1441338778  126118602  0  2386595510  115243  15562  0  120379  157  151072  2970  240073471  2147483647  0  36874  0  0  0  205  350147  2147483647  0  373  248  2147483647  0  7536689  0  57162688  323221777  203450  236  46159  40115  52378  1273  520430405  
1441338779  126546222  0  2388517096  115243  15562  0  120747  157  151188  2970  245550188  2147483647  0  36874  0  0  0  205  355845  2147483647  0  374  248  2147483647  0  7536689  0  61938254  326974930  203996  236  46159  40115  52808  1273  522332436  
1441338779  126546222  0  2388517096  115243  15562  0  120747  157  151188  2970  245550188  2147483647  0  36874  0  0  0  205  355845  2147483647  0  374  248  2147483647  0  7536689  0  61938254  326974930  203996  236  46159  40115  52808  1273  522332436  
1441338780  128348918  0  2435268227  115243  15562  0  122617  157  154336  2970  248205955  2147483647  0  36874  0  0  0  205  358752  2147483647  0  378  248  2147483647  0  7536689  0  64473418  328220468  207280  236  46159  40115  52944  1273  533811537  
1441338780  130456497  0  2488217209  115243  15562  0  124681  157  157470  2970  249772680  2147483647  0  36874  0  0  0  205  360598  2147483647  0  378  248  2147483647  0  7536689  0  64473418  328220468  210414  236  46159  40115  52944  1273  541448447  
1441338781  131518374  0  2536880102  115243  15562  0  125715  157  160501  2970  254372124  2147483647  0  36874  0  0  0  205  368890  2147483647  0  383  248  2147483647  0  7536689  0  65641199  351920761  218884  236  46159  40115  58383  1273  558911885  
1441338781  132812722  0  2607190774  115243  15562  0  127027  157  165215  2970  255838467  2147483647  0  36874  0  0  0  205  370982  2147483647  0  385  248  2147483647  0  7536689  0  66131595  351920761  223598  236  46159  40115  58383  1273  576267205  
1441338782  133736372  0  2640443380  115243  15562  0  128151  157  167665  2970  258687448  2147483647  0  36874  0  0  0  205  373958  2147483647  0  385  248  2147483647  0  7536689  0  66131595  352004322  226052  236  46159  40115  58387  1273  583774892  
1441338782  135400967  0  2665916332  115243  16988  0  129688  157  169571  2970  263438981  2147483647  0  36874  0  0  0  205  379193  2147483647  0  389  248  2147483647  0  7536689  0  75897975  368207197  230262  236  46159  40115  60691  1273  593999597  
1441338783  135400967  0  2665916332  115243  16988  0  129688  157  169571  2970  263438981  2147483647  0  36874  0  0  0  205  379193  2147483647  0  389  248  2147483647  0  7536689  0  75897975  368207197  230262  236  46159  40115  60691  1273  593999597  
1441338783  135771532  0  2667630803  115243  16988  0  130032  157  169799  2970  267599208  2147483647  0  36874  0  0  0  205  391762  2147483647  0  396  248  2147483647  0  7536689  0  76081405  394202698  235610  236  46159  40115  65811  1273  603562216  
1441338784  136302491  0  2788489012  115243  16988  0  131089  157  182103  2970  273142408  2147483647  0  36874  0  0  0  205  404365  2147483647  0  400  248  2147483647  0  7536689  0  76084469  451772420  265556  236  46159  40115  83453  1273  649403944  
1441338784  137243890  0  2817871229  115243  16988  0  132113  157  183511  2970  277882369  2147483647  0  36874  0  0  0  205  410935  2147483647  0  402  248  2147483647  0  7536689  0  76085546  451772420  266964  236  46159  40115  83453  1273  652991185  
1441338785  138391322  0  2898964211  115243  16988  0  133234  157  189119  2970  279839794  2147483647  0  36874  0  0  0  205  413072  2147483647  0  405  248  2147483647  0  7536689  0  78851963  467957617  275590  236  46159  40115  86471  1273  671488412  
1441338785  139572709  0  2963421330  115243  16988  0  134323  157  193524  2970  282755526  2147483647  0  36874  0  0  0  205  418669  2147483647  0  405  248  2147483647  0  7536689  0  78851963  492836508  284438  236  46159  40115  90914  1273  690864323  
1441338786  141381884  0  3042624542  115243  16988  0  135827  157  198325  2970  284471758  2147483647  0  36874  0  0  0  205  420456  2147483647  0  405  248  2147483647  0  7536689  0  78851963  492836508  289239  236  46159  40115  90914  1273  704412802  
1441338786  141381884  0  3042624542  115243  16988  0  135827  157  198325  2970  284471758  2147483647  0  36874  0  0  0  205  420456  2147483647  0  405  248  2147483647  0  7536689  0  78851963  492836508  289239  236  46159  40115  90914  1273  704412802  
1441338787  142814995  0  3153646865  115243  16988  0  137107  157  204501  2970  285383733  2147483647  0  36874  0  0  0  205  421352  2147483647  0  405  248  2147483647  0  7536689  0  78851963  492836508  295415  236  46159  40115  90914  1273  722672336  
1441338787  144649905  0  3257256274  115243  16988  0  138748  157  210147  2970  286217334  2147483647  0  36874  0  0  0  205  422358  2147483647  0  408  248  2147483647  0  7536689  0  80873660  492836508  301061  236  46159  40115  90914  1273  738150862  
1441338788  147809043  0  3279731741  115243  16988  0  141500  157  211316  2970  292191881  2147483647  0  36874  0  0  0  205  428868  2147483647  0  409  248  2147483647  0  15536627  0  96410287  502241764  303638  236  46159  40115  92322  1273  743410462  
1441338788  148316300  0  3334789854  115243  16988  0  142080  157  214905  2919  297314627  2147483647  0  36874  0  0  0  205  434444  2147483647  0  410  248  2147483647  0  15536627  0  96413774  524938111  310555  236  46159  40115  95650  1273  758650769  
1441338789  149443385  0  3357460636  115243  16988  0  143104  157  216470  2919  302228423  2147483647  0  36874  0  0  0  205  439516  2147483647  0  410  248  2147483647  0  15536627  0  96413774  525172022  312139  236  46159  40115  95669  1273  762290740  
1441338789  151505575  0  3409249544  115243  16988  0  144865  157  219944  2919  303445842  2147483647  0  36874  0  0  0  205  440732  2147483647  0  410  248  2147483647  0  15536627  0  96413774  525172022  315613  236  46159  40115  95669  1273  774650110  
1441338790  151505575  0  3409249544  115243  16988  0  144865  157  219944  2919  303445842  2147483647  0  36874  0  0  0  205  440732  2147483647  0  410  248  2147483647  0  15536627  0  96413774  525172022  315613  236  46159  40115  95669  1273  774650110  
1441338790  153910589  0  3456620605  115243  16988  0  147168  157  222542  2919  309945040  2147483647  0  36874  0  0  0  205  452436  2147483647  0  416  248  2147483647  0  15536627  0  97890536  551342298  325383  236  46159  40115  102841  1273  790008411  
1441338791  155472954  0  3491630155  115243  16988  0  149000  157  224142  2919  314568398  2147483647  0  36874  0  0  0  205  457818  2147483647  0  419  248  2147483647  0  15536627  0  107673484  564781218  328218  236  46159  40115  104076  1273  798836317  
1441338791  158233618  0  3552063176  115243  16988  0  151689  157  226744  2919  324459325  2147483647  0  36874  0  0  0  205  468038  2147483647  0  423  248  2147483647  0  15536627  0  112734251  589114843  332963  236  46159  40115  106219  1273  813869348  
1441338792  158481673  0  3573100940  115243  16988  0  152009  157  227873  2919  326015211  2147483647  0  36874  0  0  0  205  469618  2147483647  0  423  248  2147483647  0  15536627  0  112734251  589114843  334092  236  46159  40115  106219  1273  816331551  
1441338792  159108841  0  3653378530  115243  16988  0  152781  157  232470  2919  331111931  2147483647  0  36874  0  0  0  205  475276  2147483647  0  426  248  2147483647  0  15536627  0  114133579  610844187  341948  236  46159  40115  109478  1273  834881780  
1441338793  159108841  0  3653378530  115243  16988  0  152781  157  232470  2919  331111931  2147483647  0  36874  0  0  0  205  475276  2147483647  0  426  248  2147483647  0  15536627  0  114133579  610844187  341948  236  46159  40115  109478  1273  834881780  
1441338793  160307839  0  3661541447  115243  16988  0  153805  157  233145  2919  336864644  2147483647  0  36874  0  0  0  205  480971  2147483647  0  429  248  2147483647  0  15536627  0  114142818  612108503  342759  236  46159  40115  109614  1273  836689567  
1441338794  161417775  0  3737659763  115243  16988  0  154765  157  236779  2919  339250679  2147483647  0  36874  0  0  0  205  483841  2147483647  0  429  248  2147483647  0  15536627  0  114142818  612108503  346393  236  46159  40115  109614  1273  845673649  
1441338794  161419130  0  3807126460  115243  16988  0  154770  157  241538  2919  340307851  2147483647  0  36874  0  0  0  205  485248  2147483647  0  429  248  2147483647  0  15536627  0  114142818  616517359  352230  236  46159  40115  110692  1273  858784138  
1441338795  162492959  0  3847646344  115243  16988  0  156018  157  244063  2919  342475184  2147483647  0  36874  0  0  0  205  488153  2147483647  0  430  248  2147483647  0  15536627  0  114146708  616517359  354755  236  46159  40115  110692  1273  866350170  
1441338795  164131592  0  3859744564  115243  16988  0  157458  157  244658  2919  345135626  2147483647  0  36874  0  0  0  205  490987  2147483647  0  430  248  2147483647  0  15536627  0  114146708  616517359  355350  236  46159  40115  110692  1273  867913968  
1441338796  169740472  0  3911245513  115243  16988  0  162354  157  247873  2919  346537699  2147483647  0  36874  0  0  0  205  492542  2147483647  0  430  248  2147483647  0  15536627  0  114146708  616517359  358565  236  46159  40115  110692  1273  878696181  
1441338796  169740472  0  3911245513  115243  16988  0  162354  157  247873  2919  346537699  2147483647  0  36874  0  0  0  205  492542  2147483647  0  430  248  2147483647  0  15536627  0  114146708  616517359  358565  236  46159  40115  110692  1273  878696181  
1441338797  171003700  0  3939404197  115243  16988  0  163546  157  250412  2919  354109114  2147483647  0  36874  0  0  0  205  506623  2147483647  0  438  248  2147483647  0  15536627  0  116478180  634398799  368024  236  46159  40115  117612  1273  889655060  
1441338797  172760229  0  3990928110  115243  16988  0  165119  157  253769  2919  356535515  2147483647  0  36874  0  0  0  205  509185  2147483647  0  438  248  2147483647  0  15536627  0  116478180  634398799  371381  236  46159  40115  117612  1273  898214744  
1441338798  173875165  0  4010759316  115243  16988  0  166078  157  254904  2919  360291883  2147483647  0  36874  0  0  0  205  513116  2147483647  0  438  248  2147483647  0  15536627  0  116478180  634451389  372520  236  46159  40115  117616  1273  900900852  
1441338798  175932743  0  4027630450  115243  16988  0  167998  157  255906  2919  365270214  2147483647  0  36874  0  0  0  205  521122  2147483647  0  444  248  2147483647  0  15536627  0  122242049  647524103  374765  236  46159  40115  118859  1273  908130817  
1441338799  176230718  0  4082293738  115243  16988  0  168326  157  260435  2919  371622810  2147483647  0  36874  0  0  0  205  530125  2147483647  0  446  248  2147483647  0  15536627  0  122244263  694455622  386863  236  46159  40115  126428  1273  934239267  
1441338799  176299630  0  4165955881  115243  16988  0  168390  157  264990  2919  372799464  2147483647  0  36874  0  0  0  205  531267  2147483647  0  446  248  2147483647  0  15536627  0  122244263  694455622  391418  236  46159  40115  126428  1273  945378337  
1441338800  176299630  0  4165955881  115243  16988  0  168390  157  264990  2919  372799464  2147483647  0  36874  0  0  0  205  531267  2147483647  0  446  248  2147483647  0  15536627  0  122244263  694455622  391418  236  46159  40115  126428  1273  945378337  
1441338800  177603975  0  4253489645  115243  16988  0  169493  157  270609  2919  375156886  2147483647  0  36874  0  0  0  205  534027  2147483647  0  451  248  2147483647  0  15536627  0  124705606  709912218  399969  236  46159  40115  129360  1261  962732243  
1441338801  177888500  0  4301416531  115243  16988  0  169813  157  274081  2919  380273070  2147483647  0  36874  0  0  0  205  541629  2147483647  0  452  248  2147483647  0  15536627  0  124706598  738245090  407885  236  46159  40115  133804  1261  980990784  
1441338801  179039130  0  4324398361  115243  16988  0  170965  157  275347  2919  383396019  2147483647  0  36874  0  0  0  205  545263  2147483647  0  452  248  2147483647  0  15536627  0  124706598  738245090  409151  236  46159  40115  133804  1261  984048470  
1441338802  180177860  0  4355911198  115243  16988  0  171989  157  276889  2919  388226677  2147483647  0  36874  0  0  0  205  550526  2147483647  0  452  248  2147483647  0  15536627  0  124706598  738245090  410693  236  46159  40115  133804  1261  987730719  
1441338802  181833972  0  4388547238  115243  16988  0  173333  157  278732  2919  391142286  2147483647  0  36874  0  0  0  205  553725  2147483647  0  453  248  2147483647  0  15536627  0  126714049  738245090  412536  236  46159  40115  133804  1261  993184121  
1441338803  183380619  0  4471073070  115243  16988  0  174933  157  286074  2919  393891165  2147483647  0  36874  0  0  0  205  560030  2147483647  0  459  248  2147483647  0  15536627  0  126720757  767912930  428210  236  46159  40115  142136  1261  1023183342  
1441338803  183380619  0  4471073070  115243  16988  0  174933  157  286074  2919  393891165  2147483647  0  36874  0  0  0  205  560030  2147483647  0  459  248  2147483647  0  15536627  0  126720757  767912930  428210  236  46159  40115  142136  1261  1023183342  
1441338804  184315985  0  4489255960  115243  16988  0  175765  157  287254  2919  399259811  2147483647  0  40147  0  0  0  205  566764  2147483647  0  461  248  2147483647  0  15536627  0  127800367  779343684  432437  236  46159  40115  145183  1261  1029777034  
1441338804  187958338  0  4558449913  115243  16988  0  178911  157  290729  2919  401982047  2147483647  0  40147  0  0  0  205  569685  2147483647  0  461  248  2147483647  0  15536627  0  127800367  779348572  435913  236  46159  40115  145184  1261  1039575598  
1441338805  192167338  0  4601272695  115243  16988  0  182608  157  293725  2919  405177028  2147483647  0  40147  0  0  0  205  572785  2147483647  0  461  248  2147483647  0  15536627  0  127800367  779403930  438924  236  46159  40115  145199  1261  1049257867  
1441338805  196304587  0  4637209496  115243  16988  0  186246  157  296046  2919  409851954  2147483647  0  40147  0  0  0  205  577269  2147483647  0  463  248  2147483647  0  15536627  0  127805156  779403930  441245  236  46159  40115  145199  1261  1056647144  
1441338806  197891473  0  4660282508  115243  16988  0  187790  157  297209  2919  413519875  2147483647  0  40147  0  0  0  205  580832  2147483647  0  465  248  2147483647  0  15536627  0  134990491  780756743  442590  236  46159  40115  145381  1261  1059809822  
1441338806  200336957  0  4664779889  115243  16988  0  189757  157  297437  2919  416068767  2147483647  0  40147  0  0  0  205  583380  2147483647  0  465  248  2147483647  0  15536627  0  134990491  780756743  442818  236  46159  40115  145381  1261  1060321309  
1441338807  200336957  0  4664779889  115243  16988  0  189757  157  297437  2919  416068767  2147483647  0  40147  0  0  0  205  583380  2147483647  0  465  248  2147483647  0  15536627  0  134990491  780756743  442818  236  46159  40115  145381  1261  1060321309  
1441338807  206318236  0  4699727112  115243  16988  0  194749  157  299248  2919  419668321  2147483647  0  40147  0  0  0  205  587497  2147483647  0  474  245  2147483647  0  15536627  0  143542605  780756743  444629  236  46159  40115  145381  1261  1064656319  
1441338808  207127773  0  4808821060  115243  16988  0  195485  157  304844  2919  421471945  2147483647  0  40147  0  0  0  205  589158  2147483647  0  474  245  2147483647  0  15536627  0  143542605  780756743  450225  236  46159  40115  145381  1261  1078372923  
1441338808  208257611  0  4851152288  115243  16988  0  196413  157  307473  2919  424466453  2147483647  0  40147  0  0  0  205  592368  2147483647  0  474  245  2147483647  0  15536627  0  143542605  780756743  452854  236  46159  40115  145381  1261  1084610742  
1441338809  209639318  0  4917188575  115243  16988  0  197730  157  312130  2919  425606675  2147483647  0  40147  0  0  0  205  593923  2147483647  0  474  245  2147483647  0  15536627  0  143542605  780756743  457511  236  46159  40115  145381  1261  1096180689  
1441338809  211480921  0  4955282172  115243  17546  0  199522  157  314192  2919  430514580  2147483647  0  40147  0  0  0  205  599288  2147483647  0  478  245  2147483647  0  15536627  0  144085203  793802170  461540  236  46159  40115  147348  1261  1104390938  
1441338810  212736327  0  5018416822  115243  17546  0  200706  157  317748  2919  433188895  2147483647  0  40147  0  0  0  205  602163  2147483647  0  478  245  2147483647  0  15536627  0  144085203  793802170  465096  236  46159  40115  147348  1261  1113204343  
1441338810  212736327  0  5018416822  115243  17546  0  200706  157  317748  2919  433188895  2147483647  0  40147  0  0  0  205  602163  2147483647  0  478  245  2147483647  0  15536627  0  144085203  793802170  465096  236  46159  40115  147348  1261  1113204343  
1441338811  213082810  0  5069928780  115243  17546  0  201059  157  320712  2919  435824250  2147483647  0  40147  0  0  0  205  604957  2147483647  0  478  245  2147483647  0  15536627  0  144085203  802500134  469084  236  46159  88505  148372  1261  1123887351  
1441338811  213574706  0  5087700268  115243  17546  0  201571  157  321745  2919  437333912  2147483647  0  40147  0  0  0  205  606497  2147483647  0  478  245  2147483647  0  15536627  0  144085203  802500134  470117  236  46159  88505  148372  1261  1126363050  
1441338812  217014548  0  5155436857  115243  17546  0  204995  157  328729  2919  443679915  2147483647  0  40147  0  0  0  205  617121  2147483647  0  484  245  2147483647  0  15536627  0  146429175  829037921  485352  236  46159  88505  156623  1261  1148944181  
1441338813  221030166  0  5169223348  115243  17546  0  208355  157  329590  2919  447034350  2147483647  0  40147  0  0  0  205  620660  2147483647  0  484  245  2147483647  0  15536627  0  146429175  829037921  486213  236  46159  88505  156623  1261  1151372988  
1441338813  223527907  0  5245664625  115243  17546  0  211066  157  335819  2919  452478785  2147483647  0  40147  0  0  0  205  631079  2147483647  0  489  245  2147483647  0  15536627  0  150180874  866504287  502928  236  46159  88505  167109  1261  1172837195  
1441338814  226697439  0  5267706875  115243  17546  0  213786  157  337611  2919  457137995  2147483647  0  40147  0  0  0  205  636011  2147483647  0  489  245  2147483647  0  15536627  0  150180874  866504287  504720  236  46159  88505  167109  1261  1176329029  
1441338814  226697439  0  5267706875  115243  17546  0  213786  157  337611  2919  457137995  2147483647  0  40147  0  0  0  205  636011  2147483647  0  489  245  2147483647  0  15536627  0  150180874  866504287  504720  236  46159  88505  167109  1261  1176329029  
1441338815  229778132  0  5327799194  115243  17546  0  216763  157  341930  2919  460599094  2147483647  0  40147  0  0  0  205  640068  2147483647  0  493  245  2147483647  0  15536627  0  158130547  879780016  510852  236  46159  88505  168922  1261  1191625958  
1441338815  232586526  0  5403564948  115243  17546  0  219562  157  347009  2919  463462282  2147483647  0  40147  0  0  0  205  643467  2147483647  0  497  245  2147483647  0  15536627  0  159881970  890449251  516970  236  46159  88505  169961  1261  1207590588  
1441338816  235039865  0  5454379665  115243  17546  0  221834  157  350247  2919  465885255  2147483647  0  40147  0  0  0  205  646023  2147483647  0  497  245  2147483647  0  15536627  0  159881970  890449251  520208  236  46159  88505  169961  1261  1215159046  
1441338816  238192348  0  5550945283  115243  17546  0  224714  157  355101  2919  466748200  2147483647  0  40147  0  0  0  205  646871  2147483647  0  498  245  2147483647  0  15536627  0  159885256  890449251  525062  236  46159  88505  169961  1261  1226902928  
1441338817  239243184  0  5597335005  115243  17546  0  225546  157  357565  2919  469027825  2147483647  0  40147  0  0  0  205  649320  2147483647  0  500  245  2147483647  0  15536627  0  159891642  890449251  527526  236  46159  88505  169961  1261  1232318650  
1441338817  240118359  0  5670204501  115243  17546  0  226250  157  361247  2919  470130796  2147483647  0  40147  0  0  0  205  650512  2147483647  0  501  245  2147483647  0  15536627  0  162935687  890449251  531208  236  46159  88505  169961  1261  1241954939  
1441338819  246124029  0  5729726332  115243  17546  0  231339  157  365372  2919  475725334  2147483647  0  40147  0  0  0  205  656394  2147483647  0  501  245  2147483647  0  15536627  0  162935687  890667769  535352  236  46159  88505  169980  1261  1251404860  
1441338819  247153102  0  5793484418  115243  17546  0  232307  157  370920  2919  482808890  2147483647  0  40147  0  0  0  205  667890  2147483647  0  507  245  2147483647  0  15536627  0  168399842  932932617  551319  236  46159  88505  180399  1261  1280630985  
1441338820  247642591  0  5852482647  119691  17546  0  233043  157  375190  2919  487168229  2147483647  0  40147  0  0  0  205  674188  2147483647  0  508  245  2147483647  0  15536627  0  168400637  956123496  561222  236  46159  88505  186032  1261  1295110748  
1441338820  249944080  0  5876023146  119691  17546  0  235571  157  377091  2919  491974389  2147483647  0  40147  0  0  0  205  680620  2147483647  0  509  245  2147483647  0  15536627  0  168401617  961861243  565427  236  46159  88505  188336  1261  1301059712  
1441338821  252425987  0  6016870377  119691  17546  0  237876  157  386482  2919  495241853  2147483647  0  40147  0  0  0  205  687285  2147483647  0  514  245  2147483647  0  15536627  0  168475481  998261793  583229  236  46159  88505  196747  1261  1334312124  
1441338821  253365423  0  6099209899  119691  17546  0  238874  157  391891  2919  496892972  2147483647  0  40147  0  0  0  205  689517  2147483647  0  517  245  2147483647  0  15536627  0  170998515  1018245124  591151  236  46159  88505  199260  1261  1355867570  
1441338822  253365423  0  6099209899  119691  17546  0  238874  157  391891  2919  496892972  2147483647  0  40147  0  0  0  205  689517  2147483647  0  517  245  2147483647  0  15536627  0  170998515  1018245124  591151  236  46159  88505  199260  1261  1355867570  
1441338822  254633448  0  6135054669  119691  17546  0  240058  157  394697  2919  501188034  2147483647  0  40147  0  0  0  205  693743  2147483647  0  519  245  2147483647  0  15536627  0  173890536  1018245124  593957  236  46159  88505  199260  1261  1361584645  
1441338823  254984391  0  6231910852  119691  17546  0  240479  157  401904  2919  503434781  2147483647  0  40147  0  0  0  205  696119  2147483647  0  522  245  2147483647  0  15536627  0  185927060  1023189209  603980  236  46159  88505  202076  1261  1377025806  
1441338823  255541249  0  6268512984  119691  17546  0  241023  157  403801  2919  508350893  2147483647  0  40147  0  0  0  205  702771  2147483647  0  526  245  2147483647  0  15536627  0  186448969  1039892202  608740  236  46159  88505  204939  1261  1387787045  
1441338824  256944947  0  6292085862  119691  17546  0  242581  157  405304  2919  509381106  2147483647  0  40147  0  0  0  205  703912  2147483647  0  526  245  2147483647  0  15536627  0  186448969  1039892202  610243  236  46159  88505  204939  1261  1392411411  
1441338824  258833894  0  6401539070  119691  17546  0  244697  157  413353  2919  510912714  2147483647  0  40147  0  0  0  205  706607  2147483647  0  531  245  2147483647  0  15536627  0  194783881  1055377170  621621  236  46159  108423  208268  1261  1416473225  
1441338825  260082499  0  6470800382  119691  17546  0  246175  157  418598  2919  515730777  2147483647  0  40147  0  0  0  205  715973  2147483647  0  537  245  2147483647  0  15536627  0  197332030  1076597187  634222  236  46159  108423  215624  1243  1431699420  
1441338825  261629950  0  6505974815  119691  17546  0  247586  157  420891  2919  519629642  2147483647  0  40147  0  0  0  205  719765  2147483647  0  538  245  2147483647  0  15536627  0  197332789  1076597187  636515  236  46159  108423  215624  1243  1436291358  
1441338826  261629950  0  6505974815  119691  17546  0  247586  157  420891  2919  519629642  2147483647  0  40147  0  0  0  205  719765  2147483647  0  538  245  2147483647  0  15536627  0  197332789  1076597187  636515  236  46159  108423  215624  1243  1436291358  
1441338826  263078517  0  6518892829  119691  17546  0  249060  157  421855  2919  524789945  2147483647  0  40147  0  0  0  205  725199  2147483647  0  538  245  2147483647  0  15536627  0  197332789  1076597187  637479  236  46159  108423  215624  1243  1438220386  
1441338827  266115679  0  6561138935  119691  17546  0  251684  157  424695  2919  527396768  2147483647  0  40147  0  0  0  205  728228  2147483647  0  538  245  2147483647  0  15536627  0  197332789  1076597187  640319  236  46159  108423  215624  1243  1445515024  
1441338827  266992381  0  6574988276  119691  17546  0  252580  157  425955  2919  530209878  2147483647  0  40147  0  0  0  205  731006  2147483647  0  538  245  2147483647  0  15536627  0  197332789  1076597187  641579  236  46159  108423  215624  1243  1448082201  
1441338828  268413757  0  6615633423  119691  17546  0  254116  157  429153  2919  533878930  2147483647  0  40147  0  0  0  205  735261  2147483647  0  540  245  2147483647  0  15536627  0  198382712  1088604194  646590  236  46159  108423  217437  1243  1460026444  
1441338828  272199928  0  6653660830  119691  17546  0  257444  157  432064  2919  537368038  2147483647  0  40147  0  0  0  205  738897  2147483647  0  540  245  2147483647  0  15536627  0  198382712  1088604194  649501  236  46159  108423  217437  1243  1466737188  
1441338829  274379268  0  6725400134  119691  17546  0  259492  157  435536  2919  537836624  2147483647  0  40147  0  0  0  205  739390  2147483647  0  542  245  2147483647  0  15536627  0  198386897  1096919091  653997  236  46159  108423  218461  1243  1477736334  
1441338829  274379268  0  6725400134  119691  17546  0  259492  157  435536  2919  537836624  2147483647  0  40147  0  0  0  205  739390  2147483647  0  542  245  2147483647  0  15536627  0  198386897  1096919091  653997  236  46159  108423  218461  1243  1477736334  
1441338830  277662775  0  6810906003  119691  17546  0  262757  157  439751  2919  539870393  2147483647  0  40147  0  0  0  205  741490  2147483647  0  545  245  2147483647  0  15536627  0  200475645  1096919091  658212  236  46159  108423  218461  1243  1487464580  
1441338830  279166209  0  6833885602  119691  17546  0  264357  157  441444  2919  544662969  2147483647  0  40147  0  0  0  205  746773  2147483647  0  545  245  2147483647  0  15536627  0  200475645  1096919091  659905  236  46159  108423  218461  1243  1491412353  
1441338831  281410976  0  6853355670  119691  17546  0  266437  157  442786  2919  549664095  2147483647  0  40147  0  0  0  205  751999  2147483647  0  546  245  2147483647  0  15536627  0  200478303  1096919091  661247  236  46159  108423  218461  1243  1494715084  
1441338832  282752835  0  6888298213  119691  17546  0  267566  157  445070  2919  551991960  2147483647  0  40147  0  0  0  205  754796  2147483647  0  547  245  2147483647  0  15536627  0  203776656  1099896907  664555  236  46159  108423  219485  1243  1501458631  
1441338832  285468363  0  6904752151  119691  17546  0  270066  157  446041  2919  554202351  2147483647  0  40147  0  0  0  205  757053  2147483647  0  547  245  2147483647  0  15536627  0  203776656  1099896907  665526  236  46159  108423  219485  1243  1503821995  
1441338833  287490801  0  6945078531  119691  17546  0  272178  157  449882  2919  557830189  2147483647  0  40147  0  0  0  205  763139  2147483647  0  553  245  2147483647  0  15536627  0  203784497  1111468741  671543  236  46159  108423  221661  1243  1514359098  
1441338833  287490801  0  6945078531  119691  17546  0  272178  157  449882  2919  557830189  2147483647  0  40147  0  0  0  205  763139  2147483647  0  553  245  2147483647  0  15536627  0  203784497  1111468741  671543  236  46159  108423  221661  1243  1514359098  
1441338834  289846597  0  7027409657  119691  17546  0  274547  157  455055  2919  560324304  2147483647  0  40147  0  0  0  205  766065  2147483647  0  554  245  2147483647  0  15536627  0  203788558  1129793624  678987  236  46159  108423  223932  1243  1533227522  
1441338834  291305551  0  7078214684  119691  17546  0  275859  157  457928  2919  560902145  2147483647  0  40147  0  0  0  205  766628  2147483647  0  554  245  2147483647  0  15536627  0  203788558  1129793624  681860  236  46159  108423  223932  1243  1540273502  
1441338835  293826117  0  7121245297  119691  17546  0  278488  157  460858  2919  564351211  2147483647  0  40147  0  0  0  205  773104  2147483647  0  562  245  2147483647  0  15536627  0  210032310  1141488036  686698  236  46159  108423  225840  1243  1549220879  
1441338835  295808356  0  7175926053  119691  17546  0  280334  157  464748  2919  570989776  2147483647  0  40147  0  0  0  205  781049  2147483647  0  564  245  2147483647  0  15536627  0  211636905  1158968480  694922  236  46159  108423  230174  1243  1561361917  
1441338836  296907224  0  7239825096  119691  17546  0  281278  157  470186  2919  575213255  2147483647  0  40147  0  0  0  205  786528  2147483647  0  566  245  2147483647  0  15536627  0  212193648  1178075972  705235  236  46159  108423  235049  1243  1579182556  
1441338836  298161045  0  7267815620  119691  17546  0  282291  157  471817  2919  579683013  2147483647  0  40147  0  0  0  205  791089  2147483647  0  567  245  2147483647  0  15536627  0  212195094  1178512294  706907  236  46159  108423  235090  1243  1583300487  
1441338837  298161045  0  7267815620  119691  17546  0  282291  157  471817  2919  579683013  2147483647  0  40147  0  0  0  205  791089  2147483647  0  567  245  2147483647  0  15536627  0  212195094  1178512294  706907  236  46159  108423  235090  1243  1583300487  
1441338837  300057798  0  7315659011  119691  17546  0  284243  157  475535  2919  581962650  2147483647  0  40147  0  0  0  205  793703  2147483647  0  567  245  2147483647  0  15536627  0  212195094  1178512294  710625  236  46159  108423  235090  1243  1591483123  
1441338838  302319795  0  7381277337  119691  17546  0  286433  157  478779  2919  584293933  2147483647  0  40147  0  0  0  205  796820  2147483647  0  569  245  2147483647  0  15536627  0  212203234  1178512294  713869  236  46159  108423  235090  1243  1599588967  
1441338838  303656016  0  7425523793  119691  17546  0  287685  157  481648  2919  589023257  2147483647  0  40147  0  0  0  205  801620  2147483647  0  569  245  2147483647  0  15536627  0  212203234  1194098146  718530  236  46159  108423  236882  1243  1612109258  
1441338839  305340863  0  7505516821  119691  17546  0  289445  157  485444  2919  590574381  2147483647  0  40147  0  0  0  205  803443  2147483647  0  570  245  2147483647  0  15536627  0  212827922  1194098146  722326  236  46159  108423  236882  1243  1621007960  
1441338839  306561018  0  7572715134  119691  17546  0  290405  157  492830  2640  596299857  2147483647  0  40147  0  0  0  205  815394  2147483647  0  578  245  2147483647  0  15536627  0  214885299  1238795247  741872  236  46159  108423  249042  1243  1648877885  
1441338840  309973741  0  7590371523  119691  17546  0  293413  157  493667  2640  599038238  2147483647  0  40147  0  0  0  205  818529  2147483647  0  579  245  2147483647  0  15536627  0  215700738  1238795247  742709  236  46159  108423  249042  1243  1650966148  
1441338840  309973741  0  7590371523  119691  17546  0  293413  157  493667  2640  599038238  2147483647  0  40147  0  0  0  205  818529  2147483647  0  579  245  2147483647  0  15536627  0  215700738  1238795247  742709  236  46159  108423  249042  1243  1650966148  
1441338841  311492242  0  7673021338  119691  17546  0  294789  157  498772  2640  604106094  2147483647  0  40147  0  0  0  205  825167  2147483647  0  583  245  2147483647  0  15536627  0  220394244  1268310881  754661  236  46159  108423  255889  1243  1668332051  
1441338841  311735470  0  7704729969  119691  17546  0  295045  157  500896  2640  608184199  2147483647  0  40147  0  0  0  205  830704  2147483647  0  585  245  2147483647  0  15536627  0  220397363  1268310881  756785  236  46159  108423  255889  1243  1673670217  
1441338842  312613649  0  7802564157  119691  17546  0  295973  157  507967  2640  611378879  2147483647  0  40147  0  0  0  205  834561  2147483647  0  588  245  2147483647  0  15536627  0  220399237  1299634641  769750  236  46159  108423  261783  1243  1698835929  
1441338842  313496043  0  7897852575  119691  17546  0  296933  157  515764  2640  612758129  2147483647  0  40147  0  0  0  205  837188  2147483647  0  589  245  2147483647  0  15536627  0  220596152  1324081669  781904  236  46159  108423  266140  1243  1725878084  
1441338843  314106832  0  8010298548  119691  17546  0  297521  157  522793  2640  616787291  2147483647  0  40147  0  0  0  205  841670  2147483647  0  596  245  2147483647  0  15536627  0  223303227  1355441020  794245  236  46159  108423  271452  1243  1750779707  
1441338843  314542818  0  8078006411  119691  17546  0  297905  157  526060  2640  619585643  2147483647  0  40147  0  0  0  205  844429  2147483647  0  596  245  2147483647  0  15536627  0  223303227  1355441020  797512  236  46159  108423  271452  1243  1758528105  
1441338844  314542818  0  8078006411  119691  17546  0  297905  157  526060  2640  619585643  2147483647  0  40147  0  0  0  205  844429  2147483647  0  596  245  2147483647  0  15536627  0  223303227  1355441020  797512  236  46159  108423  271452  1243  1758528105  
1441338844  315790452  0  8096943511  119691  17546  0  299218  157  527236  2640  626287419  2147483647  0  40147  0  0  0  205  853069  2147483647  0  597  245  2147483647  0  15536627  0  223641880  1368441939  801952  236  46159  108423  274716  1243  1764236523  
1441338845  316718831  0  8193185467  119691  17546  0  299930  157  532870  2640  627282412  2147483647  0  40147  0  0  0  205  854309  2147483647  0  598  245  2147483647  0  15536627  0  224035011  1379806428  809958  205  46159  108423  277088  1243  1780883169  
1441338845  319773861  0  8211826007  119691  17546  0  302746  157  534045  2640  631880382  2147483647  0  40147  0  0  0  205  859197  2147483647  0  598  245  2147483647  0  15536627  0  224035011  1379806428  811133  205  46159  108423  277088  1243  1783700235  
1441338846  323293232  0  8248824560  119691  17546  0  306107  157  536869  2640  632276042  2147483647  0  40147  0  0  0  205  859602  2147483647  0  598  245  2147483647  0  15536627  0  224035011  1379806428  813957  205  46159  108423  277088  1243  1790323899  
1441338846  327018967  0  8287272800  119691  17546  0  309126  157  539191  2640  633593163  2147483647  0  40147  0  0  0  205  860881  2147483647  0  598  245  2147483647  0  15536627  0  224035011  1379806428  816279  205  46159  108423  277088  1243  1796322570  
1441338847  328224669  0  8343496062  119691  17546  0  310309  157  543330  2640  638124040  2147483647  0  40147  0  0  0  205  865980  2147483647  0  611  245  2147483647  0  15536627  0  251123074  1381938319  821186  205  46159  108423  277856  1243  1805747338  
1441338847  328224669  0  8343496062  119691  17546  0  310309  157  543330  2640  638124040  2147483647  0  40147  0  0  0  205  865980  2147483647  0  611  245  2147483647  0  15536627  0  251123074  1381938319  821186  205  46159  108423  277856  1243  1805747338  
1441338848  330302273  0  8379791881  119691  17546  0  312293  157  546286  2640  644868606  2147483647  0  40147  0  0  0  205  872665  2147483647  0  612  245  2147483647  0  15536627  0  252500404  1396144821  826194  205  46159  108423  279908  1243  1815446566  
1441338848  331737481  0  8425820513  119691  17546  0  313637  157  548666  2640  649514173  2147483647  0  40147  0  0  0  205  877782  2147483647  0  614  245  2147483647  0  15536627  0  252504713  1404948625  829598  205  46159  108423  280932  1243  1824641267  
1441338849  333171987  0  8488478374  119691  17546  0  314885  157  551942  2640  651218067  2147483647  0  40147  0  0  0  205  879463  2147483647  0  614  245  2147483647  0  15536627  0  252504713  1405168524  832893  205  46159  108423  280951  1243  1832829729  
1441338849  334732599  0  8505306698  119691  17546  0  316389  157  553197  2640  653929355  2147483647  0  40147  0  0  0  205  882464  2147483647  0  614  245  2147483647  0  15536627  0  252504713  1405168524  834148  205  46159  108423  280951  1243  1835709394  
1441338850  337370331  0  8564399663  119691  17546  0  318773  157  558181  2640  655596797  2147483647  0  40147  0  0  0  205  884319  2147483647  0  615  245  2147483647  0  15536627  0  252511704  1408155560  840156  205  46159  108423  281975  1243  1847909799  
1441338850  339892912  0  8617907944  119691  17546  0  320917  157  562011  2640  656631338  2147483647  0  40147  0  0  0  205  885296  2147483647  0  615  245  2147483647  0  15536627  0  252511704  1408155560  843986  205  46159  108423  281975  1243  1857666637  
1441338851  342896303  0  8626468872  119691  17546  0  323489  157  562561  2640  660612573  2147483647  0  40147  0  0  0  205  889294  2147483647  0  615  245  2147483647  0  15536627  0  252511704  1408155560  844536  205  46159  108423  281975  1243  1858876463  
1441338851  342896303  0  8626468872  119691  17546  0  323489  157  562561  2640  660612573  2147483647  0  40147  0  0  0  205  889294  2147483647  0  615  245  2147483647  0  15536627  0  252511704  1408155560  844536  205  46159  108423  281975  1243  1858876463  
1441338852  344860811  0  8638237072  119691  17546  0  325569  157  563209  2640  661779890  2147483647  0  40147  0  0  0  205  890980  2147483647  0  615  245  2147483647  0  15536627  0  252511704  1408155560  845184  205  46159  108423  281975  1243  1860388255  
1441338852  346840398  0  8719835549  119691  17546  0  327817  157  568368  2640  665324543  2147483647  0  40147  0  0  0  205  899866  2147483647  0  623  245  2147483647  0  15536627  0  256826975  1425689231  856795  205  46159  108423  288427  1243  1877114324  
1441338853  348138495  0  8749570149  119691  102408  0  329034  157  570275  2640  668719256  2147483647  0  40147  0  0  0  205  903908  2147483647  0  623  245  2147483647  0  15536627  0  256826975  1425689231  858702  205  46159  108423  288427  1243  1881655835  
1441338853  350943158  0  8781898133  119691  102408  0  331498  157  572096  2640  674302741  2147483647  0  40147  0  0  0  205  909881  2147483647  0  626  245  2147483647  0  15536627  0  259356033  1432189165  861295  205  46159  108423  289199  1243  1888371050  
1441338854  354250725  0  8829651309  119691  102408  0  334378  157  574444  2640  677400278  2147483647  0  40147  0  0  0  205  913098  2147483647  0  626  245  2147483647  0  15536627  0  259356033  1432189165  863643  205  46159  108423  289199  1243  1894454030  
1441338854  355556280  0  8869132149  119691  102408  0  335767  157  577799  2640  680587843  2147483647  0  40147  0  0  0  205  917166  2147483647  0  629  245  2147483647  0  15536627  0  260841055  1446883199  870003  205  46159  108423  292204  1243  1906668421  
1441338855  355556280  0  8869132149  119691  102408  0  335767  157  577799  2640  680587843  2147483647  0  40147  0  0  0  205  917166  2147483647  0  629  245  2147483647  0  15536627  0  260841055  1446883199  870003  205  46159  108423  292204  1243  1906668421  
1441338855  356876964  0  8915958359  119691  102408  0  336855  157  580509  2640  684047340  2147483647  0  40147  0  0  0  205  920762  2147483647  0  631  245  2147483647  0  15536627  0  264260557  1446883199  872713  205  46159  108423  292204  1243  1913239831  
1441338856  359642053  0  9046900652  119691  102408  0  339196  157  589027  2640  687029402  2147483647  0  40147  0  0  0  205  925569  2147483647  0  634  245  2147483647  0  15536627  0  267086416  1467307481  885583  205  46159  108423  296556  1243  1938019298  
1441338856  360080240  0  9058038185  119691  102408  0  339772  157  589660  2640  689216450  2147483647  0  40147  0  0  0  205  928137  2147483647  0  634  245  2147483647  0  15536627  0  267086416  1467307481  886216  205  46159  108423  296556  1243  1939600986  
1441338857  361844171  0  9071560225  119691  102408  0  341372  157  591052  2640  691139611  2147483647  0  40147  0  0  0  205  932361  2147483647  0  639  245  2147483647  0  15536627  0  268862156  1470138586  888632  205  46159  108423  297580  1243  1943143655  
1441338857  362325215  0  9117277875  119691  102408  0  341818  157  593920  2640  696203310  2147483647  0  40147  0  0  0  205  938798  2147483647  0  641  245  2147483647  0  15536627  0  270253236  1472866319  892540  205  46159  108423  298620  1243  1951291726  
1441338858  362471107  0  9196321292  119691  102408  0  341946  157  599200  2640  698921018  2147483647  0  40147  0  0  0  205  942388  2147483647  0  642  245  2147483647  0  15536627  0  270254500  1487636671  900381  205  46159  108423  301181  1243  1967557529  
1441338858  362471107  0  9196321292  119691  102408  0  341946  157  599200  2640  698921018  2147483647  0  40147  0  0  0  205  942388  2147483647  0  642  245  2147483647  0  15536627  0  270254500  1487636671  900381  205  46159  108423  301181  1243  1967557529  
1441338859  362501677  0  9275186334  119691  102408  0  341991  157  604101  2640  703244813  2147483647  0  40147  0  0  0  205  950908  2147483647  0  642  245  2147483647  0  15536627  0  270254500  1518140617  913730  205  46159  108423  309629  1243  1988759660  
1441338859  363048659  0  9345370539  119691  102408  0  342603  157  608177  2640  707296919  2147483647  0  40147  0  0  0  205  955638  2147483647  0  649  245  2147483647  0  15536627  0  272705567  1544392790  921357  205  46159  108423  313180  1243  2007737917  
1441338860  364846258  0  9373222816  119691  102408  0  344427  157  609750  2640  712073403  2147483647  0  40147  0  0  0  205  961040  2147483647  0  649  245  2147483647  0  15536627  0  272705567  1544392790  922930  205  46159  108423  313180  1243  2011750021  
1441338860  367926633  0  9410244745  119691  102408  0  347467  157  612145  2640  714897924  2147483647  0  40147  0  0  0  205  964594  2147483647  0  649  245  2147483647  0  15536627  0  272705567  1544392790  925325  205  46159  108423  313180  1243  2017609805  
1441338861  370278886  0  9415912669  119691  102408  0  349547  157  612378  2640  719072915  2147483647  0  40147  0  0  0  205  968906  2147483647  0  649  245  2147483647  0  15536627  0  272705567  1544392790  925558  205  46159  108423  313180  1243  2018228442  
1441338862  372798249  0  9456168809  119691  102408  0  352076  157  615123  2640  723436778  2147483647  0  40147  0  0  0  205  974961  2147483647  0  651  245  2147483647  0  15536627  0  272706807  1562696409  932627  205  46159  108423  317504  1243  2027775979  
1441338862  372798249  0  9456168809  119691  102408  0  352076  157  615123  2640  723436778  2147483647  0  40147  0  0  0  205  974961  2147483647  0  651  245  2147483647  0  15536627  0  272706807  1562696409  932627  205  46159  108423  317504  1243  2027775979  
1441338863  374026909  0  9459914698  119691  102408  0  353521  157  615319  2640  725231343  2147483647  0  40147  0  0  0  205  977037  2147483647  0  653  245  2147483647  0  15536627  0  276137855  1562696409  932823  205  46159  108423  317504  1243  2028202585  
1441338863  378557802  0  9560923817  119691  102408  0  357616  157  623110  2640  726524727  2147483647  0  40147  0  0  0  205  981821  2147483647  0  661  245  2147483647  0  15536627  0  278999378  1578816140  942918  205  46159  108423  319808  1243  2052057003  
1441338864  379024410  0  9592067861  119691  102408  0  358192  157  625737  2640  730631901  2147483647  0  40147  0  0  0  205  986008  2147483647  0  661  245  2147483647  0  15536627  0  278999378  1578816140  945545  205  46159  108423  319808  1243  2057612992  
1441338864  379376174  0  9641372015  119691  102408  0  358673  157  628679  2640  732891610  2147483647  0  40147  0  0  0  205  988787  2147483647  0  661  245  2147483647  0  15536627  0  278999378  1578816140  948487  205  46159  108423  319808  1243  2064790529  
1441338865  380541460  0  9704966620  119691  102408  0  359729  157  632170  2640  736970902  2147483647  0  40147  0  0  0  205  993691  2147483647  0  666  245  2147483647  0  15536627  0  279003146  1582358840  953272  205  46159  108423  321102  1243  2074130041  
1441338865  380635879  0  9750252483  119691  102408  0  359857  157  634616  2640  739202347  2147483647  0  40147  0  0  0  205  996161  2147483647  0  666  245  2147483647  0  15536627  0  279003146  1582358840  955718  205  46159  108423  321102  1243  2079924643  
1441338866  380635879  0  9750252483  119691  102408  0  359857  157  634616  2640  739202347  2147483647  0  40147  0  0  0  205  996161  2147483647  0  666  245  2147483647  0  15536627  0  279003146  1582358840  955718  205  46159  108423  321102  1243  2079924643  
1441338866  381624109  0  9845699110  119691  102408  0  360689  157  639234  2640  740178315  2147483647  0  40147  0  0  0  205  997254  2147483647  0  666  245  2147483647  0  15536627  0  279003146  1582358840  960336  205  46159  108423  321102  1243  2090802169  
1441338867  381805124  0  9936691819  119691  102408  0  360977  157  647725  2640  746418075  2147483647  0  40147  0  0  0  205  1005086  2147483647  0  669  245  2147483647  0  15536627  0  279690590  1628600358  979328  205  46159  108423  331603  1243  2121362105  
1441338867  382208326  0  9955834689  119691  102408  0  361425  157  649100  2640  748239141  2147483647  0  40147  0  0  0  205  1006844  2147483647  0  669  245  2147483647  0  15536627  0  279690590  1628600358  980703  205  46159  108423  331603  1243  2124494486  
1441338868  384704774  0  9969262174  119691  102408  0  363826  157  650052  2640  752535670  2147483647  0  40147  0  0  0  205  1013054  2147483647  0  671  245  2147483647  0  15536627  0  280306386  1633354798  983460  205  46159  108423  333408  1243  2127500574  
1441338868  387579017  0  10000486703  119691  102408  0  366674  157  652046  2640  755920120  2147483647  0  40147  0  0  0  205  1017420  2147483647  0  671  245  2147483647  0  15536627  0  280306386  1656628245  989038  205  46159  108423  336992  1243  2140535467  
1441338869  393616398  0  10028252501  119691  102408  0  372085  157  653844  2640  762578404  2147483647  0  40147  0  0  0  205  1028598  2147483647  0  675  245  2147483647  0  15536627  0  282364612  1666395908  993674  205  46159  108423  339830  1243  2148297078  
1441338869  393616398  0  10028252501  119691  102408  0  372085  157  653844  2640  762578404  2147483647  0  40147  0  0  0  205  1028598  2147483647  0  675  245  2147483647  0  15536627  0  282364612  1666395908  993674  205  46159  108423  339830  1243  2148297078  
1441338870  396807456  0  10055178424  119691  102408  0  374883  157  655151  2640  767486890  2147483647  0  40147  0  0  0  205  1033870  2147483647  0  676  245  2147483647  0  15536627  0  285999874  1675093020  996266  205  46159  108423  341115  1243  2153593054  
1441338870  399396620  0  10089924749  119691  102408  0  377136  157  657651  2640  769398563  2147483647  0  40147  0  0  0  205  1036382  2147483647  0  681  245  2147483647  0  15536627  0  286015555  1675093020  998766  205  46159  108423  341115  1243  2159867526  
1441338871  402749078  0  10165817585  119691  102408  0  380180  157  663471  2640  770426274  2147483647  0  40147  0  0  0  205  1037426  2147483647  0  685  245  2147483647  0  15536627  0  287372504  1675093020  1004586  205  46159  108423  341115  1243  2173465957  
1441338871  404677617  0  10234586796  119691  102408  0  382140  157  667091  2640  776249948  2147483647  0  40147  0  0  0  205  1044493  2147483647  0  685  245  2147483647  0  15536627  0  287372504  1702931737  1012814  205  46159  108423  345723  1243  2191916816  
1441338872  405832811  0  10290001147  119691  102408  0  383164  157  670042  2640  777525860  2147483647  0  40147  0  0  0  205  1045803  2147483647  0  685  245  2147483647  0  15536627  0  287372504  1702931737  1015765  205  46159  108423  345723  1243  2198727398  
1441338872  408202248  0  10364424219  119691  102408  0  385340  157  674935  2640  777721841  2147483647  0  40147  0  0  0  205  1045978  2147483647  0  686  245  2147483647  0  15536627  0  287375883  1702931737  1020658  205  46159  108423  345723  1243  2210878944  
1441338873  408202248  0  10364424219  119691  102408  0  385340  157  674935  2640  777721841  2147483647  0  40147  0  0  0  205  1045978  2147483647  0  686  245  2147483647  0  15536627  0  287375883  1702931737  1020658  205  46159  108423  345723  1243  2210878944  
1441338873  410142946  0  10505881134  119691  102408  0  387118  157  682969  2640  779246959  2147483647  0  40147  0  0  0  205  1049938  2147483647  0  688  245  2147483647  0  15536627  0  287386469  1722703673  1034118  205  46159  108423  351149  1243  2235898993  
1441338874  410188776  0  10555354570  119691  102408  0  387246  157  685291  2640  781531425  2147483647  0  40147  0  0  0  205  1052405  2147483647  0  688  245  2147483647  0  15536627  0  287386469  1722703673  1036440  205  46159  108423  351149  1243  2241455852  
1441338874  411479595  0  10595369505  119691  102408  0  388398  157  688313  2640  783466151  2147483647  0  40147  0  0  0  205  1055365  2147483647  0  690  245  2147483647  0  15536627  0  288067099  1735025421  1042279  205  46159  108423  353966  1243  2251008368  
1441338875  413250991  0  10656475131  119691  102408  0  390396  157  693387  2604  788362136  2147483647  0  40147  0  0  0  205  1063825  2147483647  0  696  245  2147483647  0  15536627  0  292313072  1759365815  1052555  205  46159  108423  359168  1243  2269057456  
1441338875  414770132  0  10713041236  119691  102408  0  391740  157  697377  2604  789806525  2147483647  0  40147  0  0  0  205  1065416  2147483647  0  697  245  2147483647  0  15536627  0  292317195  1759365815  1056545  205  46159  108423  359168  1243  2278811046  
1441338876  417589855  0  10743327525  119691  102408  0  394332  157  699444  2604  794182942  2147483647  0  40147  0  0  0  205  1069974  2147483647  0  699  245  2147483647  0  15536627  0  294672901  1759365815  1058612  205  46159  108423  359168  1243  2283469920  
1441338876  417589855  0  10743327525  119691  102408  0  394332  157  699444  2604  794182942  2147483647  0  40147  0  0  0  205  1069974  2147483647  0  699  245  2147483647  0  15536627  0  294672901  1759365815  1058612  205  46159  108423  359168  1243  2283469920  
1441338877  419153339  0  10777186642  119691  102408  0  395549  157  701134  2604  798258268  2147483647  0  40147  0  0  0  205  1074447  2147483647  0  701  245  2147483647  0  15536627  0  294966037  1759365815  1060302  205  46159  108423  359168  1243  2287787501  
1441338877  420645599  0  10854478117  119691  102408  0  396865  157  705974  2604  801210184  2147483647  0  40147  0  0  0  205  1077513  2147483647  0  703  245  2147483647  0  15536627  0  296448178  1763868302  1065654  205  46159  108423  359680  1243  2301256594  
1441338878  422036836  0  10921735531  119691  102408  0  398530  157  709712  2604  806914183  2147483647  0  40147  0  0  0  205  1084860  2147483647  0  708  245  2147483647  0  15536627  0  297388895  1794168709  1073683  205  46159  108423  363971  1243  2320026895  
1441338878  422743051  0  10973675876  119691  102408  0  399654  157  712587  2604  810574144  2147483647  0  40147  0  0  0  205  1088791  2147483647  0  708  245  2147483647  0  15536627  0  297388895  1806137847  1078613  205  46159  108423  366026  1243  2329118789  
1441338879  424777023  0  11057001111  119691  102408  0  401714  157  718574  2604  814534304  2147483647  0  40147  0  0  0  205  1093781  2147483647  0  710  245  2147483647  0  15536627  0  298757843  1831518172  1090263  205  46159  108423  371689  1243  2347476604  
1441338879  426909392  0  11098694785  119691  102408  0  403859  157  720960  2604  818836715  2147483647  0  40147  0  0  0  205  1098978  2147483647  0  711  245  2147483647  0  15536627  0  299193515  1861470417  1097002  205  46159  108423  376042  1243  2362123473  
1441338880  426909392  0  11098694785  119691  102408  0  403859  157  720960  2604  818836715  2147483647  0  40147  0  0  0  205  1098978  2147483647  0  711  245  2147483647  0  15536627  0  299193515  1861470417  1097002  205  46159  108423  376042  1243  2362123473  
1441338880  429826880  0  11128553343  119691  102408  0  406526  157  723610  2604  825170222  2147483647  0  40147  0  0  0  205  1108508  2147483647  0  714  245  2147483647  0  15536627  0  301202641  1879187895  1104296  205  46159  108423  380686  1243  2373688868  
1441338881  432143516  0  11154277203  119691  102408  0  408862  157  725183  2604  827675834  2147483647  0  40147  0  0  0  205  1111318  2147483647  0  714  245  2147483647  0  15536627  0  301202641  1879187895  1105869  205  46159  108423  380686  1243  2377513281  
1441338881  434427986  0  11156167949  119691  102408  0  410887  157  725339  2604  829516537  2147483647  0  40147  0  0  0  205  1113339  2147483647  0  714  245  2147483647  0  15536627  0  301202641  1879187895  1106025  205  46159  108423  380686  1243  2377838665  
1441338882  436782900  0  11262966537  119691  102408  0  413127  157  734982  2604  834908369  2147483647  0  40147  0  0  0  205  1120216  2147483647  0  724  245  2147483647  0  15536627  0  313918440  1897239210  1120047  205  46159  108423  385065  1243  2402168768  
1441338882  437694178  0  11383067424  119691  102408  0  414407  157  740772  2604  835873713  2147483647  0  40147  0  0  0  205  1121374  2147483647  0  724  245  2147483647  0  15536627  0  313918440  1897239210  1125837  205  46159  108423  385065  1243  2415700389  
1441338883  440305862  0  11460085251  119691  102408  0  416808  157  745664  2604  837540507  2147483647  0  40147  0  0  0  205  1123429  2147483647  0  726  245  2147483647  0  15536627  0  313922342  1907269026  1132521  205  46159  108423  386857  1243  2430700347  
1441338883  440305862  0  11460085251  119691  102408  0  416808  157  745664  2604  837540507  2147483647  0  40147  0  0  0  205  1123429  2147483647  0  726  245  2147483647  0  15536627  0  313922342  1907269026  1132521  205  46159  108423  386857  1243  2430700347  
1441338884  442711964  0  11506623049  119691  102408  0  418888  157  748573  2604  839880303  2147483647  0  40147  0  0  0  205  1125938  2147483647  0  727  245  2147483647  0  15536627  0  314283492  1907269026  1135430  205  46159  108423  386857  1243  2437961985  
1441338886  453130790  0  11674841716  119691  102408  0  427882  157  760276  2604  846510337  2147483647  0  40147  0  0  0  205  1133889  2147483647  0  730  245  2147483647  0  15536627  0  316458419  1925724088  1152568  205  46159  108423  392292  1243  2469179099  
1441338886  455378323  0  11714043436  119691  102408  0  430218  157  762910  2604  848272049  2147483647  0  40147  0  0  0  205  1135764  2147483647  0  731  245  2147483647  0  15536627  0  319062558  1925724088  1155202  205  46159  108423  392292  1243  2475262105  
1441338887  457931828  0  11742049711  119691  102408  0  432523  157  764475  2604  850159482  2147483647  0  40147  0  0  0  205  1138144  2147483647  0  732  245  2147483647  0  15536627  0  321399012  1925724088  1156767  205  46159  108423  392292  1243  2479044788  
1441338887  459685043  0  11763503133  119691  102408  0  434135  157  765836  2604  853786268  2147483647  0  40147  0  0  0  205  1141840  2147483647  0  732  245  2147483647  0  15536627  0  321399012  1925724088  1158128  205  46159  108423  392292  1243  2482144109  
1441338888  461704444  0  11828159171  119691  102408  0  435915  157  770768  2604  857662282  2147483647  0  40147  0  0  0  205  1147607  2147483647  0  737  245  2147483647  0  15536627  0  321842672  1938975782  1167684  205  46159  108423  396916  1243  2497244867  
1441338888  462656249  0  11867803651  119691  102408  0  436946  157  772589  2604  861515365  2147483647  0  40147  0  0  0  205  1151717  2147483647  0  740  245  2147483647  0  15536627  0  321852068  1938975782  1169505  205  46159  108423  396916  1243  2501689602  
1441338889  462656249  0  11867803651  119691  102408  0  436946  157  772589  2604  861515365  2147483647  0  40147  0  0  0  205  1151717  2147483647  0  740  245  2147483647  0  15536627  0  321852068  1938975782  1169505  205  46159  108423  396916  1243  2501689602  
1441338889  465239163  0  11990329539  119691  102408  0  439435  157  780332  2604  862250880  2147483647  0  40147  0  0  0  205  1153569  2147483647  0  741  245  2147483647  0  15536627  0  321853030  1950588411  1181348  205  46159  108423  401016  1243  2522572577  
1441338890  468712180  0  12087152047  119691  102408  0  442699  157  785586  2604  863902724  2147483647  0  40147  0  0  0  205  1155630  2147483647  0  742  245  2147483647  0  15536627  0  321856564  1957359999  1187397  205  46159  108423  401811  1243  2537421473  
1441338890  470590897  0  12201043563  119691  102408  0  444908  157  794582  2604  867864829  2147483647  0  40147  0  0  0  205  1162157  2147483647  0  744  245  2147483647  0  15536627  0  324927773  1997029256  1206331  205  46159  108423  411749  1243  2567038411  
1441338891  472525866  0  12218976582  119691  102408  0  446785  157  795736  2604  868345910  2147483647  0  40147  0  0  0  205  1162895  2147483647  0  744  245  2147483647  0  15536627  0  324927773  1997029256  1207485  205  46159  108423  411749  1243  2569980332  
1441338891  474882109  0  12259662603  119691  102408  0  448961  157  797781  2604  871800925  2147483647  0  40147  0  0  0  205  1166735  2147483647  0  746  245  2147483647  0  15536627  0  325471449  1997029256  1209530  205  46159  108423  411749  1243  2575220193  
1441338892  476871702  0  12320945035  119691  102408  0  450977  157  803146  2604  872811655  2147483647  0  40147  0  0  0  205  1168996  2147483647  0  749  245  2147483647  0  15536627  0  325719447  2002767886  1217199  205  46159  108423  414053  1243  2588467665  
1441338892  478029720  0  12351266939  119691  102408  0  452130  157  804814  2604  874402239  2147483647  0  40147  0  0  0  205  1170689  2147483647  0  750  245  2147483647  0  15536627  0  326441511  2002767886  1218867  205  46159  108423  414053  1243  2592373961  
1441338893  478029720  0  12351266939  119691  102408  0  452130  157  804814  2604  874402239  2147483647  0  40147  0  0  0  205  1170689  2147483647  0  750  245  2147483647  0  15536627  0  326441511  2002767886  1218867  205  46159  108423  414053  1243  2592373961  
1441338893  478849218  0  12376516220  119691  102408  0  453026  157  806111  2604  876559809  2147483647  0  40147  0  0  0  205  1173000  2147483647  0  751  245  2147483647  0  15536627  0  326446176  2002767886  1220164  205  46159  108423  414053  1243  2595282617  
1441338894  482030792  0  12522866924  119691  102408  0  456231  157  820498  2604  878281894  2147483647  0  40147  0  0  0  205  1176294  2147483647  0  751  245  2147483647  0  15536627  0  326446176  2031775236  1246075  205  46159  108423  425577  1243  2630637895  
1441338894  484879927  0  12588892428  119691  102408  0  459054  157  824259  2604  882002379  2147483647  0  40147  0  0  0  205  1180734  2147483647  0  755  245  2147483647  0  15536627  0  326453597  2047111981  1252115  205  46159  108423  427856  1243  2645265563  
1441338895  487986154  0  12626254281  119691  102408  0  461742  157  825990  2604  885796106  2147483647  0  40147  0  0  0  205  1185257  2147483647  0  760  245  2147483647  0  15536627  0  337077175  2053909484  1254622  205  46159  108423  428632  1243  2652015339  
1441338895  491352569  0  12678708690  119691  102408  0  464688  157  829014  2604  888030187  2147483647  0  40147  0  0  0  205  1187670  2147483647  0  761  245  2147483647  0  15536627  0  337080631  2053909484  1257646  205  46159  108423  428632  1243  2659801733  
1441338896  493008067  0  12726038283  119691  102408  0  466083  157  831082  2604  890756039  2147483647  0  40147  0  0  0  205  1190644  2147483647  0  763  245  2147483647  0  15536627  0  340695773  2053909484  1259714  205  46159  108423  428632  1243  2664857776  
1441338896  493008067  0  12726038283  119691  102408  0  466083  157  831082  2604  890756039  2147483647  0  40147  0  0  0  205  1190644  2147483647  0  763  245  2147483647  0  15536627  0  340695773  2053909484  1259714  205  46159  108423  428632  1243  2664857776  
1441338897  494432940  0  12787688916  119691  102408  0  467687  157  835570  2604  893802424  2147483647  0  40147  0  0  0  205  1194274  2147483647  0  765  245  2147483647  0  15536627  0  342089620  2053909484  1264202  205  46159  108423  428632  1243  2674947455  
1441338897  495039699  0  12837393269  119691  102408  0  468263  157  839541  2604  897013669  2147483647  0  40147  0  0  0  205  1197486  2147483647  0  768  245  2147483647  0  15536627  0  347130638  2053909484  1268173  205  46159  108423  428632  1243  2683918104  
1441338898  495734177  0  12954093374  119691  102408  0  468871  157  849387  2604  899858638  2147483647  0  40147  0  0  0  205  1202921  2147483647  0  770  245  2147483647  0  15536627  0  347131729  2073483981  1285909  205  46159  108423  436522  1237  2708162078  
1441338898  495943699  0  13045336271  119691  102408  0  469130  157  854118  2604  903593800  2147483647  0  40147  0  0  0  205  1207437  2147483647  0  770  245  2147483647  0  15536627  0  347131729  2084556024  1291920  205  46159  108423  437802  1237  2724248964  
1441338899  496034595  0  13113882366  119691  102408  0  469258  157  857579  2604  906647828  2147483647  0  40147  0  0  0  205  1210911  2147483647  0  771  245  2147483647  0  15536627  0  347135232  2093082499  1296405  205  46159  108423  438826  1237  2735685154  
1441338899  496560409  0  13150410983  119691  102408  0  469804  157  859511  2604  912637958  2147483647  0  48422  0  0  0  205  1217738  2147483647  0  775  245  2147483647  0  15536627  0  349408631  2112938412  1301922  205  46159  108423  442411  1237  2745158151  
1441338900  496560409  0  13150410983  119691  102408  0  469804  157  859511  2604  912637958  2147483647  0  48422  0  0  0  205  1217738  2147483647  0  775  245  2147483647  0  15536627  0  349408631  2112938412  1301922  205  46159  108423  442411  1237  2745158151  
1441338900  497138797  0  13162920436  119691  102408  0  470444  157  860380  2604  916883750  2147483647  0  48422  0  0  0  205  1222243  2147483647  0  775  245  2147483647  0  15536627  0  349408631  2112938412  1302791  205  46159  108423  442411  1237  2747000550  
1441338901  497969653  0  13163144124  119691  102408  0  471116  157  860411  2604  919479878  2147483647  0  48422  0  0  0  205  1224958  2147483647  0  775  245  2147483647  0  15536627  0  349408631  2113900281  1302903  205  46159  108423  442492  1237  2747369200  
1441338901  499449493  0  13163144124  119691  102408  0  472268  157  860411  2604  920769884  2147483647  0  48422  0  0  0  205  1226216  2147483647  0  775  245  2147483647  0  15536627  0  349408631  2114063451  1302914  205  46159  108423  442503  1237  2747410740  
1441338902  499732712  0  13163144124  119691  102408  0  472492  157  860411  2604  920769884  2147483647  0  48422  0  0  0  205  1226216  2147483647  0  775  245  2147483647  0  15536627  0  349408631  2114063451  1302914  205  46159  108423  442503  1237  2747410740  
