#Type:X;CI:1;ww:0;ca:0;co:0;fr:0;Type:X;CI:1;PI:0;PT:EP;U0:0;U1:0;Type:X;CI:1;PI:1;PT:EP;U0:0;U1:0;
#time  Pp  gt  gs  cn  cm  cb  Nc  Pc  cp  Tc  Nm  pr  ps  pt  px  pd  Pm  Om  fs  ft  Oc  Em  Gp  Ec  Ge  ot  os  Total_cycles_diff  Successful_get_diff  Total_get_diff  succ_put_diff  total_put_diff  get_hit  
1441338721  0  0  0  0  0  0  0  0  0  4185071  0  0  0  0  0  0  0  0  0  21  0  0  0  0  0  46  0  4185071  0  0  0  0  
1441338722  0  0  0  0  0  0  0  0  0  4187816  0  0  0  0  0  0  0  0  0  21  0  0  0  0  0  47  0  2745  0  0  0  0  0 
1441338722  0  0  0  0  0  0  0  0  0  4187816  0  0  0  0  0  0  0  0  0  21  0  0  0  0  0  47  0  0  0  0  0  0  0 
1441338723  0  0  0  0  0  0  0  0  0  4187816  0  0  0  0  0  0  0  0  0  21  0  0  0  0  0  47  0  0  0  0  0  0  0 
1441338723  0  0  0  0  0  0  0  0  0  4187816  0  0  0  0  0  0  0  0  0  21  0  0  0  0  0  47  0  0  0  0  0  0  0 
1441338724  0  0  0  0  0  0  0  0  0  4187816  0  0  0  0  0  0  0  0  0  21  0  0  0  0  0  47  0  0  0  0  0  0  0 
1441338724  0  0  0  0  0  0  0  0  0  4187816  0  0  0  0  0  0  0  0  0  21  0  0  0  0  0  47  0  0  0  0  0  0  0 
1441338725  0  0  0  0  0  0  0  0  0  4187816  0  0  0  0  0  0  0  0  0  21  0  0  0  0  0  47  0  0  0  0  0  0  0 
1441338725  0  0  0  0  0  0  0  0  0  4187816  0  0  0  0  0  0  0  0  0  21  0  0  0  0  0  47  0  0  0  0  0  0  0 
1441338726  0  0  0  0  0  0  0  0  0  4187816  0  0  0  0  0  0  0  0  0  21  0  0  0  0  0  47  0  0  0  0  0  0  0 
1441338726  0  0  0  0  0  0  0  0  0  4187816  0  0  0  0  0  0  0  0  0  21  0  0  0  0  0  47  0  0  0  0  0  0  0 
1441338727  0  0  0  0  0  0  0  0  0  4187816  0  0  0  0  0  0  0  0  0  21  0  0  0  0  0  47  0  0  0  0  0  0  0 
1441338727  0  0  0  0  0  0  0  0  0  4187816  0  0  0  0  0  0  0  0  0  21  0  0  0  0  0  47  0  0  0  0  0  0  0 
1441338728  0  0  0  0  0  0  0  0  0  4187816  0  0  0  0  0  0  0  0  0  21  0  0  0  0  0  47  0  0  0  0  0  0  0 
1441338728  0  0  0  0  0  0  0  0  0  4187816  0  0  0  0  0  0  0  0  0  21  0  0  0  0  0  47  0  0  0  0  0  0  0 
1441338729  0  0  0  0  0  0  0  0  0  4187816  0  0  0  0  0  0  0  0  0  21  0  0  0  0  0  47  0  0  0  0  0  0  0 
1441338729  0  0  0  0  0  0  0  0  0  4187816  0  0  0  0  0  0  0  0  0  21  0  0  0  0  0  47  0  0  0  0  0  0  0 
1441338730  0  0  0  0  0  0  0  0  0  4187816  0  0  0  0  0  0  0  0  0  21  0  0  0  0  0  47  0  0  0  0  0  0  0 
1441338730  0  0  0  0  0  0  0  0  0  4187816  0  0  0  0  0  0  0  0  0  21  0  0  0  0  0  47  0  0  0  0  0  0  0 
1441338731  0  0  0  0  0  0  0  0  0  4187816  0  0  0  0  0  0  0  0  0  21  0  0  0  0  0  47  0  0  0  0  0  0  0 
1441338731  0  0  0  0  0  0  0  0  0  4187816  0  0  0  0  0  0  0  0  0  21  0  0  0  0  0  47  0  0  0  0  0  0  0 
1441338732  0  80  80  0  0  0  199  2859  0  21100988  234  0  3430  3430  0  0  3430  354  0  124  223  3430  0  2859  80  269  126  16913172  80  80  3430  3430  100.0  
1441338732  0  386  283  0  0  0  183  2656  0  23200318  234  0  3430  3430  0  0  3430  354  0  124  192  3430  0  2656  283  269  126  2099330  203  306  0  0  73.3160621762  
1441338733  0  504  322  0  0  0  179  2617  0  23720619  234  0  3430  3430  0  0  3430  354  0  124  190  3430  0  2617  322  269  126  520301  39  118  0  0  63.8888888889  
1441338733  0  504  322  0  0  0  179  2617  0  23720619  234  0  3430  3430  0  0  3430  354  0  124  190  3430  0  2617  322  269  126  0  0  0  0  0  63.8888888889  
1441338734  0  504  322  0  0  0  179  2617  0  23720619  234  0  3430  3430  0  0  3430  354  0  124  190  3430  0  2617  322  269  126  0  0  0  0  0  63.8888888889  
1441338734  0  504  322  0  0  0  179  2617  0  23720619  234  0  3430  3430  0  0  3430  354  0  124  190  3430  0  2617  322  269  126  0  0  0  0  0  63.8888888889  
1441338735  0  504  322  0  0  0  179  2617  0  23720619  234  0  3430  3430  0  0  3430  354  0  124  190  3430  0  2617  322  269  126  0  0  0  0  0  63.8888888889  
1441338735  0  504  322  0  0  0  179  2617  0  23720619  234  0  3430  3430  0  0  3430  354  0  124  190  3430  0  2617  322  269  126  0  0  0  0  0  63.8888888889  
1441338736  0  504  322  0  0  0  179  2617  0  23720619  234  0  3430  3430  0  0  3430  354  0  124  190  3430  0  2617  322  269  126  0  0  0  0  0  63.8888888889  
1441338736  0  504  322  0  0  0  179  2617  0  23720619  234  0  3430  3430  0  0  3430  354  0  124  190  3430  0  2617  322  269  126  0  0  0  0  0  63.8888888889  
1441338737  0  504  322  0  0  0  179  2617  0  23720619  234  0  3430  3430  0  0  3430  354  0  124  190  3430  0  2617  322  269  126  0  0  0  0  0  63.8888888889  
1441338737  0  504  322  0  0  0  179  2617  0  23720619  234  0  3430  3430  0  0  3430  354  0  124  190  3430  0  2617  322  269  126  0  0  0  0  0  63.8888888889  
1441338738  0  504  322  0  0  0  179  2617  0  23720619  234  0  3430  3430  0  0  3430  354  0  124  190  3430  0  2617  322  269  126  0  0  0  0  0  63.8888888889  
1441338738  0  504  322  0  0  0  209  3027  0  26671656  234  0  3840  3840  0  0  3430  354  0  2238  227  3430  0  3027  322  269  126  2951037  0  0  410  410  63.8888888889  
1441338739  0  504  322  0  0  0  209  3027  0  28943184  234  0  3840  3840  0  0  3430  354  0  11517  227  3430  0  3027  322  269  126  2271528  0  0  0  0  63.8888888889  
1441338739  0  504  322  0  0  0  209  3027  0  31289188  234  0  3840  3840  0  0  3430  354  0  20962  227  3430  0  3027  322  269  126  2346004  0  0  0  0  63.8888888889  
1441338740  0  504  322  0  0  0  209  3027  0  32772262  234  0  3840  3840  0  0  3430  354  0  26425  227  3430  0  3027  322  269  126  1483074  0  0  0  0  63.8888888889  
1441338740  0  504  322  0  0  0  209  3027  0  32772262  234  0  3840  3840  0  0  3430  354  0  26425  227  3430  0  3027  322  269  126  0  0  0  0  0  63.8888888889  
1441338741  0  504  322  0  0  0  209  3027  0  35648748  234  0  3840  3840  0  0  3430  354  0  38075  227  3430  0  3027  322  269  126  2876486  0  0  0  0  63.8888888889  
1441338741  0  504  322  0  0  0  209  3027  0  38247588  234  0  3840  3840  0  0  3430  354  0  48608  227  3430  0  3027  322  269  126  2598840  0  0  0  0  63.8888888889  
1441338742  0  504  322  0  0  0  209  3027  0  39813522  234  0  3840  3840  0  0  3430  354  0  53961  227  3430  0  3027  322  269  126  1565934  0  0  0  0  63.8888888889  
1441338742  0  504  322  0  0  0  209  3027  0  41957018  234  0  3840  3840  0  0  3430  354  0  62192  227  3430  0  3027  322  269  126  2143496  0  0  0  0  63.8888888889  
1441338743  0  504  322  0  0  0  209  3027  0  43896911  234  0  3840  3840  0  0  3430  354  0  69361  227  3430  0  3027  322  269  126  1939893  0  0  0  0  63.8888888889  
1441338744  0  504  322  0  0  0  209  3027  0  43896911  234  0  3840  3840  0  0  3430  354  0  69361  227  3430  0  3027  322  269  126  0  0  0  0  0  63.8888888889  
1441338744  0  586  404  0  0  0  208  3697  0  55564664  234  0  4592  4592  0  0  3697  354  0  96340  224  3697  0  3697  404  269  126  11667753  82  82  752  752  68.9419795222  
1441338745  0  586  404  0  0  0  208  3697  0  55822506  234  0  4592  4592  0  0  3697  354  0  96586  224  3697  0  3697  404  269  126  257842  0  0  0  0  68.9419795222  
1441338745  0  5536  420  0  0  0  235  4353  0  84301264  235  0  5264  5264  0  0  4353  354  0  118833  226  4353  0  4353  420  269  126  28478758  16  4950  672  672  7.58670520231  
1441338746  0  6688  420  0  0  0  240  4425  0  92020063  240  0  5336  5336  0  0  4425  354  0  125463  227  4425  0  4425  420  270  126  7718799  0  1152  72  72  6.27990430622  
1441338746  0  9184  420  0  0  0  252  4651  0  103473326  252  0  5562  5562  0  0  4651  354  0  131354  229  4651  0  4651  420  270  126  11453263  0  2496  226  226  4.57317073171  
1441338747  0  11134  420  0  0  0  257  4701  0  110239673  257  0  5612  5612  0  0  4701  354  0  135518  230  4701  0  4701  420  270  126  6766347  0  1950  50  50  3.77222920783  
1441338747  0  11134  420  0  0  0  257  4701  0  110239673  257  0  5612  5612  0  0  4701  354  0  135518  230  4701  0  4701  420  270  126  0  0  0  0  0  3.77222920783  
1441338748  0  13795  420  0  0  0  267  4878  0  117606628  267  0  5789  5789  0  0  4878  354  0  139959  231  4878  0  4878  420  272  126  7366955  0  2661  177  177  3.04458137006  
1441338748  0  15847  420  0  0  0  271  4975  0  126492789  271  0  5886  5886  0  0  4975  354  0  145968  232  4975  0  4975  420  275  126  8886161  0  2052  97  97  2.65034391367  
1441338749  0  17025  420  0  0  0  278  5136  0  136019912  278  0  6047  6047  0  0  5136  354  0  152948  233  5136  0  5136  420  277  126  9527123  0  1178  161  161  2.46696035242  
1441338749  0  18419  420  0  0  0  283  5292  0  144918707  283  0  6203  6203  0  0  5292  354  0  158441  236  5292  0  5292  420  277  126  8898795  0  1394  156  156  2.28025408546  
1441338750  0  20550  420  0  0  0  333  8109  0  186447324  333  0  9020  9020  0  0  8109  354  0  160645  239  8109  0  8109  420  279  126  41528617  0  2131  2817  2817  2.04379562044  
1441338750  0  22998  420  0  0  0  371  9899  0  218250008  371  0  10810  10810  0  0  9899  354  0  163716  241  9899  0  9899  420  280  126  31802684  0  2448  1790  1790  1.8262457605  
1441338751  0  22998  420  0  0  0  371  9899  0  218250008  371  0  10810  10810  0  0  9899  354  0  163716  241  9899  0  9899  420  280  126  0  0  0  0  0  1.8262457605  
1441338751  0  25759  421  0  0  0  401  11081  0  242110172  401  0  11993  11993  0  0  11081  354  0  167744  242  11081  0  11081  421  282  126  23860164  1  2761  1183  1183  1.63438021662  
1441338752  0  27572  421  0  0  0  425  12621  0  271466052  425  0  13533  13533  0  0  12621  354  0  171925  244  12621  0  12621  421  286  126  29355880  0  1813  1540  1540  1.52691135935  
1441338752  0  29232  421  0  0  0  487  16146  0  328030195  487  0  17058  17058  0  0  16146  354  0  173722  245  16146  0  16146  421  288  126  56564143  0  1660  3525  3525  1.44020251779  
1441338753  0  30308  421  0  0  0  524  18723  0  378494644  524  0  20603  20603  0  0  18723  354  0  175838  244  18723  0  18723  421  291  127  50464449  0  1076  3545  3545  1.38907219216  
1441338753  0  31809  1049  0  0  0  550  20265  0  423345264  550  0  22773  22773  0  0  20265  354  0  180748  244  20265  0  20265  1049  292  127  44850620  628  1501  2170  2170  3.29780879625  
1441338754  0  32843  1049  0  0  0  591  22053  0  458412126  591  0  24561  24561  0  0  22053  354  0  185124  245  22053  0  22053  1049  294  127  35066862  0  1034  1788  1788  3.19398349724  
1441338754  0  32843  1049  0  0  0  591  22053  0  458412126  591  0  24561  24561  0  0  22053  354  0  185124  245  22053  0  22053  1049  294  127  0  0  0  0  0  3.19398349724  
1441338755  0  34397  1049  0  0  0  651  24958  0  512826717  651  0  27466  27466  0  0  24958  354  0  187405  247  24958  0  24958  1049  295  127  54414591  0  1554  2905  2905  3.04968456551  
1441338757  0  44299  2449  0  0  0  717  28249  0  670843099  717  0  34430  34430  0  0  28249  354  0  204413  249  28249  0  28249  2449  305  130  158016382  1400  9902  6964  6964  5.52834149755  
1441338757  0  46469  2712  0  0  0  739  29392  0  701864917  739  0  35836  35836  0  0  29392  354  0  206891  251  29392  0  29392  2712  307  130  31021818  263  2170  1406  1406  5.8361488304  
1441338758  0  46469  2712  0  0  0  739  29392  0  701864917  739  0  35836  35836  0  0  29392  354  0  206891  251  29392  0  29392  2712  307  130  0  0  0  0  0  5.8361488304  
1441338758  0  48677  2712  0  0  0  768  30735  0  735832727  768  0  37179  37179  0  0  30735  354  0  211853  252  30735  0  30735  2712  307  130  33967810  0  2208  1343  1343  5.57141976704  
1441338759  0  50277  2712  0  0  0  813  32555  0  780202653  813  0  38999  38999  0  0  32555  354  0  216343  253  32555  0  32555  2712  307  130  44369926  0  1600  1820  1820  5.39411659407  
1441338759  0  51734  2713  0  0  0  821  33085  0  847141132  821  0  41651  41651  0  0  33085  354  0  220384  251  33085  0  33085  2713  308  131  66938479  1  1457  2652  2652  5.24413345189  
1441338760  0  53551  2737  0  0  0  864  35969  0  906158755  864  0  44559  44559  0  0  35969  354  0  223117  252  35969  0  35969  2737  309  131  59017623  24  1817  2908  2908  5.11101566731  
1441338760  0  58606  5214  0  0  0  880  36618  0  998951151  889  0  47685  47685  0  0  37524  354  0  228290  254  37524  0  36618  5214  310  131  92792396  2477  5055  3126  3126  8.89669999659  
1441338761  0  61454  5214  0  0  0  918  38772  0  1051177031  918  0  49839  49839  0  0  38772  354  0  231008  255  38772  0  38772  5214  310  131  52225880  0  2848  2154  2154  8.48439483191  
1441338761  0  61454  5214  0  0  0  918  38772  0  1051177031  918  0  49839  49839  0  0  38772  354  0  231008  255  38772  0  38772  5214  310  131  0  0  0  0  0  8.48439483191  
1441338762  0  63939  5230  0  0  0  926  39459  0  1101974091  935  0  52091  52091  0  0  39901  354  0  234390  253  39901  0  39459  5230  313  133  50797060  16  2485  2252  2252  8.17967124916  
1441338762  0  68464  6989  0  0  0  820  34240  0  1164656220  935  0  54359  54359  0  0  39935  354  0  241252  249  39935  0  34240  6989  320  136  62682129  1759  4525  2268  2268  10.2082846459  
1441338763  0  71536  8226  0  0  0  821  34436  0  1209394634  935  0  55792  55792  0  0  39935  354  0  245210  251  39935  0  34436  8226  322  136  44738414  1237  3072  1433  1433  11.4991053456  
1441338763  0  74360  8226  0  0  0  859  36383  0  1250899207  935  0  57741  57741  0  0  39935  354  2  247919  254  39935  0  36383  8226  322  136  41504573  0  2824  1949  1949  11.0623991393  
1441338764  0  76513  8226  0  0  0  890  38400  0  1284959188  935  0  59758  59758  0  0  39935  354  2  249656  254  39935  0  38400  8226  322  136  34059981  0  2153  2017  2017  10.7511141897  
1441338764  0  78770  8226  0  0  0  905  39361  0  1351150566  935  0  63018  63018  0  0  40206  354  2  253124  255  40206  0  39361  8226  327  138  66191378  0  2257  3260  3260  10.4430620795  
1441338765  0  78770  8226  0  0  0  905  39361  0  1351150566  935  0  63018  63018  0  0  40206  354  2  253124  255  40206  0  39361  8226  327  138  0  0  0  0  0  10.4430620795  
1441338765  0  80510  8226  0  0  0  972  43210  0  1446681904  984  0  68147  68147  0  0  43904  354  2  256206  257  43904  0  43210  8226  331  139  95531338  0  1740  5129  5129  10.2173643026  
1441338766  0  81470  8226  0  0  0  1050  47138  0  1529687502  1050  0  72075  72075  0  0  47138  354  2  259854  259  47138  0  47138  8226  331  139  83005598  0  960  3928  3928  10.0969682092  
1441338766  0  85077  11096  0  0  0  1065  48383  0  1621210569  1078  0  76190  76190  0  0  49076  354  2  264753  259  49076  0  48383  11096  332  139  91523067  2870  3607  4115  4115  13.0423028551  
1441338767  0  93101  17456  0  0  0  1065  47631  0  1748855966  1079  0  81798  81798  0  0  49384  354  2  271402  259  49384  0  47631  17456  335  139  127645397  6360  8024  5608  5608  18.7495300802  
1441338767  0  97889  19504  0  0  0  1062  47799  0  1809188445  1079  0  84014  84014  0  0  49384  354  2  276557  258  49384  0  47799  19504  336  139  60332479  2048  4788  2216  2216  19.9246084851  
1441338768  0  102005  19504  0  0  0  1090  48537  0  1825695139  1090  0  84752  84752  0  0  49384  354  2  279905  259  49384  0  48537  19504  336  139  16506694  0  4116  738  738  19.1206313416  
1441338768  0  102005  19504  0  0  0  1090  48537  0  1825695139  1090  0  84752  84752  0  0  49384  354  2  279905  259  49384  0  48537  19504  336  139  0  0  0  0  0  19.1206313416  
1441338769  0  107258  21813  0  0  0  1106  50434  0  1951163504  1126  0  92345  92345  0  0  50494  354  3  283434  257  50494  0  50434  21813  342  142  125468365  2309  5253  7593  7593  20.3369445636  
1441338769  0  109274  21813  0  0  0  1112  51670  0  1984499898  1133  0  93828  93828  0  0  51917  354  3  288704  256  51917  0  51670  21813  345  143  33336394  0  2016  1483  1483  19.9617475337  
1441338770  0  111066  21813  0  0  0  1162  53524  0  2024042536  1162  0  95682  95682  0  0  53524  354  3  292839  258  53524  0  53524  21813  345  143  39542638  0  1792  1854  1854  19.6396737075  
1441338771  0  115769  23956  0  0  0  1138  52256  0  2107641119  1184  0  98767  98767  0  0  54940  354  3  297677  259  54940  0  52256  23956  347  144  83598583  2143  4703  3085  3085  20.6929316138  
1441338771  0  117721  23956  0  0  0  1193  56169  0  2186316087  1193  0  102680  102680  0  0  56169  354  3  299674  260  56169  0  56169  23956  347  144  78674968  0  1952  3913  3913  20.3498101443  
1441338772  0  119097  23956  0  0  0  1255  60753  0  2264721211  1255  0  107265  107265  0  0  60753  354  4  300843  260  60753  0  60753  23956  347  144  78405124  0  1376  4585  4585  20.1146964239  
1441338772  0  119097  23956  0  0  0  1255  60753  0  2264721211  1255  0  107265  107265  0  0  60753  354  4  300843  260  60753  0  60753  23956  347  144  0  0  0  0  0  20.1146964239  
1441338773  0  128217  30356  0  0  0  1200  57882  0  2338302648  1269  0  110794  110794  0  0  61824  354  4  311388  260  61824  0  57882  30356  349  144  73581437  6400  9120  3529  3529  23.6754876498  
1441338773  0  132413  31300  0  0  0  1199  58717  0  2387893989  1269  0  112625  112625  0  0  61824  354  4  315015  258  61824  0  58717  31300  353  145  49591341  944  4196  1831  1831  23.6381624161  
1441338774  0  133406  31301  0  0  0  1252  62315  0  2446798708  1269  0  116224  116224  0  0  62315  354  4  316479  259  62315  0  62315  31301  355  145  58904719  1  993  3599  3599  23.4629626853  
1441338774  0  137676  31301  0  0  0  1277  63674  0  2483324554  1277  0  117583  117583  0  0  63674  354  4  319072  259  63674  0  63674  31301  355  145  36525846  0  4270  1359  1359  22.7352625004  
1441338775  0  143249  31301  0  0  0  1332  66510  0  2548823237  1332  0  120419  120419  0  0  66510  354  4  321648  262  66510  0  66510  31301  355  145  65498683  0  5573  2836  2836  21.8507633561  
1441338775  0  149751  37598  0  0  0  1197  58417  0  2680202621  1332  0  129377  129377  0  0  66557  354  4  327597  254  66557  0  58417  37598  362  150  131379384  6297  6502  8958  8958  25.1070109715  
1441338776  0  149751  37598  0  0  0  1197  58417  0  2680202621  1332  0  129377  129377  0  0  66557  354  4  327597  254  66557  0  58417  37598  362  150  0  0  0  0  0  25.1070109715  
1441338776  0  149815  37598  0  0  0  1248  61185  0  2731491516  1332  0  132145  132145  0  0  66557  354  4  331602  256  66557  0  61185  37598  362  150  51288895  0  64  2768  2768  25.0962854187  
1441338777  0  153479  40188  0  0  0  1255  61656  0  2822417248  1332  0  135206  135206  0  0  66557  354  4  337129  257  66557  0  61656  40188  362  150  90925732  2590  3664  3061  3061  26.1846897621  
1441338777  0  159207  45322  0  0  0  1226  63449  0  2970145297  1332  0  142298  142298  0  0  66557  354  4  342340  258  66557  0  63449  45322  369  151  147728049  5134  5728  7092  7092  28.4673412601  
1441338778  0  165881  51744  0  0  0  1203  61446  0  3118339283  1332  0  150814  150814  0  0  66557  354  4  345144  259  66557  0  61446  51744  371  152  148193986  6422  6674  8516  8516  31.193445904  
1441338778  0  167739  52378  0  0  0  1198  61070  0  3133172048  1332  0  151072  151072  0  0  66557  354  4  350147  259  66557  0  61070  52378  373  152  14832765  634  1858  258  258  31.225892607  
1441338779  0  168537  52808  0  0  0  1119  56399  0  3149526690  1332  0  151188  151188  0  0  66557  354  5  355845  257  66557  0  56399  52808  374  153  16354642  430  798  116  116  31.3331790645  
1441338779  0  168537  52808  0  0  0  1119  56399  0  3149526690  1332  0  151188  151188  0  0  66557  354  5  355845  257  66557  0  56399  52808  374  153  0  0  0  0  0  31.3331790645  
1441338780  0  170543  52944  0  0  0  1150  58467  0  3204516986  1332  0  154336  154336  0  0  66557  354  5  358752  258  66557  0  58467  52944  378  154  54990296  136  2006  3148  3148  31.0443700416  
1441338780  0  172607  52944  0  0  0  1243  61601  0  3261140272  1332  0  157470  157470  0  0  66557  354  5  360598  259  66557  0  61601  52944  378  154  56623286  0  2064  3134  3134  30.6731476707  
1441338781  0  179080  58383  0  0  0  1190  58273  0  3340332560  1332  0  160501  160501  0  0  66557  354  5  368890  259  66557  0  58273  58383  383  155  79192288  5439  6473  3031  3031  32.6016305562  
1441338781  0  180392  58383  0  0  0  1256  62432  0  3413894319  1332  0  165215  165215  0  0  66557  354  5  370982  260  66557  0  62432  58383  385  156  73561759  0  1312  4714  4714  32.3645172735  
1441338782  0  181520  58387  0  0  0  1292  64878  0  3451003117  1332  0  167665  167665  0  0  66557  354  5  373958  260  66557  0  64878  58387  385  156  37108798  4  1128  2450  2450  32.1656015866  
1441338782  0  185361  60691  0  0  0  1218  59984  0  3508861452  1332  0  169571  169571  0  0  66557  354  5  379193  258  66557  0  59984  60691  389  158  57858335  2304  3841  1906  1906  32.7420546933  
1441338783  0  185361  60691  0  0  0  1218  59984  0  3508861452  1332  0  169571  169571  0  0  66557  354  5  379193  258  66557  0  59984  60691  389  158  0  0  0  0  0  32.7420546933  
1441338783  0  190825  65811  0  0  0  1088  54558  0  3541285646  1332  0  169799  169799  0  0  66557  354  5  391762  255  66557  0  54558  65811  396  159  32424194  5120  5464  228  228  34.4876195467  
1441338784  0  209524  83453  0  0  0  1060  49220  0  3725790800  1332  0  182103  182103  0  0  66557  354  5  404365  259  66557  0  49220  83453  400  159  184505154  17642  18699  12304  12304  39.8298047002  
1441338784  0  210548  83453  0  0  0  1084  50628  0  3760855454  1332  0  183511  183511  0  0  66557  354  5  410935  261  66557  0  50628  83453  402  159  35064654  0  1024  1408  1408  39.6360924825  
1441338785  0  214687  86471  0  0  0  1080  50394  0  3864004907  1332  0  189119  189119  0  0  66557  354  5  413072  260  66557  0  50394  86471  405  161  103149453  3018  4139  5608  5608  40.2777066147  
1441338785  0  220219  90914  0  0  0  1081  50356  0  3957438036  1332  0  193524  193524  0  0  66557  354  5  418669  260  66557  0  50356  90914  405  161  93433129  4443  5532  4405  4405  41.2834496569  
1441338786  0  221723  90914  0  0  0  1147  55157  0  4040166655  1332  0  198325  198325  0  0  66557  354  5  420456  261  66557  0  55157  90914  405  161  82728619  0  1504  4801  4801  41.0034141699  
1441338786  0  221723  90914  0  0  0  1147  55157  0  4040166655  1332  0  198325  198325  0  0  66557  354  5  420456  261  66557  0  55157  90914  405  161  0  0  0  0  0  41.0034141699  
1441338787  0  223003  90914  0  0  0  1233  61333  0  4153534064  1332  0  204501  204501  0  0  66557  354  5  421352  261  66557  0  61333  90914  405  161  113367409  0  1280  6176  6176  40.7680614162  
1441338787  0  224644  90914  0  0  0  1284  65187  0  4261833681  1332  0  210147  210147  0  0  66557  354  5  422358  260  66557  0  65187  90914  408  162  108299617  0  1641  5646  5646  40.4702551593  
1441338788  0  228804  92322  0  0  0  1197  59509  0  4318384716  1332  0  211316  211316  0  0  66557  354  5  428868  260  66557  0  59509  92322  409  163  56551035  1408  4160  1169  1169  40.3498190591  
1441338788  0  232712  95650  0  0  0  1205  59770  0  4401772666  1332  0  214905  214905  0  0  66557  354  5  434444  261  66557  0  59770  95650  410  163  83387950  3328  3908  3589  3589  41.1023067139  
1441338789  0  233755  95669  0  0  0  1232  61316  0  4430718240  1332  0  216470  216470  0  0  66557  354  5  439516  261  66557  0  61316  95669  410  163  28945574  19  1043  1565  1565  40.9270389938  
1441338789  0  235516  95669  0  0  0  1290  64790  0  4485786757  1332  0  219944  219944  0  0  66557  354  5  440732  262  66557  0  64790  95669  410  163  55068517  0  1761  3474  3474  40.6210193787  
1441338790  0  235516  95669  0  0  0  1290  64790  0  4485786757  1332  0  219944  219944  0  0  66557  354  5  440732  262  66557  0  64790  95669  410  163  0  0  0  0  0  40.6210193787  
1441338790  0  244991  102841  0  0  0  1177  57388  0  4569709068  1332  0  222542  222542  0  0  66557  354  5  452436  261  66557  0  57388  102841  416  165  83922311  7172  9475  2598  2598  41.9774603965  
1441338791  0  248058  104076  0  0  0  1057  49553  0  4634126209  1332  0  224142  224142  0  0  66557  354  5  457818  260  66557  0  49553  104076  419  167  64417141  1235  3067  1600  1600  41.9563166679  
1441338791  0  252890  106219  0  0  0  986  45707  0  4736605213  1332  0  226744  226744  0  0  66557  354  6  468038  259  66557  0  45707  106219  423  168  102479004  2143  4832  2602  2602  42.00205623  
1441338792  0  253210  106219  0  0  0  1000  46836  0  4759446918  1332  0  227873  227873  0  0  66557  354  6  469618  259  66557  0  46836  106219  423  168  22841705  0  320  1129  1129  41.948975159  
1441338792  0  257241  109478  0  0  0  997  47150  0  4868577068  1332  0  232470  232470  0  0  66557  354  6  475276  259  66557  0  47150  109478  426  169  109130150  3259  4031  4597  4597  42.5585346037  
1441338793  0  257241  109478  0  0  0  997  47150  0  4868577068  1332  0  232470  232470  0  0  66557  354  6  475276  259  66557  0  47150  109478  426  169  0  0  0  0  0  42.5585346037  
1441338793  0  258401  109614  0  0  0  997  47688  0  4884965251  1332  0  233145  233145  0  0  66557  354  7  480971  258  66557  0  47688  109614  429  169  16388183  136  1160  675  675  42.4201144732  
1441338794  0  259361  109614  0  0  0  1049  51322  0  4964579538  1332  0  236779  236779  0  0  66557  354  7  483841  259  66557  0  51322  109614  429  169  79614287  0  960  3634  3634  42.2631004661  
1441338794  0  260444  110692  0  0  0  1105  55003  0  5039513618  1332  0  241538  241538  0  0  66557  354  7  485248  258  66557  0  55003  110692  429  169  74934080  1078  1083  4759  4759  42.501267067  
1441338795  0  261692  110692  0  0  0  1144  57528  0  5083278554  1332  0  244063  244063  0  0  66557  354  7  488153  259  66557  0  57528  110692  430  169  43764936  0  1248  2525  2525  42.2985800101  
1441338795  0  263132  110692  0  0  0  1154  58123  0  5099675849  1332  0  244658  244658  0  0  66557  354  7  490987  259  66557  0  58123  110692  430  169  16397295  0  1440  595  595  42.0670994026  
1441338796  0  268028  110692  0  0  0  1216  61338  0  5158187751  1332  0  247873  247873  0  0  66557  354  7  492542  261  66557  0  61338  110692  430  169  58511902  0  4896  3215  3215  41.2986702882  
1441338796  0  268028  110692  0  0  0  1216  61338  0  5158187751  1332  0  247873  247873  0  0  66557  354  7  492542  261  66557  0  61338  110692  430  169  0  0  0  0  0  41.2986702882  
1441338797  0  276140  117612  0  0  0  1129  56002  0  5215393990  1332  0  250412  250412  0  0  66557  354  8  506623  257  66557  0  56002  117612  438  171  57206239  6920  8112  2539  2539  42.5914391251  
1441338797  0  277713  117612  0  0  0  1186  59359  0  5271100833  1332  0  253769  253769  0  0  66557  354  8  509185  258  66557  0  59359  117612  438  171  55706843  0  1573  3357  3357  42.3501960657  
1441338798  0  278676  117616  0  0  0  1217  60490  0  5295855933  1332  0  254904  254904  0  0  66557  354  8  513116  260  66557  0  60490  117616  438  171  24755100  4  963  1135  1135  42.2052849905  
1441338798  0  281839  118859  0  0  0  1143  55641  0  5338599559  1332  0  255906  255906  0  0  66557  354  8  521122  260  66557  0  55641  118859  444  172  42743626  1243  3163  1002  1002  42.1726588584  
1441338799  0  289736  126428  0  0  0  1110  52601  0  5446847151  1332  0  260435  260435  0  0  66557  354  8  530125  260  66557  0  52601  126428  446  172  108247592  7569  7897  4529  4529  43.6355854985  
1441338799  0  289800  126428  0  0  0  1168  57156  0  5531754860  1332  0  264990  264990  0  0  66557  354  8  531267  260  66557  0  57156  126428  446  172  84907709  0  64  4555  4555  43.6259489303  
1441338800  0  289800  126428  0  0  0  1168  57156  0  5531754860  1332  0  264990  264990  0  0  66557  354  8  531267  260  66557  0  57156  126428  446  172  0  0  0  0  0  43.6259489303  
1441338800  0  293835  129360  0  0  0  1186  57864  0  5640868330  1332  0  270609  270609  0  0  66557  354  8  534027  263  66557  0  57864  129360  451  173  109113470  2932  4035  5619  5619  44.0247077441  
1441338801  0  298599  133804  0  0  0  1176  56891  0  5722529789  1332  0  274081  274081  0  0  66557  354  9  541629  263  66557  0  56891  133804  452  173  81661459  4444  4764  3472  3472  44.8105988299  
1441338801  0  299751  133804  0  0  0  1191  58157  0  5749785198  1332  0  275347  275347  0  0  66557  354  9  545263  263  66557  0  58157  133804  452  173  27255409  0  1152  1266  1266  44.6383831914  
1441338802  0  300775  133804  0  0  0  1216  59699  0  5787267423  1332  0  276889  276889  0  0  66557  354  9  550526  263  66557  0  59699  133804  452  173  37482225  0  1024  1542  1542  44.4864101072  
1441338802  0  302119  133804  0  0  0  1215  59746  0  5826482635  1332  0  278732  278732  0  0  66557  354  9  553725  263  66557  0  59746  133804  453  174  39215212  0  1344  1843  1843  44.2885088326  
1441338803  0  312051  142136  0  0  0  1198  58756  0  5942978541  1332  0  286074  286074  0  0  66557  354  9  560030  263  66557  0  58756  142136  459  174  116495906  8332  9932  7342  7342  45.5489647526  
1441338803  0  312051  142136  0  0  0  1198  58756  0  5942978541  1332  0  286074  286074  0  0  66557  354  9  560030  263  66557  0  58756  142136  459  174  0  0  0  0  0  45.5489647526  
1441338804  0  315930  145183  0  0  0  1157  55609  0  5979975807  1332  0  287254  287254  0  0  66557  354  9  566764  261  66557  0  55609  145183  461  175  36997266  3047  3879  1180  1180  45.9541670623  
1441338804  0  319077  145184  0  0  0  1219  59082  0  6055539237  1332  0  290729  290729  0  0  66557  354  10  569685  264  66557  0  59082  145184  461  175  75563430  1  3147  3475  3475  45.5012426468  
1441338805  0  322789  145199  0  0  0  1277  62063  0  6105821358  1332  0  293725  293725  0  0  66557  354  10  572785  265  66557  0  62063  145199  461  175  50282121  15  3712  2996  2996  44.9826357156  
1441338805  0  326427  145199  0  0  0  1321  64384  0  6150575123  1332  0  296046  296046  0  0  66557  354  10  577269  265  66557  0  64384  145199  463  175  44753765  0  3638  2321  2321  44.4813082251  
1441338806  0  328153  145381  0  0  0  1227  59478  0  6187441090  1332  0  297209  297209  0  0  66557  354  10  580832  264  66557  0  59478  145381  465  176  36865967  182  1726  1163  1163  44.3028099697  
1441338806  0  330120  145381  0  0  0  1230  59706  0  6196932847  1332  0  297437  297437  0  0  66557  354  10  583380  264  66557  0  59706  145381  465  176  9491757  0  1967  228  228  44.0388343633  
1441338807  0  330120  145381  0  0  0  1230  59706  0  6196932847  1332  0  297437  297437  0  0  66557  354  10  583380  264  66557  0  59706  145381  465  176  0  0  0  0  0  44.0388343633  
1441338807  0  335112  145381  0  0  0  1110  51805  0  6250013017  1332  0  299248  299248  0  0  66557  354  10  587497  261  66557  0  51805  145381  474  179  53080170  0  4992  1811  1811  43.3828093294  
1441338808  0  335848  145381  0  0  0  1198  57399  0  6361720126  1332  0  304844  304844  0  0  66557  354  12  589158  263  66557  0  57399  145381  474  179  111707109  0  736  5596  5596  43.2877373097  
1441338808  0  336776  145381  0  0  0  1231  60028  0  6408175700  1332  0  307473  307473  0  0  66557  354  12  592368  263  66557  0  60028  145381  474  179  46455574  0  928  2629  2629  43.1684561845  
1441338809  0  338093  145381  0  0  0  1297  64685  0  6476733916  1332  0  312130  312130  0  0  66557  354  12  593923  265  66557  0  64685  145381  474  179  68558216  0  1317  4657  4657  43.0002987344  
1441338809  0  341852  147348  0  0  0  1254  62886  0  6535165046  1332  0  314192  314192  0  0  66557  354  13  599288  263  66557  0  62886  147348  478  180  58431130  1967  3759  2062  2062  43.1028632274  
1441338810  0  343036  147348  0  0  0  1309  66442  0  6602229417  1332  0  317748  317748  0  0  66557  354  13  602163  264  66557  0  66442  147348  478  180  67064371  0  1184  3556  3556  42.9540922819  
1441338810  0  343036  147348  0  0  0  1309  66442  0  6602229417  1332  0  317748  317748  0  0  66557  354  13  602163  264  66557  0  66442  147348  478  180  0  0  0  0  0  42.9540922819  
1441338811  0  344413  148372  0  0  0  1325  68382  0  6665421177  1332  0  320712  320712  0  0  68382  354  13  604957  264  68382  0  68382  148372  478  180  63191760  1024  1377  2964  2964  43.0796746929  
1441338811  0  344925  148372  0  0  0  1341  69415  0  6685194223  1341  0  321745  321745  0  0  69415  354  13  606497  264  69415  0  69415  148372  478  180  19773046  0  512  1033  1033  43.0157280568  
1441338812  0  356600  156623  0  0  0  1258  63280  0  6791598416  1342  0  328729  328729  0  0  69528  354  13  617121  265  69528  0  63280  156623  484  182  106404193  8251  11675  6984  6984  43.9212002243  
1441338813  0  359960  156623  0  0  0  1276  64141  0  6812754960  1342  0  329590  329590  0  0  69528  354  13  620660  265  69528  0  64141  156623  484  182  21156544  0  3360  861  861  43.5112234693  
1441338813  0  373157  167109  0  0  0  1189  56543  0  6938356478  1342  0  335819  335819  0  0  69528  354  14  631079  263  69528  0  56543  167109  489  184  125601518  10486  13197  6229  6229  44.7824910158  
1441338814  0  375877  167109  0  0  0  1222  58335  0  6968227470  1342  0  337611  337611  0  0  69528  354  14  636011  264  69528  0  58335  167109  489  184  29870992  0  2720  1792  1792  44.4584265598  
1441338814  0  375877  167109  0  0  0  1222  58335  0  6968227470  1342  0  337611  337611  0  0  69528  354  14  636011  264  69528  0  58335  167109  489  184  0  0  0  0  0  44.4584265598  
1441338815  0  380667  168922  0  0  0  1119  51369  0  7056086983  1342  0  341930  341930  0  0  69528  354  14  640068  263  69528  0  51369  168922  493  186  87859513  1813  4790  4319  4319  44.3752676224  
1441338815  0  384505  169961  0  0  0  1168  54382  0  7149944977  1342  0  347009  347009  0  0  69528  354  14  643467  263  69528  0  54382  169961  497  188  93857994  1039  3838  5079  5079  44.2025461307  
1441338816  0  386777  169961  0  0  0  1211  57620  0  7205636006  1342  0  350247  350247  0  0  69528  354  14  646023  263  69528  0  57620  169961  497  188  55691029  0  2272  3238  3238  43.9428921575  
1441338816  0  389657  169961  0  0  0  1279  62474  0  7306220338  1342  0  355101  355101  0  0  69528  354  14  646871  264  69528  0  62474  169961  498  188  100584332  0  2880  4854  4854  43.618105154  
1441338817  0  390489  169961  0  0  0  1313  64938  0  7355946907  1342  0  357565  357565  0  0  69528  354  14  649320  264  69528  0  64938  169961  500  188  49726569  0  832  2464  2464  43.5251697231  
1441338817  0  391193  169961  0  0  0  1344  67538  0  7433838594  1351  0  361247  361247  0  0  69528  354  14  650512  263  69528  0  67538  169961  501  189  77891687  0  704  3682  3682  43.4468408177  
1441338819  0  396301  169980  0  0  0  1440  71644  0  7505179151  1440  0  365372  365372  0  0  71644  354  14  656394  264  71644  0  71644  169980  501  189  71340557  19  5108  4125  4125  42.891640445  
1441338819  0  407688  180399  0  0  0  1266  62117  0  7624778869  1459  0  370920  370920  0  0  72917  354  15  667890  262  72917  0  62117  180399  507  192  119599718  10419  11387  5548  5548  44.2492788603  
1441338820  0  414057  186032  0  0  0  1235  60754  0  7711817600  1459  0  375190  375190  0  0  72917  354  15  674188  262  72917  0  60754  186032  508  192  87038731  5633  6369  4270  4270  44.9290798127  
1441338820  0  418889  188336  0  0  0  1232  60351  0  7748204475  1459  0  377091  377091  0  0  72917  354  15  680620  263  72917  0  60351  188336  509  192  36386875  2304  4832  1901  1901  44.9608368804  
1441338821  0  429605  196747  0  0  0  1266  61206  0  7931275491  1459  0  386482  386482  0  0  72917  354  15  687285  264  72917  0  61206  196747  514  193  183071016  8411  10716  9391  9391  45.7971857869  
1441338821  0  433116  199260  0  0  0  1285  63058  0  8038711933  1459  0  391891  391891  0  0  72917  354  15  689517  261  72917  0  63058  199260  517  194  107436442  2513  3511  5409  5409  46.0061507772  
1441338822  0  433116  199260  0  0  0  1285  63058  0  8038711933  1459  0  391891  391891  0  0  72917  354  15  689517  261  72917  0  63058  199260  517  194  0  0  0  0  0  46.0061507772  
1441338822  0  434300  199260  0  0  0  1296  63560  0  8083011811  1459  0  394697  394697  0  0  72917  354  15  693743  261  72917  0  63560  199260  519  195  44299878  0  1184  2806  2806  45.8807276076  
1441338823  0  437537  202076  0  0  0  1275  63371  0  8199446293  1459  0  401904  401904  0  0  72917  354  15  696119  259  72917  0  63371  202076  522  197  116434482  2816  3237  7207  7207  46.1848940775  
1441338823  0  440944  204939  0  0  0  1220  60757  0  8258746297  1459  0  403801  403801  0  0  72917  354  15  702771  258  72917  0  60757  204939  526  198  59300004  2863  3407  1897  1897  46.4773304547  
1441338824  0  442502  204939  0  0  0  1242  62260  0  8284753086  1459  0  405304  405304  0  0  72917  354  15  703912  258  72917  0  62260  204939  526  198  26006789  0  1558  1503  1503  46.3136889777  
1441338824  0  447947  208268  0  0  0  1204  59549  0  8421446729  1459  0  413353  413353  0  0  72917  354  15  706607  261  72917  0  59549  208268  531  199  136693643  3329  5445  8049  8049  46.4938932508  
1441338825  0  456781  215624  0  0  0  1050  49947  0  8520542875  1459  0  418598  418598  0  0  72917  354  15  715973  260  72917  0  49947  215624  537  201  99096146  7356  8834  5245  5245  47.2051157995  
1441338825  0  458192  215624  0  0  0  1085  52239  0  8561164383  1459  0  420891  420891  0  0  72917  354  16  719765  260  72917  0  52239  215624  538  201  40621508  0  1411  2293  2293  47.0597478786  
1441338826  0  458192  215624  0  0  0  1085  52239  0  8561164383  1459  0  420891  420891  0  0  72917  354  16  719765  260  72917  0  52239  215624  538  201  0  0  0  0  0  47.0597478786  
1441338826  0  459666  215624  0  0  0  1106  53202  0  8580691267  1459  0  421855  421855  0  0  72917  354  17  725199  260  72917  0  53202  215624  538  201  19526884  0  1474  964  964  46.9088425074  
1441338827  0  462290  215624  0  0  0  1157  56042  0  8628581358  1459  0  424695  424695  0  0  72917  354  17  728228  262  72917  0  56042  215624  538  201  47890091  0  2624  2840  2840  46.6425836596  
1441338827  0  463186  215624  0  0  0  1176  57302  0  8646120511  1459  0  425955  425955  0  0  72917  354  17  731006  262  72917  0  57302  215624  538  201  17539153  0  896  1260  1260  46.5523569365  
1441338828  0  466535  217437  0  0  0  1134  55408  0  8704913016  1459  0  429153  429153  0  0  72917  354  17  735261  261  72917  0  55408  217437  540  203  58792505  1813  3349  3198  3198  46.6067926308  
1441338828  0  469863  217437  0  0  0  1181  58319  0  8750215702  1459  0  432064  432064  0  0  72917  354  17  738897  261  72917  0  58319  217437  540  203  45302686  0  3328  2911  2911  46.2766806495  
1441338829  0  472935  218461  0  0  0  1217  60767  0  8832922014  1459  0  435536  435536  0  0  72917  354  17  739390  261  72917  0  60767  218461  542  203  82706312  1024  3072  3472  3472  46.1926057492  
1441338829  0  472935  218461  0  0  0  1217  60767  0  8832922014  1459  0  435536  435536  0  0  72917  354  17  739390  261  72917  0  60767  218461  542  203  0  0  0  0  0  46.1926057492  
1441338830  0  476200  218461  0  0  0  1256  63151  0  8925833907  1459  0  439751  439751  0  0  72917  354  17  741490  262  72917  0  63151  218461  545  204  92911893  0  3265  4215  4215  45.8758924822  
1441338830  0  477800  218461  0  0  0  1294  64844  0  8955109516  1459  0  441444  441444  0  0  72917  354  17  746773  263  72917  0  64844  218461  545  204  29275609  0  1600  1693  1693  45.7222687317  
1441338831  0  479880  218461  0  0  0  1322  66184  0  8981828135  1459  0  442786  442786  0  0  72917  354  19  751999  263  72917  0  66184  218461  546  204  26718619  0  2080  1342  1342  45.5240893557  
1441338832  0  482033  219485  0  0  0  1294  64623  0  9026716571  1459  0  445070  445070  0  0  72917  354  19  754796  262  72917  0  64623  219485  547  205  44888436  1024  2153  2284  2284  45.5331896364  
1441338832  0  484533  219485  0  0  0  1315  65594  0  9048096428  1459  0  446041  446041  0  0  72917  354  19  757053  264  72917  0  65594  219485  547  205  21379857  0  2500  971  971  45.2982562591  
1441338833  0  488821  221661  0  0  0  1349  67259  0  9105652759  1459  0  449882  449882  0  0  72917  354  19  763139  263  72917  0  67259  221661  553  205  57556331  2176  4288  3841  3841  45.346046917  
1441338833  0  488821  221661  0  0  0  1349  67259  0  9105652759  1459  0  449882  449882  0  0  72917  354  19  763139  263  72917  0  67259  221661  553  205  0  0  0  0  0  45.346046917  
1441338834  0  493461  223932  0  0  0  1400  70160  0  9211162740  1459  0  455055  455055  0  0  72917  354  20  766065  265  72917  0  70160  223932  554  205  105509981  2271  4640  5173  5173  45.3798780451  
1441338834  0  494773  223932  0  0  0  1436  73033  0  9264004562  1459  0  457928  457928  0  0  73033  354  20  766628  265  73033  0  73033  223932  554  205  52841822  0  1312  2873  2873  45.2595432653  
1441338835  0  499310  225840  0  0  0  1347  68422  0  9330942971  1459  0  460858  460858  0  0  74178  354  20  773104  266  74178  0  68422  225840  562  206  66938409  1908  4537  2930  2930  45.2304179768  
1441338835  0  505490  230174  0  0  0  1281  63882  0  9413329570  1459  0  464748  464748  0  0  74178  354  20  781049  267  74178  0  63882  230174  564  207  82386599  4334  6180  3890  3890  45.534827593  
1441338836  0  511309  235049  0  0  0  1258  63160  0  9502215195  1459  0  470186  470186  0  0  74178  354  21  786528  265  74178  0  63160  235049  566  208  88885625  4875  5819  5438  5438  45.9700494222  
1441338836  0  512363  235090  0  0  0  1285  64749  0  9536367066  1459  0  471817  471817  0  0  74178  354  22  791089  266  74178  0  64749  235090  567  208  34151871  41  1054  1631  1631  45.8834849511  
1441338837  0  512363  235090  0  0  0  1285  64749  0  9536367066  1459  0  471817  471817  0  0  74178  354  22  791089  266  74178  0  64749  235090  567  208  0  0  0  0  0  45.8834849511  
1441338837  0  514315  235090  0  0  0  1344  68467  0  9588386847  1459  0  475535  475535  0  0  74178  354  22  793703  266  74178  0  68467  235090  567  208  52019781  0  1952  3718  3718  45.7093415514  
1441338838  0  516505  235090  0  0  0  1391  71711  0  9658606593  1459  0  478779  478779  0  0  74178  354  22  796820  267  74178  0  71711  235090  569  208  70219746  0  2190  3244  3244  45.5155322795  
1441338838  0  519549  236882  0  0  0  1419  72788  0  9724504446  1459  0  481648  481648  0  0  74178  354  22  801620  267  74178  0  72788  236882  569  208  65897853  1792  3044  2869  2869  45.5937746007  
1441338839  0  521309  236882  0  0  0  1449  74791  0  9808358133  1478  0  485444  485444  0  0  76488  354  22  803443  266  76488  0  74791  236882  570  209  83853687  0  1760  3796  3796  45.4398446986  
1441338839  0  534429  249042  0  0  0  1347  67523  0  9929256555  1478  0  492830  492830  0  0  76488  354  22  815394  265  76488  0  67523  249042  578  211  120898422  12160  13120  7386  7386  46.5996418608  
1441338840  0  537437  249042  0  0  0  1332  66056  0  9953879487  1478  0  493667  493667  0  0  76488  354  22  818529  266  76488  0  66056  249042  579  212  24622932  0  3008  837  837  46.3388266904  
1441338840  0  537437  249042  0  0  0  1332  66056  0  9953879487  1478  0  493667  493667  0  0  76488  354  22  818529  266  76488  0  66056  249042  579  212  0  0  0  0  0  46.3388266904  
1441338841  0  545660  255889  0  0  0  1259  60253  0  10077324799  1478  0  498772  498772  0  0  76488  354  22  825167  263  76488  0  60253  255889  583  214  123445312  6847  8223  5105  5105  46.8953194297  
1441338841  0  545916  255889  0  0  0  1294  62377  0  10113357882  1478  0  500896  500896  0  0  76488  354  22  830704  263  76488  0  62377  255889  585  214  36033083  0  256  2124  2124  46.8733284974  
1441338842  0  552738  261783  0  0  0  1330  63554  0  10246590563  1478  0  507967  507967  0  0  76488  354  22  834561  263  76488  0  63554  261783  588  214  133232681  5894  6822  7071  7071  47.3611367411  
1441338842  0  558055  266140  0  0  0  1357  66481  0  10368784568  1478  0  515764  515764  0  0  76488  354  22  837188  263  76488  0  66481  266140  589  215  122194005  4357  5317  7797  7797  47.6906398115  
1441338843  0  563955  271452  0  0  0  1318  65122  0  10519936918  1478  0  522793  522793  0  0  76488  354  22  841670  260  76488  0  65122  271452  596  217  151152350  5312  5900  7029  7029  48.1336276831  
1441338843  0  564339  271452  0  0  0  1363  68389  0  10590879119  1478  0  526060  526060  0  0  76488  354  22  844429  262  76488  0  68389  271452  596  217  70942201  0  384  3267  3267  48.1008755376  
1441338844  0  564339  271452  0  0  0  1363  68389  0  10590879119  1478  0  526060  526060  0  0  76488  354  22  844429  262  76488  0  68389  271452  596  217  0  0  0  0  0  48.1008755376  
1441338844  0  568916  274716  0  0  0  1326  65533  0  10631105201  1478  0  527236  527236  0  0  76488  354  22  853069  264  76488  0  65533  274716  597  218  40226082  3264  4577  1176  1176  48.2876206681  
1441338845  0  572000  277088  0  0  0  1344  68027  0  10741028149  1478  0  532870  532870  0  0  76488  354  22  854309  262  76488  0  68027  277088  598  219  109922948  2372  3084  5634  5634  48.441958042  
1441338845  0  574816  277088  0  0  0  1365  69202  0  10767321689  1478  0  534045  534045  0  0  76488  354  22  859197  262  76488  0  69202  277088  598  219  26293540  0  2816  1175  1175  48.204642877  
1441338846  0  578177  277088  0  0  0  1409  72026  0  10808235273  1478  0  536869  536869  0  0  76488  354  22  859602  263  76488  0  72026  277088  598  219  40913584  0  3361  2824  2824  47.9244245274  
1441338846  0  581196  277088  0  0  0  1458  74348  0  10851726369  1478  0  539191  539191  0  0  76488  354  22  860881  264  76488  0  74348  277088  598  219  43491096  0  3019  2322  2322  47.6754829696  
1441338847  0  583147  277856  0  0  0  1145  55843  0  10942906164  1478  0  543330  543330  0  0  76488  354  22  865980  258  76488  0  55843  277856  611  226  91179795  768  1951  4139  4139  47.6476771723  
1441338847  0  583147  277856  0  0  0  1145  55843  0  10942906164  1478  0  543330  543330  0  0  76488  354  22  865980  258  76488  0  55843  277856  611  226  0  0  0  0  0  47.6476771723  
1441338848  0  587183  279908  0  0  0  1144  55718  0  11003607985  1478  0  546286  546286  0  0  76488  354  23  872665  259  76488  0  55718  279908  612  227  60701821  2052  4036  2956  2956  47.6696362122  
1441338848  0  589551  280932  0  0  0  1164  57074  0  11064525505  1478  0  548666  548666  0  0  76488  354  23  877782  258  76488  0  57074  280932  614  227  60917520  1024  2368  2380  2380  47.6518570912  
1441338849  0  590818  280951  0  0  0  1222  60331  0  11130541665  1478  0  551942  551942  0  0  76488  354  23  879463  261  76488  0  60331  280951  614  227  66016160  19  1267  3276  3276  47.5528843062  
1441338849  0  592322  280951  0  0  0  1240  61586  0  11151641889  1478  0  553197  553197  0  0  76488  354  23  882464  262  76488  0  61586  280951  614  227  21100224  0  1504  1255  1255  47.4321399509  
1441338850  0  595730  281975  0  0  0  1297  65546  0  11218034055  1478  0  558181  558181  0  0  76488  354  23  884319  261  76488  0  65546  281975  615  227  66392166  1024  3408  4984  4984  47.3326842697  
1441338850  0  597874  281975  0  0  0  1362  69376  0  11275099458  1478  0  562011  562011  0  0  76488  354  23  885296  263  76488  0  69376  281975  615  227  57065403  0  2144  3830  3830  47.1629473769  
1441338851  0  600446  281975  0  0  0  1382  69926  0  11290645012  1478  0  562561  562561  0  0  76488  354  23  889294  265  76488  0  69926  281975  615  227  15545554  0  2572  550  550  46.9609257119  
1441338851  0  600446  281975  0  0  0  1382  69926  0  11290645012  1478  0  562561  562561  0  0  76488  354  23  889294  265  76488  0  69926  281975  615  227  0  0  0  0  0  46.9609257119  
1441338852  0  602526  281975  0  0  0  1394  70574  0  11305545037  1478  0  563209  563209  0  0  76488  354  23  890980  265  76488  0  70574  281975  615  227  14900025  0  2080  648  648  46.7988103418  
1441338852  0  611226  288427  0  0  0  1237  60622  0  11414516696  1478  0  568368  568368  0  0  76488  354  23  899866  263  76488  0  60622  288427  623  231  108971659  6452  8700  5159  5159  47.188274059  
1441338853  0  612443  288427  0  0  0  1270  62529  0  11448944106  1478  0  570275  570275  0  0  76488  354  23  903908  263  76488  0  62529  288427  623  231  34427410  0  1217  1907  1907  47.0945051213  
1441338853  0  615679  289199  0  0  0  1251  61559  0  11498689230  1478  0  572096  572096  0  0  76488  354  23  909881  262  76488  0  61559  289199  626  232  49745124  772  3236  1821  1821  46.9723670939  
1441338854  0  618559  289199  0  0  0  1294  63907  0  11552847510  1478  0  574444  574444  0  0  76488  354  23  913098  264  76488  0  63907  289199  626  232  54158280  0  2880  2348  2348  46.7536645655  
1441338854  0  622953  292204  0  0  0  1203  59132  0  11613000526  1478  0  577799  577799  0  0  76488  354  24  917166  262  76488  0  59132  292204  629  234  60153016  3005  4394  3355  3355  46.906267407  
1441338855  0  622953  292204  0  0  0  1203  59132  0  11613000526  1478  0  577799  577799  0  0  76488  354  24  917166  262  76488  0  59132  292204  629  234  0  0  0  0  0  46.906267407  
1441338855  0  624041  292204  0  0  0  1186  58934  0  11668026419  1478  0  580509  580509  0  0  76488  354  24  920762  261  76488  0  58934  292204  631  235  55025893  0  1088  2710  2710  46.8244874936  
1441338856  0  630734  296556  0  0  0  1128  55613  0  11827966004  1478  0  589027  589027  0  0  76488  354  25  925569  259  76488  0  55613  296556  634  237  159939585  4352  6693  8518  8518  47.0176017148  
1441338856  0  631310  296556  0  0  0  1139  56246  0  11841728772  1478  0  589660  589660  0  0  76488  354  25  928137  259  76488  0  56246  296556  634  237  13762768  0  576  633  633  46.9747033945  
1441338857  0  633934  297580  0  0  0  1069  51745  0  11863544749  1478  0  591052  591052  0  0  76488  354  25  932361  257  76488  0  51745  297580  639  239  21815977  1024  2624  1392  1392  46.9417952027  
1441338857  0  635420  298620  0  0  0  1089  52548  0  11918925955  1478  0  593920  593920  0  0  76488  354  25  938798  258  76488  0  52548  298620  641  240  55381206  1040  1486  2868  2868  46.9956878915  
1441338858  0  638109  301181  0  0  0  1135  55267  0  12015604588  1478  0  599200  599200  0  0  76488  354  25  942388  258  76488  0  55267  301181  642  240  96678633  2561  2689  5280  5280  47.1989895143  
1441338858  0  638109  301181  0  0  0  1135  55267  0  12015604588  1478  0  599200  599200  0  0  76488  354  25  942388  258  76488  0  55267  301181  642  240  0  0  0  0  0  47.1989895143  
1441338859  0  646602  309629  0  0  0  1069  51720  0  12129327941  1478  0  604101  604101  0  0  76488  354  25  950908  257  76488  0  51720  309629  642  240  113723353  8448  8493  4901  4901  47.8855617521  
1441338859  0  650765  313180  0  0  0  1025  49182  0  12232814474  1478  0  608177  608177  0  0  76488  354  25  955638  255  76488  0  49182  313180  649  242  103486533  3551  4163  4076  4076  48.1248991571  
1441338860  0  652589  313180  0  0  0  1053  50755  0  12267240834  1478  0  609750  609750  0  0  76488  354  25  961040  258  76488  0  50755  313180  649  242  34426360  0  1824  1573  1573  47.9903890504  
1441338860  0  655629  313180  0  0  0  1094  53150  0  12310167659  1478  0  612145  612145  0  0  76488  354  25  964594  261  76488  0  53150  313180  649  242  42926825  0  3040  2395  2395  47.7678687184  
1441338861  0  657709  313180  0  0  0  1104  53383  0  12322362827  1478  0  612378  612378  0  0  76488  354  25  968906  261  76488  0  53383  313180  649  242  12195168  0  2080  233  233  47.6168031759  
1441338862  0  664562  317504  0  0  0  1074  51804  0  12387807052  1478  0  615123  615123  0  0  76488  354  25  974961  261  76488  0  51804  317504  651  242  65444225  4324  6853  2745  2745  47.7764301901  
1441338862  0  664562  317504  0  0  0  1074  51804  0  12387807052  1478  0  615123  615123  0  0  76488  354  25  974961  261  76488  0  51804  317504  651  242  0  0  0  0  0  47.7764301901  
1441338863  0  666007  317504  0  0  0  1029  48928  0  12398007214  1478  0  615319  615319  0  0  76488  354  25  977037  261  76488  0  48928  317504  653  243  10200162  0  1445  196  196  47.6727722081  
1441338863  0  672406  319808  0  0  0  997  45953  0  12523821864  1478  0  623110  623110  0  0  76488  354  25  981821  260  76488  0  45953  319808  661  245  125814650  2304  6399  7791  7791  47.561740972  
1441338864  0  672982  319808  0  0  0  1042  48579  0  12559539690  1478  0  625737  625737  0  0  76488  354  26  986008  261  76488  0  48579  319808  661  245  35717826  0  576  2627  2627  47.521033252  
1441338864  0  673463  319808  0  0  0  1082  51521  0  12611455317  1478  0  628679  628679  0  0  76488  354  26  988787  261  76488  0  51521  319808  661  245  51915627  0  481  2942  2942  47.4870928321  
1441338865  0  675813  321102  0  0  0  1111  53717  0  12683840968  1478  0  632170  632170  0  0  76488  354  27  993691  261  76488  0  53717  321102  666  245  72385651  1294  2350  3491  3491  47.5134393686  
1441338865  0  675941  321102  0  0  0  1142  56163  0  12731452695  1478  0  634616  634616  0  0  76488  354  27  996161  261  76488  0  56163  321102  666  245  47611727  0  128  2446  2446  47.5044419557  
1441338866  0  675941  321102  0  0  0  1142  56163  0  12731452695  1478  0  634616  634616  0  0  76488  354  27  996161  261  76488  0  56163  321102  666  245  0  0  0  0  0  47.5044419557  
1441338866  0  676773  321102  0  0  0  1208  60779  0  12828863520  1478  0  639234  639234  0  0  76488  354  29  997254  262  76488  0  60779  321102  666  245  97410825  0  832  4618  4618  47.4460417304  
1441338867  0  687562  331603  0  0  0  1159  56764  0  12973205966  1478  0  647725  647725  0  0  76488  354  29  1005086  261  76488  0  56764  331603  669  246  144342446  10501  10789  8491  8491  48.2288142742  
1441338867  0  688010  331603  0  0  0  1178  58139  0  12994573104  1478  0  649100  649100  0  0  76488  354  29  1006844  261  76488  0  58139  331603  669  246  21367138  0  448  1375  1375  48.1974099214  
1441338868  0  692216  333408  0  0  0  1162  56774  0  13020163802  1478  0  650052  650052  0  0  76488  354  29  1013054  261  76488  0  56774  333408  671  247  25590698  1805  4206  952  952  48.1653125614  
1441338868  0  698648  336992  0  0  0  1153  55184  0  13080920471  1478  0  652046  652046  0  0  76488  354  29  1017420  264  76488  0  55184  336992  671  247  60756669  3584  6432  1994  1994  48.2348765043  
1441338869  0  706897  339830  0  0  0  1112  52408  0  13133207823  1478  0  653844  653844  0  0  76488  354  31  1028598  262  76488  0  52408  339830  675  249  52287352  2838  8249  1798  1798  48.0734817095  
1441338869  0  706897  339830  0  0  0  1112  52408  0  13133207823  1478  0  653844  653844  0  0  76488  354  31  1028598  262  76488  0  52408  339830  675  249  0  0  0  0  0  48.0734817095  
1441338870  0  710980  341115  0  0  0  1073  49357  0  13180565664  1478  0  655151  655151  0  0  76488  354  31  1033870  262  76488  0  49357  341115  676  250  47357841  1285  4083  1307  1307  47.9781428451  
1441338870  0  713233  341115  0  0  0  1110  51857  0  13219828507  1478  0  657651  657651  0  0  76488  354  31  1036382  262  76488  0  51857  341115  681  250  39262843  0  2253  2500  2500  47.8265868237  
1441338871  0  716277  341115  0  0  0  1181  56684  0  13301458461  1478  0  663471  663471  0  0  76488  354  31  1037426  263  76488  0  56684  341115  685  251  81629954  0  3044  5820  5820  47.6233356648  
1441338871  0  722845  345723  0  0  0  1170  55694  0  13405818602  1478  0  667091  667091  0  0  76488  354  33  1044493  264  76488  0  55694  345723  685  251  104360141  4608  6568  3620  3620  47.8280959265  
1441338872  0  723869  345723  0  0  0  1215  58645  0  13463664059  1478  0  670042  670042  0  0  76488  354  33  1045803  264  76488  0  58645  345723  685  251  57845457  0  1024  2951  2951  47.7604373167  
1441338872  0  726045  345723  0  0  0  1288  63538  0  13540655928  1478  0  674935  674935  0  0  76488  354  33  1045978  265  76488  0  63538  345723  686  251  76991869  0  2176  4893  4893  47.6172964486  
1441338873  0  726045  345723  0  0  0  1288  63538  0  13540655928  1478  0  674935  674935  0  0  76488  354  33  1045978  265  76488  0  63538  345723  686  251  0  0  0  0  0  47.6172964486  
1441338873  0  733249  351149  0  0  0  1317  66146  0  13705361181  1478  0  682969  682969  0  0  76488  354  33  1049938  265  76488  0  66146  351149  688  251  164705253  5426  7204  8034  8034  47.8894618336  
1441338874  0  733377  351149  0  0  0  1350  68468  0  13757164913  1478  0  685291  685291  0  0  76488  354  33  1052405  265  76488  0  68468  351149  688  251  51803732  0  128  2322  2322  47.8811034434  
1441338874  0  737346  353966  0  0  0  1314  66366  0  13813407771  1478  0  688313  688313  0  0  76488  354  33  1055365  265  76488  0  66366  353966  690  252  56242858  2817  3969  3022  3022  48.0054140119  
1441338875  0  744546  359168  0  0  0  1220  60248  0  13909767145  1478  0  693387  693387  0  0  76488  354  34  1063825  263  76488  0  60248  359168  696  254  96359374  5202  7200  5074  5074  48.2398669793  
1441338875  0  745890  359168  0  0  0  1284  64238  0  13969300903  1478  0  697377  697377  0  0  76488  354  34  1065416  264  76488  0  64238  359168  697  254  59533758  0  1344  3990  3990  48.1529448042  
1441338876  0  748482  359168  0  0  0  1291  64538  0  14009139038  1478  0  699444  699444  0  0  76488  354  34  1069974  264  76488  0  64538  359168  699  255  39838135  0  2592  2067  2067  47.9861907167  
1441338876  0  748482  359168  0  0  0  1291  64538  0  14009139038  1478  0  699444  699444  0  0  76488  354  34  1069974  264  76488  0  64538  359168  699  255  0  0  0  0  0  47.9861907167  
1441338877  0  749699  359168  0  0  0  1307  66021  0  14048930101  1478  0  701134  701134  0  0  76488  354  35  1074447  263  76488  0  66021  359168  701  256  39791063  0  1217  1690  1690  47.9082938619  
1441338877  0  751527  359680  0  0  0  1357  69069  0  14136650380  1478  0  705974  705974  0  0  76488  354  35  1077513  263  76488  0  69069  359680  703  257  87720279  512  1828  4840  4840  47.8598905961  
1441338878  0  757483  363971  0  0  0  1296  65996  0  14242244154  1478  0  709712  709712  0  0  76488  354  37  1084860  260  76488  0  65996  363971  708  259  105593774  4291  5956  3738  3738  48.0500552488  
1441338878  0  760662  366026  0  0  0  1313  66816  0  14310519813  1478  0  712587  712587  0  0  76488  354  37  1088791  262  76488  0  66816  366026  708  259  68275659  2055  3179  2875  2875  48.1194012584  
1441338879  0  768385  371689  0  0  0  1262  63041  0  14426588453  1478  0  718574  718574  0  0  76488  354  37  1093781  261  76488  0  63041  371689  710  260  116068640  5663  7723  5987  5987  48.3727558451  
1441338879  0  774883  376042  0  0  0  1221  60049  0  14505104824  1478  0  720960  720960  0  0  76488  354  38  1098978  261  76488  0  60049  376042  711  261  78516371  4353  6498  2386  2386  48.5288746817  
1441338880  0  774883  376042  0  0  0  1221  60049  0  14505104824  1478  0  720960  720960  0  0  76488  354  38  1098978  261  76488  0  60049  376042  711  261  0  0  0  0  0  48.5288746817  
1441338880  0  782194  380686  0  0  0  1177  56769  0  14563940981  1478  0  723610  723610  0  0  76488  354  40  1108508  261  76488  0  56769  380686  714  262  58836157  4644  7311  2650  2650  48.6690002736  
1441338881  0  784530  380686  0  0  0  1208  58342  0  14594487089  1478  0  725183  725183  0  0  76488  354  40  1111318  262  76488  0  58342  380686  714  262  30546108  0  2336  1573  1573  48.5240844837  
1441338881  0  786555  380686  0  0  0  1211  58498  0  14600503008  1478  0  725339  725339  0  0  76488  354  40  1113339  262  76488  0  58498  380686  714  262  6015919  0  2025  156  156  48.3991583551  
1441338882  0  793174  385065  0  0  0  1119  52743  0  14745815456  1478  0  734982  734982  0  0  76488  354  42  1120216  260  76488  0  52743  385065  724  266  145312448  4379  6619  9643  9643  48.5473553092  
1441338882  0  794454  385065  0  0  0  1196  58533  0  14867792965  1478  0  740772  740772  0  0  76488  354  42  1121374  261  76488  0  58533  385065  724  266  121977509  0  1280  5790  5790  48.4691372943  
1441338883  0  798647  386857  0  0  0  1240  61633  0  14959122988  1478  0  745664  745664  0  0  76488  354  42  1123429  262  76488  0  61633  386857  726  266  91330023  1792  4193  4892  4892  48.4390475392  
1441338883  0  798647  386857  0  0  0  1240  61633  0  14959122988  1478  0  745664  745664  0  0  76488  354  42  1123429  262  76488  0  61633  386857  726  266  0  0  0  0  0  48.4390475392  
1441338884  0  800727  386857  0  0  0  1281  64289  0  15010767834  1478  0  748573  748573  0  0  76488  354  42  1125938  262  76488  0  64289  386857  727  267  51644846  0  2080  2909  2909  48.313220361  
1441338886  0  815156  392292  0  0  0  1341  63704  0  15216665350  1478  0  760276  760276  0  0  76488  354  43  1133889  262  76488  0  63704  392292  730  269  205897516  5435  14429  11703  11703  48.1247761165  
1441338886  0  817492  392292  0  0  0  1337  64289  0  15262480454  1478  0  762910  762910  0  0  76488  354  43  1135764  262  76488  0  64289  392292  731  270  45815104  0  2336  2634  2634  47.9872585909  
1441338887  0  819797  392292  0  0  0  1336  63805  0  15297264121  1478  0  764475  764475  0  0  76488  354  43  1138144  261  76488  0  63805  392292  732  271  34783667  0  2305  1565  1565  47.8523341754  
1441338887  0  821409  392292  0  0  0  1361  65166  0  15324097544  1478  0  765836  765836  0  0  76488  354  43  1141840  261  76488  0  65166  392292  732  271  26833423  0  1612  1361  1361  47.7584248529  
1441338888  0  827813  396916  0  0  0  1330  64185  0  15408344351  1478  0  770768  770768  0  0  76488  354  43  1147607  259  76488  0  64185  396916  737  272  84246807  4624  6404  4932  4932  47.9475437085  
1441338888  0  828844  396916  0  0  0  1358  66006  0  15452803115  1478  0  772589  772589  0  0  76488  354  43  1151717  260  76488  0  66006  396916  740  272  44458764  0  1031  1821  1821  47.8879017041  
1441338889  0  828844  396916  0  0  0  1358  66006  0  15452803115  1478  0  772589  772589  0  0  76488  354  43  1151717  260  76488  0  66006  396916  740  272  0  0  0  0  0  47.8879017041  
1441338889  0  835433  401016  0  0  0  1393  69648  0  15590261023  1478  0  780332  780332  0  0  76488  354  44  1153569  264  76488  0  69648  401016  741  272  137457908  4100  6589  7743  7743  48.000976739  
1441338890  0  839492  401811  0  0  0  1449  74107  0  15698983514  1478  0  785586  785586  0  0  76488  354  44  1155630  265  76488  0  74107  401811  742  272  108722491  795  4059  5254  5254  47.8635889324  
1441338890  0  851639  411749  0  0  0  1347  67786  0  15861456318  1478  0  794582  794582  0  0  76488  354  45  1162157  263  76488  0  67786  411749  744  274  162472804  9938  12147  8996  8996  48.3478328259  
1441338891  0  853516  411749  0  0  0  1366  68940  0  15881805387  1478  0  795736  795736  0  0  76488  354  45  1162895  263  76488  0  68940  411749  744  274  20349069  0  1877  1154  1154  48.2415092394  
1441338891  0  855692  411749  0  0  0  1394  69714  0  15928846342  1478  0  797781  797781  0  0  76488  354  45  1166735  262  76488  0  69714  411749  746  275  47040955  0  2176  2045  2045  48.1188324771  
1441338892  0  860012  414053  0  0  0  1425  72007  0  15999115725  1478  0  803146  803146  0  0  76488  354  45  1168996  261  76488  0  72007  414053  749  276  70269383  2304  4320  5365  5365  48.1450258834  
1441338892  0  861165  414053  0  0  0  1421  71883  0  16032908295  1478  0  804814  804814  0  0  76488  354  45  1170689  260  76488  0  71883  414053  750  277  33792570  0  1153  1668  1668  48.0805652808  
1441338893  0  861165  414053  0  0  0  1421  71883  0  16032908295  1478  0  804814  804814  0  0  76488  354  45  1170689  260  76488  0  71883  414053  750  277  0  0  0  0  0  48.0805652808  
1441338893  0  862061  414053  0  0  0  1439  73180  0  16061139309  1478  0  806111  806111  0  0  76488  354  45  1173000  261  76488  0  73180  414053  751  277  28231014  0  896  1297  1297  48.0305918027  
1441338894  0  876790  425577  0  0  0  1567  76043  0  16241401022  1567  0  820498  820498  0  0  76488  354  45  1176294  263  76488  0  76043  425577  751  277  180261713  11524  14729  14387  14387  48.5380763923  
1441338894  0  881892  427856  0  0  0  1574  77525  0  16329340312  1583  0  824259  824259  0  0  77525  354  45  1180734  264  77525  0  77525  427856  755  277  87939290  2279  5102  3761  3761  48.5156912638  
1441338895  0  885356  428632  0  0  0  1437  69424  0  16391023200  1583  0  825990  825990  0  0  77563  354  45  1185257  262  77563  0  69424  428632  760  279  61682888  776  3464  1731  1731  48.4135195334  
1441338895  0  888302  428632  0  0  0  1474  72448  0  16449081561  1583  0  829014  829014  0  0  77563  354  45  1187670  263  77563  0  72448  428632  761  279  58058361  0  2946  3024  3024  48.2529590162  
1441338896  0  889697  428632  0  0  0  1447  71696  0  16504407646  1583  0  831082  831082  0  0  77563  354  46  1190644  263  77563  0  71696  428632  763  280  55326085  0  1395  2068  2068  48.1773008114  
1441338896  0  889697  428632  0  0  0  1447  71696  0  16504407646  1583  0  831082  831082  0  0  77563  354  46  1190644  263  77563  0  71696  428632  763  280  0  0  0  0  0  48.1773008114  
1441338897  0  891301  428632  0  0  0  1422  72083  0  16571923384  1583  0  835570  835570  0  0  77563  354  47  1194274  262  77563  0  72083  428632  765  281  67515738  0  1604  4488  4488  48.0906001452  
1441338897  0  891877  428632  0  0  0  1406  72187  0  16630486759  1583  0  839541  839541  0  0  77563  354  47  1197486  260  77563  0  72187  428632  768  283  58563375  0  576  3971  3971  48.0595418427  
1441338898  0  900375  436522  0  0  0  1430  74143  0  16770301899  1583  0  849387  849387  0  0  77563  354  47  1202921  261  77563  0  74143  436522  770  283  139815140  7890  8498  9846  9846  48.4822435096  
1441338898  0  901914  437802  0  0  0  1485  77594  0  16876561523  1583  0  854118  854118  0  0  78321  354  47  1207437  261  78321  0  77594  437802  770  283  106259624  1280  1539  4731  4731  48.5414352144  
1441338899  0  903066  438826  0  0  0  1518  80031  0  16956782520  1583  0  857579  857579  0  0  80031  354  47  1210911  261  80031  0  80031  438826  771  283  80220997  1024  1152  3461  3461  48.5929046161  
1441338899  0  907197  442411  0  0  0  1460  76320  0  17021956393  1583  0  859511  859511  0  0  80536  354  47  1217738  260  80536  0  76320  442411  775  284  65173873  3585  4131  1932  1932  48.7668058867  
1441338900  0  907197  442411  0  0  0  1460  76320  0  17021956393  1583  0  859511  859511  0  0  80536  354  47  1217738  260  80536  0  76320  442411  775  284  0  0  0  0  0  48.7668058867  
1441338900  0  907837  442411  0  0  0  1475  77189  0  17039290026  1583  0  860380  860380  0  0  80536  354  47  1222243  262  80536  0  77189  442411  775  284  17333633  0  640  869  869  48.7324266361  
1441338901  0  908590  442492  0  0  0  1474  77139  0  17043902567  1583  0  860411  860411  0  0  80536  354  47  1224958  261  80536  0  77139  442492  775  284  4612541  81  753  31  31  48.7009542258  
1441338901  0  909753  442503  0  0  0  1473  77128  0  17046835583  1583  0  860411  860411  0  0  80536  354  47  1226216  260  80536  0  77128  442503  775  284  2933016  11  1163  0  0  48.6399055568  
1441338902  0  909977  442503  0  0  0  1473  77128  0  17047118802  1583  0  860411  860411  0  0  80536  354  47  1226216  260  80536  0  77128  442503  775  284  283219  0  224  0  0  48.6279323543  
