#type:G;
#time  Rt  Nm  Tt  Nc  Rx  Gz  Pc  Pf  Ra  Te  Pm  Fp  Fc  Ta  Fm  Om  Lm  Oc  Sm  Sc  Em  Af  Ea  Cf  Ec  Gd  Zt  Et  Ep  dedup_put_diff  total_eph_put_diff  dedup_factor  dedup_curr  compression_saving  tze_saving  
1441338721  0  0  4979  0  0  0  0  0  0  4905  0  0  0  0  0  0  0  0  0  0  0  0  0  0  0  0  0  0  0  0  0  0 0 0 0 
1441338722  0  0  4981  0  0  0  0  0  0  4905  0  0  0  0  0  0  0  0  0  0  0  0  0  0  0  0  0  0  0  0  0  0 0 0 0 
1441338722  0  0  4981  0  0  0  0  0  0  4905  0  0  0  0  0  0  0  0  0  0  0  0  0  0  0  0  0  0  0  0  0  0 0 0 0 
1441338723  0  0  4982  0  0  0  0  0  0  4905  0  0  0  0  0  0  0  0  0  0  0  0  0  0  0  0  0  0  0  0  0  0 0 0 0 
1441338723  0  0  4983  0  0  0  0  0  0  4905  0  0  0  0  0  0  0  0  0  0  0  0  0  0  0  0  0  0  0  0  0  0 0 0 0 
1441338724  0  0  4984  0  0  0  0  0  0  4905  0  0  0  0  0  0  0  0  0  0  0  0  0  0  0  0  0  0  0  0  0  0 0 0 0 
1441338724  0  0  4985  0  0  0  0  0  0  4905  0  0  0  0  0  0  0  0  0  0  0  0  0  0  0  0  0  0  0  0  0  0 0 0 0 
1441338725  0  0  4986  0  0  0  0  0  0  4905  0  0  0  0  0  0  0  0  0  0  0  0  0  0  0  0  0  0  0  0  0  0 0 0 0 
1441338725  0  0  4987  0  0  0  0  0  0  4905  0  0  0  0  0  0  0  0  0  0  0  0  0  0  0  0  0  0  0  0  0  0 0 0 0 
1441338726  0  0  4988  0  0  0  0  0  0  4905  0  0  0  0  0  0  0  0  0  0  0  0  0  0  0  0  0  0  0  0  0  0 0 0 0 
1441338726  0  0  4988  0  0  0  0  0  0  4905  0  0  0  0  0  0  0  0  0  0  0  0  0  0  0  0  0  0  0  0  0  0 0 0 0 
1441338727  0  0  4989  0  0  0  0  0  0  4905  0  0  0  0  0  0  0  0  0  0  0  0  0  0  0  0  0  0  0  0  0  0 0 0 0 
1441338727  0  0  4990  0  0  0  0  0  0  4905  0  0  0  0  0  0  0  0  0  0  0  0  0  0  0  0  0  0  0  0  0  0 0 0 0 
1441338728  0  0  4991  0  0  0  0  0  0  4905  0  0  0  0  0  0  0  0  0  0  0  0  0  0  0  0  0  0  0  0  0  0 0 0 0 
1441338728  0  0  4992  0  0  0  0  0  0  4905  0  0  0  0  0  0  0  0  0  0  0  0  0  0  0  0  0  0  0  0  0  0 0 0 0 
1441338729  0  0  4993  0  0  0  0  0  0  4905  0  0  0  0  0  0  0  0  0  0  0  0  0  0  0  0  0  0  0  0  0  0 0 0 0 
1441338729  0  0  4994  0  0  0  0  0  0  4905  0  0  0  0  0  0  0  0  0  0  0  0  0  0  0  0  0  0  0  0  0  0 0 0 0 
1441338730  0  0  4995  0  0  0  0  0  0  4905  0  0  0  0  0  0  0  0  0  0  0  0  0  0  0  0  0  0  0  0  0  0 0 0 0 
1441338730  0  0  4995  0  0  0  0  0  0  4905  0  0  0  0  0  0  0  0  0  0  0  0  0  0  0  0  0  0  0  0  0  0 0 0 0 
1441338731  0  0  4996  0  0  0  0  0  0  4905  0  0  0  0  0  0  0  0  0  0  0  0  0  0  0  0  0  0  0  0  0  0 0 0 0 
1441338731  0  0  4997  0  0  0  0  0  0  4905  0  0  0  0  0  0  0  0  0  0  0  0  0  0  0  0  0  0  0  0  0  0 0 0 0 
1441338732  0  234  8946  199  0  0  2859  0  0  5018  3430  0  2857  592  3428  354  0  223  3428  2857  3430  0  0  0  2859  2  0  0  3430  2  3430  0.0583090379009  0.0699545295558  100.0  100.0  
1441338732  0  234  9253  183  0  0  2656  0  0  5018  3430  0  2654  801  3428  354  0  192  3428  2654  3430  0  0  0  2656  2  0  0  3430  0  0  0.0583090379009  0.0753012048193  100.0  100.0  
1441338733  0  234  9372  179  0  0  2617  0  0  5018  3430  0  2615  842  3428  354  0  190  3428  2615  3430  0  0  0  2617  2  0  0  3430  0  0  0.0583090379009  0.076423385556  100.0  100.0  
1441338733  0  234  9373  179  0  0  2617  0  0  5018  3430  0  2615  842  3428  354  0  190  3428  2615  3430  0  0  0  2617  2  0  0  3430  0  0  0.0583090379009  0.076423385556  100.0  100.0  
1441338734  0  234  9373  179  0  0  2617  0  0  5018  3430  0  2615  842  3428  354  0  190  3428  2615  3430  0  0  0  2617  2  0  0  3430  0  0  0.0583090379009  0.076423385556  100.0  100.0  
1441338734  0  234  9374  179  0  0  2617  0  0  5018  3430  0  2615  842  3428  354  0  190  3428  2615  3430  0  0  0  2617  2  0  0  3430  0  0  0.0583090379009  0.076423385556  100.0  100.0  
1441338735  0  234  9375  179  0  0  2617  0  0  5018  3430  0  2615  842  3428  354  0  190  3428  2615  3430  0  0  0  2617  2  0  0  3430  0  0  0.0583090379009  0.076423385556  100.0  100.0  
1441338735  0  234  9376  179  0  0  2617  0  0  5018  3430  0  2615  842  3428  354  0  190  3428  2615  3430  0  0  0  2617  2  0  0  3430  0  0  0.0583090379009  0.076423385556  100.0  100.0  
1441338736  0  234  9377  179  0  0  2617  0  0  5018  3430  0  2615  842  3428  354  0  190  3428  2615  3430  0  0  0  2617  2  0  0  3430  0  0  0.0583090379009  0.076423385556  100.0  100.0  
1441338736  0  234  9378  179  0  0  2617  0  0  5018  3430  0  2615  842  3428  354  0  190  3428  2615  3430  0  0  0  2617  2  0  0  3430  0  0  0.0583090379009  0.076423385556  100.0  100.0  
1441338737  0  234  9379  179  0  0  2617  0  0  5018  3430  0  2615  842  3428  354  0  190  3428  2615  3430  0  0  0  2617  2  0  0  3430  0  0  0.0583090379009  0.076423385556  100.0  100.0  
1441338737  0  234  9379  179  0  0  2617  0  0  5018  3430  0  2615  842  3428  354  0  190  3428  2615  3430  0  0  0  2617  2  0  0  3430  0  0  0.0583090379009  0.076423385556  100.0  100.0  
1441338738  0  234  9380  179  0  0  2617  0  0  5018  3430  0  2615  842  3428  354  0  190  3428  2615  3430  0  0  0  2617  2  0  0  3430  0  0  0.0583090379009  0.076423385556  100.0  100.0  
1441338738  0  234  11905  209  0  0  3027  0  0  5018  3430  0  3025  430  3428  354  0  227  3428  3025  3430  0  0  0  3027  2  0  0  3840  0  410  0.0520833333333  0.0660720185002  100.0  100.0  
1441338739  0  234  21185  209  0  0  3027  0  0  5018  3430  0  3025  430  3428  354  0  227  3428  3025  3430  0  0  0  3027  2  0  0  3840  0  0  0.0520833333333  0.0660720185002  100.0  100.0  
1441338739  0  234  30631  209  0  0  3027  0  0  5018  3430  0  3025  430  3428  354  0  227  3428  3025  3430  0  0  0  3027  2  0  0  3840  0  0  0.0520833333333  0.0660720185002  100.0  100.0  
1441338740  0  234  36095  209  0  0  3027  0  0  5018  3430  0  3025  430  3428  354  0  227  3428  3025  3430  0  0  0  3027  2  0  0  3840  0  0  0.0520833333333  0.0660720185002  100.0  100.0  
1441338740  0  234  36095  209  0  0  3027  0  0  5018  3430  0  3025  430  3428  354  0  227  3428  3025  3430  0  0  0  3027  2  0  0  3840  0  0  0.0520833333333  0.0660720185002  100.0  100.0  
1441338741  0  234  47746  209  0  0  3027  0  0  5018  3430  0  3025  430  3428  354  0  227  3428  3025  3430  0  0  0  3027  2  0  0  3840  0  0  0.0520833333333  0.0660720185002  100.0  100.0  
1441338741  0  234  58280  209  0  0  3027  0  0  5018  3430  0  3025  430  3428  354  0  227  3428  3025  3430  0  0  0  3027  2  0  0  3840  0  0  0.0520833333333  0.0660720185002  100.0  100.0  
1441338742  0  234  63634  209  0  0  3027  0  0  5018  3430  0  3025  430  3428  354  0  227  3428  3025  3430  0  0  0  3027  2  0  0  3840  0  0  0.0520833333333  0.0660720185002  100.0  100.0  
1441338742  0  234  71866  209  0  0  3027  0  0  5018  3430  0  3025  430  3428  354  0  227  3428  3025  3430  0  0  0  3027  2  0  0  3840  0  0  0.0520833333333  0.0660720185002  100.0  100.0  
1441338743  0  234  79036  209  0  0  3027  0  0  5018  3430  0  3025  430  3428  354  0  227  3428  3025  3430  0  0  0  3027  2  0  0  3840  0  0  0.0520833333333  0.0660720185002  100.0  100.0  
1441338744  0  234  79036  209  0  0  3027  0  0  5018  3430  0  3025  430  3428  354  0  227  3428  3025  3430  0  0  0  3027  2  0  0  3840  0  0  0.0520833333333  0.0660720185002  100.0  100.0  
1441338744  0  234  106850  208  0  0  3697  0  0  5018  3697  0  3695  0  3695  354  0  224  3695  3695  3697  0  0  0  3697  2  0  0  4592  0  752  0.0435540069686  0.0540979172302  100.0  100.0  
1441338745  0  234  107097  208  0  0  3697  0  0  5018  3697  0  3695  0  3695  354  0  224  3695  3695  3697  0  0  0  3697  2  0  0  4592  0  0  0.0435540069686  0.0540979172302  100.0  100.0  
1441338745  0  235  134967  235  0  0  4353  0  0  5018  4353  0  4351  0  4351  354  0  226  4351  4351  4353  0  0  0  4353  2  0  0  5264  0  672  0.0379939209726  0.0459453250632  100.0  100.0  
1441338746  0  240  142823  240  0  0  4425  0  0  5018  4425  0  4423  0  4423  354  0  227  4423  4423  4425  0  0  0  4425  2  0  0  5336  0  72  0.0374812593703  0.045197740113  100.0  100.0  
1441338746  0  252  151437  252  0  0  4651  0  0  5018  4651  0  4649  0  4649  354  0  229  4649  4649  4651  0  0  0  4651  2  0  0  5562  0  226  0.0359582883855  0.0430015050527  100.0  100.0  
1441338747  0  257  157602  257  0  0  4701  0  0  5018  4701  0  4699  0  4699  354  0  230  4699  4699  4701  0  0  0  4701  2  0  0  5612  0  50  0.0356379187455  0.0425441395448  100.0  100.0  
1441338747  0  257  157602  257  0  0  4701  0  0  5018  4701  0  4699  0  4699  354  0  230  4699  4699  4701  0  0  0  4701  2  0  0  5612  0  0  0.0356379187455  0.0425441395448  100.0  100.0  
1441338748  0  267  164884  267  0  0  4878  0  0  5018  4878  0  4876  0  4876  354  0  231  4876  4876  4878  0  0  0  4878  2  0  0  5789  0  177  0.034548281223  0.0410004100041  100.0  100.0  
1441338748  0  271  173046  271  0  0  4975  0  0  5018  4975  0  4973  0  4973  354  0  232  4973  4973  4975  0  0  0  4975  2  0  0  5886  0  97  0.0339789330615  0.0402010050251  100.0  100.0  
1441338749  0  278  181368  278  0  0  5136  0  0  5018  5136  0  5134  0  5134  354  0  233  5134  5134  5136  0  0  0  5136  2  0  0  6047  0  161  0.0330742516951  0.0389408099688  100.0  100.0  
1441338749  0  283  188412  283  0  0  5292  0  0  5018  5292  0  5290  0  5290  354  0  236  5290  5290  5292  0  0  0  5292  2  0  0  6203  0  156  0.0322424633242  0.0377928949358  100.0  100.0  
1441338750  0  333  195567  333  0  0  8109  0  0  5018  8109  0  7993  0  7993  354  0  239  7993  7993  8109  0  0  0  8109  116  0  0  9020  114  2817  1.28603104213  1.43050931064  100.0  100.0  
1441338750  0  371  202878  371  0  0  9899  0  0  5018  9899  0  9767  0  9767  354  0  241  9767  9767  9899  0  0  0  9899  132  0  0  10810  16  1790  1.22109158187  1.33346802707  100.0  100.0  
1441338751  0  371  202878  371  0  0  9899  0  0  5018  9899  0  9767  0  9767  354  0  241  9767  9767  9899  0  0  0  9899  132  0  0  10810  0  0  1.22109158187  1.33346802707  100.0  100.0  
1441338751  0  401  210853  401  0  0  11081  0  0  5018  11081  0  10945  0  10945  354  0  242  10945  10945  11081  0  0  0  11081  136  0  0  11993  4  1183  1.13399483032  1.22732605361  100.0  100.0  
1441338752  0  425  218392  425  0  0  12621  0  0  5018  12621  0  12476  0  12476  354  0  244  12476  12476  12621  0  0  0  12621  145  0  0  13533  9  1540  1.07145496194  1.14887885271  100.0  100.0  
1441338752  0  487  225377  487  0  0  16146  0  0  5018  16146  0  15883  0  15883  354  0  245  15883  15883  16146  0  0  0  16146  263  0  0  17058  118  3525  1.54179856959  1.6288864115  100.0  100.0  
1441338753  0  524  232118  524  0  0  18723  0  0  5018  18723  0  18274  0  18274  354  0  244  18274  18274  18723  0  0  0  18723  449  0  0  20603  186  3545  2.17929427753  2.39811995941  100.0  100.0  
1441338753  0  550  240701  550  0  0  20265  0  0  5018  20265  0  19653  1  19654  354  0  244  19653  19653  20265  0  0  0  20265  612  0  0  22773  163  2170  2.68739296535  3.01998519615  100.0  100.0  
1441338754  0  591  247903  591  0  0  22053  0  0  5018  22053  0  21216  0  21216  354  0  245  21216  21216  22053  0  0  0  22053  837  0  0  24561  225  1788  3.40784170026  3.79540198612  100.0  100.0  
1441338754  0  591  247903  591  0  0  22053  0  0  5018  22053  0  21216  0  21216  354  0  245  21216  21216  22053  0  0  0  22053  837  0  0  24561  0  0  3.40784170026  3.79540198612  100.0  100.0  
1441338756  0  651  254644  651  0  0  24958  0  0  5018  24958  0  23703  0  23703  354  0  247  23703  23703  24958  0  0  0  24958  1255  0  0  27466  418  2905  4.56928566227  5.02844779229  100.0  100.0  
1441338757  0  717  288532  717  0  0  28249  0  0  5018  28249  0  26545  112  26661  354  0  249  26661  26545  28249  0  0  0  28249  1869  0  0  34430  614  6964  5.42840546035  6.03207193175  100.0  100.0  
1441338757  0  739  294589  739  0  0  29392  0  0  5018  29392  0  27571  0  27571  354  0  251  27571  27571  29392  0  0  0  29392  1986  0  0  35836  117  1406  5.54191315995  6.19556341862  100.0  100.0  
1441338758  0  739  294589  739  0  0  29392  0  0  5018  29392  0  27571  0  27571  354  0  251  27571  27571  29392  0  0  0  29392  1986  0  0  35836  0  0  5.54191315995  6.19556341862  100.0  100.0  
1441338758  0  768  303103  768  0  0  30735  0  0  5018  30735  0  28363  1  28364  354  0  252  28363  28363  30735  0  0  0  30735  2537  0  0  37179  551  1343  6.823744587  7.71758581422  100.0  100.0  
1441338759  0  813  311014  813  0  0  32555  0  0  5018  32555  0  28729  0  28729  354  0  253  28729  28729  32555  0  0  0  32555  3991  0  0  38999  1454  1820  10.2335957332  11.7524189833  100.0  100.0  
1441338759  0  821  319166  821  0  0  33085  0  0  5018  33085  0  27020  1732  28730  354  0  251  28729  27020  33085  0  0  0  33085  6230  0  0  41651  2239  2652  14.9576240666  18.331570198  100.0  100.0  
1441338760  0  864  326626  864  0  0  35969  0  0  5018  35969  0  28441  197  28730  354  0  252  28729  28441  35969  0  0  0  35969  7693  0  0  44559  1463  2908  17.2647501066  20.9291334204  100.0  100.0  
1441338760  0  889  339982  880  0  0  36618  0  0  5018  37524  0  27185  1931  29055  354  0  254  29054  27185  37524  0  0  0  36618  9598  0  0  47685  1905  3126  20.1279228269  25.7605549183  100.0  100.0  
1441338761  0  918  347703  918  0  0  38772  0  0  5018  38772  0  27816  1224  29055  354  0  255  29054  27816  38772  0  0  0  38772  11121  0  0  49839  1523  2154  22.3138505989  28.2575054163  100.0  100.0  
1441338761  0  918  347703  918  0  0  38772  0  0  5018  38772  0  27816  1224  29055  354  0  255  29054  27816  38772  0  0  0  38772  11121  0  0  49839  0  0  22.3138505989  28.2575054163  100.0  100.0  
1441338762  0  935  355826  926  0  0  39459  0  0  5018  39901  0  27081  1949  29055  354  0  253  29054  27081  39901  0  0  0  39459  12678  0  0  52091  1557  2252  24.3381774203  31.3692693682  100.0  100.0  
1441338762  0  935  369489  820  0  0  34240  0  0  5018  39935  0  27151  1931  29055  354  0  249  29054  27151  39935  0  0  0  34240  13704  0  0  54359  1026  2268  25.2101767877  20.7038551402  100.0  100.0  
1441338763  0  935  377955  821  0  0  34436  0  0  5018  39935  0  26645  2490  29055  354  0  251  29054  26645  39935  0  0  0  34436  14406  0  0  55792  702  1433  25.8209062231  22.624578929  100.0  100.0  
1441338763  0  935  385438  859  0  0  36383  0  0  5018  39935  0  27422  1699  29055  354  0  254  29054  27422  39935  0  0  0  36383  15576  0  0  57741  1170  1949  26.9756325661  24.6296347195  100.0  100.0  
1441338764  0  935  391346  890  0  0  38400  0  0  5018  39935  0  28720  315  29055  354  0  254  29054  28720  39935  0  0  0  38400  16295  0  0  59758  719  2017  27.2683155393  25.2083333333  100.0  100.0  
1441338764  0  935  400337  905  0  0  39361  0  0  5018  40206  0  28355  1604  29915  354  0  255  29915  28355  40206  0  0  0  39361  17876  0  0  63018  1581  3260  28.3664984608  27.9616879652  100.0  100.0  
1441338765  0  935  400337  905  0  0  39361  0  0  5018  40206  0  28355  1604  29915  354  0  255  29915  28355  40206  0  0  0  39361  17876  0  0  63018  0  0  28.3664984608  27.9616879652  100.0  100.0  
1441338765  0  984  410293  972  0  0  43210  0  0  5018  43904  0  29362  462  29915  354  0  257  29915  29362  43904  0  0  0  43210  21998  0  0  68147  4122  5129  32.2802177645  32.0481370053  100.0  100.0  
1441338766  0  1050  418830  1050  0  0  47138  0  0  5018  47138  0  30059  1  30060  354  0  259  30059  30059  47138  0  0  0  47138  25229  0  0  72075  3231  3928  35.00381547  36.2319148033  100.0  100.0  
1441338766  0  1078  431453  1065  0  0  48383  0  0  5018  49076  0  31200  714  31885  354  0  259  31884  31200  49076  0  0  0  48383  27147  0  0  76190  1918  4115  35.6306601916  35.5145402311  100.0  100.0  
1441338767  0  1079  451738  1065  0  0  47631  0  0  5018  49384  0  28549  3575  32010  354  0  259  32009  28549  49384  0  0  0  47631  29965  0  0  81798  2818  5608  36.6329250104  40.0621444018  100.0  100.0  
1441338767  0  1079  463899  1062  0  0  47799  0  0  5018  49384  0  29593  2506  32010  354  0  258  32009  29593  49384  0  0  0  47799  31137  0  0  84014  1172  2216  37.0616801962  38.0886629427  100.0  100.0  
1441338768  0  1090  472102  1090  0  0  48537  0  0  5018  49384  0  29838  2232  32010  354  0  259  32009  29838  49384  0  0  0  48537  31630  0  0  84752  493  738  37.3206531999  38.5252487793  100.0  100.0  
1441338768  0  1090  472102  1090  0  0  48537  0  0  5018  49384  0  29838  2232  32010  354  0  259  32009  29838  49384  0  0  0  48537  31630  0  0  84752  0  0  37.3206531999  38.5252487793  100.0  100.0  
1441338769  0  1126  488484  1106  0  0  50434  0  0  5018  50494  0  33900  0  33900  354  0  257  33900  33900  50494  0  0  0  50434  34904  0  0  92345  3274  7593  37.7973902215  32.783439743  100.0  100.0  
1441338769  0  1133  497257  1112  0  0  51670  0  0  5018  51917  0  35221  2  35221  354  0  256  35221  35221  51917  0  0  0  51670  35066  0  0  93828  162  1483  37.3726392974  31.8347203406  100.0  100.0  
1441338770  0  1162  505039  1162  0  0  53524  0  0  5018  53524  0  36354  1  36355  354  0  258  36354  36354  53524  0  0  0  53524  35787  0  0  95682  721  1854  37.4020191886  32.0790673343  100.0  100.0  
1441338771  0  1184  517668  1138  0  0  52256  0  0  5018  54940  0  32352  4069  36398  354  0  259  36397  32352  54940  0  0  0  52256  38521  0  0  98767  2734  3085  39.0018933449  38.0894060012  100.0  100.0  
1441338771  0  1193  525531  1193  0  0  56169  0  0  5018  56169  0  32462  3959  36398  354  0  260  36397  32462  56169  0  0  0  56169  42324  0  0  102680  3803  3913  41.219322166  42.2065552173  100.0  100.0  
1441338772  0  1255  532662  1255  0  0  60753  0  0  5018  60753  0  32462  3840  36398  354  0  260  36397  32462  60753  0  0  0  60753  46908  0  0  107265  4584  4585  43.7309467207  46.5672477079  100.0  100.0  
1441338772  0  1255  532662  1255  0  0  60753  0  0  5018  60753  0  32462  3840  36398  354  0  260  36397  32462  60753  0  0  0  60753  46908  0  0  107265  0  0  43.7309467207  46.5672477079  100.0  100.0  
1441338773  0  1269  555859  1200  0  0  57882  0  0  5018  61824  0  32462  3842  36398  354  0  260  36397  32462  61824  0  0  0  57882  50437  0  0  110794  3529  3529  45.5232232792  43.9169344529  100.0  100.0  
1441338773  0  1269  565518  1199  0  0  58717  0  0  5018  61824  0  31773  4533  36398  354  0  258  36397  31773  61824  0  0  0  58717  52268  0  0  112625  1831  1831  46.4088790233  45.8879029923  100.0  100.0  
1441338774  0  1269  571577  1252  0  0  62315  0  0  5018  62315  0  33718  2518  36398  354  0  259  36397  33718  62315  0  0  0  62315  53921  0  0  116224  1653  3599  46.3940322137  45.8910374709  100.0  100.0  
1441338774  0  1277  579800  1277  0  0  63674  0  0  5018  63674  0  33718  2476  36398  354  0  259  36397  33718  63674  0  0  0  63674  55280  0  0  117583  1359  1359  47.0135989046  47.0458900022  100.0  100.0  
1441338775  0  1332  590786  1332  0  0  66510  0  0  5018  66510  0  33722  2386  36398  354  0  262  36397  33722  66510  0  0  0  66510  58112  0  0  120419  2832  2836  48.2581652397  49.2978499474  100.0  100.0  
1441338775  0  1332  612203  1197  0  0  58417  0  0  5018  66557  0  22606  13954  36398  354  0  254  36397  22606  66557  0  0  0  58417  67069  0  0  129377  8957  8958  51.839971556  61.3023606142  100.0  100.0  
1441338776  0  1332  612203  1197  0  0  58417  0  0  5018  66557  0  22606  13954  36398  354  0  254  36397  22606  66557  0  0  0  58417  67069  0  0  129377  0  0  51.839971556  61.3023606142  100.0  100.0  
1441338776  0  1332  619041  1248  0  0  61185  0  0  5018  66557  0  23339  13133  36398  354  0  256  36397  23339  66557  0  0  0  61185  69104  0  0  132145  2035  2768  52.294070907  61.8550298276  100.0  100.0  
1441338777  0  1332  631294  1255  0  0  61656  0  0  5018  66557  0  20984  15511  36398  354  0  257  36397  20984  66557  0  0  0  61656  71992  0  0  135206  2888  3061  53.2461577149  65.9660049306  100.0  100.0  
1441338777  0  1332  649333  1226  0  0  63449  0  0  5018  66557  0  20770  15687  36398  354  0  258  36397  20770  66557  0  0  0  63449  79049  0  0  142298  7057  7092  55.5517294691  67.2650475185  100.0  100.0  
1441338778  0  1332  667330  1203  0  0  61446  0  0  5018  66557  0  20280  16237  36398  354  0  259  36397  20280  66557  0  0  0  61446  81683  0  0  150814  2634  8516  54.161417375  66.9954106044  100.0  100.0  
1441338778  0  1332  674452  1198  0  0  61070  0  0  5018  66557  0  20503  16015  36398  354  0  259  36397  20503  66557  0  0  0  61070  81718  0  0  151072  35  258  54.0920885406  66.4270509252  100.0  100.0  
1441338779  0  1332  681066  1119  0  0  56399  0  0  5018  66557  0  20615  15937  36398  354  0  257  36397  20615  66557  0  0  0  56399  81722  0  0  151188  4  116  54.053231738  63.447933474  100.0  100.0  
1441338779  0  1332  681066  1119  0  0  56399  0  0  5018  66557  0  20615  15937  36398  354  0  257  36397  20615  66557  0  0  0  56399  81722  0  0  151188  0  0  54.053231738  63.447933474  100.0  100.0  
1441338780  0  1332  689132  1150  0  0  58467  0  0  5018  66557  0  22569  14005  36398  354  0  258  36397  22569  66557  0  0  0  58467  82223  0  0  154336  501  3148  53.2753213767  61.3987377495  100.0  100.0  
1441338780  0  1332  696177  1243  0  0  61601  0  0  5018  66557  0  22720  13751  36398  354  0  259  36397  22720  66557  0  0  0  61601  85206  0  0  157470  2983  3134  54.1093541627  63.1174818591  100.0  100.0  
1441338781  0  1332  713979  1190  0  0  58273  0  0  5018  66557  0  17381  19033  36398  354  0  259  36397  17381  66557  0  0  0  58273  88170  0  0  160501  2964  3031  54.9342371699  70.1731505157  100.0  100.0  
1441338781  0  1332  722100  1256  0  0  62432  0  0  5018  66557  0  21690  14725  36398  354  0  260  36397  21690  66557  0  0  0  62432  88275  0  0  165215  105  4714  53.4303785976  65.2582009226  100.0  100.0  
1441338782  0  1332  728655  1292  0  0  64878  0  0  5018  66557  0  23369  12992  36398  354  0  260  36397  23369  66557  0  0  0  64878  89042  0  0  167665  767  2450  53.1070885396  63.9800856993  100.0  100.0  
1441338782  0  1332  739642  1218  0  0  59984  0  0  5018  66557  0  20878  15532  36398  354  0  258  36397  20878  66557  0  0  0  59984  90907  0  0  169571  1865  1906  53.6099922746  65.1940517471  100.0  100.0  
1441338783  0  1332  739642  1218  0  0  59984  0  0  5018  66557  0  20878  15532  36398  354  0  258  36397  20878  66557  0  0  0  59984  90907  0  0  169571  0  0  53.6099922746  65.1940517471  100.0  100.0  
1441338783  0  1332  757911  1088  0  0  54558  0  0  5018  66557  0  20768  15788  36398  354  0  255  36397  20768  66557  0  0  0  54558  90996  0  0  169799  89  228  53.5904216161  61.934088493  100.0  100.0  
1441338784  0  1332  801522  1060  0  0  49220  0  0  5018  66557  0  21007  15700  36398  354  0  259  36397  21007  66557  0  0  0  49220  96657  0  0  182103  5661  12304  53.078202995  57.3201950427  100.0  100.0  
1441338784  0  1332  810527  1084  0  0  50628  0  0  5018  66557  0  21080  15627  36398  354  0  261  36397  21080  66557  0  0  0  50628  97992  0  0  183511  1335  1408  53.3984338813  58.3629612072  100.0  100.0  
1441338785  0  1332  822415  1080  0  0  50394  0  0  5018  66557  0  20421  16322  36398  354  0  260  36397  20421  66557  0  0  0  50394  103210  0  0  189119  5218  5608  54.5741041355  59.4773187284  100.0  100.0  
1441338785  0  1332  837950  1081  0  0  50356  0  0  5018  66557  0  16083  20827  36398  354  0  260  36397  16083  66557  0  0  0  50356  107510  0  0  193524  4300  4405  55.5538331163  68.061402812  100.0  100.0  
1441338786  0  1332  846043  1147  0  0  55157  0  0  5018  66557  0  17685  19076  36398  354  0  261  36397  17685  66557  0  0  0  55157  110709  0  0  198325  3199  4801  55.8220093281  67.9369798938  100.0  100.0  
1441338786  0  1332  846043  1147  0  0  55157  0  0  5018  66557  0  17685  19076  36398  354  0  261  36397  17685  66557  0  0  0  55157  110709  0  0  198325  0  0  55.8220093281  67.9369798938  100.0  100.0  
1441338787  0  1332  854396  1233  0  0  61333  0  0  5018  66557  0  20249  16279  36398  354  0  261  36397  20249  66557  0  0  0  61333  114321  0  0  204501  3612  6176  55.9024161251  66.9851466584  100.0  100.0  
1441338787  0  1332  862693  1284  0  0  65187  0  0  5018  66557  0  22005  14374  36398  354  0  260  36397  22005  66557  0  0  0  65187  118211  0  0  210147  3890  5646  56.2515762776  66.2432693635  100.0  100.0  
1441338788  0  1332  874534  1197  0  0  59509  0  0  5018  66557  0  16822  19554  36398  354  0  260  36397  16822  66557  0  0  0  59509  119379  0  0  211316  1168  1169  56.4931193095  71.7320069233  100.0  100.0  
1441338788  0  1332  887609  1205  0  0  59770  0  0  5018  66557  0  17081  19334  36398  354  0  261  36397  17081  66557  0  0  0  59770  122453  0  0  214905  3074  3589  56.9800609572  71.4221181195  100.0  100.0  
1441338789  0  1332  895290  1232  0  0  61316  0  0  5018  66557  0  17512  18903  36398  354  0  261  36397  17512  66557  0  0  0  61316  123568  0  0  216470  1115  1565  57.0831985956  71.4397547133  100.0  100.0  
1441338789  0  1332  901742  1290  0  0  64790  0  0  5018  66557  0  20776  15638  36398  354  0  262  36397  20776  66557  0  0  0  64790  123778  0  0  219944  210  3474  56.2770523406  67.9333230437  100.0  100.0  
1441338790  0  1332  901742  1290  0  0  64790  0  0  5018  66557  0  20776  15638  36398  354  0  262  36397  20776  66557  0  0  0  64790  123778  0  0  219944  0  0  56.2770523406  67.9333230437  100.0  100.0  
1441338790  0  1332  925526  1177  0  0  57388  0  0  5018  66557  0  21803  14615  36398  354  0  261  36397  21803  66557  0  0  0  57388  125196  0  0  222542  1418  2598  56.2572458233  62.0077368091  100.0  100.0  
1441338791  0  1332  935579  1057  0  0  49553  0  0  5018  66557  0  20509  16144  36398  354  0  260  36397  20509  66557  0  0  0  49553  126595  0  0  224142  1399  1600  56.4798208279  58.6119912013  100.0  100.0  
1441338791  0  1332  953238  986  0  0  45707  0  0  5018  66557  0  18451  18266  36398  354  0  259  36397  18451  66557  0  0  0  45707  129111  0  0  226744  2516  2602  56.9413082595  59.6320038506  100.0  100.0  
1441338792  0  1332  956269  1000  0  0  46836  0  0  5018  66557  0  18455  18262  36398  354  0  259  36397  18455  66557  0  0  0  46836  130236  0  0  227873  1125  1129  57.1528877928  60.5965496627  100.0  100.0  
1441338792  0  1332  970558  997  0  0  47150  0  0  5018  66557  0  18780  17961  36398  354  0  259  36397  18780  66557  0  0  0  47150  134507  0  0  232470  4271  4597  57.8599389168  60.1696712619  100.0  100.0  
1441338793  0  1332  970558  997  0  0  47150  0  0  5018  66557  0  18780  17961  36398  354  0  259  36397  18780  66557  0  0  0  47150  134507  0  0  232470  0  0  57.8599389168  60.1696712619  100.0  100.0  
1441338793  0  1332  978092  997  0  0  47688  0  0  5018  66557  0  18842  17901  36398  354  0  258  36397  18842  66557  0  0  0  47688  135115  0  0  233145  608  675  57.953205087  60.4890119108  100.0  100.0  
1441338794  0  1332  985557  1049  0  0  51322  0  0  5018  66557  0  18845  17898  36398  354  0  259  36397  18845  66557  0  0  0  51322  138746  0  0  236779  3631  3634  58.5972573581  63.2808542146  100.0  100.0  
1441338794  0  1332  992807  1105  0  0  55003  0  0  5018  66557  0  18022  18730  36398  354  0  258  36397  18022  66557  0  0  0  55003  143505  0  0  241538  4759  4759  59.4130116172  67.234514481  100.0  100.0  
1441338795  0  1332  999487  1144  0  0  57528  0  0  5018  66557  0  19118  17551  36398  354  0  259  36397  19118  66557  0  0  0  57528  144934  0  0  244063  1429  2525  59.3838476131  66.7674871367  100.0  100.0  
1441338795  0  1332  1004357  1154  0  0  58123  0  0  5018  66557  0  19118  17534  36398  354  0  259  36397  19118  66557  0  0  0  58123  145529  0  0  244658  595  595  59.4826247251  67.1076854257  100.0  100.0  
1441338796  0  1332  1014024  1216  0  0  61338  0  0  5018  66557  0  21325  15186  36398  354  0  261  36397  21325  66557  0  0  0  61338  146537  0  0  247873  1008  3215  59.1177740214  65.2336235286  100.0  100.0  
1441338796  0  1332  1014024  1216  0  0  61338  0  0  5018  66557  0  21325  15186  36398  354  0  261  36397  21325  66557  0  0  0  61338  146537  0  0  247873  0  0  59.1177740214  65.2336235286  100.0  100.0  
1441338797  0  1332  1038765  1129  0  0  56002  0  0  5018  66557  0  20454  16078  36398  354  0  257  36397  20454  66557  0  0  0  56002  149046  0  0  250412  2509  2539  59.5203105282  63.4763044177  100.0  100.0  
1441338797  0  1332  1046258  1186  0  0  59359  0  0  5018  66557  0  20458  16074  36398  354  0  258  36397  20458  66557  0  0  0  59359  152399  0  0  253769  3353  3357  60.054222541  65.5351336781  100.0  100.0  
1441338798  0  1332  1052288  1217  0  0  60490  0  0  5018  66557  0  20462  16070  36398  354  0  260  36397  20462  66557  0  0  0  60490  153530  0  0  254904  1131  1135  60.2305181559  66.172921144  100.0  100.0  
1441338798  0  1332  1064466  1143  0  0  55641  0  0  5018  66557  0  19448  17154  36398  354  0  260  36397  19448  66557  0  0  0  55641  154311  0  0  255906  781  1002  60.2998757356  65.0473571647  100.0  100.0  
1441338799  0  1332  1085898  1110  0  0  52601  0  0  5018  66557  0  14643  22247  36398  354  0  260  36397  14643  66557  0  0  0  52601  157274  0  0  260435  2963  4529  60.3889646169  72.1621261953  100.0  100.0  
1441338799  0  1332  1091660  1168  0  0  57156  0  0  5018  66557  0  14643  22121  36398  354  0  260  36397  14643  66557  0  0  0  57156  161829  0  0  264990  4555  4555  61.0698516925  74.3806424522  100.0  100.0  
1441338800  0  1332  1091660  1168  0  0  57156  0  0  5018  66557  0  14643  22121  36398  354  0  260  36397  14643  66557  0  0  0  57156  161829  0  0  264990  0  0  61.0698516925  74.3806424522  100.0  100.0  
1441338800  0  1332  1104080  1186  0  0  57864  0  0  5018  66557  0  13897  22784  36398  354  0  263  36397  13897  66557  0  0  0  57864  167154  0  0  270609  5325  5619  61.7695642052  75.9833402461  100.0  100.0  
1441338801  0  1332  1119920  1176  0  0  56891  0  0  5018  66557  0  9757  26963  36398  354  0  263  36397  9757  66557  0  0  0  56891  170322  0  0  274081  3168  3472  62.1429431445  82.8496598759  100.0  100.0  
1441338801  0  1332  1125973  1191  0  0  58157  0  0  5018  66557  0  9757  26963  36398  354  0  263  36397  9757  66557  0  0  0  58157  171588  0  0  275347  1266  1266  62.3170036354  83.2229998109  100.0  100.0  
1441338802  0  1332  1133803  1216  0  0  59699  0  0  5018  66557  0  9757  26963  36398  354  0  263  36397  9757  66557  0  0  0  59699  173130  0  0  276889  1542  1542  62.5268609443  83.6563426523  100.0  100.0  
1441338802  0  1332  1140191  1215  0  0  59746  0  0  5018  66557  0  10771  25973  36398  354  0  263  36397  10771  66557  0  0  0  59746  173959  0  0  278732  829  1843  62.4108462609  81.9720148629  100.0  100.0  
1441338803  0  1332  1163777  1198  0  0  58756  0  0  5018  66557  0  16191  20426  36398  354  0  263  36397  16191  66557  0  0  0  58756  175620  0  0  286074  1661  7342  61.3897103547  72.4436653278  100.0  100.0  
1441338803  0  1332  1163777  1198  0  0  58756  0  0  5018  66557  0  16191  20426  36398  354  0  263  36397  16191  66557  0  0  0  58756  175620  0  0  286074  0  0  61.3897103547  72.4436653278  100.0  100.0  
1441338804  0  1332  1175573  1157  0  0  55609  0  0  5018  66557  0  16192  20456  36398  354  0  261  36397  16192  66557  0  0  0  55609  176799  0  0  287254  1179  1180  61.5479680004  70.8824111205  100.0  100.0  
1441338804  0  1332  1185117  1219  0  0  59082  0  0  5018  66557  0  17195  19453  36398  354  0  264  36397  17195  66557  0  0  0  59082  179270  0  0  290729  2471  3475  61.6622352775  70.8963813006  100.0  100.0  
1441338805  0  1332  1194926  1277  0  0  62063  0  0  5018  66557  0  19761  16748  36398  354  0  265  36397  19761  66557  0  0  0  62063  179700  0  0  293725  430  2996  61.1796748659  68.1597731338  100.0  100.0  
1441338805  0  1332  1205372  1321  0  0  64384  0  0  5018  66557  0  21336  15072  36398  354  0  265  36397  21336  66557  0  0  0  64384  180446  0  0  296046  746  2321  60.952014214  66.861332008  100.0  100.0  
1441338806  0  1332  1211827  1227  0  0  59478  0  0  5018  66557  0  21336  15110  36398  354  0  264  36397  21336  66557  0  0  0  59478  181609  0  0  297209  1163  1163  61.1048117655  64.1279128417  100.0  100.0  
1441338806  0  1332  1216571  1230  0  0  59706  0  0  5018  66557  0  21336  15110  36398  354  0  264  36397  21336  66557  0  0  0  59706  181837  0  0  297437  228  228  61.1346268285  64.2648980002  100.0  100.0  
1441338807  0  1332  1216571  1230  0  0  59706  0  0  5018  66557  0  21336  15110  36398  354  0  264  36397  21336  66557  0  0  0  59706  181837  0  0  297437  0  0  61.1346268285  64.2648980002  100.0  100.0  
1441338807  0  1332  1227501  1110  0  0  51805  0  0  5018  66557  0  12822  23903  36398  354  0  261  36397  12822  66557  0  0  0  51805  183648  0  0  299248  1811  1811  61.3698337165  75.2494932922  100.0  100.0  
1441338808  0  1332  1235495  1198  0  0  57399  0  0  5018  66557  0  13081  23644  36398  354  0  263  36397  13081  66557  0  0  0  57399  188984  0  0  304844  5336  5596  61.9936754537  77.2104043624  100.0  100.0  
1441338808  0  1332  1242263  1231  0  0  60028  0  0  5018  66557  0  13081  23620  36398  354  0  263  36397  13081  66557  0  0  0  60028  191613  0  0  307473  2629  2629  62.3186426125  78.2085026987  100.0  100.0  
1441338809  0  1332  1249793  1297  0  0  64685  0  0  5018  66557  0  13097  23465  36398  354  0  265  36397  13097  66557  0  0  0  64685  196254  0  0  312130  4641  4657  62.8757248582  79.7526474453  100.0  100.0  
1441338809  0  1332  1260984  1254  0  0  62886  0  0  5018  66557  0  13108  23449  36398  354  0  263  36397  13108  66557  0  0  0  62886  198301  0  0  314192  2047  2062  63.1145923512  79.1559329581  100.0  100.0  
1441338810  0  1332  1268600  1309  0  0  66442  0  0  5018  66557  0  13108  23403  36398  354  0  264  36397  13108  66557  0  0  0  66442  201857  0  0  317748  3556  3556  63.5273864824  80.2715150056  100.0  100.0  
1441338810  0  1332  1268600  1309  0  0  66442  0  0  5018  66557  0  13108  23403  36398  354  0  264  36397  13108  66557  0  0  0  66442  201857  0  0  317748  0  0  63.5273864824  80.2715150056  100.0  100.0  
1441338811  0  1332  1275736  1325  0  0  68382  0  0  5018  68382  0  13107  23348  36398  354  0  264  36397  13107  68382  0  0  0  68382  204821  0  0  320712  2964  2964  63.8644640674  80.8326752654  100.0  100.0  
1441338811  0  1341  1278822  1341  0  0  69415  0  0  5018  69415  0  13107  23317  36398  354  0  264  36397  13107  69415  0  0  0  69415  205854  0  0  321745  1033  1033  63.9804814372  81.1179139955  100.0  100.0  
1441338812  0  1342  1308112  1258  0  0  63280  0  0  5018  69528  0  12818  23745  36398  354  0  265  36397  12818  69528  0  0  0  63280  212718  0  0  328729  6864  6984  64.7092285743  79.7439949431  100.0  100.0  
1441338813  0  1342  1315873  1276  0  0  64141  0  0  5018  69528  0  12963  23600  36398  354  0  265  36397  12963  69528  0  0  0  64141  213434  0  0  329590  716  861  64.7574258928  79.7898380131  100.0  100.0  
1441338813  0  1342  1345724  1189  0  0  56543  0  0  5018  69528  0  11750  24851  36398  354  0  263  36397  11750  69528  0  0  0  56543  219640  0  0  335819  6206  6229  65.4042802819  79.219355181  100.0  100.0  
1441338814  0  1342  1355169  1222  0  0  58335  0  0  5018  69528  0  11765  24836  36398  354  0  264  36397  11765  69528  0  0  0  58335  221417  0  0  337611  1777  1792  65.5834673633  79.8320047999  100.0  100.0  
1441338814  0  1342  1355169  1222  0  0  58335  0  0  5018  69528  0  11765  24836  36398  354  0  264  36397  11765  69528  0  0  0  58335  221417  0  0  337611  0  0  65.5834673633  79.8320047999  100.0  100.0  
1441338815  0  1342  1368340  1119  0  0  51369  0  0  5018  69528  0  11919  24769  36398  354  0  263  36397  11919  69528  0  0  0  51369  225580  0  0  341930  4163  4319  65.9725674846  76.7972901945  100.0  100.0  
1441338815  0  1342  1380661  1168  0  0  54382  0  0  5018  69528  0  10977  25718  36398  354  0  263  36397  10977  69528  0  0  0  54382  230560  0  0  347009  4980  5079  66.4420807529  79.8150123203  100.0  100.0  
1441338816  0  1342  1388728  1211  0  0  57620  0  0  5018  69528  0  11010  25685  36398  354  0  263  36397  11010  69528  0  0  0  57620  233765  0  0  350247  3205  3238  66.742898583  80.8920513711  100.0  100.0  
1441338816  0  1342  1397312  1279  0  0  62474  0  0  5018  69528  0  11042  25619  36398  354  0  264  36397  11042  69528  0  0  0  62474  238587  0  0  355101  4822  4854  67.1884900352  82.3254473861  100.0  100.0  
1441338817  0  1342  1403060  1313  0  0  64938  0  0  5018  69528  0  11042  25546  36398  354  0  264  36397  11042  69528  0  0  0  64938  241051  0  0  357565  2464  2464  67.4145959476  82.9960885768  100.0  100.0  
1441338817  0  1351  1408640  1344  0  0  67538  0  0  5018  69528  0  11101  25401  36398  354  0  263  36397  11101  69528  0  0  0  67538  243847  0  0  361247  2796  3682  67.5014602197  83.563327312  100.0  100.0  
1441338819  0  1440  1423756  1440  0  0  71644  0  0  5018  71644  0  11430  24957  36398  354  0  264  36397  11430  71644  0  0  0  71644  247624  0  0  365372  3777  4125  67.7731189035  84.0461169114  100.0  100.0  
1441338819  0  1459  1452194  1266  0  0  62117  0  0  5018  72917  0  11982  24389  36398  354  0  262  36397  11982  72917  0  0  0  62117  252358  0  0  370920  4734  5548  68.0356950286  80.7105945232  100.0  100.0  
1441338820  0  1459  1469133  1235  0  0  60754  0  0  5018  72917  0  11982  24457  36398  354  0  262  36397  11982  72917  0  0  0  60754  256628  0  0  375190  4270  4270  68.399477598  80.2778417882  100.0  100.0  
1441338820  0  1459  1482300  1232  0  0  60351  0  0  5018  72917  0  11871  24582  36398  354  0  263  36397  11871  72917  0  0  0  60351  258518  0  0  377091  1890  1901  68.5558658255  80.3300690958  100.0  100.0  
1441338821  0  1459  1509078  1266  0  0  61206  0  0  5018  72917  0  10582  25939  36398  354  0  264  36397  10582  72917  0  0  0  61206  267871  0  0  386482  9353  9391  69.3100842989  82.710845342  100.0  100.0  
1441338821  0  1459  1520234  1285  0  0  63058  0  0  5018  72917  0  9904  26619  36398  354  0  261  36397  9904  72917  0  0  0  63058  273172  0  0  391891  5301  5409  69.7061172622  84.2938247328  100.0  100.0  
1441338822  0  1459  1520234  1285  0  0  63058  0  0  5018  72917  0  9904  26619  36398  354  0  261  36397  9904  72917  0  0  0  63058  273172  0  0  391891  0  0  69.7061172622  84.2938247328  100.0  100.0  
1441338822  0  1459  1528453  1296  0  0  63560  0  0  5018  72917  0  9906  26623  36398  354  0  261  36397  9906  72917  0  0  0  63560  275976  0  0  394697  2804  2806  69.9209773573  84.4147262429  100.0  100.0  
1441338823  0  1459  1541277  1275  0  0  63371  0  0  5018  72917  0  5714  30995  36398  354  0  259  36397  5714  72917  0  0  0  63371  283182  0  0  401904  7206  7207  70.460109877  90.9832573259  100.0  100.0  
1441338823  0  1459  1553238  1220  0  0  60757  0  0  5018  72917  0  5714  30991  36398  354  0  258  36397  5714  72917  0  0  0  60757  285079  0  0  403801  1897  1897  70.5988841038  90.5953223497  100.0  100.0  
1441338824  0  1459  1557441  1242  0  0  62260  0  0  5018  72917  0  6642  30063  36398  354  0  258  36397  6642  72917  0  0  0  62260  285654  0  0  405304  575  1503  70.4789491345  89.3318342435  100.0  100.0  
1441338824  0  1459  1573636  1204  0  0  59549  0  0  5018  72917  0  7026  29690  36398  354  0  261  36397  7026  72917  0  0  0  59549  293317  0  0  413353  7663  8049  70.9604139803  88.2013132043  100.0  100.0  
1441338825  0  1459  1597088  1050  0  0  49947  0  0  5018  72917  0  7029  29721  36398  354  0  260  36397  7029  72917  0  0  0  49947  298559  0  0  418598  5242  5245  71.3235610299  85.9270827077  100.0  100.0  
1441338825  0  1459  1604586  1085  0  0  52239  0  0  5018  72917  0  7028  29722  36398  354  0  260  36397  7028  72917  0  0  0  52239  300852  0  0  420891  2293  2293  71.4797893041  86.5464499703  100.0  100.0  
1441338826  0  1459  1604586  1085  0  0  52239  0  0  5018  72917  0  7028  29722  36398  354  0  260  36397  7028  72917  0  0  0  52239  300852  0  0  420891  0  0  71.4797893041  86.5464499703  100.0  100.0  
1441338826  0  1459  1612459  1106  0  0  53202  0  0  5018  72917  0  7034  29716  36398  354  0  260  36397  7034  72917  0  0  0  53202  301810  0  0  421855  958  964  71.5435398419  86.7786925304  100.0  100.0  
1441338827  0  1459  1620953  1157  0  0  56042  0  0  5018  72917  0  7034  29716  36398  354  0  262  36397  7034  72917  0  0  0  56042  304650  0  0  424695  2840  2840  71.7338325151  87.4486991899  100.0  100.0  
1441338827  0  1459  1625888  1176  0  0  57302  0  0  5018  72917  0  7034  29716  36398  354  0  262  36397  7034  72917  0  0  0  57302  305910  0  0  425955  1260  1260  71.8174455048  87.7246867474  100.0  100.0  
1441338828  0  1459  1636693  1134  0  0  55408  0  0  5018  72917  0  6923  29874  36398  354  0  261  36397  6923  72917  0  0  0  55408  309011  0  0  429153  3101  3198  72.004856077  87.5054143806  100.0  100.0  
1441338828  0  1459  1646569  1181  0  0  58319  0  0  5018  72917  0  6924  29873  36398  354  0  261  36397  6924  72917  0  0  0  58319  311921  0  0  432064  2910  2911  72.1932398904  88.1273684391  100.0  100.0  
1441338829  0  1459  1653609  1217  0  0  60767  0  0  5018  72917  0  6924  29873  36398  354  0  261  36397  6924  72917  0  0  0  60767  315393  0  0  435536  3472  3472  72.4149094449  88.605657676  100.0  100.0  
1441338829  0  1459  1653609  1217  0  0  60767  0  0  5018  72917  0  6924  29873  36398  354  0  261  36397  6924  72917  0  0  0  60767  315393  0  0  435536  0  0  72.4149094449  88.605657676  100.0  100.0  
1441338830  0  1459  1663193  1256  0  0  63151  0  0  5018  72917  0  6924  29788  36398  354  0  262  36397  6924  72917  0  0  0  63151  319608  0  0  439751  4215  4215  72.6793117014  89.0358030752  100.0  100.0  
1441338830  0  1459  1671770  1294  0  0  64844  0  0  5018  72917  0  6927  29752  36398  354  0  263  36397  6927  72917  0  0  0  64844  321298  0  0  441444  1690  1693  72.7834108064  89.3174387761  100.0  100.0  
1441338831  0  1459  1680420  1322  0  0  66184  0  0  5018  72917  0  6930  29708  36398  354  0  263  36397  6930  72917  0  0  0  66184  322637  0  0  442786  1339  1342  72.8652215743  89.5291913453  100.0  100.0  
1441338832  0  1459  1687656  1294  0  0  64623  0  0  5018  72917  0  6925  29711  36398  354  0  262  36397  6925  72917  0  0  0  64623  324921  0  0  445070  2284  2284  73.0044712068  89.2840010523  100.0  100.0  
1441338832  0  1459  1693385  1315  0  0  65594  0  0  5018  72917  0  6925  29711  36398  354  0  264  36397  6925  72917  0  0  0  65594  325892  0  0  446041  971  971  73.0632385812  89.442631948  100.0  100.0  
1441338833  0  1459  1707607  1349  0  0  67259  0  0  5018  72917  0  7035  29570  36398  354  0  263  36397  7035  72917  0  0  0  67259  329619  0  0  449882  3727  3841  73.2678791328  89.5404332506  100.0  100.0  
1441338833  0  1459  1707607  1349  0  0  67259  0  0  5018  72917  0  7035  29570  36398  354  0  263  36397  7035  72917  0  0  0  67259  329619  0  0  449882  0  0  73.2678791328  89.5404332506  100.0  100.0  
1441338834  0  1459  1720348  1400  0  0  70160  0  0  5018  72917  0  7035  29482  36398  354  0  265  36397  7035  72917  0  0  0  70160  334792  0  0  455055  5173  5173  73.5717660503  89.9729190422  100.0  100.0  
1441338834  0  1459  1725097  1436  0  0  73033  0  0  5018  73033  0  7035  29397  36398  354  0  265  36397  7035  73033  0  0  0  73033  337665  0  0  457928  2873  2873  73.7375744659  90.367368176  100.0  100.0  
1441338835  0  1459  1739049  1347  0  0  68422  0  0  5018  74178  0  7041  29425  36398  354  0  266  36397  7041  74178  0  0  0  68422  340585  0  0  460858  2920  2930  73.9023733992  89.7094501768  100.0  100.0  
1441338835  0  1459  1757067  1281  0  0  63882  0  0  5018  74178  0  6843  29665  36398  354  0  267  36397  6843  74178  0  0  0  63882  344474  0  0  464748  3889  3890  74.12059869  89.288062365  100.0  100.0  
1441338836  0  1459  1773806  1258  0  0  63160  0  0  5018  74178  0  6961  29575  36398  354  0  265  36397  6961  74178  0  0  0  63160  349782  0  0  470186  5308  5438  74.3922617858  88.9787840405  100.0  100.0  
1441338836  0  1459  1781054  1285  0  0  64749  0  0  5018  74178  0  7013  29523  36398  354  0  266  36397  7013  74178  0  0  0  64749  351320  0  0  471817  1538  1631  74.4610728312  89.1689446941  100.0  100.0  
1441338837  0  1459  1781054  1285  0  0  64749  0  0  5018  74178  0  7013  29523  36398  354  0  266  36397  7013  74178  0  0  0  64749  351320  0  0  471817  0  0  74.4610728312  89.1689446941  100.0  100.0  
1441338837  0  1459  1789339  1344  0  0  68467  0  0  5018  74178  0  7037  29499  36398  354  0  266  36397  7037  74178  0  0  0  68467  355014  0  0  475535  3694  3718  74.655703576  89.7220558809  100.0  100.0  
1441338838  0  1459  1797893  1391  0  0  71711  0  0  5018  74178  0  7104  29372  36398  354  0  267  36397  7104  74178  0  0  0  71711  358191  0  0  478779  3177  3244  74.8134316668  90.0935700241  100.0  100.0  
1441338838  0  1459  1808607  1419  0  0  72788  0  0  5018  74178  0  7106  29316  36398  354  0  267  36397  7106  74178  0  0  0  72788  361053  0  0  481648  2862  2869  74.962005448  90.2374017695  100.0  100.0  
1441338839  0  1478  1815988  1449  0  0  74791  0  0  5018  76488  0  7104  29244  36398  354  0  266  36397  7104  76488  0  0  0  74791  364849  0  0  485444  3796  3796  75.1577936899  90.5015309329  100.0  100.0  
1441338839  0  1478  1848454  1347  0  0  67523  0  0  5018  76488  0  6923  29490  36398  354  0  265  36397  6923  76488  0  0  0  67523  372154  0  0  492830  7305  7386  75.51366597  89.7471972513  100.0  100.0  
1441338840  0  1478  1855436  1332  0  0  66056  0  0  5018  76488  0  6923  29491  36398  354  0  266  36397  6923  76488  0  0  0  66056  372991  0  0  493667  837  837  75.5551819344  89.5194986072  100.0  100.0  
1441338840  0  1478  1855436  1332  0  0  66056  0  0  5018  76488  0  6923  29491  36398  354  0  266  36397  6923  76488  0  0  0  66056  372991  0  0  493667  0  0  75.5551819344  89.5194986072  100.0  100.0  
1441338841  0  1478  1875407  1259  0  0  60253  0  0  5018  76488  0  5799  30751  36398  354  0  263  36397  5799  76488  0  0  0  60253  377982  0  0  498772  4991  5105  75.7825218737  90.3755829585  100.0  100.0  
1441338841  0  1478  1883327  1294  0  0  62377  0  0  5018  76488  0  5800  30750  36398  354  0  263  36397  5800  76488  0  0  0  62377  380105  0  0  500896  2123  2124  75.8850140548  90.7017009475  100.0  100.0  
1441338842  0  1478  1901081  1330  0  0  63554  0  0  5018  76488  0  5796  30785  36398  354  0  263  36397  5796  76488  0  0  0  63554  387176  0  0  507967  7071  7071  76.2206993761  90.8801963684  100.0  100.0  
1441338842  0  1478  1916824  1357  0  0  66481  0  0  5018  76488  0  5791  30791  36398  354  0  263  36397  5791  76488  0  0  0  66481  394973  0  0  515764  7797  7797  76.5801800824  91.2892405349  100.0  100.0  
1441338843  0  1478  1934243  1318  0  0  65122  0  0  5018  76488  0  5782  30839  36398  354  0  260  36397  5782  76488  0  0  0  65122  402002  0  0  522793  7029  7029  76.8950617166  91.121280059  100.0  100.0  
1441338843  0  1478  1940654  1363  0  0  68389  0  0  5018  76488  0  5782  30800  36398  354  0  262  36397  5782  76488  0  0  0  68389  405269  0  0  526060  3267  3267  77.0385507357  91.5454239717  100.0  100.0  
1441338844  0  1478  1940654  1363  0  0  68389  0  0  5018  76488  0  5782  30800  36398  354  0  262  36397  5782  76488  0  0  0  68389  405269  0  0  526060  0  0  77.0385507357  91.5454239717  100.0  100.0  
1441338844  0  1478  1955049  1326  0  0  65533  0  0  5018  76488  0  5784  30795  36398  354  0  264  36397  5784  76488  0  0  0  65533  406443  0  0  527236  1174  1176  77.0893869159  91.17391238  100.0  100.0  
1441338845  0  1478  1965009  1344  0  0  68027  0  0  5018  76488  0  5640  30955  36398  354  0  262  36397  5640  76488  0  0  0  68027  412077  0  0  532870  5634  5634  77.3316193443  91.7091742984  100.0  100.0  
1441338845  0  1478  1973889  1365  0  0  69202  0  0  5018  76488  0  5680  30881  36398  354  0  262  36397  5680  76488  0  0  0  69202  413212  0  0  534045  1135  1175  77.3740040633  91.7921447357  100.0  100.0  
1441338846  0  1478  1980480  1409  0  0  72026  0  0  5018  76488  0  5780  30696  36398  354  0  263  36397  5780  76488  0  0  0  72026  415936  0  0  536869  2724  2824  77.4743931946  91.9751200955  100.0  100.0  
1441338846  0  1478  1987101  1458  0  0  74348  0  0  5018  76488  0  5785  30620  36398  354  0  264  36397  5785  76488  0  0  0  74348  418253  0  0  539191  2317  2322  77.5704713172  92.2190240491  100.0  100.0  
1441338847  0  1478  1998304  1145  0  0  55843  0  0  5018  76488  0  5276  31323  36398  354  0  258  36397  5276  76488  0  0  0  55843  422384  0  0  543330  4131  4139  77.7398634347  90.5520835199  100.0  100.0  
1441338847  0  1478  1998304  1145  0  0  55843  0  0  5018  76488  0  5276  31323  36398  354  0  258  36397  5276  76488  0  0  0  55843  422384  0  0  543330  0  0  77.7398634347  90.5520835199  100.0  100.0  
1441338848  0  1478  2011983  1144  0  0  55718  0  0  5018  76488  0  5270  31343  36398  354  0  259  36397  5270  76488  0  0  0  55718  425338  0  0  546286  2954  2956  77.859948818  90.5416561973  100.0  100.0  
1441338848  0  1478  2021851  1164  0  0  57074  0  0  5018  76488  0  5306  31308  36398  354  0  258  36397  5306  76488  0  0  0  57074  427682  0  0  548666  2344  2380  77.949426427  90.7032974735  100.0  100.0  
1441338849  0  1478  2028076  1222  0  0  60331  0  0  5018  76488  0  5600  31014  36398  354  0  261  36397  5600  76488  0  0  0  60331  430645  0  0  551942  2963  3276  78.0235966823  90.7178730669  100.0  100.0  
1441338849  0  1478  2033837  1240  0  0  61586  0  0  5018  76488  0  5600  31014  36398  354  0  262  36397  5600  76488  0  0  0  61586  431900  0  0  553197  1255  1255  78.0734530375  90.9070243237  100.0  100.0  
1441338850  0  1478  2044086  1297  0  0  65546  0  0  5018  76488  0  5618  30996  36398  354  0  261  36397  5618  76488  0  0  0  65546  436865  0  0  558181  4965  4984  78.2658313343  91.4289201477  100.0  100.0  
1441338850  0  1478  2051038  1362  0  0  69376  0  0  5018  76488  0  5773  30790  36398  354  0  263  36397  5773  76488  0  0  0  69376  440540  0  0  562011  3675  3830  78.3863661032  91.6786785055  100.0  100.0  
1441338851  0  1478  2058159  1382  0  0  69926  0  0  5018  76488  0  5776  30769  36398  354  0  265  36397  5776  76488  0  0  0  69926  441087  0  0  562561  547  550  78.406963867  91.7398392586  100.0  100.0  
1441338851  0  1478  2058159  1382  0  0  69926  0  0  5018  76488  0  5776  30769  36398  354  0  265  36397  5776  76488  0  0  0  69926  441087  0  0  562561  0  0  78.406963867  91.7398392586  100.0  100.0  
1441338852  0  1478  2062574  1394  0  0  70574  0  0  5018  76488  0  5776  30750  36398  354  0  265  36397  5776  76488  0  0  0  70574  441735  0  0  563209  648  648  78.4318077303  91.8156828294  100.0  100.0  
1441338852  0  1478  2085328  1237  0  0  60622  0  0  5018  76488  0  5654  30896  36398  354  0  263  36397  5654  76488  0  0  0  60622  446759  0  0  568368  5024  5159  78.6038270979  90.6733529082  100.0  100.0  
1441338853  0  1478  2092495  1270  0  0  62529  0  0  5018  76488  0  5654  30896  36398  354  0  263  36397  5654  76488  0  0  0  62529  448666  0  0  570275  1907  1907  78.6753759151  90.9577955828  100.0  100.0  
1441338853  0  1478  2103529  1251  0  0  61559  0  0  5018  76488  0  5673  30898  36398  354  0  262  36397  5673  76488  0  0  0  61559  450468  0  0  572096  1802  1821  78.7399317597  90.7844506896  100.0  100.0  
1441338854  0  1478  2111975  1294  0  0  63907  0  0  5018  76488  0  5673  30898  36398  354  0  264  36397  5673  76488  0  0  0  63907  452816  0  0  574444  2348  2348  78.8268308138  91.1230381648  100.0  100.0  
1441338854  0  1478  2123796  1203  0  0  59132  0  0  5018  76488  0  5683  30964  36398  354  0  262  36397  5683  76488  0  0  0  59132  456161  0  0  577799  3345  3355  78.9480424854  90.3892985186  100.0  100.0  
1441338855  0  1478  2123796  1203  0  0  59132  0  0  5018  76488  0  5683  30964  36398  354  0  262  36397  5683  76488  0  0  0  59132  456161  0  0  577799  0  0  78.9480424854  90.3892985186  100.0  100.0  
1441338855  0  1478  2131193  1186  0  0  58934  0  0  5018  76488  0  5679  30978  36398  354  0  261  36397  5679  76488  0  0  0  58934  458871  0  0  580509  2710  2710  79.0463196953  90.3637967896  100.0  100.0  
1441338856  0  1478  2151215  1128  0  0  55613  0  0  5018  76488  0  5558  31135  36398  354  0  259  36397  5558  76488  0  0  0  55613  467255  0  0  589027  8384  8518  79.3265843501  90.0059338644  100.0  100.0  
1441338856  0  1478  2154993  1139  0  0  56246  0  0  5018  76488  0  5558  31135  36398  354  0  259  36397  5558  76488  0  0  0  56246  467888  0  0  589660  633  633  79.3487772615  90.1184084202  100.0  100.0  
1441338857  0  1478  2163239  1069  0  0  51745  0  0  5018  76488  0  5552  31167  36398  354  0  257  36397  5552  76488  0  0  0  51745  469280  0  0  591052  1392  1392  79.3974134256  89.2704609141  100.0  100.0  
1441338857  0  1478  2174033  1089  0  0  52548  0  0  5018  76488  0  5799  30924  36398  354  0  258  36397  5799  76488  0  0  0  52548  471890  0  0  593920  2610  2868  79.4534617457  88.9643754282  100.0  100.0  
1441338858  0  1478  2185594  1135  0  0  55267  0  0  5018  76488  0  5809  30925  36398  354  0  258  36397  5809  76488  0  0  0  55267  477160  0  0  599200  5270  5280  79.6328437917  89.4892069409  100.0  100.0  
1441338858  0  1478  2185594  1135  0  0  55267  0  0  5018  76488  0  5809  30925  36398  354  0  258  36397  5809  76488  0  0  0  55267  477160  0  0  599200  0  0  79.6328437917  89.4892069409  100.0  100.0  
1441338859  0  1478  2207509  1069  0  0  51720  0  0  5018  76488  0  5580  31182  36398  354  0  257  36397  5580  76488  0  0  0  51720  482061  0  0  604101  4901  4901  79.7980801224  89.211136891  100.0  100.0  
1441338859  0  1478  2220486  1025  0  0  49182  0  0  5018  76488  0  5322  31462  36398  354  0  255  36397  5322  76488  0  0  0  49182  486137  0  0  608177  4076  4076  79.9334733145  89.1789679151  100.0  100.0  
1441338860  0  1478  2229286  1053  0  0  50755  0  0  5018  76488  0  5551  31233  36398  354  0  258  36397  5551  76488  0  0  0  50755  487481  0  0  609750  1344  1573  79.9476834768  89.063146488  100.0  100.0  
1441338860  0  1478  2238276  1094  0  0  53150  0  0  5018  76488  0  5558  31226  36398  354  0  261  36397  5558  76488  0  0  0  53150  489869  0  0  612145  2388  2395  80.0249940782  89.5428033866  100.0  100.0  
1441338861  0  1478  2244902  1104  0  0  53383  0  0  5018  76488  0  5558  31226  36398  354  0  261  36397  5558  76488  0  0  0  53383  490102  0  0  612378  233  233  80.0325942473  89.5884457599  100.0  100.0  
1441338862  0  1478  2260558  1074  0  0  51804  0  0  5018  76488  0  5558  31295  36398  354  0  261  36397  5558  76488  0  0  0  51804  492847  0  0  615123  2745  2745  80.1216992374  89.2710987569  100.0  100.0  
1441338862  0  1478  2260558  1074  0  0  51804  0  0  5018  76488  0  5558  31295  36398  354  0  261  36397  5558  76488  0  0  0  51804  492847  0  0  615123  0  0  80.1216992374  89.2710987569  100.0  100.0  
1441338863  0  1478  2264278  1029  0  0  48928  0  0  5018  76488  0  5562  31293  36398  354  0  261  36397  5562  76488  0  0  0  48928  493039  0  0  615319  192  196  80.127381082  88.6322759974  100.0  100.0  
1441338863  0  1478  2283261  997  0  0  45953  0  0  5018  76488  0  5493  31417  36398  354  0  260  36397  5493  76488  0  0  0  45953  500699  0  0  623110  7660  7791  80.354833015  88.0464822754  100.0  100.0  
1441338864  0  1478  2290652  1042  0  0  48579  0  0  5018  76488  0  5571  31339  36398  354  0  261  36397  5571  76488  0  0  0  48579  503248  0  0  625737  2549  2627  80.4248430251  88.5320817637  100.0  100.0  
1441338864  0  1478  2296855  1082  0  0  51521  0  0  5018  76488  0  5571  31339  36398  354  0  261  36397  5571  76488  0  0  0  51521  506190  0  0  628679  2942  2942  80.5164479806  89.1869334834  100.0  100.0  
1441338865  0  1478  2307606  1111  0  0  53717  0  0  5018  76488  0  5561  31349  36398  354  0  261  36397  5561  76488  0  0  0  53717  509680  0  0  632170  3490  3491  80.6238828163  89.6475975948  100.0  100.0  
1441338865  0  1478  2312651  1142  0  0  56163  0  0  5018  76488  0  5561  31349  36398  354  0  261  36397  5561  76488  0  0  0  56163  512126  0  0  634616  2446  2446  80.6985641711  90.0984634012  100.0  100.0  
1441338866  0  1478  2312651  1142  0  0  56163  0  0  5018  76488  0  5561  31349  36398  354  0  261  36397  5561  76488  0  0  0  56163  512126  0  0  634616  0  0  80.6985641711  90.0984634012  100.0  100.0  
1441338866  0  1478  2319195  1208  0  0  60779  0  0  5018  76488  0  5559  31270  36398  354  0  262  36397  5559  76488  0  0  0  60779  516744  0  0  639234  4618  4618  80.8380029848  90.8537488277  100.0  100.0  
1441338867  0  1478  2346311  1159  0  0  56764  0  0  5018  76488  0  5555  31262  36398  354  0  261  36397  5555  76488  0  0  0  56764  525230  0  0  647725  8486  8491  81.0884248717  90.2138679445  100.0  100.0  
1441338867  0  1478  2349893  1178  0  0  58139  0  0  5018  76488  0  5565  31252  36398  354  0  261  36397  5565  76488  0  0  0  58139  526595  0  0  649100  1365  1375  81.1269450008  90.4281119386  100.0  100.0  
1441338868  0  1478  2361264  1162  0  0  56774  0  0  5018  76488  0  5590  31232  36398  354  0  261  36397  5590  76488  0  0  0  56774  527521  0  0  650052  926  952  81.1505848763  90.1539437066  100.0  100.0  
1441338868  0  1478  2374057  1153  0  0  55184  0  0  5018  76488  0  5601  31224  36398  354  0  264  36397  5601  76488  0  0  0  55184  529503  0  0  652046  1982  1994  81.2063872794  89.850318933  100.0  100.0  
1441338869  0  1478  2395287  1112  0  0  52408  0  0  5018  76488  0  5593  31242  36398  354  0  262  36397  5593  76488  0  0  0  52408  531300  0  0  653844  1797  1798  81.257914732  89.3279651962  100.0  100.0  
1441338869  0  1478  2395287  1112  0  0  52408  0  0  5018  76488  0  5593  31242  36398  354  0  262  36397  5593  76488  0  0  0  52408  531300  0  0  653844  0  0  81.257914732  89.3279651962  100.0  100.0  
1441338870  0  1478  2405951  1073  0  0  49357  0  0  5018  76488  0  5659  31183  36398  354  0  262  36397  5659  76488  0  0  0  49357  532540  0  0  655151  1240  1307  81.2850777912  88.5345543692  100.0  100.0  
1441338870  0  1478  2413222  1110  0  0  51857  0  0  5018  76488  0  5751  31091  36398  354  0  262  36397  5751  76488  0  0  0  51857  534948  0  0  657651  2408  2500  81.34223167  88.9098868041  100.0  100.0  
1441338871  0  1478  2423135  1181  0  0  56684  0  0  5018  76488  0  5750  31092  36398  354  0  263  36397  5750  76488  0  0  0  56684  540768  0  0  663471  5820  5820  81.5058985246  89.8560440336  100.0  100.0  
1441338871  0  1478  2440391  1170  0  0  55694  0  0  5018  76488  0  5788  31058  36398  354  0  264  36397  5788  76488  0  0  0  55694  544350  0  0  667091  3582  3620  81.6005612428  89.6074981147  100.0  100.0  
1441338872  0  1478  2445677  1215  0  0  58645  0  0  5018  76488  0  5803  31043  36398  354  0  264  36397  5803  76488  0  0  0  58645  547286  0  0  670042  2936  2951  81.6793574134  90.1048682752  100.0  100.0  
1441338872  0  1478  2452923  1288  0  0  63538  0  0  5018  76488  0  5815  30926  36398  354  0  265  36397  5815  76488  0  0  0  63538  552167  0  0  674935  4881  4893  81.8103965567  90.8479964746  100.0  100.0  
1441338873  0  1478  2452923  1288  0  0  63538  0  0  5018  76488  0  5815  30926  36398  354  0  265  36397  5815  76488  0  0  0  63538  552167  0  0  674935  0  0  81.8103965567  90.8479964746  100.0  100.0  
1441338873  0  1478  2472124  1317  0  0  66146  0  0  5018  76488  0  5823  30762  36398  354  0  265  36397  5823  76488  0  0  0  66146  560193  0  0  682969  8026  8034  82.0231957819  91.1967465909  100.0  100.0  
1441338874  0  1478  2477042  1350  0  0  68468  0  0  5018  76488  0  5823  30762  36398  354  0  265  36397  5823  76488  0  0  0  68468  562515  0  0  685291  2322  2322  82.0841073354  91.4952970731  100.0  100.0  
1441338874  0  1478  2486996  1314  0  0  66366  0  0  5018  76488  0  5824  30764  36398  354  0  265  36397  5824  76488  0  0  0  66366  565535  0  0  688313  3020  3022  82.1624755017  91.2244221439  100.0  100.0  
1441338875  0  1478  2507737  1220  0  0  60248  0  0  5018  76488  0  5826  30835  36398  354  0  263  36397  5826  76488  0  0  0  60248  570605  0  0  693387  5070  5074  82.2924283265  90.3299694596  100.0  100.0  
1441338875  0  1478  2514664  1284  0  0  64238  0  0  5018  76488  0  5826  30835  36398  354  0  264  36397  5826  76488  0  0  0  64238  574595  0  0  697377  3990  3990  82.3937411185  90.9306018245  100.0  100.0  
1441338876  0  1478  2523884  1291  0  0  64538  0  0  5018  76488  0  5821  30840  36398  354  0  264  36397  5821  76488  0  0  0  64538  576662  0  0  699444  2067  2067  82.4457712126  90.9805076079  100.0  100.0  
1441338876  0  1478  2523884  1291  0  0  64538  0  0  5018  76488  0  5821  30840  36398  354  0  264  36397  5821  76488  0  0  0  64538  576662  0  0  699444  0  0  82.4457712126  90.9805076079  100.0  100.0  
1441338877  0  1478  2531267  1307  0  0  66021  0  0  5018  76488  0  5820  30841  36398  354  0  263  36397  5820  76488  0  0  0  66021  578352  0  0  701134  1690  1690  82.4880835903  91.1846230745  100.0  100.0  
1441338877  0  1478  2541004  1357  0  0  69069  0  0  5018  76488  0  5821  30755  36398  354  0  263  36397  5821  76488  0  0  0  69069  583187  0  0  705974  4835  4840  82.6074331349  91.57219592  100.0  100.0  
1441338878  0  1478  2558051  1296  0  0  65996  0  0  5018  76488  0  5806  30730  36398  354  0  260  36397  5806  76488  0  0  0  65996  586925  0  0  709712  3738  3738  82.6990384832  91.202497121  100.0  100.0  
1441338878  0  1478  2568037  1313  0  0  66816  0  0  5018  76488  0  5813  30724  36398  354  0  262  36397  5813  76488  0  0  0  66816  589789  0  0  712587  2864  2875  82.7672971862  91.2999880268  100.0  100.0  
1441338879  0  1478  2586740  1262  0  0  63041  0  0  5018  76488  0  5791  30805  36398  354  0  261  36397  5791  76488  0  0  0  63041  595771  0  0  718574  5982  5987  82.9101804407  90.8139147539  100.0  100.0  
1441338879  0  1478  2600823  1221  0  0  60049  0  0  5018  76488  0  5615  31003  36398  354  0  261  36397  5615  76488  0  0  0  60049  598153  0  0  720960  2382  2386  82.9661839769  90.6493030692  100.0  100.0  
1441338880  0  1478  2600823  1221  0  0  60049  0  0  5018  76488  0  5615  31003  36398  354  0  261  36397  5615  76488  0  0  0  60049  598153  0  0  720960  0  0  82.9661839769  90.6493030692  100.0  100.0  
1441338880  0  1478  2620318  1177  0  0  56769  0  0  5018  76488  0  5209  31423  36398  354  0  261  36397  5209  76488  0  0  0  56769  600742  0  0  723610  2589  2650  83.0201351557  90.8242174426  100.0  100.0  
1441338881  0  1478  2627038  1208  0  0  58342  0  0  5018  76488  0  5217  31415  36398  354  0  262  36397  5217  76488  0  0  0  58342  602307  0  0  725183  1565  1573  83.0558631408  91.0578999691  100.0  100.0  
1441338881  0  1478  2631241  1211  0  0  58498  0  0  5018  76488  0  5217  31415  36398  354  0  262  36397  5217  76488  0  0  0  58498  602463  0  0  725339  156  156  83.0595073476  91.0817463845  100.0  100.0  
1441338882  0  1478  2654391  1119  0  0  52743  0  0  5018  76488  0  5425  31341  36398  354  0  260  36397  5425  76488  0  0  0  52743  611886  0  0  734982  9423  9643  83.2518347388  89.7142748801  100.0  100.0  
1441338882  0  1478  2662620  1196  0  0  58533  0  0  5018  76488  0  5435  31331  36398  354  0  261  36397  5435  76488  0  0  0  58533  617666  0  0  740772  5780  5790  83.3813913053  90.714639605  100.0  100.0  
1441338883  0  1478  2673763  1240  0  0  61633  0  0  5018  76488  0  5473  31293  36398  354  0  262  36397  5473  76488  0  0  0  61633  622515  0  0  745664  4849  4892  83.4846526049  91.1200168741  100.0  100.0  
1441338883  0  1478  2673763  1240  0  0  61633  0  0  5018  76488  0  5473  31293  36398  354  0  262  36397  5473  76488  0  0  0  61633  622515  0  0  745664  0  0  83.4846526049  91.1200168741  100.0  100.0  
1441338884  0  1478  2681263  1281  0  0  64289  0  0  5018  76488  0  5587  31139  36398  354  0  262  36397  5587  76488  0  0  0  64289  625310  0  0  748573  2795  2909  83.5336032692  91.3095552894  100.0  100.0  
1441338886  0  1478  2715351  1341  0  0  63704  0  0  5018  76488  0  5585  30986  36398  354  0  262  36397  5585  76488  0  0  0  63704  637007  0  0  760276  11697  11703  83.7862828762  91.2328896145  100.0  100.0  
1441338886  0  1478  2722198  1337  0  0  64289  0  0  5018  76488  0  5584  31002  36398  354  0  262  36397  5584  76488  0  0  0  64289  639641  0  0  762910  2634  2634  83.8422618658  91.3142217176  100.0  100.0  
1441338887  0  1478  2728450  1336  0  0  63805  0  0  5018  76488  0  5584  31002  36398  354  0  261  36397  5584  76488  0  0  0  63805  641205  0  0  764475  1564  1565  83.8752084764  91.24833477  100.0  100.0  
1441338887  0  1478  2735120  1361  0  0  65166  0  0  5018  76488  0  5751  30835  36398  354  0  261  36397  5751  76488  0  0  0  65166  642399  0  0  765836  1194  1361  83.8820582997  91.1748457785  100.0  100.0  
1441338888  0  1478  2752229  1330  0  0  64185  0  0  5018  76488  0  5631  31055  36398  354  0  259  36397  5631  76488  0  0  0  64185  647252  0  0  770768  4853  4932  83.974944471  91.2269221781  100.0  100.0  
1441338888  0  1478  2759195  1358  0  0  66006  0  0  5018  76488  0  5633  31033  36398  354  0  260  36397  5633  76488  0  0  0  66006  649071  0  0  772589  1819  1821  84.0124568173  91.4659273399  100.0  100.0  
1441338889  0  1478  2759195  1358  0  0  66006  0  0  5018  76488  0  5633  31033  36398  354  0  260  36397  5633  76488  0  0  0  66006  649071  0  0  772589  0  0  84.0124568173  91.4659273399  100.0  100.0  
1441338889  0  1478  2775381  1393  0  0  69648  0  0  5018  76488  0  5633  30927  36398  354  0  264  36397  5633  76488  0  0  0  69648  656813  0  0  780332  7742  7743  84.1709682545  91.9121869975  100.0  100.0  
1441338890  0  1478  2786757  1449  0  0  74107  0  0  5018  76488  0  5668  30760  36398  354  0  265  36397  5668  76488  0  0  0  74107  662032  0  0  785586  5219  5254  84.2723775627  92.3515997139  100.0  100.0  
1441338890  0  1478  2814430  1347  0  0  67786  0  0  5018  76488  0  5704  30778  36398  354  0  263  36397  5704  76488  0  0  0  67786  670866  0  0  794582  8834  8996  84.4300525308  91.5852830968  100.0  100.0  
1441338891  0  1478  2818200  1366  0  0  68940  0  0  5018  76488  0  5725  30757  36398  354  0  263  36397  5725  76488  0  0  0  68940  671999  0  0  795736  1133  1154  84.4499934652  91.6956774006  100.0  100.0  
1441338891  0  1478  2826264  1394  0  0  69714  0  0  5018  76488  0  5761  30724  36398  354  0  262  36397  5761  76488  0  0  0  69714  674007  0  0  797781  2008  2045  84.4852158675  91.7362366239  100.0  100.0  
1441338892  0  1478  2838214  1425  0  0  72007  0  0  5018  76488  0  5758  30730  36398  354  0  261  36397  5758  76488  0  0  0  72007  679370  0  0  803146  5363  5365  84.5886053096  92.0035552099  100.0  100.0  
1441338892  0  1478  2842730  1421  0  0  71883  0  0  5018  76488  0  5813  30677  36398  354  0  260  36397  5813  76488  0  0  0  71883  680983  0  0  804814  1613  1668  84.6137119881  91.9132479168  100.0  100.0  
1441338893  0  1478  2842730  1421  0  0  71883  0  0  5018  76488  0  5813  30677  36398  354  0  260  36397  5813  76488  0  0  0  71883  680983  0  0  804814  0  0  84.6137119881  91.9132479168  100.0  100.0  
1441338893  0  1478  2847236  1439  0  0  73180  0  0  5018  76488  0  5813  30641  36398  354  0  261  36397  5813  76488  0  0  0  73180  682280  0  0  806111  1297  1297  84.6384679033  92.0565728341  100.0  100.0  
1441338894  0  1567  2879647  1567  0  0  76043  0  0  5018  76488  0  5736  30620  36398  354  0  263  36397  5736  76488  0  0  0  76043  696656  0  0  820498  14376  14387  84.9064836234  92.4568993859  100.0  100.0  
1441338894  0  1583  2892955  1574  0  0  77525  0  0  5018  77525  0  5736  30578  36398  354  0  264  36397  5736  77525  0  0  0  77525  700417  0  0  824259  3761  3761  84.9753536206  92.6010964205  100.0  100.0  
1441338895  0  1583  2902679  1437  0  0  69424  0  0  5018  77563  0  5732  30604  36398  354  0  262  36397  5732  77563  0  0  0  69424  702148  0  0  825990  1731  1731  85.0068402765  91.7434892832  100.0  100.0  
1441338895  0  1583  2911064  1474  0  0  72448  0  0  5018  77563  0  5812  30524  36398  354  0  263  36397  5812  77563  0  0  0  72448  705092  0  0  829014  2944  3024  85.0518809091  91.9776943463  100.0  100.0  
1441338896  0  1583  2917504  1447  0  0  71696  0  0  5018  77563  0  5810  30526  36398  354  0  263  36397  5810  77563  0  0  0  71696  707160  0  0  831082  2068  2068  85.0890766495  91.8963401027  100.0  100.0  
1441338896  0  1583  2917504  1447  0  0  71696  0  0  5018  77563  0  5810  30526  36398  354  0  263  36397  5810  77563  0  0  0  71696  707160  0  0  831082  0  0  85.0890766495  91.8963401027  100.0  100.0  
1441338897  0  1583  2927229  1422  0  0  72083  0  0  5018  77563  0  5813  30526  36398  354  0  262  36397  5813  77563  0  0  0  72083  711640  0  0  835570  4480  4488  85.1682085283  91.9356852517  100.0  100.0  
1441338897  0  1583  2934992  1406  0  0  72187  0  0  5018  77563  0  5815  30537  36398  354  0  260  36397  5815  77563  0  0  0  72187  715607  0  0  839541  3967  3971  85.2378859401  91.9445329491  100.0  100.0  
1441338898  0  1583  2958774  1430  0  0  74143  0  0  5018  77563  0  5822  30547  36398  354  0  261  36397  5822  77563  0  0  0  74143  725446  0  0  849387  9839  9846  85.408182607  92.147606652  100.0  100.0  
1441338898  0  1583  2969561  1485  0  0  77594  0  0  5018  78321  0  5822  30482  36398  354  0  261  36397  5822  78321  0  0  0  77594  730177  0  0  854118  4731  4731  85.4890073737  92.4968425394  100.0  100.0  
1441338899  0  1583  2977650  1518  0  0  80031  0  0  5018  80031  0  5827  30424  36398  354  0  261  36397  5827  80031  0  0  0  80031  733633  0  0  857579  3456  3461  85.5469875079  92.7190713598  100.0  100.0  
1441338899  0  1583  2990545  1460  0  0  76320  0  0  5018  80536  0  5820  30477  36398  354  0  260  36397  5820  80536  0  0  0  76320  735565  0  0  859511  1932  1932  85.5794748409  92.3742138365  100.0  100.0  
1441338900  0  1583  2990545  1460  0  0  76320  0  0  5018  80536  0  5820  30477  36398  354  0  260  36397  5820  80536  0  0  0  76320  735565  0  0  859511  0  0  85.5794748409  92.3742138365  100.0  100.0  
1441338900  0  1583  2996560  1475  0  0  77189  0  0  5018  80536  0  5820  30477  36398  354  0  262  36397  5820  80536  0  0  0  77189  736434  0  0  860380  869  869  85.5940398429  92.4600655534  100.0  100.0  
1441338901  0  1583  3000060  1474  0  0  77139  0  0  5018  80536  0  5739  30558  36398  354  0  261  36397  5739  80536  0  0  0  77139  736465  0  0  860411  31  31  85.5945588794  92.5601835647  100.0  100.0  
1441338901  0  1583  3002482  1473  0  0  77128  0  0  5018  80536  0  5728  30569  36398  354  0  260  36397  5728  80536  0  0  0  77128  736465  0  0  860411  0  0  85.5945588794  92.5733845037  100.0  100.0  
1441338902  0  1583  3002707  1473  0  0  77128  0  0  5018  80536  0  5728  30569  36398  354  0  260  36397  5728  80536  0  0  0  77128  736465  0  0  860411  0  0  85.5945588794  92.5733845037  100.0  100.0  
