#type:G;
#time  Rt  Nm  Tt  Nc  Rx  Gz  Pc  Pf  Ra  Te  Pm  Fp  Fc  Ta  Fm  Om  Lm  Oc  Sm  Sc  Em  Af  Ea  Cf  Ec  Gd  Zt  Et  Ep  dedup_put_diff  total_eph_put_diff  dedup_factor  dedup_curr  compression_saving  tze_saving  
1441317438  0  0  12  0  0  0  0  0  0  0  0  0  0  0  0  0  0  0  0  0  0  0  0  0  0  0  0  0  0  0  0  0 0 0 0 
1441317438  0  0  13  0  0  0  0  0  0  0  0  0  0  0  0  0  0  0  0  0  0  0  0  0  0  0  0  0  0  0  0  0 0 0 0 
1441317439  0  0  13  0  0  0  0  0  0  0  0  0  0  0  0  0  0  0  0  0  0  0  0  0  0  0  0  0  0  0  0  0 0 0 0 
1441317439  0  0  14  0  0  0  0  0  0  0  0  0  0  0  0  0  0  0  0  0  0  0  0  0  0  0  0  0  0  0  0  0 0 0 0 
1441317440  0  0  15  0  0  0  0  0  0  0  0  0  0  0  0  0  0  0  0  0  0  0  0  0  0  0  0  0  0  0  0  0 0 0 0 
1441317440  0  0  16  0  0  0  0  0  0  0  0  0  0  0  0  0  0  0  0  0  0  0  0  0  0  0  0  0  0  0  0  0 0 0 0 
1441317441  0  0  17  0  0  0  0  0  0  0  0  0  0  0  0  0  0  0  0  0  0  0  0  0  0  0  0  0  0  0  0  0 0 0 0 
1441317441  0  0  18  0  0  0  0  0  0  0  0  0  0  0  0  0  0  0  0  0  0  0  0  0  0  0  0  0  0  0  0  0 0 0 0 
1441317442  0  0  19  0  0  0  0  0  0  0  0  0  0  0  0  0  0  0  0  0  0  0  0  0  0  0  0  0  0  0  0  0 0 0 0 
1441317442  0  0  20  0  0  0  0  0  0  0  0  0  0  0  0  0  0  0  0  0  0  0  0  0  0  0  0  0  0  0  0  0 0 0 0 
1441317443  0  0  20  0  0  0  0  0  0  0  0  0  0  0  0  0  0  0  0  0  0  0  0  0  0  0  0  0  0  0  0  0 0 0 0 
1441317443  0  0  21  0  0  0  0  0  0  0  0  0  0  0  0  0  0  0  0  0  0  0  0  0  0  0  0  0  0  0  0  0 0 0 0 
1441317444  0  0  22  0  0  0  0  0  0  0  0  0  0  0  0  0  0  0  0  0  0  0  0  0  0  0  0  0  0  0  0  0 0 0 0 
1441317444  0  0  23  0  0  0  0  0  0  0  0  0  0  0  0  0  0  0  0  0  0  0  0  0  0  0  0  0  0  0  0  0 0 0 0 
1441317445  0  0  24  0  0  0  0  0  0  0  0  0  0  0  0  0  0  0  0  0  0  0  0  0  0  0  0  0  0  0  0  0 0 0 0 
1441317445  0  0  25  0  0  0  0  0  0  0  0  0  0  0  0  0  0  0  0  0  0  0  0  0  0  0  0  0  0  0  0  0 0 0 0 
1441317446  0  0  26  0  0  0  0  0  0  0  0  0  0  0  0  0  0  0  0  0  0  0  0  0  0  0  0  0  0  0  0  0 0 0 0 
1441317446  0  0  27  0  0  0  0  0  0  0  0  0  0  0  0  0  0  0  0  0  0  0  0  0  0  0  0  0  0  0  0  0 0 0 0 
1441317447  0  0  27  0  0  0  0  0  0  0  0  0  0  0  0  0  0  0  0  0  0  0  0  0  0  0  0  0  0  0  0  0 0 0 0 
1441317447  0  0  28  0  0  0  0  0  0  0  0  0  0  0  0  0  0  0  0  0  0  0  0  0  0  0  0  0  0  0  0  0 0 0 0 
1441317448  0  0  29  0  0  0  0  0  0  0  0  0  0  0  0  0  0  0  0  0  0  0  0  0  0  0  0  0  0  0  0  0 0 0 0 
1441317448  0  0  30  0  0  0  0  0  0  0  0  0  0  0  0  0  0  0  0  0  0  0  0  0  0  0  0  0  0  0  0  0 0 0 0 
1441317449  0  0  31  0  0  0  0  0  0  0  0  0  0  0  0  0  0  0  0  0  0  0  0  0  0  0  0  0  0  0  0  0 0 0 0 
1441317449  0  0  32  0  0  0  0  0  0  0  0  0  0  0  0  0  0  0  0  0  0  0  0  0  0  0  0  0  0  0  0  0 0 0 0 
1441317450  0  0  33  0  0  0  0  0  0  0  0  0  0  0  0  0  0  0  0  0  0  0  0  0  0  0  0  0  0  0  0  0 0 0 0 
1441317450  0  0  33  0  0  0  0  0  0  0  0  0  0  0  0  0  0  0  0  0  0  0  0  0  0  0  0  0  0  0  0  0 0 0 0 
1441317451  0  0  34  0  0  0  0  0  0  0  0  0  0  0  0  0  0  0  0  0  0  0  0  0  0  0  0  0  0  0  0  0 0 0 0 
1441317451  0  0  35  0  0  0  0  0  0  0  0  0  0  0  0  0  0  0  0  0  0  0  0  0  0  0  0  0  0  0  0  0 0 0 0 
1441317452  0  0  36  0  0  0  0  0  0  0  0  0  0  0  0  0  0  0  0  0  0  0  0  0  0  0  0  0  0  0  0  0 0 0 0 
1441317452  0  0  37  0  0  0  0  0  0  0  0  0  0  0  0  0  0  0  0  0  0  0  0  0  0  0  0  0  0  0  0  0 0 0 0 
1441317453  0  0  38  0  0  0  0  0  0  0  0  0  0  0  0  0  0  0  0  0  0  0  0  0  0  0  0  0  0  0  0  0 0 0 0 
1441317453  0  0  39  0  0  0  0  0  0  0  0  0  0  0  0  0  0  0  0  0  0  0  0  0  0  0  0  0  0  0  0  0 0 0 0 
1441317454  0  0  40  0  0  0  0  0  0  0  0  0  0  0  0  0  0  0  0  0  0  0  0  0  0  0  0  0  0  0  0  0 0 0 0 
1441317454  0  0  40  0  0  0  0  0  0  0  0  0  0  0  0  0  0  0  0  0  0  0  0  0  0  0  0  0  0  0  0  0 0 0 0 
1441317455  0  0  41  0  0  0  0  0  0  0  0  0  0  0  0  0  0  0  0  0  0  0  0  0  0  0  0  0  0  0  0  0 0 0 0 
1441317455  0  0  42  0  0  0  0  0  0  0  0  0  0  0  0  0  0  0  0  0  0  0  0  0  0  0  0  0  0  0  0  0 0 0 0 
1441317456  0  0  43  0  0  0  0  0  0  0  0  0  0  0  0  0  0  0  0  0  0  0  0  0  0  0  0  0  0  0  0  0 0 0 0 
1441317456  0  0  44  0  0  0  0  0  0  0  0  0  0  0  0  0  0  0  0  0  0  0  0  0  0  0  0  0  0  0  0  0 0 0 0 
1441317457  0  0  45  0  0  0  0  0  0  0  0  0  0  0  0  0  0  0  0  0  0  0  0  0  0  0  0  0  0  0  0  0 0 0 0 
1441317457  0  0  46  0  0  0  0  0  0  0  0  0  0  0  0  0  0  0  0  0  0  0  0  0  0  0  0  0  0  0  0  0 0 0 0 
1441317458  0  0  47  0  0  0  0  0  0  0  0  0  0  0  0  0  0  0  0  0  0  0  0  0  0  0  0  0  0  0  0  0 0 0 0 
1441317458  0  0  47  0  0  0  0  0  0  0  0  0  0  0  0  0  0  0  0  0  0  0  0  0  0  0  0  0  0  0  0  0 0 0 0 
1441317459  0  0  48  0  0  0  0  0  0  0  0  0  0  0  0  0  0  0  0  0  0  0  0  0  0  0  0  0  0  0  0  0 0 0 0 
1441317459  0  0  49  0  0  0  0  0  0  0  0  0  0  0  0  0  0  0  0  0  0  0  0  0  0  0  0  0  0  0  0  0 0 0 0 
1441317460  0  0  50  0  0  0  0  0  0  0  0  0  0  0  0  0  0  0  0  0  0  0  0  0  0  0  0  0  0  0  0  0 0 0 0 
1441317460  0  0  51  0  0  0  0  0  0  0  0  0  0  0  0  0  0  0  0  0  0  0  0  0  0  0  0  0  0  0  0  0 0 0 0 
1441317461  0  0  52  0  0  0  0  0  0  0  0  0  0  0  0  0  0  0  0  0  0  0  0  0  0  0  0  0  0  0  0  0 0 0 0 
1441317461  0  0  53  0  0  0  0  0  0  0  0  0  0  0  0  0  0  0  0  0  0  0  0  0  0  0  0  0  0  0  0  0 0 0 0 
1441317462  0  0  54  0  0  0  0  0  0  0  0  0  0  0  0  0  0  0  0  0  0  0  0  0  0  0  0  0  0  0  0  0 0 0 0 
1441317462  0  0  54  0  0  0  0  0  0  0  0  0  0  0  0  0  0  0  0  0  0  0  0  0  0  0  0  0  0  0  0  0 0 0 0 
1441317463  0  0  55  0  0  0  0  0  0  0  0  0  0  0  0  0  0  0  0  0  0  0  0  0  0  0  0  0  0  0  0  0 0 0 0 
1441317463  0  0  56  0  0  0  0  0  0  0  0  0  0  0  0  0  0  0  0  0  0  0  0  0  0  0  0  0  0  0  0  0 0 0 0 
1441317464  0  0  57  0  0  0  0  0  0  0  0  0  0  0  0  0  0  0  0  0  0  0  0  0  0  0  0  0  0  0  0  0 0 0 0 
1441317464  0  0  58  0  0  0  0  0  0  0  0  0  0  0  0  0  0  0  0  0  0  0  0  0  0  0  0  0  0  0  0  0 0 0 0 
1441317465  0  0  59  0  0  0  0  0  0  0  0  0  0  0  0  0  0  0  0  0  0  0  0  0  0  0  0  0  0  0  0  0 0 0 0 
1441317465  0  0  60  0  0  0  0  0  0  0  0  0  0  0  0  0  0  0  0  0  0  0  0  0  0  0  0  0  0  0  0  0 0 0 0 
1441317466  0  0  60  0  0  0  0  0  0  0  0  0  0  0  0  0  0  0  0  0  0  0  0  0  0  0  0  0  0  0  0  0 0 0 0 
1441317466  0  0  61  0  0  0  0  0  0  0  0  0  0  0  0  0  0  0  0  0  0  0  0  0  0  0  0  0  0  0  0  0 0 0 0 
1441317467  0  0  62  0  0  0  0  0  0  0  0  0  0  0  0  0  0  0  0  0  0  0  0  0  0  0  0  0  0  0  0  0 0 0 0 
1441317467  0  0  63  0  0  0  0  0  0  0  0  0  0  0  0  0  0  0  0  0  0  0  0  0  0  0  0  0  0  0  0  0 0 0 0 
1441317468  0  0  64  0  0  0  0  0  0  0  0  0  0  0  0  0  0  0  0  0  0  0  0  0  0  0  0  0  0  0  0  0 0 0 0 
1441317468  0  0  65  0  0  0  0  0  0  0  0  0  0  0  0  0  0  0  0  0  0  0  0  0  0  0  0  0  0  0  0  0 0 0 0 
1441317469  0  0  66  0  0  0  0  0  0  0  0  0  0  0  0  0  0  0  0  0  0  0  0  0  0  0  0  0  0  0  0  0 0 0 0 
1441317470  0  0  66  0  0  0  0  0  0  0  0  0  0  0  0  0  0  0  0  0  0  0  0  0  0  0  0  0  0  0  0  0 0 0 0 
1441317470  0  0  67  0  0  0  0  0  0  0  0  0  0  0  0  0  0  0  0  0  0  0  0  0  0  0  0  0  0  0  0  0 0 0 0 
1441317471  0  0  68  0  0  0  0  0  0  0  0  0  0  0  0  0  0  0  0  0  0  0  0  0  0  0  0  0  0  0  0  0 0 0 0 
1441317471  0  0  69  0  0  0  0  0  0  0  0  0  0  0  0  0  0  0  0  0  0  0  0  0  0  0  0  0  0  0  0  0 0 0 0 
1441317472  0  0  70  0  0  0  0  0  0  0  0  0  0  0  0  0  0  0  0  0  0  0  0  0  0  0  0  0  0  0  0  0 0 0 0 
1441317472  0  0  71  0  0  0  0  0  0  0  0  0  0  0  0  0  0  0  0  0  0  0  0  0  0  0  0  0  0  0  0  0 0 0 0 
1441317473  0  0  72  0  0  0  0  0  0  0  0  0  0  0  0  0  0  0  0  0  0  0  0  0  0  0  0  0  0  0  0  0 0 0 0 
1441317473  0  0  72  0  0  0  0  0  0  0  0  0  0  0  0  0  0  0  0  0  0  0  0  0  0  0  0  0  0  0  0  0 0 0 0 
1441317474  0  0  73  0  0  0  0  0  0  0  0  0  0  0  0  0  0  0  0  0  0  0  0  0  0  0  0  0  0  0  0  0 0 0 0 
1441317474  0  0  74  0  0  0  0  0  0  0  0  0  0  0  0  0  0  0  0  0  0  0  0  0  0  0  0  0  0  0  0  0 0 0 0 
1441317475  0  0  75  0  0  0  0  0  0  0  0  0  0  0  0  0  0  0  0  0  0  0  0  0  0  0  0  0  0  0  0  0 0 0 0 
1441317475  0  0  76  0  0  0  0  0  0  0  0  0  0  0  0  0  0  0  0  0  0  0  0  0  0  0  0  0  0  0  0  0 0 0 0 
1441317476  0  0  77  0  0  0  0  0  0  0  0  0  0  0  0  0  0  0  0  0  0  0  0  0  0  0  0  0  0  0  0  0 0 0 0 
1441317476  0  0  78  0  0  0  0  0  0  0  0  0  0  0  0  0  0  0  0  0  0  0  0  0  0  0  0  0  0  0  0  0 0 0 0 
1441317477  0  0  78  0  0  0  0  0  0  0  0  0  0  0  0  0  0  0  0  0  0  0  0  0  0  0  0  0  0  0  0  0 0 0 0 
1441317477  0  0  79  0  0  0  0  0  0  0  0  0  0  0  0  0  0  0  0  0  0  0  0  0  0  0  0  0  0  0  0  0 0 0 0 
1441317478  0  0  80  0  0  0  0  0  0  0  0  0  0  0  0  0  0  0  0  0  0  0  0  0  0  0  0  0  0  0  0  0 0 0 0 
1441317478  0  0  130  0  0  0  0  0  0  49  0  0  0  0  0  0  0  0  0  0  0  0  0  0  0  0  0  0  0  0  0  0 0 0 0 
1441317479  0  0  178  0  0  0  0  0  0  79  0  0  0  0  0  0  0  0  0  0  0  0  0  0  0  0  0  0  0  0  0  0 0 0 0 
1441317479  0  0  179  0  0  0  0  0  0  79  0  0  0  0  0  0  0  0  0  0  0  0  0  0  0  0  0  0  0  0  0  0 0 0 0 
1441317480  0  0  179  0  0  0  0  0  0  79  0  0  0  0  0  0  0  0  0  0  0  0  0  0  0  0  0  0  0  0  0  0 0 0 0 
1441317480  0  0  180  0  0  0  0  0  0  79  0  0  0  0  0  0  0  0  0  0  0  0  0  0  0  0  0  0  0  0  0  0 0 0 0 
1441317481  0  0  181  0  0  0  0  0  0  79  0  0  0  0  0  0  0  0  0  0  0  0  0  0  0  0  0  0  0  0  0  0 0 0 0 
1441317481  0  0  182  0  0  0  0  0  0  79  0  0  0  0  0  0  0  0  0  0  0  0  0  0  0  0  0  0  0  0  0  0 0 0 0 
1441317482  0  0  183  0  0  0  0  0  0  79  0  0  0  0  0  0  0  0  0  0  0  0  0  0  0  0  0  0  0  0  0  0 0 0 0 
1441317482  0  0  184  0  0  0  0  0  0  79  0  0  0  0  0  0  0  0  0  0  0  0  0  0  0  0  0  0  0  0  0  0 0 0 0 
1441317483  0  0  185  0  0  0  0  0  0  79  0  0  0  0  0  0  0  0  0  0  0  0  0  0  0  0  0  0  0  0  0  0 0 0 0 
1441317483  0  0  185  0  0  0  0  0  0  79  0  0  0  0  0  0  0  0  0  0  0  0  0  0  0  0  0  0  0  0  0  0 0 0 0 
1441317484  0  0  186  0  0  0  0  0  0  79  0  0  0  0  0  0  0  0  0  0  0  0  0  0  0  0  0  0  0  0  0  0 0 0 0 
1441317484  0  0  187  0  0  0  0  0  0  79  0  0  0  0  0  0  0  0  0  0  0  0  0  0  0  0  0  0  0  0  0  0 0 0 0 
1441317485  0  0  188  0  0  0  0  0  0  79  0  0  0  0  0  0  0  0  0  0  0  0  0  0  0  0  0  0  0  0  0  0 0 0 0 
1441317485  0  0  189  0  0  0  0  0  0  79  0  0  0  0  0  0  0  0  0  0  0  0  0  0  0  0  0  0  0  0  0  0 0 0 0 
1441317486  0  0  190  0  0  0  0  0  0  79  0  0  0  0  0  0  0  0  0  0  0  0  0  0  0  0  0  0  0  0  0  0 0 0 0 
1441317486  0  0  191  0  0  0  0  0  0  79  0  0  0  0  0  0  0  0  0  0  0  0  0  0  0  0  0  0  0  0  0  0 0 0 0 
1441317487  0  0  191  0  0  0  0  0  0  79  0  0  0  0  0  0  0  0  0  0  0  0  0  0  0  0  0  0  0  0  0  0 0 0 0 
1441317487  0  0  192  0  0  0  0  0  0  79  0  0  0  0  0  0  0  0  0  0  0  0  0  0  0  0  0  0  0  0  0  0 0 0 0 
1441317488  0  0  193  0  0  0  0  0  0  79  0  0  0  0  0  0  0  0  0  0  0  0  0  0  0  0  0  0  0  0  0  0 0 0 0 
1441317488  0  0  194  0  0  0  0  0  0  79  0  0  0  0  0  0  0  0  0  0  0  0  0  0  0  0  0  0  0  0  0  0 0 0 0 
1441317489  0  0  195  0  0  0  0  0  0  79  0  0  0  0  0  0  0  0  0  0  0  0  0  0  0  0  0  0  0  0  0  0 0 0 0 
1441317489  0  0  196  0  0  0  0  0  0  79  0  0  0  0  0  0  0  0  0  0  0  0  0  0  0  0  0  0  0  0  0  0 0 0 0 
1441317490  0  0  197  0  0  0  0  0  0  79  0  0  0  0  0  0  0  0  0  0  0  0  0  0  0  0  0  0  0  0  0  0 0 0 0 
1441317490  0  0  197  0  0  0  0  0  0  79  0  0  0  0  0  0  0  0  0  0  0  0  0  0  0  0  0  0  0  0  0  0 0 0 0 
1441317491  0  0  198  0  0  0  0  0  0  79  0  0  0  0  0  0  0  0  0  0  0  0  0  0  0  0  0  0  0  0  0  0 0 0 0 
1441317491  0  0  199  0  0  0  0  0  0  79  0  0  0  0  0  0  0  0  0  0  0  0  0  0  0  0  0  0  0  0  0  0 0 0 0 
1441317492  0  0  200  0  0  0  0  0  0  79  0  0  0  0  0  0  0  0  0  0  0  0  0  0  0  0  0  0  0  0  0  0 0 0 0 
1441317492  0  0  201  0  0  0  0  0  0  79  0  0  0  0  0  0  0  0  0  0  0  0  0  0  0  0  0  0  0  0  0  0 0 0 0 
1441317493  0  0  202  0  0  0  0  0  0  79  0  0  0  0  0  0  0  0  0  0  0  0  0  0  0  0  0  0  0  0  0  0 0 0 0 
1441317493  0  0  203  0  0  0  0  0  0  79  0  0  0  0  0  0  0  0  0  0  0  0  0  0  0  0  0  0  0  0  0  0 0 0 0 
1441317494  0  0  203  0  0  0  0  0  0  79  0  0  0  0  0  0  0  0  0  0  0  0  0  0  0  0  0  0  0  0  0  0 0 0 0 
1441317494  0  0  204  0  0  0  0  0  0  79  0  0  0  0  0  0  0  0  0  0  0  0  0  0  0  0  0  0  0  0  0  0 0 0 0 
1441317495  0  0  205  0  0  0  0  0  0  79  0  0  0  0  0  0  0  0  0  0  0  0  0  0  0  0  0  0  0  0  0  0 0 0 0 
1441317495  0  0  206  0  0  0  0  0  0  79  0  0  0  0  0  0  0  0  0  0  0  0  0  0  0  0  0  0  0  0  0  0 0 0 0 
1441317496  0  0  207  0  0  0  0  0  0  79  0  0  0  0  0  0  0  0  0  0  0  0  0  0  0  0  0  0  0  0  0  0 0 0 0 
1441317496  0  0  208  0  0  0  0  0  0  79  0  0  0  0  0  0  0  0  0  0  0  0  0  0  0  0  0  0  0  0  0  0 0 0 0 
1441317497  0  0  209  0  0  0  0  0  0  79  0  0  0  0  0  0  0  0  0  0  0  0  0  0  0  0  0  0  0  0  0  0 0 0 0 
1441317497  0  0  209  0  0  0  0  0  0  79  0  0  0  0  0  0  0  0  0  0  0  0  0  0  0  0  0  0  0  0  0  0 0 0 0 
1441317498  0  0  210  0  0  0  0  0  0  79  0  0  0  0  0  0  0  0  0  0  0  0  0  0  0  0  0  0  0  0  0  0 0 0 0 
1441317498  0  0  211  0  0  0  0  0  0  79  0  0  0  0  0  0  0  0  0  0  0  0  0  0  0  0  0  0  0  0  0  0 0 0 0 
1441317499  0  0  212  0  0  0  0  0  0  79  0  0  0  0  0  0  0  0  0  0  0  0  0  0  0  0  0  0  0  0  0  0 0 0 0 
1441317499  0  0  213  0  0  0  0  0  0  79  0  0  0  0  0  0  0  0  0  0  0  0  0  0  0  0  0  0  0  0  0  0 0 0 0 
1441317500  0  0  214  0  0  0  0  0  0  79  0  0  0  0  0  0  0  0  0  0  0  0  0  0  0  0  0  0  0  0  0  0 0 0 0 
1441317500  0  0  215  0  0  0  0  0  0  79  0  0  0  0  0  0  0  0  0  0  0  0  0  0  0  0  0  0  0  0  0  0 0 0 0 
1441317501  0  0  216  0  0  0  0  0  0  79  0  0  0  0  0  0  0  0  0  0  0  0  0  0  0  0  0  0  0  0  0  0 0 0 0 
1441317501  0  0  216  0  0  0  0  0  0  79  0  0  0  0  0  0  0  0  0  0  0  0  0  0  0  0  0  0  0  0  0  0 0 0 0 
1441317502  0  0  217  0  0  0  0  0  0  79  0  0  0  0  0  0  0  0  0  0  0  0  0  0  0  0  0  0  0  0  0  0 0 0 0 
1441317502  0  0  218  0  0  0  0  0  0  79  0  0  0  0  0  0  0  0  0  0  0  0  0  0  0  0  0  0  0  0  0  0 0 0 0 
1441317503  0  0  219  0  0  0  0  0  0  79  0  0  0  0  0  0  0  0  0  0  0  0  0  0  0  0  0  0  0  0  0  0 0 0 0 
1441317503  0  0  220  0  0  0  0  0  0  79  0  0  0  0  0  0  0  0  0  0  0  0  0  0  0  0  0  0  0  0  0  0 0 0 0 
1441317504  0  0  221  0  0  0  0  0  0  79  0  0  0  0  0  0  0  0  0  0  0  0  0  0  0  0  0  0  0  0  0  0 0 0 0 
1441317504  0  0  222  0  0  0  0  0  0  79  0  0  0  0  0  0  0  0  0  0  0  0  0  0  0  0  0  0  0  0  0  0 0 0 0 
1441317505  0  0  222  0  0  0  0  0  0  79  0  0  0  0  0  0  0  0  0  0  0  0  0  0  0  0  0  0  0  0  0  0 0 0 0 
1441317505  0  0  223  0  0  0  0  0  0  79  0  0  0  0  0  0  0  0  0  0  0  0  0  0  0  0  0  0  0  0  0  0 0 0 0 
1441317506  0  0  226  0  0  0  0  0  0  79  0  0  0  0  0  0  0  0  0  0  0  0  0  0  0  0  0  0  0  0  0  0 0 0 0 
1441317506  0  0  227  0  0  0  0  0  0  79  0  0  0  0  0  0  0  0  0  0  0  0  0  0  0  0  0  0  0  0  0  0 0 0 0 
1441317507  0  0  228  0  0  0  0  0  0  79  0  0  0  0  0  0  0  0  0  0  0  0  0  0  0  0  0  0  0  0  0  0 0 0 0 
1441317509  0  0  231  0  0  0  0  0  0  79  0  0  0  0  0  0  0  0  0  0  0  0  0  0  0  0  0  0  0  0  0  0 0 0 0 
1441317509  0  0  232  0  0  0  0  0  0  79  0  0  0  0  0  0  0  0  0  0  0  0  0  0  0  0  0  0  0  0  0  0 0 0 0 
1441317510  0  0  232  0  0  0  0  0  0  79  0  0  0  0  0  0  0  0  0  0  0  0  0  0  0  0  0  0  0  0  0  0 0 0 0 
1441317511  0  0  233  0  0  0  0  0  0  79  0  0  0  0  0  0  0  0  0  0  0  0  0  0  0  0  0  0  0  0  0  0 0 0 0 
1441317511  0  0  234  0  0  0  0  0  0  79  0  0  0  0  0  0  0  0  0  0  0  0  0  0  0  0  0  0  0  0  0  0 0 0 0 
1441317512  0  0  235  0  0  0  0  0  0  79  0  0  0  0  0  0  0  0  0  0  0  0  0  0  0  0  0  0  0  0  0  0 0 0 0 
1441317512  0  0  236  0  0  0  0  0  0  79  0  0  0  0  0  0  0  0  0  0  0  0  0  0  0  0  0  0  0  0  0  0 0 0 0 
1441317513  0  0  940  0  0  0  0  0  0  781  0  0  0  0  0  0  0  0  0  0  0  0  0  0  0  0  0  0  0  0  0  0 0 0 0 
1441317513  0  0  1492  0  0  0  0  0  0  1332  0  0  0  0  0  0  0  0  0  0  0  0  0  0  0  0  0  0  0  0  0  0 0 0 0 
1441317514  0  0  1492  0  0  0  0  0  0  1332  0  0  0  0  0  0  0  0  0  0  0  0  0  0  0  0  0  0  0  0  0  0 0 0 0 
1441317514  0  0  1867  0  0  0  0  0  0  1706  0  0  0  0  0  0  0  0  0  0  0  0  0  0  0  0  0  0  0  0  0  0 0 0 0 
1441317515  0  0  2245  0  0  0  0  0  0  2083  0  0  0  0  0  0  0  0  0  0  0  0  0  0  0  0  0  0  0  0  0  0 0 0 0 
1441317515  0  0  2701  0  0  0  0  0  0  2528  0  0  0  0  0  0  0  0  0  0  0  0  0  0  0  0  0  0  0  0  0  0 0 0 0 
1441317516  0  0  3448  0  0  0  0  0  0  3231  0  0  0  0  0  0  0  0  0  0  0  0  0  0  0  0  0  0  0  0  0  0 0 0 0 
1441317516  0  0  4586  0  0  0  0  0  0  4361  0  0  0  0  0  0  0  0  0  0  0  0  0  0  0  0  0  0  0  0  0  0 0 0 0 
1441317517  0  0  5133  0  0  0  0  0  0  4899  0  0  0  0  0  0  0  0  0  0  0  0  0  0  0  0  0  0  0  0  0  0 0 0 0 
1441317517  0  0  5133  0  0  0  0  0  0  4899  0  0  0  0  0  0  0  0  0  0  0  0  0  0  0  0  0  0  0  0  0  0 0 0 0 
1441317518  0  0  5209  0  0  0  0  0  0  4974  0  0  0  0  0  0  0  0  0  0  0  0  0  0  0  0  0  0  0  0  0  0 0 0 0 
1441317518  0  0  5210  0  0  0  0  0  0  4974  0  0  0  0  0  0  0  0  0  0  0  0  0  0  0  0  0  0  0  0  0  0 0 0 0 
1441317519  0  0  5211  0  0  0  0  0  0  4974  0  0  0  0  0  0  0  0  0  0  0  0  0  0  0  0  0  0  0  0  0  0 0 0 0 
1441317519  0  0  5212  0  0  0  0  0  0  4974  0  0  0  0  0  0  0  0  0  0  0  0  0  0  0  0  0  0  0  0  0  0 0 0 0 
1441317520  0  0  5213  0  0  0  0  0  0  4974  0  0  0  0  0  0  0  0  0  0  0  0  0  0  0  0  0  0  0  0  0  0 0 0 0 
1441317520  0  0  5214  0  0  0  0  0  0  4974  0  0  0  0  0  0  0  0  0  0  0  0  0  0  0  0  0  0  0  0  0  0 0 0 0 
1441317521  0  0  5214  0  0  0  0  0  0  4974  0  0  0  0  0  0  0  0  0  0  0  0  0  0  0  0  0  0  0  0  0  0 0 0 0 
1441317521  0  0  5215  0  0  0  0  0  0  4974  0  0  0  0  0  0  0  0  0  0  0  0  0  0  0  0  0  0  0  0  0  0 0 0 0 
1441317522  0  0  5216  0  0  0  0  0  0  4974  0  0  0  0  0  0  0  0  0  0  0  0  0  0  0  0  0  0  0  0  0  0 0 0 0 
1441317522  0  0  5217  0  0  0  0  0  0  4974  0  0  0  0  0  0  0  0  0  0  0  0  0  0  0  0  0  0  0  0  0  0 0 0 0 
1441317523  0  0  5218  0  0  0  0  0  0  4974  0  0  0  0  0  0  0  0  0  0  0  0  0  0  0  0  0  0  0  0  0  0 0 0 0 
1441317523  0  0  5219  0  0  0  0  0  0  4974  0  0  0  0  0  0  0  0  0  0  0  0  0  0  0  0  0  0  0  0  0  0 0 0 0 
1441317524  0  0  5220  0  0  0  0  0  0  4974  0  0  0  0  0  0  0  0  0  0  0  0  0  0  0  0  0  0  0  0  0  0 0 0 0 
1441317524  0  0  5220  0  0  0  0  0  0  4974  0  0  0  0  0  0  0  0  0  0  0  0  0  0  0  0  0  0  0  0  0  0 0 0 0 
1441317525  0  0  5221  0  0  0  0  0  0  4974  0  0  0  0  0  0  0  0  0  0  0  0  0  0  0  0  0  0  0  0  0  0 0 0 0 
1441317525  0  0  5222  0  0  0  0  0  0  4974  0  0  0  0  0  0  0  0  0  0  0  0  0  0  0  0  0  0  0  0  0  0 0 0 0 
1441317526  0  0  5223  0  0  0  0  0  0  4974  0  0  0  0  0  0  0  0  0  0  0  0  0  0  0  0  0  0  0  0  0  0 0 0 0 
1441317526  0  0  5224  0  0  0  0  0  0  4974  0  0  0  0  0  0  0  0  0  0  0  0  0  0  0  0  0  0  0  0  0  0 0 0 0 
1441317527  0  0  5225  0  0  0  0  0  0  4974  0  0  0  0  0  0  0  0  0  0  0  0  0  0  0  0  0  0  0  0  0  0 0 0 0 
1441317527  0  0  5226  0  0  0  0  0  0  4974  0  0  0  0  0  0  0  0  0  0  0  0  0  0  0  0  0  0  0  0  0  0 0 0 0 
1441317528  0  0  5226  0  0  0  0  0  0  4974  0  0  0  0  0  0  0  0  0  0  0  0  0  0  0  0  0  0  0  0  0  0 0 0 0 
1441317528  0  0  5227  0  0  0  0  0  0  4974  0  0  0  0  0  0  0  0  0  0  0  0  0  0  0  0  0  0  0  0  0  0 0 0 0 
1441317529  0  0  5228  0  0  0  0  0  0  4974  0  0  0  0  0  0  0  0  0  0  0  0  0  0  0  0  0  0  0  0  0  0 0 0 0 
1441317529  0  0  5229  0  0  0  0  0  0  4974  0  0  0  0  0  0  0  0  0  0  0  0  0  0  0  0  0  0  0  0  0  0 0 0 0 
1441317530  0  0  5230  0  0  0  0  0  0  4974  0  0  0  0  0  0  0  0  0  0  0  0  0  0  0  0  0  0  0  0  0  0 0 0 0 
1441317530  0  0  5231  0  0  0  0  0  0  4974  0  0  0  0  0  0  0  0  0  0  0  0  0  0  0  0  0  0  0  0  0  0 0 0 0 
1441317531  0  0  5232  0  0  0  0  0  0  4974  0  0  0  0  0  0  0  0  0  0  0  0  0  0  0  0  0  0  0  0  0  0 0 0 0 
1441317531  0  0  5232  0  0  0  0  0  0  4974  0  0  0  0  0  0  0  0  0  0  0  0  0  0  0  0  0  0  0  0  0  0 0 0 0 
1441317532  0  0  5233  0  0  0  0  0  0  4974  0  0  0  0  0  0  0  0  0  0  0  0  0  0  0  0  0  0  0  0  0  0 0 0 0 
1441317532  0  0  5234  0  0  0  0  0  0  4974  0  0  0  0  0  0  0  0  0  0  0  0  0  0  0  0  0  0  0  0  0  0 0 0 0 
1441317533  0  0  5235  0  0  0  0  0  0  4974  0  0  0  0  0  0  0  0  0  0  0  0  0  0  0  0  0  0  0  0  0  0 0 0 0 
1441317533  0  0  5236  0  0  0  0  0  0  4974  0  0  0  0  0  0  0  0  0  0  0  0  0  0  0  0  0  0  0  0  0  0 0 0 0 
1441317534  0  0  5237  0  0  0  0  0  0  4974  0  0  0  0  0  0  0  0  0  0  0  0  0  0  0  0  0  0  0  0  0  0 0 0 0 
1441317534  0  0  5238  0  0  0  0  0  0  4974  0  0  0  0  0  0  0  0  0  0  0  0  0  0  0  0  0  0  0  0  0  0 0 0 0 
1441317535  0  0  5238  0  0  0  0  0  0  4974  0  0  0  0  0  0  0  0  0  0  0  0  0  0  0  0  0  0  0  0  0  0 0 0 0 
1441317535  0  0  5239  0  0  0  0  0  0  4974  0  0  0  0  0  0  0  0  0  0  0  0  0  0  0  0  0  0  0  0  0  0 0 0 0 
1441317536  0  0  5240  0  0  0  0  0  0  4974  0  0  0  0  0  0  0  0  0  0  0  0  0  0  0  0  0  0  0  0  0  0 0 0 0 
1441317536  0  0  5241  0  0  0  0  0  0  4974  0  0  0  0  0  0  0  0  0  0  0  0  0  0  0  0  0  0  0  0  0  0 0 0 0 
1441317537  0  0  5242  0  0  0  0  0  0  4974  0  0  0  0  0  0  0  0  0  0  0  0  0  0  0  0  0  0  0  0  0  0 0 0 0 
1441317537  0  0  5243  0  0  0  0  0  0  4974  0  0  0  0  0  0  0  0  0  0  0  0  0  0  0  0  0  0  0  0  0  0 0 0 0 
1441317538  0  0  5244  0  0  0  0  0  0  4974  0  0  0  0  0  0  0  0  0  0  0  0  0  0  0  0  0  0  0  0  0  0 0 0 0 
1441317538  0  0  5244  0  0  0  0  0  0  4974  0  0  0  0  0  0  0  0  0  0  0  0  0  0  0  0  0  0  0  0  0  0 0 0 0 
1441317539  0  0  5245  0  0  0  0  0  0  4974  0  0  0  0  0  0  0  0  0  0  0  0  0  0  0  0  0  0  0  0  0  0 0 0 0 
1441317539  0  0  5246  0  0  0  0  0  0  4974  0  0  0  0  0  0  0  0  0  0  0  0  0  0  0  0  0  0  0  0  0  0 0 0 0 
1441317540  0  0  5247  0  0  0  0  0  0  4974  0  0  0  0  0  0  0  0  0  0  0  0  0  0  0  0  0  0  0  0  0  0 0 0 0 
1441317540  0  0  5248  0  0  0  0  0  0  4974  0  0  0  0  0  0  0  0  0  0  0  0  0  0  0  0  0  0  0  0  0  0 0 0 0 
1441317541  0  0  5249  0  0  0  0  0  0  4974  0  0  0  0  0  0  0  0  0  0  0  0  0  0  0  0  0  0  0  0  0  0 0 0 0 
1441317541  0  0  5250  0  0  0  0  0  0  4974  0  0  0  0  0  0  0  0  0  0  0  0  0  0  0  0  0  0  0  0  0  0 0 0 0 
1441317542  0  0  5250  0  0  0  0  0  0  4974  0  0  0  0  0  0  0  0  0  0  0  0  0  0  0  0  0  0  0  0  0  0 0 0 0 
1441317542  0  0  5251  0  0  0  0  0  0  4974  0  0  0  0  0  0  0  0  0  0  0  0  0  0  0  0  0  0  0  0  0  0 0 0 0 
1441317543  0  0  5252  0  0  0  0  0  0  4974  0  0  0  0  0  0  0  0  0  0  0  0  0  0  0  0  0  0  0  0  0  0 0 0 0 
1441317543  0  0  5253  0  0  0  0  0  0  4974  0  0  0  0  0  0  0  0  0  0  0  0  0  0  0  0  0  0  0  0  0  0 0 0 0 
1441317544  0  0  5254  0  0  0  0  0  0  4974  0  0  0  0  0  0  0  0  0  0  0  0  0  0  0  0  0  0  0  0  0  0 0 0 0 
1441317544  0  0  5255  0  0  0  0  0  0  4974  0  0  0  0  0  0  0  0  0  0  0  0  0  0  0  0  0  0  0  0  0  0 0 0 0 
1441317545  0  0  5256  0  0  0  0  0  0  4974  0  0  0  0  0  0  0  0  0  0  0  0  0  0  0  0  0  0  0  0  0  0 0 0 0 
1441317545  0  0  5256  0  0  0  0  0  0  4974  0  0  0  0  0  0  0  0  0  0  0  0  0  0  0  0  0  0  0  0  0  0 0 0 0 
1441317546  0  0  5257  0  0  0  0  0  0  4974  0  0  0  0  0  0  0  0  0  0  0  0  0  0  0  0  0  0  0  0  0  0 0 0 0 
1441317546  0  0  5258  0  0  0  0  0  0  4974  0  0  0  0  0  0  0  0  0  0  0  0  0  0  0  0  0  0  0  0  0  0 0 0 0 
1441317547  0  0  5259  0  0  0  0  0  0  4974  0  0  0  0  0  0  0  0  0  0  0  0  0  0  0  0  0  0  0  0  0  0 0 0 0 
1441317547  0  0  5260  0  0  0  0  0  0  4974  0  0  0  0  0  0  0  0  0  0  0  0  0  0  0  0  0  0  0  0  0  0 0 0 0 
1441317548  0  0  5261  0  0  0  0  0  0  4974  0  0  0  0  0  0  0  0  0  0  0  0  0  0  0  0  0  0  0  0  0  0 0 0 0 
1441317548  0  0  5262  0  0  0  0  0  0  4974  0  0  0  0  0  0  0  0  0  0  0  0  0  0  0  0  0  0  0  0  0  0 0 0 0 
1441317549  0  0  5262  0  0  0  0  0  0  4974  0  0  0  0  0  0  0  0  0  0  0  0  0  0  0  0  0  0  0  0  0  0 0 0 0 
1441317549  0  0  5263  0  0  0  0  0  0  4974  0  0  0  0  0  0  0  0  0  0  0  0  0  0  0  0  0  0  0  0  0  0 0 0 0 
1441317550  0  0  5264  0  0  0  0  0  0  4974  0  0  0  0  0  0  0  0  0  0  0  0  0  0  0  0  0  0  0  0  0  0 0 0 0 
1441317550  0  0  5265  0  0  0  0  0  0  4974  0  0  0  0  0  0  0  0  0  0  0  0  0  0  0  0  0  0  0  0  0  0 0 0 0 
1441317551  0  0  5266  0  0  0  0  0  0  4974  0  0  0  0  0  0  0  0  0  0  0  0  0  0  0  0  0  0  0  0  0  0 0 0 0 
1441317551  0  0  5267  0  0  0  0  0  0  4974  0  0  0  0  0  0  0  0  0  0  0  0  0  0  0  0  0  0  0  0  0  0 0 0 0 
1441317552  0  0  5268  0  0  0  0  0  0  4974  0  0  0  0  0  0  0  0  0  0  0  0  0  0  0  0  0  0  0  0  0  0 0 0 0 
1441317553  0  0  5268  0  0  0  0  0  0  4974  0  0  0  0  0  0  0  0  0  0  0  0  0  0  0  0  0  0  0  0  0  0 0 0 0 
1441317553  0  0  5269  0  0  0  0  0  0  4974  0  0  0  0  0  0  0  0  0  0  0  0  0  0  0  0  0  0  0  0  0  0 0 0 0 
1441317554  0  0  5270  0  0  0  0  0  0  4974  0  0  0  0  0  0  0  0  0  0  0  0  0  0  0  0  0  0  0  0  0  0 0 0 0 
1441317554  0  0  5271  0  0  0  0  0  0  4974  0  0  0  0  0  0  0  0  0  0  0  0  0  0  0  0  0  0  0  0  0  0 0 0 0 
1441317555  0  0  5272  0  0  0  0  0  0  4974  0  0  0  0  0  0  0  0  0  0  0  0  0  0  0  0  0  0  0  0  0  0 0 0 0 
1441317555  0  0  5273  0  0  0  0  0  0  4974  0  0  0  0  0  0  0  0  0  0  0  0  0  0  0  0  0  0  0  0  0  0 0 0 0 
1441317556  0  0  5274  0  0  0  0  0  0  4974  0  0  0  0  0  0  0  0  0  0  0  0  0  0  0  0  0  0  0  0  0  0 0 0 0 
1441317556  0  0  5274  0  0  0  0  0  0  4974  0  0  0  0  0  0  0  0  0  0  0  0  0  0  0  0  0  0  0  0  0  0 0 0 0 
1441317557  0  0  5275  0  0  0  0  0  0  4974  0  0  0  0  0  0  0  0  0  0  0  0  0  0  0  0  0  0  0  0  0  0 0 0 0 
1441317557  0  0  5276  0  0  0  0  0  0  4974  0  0  0  0  0  0  0  0  0  0  0  0  0  0  0  0  0  0  0  0  0  0 0 0 0 
1441317558  0  0  5277  0  0  0  0  0  0  4974  0  0  0  0  0  0  0  0  0  0  0  0  0  0  0  0  0  0  0  0  0  0 0 0 0 
1441317558  0  0  5278  0  0  0  0  0  0  4974  0  0  0  0  0  0  0  0  0  0  0  0  0  0  0  0  0  0  0  0  0  0 0 0 0 
1441317559  0  0  5279  0  0  0  0  0  0  4974  0  0  0  0  0  0  0  0  0  0  0  0  0  0  0  0  0  0  0  0  0  0 0 0 0 
1441317559  0  0  5280  0  0  0  0  0  0  4974  0  0  0  0  0  0  0  0  0  0  0  0  0  0  0  0  0  0  0  0  0  0 0 0 0 
1441317560  0  0  5280  0  0  0  0  0  0  4974  0  0  0  0  0  0  0  0  0  0  0  0  0  0  0  0  0  0  0  0  0  0 0 0 0 
1441317560  0  0  5281  0  0  0  0  0  0  4974  0  0  0  0  0  0  0  0  0  0  0  0  0  0  0  0  0  0  0  0  0  0 0 0 0 
1441317561  0  0  5282  0  0  0  0  0  0  4974  0  0  0  0  0  0  0  0  0  0  0  0  0  0  0  0  0  0  0  0  0  0 0 0 0 
1441317561  0  0  5283  0  0  0  0  0  0  4974  0  0  0  0  0  0  0  0  0  0  0  0  0  0  0  0  0  0  0  0  0  0 0 0 0 
1441317562  0  0  5284  0  0  0  0  0  0  4974  0  0  0  0  0  0  0  0  0  0  0  0  0  0  0  0  0  0  0  0  0  0 0 0 0 
1441317562  0  0  5285  0  0  0  0  0  0  4974  0  0  0  0  0  0  0  0  0  0  0  0  0  0  0  0  0  0  0  0  0  0 0 0 0 
1441317563  0  0  5286  0  0  0  0  0  0  4974  0  0  0  0  0  0  0  0  0  0  0  0  0  0  0  0  0  0  0  0  0  0 0 0 0 
1441317563  0  0  5286  0  0  0  0  0  0  4974  0  0  0  0  0  0  0  0  0  0  0  0  0  0  0  0  0  0  0  0  0  0 0 0 0 
1441317564  0  0  5287  0  0  0  0  0  0  4974  0  0  0  0  0  0  0  0  0  0  0  0  0  0  0  0  0  0  0  0  0  0 0 0 0 
1441317564  0  0  5288  0  0  0  0  0  0  4974  0  0  0  0  0  0  0  0  0  0  0  0  0  0  0  0  0  0  0  0  0  0 0 0 0 
1441317565  0  0  5289  0  0  0  0  0  0  4974  0  0  0  0  0  0  0  0  0  0  0  0  0  0  0  0  0  0  0  0  0  0 0 0 0 
1441317565  0  0  5290  0  0  0  0  0  0  4974  0  0  0  0  0  0  0  0  0  0  0  0  0  0  0  0  0  0  0  0  0  0 0 0 0 
1441317566  0  0  5291  0  0  0  0  0  0  4974  0  0  0  0  0  0  0  0  0  0  0  0  0  0  0  0  0  0  0  0  0  0 0 0 0 
1441317566  0  0  5292  0  0  0  0  0  0  4974  0  0  0  0  0  0  0  0  0  0  0  0  0  0  0  0  0  0  0  0  0  0 0 0 0 
1441317567  0  0  5292  0  0  0  0  0  0  4974  0  0  0  0  0  0  0  0  0  0  0  0  0  0  0  0  0  0  0  0  0  0 0 0 0 
1441317567  0  0  5293  0  0  0  0  0  0  4974  0  0  0  0  0  0  0  0  0  0  0  0  0  0  0  0  0  0  0  0  0  0 0 0 0 
1441317568  0  0  5294  0  0  0  0  0  0  4974  0  0  0  0  0  0  0  0  0  0  0  0  0  0  0  0  0  0  0  0  0  0 0 0 0 
1441317568  0  0  5295  0  0  0  0  0  0  4974  0  0  0  0  0  0  0  0  0  0  0  0  0  0  0  0  0  0  0  0  0  0 0 0 0 
1441317569  0  0  5296  0  0  0  0  0  0  4974  0  0  0  0  0  0  0  0  0  0  0  0  0  0  0  0  0  0  0  0  0  0 0 0 0 
1441317569  0  0  5297  0  0  0  0  0  0  4974  0  0  0  0  0  0  0  0  0  0  0  0  0  0  0  0  0  0  0  0  0  0 0 0 0 
1441317570  0  0  5300  0  0  0  0  0  0  4975  0  0  0  0  0  0  0  0  0  0  0  0  0  0  0  0  0  0  0  0  0  0 0 0 0 
1441317570  0  0  5300  0  0  0  0  0  0  4975  0  0  0  0  0  0  0  0  0  0  0  0  0  0  0  0  0  0  0  0  0  0 0 0 0 
1441317571  0  0  5301  0  0  0  0  0  0  4975  0  0  0  0  0  0  0  0  0  0  0  0  0  0  0  0  0  0  0  0  0  0 0 0 0 
1441317571  0  0  5302  0  0  0  0  0  0  4975  0  0  0  0  0  0  0  0  0  0  0  0  0  0  0  0  0  0  0  0  0  0 0 0 0 
1441317572  0  0  5303  0  0  0  0  0  0  4975  0  0  0  0  0  0  0  0  0  0  0  0  0  0  0  0  0  0  0  0  0  0 0 0 0 
1441317572  0  0  5304  0  0  0  0  0  0  4975  0  0  0  0  0  0  0  0  0  0  0  0  0  0  0  0  0  0  0  0  0  0 0 0 0 
1441317573  0  0  5305  0  0  0  0  0  0  4975  0  0  0  0  0  0  0  0  0  0  0  0  0  0  0  0  0  0  0  0  0  0 0 0 0 
1441317573  0  0  5306  0  0  0  0  0  0  4975  0  0  0  0  0  0  0  0  0  0  0  0  0  0  0  0  0  0  0  0  0  0 0 0 0 
1441317574  0  0  5306  0  0  0  0  0  0  4975  0  0  0  0  0  0  0  0  0  0  0  0  0  0  0  0  0  0  0  0  0  0 0 0 0 
1441317574  0  0  5307  0  0  0  0  0  0  4975  0  0  0  0  0  0  0  0  0  0  0  0  0  0  0  0  0  0  0  0  0  0 0 0 0 
1441317575  0  0  5308  0  0  0  0  0  0  4975  0  0  0  0  0  0  0  0  0  0  0  0  0  0  0  0  0  0  0  0  0  0 0 0 0 
1441317575  0  0  5309  0  0  0  0  0  0  4975  0  0  0  0  0  0  0  0  0  0  0  0  0  0  0  0  0  0  0  0  0  0 0 0 0 
1441317576  0  0  5310  0  0  0  0  0  0  4975  0  0  0  0  0  0  0  0  0  0  0  0  0  0  0  0  0  0  0  0  0  0 0 0 0 
1441317576  0  0  5311  0  0  0  0  0  0  4975  0  0  0  0  0  0  0  0  0  0  0  0  0  0  0  0  0  0  0  0  0  0 0 0 0 
1441317577  0  0  5312  0  0  0  0  0  0  4975  0  0  0  0  0  0  0  0  0  0  0  0  0  0  0  0  0  0  0  0  0  0 0 0 0 
1441317577  0  0  5312  0  0  0  0  0  0  4975  0  0  0  0  0  0  0  0  0  0  0  0  0  0  0  0  0  0  0  0  0  0 0 0 0 
1441317578  0  0  5313  0  0  0  0  0  0  4975  0  0  0  0  0  0  0  0  0  0  0  0  0  0  0  0  0  0  0  0  0  0 0 0 0 
1441317578  0  0  5314  0  0  0  0  0  0  4975  0  0  0  0  0  0  0  0  0  0  0  0  0  0  0  0  0  0  0  0  0  0 0 0 0 
1441317579  0  0  5315  0  0  0  0  0  0  4975  0  0  0  0  0  0  0  0  0  0  0  0  0  0  0  0  0  0  0  0  0  0 0 0 0 
1441317579  0  0  5316  0  0  0  0  0  0  4975  0  0  0  0  0  0  0  0  0  0  0  0  0  0  0  0  0  0  0  0  0  0 0 0 0 
1441317580  0  179  8006  179  0  0  2452  0  0  5088  2452  0  6  0  6  247  0  247  0  0  2452  0  0  0  2452  0  0  0  2452  0  2452  0.0  100.0  0 0 
1441317580  0  179  8006  179  0  0  2452  0  0  5088  2452  0  6  0  6  247  0  247  0  0  2452  0  0  0  2452  0  0  0  2452  0  0  0.0  100.0  0 0 
1441317581  0  234  9710  179  0  0  2614  0  0  5093  3426  0  6  361  13  354  0  189  0  0  3426  5  0  0  2614  0  0  0  3426  0  974  0.0  100.0  0 0 
1441317581  0  234  9711  179  0  0  2614  0  0  5093  3426  0  6  361  13  354  0  189  0  0  3426  5  0  0  2614  0  0  0  3426  0  0  0.0  100.0  0 0 
1441317582  0  234  9712  179  0  0  2614  0  0  5093  3426  0  6  361  13  354  0  189  0  0  3426  5  0  0  2614  0  0  0  3426  0  0  0.0  100.0  0 0 
1441317582  0  234  9713  179  0  0  2614  0  0  5093  3426  0  6  361  13  354  0  189  0  0  3426  5  0  0  2614  0  0  0  3426  0  0  0.0  100.0  0 0 
1441317583  0  234  9713  179  0  0  2614  0  0  5093  3426  0  6  361  13  354  0  189  0  0  3426  5  0  0  2614  0  0  0  3426  0  0  0.0  100.0  0 0 
1441317583  0  234  9714  179  0  0  2614  0  0  5093  3426  0  6  361  13  354  0  189  0  0  3426  5  0  0  2614  0  0  0  3426  0  0  0.0  100.0  0 0 
1441317584  0  234  9715  179  0  0  2614  0  0  5093  3426  0  6  361  13  354  0  189  0  0  3426  5  0  0  2614  0  0  0  3426  0  0  0.0  100.0  0 0 
1441317584  0  234  9716  179  0  0  2614  0  0  5093  3426  0  6  361  13  354  0  189  0  0  3426  5  0  0  2614  0  0  0  3426  0  0  0.0  100.0  0 0 
1441317585  0  234  9717  179  0  0  2614  0  0  5093  3426  0  6  361  13  354  0  189  0  0  3426  5  0  0  2614  0  0  0  3426  0  0  0.0  100.0  0 0 
1441317585  0  234  9717  179  0  0  2614  0  0  5093  3426  0  6  361  13  354  0  189  0  0  3426  5  0  0  2614  0  0  0  3426  0  0  0.0  100.0  0 0 
1441317586  0  234  9932  201  0  0  2827  0  0  5093  3426  0  6  356  13  354  0  223  0  0  3426  5  0  0  2827  0  0  0  3639  0  213  0.0  100.0  0 0 
1441317586  0  234  19888  209  0  0  3023  0  0  5105  3426  0  25  178  25  354  0  226  0  0  3426  17  0  0  3023  0  0  0  3835  0  196  0.0  100.0  0 0 
1441317587  0  234  25797  209  0  0  3023  0  0  5105  3426  0  25  178  25  354  0  226  0  0  3426  17  0  0  3023  0  0  0  3835  0  0  0.0  100.0  0 0 
1441317587  0  234  35721  209  0  0  3023  0  0  5105  3426  0  25  178  25  354  0  226  0  0  3426  17  0  0  3023  0  0  0  3835  0  0  0.0  100.0  0 0 
1441317588  0  234  39636  209  0  0  3023  0  0  5105  3426  0  25  178  25  354  0  226  0  0  3426  17  0  0  3023  0  0  0  3835  0  0  0.0  100.0  0 0 
1441317588  0  234  39636  209  0  0  3023  0  0  5105  3426  0  25  178  25  354  0  226  0  0  3426  17  0  0  3023  0  0  0  3835  0  0  0.0  100.0  0 0 
1441317589  0  234  67701  206  0  0  2942  0  0  5105  3426  0  25  209  25  354  0  222  0  0  3426  17  0  0  2942  0  0  0  3835  0  0  0.0  100.0  0 0 
1441317589  0  234  67702  206  0  0  2942  0  0  5105  3426  0  25  209  25  354  0  222  0  0  3426  17  0  0  2942  0  0  0  3835  0  0  0.0  100.0  0 0 
1441317590  0  234  91861  208  0  0  3662  0  0  5106  3662  0  27  0  27  354  0  223  0  0  3662  18  0  0  3662  0  0  0  4558  0  723  0.0  100.0  0 0 
1441317591  0  234  96620  216  0  0  3779  0  0  5106  3779  0  144  0  144  354  0  226  0  0  3779  18  0  0  3779  0  0  0  4675  0  117  0.0  100.0  0 0 
1441317591  0  234  111099  220  0  0  3813  0  0  5106  3813  0  155  0  155  354  0  228  0  0  3813  18  0  0  3813  0  0  0  4709  0  34  0.0  100.0  0 0 
1441317592  0  234  125533  220  0  0  3813  0  0  5106  3813  0  155  0  155  354  0  228  0  0  3813  18  0  0  3813  0  0  0  4709  0  0  0.0  100.0  0 0 
1441317592  0  234  125533  220  0  0  3813  0  0  5106  3813  0  155  0  155  354  0  228  0  0  3813  18  0  0  3813  0  0  0  4709  0  0  0.0  100.0  0 0 
1441317593  0  234  128592  220  0  0  3813  0  0  5106  3813  0  155  0  155  354  0  228  0  0  3813  18  0  0  3813  0  0  0  4709  0  0  0.0  100.0  0 0 
1441317593  0  234  136513  229  0  0  4035  0  0  5106  4035  0  377  0  377  354  0  229  0  0  4035  18  0  0  4035  0  0  0  4931  0  222  0.0  100.0  0 0 
1441317594  0  235  145315  234  0  0  4024  0  0  5106  4110  0  366  86  452  354  0  230  0  0  4110  18  0  0  4024  0  0  0  5060  0  129  0.0  100.0  0 0 
1441317594  0  238  154745  238  0  0  4118  0  0  5107  4118  0  378  24  452  354  0  233  0  0  4118  19  0  0  4118  0  0  0  5154  0  94  0.0  100.0  0 0 
1441317595  0  246  164961  246  0  0  4316  0  0  5107  4316  0  576  0  576  354  0  235  0  0  4316  19  0  0  4316  0  0  0  5352  0  198  0.0  100.0  0 0 
1441317595  0  287  174782  287  0  0  6490  0  0  5108  6491  0  2738  0  2738  354  0  238  0  0  6490  20  0  0  6490  0  0  0  7526  0  2174  0.0  100.0  0 0 
1441317596  0  287  174782  287  0  0  6490  0  0  5108  6491  0  2738  0  2738  354  0  238  0  0  6490  20  0  0  6490  0  0  0  7526  0  0  0.0  100.0  0 0 
1441317596  0  293  179141  293  0  0  6716  0  0  5108  6716  0  2964  0  2964  354  0  238  0  0  6716  20  0  0  6716  0  0  0  7752  0  226  0.0  100.0  0 0 
1441317597  0  305  196729  305  0  0  7517  0  0  5108  7517  0  3765  0  3765  354  0  237  0  0  7517  20  0  0  7517  0  0  0  9013  0  1261  0.0  100.0  0 0 
1441317597  0  333  202297  333  0  0  9085  0  0  5108  9085  0  5316  0  5316  354  0  237  0  0  9085  20  0  0  9085  0  0  0  10606  0  1593  0.0  100.0  0 0 
1441317598  0  402  211394  400  0  0  13655  0  0  5108  13667  0  9829  12  9841  354  0  238  0  0  13667  20  0  0  13655  0  0  0  15188  0  4582  0.0  100.0  0 0 
1441317598  0  458  218080  458  0  0  17178  0  0  5108  17178  0  13324  0  13324  354  0  239  0  0  17178  20  0  0  17178  0  0  0  18711  0  3523  0.0  100.0  0 0 
1441317599  0  503  224001  503  0  0  20375  0  0  5108  20375  0  16464  0  16464  354  0  239  0  0  20375  20  0  0  20375  0  0  0  21908  0  3197  0.0  100.0  0 0 
1441317599  0  517  234618  501  0  0  20301  0  0  5108  21300  0  16387  1006  17387  354  0  239  0  0  21300  20  0  0  20301  0  0  0  24924  0  3016  0.0  100.0  0 0 
1441317600  0  517  234618  501  0  0  20301  0  0  5108  21300  0  16387  1006  17387  354  0  239  0  0  21300  20  0  0  20301  0  0  0  24924  0  0  0.0  100.0  0 0 
1441317600  0  517  241478  487  0  0  19371  0  0  5108  21300  0  15403  1998  17387  354  0  238  0  0  21300  20  0  0  19371  0  0  0  25862  0  938  0.0  100.0  0 0 
1441317601  0  517  247096  501  0  0  20108  0  0  5108  21300  0  16086  1315  17387  354  0  239  0  0  21300  20  0  0  20108  0  0  0  26599  0  737  0.0  100.0  0 0 
1441317601  0  517  251539  489  0  0  19468  0  0  5108  21300  0  15259  2142  17387  354  0  238  0  0  21300  20  0  0  19468  0  0  0  27135  0  536  0.0  100.0  0 0 
1441317602  0  517  260950  504  0  0  20261  0  0  5108  21300  0  15303  2098  17387  354  0  241  0  0  21300  20  0  0  20261  0  0  0  28444  0  1309  0.0  100.0  0 0 
1441317602  0  521  269635  521  0  0  21058  0  0  5108  21300  0  15407  1988  17387  354  0  242  0  0  21300  20  0  0  21058  0  0  0  29241  0  797  0.0  100.0  0 0 
1441317603  0  533  278898  469  0  0  17025  0  0  5108  21300  0  11120  6265  17387  354  0  244  0  0  21300  20  0  0  17025  0  0  0  30489  0  1248  0.0  100.0  0 0 
1441317603  0  533  278898  469  0  0  17025  0  0  5108  21300  0  11120  6265  17387  354  0  244  0  0  21300  20  0  0  17025  0  0  0  30489  0  0  0.0  100.0  0 0 
1441317604  0  533  289712  472  0  0  17364  0  0  5109  21300  0  13399  4016  17387  354  0  243  0  0  21300  21  0  0  17364  0  0  0  32890  0  2401  0.0  100.0  0 0 
1441317604  0  533  298913  472  0  0  17388  0  0  5109  21300  0  13399  4016  17387  354  0  243  0  0  21300  21  0  0  17388  0  0  0  32916  0  26  0.0  100.0  0 0 
1441317605  0  533  313558  437  0  0  14925  0  0  5109  21300  0  10589  6838  17387  354  0  243  0  0  21300  21  0  0  14925  0  0  0  34158  0  1242  0.0  100.0  0 0 
1441317605  0  533  321807  467  0  0  16779  0  0  5109  21300  0  11562  5865  17387  354  0  243  0  0  21300  21  0  0  16779  0  0  0  36012  0  1854  0.0  100.0  0 0 
1441317606  0  533  329905  471  0  0  16535  0  0  5109  21300  0  10838  6589  17387  354  0  243  0  0  21300  21  0  0  16535  0  0  0  37852  0  1840  0.0  100.0  0 0 
1441317606  0  533  338650  488  0  0  17435  0  0  5109  21300  0  11091  6336  17387  354  0  245  0  0  21300  21  0  0  17435  0  0  0  39567  0  1715  0.0  100.0  0 0 
1441317607  0  533  345317  530  0  0  20195  0  0  5109  21300  0  13000  4399  17387  354  0  245  0  0  21300  21  0  0  20195  0  0  0  42327  0  2760  0.0  100.0  0 0 
1441317607  0  533  345317  530  0  0  20195  0  0  5109  21300  0  13000  4399  17387  354  0  245  0  0  21300  21  0  0  20195  0  0  0  42327  0  0  0.0  100.0  0 0 
1441317608  0  599  354432  599  0  0  23860  0  0  5109  23860  0  13802  3453  17387  354  0  246  0  0  23860  21  0  0  23860  0  0  0  45992  0  3665  0.0  100.0  0 0 
1441317608  0  632  362447  632  0  0  25766  0  0  5109  25766  0  15136  2055  17387  354  0  247  0  0  25766  21  0  0  25766  0  0  0  47898  0  1906  0.0  100.0  0 0 
1441317609  0  678  375849  678  0  0  28399  0  0  5109  28399  0  19067  0  19067  354  0  248  0  0  28399  21  0  0  28399  0  0  0  52543  0  4645  0.0  100.0  0 0 
1441317609  0  693  383771  693  0  0  29464  0  0  5109  29464  0  19844  0  19844  354  0  248  0  0  29464  21  0  0  29464  0  0  0  53608  0  1065  0.0  100.0  0 0 
1441317610  0  752  392813  752  0  0  33329  0  0  5109  33329  0  22402  0  22402  354  0  249  0  0  33329  21  0  0  33329  0  0  0  57473  0  3865  0.0  100.0  0 0 
1441317610  0  798  405453  798  0  0  35524  0  0  5109  35524  0  23417  0  23417  354  0  250  0  0  35524  21  0  0  35524  0  0  0  62131  0  4658  0.0  100.0  0 0 
1441317611  0  798  405453  798  0  0  35524  0  0  5109  35524  0  23417  0  23417  354  0  250  0  0  35524  21  0  0  35524  0  0  0  62131  0  0  0.0  100.0  0 0 
1441317611  0  828  411608  826  0  0  37858  0  0  5109  37868  0  25143  10  25153  354  0  250  0  0  37868  21  0  0  37858  0  0  0  64476  0  2345  0.0  100.0  0 0 
1441317612  0  863  418200  863  0  0  39719  0  0  5109  39719  0  26615  0  26615  354  0  252  0  0  39719  21  0  0  39719  0  0  0  66337  0  1861  0.0  100.0  0 0 
1441317612  0  878  429213  797  0  0  35073  0  0  5109  40462  0  23859  3442  27288  354  0  250  0  0  40462  21  0  0  35073  0  0  0  69172  0  2835  0.0  100.0  0 0 
1441317613  0  878  438605  837  0  0  38659  0  0  5109  40462  0  25245  2060  27288  354  0  248  0  0  40462  21  0  0  38659  0  0  0  73353  0  4181  0.0  100.0  0 0 
1441317613  0  881  446268  881  0  0  41560  0  0  5109  41560  0  27602  0  27602  354  0  248  0  0  41560  21  0  0  41560  0  0  0  76254  0  2901  0.0  100.0  0 0 
1441317614  0  887  456517  880  0  0  42043  0  0  5109  42114  0  28047  0  28047  354  0  247  0  0  42114  21  0  0  42043  0  0  0  76808  0  554  0.0  100.0  0 0 
1441317614  0  887  456517  880  0  0  42043  0  0  5109  42114  0  28047  0  28047  354  0  247  0  0  42114  21  0  0  42043  0  0  0  76808  0  0  0.0  100.0  0 0 
1441317615  0  887  461623  819  0  0  38585  0  0  5109  42114  0  24346  3701  28047  354  0  245  0  0  42114  21  0  0  38585  0  0  0  77682  0  874  0.0  100.0  0 0 
1441317615  0  887  467040  853  0  0  40805  0  0  5109  42114  0  26150  1897  28047  354  0  245  0  0  42114  21  0  0  40805  0  0  0  79902  0  2220  0.0  100.0  0 0 
1441317616  0  887  474443  842  0  0  40630  0  0  5109  42114  0  27981  71  28047  354  0  244  0  0  42114  21  0  0  40630  0  0  0  81733  0  1831  0.0  100.0  0 0 
1441317616  0  887  483060  758  0  0  36615  0  0  5109  42114  0  23871  4825  28695  354  0  241  0  0  42114  21  0  0  36615  0  0  0  82748  0  1015  0.0  100.0  0 0 
1441317617  0  887  488249  798  0  0  39478  0  0  5109  42114  0  25154  3542  28695  354  0  241  0  0  42114  21  0  0  39478  0  0  0  85611  0  2863  0.0  100.0  0 0 
1441317618  0  887  494697  853  0  0  42760  0  0  5109  42760  0  25509  3127  28695  354  0  243  0  0  42760  21  0  0  42760  0  0  0  88893  0  3282  0.0  100.0  0 0 
1441317618  0  887  494697  853  0  0  42760  0  0  5109  42760  0  25509  3127  28695  354  0  243  0  0  42760  21  0  0  42760  0  0  0  88893  0  0  0.0  100.0  0 0 
1441317619  0  887  522161  747  0  0  36076  0  0  5109  42824  0  18058  10576  28695  354  0  242  0  0  42824  21  0  0  36076  0  0  0  91926  0  3033  0.0  100.0  0 0 
1441317619  0  887  526199  764  0  0  37050  0  0  5109  42824  0  18615  10019  28695  354  0  243  0  0  42824  21  0  0  37050  0  0  0  92912  0  986  0.0  100.0  0 0 
1441317620  0  887  533565  757  0  0  35963  0  0  5109  42824  0  17529  11105  28695  354  0  244  0  0  42824  21  0  0  35963  0  0  0  94288  0  1376  0.0  100.0  0 0 
1441317620  0  887  542675  747  0  0  36051  0  0  5109  42824  0  17420  11214  28695  354  0  242  0  0  42824  21  0  0  36051  0  0  0  95057  0  769  0.0  100.0  0 0 
1441317621  0  887  549594  786  0  0  38028  0  0  5109  42824  0  18779  9855  28695  354  0  244  0  0  42824  21  0  0  38028  0  0  0  97034  0  1977  0.0  100.0  0 0 
1441317621  0  887  549594  786  0  0  38028  0  0  5109  42824  0  18779  9855  28695  354  0  244  0  0  42824  21  0  0  38028  0  0  0  97034  0  0  0.0  100.0  0 0 
1441317622  0  887  554799  856  0  0  42438  0  0  5109  42824  0  23189  5430  28695  354  0  244  0  0  42824  21  0  0  42438  0  0  0  101444  0  4410  0.0  100.0  0 0 
1441317622  0  887  559749  865  0  0  42779  0  0  5109  42824  0  23329  5283  28695  354  0  244  0  0  42824  21  0  0  42779  0  0  0  101872  0  428  0.0  100.0  0 0 
