#Type:X;CI:2;ww:0;ca:0;co:1;fr:0;Type:X;CI:2;PI:0;PT:EP;U0:0;U1:0;
#time  Pp  gt  gs  cn  cm  cb  Nc  Pc  cp  Tc  Nm  pr  ps  pt  px  pd  Pm  Om  fs  ft  Oc  Em  Gp  Ec  Ge  ot  os  Total_cycles_diff  Successful_get_diff  Total_get_diff  succ_put_diff  total_put_diff  get_hit  
1441317513  0  0  0  0  0  0  0  0  0  692012  0  0  0  0  0  0  0  0  0  0  0  0  0  0  0  0  0  692012  0  0  0  0  
1441317513  0  0  0  0  0  0  0  0  0  1236839  0  0  0  0  0  0  0  0  0  0  0  0  0  0  0  0  0  544827  0  0  0  0  0 
1441317514  0  0  0  0  0  0  0  0  0  1236839  0  0  0  0  0  0  0  0  0  0  0  0  0  0  0  0  0  0  0  0  0  0  0 
1441317514  0  0  0  0  0  0  0  0  0  1516448  0  0  0  0  0  0  0  0  0  0  0  0  0  0  0  0  0  279609  0  0  0  0  0 
1441317515  0  0  0  0  0  0  0  0  0  1700220  0  0  0  0  0  0  0  0  0  0  0  0  0  0  0  0  0  183772  0  0  0  0  0 
1441317515  0  0  0  0  0  0  0  0  0  2061212  0  0  0  0  0  0  0  0  0  2  0  0  0  0  0  7  0  360992  0  0  0  0  0 
1441317516  0  0  0  0  0  0  0  0  0  2667689  0  0  0  0  0  0  0  0  0  13  0  0  0  0  0  39  0  606477  0  0  0  0  0 
1441317516  0  0  0  0  0  0  0  0  0  3416042  0  0  0  0  0  0  0  0  0  16  0  0  0  0  0  43  0  748353  0  0  0  0  0 
1441317517  0  0  0  0  0  0  0  0  0  3823247  0  0  0  0  0  0  0  0  0  21  0  0  0  0  0  46  0  407205  0  0  0  0  0 
1441317517  0  0  0  0  0  0  0  0  0  3823247  0  0  0  0  0  0  0  0  0  21  0  0  0  0  0  46  0  0  0  0  0  0  0 
1441317518  0  0  0  0  0  0  0  0  0  3916703  0  0  0  0  0  0  0  0  0  21  0  0  0  0  0  46  0  93456  0  0  0  0  0 
1441317518  0  0  0  0  0  0  0  0  0  3916703  0  0  0  0  0  0  0  0  0  21  0  0  0  0  0  46  0  0  0  0  0  0  0 
1441317519  0  0  0  0  0  0  0  0  0  3916703  0  0  0  0  0  0  0  0  0  21  0  0  0  0  0  46  0  0  0  0  0  0  0 
1441317519  0  0  0  0  0  0  0  0  0  3916703  0  0  0  0  0  0  0  0  0  21  0  0  0  0  0  46  0  0  0  0  0  0  0 
1441317520  0  0  0  0  0  0  0  0  0  3916703  0  0  0  0  0  0  0  0  0  21  0  0  0  0  0  46  0  0  0  0  0  0  0 
1441317520  0  0  0  0  0  0  0  0  0  3916703  0  0  0  0  0  0  0  0  0  21  0  0  0  0  0  46  0  0  0  0  0  0  0 
1441317521  0  0  0  0  0  0  0  0  0  3916703  0  0  0  0  0  0  0  0  0  21  0  0  0  0  0  46  0  0  0  0  0  0  0 
1441317521  0  0  0  0  0  0  0  0  0  3916703  0  0  0  0  0  0  0  0  0  21  0  0  0  0  0  46  0  0  0  0  0  0  0 
1441317522  0  0  0  0  0  0  0  0  0  3916703  0  0  0  0  0  0  0  0  0  21  0  0  0  0  0  46  0  0  0  0  0  0  0 
1441317522  0  0  0  0  0  0  0  0  0  3916703  0  0  0  0  0  0  0  0  0  21  0  0  0  0  0  46  0  0  0  0  0  0  0 
1441317523  0  0  0  0  0  0  0  0  0  3916703  0  0  0  0  0  0  0  0  0  21  0  0  0  0  0  46  0  0  0  0  0  0  0 
1441317523  0  0  0  0  0  0  0  0  0  3916703  0  0  0  0  0  0  0  0  0  21  0  0  0  0  0  46  0  0  0  0  0  0  0 
1441317524  0  0  0  0  0  0  0  0  0  3916703  0  0  0  0  0  0  0  0  0  21  0  0  0  0  0  46  0  0  0  0  0  0  0 
1441317524  0  0  0  0  0  0  0  0  0  3916703  0  0  0  0  0  0  0  0  0  21  0  0  0  0  0  46  0  0  0  0  0  0  0 
1441317525  0  0  0  0  0  0  0  0  0  3916703  0  0  0  0  0  0  0  0  0  21  0  0  0  0  0  46  0  0  0  0  0  0  0 
1441317525  0  0  0  0  0  0  0  0  0  3916703  0  0  0  0  0  0  0  0  0  21  0  0  0  0  0  46  0  0  0  0  0  0  0 
1441317526  0  0  0  0  0  0  0  0  0  3916703  0  0  0  0  0  0  0  0  0  21  0  0  0  0  0  46  0  0  0  0  0  0  0 
1441317526  0  0  0  0  0  0  0  0  0  3916703  0  0  0  0  0  0  0  0  0  21  0  0  0  0  0  46  0  0  0  0  0  0  0 
1441317527  0  0  0  0  0  0  0  0  0  3916703  0  0  0  0  0  0  0  0  0  21  0  0  0  0  0  46  0  0  0  0  0  0  0 
1441317527  0  0  0  0  0  0  0  0  0  3916703  0  0  0  0  0  0  0  0  0  21  0  0  0  0  0  46  0  0  0  0  0  0  0 
1441317528  0  0  0  0  0  0  0  0  0  3916703  0  0  0  0  0  0  0  0  0  21  0  0  0  0  0  46  0  0  0  0  0  0  0 
1441317528  0  0  0  0  0  0  0  0  0  3916703  0  0  0  0  0  0  0  0  0  21  0  0  0  0  0  46  0  0  0  0  0  0  0 
1441317529  0  0  0  0  0  0  0  0  0  3916703  0  0  0  0  0  0  0  0  0  21  0  0  0  0  0  46  0  0  0  0  0  0  0 
1441317529  0  0  0  0  0  0  0  0  0  3916703  0  0  0  0  0  0  0  0  0  21  0  0  0  0  0  46  0  0  0  0  0  0  0 
1441317530  0  0  0  0  0  0  0  0  0  3916703  0  0  0  0  0  0  0  0  0  21  0  0  0  0  0  46  0  0  0  0  0  0  0 
1441317530  0  0  0  0  0  0  0  0  0  3916703  0  0  0  0  0  0  0  0  0  21  0  0  0  0  0  46  0  0  0  0  0  0  0 
1441317531  0  0  0  0  0  0  0  0  0  3916703  0  0  0  0  0  0  0  0  0  21  0  0  0  0  0  46  0  0  0  0  0  0  0 
1441317531  0  0  0  0  0  0  0  0  0  3916703  0  0  0  0  0  0  0  0  0  21  0  0  0  0  0  46  0  0  0  0  0  0  0 
1441317532  0  0  0  0  0  0  0  0  0  3916703  0  0  0  0  0  0  0  0  0  21  0  0  0  0  0  46  0  0  0  0  0  0  0 
1441317532  0  0  0  0  0  0  0  0  0  3916703  0  0  0  0  0  0  0  0  0  21  0  0  0  0  0  46  0  0  0  0  0  0  0 
1441317533  0  0  0  0  0  0  0  0  0  3916703  0  0  0  0  0  0  0  0  0  21  0  0  0  0  0  46  0  0  0  0  0  0  0 
1441317533  0  0  0  0  0  0  0  0  0  3916703  0  0  0  0  0  0  0  0  0  21  0  0  0  0  0  46  0  0  0  0  0  0  0 
1441317534  0  0  0  0  0  0  0  0  0  3916703  0  0  0  0  0  0  0  0  0  21  0  0  0  0  0  46  0  0  0  0  0  0  0 
1441317534  0  0  0  0  0  0  0  0  0  3916703  0  0  0  0  0  0  0  0  0  21  0  0  0  0  0  46  0  0  0  0  0  0  0 
1441317535  0  0  0  0  0  0  0  0  0  3916703  0  0  0  0  0  0  0  0  0  21  0  0  0  0  0  46  0  0  0  0  0  0  0 
1441317535  0  0  0  0  0  0  0  0  0  3916703  0  0  0  0  0  0  0  0  0  21  0  0  0  0  0  46  0  0  0  0  0  0  0 
1441317536  0  0  0  0  0  0  0  0  0  3916703  0  0  0  0  0  0  0  0  0  21  0  0  0  0  0  46  0  0  0  0  0  0  0 
1441317536  0  0  0  0  0  0  0  0  0  3916703  0  0  0  0  0  0  0  0  0  21  0  0  0  0  0  46  0  0  0  0  0  0  0 
1441317537  0  0  0  0  0  0  0  0  0  3916703  0  0  0  0  0  0  0  0  0  21  0  0  0  0  0  46  0  0  0  0  0  0  0 
1441317537  0  0  0  0  0  0  0  0  0  3916703  0  0  0  0  0  0  0  0  0  21  0  0  0  0  0  46  0  0  0  0  0  0  0 
1441317538  0  0  0  0  0  0  0  0  0  3916703  0  0  0  0  0  0  0  0  0  21  0  0  0  0  0  46  0  0  0  0  0  0  0 
1441317538  0  0  0  0  0  0  0  0  0  3916703  0  0  0  0  0  0  0  0  0  21  0  0  0  0  0  46  0  0  0  0  0  0  0 
1441317539  0  0  0  0  0  0  0  0  0  3916703  0  0  0  0  0  0  0  0  0  21  0  0  0  0  0  46  0  0  0  0  0  0  0 
1441317539  0  0  0  0  0  0  0  0  0  3916703  0  0  0  0  0  0  0  0  0  21  0  0  0  0  0  46  0  0  0  0  0  0  0 
1441317540  0  0  0  0  0  0  0  0  0  3916703  0  0  0  0  0  0  0  0  0  21  0  0  0  0  0  46  0  0  0  0  0  0  0 
1441317540  0  0  0  0  0  0  0  0  0  3916703  0  0  0  0  0  0  0  0  0  21  0  0  0  0  0  46  0  0  0  0  0  0  0 
1441317541  0  0  0  0  0  0  0  0  0  3916703  0  0  0  0  0  0  0  0  0  21  0  0  0  0  0  46  0  0  0  0  0  0  0 
1441317541  0  0  0  0  0  0  0  0  0  3916703  0  0  0  0  0  0  0  0  0  21  0  0  0  0  0  46  0  0  0  0  0  0  0 
1441317542  0  0  0  0  0  0  0  0  0  3916703  0  0  0  0  0  0  0  0  0  21  0  0  0  0  0  46  0  0  0  0  0  0  0 
1441317542  0  0  0  0  0  0  0  0  0  3916703  0  0  0  0  0  0  0  0  0  21  0  0  0  0  0  46  0  0  0  0  0  0  0 
1441317543  0  0  0  0  0  0  0  0  0  3916703  0  0  0  0  0  0  0  0  0  21  0  0  0  0  0  46  0  0  0  0  0  0  0 
1441317543  0  0  0  0  0  0  0  0  0  3916703  0  0  0  0  0  0  0  0  0  21  0  0  0  0  0  46  0  0  0  0  0  0  0 
1441317544  0  0  0  0  0  0  0  0  0  3916703  0  0  0  0  0  0  0  0  0  21  0  0  0  0  0  46  0  0  0  0  0  0  0 
1441317544  0  0  0  0  0  0  0  0  0  3916703  0  0  0  0  0  0  0  0  0  21  0  0  0  0  0  46  0  0  0  0  0  0  0 
1441317545  0  0  0  0  0  0  0  0  0  3916703  0  0  0  0  0  0  0  0  0  21  0  0  0  0  0  46  0  0  0  0  0  0  0 
1441317545  0  0  0  0  0  0  0  0  0  3916703  0  0  0  0  0  0  0  0  0  21  0  0  0  0  0  46  0  0  0  0  0  0  0 
1441317546  0  0  0  0  0  0  0  0  0  3916703  0  0  0  0  0  0  0  0  0  21  0  0  0  0  0  46  0  0  0  0  0  0  0 
1441317546  0  0  0  0  0  0  0  0  0  3916703  0  0  0  0  0  0  0  0  0  21  0  0  0  0  0  46  0  0  0  0  0  0  0 
1441317547  0  0  0  0  0  0  0  0  0  3916703  0  0  0  0  0  0  0  0  0  21  0  0  0  0  0  46  0  0  0  0  0  0  0 
1441317547  0  0  0  0  0  0  0  0  0  3916703  0  0  0  0  0  0  0  0  0  21  0  0  0  0  0  46  0  0  0  0  0  0  0 
1441317548  0  0  0  0  0  0  0  0  0  3916703  0  0  0  0  0  0  0  0  0  21  0  0  0  0  0  46  0  0  0  0  0  0  0 
1441317548  0  0  0  0  0  0  0  0  0  3916703  0  0  0  0  0  0  0  0  0  21  0  0  0  0  0  46  0  0  0  0  0  0  0 
1441317549  0  0  0  0  0  0  0  0  0  3916703  0  0  0  0  0  0  0  0  0  21  0  0  0  0  0  46  0  0  0  0  0  0  0 
1441317549  0  0  0  0  0  0  0  0  0  3916703  0  0  0  0  0  0  0  0  0  21  0  0  0  0  0  46  0  0  0  0  0  0  0 
1441317550  0  0  0  0  0  0  0  0  0  3916703  0  0  0  0  0  0  0  0  0  21  0  0  0  0  0  46  0  0  0  0  0  0  0 
1441317550  0  0  0  0  0  0  0  0  0  3916703  0  0  0  0  0  0  0  0  0  21  0  0  0  0  0  46  0  0  0  0  0  0  0 
1441317551  0  0  0  0  0  0  0  0  0  3916703  0  0  0  0  0  0  0  0  0  21  0  0  0  0  0  46  0  0  0  0  0  0  0 
1441317551  0  0  0  0  0  0  0  0  0  3916703  0  0  0  0  0  0  0  0  0  21  0  0  0  0  0  46  0  0  0  0  0  0  0 
1441317552  0  0  0  0  0  0  0  0  0  3916703  0  0  0  0  0  0  0  0  0  21  0  0  0  0  0  46  0  0  0  0  0  0  0 
1441317553  0  0  0  0  0  0  0  0  0  3916703  0  0  0  0  0  0  0  0  0  21  0  0  0  0  0  46  0  0  0  0  0  0  0 
1441317553  0  0  0  0  0  0  0  0  0  3916703  0  0  0  0  0  0  0  0  0  21  0  0  0  0  0  46  0  0  0  0  0  0  0 
1441317554  0  0  0  0  0  0  0  0  0  3916703  0  0  0  0  0  0  0  0  0  21  0  0  0  0  0  46  0  0  0  0  0  0  0 
1441317554  0  0  0  0  0  0  0  0  0  3916703  0  0  0  0  0  0  0  0  0  21  0  0  0  0  0  46  0  0  0  0  0  0  0 
1441317555  0  0  0  0  0  0  0  0  0  3916703  0  0  0  0  0  0  0  0  0  21  0  0  0  0  0  46  0  0  0  0  0  0  0 
1441317555  0  0  0  0  0  0  0  0  0  3916703  0  0  0  0  0  0  0  0  0  21  0  0  0  0  0  46  0  0  0  0  0  0  0 
1441317556  0  0  0  0  0  0  0  0  0  3916703  0  0  0  0  0  0  0  0  0  21  0  0  0  0  0  46  0  0  0  0  0  0  0 
1441317556  0  0  0  0  0  0  0  0  0  3916703  0  0  0  0  0  0  0  0  0  21  0  0  0  0  0  46  0  0  0  0  0  0  0 
1441317557  0  0  0  0  0  0  0  0  0  3916703  0  0  0  0  0  0  0  0  0  21  0  0  0  0  0  46  0  0  0  0  0  0  0 
1441317557  0  0  0  0  0  0  0  0  0  3916703  0  0  0  0  0  0  0  0  0  21  0  0  0  0  0  46  0  0  0  0  0  0  0 
1441317558  0  0  0  0  0  0  0  0  0  3916703  0  0  0  0  0  0  0  0  0  21  0  0  0  0  0  46  0  0  0  0  0  0  0 
1441317558  0  0  0  0  0  0  0  0  0  3916703  0  0  0  0  0  0  0  0  0  21  0  0  0  0  0  46  0  0  0  0  0  0  0 
1441317559  0  0  0  0  0  0  0  0  0  3916703  0  0  0  0  0  0  0  0  0  21  0  0  0  0  0  46  0  0  0  0  0  0  0 
1441317559  0  0  0  0  0  0  0  0  0  3916703  0  0  0  0  0  0  0  0  0  21  0  0  0  0  0  46  0  0  0  0  0  0  0 
1441317560  0  0  0  0  0  0  0  0  0  3916703  0  0  0  0  0  0  0  0  0  21  0  0  0  0  0  46  0  0  0  0  0  0  0 
1441317560  0  0  0  0  0  0  0  0  0  3916703  0  0  0  0  0  0  0  0  0  21  0  0  0  0  0  46  0  0  0  0  0  0  0 
1441317561  0  0  0  0  0  0  0  0  0  3916703  0  0  0  0  0  0  0  0  0  21  0  0  0  0  0  46  0  0  0  0  0  0  0 
1441317561  0  0  0  0  0  0  0  0  0  3916703  0  0  0  0  0  0  0  0  0  21  0  0  0  0  0  46  0  0  0  0  0  0  0 
1441317562  0  0  0  0  0  0  0  0  0  3916703  0  0  0  0  0  0  0  0  0  21  0  0  0  0  0  46  0  0  0  0  0  0  0 
1441317562  0  0  0  0  0  0  0  0  0  3916703  0  0  0  0  0  0  0  0  0  21  0  0  0  0  0  46  0  0  0  0  0  0  0 
1441317563  0  0  0  0  0  0  0  0  0  3916703  0  0  0  0  0  0  0  0  0  21  0  0  0  0  0  46  0  0  0  0  0  0  0 
1441317563  0  0  0  0  0  0  0  0  0  3916703  0  0  0  0  0  0  0  0  0  21  0  0  0  0  0  46  0  0  0  0  0  0  0 
1441317564  0  0  0  0  0  0  0  0  0  3916703  0  0  0  0  0  0  0  0  0  21  0  0  0  0  0  46  0  0  0  0  0  0  0 
1441317564  0  0  0  0  0  0  0  0  0  3916703  0  0  0  0  0  0  0  0  0  21  0  0  0  0  0  46  0  0  0  0  0  0  0 
1441317565  0  0  0  0  0  0  0  0  0  3916703  0  0  0  0  0  0  0  0  0  21  0  0  0  0  0  46  0  0  0  0  0  0  0 
1441317565  0  0  0  0  0  0  0  0  0  3916703  0  0  0  0  0  0  0  0  0  21  0  0  0  0  0  46  0  0  0  0  0  0  0 
1441317566  0  0  0  0  0  0  0  0  0  3916703  0  0  0  0  0  0  0  0  0  21  0  0  0  0  0  46  0  0  0  0  0  0  0 
1441317566  0  0  0  0  0  0  0  0  0  3916703  0  0  0  0  0  0  0  0  0  21  0  0  0  0  0  46  0  0  0  0  0  0  0 
1441317567  0  0  0  0  0  0  0  0  0  3916703  0  0  0  0  0  0  0  0  0  21  0  0  0  0  0  46  0  0  0  0  0  0  0 
1441317567  0  0  0  0  0  0  0  0  0  3916703  0  0  0  0  0  0  0  0  0  21  0  0  0  0  0  46  0  0  0  0  0  0  0 
1441317568  0  0  0  0  0  0  0  0  0  3916703  0  0  0  0  0  0  0  0  0  21  0  0  0  0  0  46  0  0  0  0  0  0  0 
1441317568  0  0  0  0  0  0  0  0  0  3916703  0  0  0  0  0  0  0  0  0  21  0  0  0  0  0  46  0  0  0  0  0  0  0 
1441317569  0  0  0  0  0  0  0  0  0  3916703  0  0  0  0  0  0  0  0  0  21  0  0  0  0  0  46  0  0  0  0  0  0  0 
1441317569  0  0  0  0  0  0  0  0  0  3916703  0  0  0  0  0  0  0  0  0  21  0  0  0  0  0  46  0  0  0  0  0  0  0 
1441317570  0  0  0  0  0  0  0  0  0  3927752  0  0  0  0  0  0  0  0  0  21  0  0  0  0  0  47  0  11049  0  0  0  0  0 
1441317570  0  0  0  0  0  0  0  0  0  3927752  0  0  0  0  0  0  0  0  0  21  0  0  0  0  0  47  0  0  0  0  0  0  0 
1441317571  0  0  0  0  0  0  0  0  0  3927752  0  0  0  0  0  0  0  0  0  21  0  0  0  0  0  47  0  0  0  0  0  0  0 
1441317571  0  0  0  0  0  0  0  0  0  3927752  0  0  0  0  0  0  0  0  0  21  0  0  0  0  0  47  0  0  0  0  0  0  0 
1441317572  0  0  0  0  0  0  0  0  0  3927752  0  0  0  0  0  0  0  0  0  21  0  0  0  0  0  47  0  0  0  0  0  0  0 
1441317572  0  0  0  0  0  0  0  0  0  3927752  0  0  0  0  0  0  0  0  0  21  0  0  0  0  0  47  0  0  0  0  0  0  0 
1441317573  0  0  0  0  0  0  0  0  0  3927752  0  0  0  0  0  0  0  0  0  21  0  0  0  0  0  47  0  0  0  0  0  0  0 
1441317573  0  0  0  0  0  0  0  0  0  3927752  0  0  0  0  0  0  0  0  0  21  0  0  0  0  0  47  0  0  0  0  0  0  0 
1441317574  0  0  0  0  0  0  0  0  0  3927752  0  0  0  0  0  0  0  0  0  21  0  0  0  0  0  47  0  0  0  0  0  0  0 
1441317574  0  0  0  0  0  0  0  0  0  3927752  0  0  0  0  0  0  0  0  0  21  0  0  0  0  0  47  0  0  0  0  0  0  0 
1441317575  0  0  0  0  0  0  0  0  0  3927752  0  0  0  0  0  0  0  0  0  21  0  0  0  0  0  47  0  0  0  0  0  0  0 
1441317575  0  0  0  0  0  0  0  0  0  3927752  0  0  0  0  0  0  0  0  0  21  0  0  0  0  0  47  0  0  0  0  0  0  0 
1441317576  0  0  0  0  0  0  0  0  0  3927752  0  0  0  0  0  0  0  0  0  21  0  0  0  0  0  47  0  0  0  0  0  0  0 
1441317576  0  0  0  0  0  0  0  0  0  3927752  0  0  0  0  0  0  0  0  0  21  0  0  0  0  0  47  0  0  0  0  0  0  0 
1441317577  0  0  0  0  0  0  0  0  0  3927752  0  0  0  0  0  0  0  0  0  21  0  0  0  0  0  47  0  0  0  0  0  0  0 
1441317577  0  0  0  0  0  0  0  0  0  3927752  0  0  0  0  0  0  0  0  0  21  0  0  0  0  0  47  0  0  0  0  0  0  0 
1441317578  0  0  0  0  0  0  0  0  0  3927752  0  0  0  0  0  0  0  0  0  21  0  0  0  0  0  47  0  0  0  0  0  0  0 
1441317578  0  0  0  0  0  0  0  0  0  3927752  0  0  0  0  0  0  0  0  0  21  0  0  0  0  0  47  0  0  0  0  0  0  0 
1441317579  0  0  0  0  0  0  0  0  0  3927752  0  0  0  0  0  0  0  0  0  21  0  0  0  0  0  47  0  0  0  0  0  0  0 
1441317579  0  0  0  0  0  0  0  0  0  3927752  0  0  0  0  0  0  0  0  0  21  0  0  0  0  0  47  0  0  0  0  0  0  0 
1441317580  0  0  0  6  0  5654603  179  2452  2446  162524619  179  0  2452  2452  0  0  2452  247  0  69  247  2452  0  2452  0  123  0  158596867  0  0  2452  2452  0 
1441317580  0  0  0  6  0  5654603  179  2452  2446  162524619  179  0  2452  2452  0  0  2452  247  0  69  247  2452  0  2452  0  123  0  0  0  0  0  0  0 
1441317581  0  516  329  13  5  6160880  179  2614  2608  248556067  234  0  3426  3431  5  0  3426  354  0  130  189  3426  0  2614  329  270  127  86031448  329  516  974  979  63.7596899225  
1441317581  0  516  329  13  5  6160880  179  2614  2608  248556067  234  0  3426  3431  5  0  3426  354  0  130  189  3426  0  2614  329  270  127  0  0  0  0  0  63.7596899225  
1441317582  0  516  329  13  5  6160880  179  2614  2608  248556067  234  0  3426  3431  5  0  3426  354  0  130  189  3426  0  2614  329  270  127  0  0  0  0  0  63.7596899225  
1441317582  0  516  329  13  5  6160880  179  2614  2608  248556067  234  0  3426  3431  5  0  3426  354  0  130  189  3426  0  2614  329  270  127  0  0  0  0  0  63.7596899225  
1441317583  0  516  329  13  5  6160880  179  2614  2608  248556067  234  0  3426  3431  5  0  3426  354  0  130  189  3426  0  2614  329  270  127  0  0  0  0  0  63.7596899225  
1441317583  0  516  329  13  5  6160880  179  2614  2608  248556067  234  0  3426  3431  5  0  3426  354  0  130  189  3426  0  2614  329  270  127  0  0  0  0  0  63.7596899225  
1441317584  0  516  329  13  5  6160880  179  2614  2608  248556067  234  0  3426  3431  5  0  3426  354  0  130  189  3426  0  2614  329  270  127  0  0  0  0  0  63.7596899225  
1441317584  0  516  329  13  5  6160880  179  2614  2608  248556067  234  0  3426  3431  5  0  3426  354  0  130  189  3426  0  2614  329  270  127  0  0  0  0  0  63.7596899225  
1441317585  0  516  329  13  5  6160880  179  2614  2608  248556067  234  0  3426  3431  5  0  3426  354  0  130  189  3426  0  2614  329  270  127  0  0  0  0  0  63.7596899225  
1441317585  0  516  329  13  5  6160880  179  2614  2608  248556067  234  0  3426  3431  5  0  3426  354  0  130  189  3426  0  2614  329  270  127  0  0  0  0  0  63.7596899225  
1441317586  0  516  329  13  5  6628961  201  2827  2821  262596355  234  0  3639  3644  5  0  3426  354  0  131  223  3426  0  2827  329  270  127  14040288  0  0  213  213  63.7596899225  
1441317586  0  516  329  32  17  7159666  209  3023  2998  279859316  234  0  3835  3852  17  0  3426  354  0  9878  226  3426  0  3023  329  270  127  17262961  0  0  196  208  63.7596899225  
1441317587  0  516  329  32  17  7159666  209  3023  2998  281355441  234  0  3835  3852  17  0  3426  354  0  15786  226  3426  0  3023  329  270  127  1496125  0  0  0  0  63.7596899225  
1441317587  0  516  329  32  17  7159666  209  3023  2998  283844241  234  0  3835  3852  17  0  3426  354  0  25709  226  3426  0  3023  329  270  127  2488800  0  0  0  0  63.7596899225  
1441317588  0  516  329  32  17  7159666  209  3023  2998  284953465  234  0  3835  3852  17  0  3426  354  0  29623  226  3426  0  3023  329  270  127  1109224  0  0  0  0  63.7596899225  
1441317588  0  516  329  32  17  7159666  209  3023  2998  284953465  234  0  3835  3852  17  0  3426  354  0  29623  226  3426  0  3023  329  270  127  0  0  0  0  0  63.7596899225  
1441317589  0  598  410  32  17  6983649  206  2942  2917  299624846  234  0  3835  3852  17  0  3426  354  0  57605  222  3426  0  2942  410  270  127  14671381  81  82  0  0  68.5618729097  
1441317589  0  598  410  32  17  6983649  206  2942  2917  299624846  234  0  3835  3852  17  0  3426  354  0  57605  222  3426  0  2942  410  270  127  0  0  0  0  0  68.5618729097  
1441317590  0  1721  413  34  18  8750069  208  3662  3635  382635779  234  0  4558  4576  18  0  3662  354  0  79914  223  3662  0  3662  413  272  127  83010933  3  1123  723  724  23.9976757699  
1441317591  0  3257  413  151  18  8750069  216  3779  3635  422462341  234  0  4675  4693  18  0  3779  354  0  83018  226  3779  0  3779  413  273  127  39826562  0  1536  117  117  12.6803807185  
1441317591  0  6183  413  162  18  8821663  220  3813  3658  446540031  234  0  4709  4727  18  0  3813  354  0  94531  228  3813  0  3813  413  278  127  24077690  0  2926  34  34  6.67960536956  
1441317592  0  9002  413  162  18  8821663  220  3813  3658  460922678  234  0  4709  4727  18  0  3813  354  0  106139  228  3813  0  3813  413  284  127  14382647  0  2819  0  0  4.58786936236  
1441317592  0  9002  413  162  18  8821663  220  3813  3658  460922678  234  0  4709  4727  18  0  3813  354  0  106139  228  3813  0  3813  413  284  127  0  0  0  0  0  4.58786936236  
1441317593  0  11368  413  162  18  8821663  220  3813  3658  463382813  234  0  4709  4727  18  0  3813  354  0  106831  228  3813  0  3813  413  284  127  2460135  0  2366  0  0  3.63300492611  
1441317593  0  14056  413  384  18  8821663  229  4035  3658  554266471  234  0  4931  4949  18  0  4035  354  0  111841  229  4035  0  4035  413  284  127  90883658  0  2688  222  222  2.93824701195  
1441317594  0  17312  553  513  18  8821663  234  4024  3658  604197994  235  0  5060  5078  18  0  4110  354  0  117251  230  4110  0  4024  553  290  127  49931523  140  3256  129  129  3.19431608133  
1441317594  0  20846  553  525  19  8999898  238  4118  3740  639154036  238  0  5154  5173  19  0  4118  354  0  123051  233  4118  0  4118  553  290  127  34956042  0  3534  94  95  2.65278710544  
1441317595  0  24714  553  723  19  8999898  246  4316  3740  666202025  246  0  5352  5371  19  0  4316  354  0  129195  235  4316  0  4316  553  295  127  27047989  0  3868  198  198  2.23759812252  
1441317595  0  27599  553  2885  20  9000234  287  6490  3752  1157413964  287  0  7526  7546  20  0  6491  354  0  133953  238  6490  0  6490  553  297  127  491211939  0  2885  2174  2175  2.00369578608  
1441317596  0  27599  553  2885  20  9000234  287  6490  3752  1157413964  287  0  7526  7546  20  0  6491  354  0  133953  238  6490  0  6490  553  297  127  0  0  0  0  0  2.00369578608  
1441317596  0  29850  553  3111  20  9000234  293  6716  3752  1225637378  293  0  7752  7772  20  0  6716  354  0  135834  238  6716  0  6716  553  297  127  68223414  0  2251  226  226  1.85259631491  
1441317597  0  31674  553  4372  20  9000234  305  7517  3752  1537757429  305  0  9013  9033  20  0  7517  354  0  150325  237  7517  0  7517  553  308  129  312120051  0  1824  1261  1261  1.74591147313  
1441317597  0  32538  578  5948  20  9000710  333  9085  3769  1874282559  333  0  10606  10626  20  0  9085  354  0  153433  237  9085  0  9085  578  310  129  336525130  25  864  1593  1593  1.77638453501  
1441317598  0  33830  590  10473  20  9002413  400  13655  3826  2589629266  402  0  15188  15208  20  0  13667  354  0  156651  238  13667  0  13655  590  314  129  715346707  12  1292  4582  4582  1.74401418859  
1441317598  0  34827  590  13968  20  9003197  458  17178  3854  3116422138  458  0  18711  18731  20  0  17178  354  0  158814  239  17178  0  17178  590  316  129  526792872  0  997  3523  3523  1.69408792029  
1441317599  0  35211  590  17108  20  9004793  503  20375  3911  3772750790  503  0  21908  21928  20  0  20375  354  0  161153  239  20375  0  20375  590  316  129  656328652  0  384  3197  3197  1.67561273466  
1441317599  0  38462  3680  20120  20  9010800  501  20301  3914  4144268424  517  0  24924  24944  20  0  21300  354  0  165500  239  21300  0  20301  3680  318  129  371517634  3090  3251  3016  3016  9.56788518538  
1441317600  0  38462  3680  20120  20  9010800  501  20301  3914  4144268424  517  0  24924  24944  20  0  21300  354  0  165500  239  21300  0  20301  3680  318  129  0  0  0  0  0  9.56788518538  
1441317600  0  39038  3680  21003  20  9011788  487  19371  3968  4370168546  517  0  25862  25882  20  0  21300  354  0  170844  238  21300  0  19371  3680  319  130  225900122  0  576  938  938  9.42671243404  
1441317601  0  39287  3680  21686  20  9013300  501  20108  4022  4592056894  517  0  26599  26619  20  0  21300  354  0  175475  239  21300  0  20108  3680  319  130  221888348  0  249  737  737  9.36696617202  
1441317601  0  40291  3684  22030  20  9009793  489  19468  4209  4722252918  517  0  27135  27155  20  0  21300  354  0  178376  238  21300  0  19468  3684  320  131  130196024  4  1004  536  536  9.14348117446  
1441317602  0  43048  4200  22518  20  9029905  504  20261  4958  4910817898  517  0  28444  28464  20  0  21300  354  0  183719  241  21300  0  20261  4200  321  131  188564980  516  2757  1309  1309  9.75655082698  
1441317602  0  46205  4200  22622  20  9049830  521  21058  5651  4973804393  521  0  29241  29261  20  0  21300  354  0  188449  242  21300  0  21058  4200  321  131  62986495  0  3157  797  797  9.08992533276  
1441317603  0  50022  4200  23615  20  9056421  469  17025  5905  5150660935  533  0  30489  30509  20  0  21300  354  0  192645  244  21300  0  17025  4200  322  132  176856542  0  3817  1248  1248  8.39630562552  
1441317603  0  50022  4200  23615  20  9056421  469  17025  5905  5150660935  533  0  30489  30509  20  0  21300  354  0  192645  244  21300  0  17025  4200  322  132  0  0  0  0  0  8.39630562552  
1441317604  0  54194  6206  25894  21  9002101  472  17364  3965  5580354374  533  0  32890  32911  21  0  21300  354  0  196880  243  21300  0  17364  6206  326  133  429693439  2006  4172  2401  2402  11.4514521903  
1441317604  0  56750  6208  25894  21  9002773  472  17388  3989  5590489294  533  0  32916  32937  21  0  21300  354  0  203494  243  21300  0  17388  6208  330  133  10134920  2  2556  26  26  10.9392070485  
1441317605  0  61775  9217  26719  21  9012520  437  14925  4336  5883364469  533  0  34158  34179  21  0  21300  354  0  211868  243  21300  0  14925  9217  333  135  292875175  3009  5025  1242  1242  14.9202751922  
1441317605  0  63951  9217  27692  21  9038048  467  16779  5217  6123423973  533  0  36012  36033  21  0  21300  354  0  216084  243  21300  0  16779  9217  335  135  240059504  0  2176  1854  1854  14.4125971447  
1441317606  0  67287  10494  28244  21  9050628  471  16535  5697  6344490987  533  0  37852  37873  21  0  21300  354  0  219001  243  21300  0  16535  10494  339  136  221067014  1277  3336  1840  1840  15.5958803335  
1441317606  0  69993  10494  29312  21  9068744  488  17435  6344  6704768873  533  0  39567  39588  21  0  21300  354  0  223320  245  21300  0  17435  10494  343  137  360277886  0  2706  1715  1715  14.9929278642  
1441317607  0  72521  10494  31221  21  9092572  530  20195  7195  7096808309  533  0  42327  42348  21  0  21300  354  0  224696  245  21300  0  20195  10494  345  137  392039436  0  2528  2760  2760  14.4702913639  
1441317607  0  72521  10494  31221  21  9092572  530  20195  7195  7096808309  533  0  42327  42348  21  0  21300  354  0  224696  245  21300  0  20195  10494  345  137  0  0  0  0  0  14.4702913639  
1441317608  0  75433  10494  32023  21  9172736  599  23860  10058  7419124836  599  0  45992  46013  21  0  23860  354  0  227233  246  23860  0  23860  10494  345  137  322316527  0  2912  3665  3665  13.9116832156  
1441317608  0  78249  10494  33357  21  9188752  632  25766  10630  7877405681  632  0  47898  47919  21  0  25766  354  0  230525  247  25766  0  25766  10494  345  137  458280845  0  2816  1906  1906  13.4110340068  
1441317609  0  83844  12506  37288  21  9161013  678  28399  9332  8438892043  678  0  52543  52564  21  0  28399  354  0  233684  248  28399  0  28399  12506  347  137  561486362  2012  5595  4645  4645  14.9157960021  
1441317609  0  86403  12506  38065  21  9169077  693  29464  9620  8601669918  693  0  53608  53629  21  0  29464  354  0  237977  248  29464  0  29464  12506  351  137  162777875  0  2559  1065  1065  14.4740344664  
1441317610  0  89412  12506  40623  21  9206138  752  33329  10927  9149295288  752  0  57473  57494  21  0  33329  354  0  240143  249  33329  0  33329  12506  352  137  547625370  0  3009  3865  3865  13.9869368765  
1441317610  0  94210  14969  44100  21  9237666  798  35524  12107  9747342141  798  0  62131  62152  21  0  35524  354  0  243324  250  35524  0  35524  14969  354  137  598046853  2463  4798  4658  4658  15.8889714468  
1441317611  0  94210  14969  44100  21  9237666  798  35524  12107  9747342141  798  0  62131  62152  21  0  35524  354  0  243324  250  35524  0  35524  14969  354  137  0  0  0  0  0  15.8889714468  
1441317611  0  96448  14980  45836  21  9254225  826  37858  12715  10261092688  828  0  64476  64497  21  0  37868  354  0  244895  250  37868  0  37858  14980  354  137  513750547  11  2238  2345  2345  15.5316854678  
1441317612  0  99713  14980  47308  21  9265117  863  39719  13104  10681317023  863  0  66337  66358  21  0  39719  354  0  246360  252  39719  0  39719  14980  354  137  420224335  0  3265  1861  1861  15.0231163439  
1441317612  0  103885  17231  49785  21  9212197  797  35073  11214  11244021798  878  0  69172  69193  21  0  40462  354  0  250360  250  40462  0  35073  17231  359  140  562704775  2251  4172  2835  2835  16.586610194  
1441317613  0  106851  17381  51615  21  9272937  837  38659  13414  11706276885  878  0  73353  73374  21  0  40462  354  0  252603  248  40462  0  38659  17381  360  141  462255087  150  2966  4181  4181  16.2665768219  
1441317613  0  109350  17381  53972  21  9291605  881  41560  13958  12364018819  881  0  76254  76275  21  0  41560  354  0  254865  248  41560  0  41560  17381  360  141  657741934  0  2499  2901  2901  15.8948331047  
1441317614  0  111810  17381  54417  21  9292669  880  42043  13996  12534639766  887  0  76808  76829  21  0  42114  354  0  262095  247  42114  0  42043  17381  364  142  170620947  0  2460  554  554  15.5451211877  
1441317614  0  111810  17381  54417  21  9292669  880  42043  13996  12534639766  887  0  76808  76829  21  0  42114  354  0  262095  247  42114  0  42043  17381  364  142  0  0  0  0  0  15.5451211877  
1441317615  0  114070  18897  55048  21  9299473  819  38585  14239  12697417081  887  0  77682  77703  21  0  42114  354  0  264065  245  42114  0  38585  18897  365  143  162777315  1516  2260  874  874  16.566143596  
1441317615  0  115356  18897  56852  21  9311121  853  40805  14655  13209047948  887  0  79902  79923  21  0  42114  354  0  265975  245  42114  0  40805  18897  365  143  511630867  0  1286  2220  2220  16.3814626027  
1441317616  0  116605  18897  58683  21  9254953  842  40630  12649  13560699389  887  0  81733  81754  21  0  42114  354  0  270285  244  42114  0  40630  18897  376  144  351651441  0  1249  1831  1831  16.2059945971  
1441317616  0  118052  19032  59603  21  9259985  758  36615  12744  13701361188  887  0  82748  82769  21  0  42114  354  0  276436  241  42114  0  36615  19032  380  146  140661799  135  1447  1015  1015  16.1217090774  
1441317617  0  118367  19032  60886  21  9306066  798  39478  14324  14097995604  887  0  85611  85632  21  0  42114  354  0  278440  241  42114  0  39478  19032  386  146  396634416  0  315  2863  2863  16.0788057482  
1441317618  0  119218  19032  61241  21  9391836  853  42760  17251  14286323673  887  0  88893  88914  21  0  42760  354  0  280753  243  42760  0  42760  19032  387  146  188328069  0  851  3282  3282  15.964032277  
1441317618  0  119218  19032  61241  21  9391836  853  42760  17251  14286323673  887  0  88893  88914  21  0  42760  354  0  280753  243  42760  0  42760  19032  387  146  0  0  0  0  0  15.964032277  
1441317619  0  128070  27257  63501  21  9411853  747  36076  18018  14728783802  887  0  91926  91947  21  0  42824  354  1  296325  242  42824  0  36076  27257  393  147  442460129  8225  8852  3033  3033  21.2828921683  
1441317619  0  128855  27269  64070  21  9423529  764  37050  18435  14905362128  887  0  92912  92933  21  0  42824  354  1  298587  243  42824  0  37050  27269  397  147  176578326  12  785  986  986  21.162547049  
1441317620  0  129143  27269  65446  21  9421129  757  35963  18434  15263939703  887  0  94288  94309  21  0  42824  354  1  304285  244  42824  0  35963  27269  400  148  358577575  0  288  1376  1376  21.1153527485  
1441317620  0  129706  27829  66018  21  9428659  747  36051  18631  15439321584  887  0  95057  95078  21  0  42824  354  1  312060  242  42824  0  36051  27829  402  149  175381881  560  563  769  769  21.4554453919  
1441317621  0  129898  27829  67377  21  9447215  786  38028  19249  15699277398  887  0  97034  97055  21  0  42824  354  1  316809  244  42824  0  38028  27829  402  149  259955814  0  192  1977  1977  21.423732467  
1441317621  0  129898  27829  67377  21  9447215  786  38028  19249  15699277398  887  0  97034  97055  21  0  42824  354  1  316809  244  42824  0  38028  27829  402  149  0  0  0  0  0  21.423732467  
1441317622  0  130442  27829  71787  21  9447215  856  42438  19249  16429764023  887  0  101444  101465  21  0  42824  354  1  317059  244  42824  0  42438  27829  402  149  730486625  0  544  4410  4410  21.334386164  
1441317622  0  131329  27916  71927  21  9257506  865  42779  19450  16461589006  887  0  101872  101893  21  0  42824  354  1  320693  244  42824  0  42779  27916  402  149  31824983  87  887  428  428  21.2565389213  
