#Type:X;CI:7;ww:0;ca:0;co:1;fr:0;Type:X;CI:7;PI:0;PT:EP;U0:0;U1:0;
#time  Pp  gt  gs  cn  cm  cb  Nc  Pc  cp  Tc  Nm  pr  ps  pt  px  pd  Pm  Om  fs  ft  Oc  Em  Gp  Ec  Ge  ot  os  Total_cycles_diff  Successful_get_diff  Total_get_diff  succ_put_diff  total_put_diff  get_hit  
1441652833  0  0  0  0  0  0  0  0  0  0  0  0  0  0  0  0  0  0  0  0  0  0  0  0  0  0  0  0  0  0  0  0  
1441652833  0  0  0  0  0  0  0  0  0  697044  0  0  0  0  0  0  0  0  0  0  0  0  0  0  0  0  0  697044  0  0  0  0  0 
1441652834  0  0  0  0  0  0  0  0  0  697044  0  0  0  0  0  0  0  0  0  0  0  0  0  0  0  0  0  0  0  0  0  0  0 
1441652834  0  0  0  0  0  0  0  0  0  1209732  0  0  0  0  0  0  0  0  0  0  0  0  0  0  0  0  0  512688  0  0  0  0  0 
1441652835  0  0  0  0  0  0  0  0  0  1498034  0  0  0  0  0  0  0  0  0  0  0  0  0  0  0  0  0  288302  0  0  0  0  0 
1441652835  0  0  0  0  0  0  0  0  0  1727341  0  0  0  0  0  0  0  0  0  0  0  0  0  0  0  0  0  229307  0  0  0  0  0 
1441652836  0  0  0  0  0  0  0  0  0  2167073  0  0  0  0  0  0  0  0  0  12  0  0  0  0  0  36  0  439732  0  0  0  0  0 
1441652836  0  0  0  0  0  0  0  0  0  3045155  0  0  0  0  0  0  0  0  0  13  0  0  0  0  0  39  0  878082  0  0  0  0  0 
1441652837  0  0  0  0  0  0  0  0  0  3509156  0  0  0  0  0  0  0  0  0  21  0  0  0  0  0  46  0  464001  0  0  0  0  0 
1441652837  0  0  0  0  0  0  0  0  0  3509156  0  0  0  0  0  0  0  0  0  21  0  0  0  0  0  46  0  0  0  0  0  0  0 
1441652838  0  0  0  0  0  0  0  0  0  3921976  0  0  0  0  0  0  0  0  0  21  0  0  0  0  0  46  0  412820  0  0  0  0  0 
1441652838  0  0  0  0  0  0  0  0  0  3952219  0  0  0  0  0  0  0  0  0  21  0  0  0  0  0  46  0  30243  0  0  0  0  0 
1441652839  0  0  0  0  0  0  0  0  0  3952219  0  0  0  0  0  0  0  0  0  21  0  0  0  0  0  46  0  0  0  0  0  0  0 
1441652839  0  0  0  0  0  0  0  0  0  3952219  0  0  0  0  0  0  0  0  0  21  0  0  0  0  0  46  0  0  0  0  0  0  0 
1441652840  0  0  0  0  0  0  0  0  0  3952219  0  0  0  0  0  0  0  0  0  21  0  0  0  0  0  46  0  0  0  0  0  0  0 
1441652840  0  0  0  0  0  0  0  0  0  3952219  0  0  0  0  0  0  0  0  0  21  0  0  0  0  0  46  0  0  0  0  0  0  0 
1441652841  0  0  0  0  0  0  0  0  0  3952219  0  0  0  0  0  0  0  0  0  21  0  0  0  0  0  46  0  0  0  0  0  0  0 
1441652841  0  0  0  0  0  0  0  0  0  3952219  0  0  0  0  0  0  0  0  0  21  0  0  0  0  0  46  0  0  0  0  0  0  0 
1441652842  0  0  0  0  0  0  0  0  0  3952219  0  0  0  0  0  0  0  0  0  21  0  0  0  0  0  46  0  0  0  0  0  0  0 
1441652842  0  0  0  0  0  0  0  0  0  3952219  0  0  0  0  0  0  0  0  0  21  0  0  0  0  0  46  0  0  0  0  0  0  0 
1441652843  0  0  0  0  0  0  0  0  0  3952219  0  0  0  0  0  0  0  0  0  21  0  0  0  0  0  46  0  0  0  0  0  0  0 
1441652843  0  0  0  0  0  0  0  0  0  3952219  0  0  0  0  0  0  0  0  0  21  0  0  0  0  0  46  0  0  0  0  0  0  0 
1441652844  0  0  0  0  0  0  0  0  0  3952219  0  0  0  0  0  0  0  0  0  21  0  0  0  0  0  46  0  0  0  0  0  0  0 
1441652844  0  0  0  0  0  0  0  0  0  3952219  0  0  0  0  0  0  0  0  0  21  0  0  0  0  0  46  0  0  0  0  0  0  0 
1441652845  0  0  0  0  0  0  0  0  0  3952219  0  0  0  0  0  0  0  0  0  21  0  0  0  0  0  46  0  0  0  0  0  0  0 
1441652845  0  0  0  0  0  0  0  0  0  3952219  0  0  0  0  0  0  0  0  0  21  0  0  0  0  0  46  0  0  0  0  0  0  0 
1441652846  0  0  0  0  0  0  0  0  0  3952219  0  0  0  0  0  0  0  0  0  21  0  0  0  0  0  46  0  0  0  0  0  0  0 
1441652846  0  0  0  0  0  0  0  0  0  3952219  0  0  0  0  0  0  0  0  0  21  0  0  0  0  0  46  0  0  0  0  0  0  0 
1441652847  0  0  0  0  0  0  0  0  0  3952219  0  0  0  0  0  0  0  0  0  21  0  0  0  0  0  46  0  0  0  0  0  0  0 
1441652847  0  0  0  0  0  0  0  0  0  3952219  0  0  0  0  0  0  0  0  0  21  0  0  0  0  0  46  0  0  0  0  0  0  0 
1441652848  0  0  0  0  0  0  0  0  0  3952219  0  0  0  0  0  0  0  0  0  21  0  0  0  0  0  46  0  0  0  0  0  0  0 
1441652848  0  0  0  0  0  0  0  0  0  3952219  0  0  0  0  0  0  0  0  0  21  0  0  0  0  0  46  0  0  0  0  0  0  0 
1441652849  0  0  0  0  0  0  0  0  0  3952219  0  0  0  0  0  0  0  0  0  21  0  0  0  0  0  46  0  0  0  0  0  0  0 
1441652849  0  0  0  0  0  0  0  0  0  3952219  0  0  0  0  0  0  0  0  0  21  0  0  0  0  0  46  0  0  0  0  0  0  0 
1441652850  0  0  0  0  0  0  0  0  0  3952219  0  0  0  0  0  0  0  0  0  21  0  0  0  0  0  46  0  0  0  0  0  0  0 
1441652850  0  0  0  0  0  0  0  0  0  3952219  0  0  0  0  0  0  0  0  0  21  0  0  0  0  0  46  0  0  0  0  0  0  0 
1441652851  0  0  0  0  0  0  0  0  0  3952219  0  0  0  0  0  0  0  0  0  21  0  0  0  0  0  46  0  0  0  0  0  0  0 
1441652851  0  0  0  0  0  0  0  0  0  3952219  0  0  0  0  0  0  0  0  0  21  0  0  0  0  0  46  0  0  0  0  0  0  0 
1441652852  0  0  0  0  0  0  0  0  0  3952219  0  0  0  0  0  0  0  0  0  21  0  0  0  0  0  46  0  0  0  0  0  0  0 
1441652852  0  0  0  0  0  0  0  0  0  3952219  0  0  0  0  0  0  0  0  0  21  0  0  0  0  0  46  0  0  0  0  0  0  0 
1441652853  0  0  0  0  0  0  0  0  0  3952219  0  0  0  0  0  0  0  0  0  21  0  0  0  0  0  46  0  0  0  0  0  0  0 
1441652853  0  0  0  0  0  0  0  0  0  3952219  0  0  0  0  0  0  0  0  0  21  0  0  0  0  0  46  0  0  0  0  0  0  0 
1441652854  0  0  0  0  0  0  0  0  0  3952219  0  0  0  0  0  0  0  0  0  21  0  0  0  0  0  46  0  0  0  0  0  0  0 
1441652854  0  0  0  0  0  0  0  0  0  3952219  0  0  0  0  0  0  0  0  0  21  0  0  0  0  0  46  0  0  0  0  0  0  0 
1441652855  0  0  0  0  0  0  0  0  0  3952219  0  0  0  0  0  0  0  0  0  21  0  0  0  0  0  46  0  0  0  0  0  0  0 
1441652855  0  0  0  0  0  0  0  0  0  3952219  0  0  0  0  0  0  0  0  0  21  0  0  0  0  0  46  0  0  0  0  0  0  0 
1441652856  0  0  0  0  0  0  0  0  0  3952219  0  0  0  0  0  0  0  0  0  21  0  0  0  0  0  46  0  0  0  0  0  0  0 
1441652856  0  0  0  0  0  0  0  0  0  3952219  0  0  0  0  0  0  0  0  0  21  0  0  0  0  0  46  0  0  0  0  0  0  0 
1441652857  0  0  0  0  0  0  0  0  0  3952219  0  0  0  0  0  0  0  0  0  21  0  0  0  0  0  46  0  0  0  0  0  0  0 
1441652857  0  0  0  0  0  0  0  0  0  3952219  0  0  0  0  0  0  0  0  0  21  0  0  0  0  0  46  0  0  0  0  0  0  0 
1441652858  0  0  0  0  0  0  0  0  0  3952219  0  0  0  0  0  0  0  0  0  21  0  0  0  0  0  46  0  0  0  0  0  0  0 
1441652858  0  0  0  0  0  0  0  0  0  3952219  0  0  0  0  0  0  0  0  0  21  0  0  0  0  0  46  0  0  0  0  0  0  0 
1441652859  0  0  0  0  0  0  0  0  0  3952219  0  0  0  0  0  0  0  0  0  21  0  0  0  0  0  46  0  0  0  0  0  0  0 
1441652860  0  0  0  0  0  0  0  0  0  3952219  0  0  0  0  0  0  0  0  0  21  0  0  0  0  0  46  0  0  0  0  0  0  0 
1441652860  0  0  0  0  0  0  0  0  0  3952219  0  0  0  0  0  0  0  0  0  21  0  0  0  0  0  46  0  0  0  0  0  0  0 
1441652861  0  0  0  0  0  0  0  0  0  3952219  0  0  0  0  0  0  0  0  0  21  0  0  0  0  0  46  0  0  0  0  0  0  0 
1441652861  0  0  0  0  0  0  0  0  0  3952219  0  0  0  0  0  0  0  0  0  21  0  0  0  0  0  46  0  0  0  0  0  0  0 
1441652862  0  0  0  0  0  0  0  0  0  3952219  0  0  0  0  0  0  0  0  0  21  0  0  0  0  0  46  0  0  0  0  0  0  0 
1441652862  0  0  0  0  0  0  0  0  0  3952219  0  0  0  0  0  0  0  0  0  21  0  0  0  0  0  46  0  0  0  0  0  0  0 
1441652863  0  0  0  0  0  0  0  0  0  3952219  0  0  0  0  0  0  0  0  0  21  0  0  0  0  0  46  0  0  0  0  0  0  0 
1441652863  0  0  0  0  0  0  0  0  0  3952219  0  0  0  0  0  0  0  0  0  21  0  0  0  0  0  46  0  0  0  0  0  0  0 
1441652864  0  0  0  0  0  0  0  0  0  3952219  0  0  0  0  0  0  0  0  0  21  0  0  0  0  0  46  0  0  0  0  0  0  0 
1441652864  0  0  0  0  0  0  0  0  0  3952219  0  0  0  0  0  0  0  0  0  21  0  0  0  0  0  46  0  0  0  0  0  0  0 
1441652865  0  0  0  0  0  0  0  0  0  3952219  0  0  0  0  0  0  0  0  0  21  0  0  0  0  0  46  0  0  0  0  0  0  0 
1441652865  0  0  0  0  0  0  0  0  0  3952219  0  0  0  0  0  0  0  0  0  21  0  0  0  0  0  46  0  0  0  0  0  0  0 
1441652866  0  0  0  0  0  0  0  0  0  3952219  0  0  0  0  0  0  0  0  0  21  0  0  0  0  0  46  0  0  0  0  0  0  0 
1441652866  0  0  0  0  0  0  0  0  0  3952219  0  0  0  0  0  0  0  0  0  21  0  0  0  0  0  46  0  0  0  0  0  0  0 
1441652867  0  0  0  0  0  0  0  0  0  3952219  0  0  0  0  0  0  0  0  0  21  0  0  0  0  0  46  0  0  0  0  0  0  0 
1441652867  0  0  0  0  0  0  0  0  0  3952219  0  0  0  0  0  0  0  0  0  21  0  0  0  0  0  46  0  0  0  0  0  0  0 
1441652868  0  0  0  0  0  0  0  0  0  3952219  0  0  0  0  0  0  0  0  0  21  0  0  0  0  0  46  0  0  0  0  0  0  0 
1441652868  0  0  0  0  0  0  0  0  0  3952219  0  0  0  0  0  0  0  0  0  21  0  0  0  0  0  46  0  0  0  0  0  0  0 
1441652869  0  0  0  0  0  0  0  0  0  3952219  0  0  0  0  0  0  0  0  0  21  0  0  0  0  0  46  0  0  0  0  0  0  0 
1441652869  0  0  0  0  0  0  0  0  0  3952219  0  0  0  0  0  0  0  0  0  21  0  0  0  0  0  46  0  0  0  0  0  0  0 
1441652870  0  0  0  0  0  0  0  0  0  3952219  0  0  0  0  0  0  0  0  0  21  0  0  0  0  0  46  0  0  0  0  0  0  0 
1441652870  0  0  0  0  0  0  0  0  0  3952219  0  0  0  0  0  0  0  0  0  21  0  0  0  0  0  46  0  0  0  0  0  0  0 
1441652871  0  0  0  0  0  0  0  0  0  3952219  0  0  0  0  0  0  0  0  0  21  0  0  0  0  0  46  0  0  0  0  0  0  0 
1441652871  0  0  0  0  0  0  0  0  0  3952219  0  0  0  0  0  0  0  0  0  21  0  0  0  0  0  46  0  0  0  0  0  0  0 
1441652872  0  0  0  0  0  0  0  0  0  3952219  0  0  0  0  0  0  0  0  0  21  0  0  0  0  0  46  0  0  0  0  0  0  0 
1441652872  0  0  0  0  0  0  0  0  0  3952219  0  0  0  0  0  0  0  0  0  21  0  0  0  0  0  46  0  0  0  0  0  0  0 
1441652873  0  0  0  0  0  0  0  0  0  3952219  0  0  0  0  0  0  0  0  0  21  0  0  0  0  0  46  0  0  0  0  0  0  0 
1441652873  0  0  0  0  0  0  0  0  0  3952219  0  0  0  0  0  0  0  0  0  21  0  0  0  0  0  46  0  0  0  0  0  0  0 
1441652874  0  0  0  0  0  0  0  0  0  3952219  0  0  0  0  0  0  0  0  0  21  0  0  0  0  0  46  0  0  0  0  0  0  0 
1441652874  0  0  0  0  0  0  0  0  0  3952219  0  0  0  0  0  0  0  0  0  21  0  0  0  0  0  46  0  0  0  0  0  0  0 
1441652875  0  0  0  0  0  0  0  0  0  3952219  0  0  0  0  0  0  0  0  0  21  0  0  0  0  0  46  0  0  0  0  0  0  0 
1441652875  0  0  0  0  0  0  0  0  0  3952219  0  0  0  0  0  0  0  0  0  21  0  0  0  0  0  46  0  0  0  0  0  0  0 
1441652876  0  0  0  0  0  0  0  0  0  3952219  0  0  0  0  0  0  0  0  0  21  0  0  0  0  0  46  0  0  0  0  0  0  0 
1441652876  0  0  0  0  0  0  0  0  0  3952219  0  0  0  0  0  0  0  0  0  21  0  0  0  0  0  46  0  0  0  0  0  0  0 
1441652877  0  0  0  0  0  0  0  0  0  3952219  0  0  0  0  0  0  0  0  0  21  0  0  0  0  0  46  0  0  0  0  0  0  0 
1441652877  0  0  0  0  0  0  0  0  0  3952219  0  0  0  0  0  0  0  0  0  21  0  0  0  0  0  46  0  0  0  0  0  0  0 
1441652878  0  0  0  0  0  0  0  0  0  3952219  0  0  0  0  0  0  0  0  0  21  0  0  0  0  0  46  0  0  0  0  0  0  0 
1441652878  0  0  0  0  0  0  0  0  0  3952219  0  0  0  0  0  0  0  0  0  21  0  0  0  0  0  46  0  0  0  0  0  0  0 
1441652879  0  0  0  0  0  0  0  0  0  3952219  0  0  0  0  0  0  0  0  0  21  0  0  0  0  0  46  0  0  0  0  0  0  0 
1441652879  0  0  0  0  0  0  0  0  0  3952219  0  0  0  0  0  0  0  0  0  21  0  0  0  0  0  46  0  0  0  0  0  0  0 
1441652880  0  0  0  0  0  0  0  0  0  3952219  0  0  0  0  0  0  0  0  0  21  0  0  0  0  0  46  0  0  0  0  0  0  0 
1441652880  0  0  0  0  0  0  0  0  0  3952219  0  0  0  0  0  0  0  0  0  21  0  0  0  0  0  46  0  0  0  0  0  0  0 
1441652881  0  0  0  0  0  0  0  0  0  3952219  0  0  0  0  0  0  0  0  0  21  0  0  0  0  0  46  0  0  0  0  0  0  0 
1441652881  0  0  0  0  0  0  0  0  0  3952219  0  0  0  0  0  0  0  0  0  21  0  0  0  0  0  46  0  0  0  0  0  0  0 
1441652882  0  0  0  0  0  0  0  0  0  3952219  0  0  0  0  0  0  0  0  0  21  0  0  0  0  0  46  0  0  0  0  0  0  0 
1441652882  0  0  0  0  0  0  0  0  0  3952219  0  0  0  0  0  0  0  0  0  21  0  0  0  0  0  46  0  0  0  0  0  0  0 
1441652883  0  0  0  0  0  0  0  0  0  3952219  0  0  0  0  0  0  0  0  0  21  0  0  0  0  0  46  0  0  0  0  0  0  0 
1441652883  0  0  0  0  0  0  0  0  0  3952219  0  0  0  0  0  0  0  0  0  21  0  0  0  0  0  46  0  0  0  0  0  0  0 
1441652884  0  0  0  0  0  0  0  0  0  3952219  0  0  0  0  0  0  0  0  0  21  0  0  0  0  0  46  0  0  0  0  0  0  0 
1441652884  0  0  0  0  0  0  0  0  0  3952219  0  0  0  0  0  0  0  0  0  21  0  0  0  0  0  46  0  0  0  0  0  0  0 
1441652885  0  0  0  0  0  0  0  0  0  3952219  0  0  0  0  0  0  0  0  0  21  0  0  0  0  0  46  0  0  0  0  0  0  0 
1441652885  0  0  0  0  0  0  0  0  0  3952219  0  0  0  0  0  0  0  0  0  21  0  0  0  0  0  46  0  0  0  0  0  0  0 
1441652886  0  0  0  0  0  0  0  0  0  3952219  0  0  0  0  0  0  0  0  0  21  0  0  0  0  0  46  0  0  0  0  0  0  0 
1441652886  0  0  0  0  0  0  0  0  0  3952219  0  0  0  0  0  0  0  0  0  21  0  0  0  0  0  46  0  0  0  0  0  0  0 
1441652887  0  0  0  0  0  0  0  0  0  3952219  0  0  0  0  0  0  0  0  0  21  0  0  0  0  0  46  0  0  0  0  0  0  0 
1441652887  0  0  0  0  0  0  0  0  0  3952219  0  0  0  0  0  0  0  0  0  21  0  0  0  0  0  46  0  0  0  0  0  0  0 
1441652888  0  0  0  0  0  0  0  0  0  3952219  0  0  0  0  0  0  0  0  0  21  0  0  0  0  0  46  0  0  0  0  0  0  0 
1441652888  0  0  0  0  0  0  0  0  0  3952219  0  0  0  0  0  0  0  0  0  21  0  0  0  0  0  46  0  0  0  0  0  0  0 
1441652889  0  0  0  0  0  0  0  0  0  3952219  0  0  0  0  0  0  0  0  0  21  0  0  0  0  0  46  0  0  0  0  0  0  0 
1441652889  0  0  0  0  0  0  0  0  0  3952219  0  0  0  0  0  0  0  0  0  21  0  0  0  0  0  46  0  0  0  0  0  0  0 
1441652890  0  0  0  0  0  0  0  0  0  3952219  0  0  0  0  0  0  0  0  0  21  0  0  0  0  0  46  0  0  0  0  0  0  0 
1441652890  0  0  0  0  0  0  0  0  0  3952219  0  0  0  0  0  0  0  0  0  21  0  0  0  0  0  46  0  0  0  0  0  0  0 
1441652891  0  0  0  0  0  0  0  0  0  3959868  0  0  0  0  0  0  0  0  0  21  0  0  0  0  0  47  0  7649  0  0  0  0  0 
1441652891  0  0  0  0  0  0  0  0  0  3959868  0  0  0  0  0  0  0  0  0  21  0  0  0  0  0  47  0  0  0  0  0  0  0 
1441652892  0  0  0  0  0  0  0  0  0  3959868  0  0  0  0  0  0  0  0  0  21  0  0  0  0  0  47  0  0  0  0  0  0  0 
1441652892  0  0  0  0  0  0  0  0  0  3959868  0  0  0  0  0  0  0  0  0  21  0  0  0  0  0  47  0  0  0  0  0  0  0 
1441652893  0  0  0  0  0  0  0  0  0  3959868  0  0  0  0  0  0  0  0  0  21  0  0  0  0  0  47  0  0  0  0  0  0  0 
1441652893  0  0  0  0  0  0  0  0  0  3959868  0  0  0  0  0  0  0  0  0  21  0  0  0  0  0  47  0  0  0  0  0  0  0 
1441652894  0  0  0  0  0  0  0  0  0  3959868  0  0  0  0  0  0  0  0  0  21  0  0  0  0  0  47  0  0  0  0  0  0  0 
1441652895  0  0  0  0  0  0  0  0  0  3959868  0  0  0  0  0  0  0  0  0  21  0  0  0  0  0  47  0  0  0  0  0  0  0 
1441652895  0  0  0  0  0  0  0  0  0  3959868  0  0  0  0  0  0  0  0  0  21  0  0  0  0  0  47  0  0  0  0  0  0  0 
1441652896  0  0  0  0  0  0  0  0  0  3959868  0  0  0  0  0  0  0  0  0  21  0  0  0  0  0  47  0  0  0  0  0  0  0 
1441652896  0  0  0  0  0  0  0  0  0  3959868  0  0  0  0  0  0  0  0  0  21  0  0  0  0  0  47  0  0  0  0  0  0  0 
1441652897  0  0  0  0  0  0  0  0  0  3959868  0  0  0  0  0  0  0  0  0  21  0  0  0  0  0  47  0  0  0  0  0  0  0 
1441652897  0  0  0  0  0  0  0  0  0  3959868  0  0  0  0  0  0  0  0  0  21  0  0  0  0  0  47  0  0  0  0  0  0  0 
1441652898  0  0  0  0  0  0  0  0  0  3959868  0  0  0  0  0  0  0  0  0  21  0  0  0  0  0  47  0  0  0  0  0  0  0 
1441652898  0  0  0  0  0  0  0  0  0  3959868  0  0  0  0  0  0  0  0  0  21  0  0  0  0  0  47  0  0  0  0  0  0  0 
1441652899  0  0  0  0  0  0  0  0  0  3959868  0  0  0  0  0  0  0  0  0  21  0  0  0  0  0  47  0  0  0  0  0  0  0 
1441652899  0  0  0  0  0  0  0  0  0  3959868  0  0  0  0  0  0  0  0  0  21  0  0  0  0  0  47  0  0  0  0  0  0  0 
1441652900  0  0  0  0  0  0  0  0  0  3959868  0  0  0  0  0  0  0  0  0  21  0  0  0  0  0  47  0  0  0  0  0  0  0 
1441652900  0  0  0  0  0  0  0  0  0  3959868  0  0  0  0  0  0  0  0  0  21  0  0  0  0  0  47  0  0  0  0  0  0  0 
1441652901  0  0  0  0  0  0  0  0  0  3962880  0  0  0  0  0  0  0  0  0  21  0  0  0  0  0  48  0  3012  0  0  0  0  0 
1441652901  0  0  0  0  0  0  0  0  0  3962880  0  0  0  0  0  0  0  0  0  21  0  0  0  0  0  48  0  0  0  0  0  0  0 
1441652902  0  0  0  0  0  0  0  0  0  3962880  0  0  0  0  0  0  0  0  0  21  0  0  0  0  0  48  0  0  0  0  0  0  0 
1441652902  0  0  0  0  0  0  0  0  0  3962880  0  0  0  0  0  0  0  0  0  21  0  0  0  0  0  48  0  0  0  0  0  0  0 
1441652903  0  0  0  0  0  0  0  0  0  3962880  0  0  0  0  0  0  0  0  0  21  0  0  0  0  0  48  0  0  0  0  0  0  0 
1441652903  0  0  0  0  0  0  0  0  0  3962880  0  0  0  0  0  0  0  0  0  21  0  0  0  0  0  48  0  0  0  0  0  0  0 
1441652904  0  0  0  0  0  0  0  0  0  3962880  0  0  0  0  0  0  0  0  0  21  0  0  0  0  0  48  0  0  0  0  0  0  0 
1441652904  0  0  0  0  0  0  0  0  0  3962880  0  0  0  0  0  0  0  0  0  21  0  0  0  0  0  48  0  0  0  0  0  0  0 
1441652905  0  0  0  0  0  0  0  0  0  3962880  0  0  0  0  0  0  0  0  0  21  0  0  0  0  0  48  0  0  0  0  0  0  0 
1441652905  0  0  0  0  0  0  0  0  0  3962880  0  0  0  0  0  0  0  0  0  21  0  0  0  0  0  48  0  0  0  0  0  0  0 
1441652906  0  0  0  0  0  0  0  0  0  3962880  0  0  0  0  0  0  0  0  0  21  0  0  0  0  0  48  0  0  0  0  0  0  0 
1441652906  0  0  0  0  0  0  0  0  0  3962880  0  0  0  0  0  0  0  0  0  21  0  0  0  0  0  48  0  0  0  0  0  0  0 
1441652907  0  0  0  0  0  0  0  0  0  3962880  0  0  0  0  0  0  0  0  0  21  0  0  0  0  0  48  0  0  0  0  0  0  0 
1441652907  0  0  0  0  0  0  0  0  0  3962880  0  0  0  0  0  0  0  0  0  21  0  0  0  0  0  48  0  0  0  0  0  0  0 
1441652908  0  0  0  0  0  0  0  0  0  3962880  0  0  0  0  0  0  0  0  0  21  0  0  0  0  0  48  0  0  0  0  0  0  0 
1441652908  0  0  0  0  0  0  0  0  0  3962880  0  0  0  0  0  0  0  0  0  21  0  0  0  0  0  48  0  0  0  0  0  0  0 
1441652909  0  0  0  0  0  0  0  0  0  3962880  0  0  0  0  0  0  0  0  0  21  0  0  0  0  0  48  0  0  0  0  0  0  0 
1441652909  0  0  0  0  0  0  0  0  0  3962880  0  0  0  0  0  0  0  0  0  21  0  0  0  0  0  48  0  0  0  0  0  0  0 
1441652910  0  0  0  0  0  0  0  0  0  3962880  0  0  0  0  0  0  0  0  0  21  0  0  0  0  0  48  0  0  0  0  0  0  0 
1441652910  0  0  0  0  0  0  0  0  0  3962880  0  0  0  0  0  0  0  0  0  21  0  0  0  0  0  48  0  0  0  0  0  0  0 
1441652911  0  0  0  0  0  0  0  0  0  3965565  0  0  0  0  0  0  0  0  0  21  0  0  0  0  0  49  0  2685  0  0  0  0  0 
1441652911  0  0  0  0  0  0  0  0  0  3965565  0  0  0  0  0  0  0  0  0  21  0  0  0  0  0  49  0  0  0  0  0  0  0 
1441652912  0  0  0  0  0  0  0  0  0  3965565  0  0  0  0  0  0  0  0  0  21  0  0  0  0  0  49  0  0  0  0  0  0  0 
1441652912  0  0  0  0  0  0  0  0  0  3965565  0  0  0  0  0  0  0  0  0  21  0  0  0  0  0  49  0  0  0  0  0  0  0 
1441652913  0  0  0  0  0  0  0  0  0  3965565  0  0  0  0  0  0  0  0  0  21  0  0  0  0  0  49  0  0  0  0  0  0  0 
1441652913  0  0  0  0  0  0  0  0  0  3965565  0  0  0  0  0  0  0  0  0  21  0  0  0  0  0  49  0  0  0  0  0  0  0 
1441652914  0  0  0  0  0  0  0  0  0  3965565  0  0  0  0  0  0  0  0  0  21  0  0  0  0  0  49  0  0  0  0  0  0  0 
1441652914  0  0  0  0  0  0  0  0  0  3965565  0  0  0  0  0  0  0  0  0  21  0  0  0  0  0  49  0  0  0  0  0  0  0 
1441652915  0  0  0  0  0  0  0  0  0  3965565  0  0  0  0  0  0  0  0  0  21  0  0  0  0  0  49  0  0  0  0  0  0  0 
1441652915  0  0  0  0  0  0  0  0  0  3965565  0  0  0  0  0  0  0  0  0  21  0  0  0  0  0  49  0  0  0  0  0  0  0 
1441652916  0  0  0  0  0  0  0  0  0  3965565  0  0  0  0  0  0  0  0  0  21  0  0  0  0  0  49  0  0  0  0  0  0  0 
1441652916  0  0  0  0  0  0  0  0  0  3965565  0  0  0  0  0  0  0  0  0  21  0  0  0  0  0  49  0  0  0  0  0  0  0 
1441652917  0  0  0  0  0  0  0  0  0  3965565  0  0  0  0  0  0  0  0  0  21  0  0  0  0  0  49  0  0  0  0  0  0  0 
1441652917  0  0  0  0  0  0  0  0  0  3965565  0  0  0  0  0  0  0  0  0  21  0  0  0  0  0  49  0  0  0  0  0  0  0 
1441652918  0  0  0  0  0  0  0  0  0  3965565  0  0  0  0  0  0  0  0  0  21  0  0  0  0  0  49  0  0  0  0  0  0  0 
1441652918  0  0  0  0  0  0  0  0  0  3965565  0  0  0  0  0  0  0  0  0  21  0  0  0  0  0  49  0  0  0  0  0  0  0 
1441652919  0  0  0  0  0  0  0  0  0  3965565  0  0  0  0  0  0  0  0  0  21  0  0  0  0  0  49  0  0  0  0  0  0  0 
1441652919  0  0  0  0  0  0  0  0  0  3965565  0  0  0  0  0  0  0  0  0  21  0  0  0  0  0  49  0  0  0  0  0  0  0 
1441652920  0  0  0  0  0  0  0  0  0  3965565  0  0  0  0  0  0  0  0  0  21  0  0  0  0  0  49  0  0  0  0  0  0  0 
1441652920  0  0  0  0  0  0  0  0  0  3965565  0  0  0  0  0  0  0  0  0  21  0  0  0  0  0  49  0  0  0  0  0  0  0 
1441652921  0  0  0  0  0  0  0  0  0  3968033  0  0  0  0  0  0  0  0  0  21  0  0  0  0  0  50  0  2468  0  0  0  0  0 
1441652921  0  0  0  0  0  0  0  0  0  3968033  0  0  0  0  0  0  0  0  0  21  0  0  0  0  0  50  0  0  0  0  0  0  0 
1441652922  0  0  0  0  0  0  0  0  0  3968033  0  0  0  0  0  0  0  0  0  21  0  0  0  0  0  50  0  0  0  0  0  0  0 
1441652922  0  0  0  0  0  0  0  0  0  3968033  0  0  0  0  0  0  0  0  0  21  0  0  0  0  0  50  0  0  0  0  0  0  0 
1441652923  0  0  0  0  0  0  0  0  0  3968033  0  0  0  0  0  0  0  0  0  21  0  0  0  0  0  50  0  0  0  0  0  0  0 
1441652923  0  0  0  0  0  0  0  0  0  3968033  0  0  0  0  0  0  0  0  0  21  0  0  0  0  0  50  0  0  0  0  0  0  0 
1441652924  0  0  0  0  0  0  0  0  0  3968033  0  0  0  0  0  0  0  0  0  21  0  0  0  0  0  50  0  0  0  0  0  0  0 
1441652924  0  0  0  0  0  0  0  0  0  3968033  0  0  0  0  0  0  0  0  0  21  0  0  0  0  0  50  0  0  0  0  0  0  0 
1441652925  0  0  0  0  0  0  0  0  0  3968033  0  0  0  0  0  0  0  0  0  21  0  0  0  0  0  50  0  0  0  0  0  0  0 
1441652925  0  0  0  0  0  0  0  0  0  3968033  0  0  0  0  0  0  0  0  0  21  0  0  0  0  0  50  0  0  0  0  0  0  0 
1441652926  0  0  0  0  0  0  0  0  0  3968033  0  0  0  0  0  0  0  0  0  21  0  0  0  0  0  50  0  0  0  0  0  0  0 
1441652926  0  0  0  0  0  0  0  0  0  3968033  0  0  0  0  0  0  0  0  0  21  0  0  0  0  0  50  0  0  0  0  0  0  0 
1441652927  0  0  0  0  0  0  0  0  0  3968033  0  0  0  0  0  0  0  0  0  21  0  0  0  0  0  50  0  0  0  0  0  0  0 
1441652927  0  0  0  0  0  0  0  0  0  3968033  0  0  0  0  0  0  0  0  0  21  0  0  0  0  0  50  0  0  0  0  0  0  0 
1441652928  0  0  0  0  0  0  0  0  0  3968033  0  0  0  0  0  0  0  0  0  21  0  0  0  0  0  50  0  0  0  0  0  0  0 
1441652928  0  0  0  0  0  0  0  0  0  3968033  0  0  0  0  0  0  0  0  0  21  0  0  0  0  0  50  0  0  0  0  0  0  0 
1441652929  0  0  0  0  0  0  0  0  0  3968033  0  0  0  0  0  0  0  0  0  21  0  0  0  0  0  50  0  0  0  0  0  0  0 
1441652929  0  0  0  0  0  0  0  0  0  3968033  0  0  0  0  0  0  0  0  0  21  0  0  0  0  0  50  0  0  0  0  0  0  0 
1441652930  0  0  0  0  0  0  0  0  0  3968033  0  0  0  0  0  0  0  0  0  21  0  0  0  0  0  50  0  0  0  0  0  0  0 
1441652930  0  0  0  0  0  0  0  0  0  3970888  0  0  0  0  0  0  0  0  0  21  0  0  0  0  0  51  0  2855  0  0  0  0  0 
1441652931  0  0  0  0  0  0  0  0  0  3970888  0  0  0  0  0  0  0  0  0  21  0  0  0  0  0  51  0  0  0  0  0  0  0 
1441652931  0  0  0  0  0  0  0  0  0  3970888  0  0  0  0  0  0  0  0  0  21  0  0  0  0  0  51  0  0  0  0  0  0  0 
1441652932  0  0  0  0  0  0  0  0  0  3970888  0  0  0  0  0  0  0  0  0  21  0  0  0  0  0  51  0  0  0  0  0  0  0 
1441652932  0  0  0  0  0  0  0  0  0  3970888  0  0  0  0  0  0  0  0  0  21  0  0  0  0  0  51  0  0  0  0  0  0  0 
1441652933  0  0  0  0  0  0  0  0  0  3970888  0  0  0  0  0  0  0  0  0  21  0  0  0  0  0  51  0  0  0  0  0  0  0 
1441652933  0  0  0  0  0  0  0  0  0  3970888  0  0  0  0  0  0  0  0  0  21  0  0  0  0  0  51  0  0  0  0  0  0  0 
1441652934  0  0  0  0  0  0  0  0  0  3970888  0  0  0  0  0  0  0  0  0  21  0  0  0  0  0  51  0  0  0  0  0  0  0 
1441652934  0  0  0  0  0  0  0  0  0  3970888  0  0  0  0  0  0  0  0  0  21  0  0  0  0  0  51  0  0  0  0  0  0  0 
1441652935  0  0  0  0  0  0  0  0  0  3970888  0  0  0  0  0  0  0  0  0  21  0  0  0  0  0  51  0  0  0  0  0  0  0 
1441652935  0  0  0  0  0  0  0  0  0  3970888  0  0  0  0  0  0  0  0  0  21  0  0  0  0  0  51  0  0  0  0  0  0  0 
1441652936  0  0  0  0  0  0  0  0  0  3970888  0  0  0  0  0  0  0  0  0  21  0  0  0  0  0  51  0  0  0  0  0  0  0 
1441652936  0  0  0  0  0  0  0  0  0  3970888  0  0  0  0  0  0  0  0  0  21  0  0  0  0  0  51  0  0  0  0  0  0  0 
1441652937  0  0  0  0  0  0  0  0  0  3970888  0  0  0  0  0  0  0  0  0  21  0  0  0  0  0  51  0  0  0  0  0  0  0 
1441652937  0  0  0  0  0  0  0  0  0  3970888  0  0  0  0  0  0  0  0  0  21  0  0  0  0  0  51  0  0  0  0  0  0  0 
1441652938  0  0  0  0  0  0  0  0  0  3970888  0  0  0  0  0  0  0  0  0  21  0  0  0  0  0  51  0  0  0  0  0  0  0 
1441652938  0  0  0  0  0  0  0  0  0  3970888  0  0  0  0  0  0  0  0  0  21  0  0  0  0  0  51  0  0  0  0  0  0  0 
1441652939  0  0  0  0  0  0  0  0  0  3970888  0  0  0  0  0  0  0  0  0  21  0  0  0  0  0  51  0  0  0  0  0  0  0 
1441652939  0  0  0  0  0  0  0  0  0  3970888  0  0  0  0  0  0  0  0  0  21  0  0  0  0  0  51  0  0  0  0  0  0  0 
1441652940  0  0  0  0  0  0  0  0  0  3970888  0  0  0  0  0  0  0  0  0  21  0  0  0  0  0  51  0  0  0  0  0  0  0 
1441652940  0  0  0  0  0  0  0  0  0  3970888  0  0  0  0  0  0  0  0  0  21  0  0  0  0  0  51  0  0  0  0  0  0  0 
1441652941  0  0  0  0  0  0  0  0  0  4037583  0  0  0  0  0  0  0  0  0  24  0  0  0  0  0  59  0  66695  0  0  0  0  0 
1441652942  0  0  0  0  0  0  0  0  0  4053508  0  0  0  0  0  0  0  0  0  25  0  0  0  0  0  64  0  15925  0  0  0  0  0 
1441652942  0  0  0  0  0  0  0  0  0  4053508  0  0  0  0  0  0  0  0  0  25  0  0  0  0  0  64  0  0  0  0  0  0  0 
1441652943  0  0  0  0  0  0  0  0  0  4053508  0  0  0  0  0  0  0  0  0  25  0  0  0  0  0  64  0  0  0  0  0  0  0 
