#Type:X;CI:1;ww:0;ca:0;co:1;fr:0;Type:X;CI:1;PI:0;PT:EP;U0:0;U1:0;Type:X;CI:1;PI:1;PT:EP;U0:0;U1:0;
#time  Pp  gt  gs  cn  cm  cb  Nc  Pc  cp  Tc  Nm  pr  ps  pt  px  pd  Pm  Om  fs  ft  Oc  Em  Gp  Ec  Ge  ot  os  Total_cycles_diff  Successful_get_diff  Total_get_diff  succ_put_diff  total_put_diff  get_hit  
1441652476  0  0  0  0  0  0  0  0  0  4274893  0  0  0  0  0  0  0  0  0  21  0  0  0  0  0  46  0  4274893  0  0  0  0  
1441652476  0  0  0  0  0  0  0  0  0  4282515  0  0  0  0  0  0  0  0  0  21  0  0  0  0  0  47  0  7622  0  0  0  0  0 
1441652477  0  0  0  0  0  0  0  0  0  4282515  0  0  0  0  0  0  0  0  0  21  0  0  0  0  0  47  0  0  0  0  0  0  0 
1441652478  0  0  0  0  0  0  0  0  0  4282515  0  0  0  0  0  0  0  0  0  21  0  0  0  0  0  47  0  0  0  0  0  0  0 
1441652478  0  0  0  0  0  0  0  0  0  4282515  0  0  0  0  0  0  0  0  0  21  0  0  0  0  0  47  0  0  0  0  0  0  0 
1441652479  0  0  0  0  0  0  0  0  0  4282515  0  0  0  0  0  0  0  0  0  21  0  0  0  0  0  47  0  0  0  0  0  0  0 
1441652479  0  0  0  0  0  0  0  0  0  4282515  0  0  0  0  0  0  0  0  0  21  0  0  0  0  0  47  0  0  0  0  0  0  0 
1441652480  0  0  0  0  0  0  0  0  0  4282515  0  0  0  0  0  0  0  0  0  21  0  0  0  0  0  47  0  0  0  0  0  0  0 
1441652480  0  0  0  0  0  0  0  0  0  4282515  0  0  0  0  0  0  0  0  0  21  0  0  0  0  0  47  0  0  0  0  0  0  0 
1441652481  0  0  0  0  0  0  0  0  0  4282515  0  0  0  0  0  0  0  0  0  21  0  0  0  0  0  47  0  0  0  0  0  0  0 
1441652481  0  0  0  0  0  0  0  0  0  4282515  0  0  0  0  0  0  0  0  0  21  0  0  0  0  0  47  0  0  0  0  0  0  0 
1441652482  0  0  0  0  0  0  0  0  0  4282515  0  0  0  0  0  0  0  0  0  21  0  0  0  0  0  47  0  0  0  0  0  0  0 
1441652482  0  0  0  0  0  0  0  0  0  4282515  0  0  0  0  0  0  0  0  0  21  0  0  0  0  0  47  0  0  0  0  0  0  0 
1441652483  0  0  0  0  0  0  0  0  0  4282515  0  0  0  0  0  0  0  0  0  21  0  0  0  0  0  47  0  0  0  0  0  0  0 
1441652483  0  0  0  0  0  0  0  0  0  4282515  0  0  0  0  0  0  0  0  0  21  0  0  0  0  0  47  0  0  0  0  0  0  0 
1441652484  0  0  0  0  0  0  0  0  0  4282515  0  0  0  0  0  0  0  0  0  21  0  0  0  0  0  47  0  0  0  0  0  0  0 
1441652484  0  0  0  0  0  0  0  0  0  4282515  0  0  0  0  0  0  0  0  0  21  0  0  0  0  0  47  0  0  0  0  0  0  0 
1441652485  0  0  0  0  0  0  0  0  0  4282515  0  0  0  0  0  0  0  0  0  21  0  0  0  0  0  47  0  0  0  0  0  0  0 
1441652485  0  0  0  0  0  0  0  0  0  4282515  0  0  0  0  0  0  0  0  0  21  0  0  0  0  0  47  0  0  0  0  0  0  0 
1441652486  0  0  0  0  0  0  0  0  0  4282515  0  0  0  0  0  0  0  0  0  21  0  0  0  0  0  47  0  0  0  0  0  0  0 
1441652486  0  0  0  0  0  0  0  0  0  4285688  0  0  0  0  0  0  0  0  0  21  0  0  0  0  0  48  0  3173  0  0  0  0  0 
1441652487  0  0  0  0  0  0  0  0  0  4285688  0  0  0  0  0  0  0  0  0  21  0  0  0  0  0  48  0  0  0  0  0  0  0 
1441652487  0  0  0  0  0  0  0  0  0  4285688  0  0  0  0  0  0  0  0  0  21  0  0  0  0  0  48  0  0  0  0  0  0  0 
1441652488  0  0  0  0  0  0  0  0  0  4285688  0  0  0  0  0  0  0  0  0  21  0  0  0  0  0  48  0  0  0  0  0  0  0 
1441652488  0  0  0  0  0  0  0  0  0  4285688  0  0  0  0  0  0  0  0  0  21  0  0  0  0  0  48  0  0  0  0  0  0  0 
1441652489  0  0  0  0  0  0  0  0  0  4285688  0  0  0  0  0  0  0  0  0  21  0  0  0  0  0  48  0  0  0  0  0  0  0 
1441652489  0  0  0  0  0  0  0  0  0  4285688  0  0  0  0  0  0  0  0  0  21  0  0  0  0  0  48  0  0  0  0  0  0  0 
1441652490  0  0  0  0  0  0  0  0  0  4285688  0  0  0  0  0  0  0  0  0  21  0  0  0  0  0  48  0  0  0  0  0  0  0 
1441652490  0  0  0  0  0  0  0  0  0  4285688  0  0  0  0  0  0  0  0  0  21  0  0  0  0  0  48  0  0  0  0  0  0  0 
1441652491  0  0  0  0  0  0  0  0  0  4285688  0  0  0  0  0  0  0  0  0  21  0  0  0  0  0  48  0  0  0  0  0  0  0 
1441652491  0  0  0  0  0  0  0  0  0  4285688  0  0  0  0  0  0  0  0  0  21  0  0  0  0  0  48  0  0  0  0  0  0  0 
1441652492  0  0  0  0  0  0  0  0  0  4285688  0  0  0  0  0  0  0  0  0  21  0  0  0  0  0  48  0  0  0  0  0  0  0 
1441652492  0  0  0  0  0  0  0  0  0  4285688  0  0  0  0  0  0  0  0  0  21  0  0  0  0  0  48  0  0  0  0  0  0  0 
1441652493  0  0  0  0  0  0  0  0  0  4285688  0  0  0  0  0  0  0  0  0  21  0  0  0  0  0  48  0  0  0  0  0  0  0 
1441652493  0  0  0  0  0  0  0  0  0  4285688  0  0  0  0  0  0  0  0  0  21  0  0  0  0  0  48  0  0  0  0  0  0  0 
1441652494  0  0  0  0  0  0  0  0  0  4285688  0  0  0  0  0  0  0  0  0  21  0  0  0  0  0  48  0  0  0  0  0  0  0 
1441652494  0  0  0  0  0  0  0  0  0  4285688  0  0  0  0  0  0  0  0  0  21  0  0  0  0  0  48  0  0  0  0  0  0  0 
1441652495  0  0  0  0  0  0  0  0  0  4285688  0  0  0  0  0  0  0  0  0  21  0  0  0  0  0  48  0  0  0  0  0  0  0 
1441652495  0  0  0  0  0  0  0  0  0  4285688  0  0  0  0  0  0  0  0  0  21  0  0  0  0  0  48  0  0  0  0  0  0  0 
1441652496  0  0  0  0  0  0  0  0  0  4285688  0  0  0  0  0  0  0  0  0  21  0  0  0  0  0  48  0  0  0  0  0  0  0 
1441652496  0  0  0  0  0  0  0  0  0  4285688  0  0  0  0  0  0  0  0  0  21  0  0  0  0  0  48  0  0  0  0  0  0  0 
1441652497  0  0  0  0  0  0  0  0  0  4288335  0  0  0  0  0  0  0  0  0  21  0  0  0  0  0  49  0  2647  0  0  0  0  0 
1441652497  0  0  0  0  0  0  0  0  0  4288335  0  0  0  0  0  0  0  0  0  21  0  0  0  0  0  49  0  0  0  0  0  0  0 
1441652498  0  0  0  0  0  0  0  0  0  4288335  0  0  0  0  0  0  0  0  0  21  0  0  0  0  0  49  0  0  0  0  0  0  0 
1441652498  0  0  0  0  0  0  0  0  0  4288335  0  0  0  0  0  0  0  0  0  21  0  0  0  0  0  49  0  0  0  0  0  0  0 
1441652499  0  0  0  0  0  0  0  0  0  4288335  0  0  0  0  0  0  0  0  0  21  0  0  0  0  0  49  0  0  0  0  0  0  0 
1441652499  0  0  0  0  0  0  0  0  0  4288335  0  0  0  0  0  0  0  0  0  21  0  0  0  0  0  49  0  0  0  0  0  0  0 
1441652500  0  0  0  0  0  0  0  0  0  4288335  0  0  0  0  0  0  0  0  0  21  0  0  0  0  0  49  0  0  0  0  0  0  0 
1441652500  0  0  0  0  0  0  0  0  0  4288335  0  0  0  0  0  0  0  0  0  21  0  0  0  0  0  49  0  0  0  0  0  0  0 
1441652501  0  0  0  0  0  0  0  0  0  4288335  0  0  0  0  0  0  0  0  0  21  0  0  0  0  0  49  0  0  0  0  0  0  0 
1441652501  0  0  0  0  0  0  0  0  0  4288335  0  0  0  0  0  0  0  0  0  21  0  0  0  0  0  49  0  0  0  0  0  0  0 
1441652502  0  0  0  0  0  0  0  0  0  4288335  0  0  0  0  0  0  0  0  0  21  0  0  0  0  0  49  0  0  0  0  0  0  0 
1441652502  0  0  0  0  0  0  0  0  0  4288335  0  0  0  0  0  0  0  0  0  21  0  0  0  0  0  49  0  0  0  0  0  0  0 
1441652503  0  0  0  0  0  0  0  0  0  4288335  0  0  0  0  0  0  0  0  0  21  0  0  0  0  0  49  0  0  0  0  0  0  0 
1441652503  0  0  0  0  0  0  0  0  0  4288335  0  0  0  0  0  0  0  0  0  21  0  0  0  0  0  49  0  0  0  0  0  0  0 
1441652504  0  0  0  0  0  0  0  0  0  4288335  0  0  0  0  0  0  0  0  0  21  0  0  0  0  0  49  0  0  0  0  0  0  0 
1441652504  0  0  0  0  0  0  0  0  0  4288335  0  0  0  0  0  0  0  0  0  21  0  0  0  0  0  49  0  0  0  0  0  0  0 
1441652505  0  0  0  0  0  0  0  0  0  4288335  0  0  0  0  0  0  0  0  0  21  0  0  0  0  0  49  0  0  0  0  0  0  0 
1441652505  0  0  0  0  0  0  0  0  0  4288335  0  0  0  0  0  0  0  0  0  21  0  0  0  0  0  49  0  0  0  0  0  0  0 
1441652506  0  0  0  0  0  0  0  0  0  4288335  0  0  0  0  0  0  0  0  0  21  0  0  0  0  0  49  0  0  0  0  0  0  0 
1441652506  0  0  0  0  0  0  0  0  0  4291178  0  0  0  0  0  0  0  0  0  21  0  0  0  0  0  50  0  2843  0  0  0  0  0 
1441652507  0  0  0  0  0  0  0  0  0  4291178  0  0  0  0  0  0  0  0  0  21  0  0  0  0  0  50  0  0  0  0  0  0  0 
1441652507  0  0  0  0  0  0  0  0  0  4291178  0  0  0  0  0  0  0  0  0  21  0  0  0  0  0  50  0  0  0  0  0  0  0 
1441652508  0  0  0  0  0  0  0  0  0  4291178  0  0  0  0  0  0  0  0  0  21  0  0  0  0  0  50  0  0  0  0  0  0  0 
1441652508  0  0  0  0  0  0  0  0  0  4291178  0  0  0  0  0  0  0  0  0  21  0  0  0  0  0  50  0  0  0  0  0  0  0 
1441652509  0  0  0  0  0  0  0  0  0  4291178  0  0  0  0  0  0  0  0  0  21  0  0  0  0  0  50  0  0  0  0  0  0  0 
1441652509  0  0  0  0  0  0  0  0  0  4291178  0  0  0  0  0  0  0  0  0  21  0  0  0  0  0  50  0  0  0  0  0  0  0 
1441652510  0  0  0  0  0  0  0  0  0  4291178  0  0  0  0  0  0  0  0  0  21  0  0  0  0  0  50  0  0  0  0  0  0  0 
1441652510  0  0  0  0  0  0  0  0  0  4291178  0  0  0  0  0  0  0  0  0  21  0  0  0  0  0  50  0  0  0  0  0  0  0 
1441652511  0  0  0  0  0  0  0  0  0  4291178  0  0  0  0  0  0  0  0  0  21  0  0  0  0  0  50  0  0  0  0  0  0  0 
1441652511  0  0  0  0  0  0  0  0  0  4291178  0  0  0  0  0  0  0  0  0  21  0  0  0  0  0  50  0  0  0  0  0  0  0 
1441652512  0  0  0  0  0  0  0  0  0  4291178  0  0  0  0  0  0  0  0  0  21  0  0  0  0  0  50  0  0  0  0  0  0  0 
1441652512  0  0  0  0  0  0  0  0  0  4291178  0  0  0  0  0  0  0  0  0  21  0  0  0  0  0  50  0  0  0  0  0  0  0 
1441652513  0  0  0  0  0  0  0  0  0  4291178  0  0  0  0  0  0  0  0  0  21  0  0  0  0  0  50  0  0  0  0  0  0  0 
1441652513  0  0  0  0  0  0  0  0  0  4291178  0  0  0  0  0  0  0  0  0  21  0  0  0  0  0  50  0  0  0  0  0  0  0 
1441652514  0  0  0  0  0  0  0  0  0  4291178  0  0  0  0  0  0  0  0  0  21  0  0  0  0  0  50  0  0  0  0  0  0  0 
1441652514  0  0  0  0  0  0  0  0  0  4291178  0  0  0  0  0  0  0  0  0  21  0  0  0  0  0  50  0  0  0  0  0  0  0 
1441652515  0  0  0  0  0  0  0  0  0  4291178  0  0  0  0  0  0  0  0  0  21  0  0  0  0  0  50  0  0  0  0  0  0  0 
1441652515  0  0  0  0  0  0  0  0  0  4291178  0  0  0  0  0  0  0  0  0  21  0  0  0  0  0  50  0  0  0  0  0  0  0 
1441652516  0  0  0  0  0  0  0  0  0  4291178  0  0  0  0  0  0  0  0  0  21  0  0  0  0  0  50  0  0  0  0  0  0  0 
1441652516  0  0  0  0  0  0  0  0  0  4328299  0  0  0  0  0  0  0  0  0  21  0  0  0  0  0  50  0  37121  0  0  0  0  0 
1441652517  0  0  0  0  0  0  0  0  0  4392054  0  0  0  0  0  0  0  0  0  25  0  0  0  0  0  63  0  63755  0  0  0  0  0 
1441652517  0  0  0  0  0  0  0  0  0  4392054  0  0  0  0  0  0  0  0  0  25  0  0  0  0  0  63  0  0  0  0  0  0  0 
1441652518  0  0  0  0  0  0  0  0  0  4392054  0  0  0  0  0  0  0  0  0  25  0  0  0  0  0  63  0  0  0  0  0  0  0 
