#type:T;
#time  gt  cn  Pt  Px  gx  cx  gn  gm  Pn  Pm  Ft  cm  pt  Fx  px  ct  pn  Fm  Fn  pm  dn  On  Om  dm  dx  Ox  dt  Ot  Gt  Cn  Cm  Gx  Cx  Gn  Gm  Ct  
1441319743  4348010  0  0  0  13361  0  4904  157  0  2147483647  18415  2147483647  0  2170  0  0  0  239  21  2147483647  0  46  257  2147483647  0  5363  0  55771  0  0  2147483647  0  0  0  2147483647  0  
1441319744  4350209  0  0  0  13361  0  4905  157  0  2147483647  18415  2147483647  0  2170  0  0  0  239  21  2147483647  0  47  257  2147483647  0  5363  0  57955  0  0  2147483647  0  0  0  2147483647  0  
1441319744  4350209  0  0  0  13361  0  4905  157  0  2147483647  18415  2147483647  0  2170  0  0  0  239  21  2147483647  0  47  257  2147483647  0  5363  0  57955  0  0  2147483647  0  0  0  2147483647  0  
1441319745  4350209  0  0  0  13361  0  4905  157  0  2147483647  18415  2147483647  0  2170  0  0  0  239  21  2147483647  0  47  257  2147483647  0  5363  0  57955  0  0  2147483647  0  0  0  2147483647  0  
1441319745  4350209  0  0  0  13361  0  4905  157  0  2147483647  18415  2147483647  0  2170  0  0  0  239  21  2147483647  0  47  257  2147483647  0  5363  0  57955  0  0  2147483647  0  0  0  2147483647  0  
1441319746  4350209  0  0  0  13361  0  4905  157  0  2147483647  18415  2147483647  0  2170  0  0  0  239  21  2147483647  0  47  257  2147483647  0  5363  0  57955  0  0  2147483647  0  0  0  2147483647  0  
1441319746  4350209  0  0  0  13361  0  4905  157  0  2147483647  18415  2147483647  0  2170  0  0  0  239  21  2147483647  0  47  257  2147483647  0  5363  0  57955  0  0  2147483647  0  0  0  2147483647  0  
1441319747  4350209  0  0  0  13361  0  4905  157  0  2147483647  18415  2147483647  0  2170  0  0  0  239  21  2147483647  0  47  257  2147483647  0  5363  0  57955  0  0  2147483647  0  0  0  2147483647  0  
1441319747  4350209  0  0  0  13361  0  4905  157  0  2147483647  18415  2147483647  0  2170  0  0  0  239  21  2147483647  0  47  257  2147483647  0  5363  0  57955  0  0  2147483647  0  0  0  2147483647  0  
1441319748  4350209  0  0  0  13361  0  4905  157  0  2147483647  18415  2147483647  0  2170  0  0  0  239  21  2147483647  0  47  257  2147483647  0  5363  0  57955  0  0  2147483647  0  0  0  2147483647  0  
1441319748  4350209  0  0  0  13361  0  4905  157  0  2147483647  18415  2147483647  0  2170  0  0  0  239  21  2147483647  0  47  257  2147483647  0  5363  0  57955  0  0  2147483647  0  0  0  2147483647  0  
1441319749  4350209  0  0  0  13361  0  4905  157  0  2147483647  18415  2147483647  0  2170  0  0  0  239  21  2147483647  0  47  257  2147483647  0  5363  0  57955  0  0  2147483647  0  0  0  2147483647  0  
1441319749  4350209  0  0  0  13361  0  4905  157  0  2147483647  18415  2147483647  0  2170  0  0  0  239  21  2147483647  0  47  257  2147483647  0  5363  0  57955  0  0  2147483647  0  0  0  2147483647  0  
1441319750  4350209  0  0  0  13361  0  4905  157  0  2147483647  18415  2147483647  0  2170  0  0  0  239  21  2147483647  0  47  257  2147483647  0  5363  0  57955  0  0  2147483647  0  0  0  2147483647  0  
1441319750  4350209  0  0  0  13361  0  4905  157  0  2147483647  18415  2147483647  0  2170  0  0  0  239  21  2147483647  0  47  257  2147483647  0  5363  0  57955  0  0  2147483647  0  0  0  2147483647  0  
1441319751  4350209  0  0  0  13361  0  4905  157  0  2147483647  18415  2147483647  0  2170  0  0  0  239  21  2147483647  0  47  257  2147483647  0  5363  0  57955  0  0  2147483647  0  0  0  2147483647  0  
1441319751  4350209  0  0  0  13361  0  4905  157  0  2147483647  18415  2147483647  0  2170  0  0  0  239  21  2147483647  0  47  257  2147483647  0  5363  0  57955  0  0  2147483647  0  0  0  2147483647  0  
1441319752  4350209  0  0  0  13361  0  4905  157  0  2147483647  18415  2147483647  0  2170  0  0  0  239  21  2147483647  0  47  257  2147483647  0  5363  0  57955  0  0  2147483647  0  0  0  2147483647  0  
1441319753  4350209  0  0  0  13361  0  4905  157  0  2147483647  18415  2147483647  0  2170  0  0  0  239  21  2147483647  0  47  257  2147483647  0  5363  0  57955  0  0  2147483647  0  0  0  2147483647  0  
1441319753  4350209  0  0  0  13361  0  4905  157  0  2147483647  18415  2147483647  0  2170  0  0  0  239  21  2147483647  0  47  257  2147483647  0  5363  0  57955  0  0  2147483647  0  0  0  2147483647  0  
1441319754  4350209  0  0  0  13361  0  4905  157  0  2147483647  18415  2147483647  0  2170  0  0  0  239  21  2147483647  0  47  257  2147483647  0  5363  0  57955  0  0  2147483647  0  0  0  2147483647  0  
1441319754  4526107  0  15955407  89234  13361  0  5031  157  3430  2338  44724  2147483647  0  2170  0  0  0  208  115  2147483647  0  248  242  2147483647  0  54566  0  657037  1554260  3592  575  31543  6944  193  1817  6202113  
1441319755  4672572  0  15955407  89234  13361  0  5200  157  3430  2338  44724  2147483647  0  2170  0  0  0  208  115  2147483647  0  248  242  2147483647  0  54566  0  657037  2631150  3704  575  31543  6944  322  1817  6453121  
1441319755  4672572  0  15955407  89234  13361  0  5200  157  3430  2338  44724  2147483647  0  2170  0  0  0  208  115  2147483647  0  248  242  2147483647  0  54566  0  657037  2631150  3704  575  31543  6944  322  1817  6453121  
1441319756  4672572  0  15955407  89234  13361  0  5200  157  3430  2338  44724  2147483647  0  2170  0  0  0  208  115  2147483647  0  248  242  2147483647  0  54566  0  657037  2631150  3704  575  31543  6944  322  1817  6453121  
1441319756  4672572  0  15955407  89234  13361  0  5200  157  3430  2338  44724  2147483647  0  2170  0  0  0  208  115  2147483647  0  248  242  2147483647  0  54566  0  657037  2631150  3704  575  31543  6944  322  1817  6453121  
1441319757  4672572  0  15955407  89234  13361  0  5200  157  3430  2338  44724  2147483647  0  2170  0  0  0  208  115  2147483647  0  248  242  2147483647  0  54566  0  657037  2631150  3704  575  31543  6944  322  1817  6453121  
1441319757  4672572  0  15955407  89234  13361  0  5200  157  3430  2338  44724  2147483647  0  2170  0  0  0  208  115  2147483647  0  248  242  2147483647  0  54566  0  657037  2631150  3704  575  31543  6944  322  1817  6453121  
1441319758  4672572  0  15955407  89234  13361  0  5200  157  3430  2338  44724  2147483647  0  2170  0  0  0  208  115  2147483647  0  248  242  2147483647  0  54566  0  657037  2631150  3704  575  31543  6944  322  1817  6453121  
1441319758  4672572  0  15955407  89234  13361  0  5200  157  3430  2338  44724  2147483647  0  2170  0  0  0  208  115  2147483647  0  248  242  2147483647  0  54566  0  657037  2631150  3704  575  31543  6944  322  1817  6453121  
1441319759  4672572  0  15955407  89234  13361  0  5200  157  3430  2338  44724  2147483647  0  2170  0  0  0  208  115  2147483647  0  248  242  2147483647  0  54566  0  657037  2631150  3704  575  31543  6944  322  1817  6453121  
1441319759  4672572  0  15955407  89234  13361  0  5200  157  3430  2338  44724  2147483647  0  2170  0  0  0  208  115  2147483647  0  248  242  2147483647  0  54566  0  657037  2631150  3704  575  31543  6944  322  1817  6453121  
1441319760  4672572  0  15955407  89234  13361  0  5200  157  3430  2338  44724  2147483647  0  2170  0  0  0  208  115  2147483647  0  248  242  2147483647  0  54566  0  657037  2631150  3704  575  31543  6944  322  1817  6453121  
1441319760  4672572  0  18306184  89234  13361  0  5200  157  3840  2338  292248  2147483647  0  4134  0  0  0  205  1113  2147483647  0  248  242  2147483647  0  54566  0  657037  2631150  4114  575  31543  6944  322  1817  7134500  
1441319761  4672572  0  18306184  89234  13361  0  5200  157  3840  2338  1890273  2147483647  0  8835  0  0  0  205  6742  2147483647  0  248  242  2147483647  0  54566  0  657037  2631150  4114  575  31543  6944  322  1817  7134500  
1441319761  4672572  0  18306184  89234  13361  0  5200  157  3840  2338  3655328  2147483647  0  8835  0  0  0  205  13889  2147483647  0  248  242  2147483647  0  54566  0  657037  2631150  4114  575  31543  6944  322  1817  7134500  
1441319762  4672572  0  18306184  89234  13361  0  5200  157  3840  2338  4393634  2147483647  0  8835  0  0  0  205  16027  2147483647  0  248  242  2147483647  0  54566  0  657037  2631150  4114  575  31543  6944  322  1817  7134500  
1441319762  4672572  0  18306184  89234  13361  0  5200  157  3840  2338  4393634  2147483647  0  8835  0  0  0  205  16027  2147483647  0  248  242  2147483647  0  54566  0  657037  2631150  4114  575  31543  6944  322  1817  7134500  
1441319763  4672572  0  18306184  89234  13361  0  5200  157  3840  2338  6350912  2147483647  0  8835  0  0  0  205  22241  2147483647  0  248  242  2147483647  0  54566  0  657037  2631150  4114  575  31543  6944  322  1817  7134500  
1441319763  4672572  0  18306184  89234  13361  0  5200  157  3840  2338  11161244  2147483647  0  9347  0  0  0  205  40679  2147483647  0  248  242  2147483647  0  54566  0  657037  2958476  4188  575  31543  6944  404  1817  7256430  
1441319764  4672572  0  18306184  89234  13361  0  5200  157  3840  2338  15196513  2147483647  0  9347  0  0  0  205  57519  2147483647  0  248  242  2147483647  0  54566  0  657037  2958476  4188  575  31543  6944  404  1817  7256430  
1441319764  4672572  0  18306184  89234  13361  0  5200  157  3840  2338  19974891  2147483647  0  9347  0  0  0  205  69618  2147483647  0  248  242  2147483647  0  54566  0  657037  3013331  4191  575  31543  6944  407  1817  7266986  
1441319765  5047446  0  29343950  112096  13361  0  5584  157  4584  2338  26390768  2147483647  0  32216  0  0  0  205  76342  2147483647  0  249  242  2147483647  0  54566  0  659783  3013331  4935  575  31543  20274  407  1817  10134812  
1441319765  5047446  0  29343950  112096  13361  0  5584  157  4584  2338  26390768  2147483647  0  32216  0  0  0  205  76342  2147483647  0  249  242  2147483647  0  54566  0  659783  3013331  4935  575  31543  20274  407  1817  10134812  
1441319766  7490511  0  30367957  112096  13361  0  8048  157  4651  2338  32503722  2147483647  0  32216  0  0  0  205  82756  2147483647  0  249  242  2147483647  0  54566  0  659783  3013331  5002  575  31543  20274  407  1817  10351932  
1441319766  10296512  0  37717016  112096  13361  0  10936  157  5207  2338  42049518  2147483647  0  32216  0  0  0  205  97788  2147483647  0  259  242  2147483647  0  54566  0  685249  3013331  5558  575  31543  20274  407  1817  12176377  
1441319767  11220225  0  37717016  112096  13361  0  12056  157  5207  2338  42669296  2147483647  0  32216  0  0  0  205  100354  2147483647  0  261  242  2147483647  0  54566  0  689093  3013331  5558  575  31543  20274  407  1817  12176377  
1441319767  11841617  0  37717016  112096  13361  0  12792  157  5207  2338  46670450  2147483647  0  32216  0  0  0  205  104481  2147483647  0  261  242  2147483647  0  54566  0  689093  3013331  5558  575  31543  20274  407  1817  12176377  
1441319768  13885728  0  42373364  112096  13361  0  14488  157  5489  2338  51569268  2147483647  0  32216  0  0  0  205  109663  2147483647  0  261  242  2147483647  0  54566  0  689093  3013331  5840  575  31543  20274  407  1817  13248954  
1441319768  16594965  0  43127918  112096  13361  0  17084  157  5541  2338  57869494  2147483647  0  32216  0  0  0  205  116271  2147483647  0  267  242  2147483647  0  308899  0  1012112  4797996  6058  575  31543  20274  573  1817  14037453  
1441319769  16594965  0  43127918  112096  13361  0  17084  157  5541  2338  57869494  2147483647  0  32216  0  0  0  205  116271  2147483647  0  267  242  2147483647  0  308899  0  1012112  4797996  6058  575  31543  20274  573  1817  14037453  
1441319769  20117483  0  44863378  112096  13361  0  20340  157  5680  2338  62166948  2147483647  0  32216  0  0  0  205  120792  2147483647  0  269  242  2147483647  0  308899  0  1016932  4797996  6197  575  31543  20274  573  1817  14447897  
1441319770  21750310  0  47988264  112096  13361  0  21812  157  5876  2338  66846302  2147483647  0  32216  0  0  0  205  125898  2147483647  0  271  242  2147483647  0  308899  0  1019677  5052876  6412  575  31543  20274  593  1817  15272639  
1441319770  24391607  0  52574771  112096  13361  0  24261  157  6184  2338  72944028  2147483647  0  32216  0  0  0  205  132380  2147483647  0  273  242  2147483647  0  547894  0  1568811  5052876  6720  575  31543  20274  593  1817  16395043  
1441319771  26931858  0  68133906  112096  13361  0  26401  157  7295  2338  77089972  2147483647  0  32216  0  0  0  205  136430  2147483647  0  273  242  2147483647  0  547894  0  1568811  5052876  7831  575  31543  20274  593  1817  20352219  
1441319771  30266662  0  84024595  112096  13361  0  29320  157  8428  2338  80708704  2147483647  0  32216  0  0  0  205  140166  2147483647  0  273  242  2147483647  0  547894  0  1568811  5052876  8964  575  31543  20274  593  1817  24214814  
1441319772  32782796  0  91759920  112096  13361  0  31513  157  8978  2338  84477189  2147483647  0  32216  0  0  0  205  143939  2147483647  0  275  242  2147483647  0  547894  0  1574794  5052876  9514  575  31543  20274  593  1817  26051266  
1441319772  32782796  0  91759920  112096  13361  0  31513  157  8978  2338  84477189  2147483647  0  32216  0  0  0  205  143939  2147483647  0  275  242  2147483647  0  547894  0  1574794  5052876  9514  575  31543  20274  593  1817  26051266  
1441319773  34620232  0  119064585  112096  13361  0  33044  157  10955  2338  87665645  2147483647  0  32216  0  0  0  205  147116  2147483647  0  283  242  2147483647  0  547894  0  1598294  5052876  11491  575  31543  20274  593  1817  32703232  
1441319773  35139793  0  170245106  112096  13361  0  33628  157  14674  2338  90947302  2147483647  0  32216  0  0  0  205  150608  2147483647  0  286  242  2147483647  0  547894  0  1611903  12292013  15895  575  31543  20274  1278  1817  47848752  
1441319774  36534050  0  193682825  112096  13361  0  34860  157  16246  2338  95342454  2147483647  0  32216  0  0  0  205  155058  2147483647  0  289  242  2147483647  0  547894  0  1624132  13031949  17486  575  32302  20274  1360  1817  53520058  
1441319774  37684398  0  232071719  112096  13361  0  35920  157  18954  2338  98681295  2147483647  0  32216  0  0  0  205  160449  2147483647  0  291  242  2147483647  0  547894  0  1625781  14590312  20194  575  32302  20274  2139  1436  62543813  
1441319775  38289897  0  251973400  112096  13361  0  36601  157  20941  2338  100003247  2147483647  0  32216  0  0  0  205  162410  2147483647  0  293  242  2147483647  0  547894  0  1627592  14644220  22181  575  32302  20274  2156  1436  67133321  
1441319775  39206129  0  285343736  112096  13361  0  37436  157  22910  2338  105012276  2147483647  0  32216  0  0  0  205  167760  2147483647  0  298  242  2147483647  0  547894  0  1646533  14644220  24150  575  32302  20274  2156  1436  74532439  
1441319776  39206129  0  285343736  112096  13361  0  37436  157  22910  2338  105012276  2147483647  0  32216  0  0  0  205  167760  2147483647  0  298  242  2147483647  0  547894  0  1646533  14644220  24150  575  32302  20274  2156  1436  74532439  
1441319777  41389995  0  312053798  112096  13361  0  39580  157  24549  2338  108982935  2147483647  0  32216  0  0  0  205  172637  2147483647  0  298  242  2147483647  0  547894  0  1646533  14644220  25789  575  32302  20274  2156  1436  80381520  
1441319778  48143446  0  363574207  112096  15608  0  45675  157  27883  2338  123486788  2147483647  0  32216  0  0  0  205  189783  2147483647  0  304  242  2147483647  0  7609043  0  9477128  51286411  32501  575  32302  21142  5535  1436  105622695  
1441319779  51451816  0  391093222  112096  16755  0  48747  157  29682  2338  127586874  2147483647  0  32216  0  0  0  205  194113  2147483647  0  304  242  2147483647  0  7609043  0  9477128  51286411  34300  575  32302  21142  5535  1436  111431183  
1441319779  54144690  0  417497681  112096  16755  0  51147  157  31547  2338  130727062  2147483647  0  32216  0  0  0  205  196949  2147483647  0  304  242  2147483647  0  7609043  0  9477128  51286411  36165  575  32302  21142  5535  1436  117105378  
1441319780  54144690  0  417497681  112096  16755  0  51147  157  31547  2338  130727062  2147483647  0  32216  0  0  0  205  196949  2147483647  0  304  242  2147483647  0  7609043  0  9477128  51286411  36165  575  32302  21142  5535  1436  117105378  
1441319780  56784093  0  458758417  112096  16755  0  53547  157  34410  2338  131190269  2147483647  0  32216  0  0  0  205  197561  2147483647  0  304  242  2147483647  0  7609043  0  9477128  51929212  39091  575  32302  21142  5598  1436  126918045  
1441319781  59558660  0  471618151  112096  16755  0  55926  157  35142  2338  132868337  2147483647  0  32216  0  0  0  205  199274  2147483647  0  304  242  2147483647  0  7609043  0  9477128  51954679  39823  575  32302  21142  5599  1436  129323737  
1441319781  60925456  0  498306546  112096  16755  0  57360  157  37390  2338  136227154  2147483647  0  32216  0  0  0  205  204732  2147483647  0  308  242  2147483647  0  7609043  0  9488241  69122594  44557  575  32302  21142  8086  1436  141941291  
1441319782  62852708  0  538546788  112096  16755  0  59481  157  40034  2338  140887991  2147483647  0  32216  0  0  0  205  209709  2147483647  0  312  242  2147483647  0  7609043  0  10273059  69588276  47201  575  32302  21142  8148  1436  151153897  
1441319782  63557224  0  582939369  112096  16755  0  60313  157  42863  2338  143052009  2147483647  0  32216  0  0  0  205  211916  2147483647  0  312  242  2147483647  0  7609043  0  10273059  69617803  50031  575  32302  21142  8149  1436  160677383  
1441319783  67055564  0  638226593  112096  16755  0  63385  157  46338  2338  145378646  2147483647  0  32216  0  0  0  205  214316  2147483647  0  312  242  2147483647  0  7609043  0  10273059  69634679  53507  575  32302  21142  8150  1436  172506194  
1441319783  67055564  0  638226593  112096  16755  0  63385  157  46338  2338  145378646  2147483647  0  32216  0  0  0  205  214316  2147483647  0  312  242  2147483647  0  7609043  0  10273059  69634679  53507  575  32302  21142  8150  1436  172506194  
1441319784  70378543  0  695012912  112096  16755  0  66223  157  49788  2338  147467947  2147483647  0  32216  0  0  0  205  216635  2147483647  0  314  242  2147483647  0  7609043  0  10513108  69634679  56957  575  32302  21142  8150  1436  183724332  
1441319784  72949704  0  743687093  112096  16755  0  68943  157  53151  2338  148976512  2147483647  0  32216  0  0  0  205  218148  2147483647  0  315  242  2147483647  0  7609043  0  10514354  69652465  60321  575  32302  21142  8152  1436  194626630  
1441319785  75739354  0  766734934  112096  16755  0  71800  157  54848  2338  151742894  2147483647  0  32216  0  0  0  205  221043  2147483647  0  315  242  2147483647  0  7609043  0  10514354  69652465  62018  575  32302  21142  8152  1436  199328201  
1441319785  78451019  0  784331383  112096  16755  0  74168  157  55917  2338  154715845  2147483647  0  32216  0  0  0  205  225269  2147483647  0  317  242  2147483647  0  7609043  0  11355633  69652465  63087  575  32302  21142  8152  1436  202644462  
1441319786  82128515  0  791372690  112096  16755  0  77219  157  56543  2338  156091602  2147483647  0  32216  0  0  0  205  227267  2147483647  0  319  242  2147483647  0  7609043  0  14230488  69652465  63713  575  32302  21142  8152  1436  203885452  
1441319786  83006914  0  801432694  112096  16755  0  78058  157  57327  2338  160362568  2147483647  0  32216  0  0  0  205  233157  2147483647  0  325  242  2147483647  0  7609043  0  15083957  69652465  64497  575  32302  21142  8152  1436  205923241  
1441319787  83006914  0  801432694  112096  16755  0  78058  157  57327  2338  160362568  2147483647  0  32216  0  0  0  205  233157  2147483647  0  325  242  2147483647  0  7609043  0  15083957  69652465  64497  575  32302  21142  8152  1436  205923241  
1441319787  83857020  0  839817182  112096  16755  0  78909  157  59739  2338  164001646  2147483647  0  32216  0  0  0  205  236766  2147483647  0  326  242  2147483647  0  7609043  0  15086367  75574549  67594  575  32302  25373  8837  1436  215806041  
1441319788  86215305  0  903382934  112096  16755  0  81126  157  63879  2338  168789789  2147483647  0  32216  0  0  0  205  242415  2147483647  0  331  242  2147483647  0  7609043  0  15278925  93583204  73111  575  32302  25373  11318  1418  232496184  
1441319788  88017602  0  942042541  112096  16755  0  82737  157  66363  2338  175943001  2147483647  0  32216  0  0  0  205  250229  2147483647  0  338  242  2147483647  0  7609043  0  21019913  116518993  75595  575  32302  25373  14646  1418  241124839  
1441319789  90759767  0  948030482  112096  16755  0  85105  157  66733  2338  180188145  2147483647  0  32216  0  0  0  205  254497  2147483647  0  340  242  2147483647  0  7609043  0  23290803  116518993  75965  575  32302  25373  14646  1418  242357694  
1441319789  91707038  0  981573140  112096  16755  0  85921  157  69048  2338  182371981  2147483647  0  32216  0  0  0  205  256668  2147483647  0  341  242  2147483647  0  7609043  0  29390440  116518993  78280  575  32302  25373  14646  1418  249889973  
1441319790  93802597  0  1035400364  112096  16755  0  88142  157  73187  2338  186570576  2147483647  0  32216  0  0  0  205  261310  2147483647  0  344  242  2147483647  0  7609043  0  34002325  137574123  84881  499  32302  25373  17108  1418  268200609  
1441319790  93802597  0  1035400364  112096  16755  0  88142  157  73187  2338  186570576  2147483647  0  32216  0  0  0  205  261310  2147483647  0  344  242  2147483647  0  7609043  0  34002325  137574123  84881  499  32302  25373  17108  1418  268200609  
1441319791  96810808  0  1103164625  112096  16755  0  90802  157  77928  2338  189595291  2147483647  0  32216  0  0  0  205  264245  2147483647  0  347  242  2147483647  0  7609043  0  34011585  138173803  89718  499  32302  25373  17204  1418  282530393  
1441319791  99325092  0  1128807312  112096  16755  0  92975  157  80154  2338  192016635  2147483647  0  32216  0  0  0  205  266770  2147483647  0  349  242  2147483647  0  7609043  0  34075693  145151450  92583  499  32302  25373  17847  1418  292033387  
1441319792  100498198  0  1148843065  112096  16755  0  94032  157  81567  2338  196375814  2147483647  0  32216  0  0  0  205  271661  2147483647  0  353  242  2147483647  0  7609043  0  40258333  145164558  93997  499  32302  25373  17848  1418  296759205  
1441319792  101269092  0  1172245338  112096  16755  0  94673  157  82995  2338  200974159  2147483647  0  32216  0  0  0  205  276788  2147483647  0  353  242  2147483647  0  7609043  0  40258333  145731602  95517  499  32302  25373  17942  1418  301572318  
1441319793  101731012  0  1174034780  112096  16755  0  95121  157  83168  2338  203507786  2147483647  0  32216  0  0  0  205  279503  2147483647  0  353  242  2147483647  0  7609043  0  40258333  145731602  95690  499  32302  25373  17942  1418  301986156  
1441319793  102712892  0  1180799694  112096  16755  0  95889  157  83577  2338  203701613  2147483647  0  32216  0  0  0  205  279676  2147483647  0  353  242  2147483647  0  7609043  0  40258333  145731602  96099  499  32302  25373  17942  1418  303334484  
1441319794  102712892  0  1180799694  112096  16755  0  95889  157  83577  2338  203701613  2147483647  0  32216  0  0  0  205  279676  2147483647  0  353  242  2147483647  0  7609043  0  40258333  145731602  96099  499  32302  25373  17942  1418  303334484  
