#Type:X;CI:1;ww:0;ca:0;co:0;fr:0;Type:X;CI:1;PI:0;PT:EP;U0:0;U1:0;Type:X;CI:1;PI:1;PT:EP;U0:0;U1:0;
#time  Pp  gt  gs  cn  cm  cb  Nc  Pc  cp  Tc  Nm  pr  ps  pt  px  pd  Pm  Om  fs  ft  Oc  Em  Gp  Ec  Ge  ot  os  Total_cycles_diff  Successful_get_diff  Total_get_diff  succ_put_diff  total_put_diff  get_hit  
1441319743  0  0  0  0  0  0  0  0  0  4422196  0  0  0  0  0  0  0  0  0  21  0  0  0  0  0  46  0  4422196  0  0  0  0  
1441319744  0  0  0  0  0  0  0  0  0  4426579  0  0  0  0  0  0  0  0  0  21  0  0  0  0  0  47  0  4383  0  0  0  0  0 
1441319744  0  0  0  0  0  0  0  0  0  4426579  0  0  0  0  0  0  0  0  0  21  0  0  0  0  0  47  0  0  0  0  0  0  0 
1441319745  0  0  0  0  0  0  0  0  0  4426579  0  0  0  0  0  0  0  0  0  21  0  0  0  0  0  47  0  0  0  0  0  0  0 
1441319745  0  0  0  0  0  0  0  0  0  4426579  0  0  0  0  0  0  0  0  0  21  0  0  0  0  0  47  0  0  0  0  0  0  0 
1441319746  0  0  0  0  0  0  0  0  0  4426579  0  0  0  0  0  0  0  0  0  21  0  0  0  0  0  47  0  0  0  0  0  0  0 
1441319746  0  0  0  0  0  0  0  0  0  4426579  0  0  0  0  0  0  0  0  0  21  0  0  0  0  0  47  0  0  0  0  0  0  0 
1441319747  0  0  0  0  0  0  0  0  0  4426579  0  0  0  0  0  0  0  0  0  21  0  0  0  0  0  47  0  0  0  0  0  0  0 
1441319747  0  0  0  0  0  0  0  0  0  4426579  0  0  0  0  0  0  0  0  0  21  0  0  0  0  0  47  0  0  0  0  0  0  0 
1441319748  0  0  0  0  0  0  0  0  0  4426579  0  0  0  0  0  0  0  0  0  21  0  0  0  0  0  47  0  0  0  0  0  0  0 
1441319748  0  0  0  0  0  0  0  0  0  4426579  0  0  0  0  0  0  0  0  0  21  0  0  0  0  0  47  0  0  0  0  0  0  0 
1441319749  0  0  0  0  0  0  0  0  0  4426579  0  0  0  0  0  0  0  0  0  21  0  0  0  0  0  47  0  0  0  0  0  0  0 
1441319749  0  0  0  0  0  0  0  0  0  4426579  0  0  0  0  0  0  0  0  0  21  0  0  0  0  0  47  0  0  0  0  0  0  0 
1441319750  0  0  0  0  0  0  0  0  0  4426579  0  0  0  0  0  0  0  0  0  21  0  0  0  0  0  47  0  0  0  0  0  0  0 
1441319750  0  0  0  0  0  0  0  0  0  4426579  0  0  0  0  0  0  0  0  0  21  0  0  0  0  0  47  0  0  0  0  0  0  0 
1441319751  0  0  0  0  0  0  0  0  0  4426579  0  0  0  0  0  0  0  0  0  21  0  0  0  0  0  47  0  0  0  0  0  0  0 
1441319751  0  0  0  0  0  0  0  0  0  4426579  0  0  0  0  0  0  0  0  0  21  0  0  0  0  0  47  0  0  0  0  0  0  0 
1441319752  0  0  0  0  0  0  0  0  0  4426579  0  0  0  0  0  0  0  0  0  21  0  0  0  0  0  47  0  0  0  0  0  0  0 
1441319753  0  0  0  0  0  0  0  0  0  4426579  0  0  0  0  0  0  0  0  0  21  0  0  0  0  0  47  0  0  0  0  0  0  0 
1441319753  0  0  0  0  0  0  0  0  0  4426579  0  0  0  0  0  0  0  0  0  21  0  0  0  0  0  47  0  0  0  0  0  0  0 
1441319754  0  0  0  0  0  0  0  0  0  4426579  0  0  0  0  0  0  0  0  0  21  0  0  0  0  0  47  0  0  0  0  0  0  0 
1441319754  0  206  193  0  0  0  189  2746  0  22737535  234  0  3430  3430  0  0  3430  354  0  115  204  3430  0  2746  193  248  126  18310956  193  206  3430  3430  93.6893203883  
1441319755  0  504  322  0  0  0  179  2617  0  23960890  234  0  3430  3430  0  0  3430  354  0  115  190  3430  0  2617  322  248  126  1223355  129  298  0  0  63.8888888889  
1441319755  0  504  322  0  0  0  179  2617  0  23960890  234  0  3430  3430  0  0  3430  354  0  115  190  3430  0  2617  322  248  126  0  0  0  0  0  63.8888888889  
1441319756  0  504  322  0  0  0  179  2617  0  23960890  234  0  3430  3430  0  0  3430  354  0  115  190  3430  0  2617  322  248  126  0  0  0  0  0  63.8888888889  
1441319756  0  504  322  0  0  0  179  2617  0  23960890  234  0  3430  3430  0  0  3430  354  0  115  190  3430  0  2617  322  248  126  0  0  0  0  0  63.8888888889  
1441319757  0  504  322  0  0  0  179  2617  0  23960890  234  0  3430  3430  0  0  3430  354  0  115  190  3430  0  2617  322  248  126  0  0  0  0  0  63.8888888889  
1441319757  0  504  322  0  0  0  179  2617  0  23960890  234  0  3430  3430  0  0  3430  354  0  115  190  3430  0  2617  322  248  126  0  0  0  0  0  63.8888888889  
1441319758  0  504  322  0  0  0  179  2617  0  23960890  234  0  3430  3430  0  0  3430  354  0  115  190  3430  0  2617  322  248  126  0  0  0  0  0  63.8888888889  
1441319758  0  504  322  0  0  0  179  2617  0  23960890  234  0  3430  3430  0  0  3430  354  0  115  190  3430  0  2617  322  248  126  0  0  0  0  0  63.8888888889  
1441319759  0  504  322  0  0  0  179  2617  0  23960890  234  0  3430  3430  0  0  3430  354  0  115  190  3430  0  2617  322  248  126  0  0  0  0  0  63.8888888889  
1441319759  0  504  322  0  0  0  179  2617  0  23960890  234  0  3430  3430  0  0  3430  354  0  115  190  3430  0  2617  322  248  126  0  0  0  0  0  63.8888888889  
1441319760  0  504  322  0  0  0  179  2617  0  23960890  234  0  3430  3430  0  0  3430  354  0  115  190  3430  0  2617  322  248  126  0  0  0  0  0  63.8888888889  
1441319760  0  504  322  0  0  0  209  3027  0  26559191  234  0  3840  3840  0  0  3430  354  0  1113  227  3430  0  3027  322  248  126  2598301  0  0  410  410  63.8888888889  
1441319761  0  504  322  0  0  0  209  3027  0  28157216  234  0  3840  3840  0  0  3430  354  0  6742  227  3430  0  3027  322  248  126  1598025  0  0  0  0  63.8888888889  
1441319761  0  504  322  0  0  0  209  3027  0  29922271  234  0  3840  3840  0  0  3430  354  0  13889  227  3430  0  3027  322  248  126  1765055  0  0  0  0  63.8888888889  
1441319762  0  504  322  0  0  0  209  3027  0  30660577  234  0  3840  3840  0  0  3430  354  0  16027  227  3430  0  3027  322  248  126  738306  0  0  0  0  63.8888888889  
1441319762  0  504  322  0  0  0  209  3027  0  30660577  234  0  3840  3840  0  0  3430  354  0  16027  227  3430  0  3027  322  248  126  0  0  0  0  0  63.8888888889  
1441319763  0  504  322  0  0  0  209  3027  0  32617855  234  0  3840  3840  0  0  3430  354  0  22241  227  3430  0  3027  322  248  126  1957278  0  0  0  0  63.8888888889  
1441319763  0  586  404  0  0  0  206  2945  0  37755513  234  0  3840  3840  0  0  3430  354  0  40679  223  3430  0  2945  404  248  126  5137658  82  82  0  0  68.9419795222  
1441319764  0  586  404  0  0  0  206  2945  0  41790782  234  0  3840  3840  0  0  3430  354  0  57519  223  3430  0  2945  404  248  126  4035269  0  0  0  0  68.9419795222  
1441319764  0  589  407  0  0  0  205  2942  0  46624015  234  0  3840  3840  0  0  3430  354  0  69618  223  3430  0  2942  407  248  126  4833233  3  3  0  0  69.1001697793  
1441319765  0  973  407  0  0  0  210  3686  0  64455278  234  0  4584  4584  0  0  3686  354  0  76342  225  3686  0  3686  407  249  126  17831263  0  384  744  744  41.829393628  
1441319765  0  973  407  0  0  0  210  3686  0  64455278  234  0  4584  4584  0  0  3686  354  0  76342  225  3686  0  3686  407  249  126  0  0  0  0  0  41.829393628  
1441319766  0  3437  407  0  0  0  215  3753  0  74035304  234  0  4651  4651  0  0  3753  354  0  82756  227  3753  0  3753  407  249  126  9580026  0  2464  67  67  11.8417224324  
1441319766  0  6325  407  0  0  0  239  4309  0  93761626  239  0  5207  5207  0  0  4309  354  0  97788  231  4309  0  4309  407  259  126  19726322  0  2888  556  556  6.4347826087  
1441319767  0  7445  407  0  0  0  239  4309  0  95308961  239  0  5207  5207  0  0  4309  354  0  100354  231  4309  0  4309  407  261  126  1547335  0  1120  0  0  5.46675621222  
1441319767  0  8181  407  0  0  0  239  4309  0  99931507  239  0  5207  5207  0  0  4309  354  0  104481  231  4309  0  4309  407  261  126  4622546  0  736  0  0  4.97494193864  
1441319768  0  9877  407  0  0  0  249  4591  0  111530784  249  0  5489  5489  0  0  4591  354  0  109663  231  4591  0  4591  407  261  126  11599277  0  1696  282  282  4.12068441835  
1441319768  0  12639  573  0  0  0  242  4389  0  123402485  252  0  5541  5541  0  0  4621  354  0  116271  230  4621  0  4389  573  267  127  11871701  166  2762  52  52  4.53358651792  
1441319769  0  12639  573  0  0  0  242  4389  0  123402485  252  0  5541  5541  0  0  4621  354  0  116271  230  4621  0  4389  573  267  127  0  0  0  0  0  4.53358651792  
1441319769  0  15895  573  0  0  0  250  4528  0  132962737  252  0  5680  5680  0  0  4621  354  0  120792  232  4621  0  4528  573  269  127  9560252  0  3256  139  139  3.60490720352  
1441319770  0  17387  593  0  0  0  259  4704  0  142657429  259  0  5876  5876  0  0  4704  354  0  125898  235  4704  0  4704  593  271  127  9694692  20  1492  196  196  3.41059412205  
1441319770  0  19836  593  0  0  0  261  4837  0  156532093  268  0  6184  6184  0  0  5012  354  0  132380  235  5012  0  4837  593  273  128  13874664  0  2449  308  308  2.98951401492  
1441319771  0  21976  593  0  0  0  280  5948  0  178777423  280  0  7295  7295  0  0  5948  354  0  136430  235  5948  0  5948  593  273  128  22245330  0  2140  1111  1111  2.69839825264  
1441319771  0  24895  593  0  0  0  304  7081  0  201621648  304  0  8428  8428  0  0  7081  354  0  140166  235  7081  0  7081  593  273  128  22844225  0  2919  1133  1133  2.38200441856  
1441319772  0  27088  593  0  0  0  326  7631  0  215647575  326  0  8978  8978  0  0  7631  354  0  143939  238  7631  0  7631  593  275  128  14025927  0  2193  550  550  2.18916125222  
1441319772  0  27088  593  0  0  0  326  7631  0  215647575  326  0  8978  8978  0  0  7631  354  0  143939  238  7631  0  7631  593  275  128  0  0  0  0  0  2.18916125222  
1441319773  0  28619  593  0  0  0  364  9608  0  248001632  364  0  10955  10955  0  0  9608  354  0  147116  238  9608  0  9608  593  283  128  32354057  0  1531  1977  1977  2.07205003669  
1441319773  0  29888  1278  0  0  0  408  12642  0  310236117  408  0  14674  14674  0  0  12642  354  0  150608  241  12642  0  12642  1278  286  128  62234485  685  1269  3719  3719  4.27596359743  
1441319774  0  31202  1360  0  0  0  426  14132  0  340215410  426  0  16246  16246  0  0  14132  354  0  155058  240  14132  0  14132  1360  289  128  29979293  82  1314  1572  1572  4.35869495545  
1441319774  0  33041  2139  0  0  0  451  16061  0  384653505  463  0  18954  18954  0  0  16533  354  0  160449  239  16533  0  16061  2139  291  128  44438095  779  1839  2708  2708  6.47377500681  
1441319775  0  33739  2156  0  0  0  486  18031  0  406538356  486  0  20941  20941  0  0  18031  354  0  162410  239  18031  0  18031  2156  293  128  21884851  17  698  1987  1987  6.39023089007  
1441319775  0  34574  2156  0  0  0  526  20000  0  445852894  526  0  22910  22910  0  0  20000  354  0  167760  240  20000  0  20000  2156  298  128  39314538  0  835  1969  1969  6.23589980911  
1441319776  0  34574  2156  0  0  0  526  20000  0  445852894  526  0  22910  22910  0  0  20000  354  0  167760  240  20000  0  20000  2156  298  128  0  0  0  0  0  6.23589980911  
1441319777  0  36718  2156  0  0  0  577  21638  0  478717481  577  0  24549  24549  0  0  21638  354  1  172637  242  21638  0  21638  2156  298  128  32864587  0  2144  1639  1639  5.87177950869  
1441319778  0  46192  5535  0  0  0  530  18907  0  595967980  591  0  27883  27883  0  0  22178  354  1  189783  249  22178  0  18907  5535  304  130  117250499  3379  9474  3334  3334  11.9825943886  
1441319779  0  49264  5535  0  0  0  554  20706  0  630895451  591  0  29682  29682  0  0  22178  354  1  194113  250  22178  0  20706  5535  304  130  34927471  0  3072  1799  1799  11.2353848652  
1441319779  0  51664  5535  0  0  0  601  22571  0  663132972  601  0  31547  31547  0  0  22571  354  1  196949  253  22571  0  22571  5535  304  130  32237521  0  2400  1865  1865  10.7134561784  
1441319780  0  51664  5535  0  0  0  601  22571  0  663132972  601  0  31547  31547  0  0  22571  354  1  196949  253  22571  0  22571  5535  304  130  0  0  0  0  0  10.7134561784  
1441319780  0  54127  5598  0  0  0  650  25371  0  708139119  650  0  34410  34410  0  0  25371  354  1  197561  255  25371  0  25371  5598  304  130  45006147  63  2463  2863  2863  10.3423430081  
1441319781  0  56507  5599  0  0  0  664  26102  0  725476955  664  0  35142  35142  0  0  26103  354  1  199274  254  26103  0  26102  5599  304  130  17337836  1  2380  732  732  9.90850691065  
1441319781  0  60428  8086  0  0  0  665  25863  0  774069991  665  0  37390  37390  0  0  26103  354  1  204732  253  26103  0  25863  8086  308  130  48593036  2487  3921  2248  2248  13.3812140068  
1441319782  0  62611  8148  0  0  0  698  27899  0  822148822  698  0  40034  40034  0  0  27899  354  1  209709  253  27899  0  27899  8148  312  131  48078831  62  2183  2644  2644  13.0136876907  
1441319782  0  63444  8149  0  0  0  741  30727  0  869439464  741  0  42863  42863  0  0  30727  354  1  211916  252  30727  0  30727  8149  312  131  47290642  1  833  2829  2829  12.8443982094  
1441319783  0  66517  8150  0  0  0  802  34201  0  930568541  805  0  46338  46338  0  0  34202  354  1  214316  254  34202  0  34201  8150  312  131  61129077  1  3073  3475  3475  12.2525068779  
1441319783  0  66517  8150  0  0  0  802  34201  0  930568541  805  0  46338  46338  0  0  34202  354  1  214316  254  34202  0  34201  8150  312  131  0  0  0  0  0  12.2525068779  
1441319784  0  69355  8150  0  0  0  857  37588  0  993007189  857  0  49788  49788  0  0  37588  354  1  216635  255  37588  0  37588  8150  314  132  62438648  0  2838  3450  3450  11.7511354625  
1441319784  0  72077  8152  0  0  0  908  40949  0  1045780128  908  0  53151  53151  0  0  40949  354  1  218148  255  40949  0  40949  8152  315  132  52772939  2  2722  3363  3363  11.3101266701  
1441319785  0  74934  8152  0  0  0  943  42646  0  1074384001  943  0  54848  54848  0  0  42646  354  1  221043  256  42646  0  42646  8152  315  132  28603873  0  2857  1697  1697  10.8789067713  
1441319785  0  77302  8152  0  0  0  925  41660  0  1098506345  962  0  55917  55917  0  0  43715  354  1  225269  257  43715  0  41660  8152  317  133  24122344  0  2368  1069  1069  10.5456521177  
1441319786  0  80353  8152  0  0  0  898  39593  0  1113475760  962  0  56543  56543  0  0  43715  354  1  227267  256  43715  0  39593  8152  319  134  14969415  0  3051  626  626  10.1452341543  
1441319786  0  81192  8152  0  0  0  913  40119  0  1129538598  962  0  57327  57327  0  0  43715  354  2  233157  255  43715  0  40119  8152  325  135  16062838  0  839  784  784  10.0403980688  
1441319787  0  81192  8152  0  0  0  913  40119  0  1129538598  962  0  57327  57327  0  0  43715  354  2  233157  255  43715  0  40119  8152  325  135  0  0  0  0  0  10.0403980688  
1441319787  0  82728  8837  0  0  0  945  41846  0  1178336764  962  0  59739  59739  0  0  43715  354  2  236766  256  43715  0  41846  8837  326  135  48798166  685  1536  2412  2412  10.6819940044  
1441319788  0  87426  11318  0  0  0  915  43184  0  1267250157  962  0  63879  63879  0  0  43715  354  2  242415  256  43715  0  43184  11318  331  137  88913393  2481  4698  4140  4140  12.9458055956  
1441319788  0  92365  14646  0  0  0  814  37059  0  1343542050  962  0  66363  66363  0  0  44808  354  2  250229  255  44808  0  37059  14646  338  138  76291893  3328  4939  2484  2484  15.8566556596  
1441319789  0  94733  14646  0  0  0  798  36744  0  1358788190  962  0  66733  66733  0  0  44808  354  2  254497  254  44808  0  36744  14646  340  139  15246140  0  2368  370  370  15.4602936675  
1441319789  0  95549  14646  0  0  0  756  34451  0  1401561592  962  0  69048  69048  0  0  44808  354  2  256668  253  44808  0  34451  14646  341  140  42773402  0  816  2315  2315  15.3282608923  
1441319790  0  100232  17108  0  0  0  767  34847  0  1487349985  962  0  73187  73187  0  0  44808  354  3  261310  253  44808  0  34847  17108  344  142  85788393  2462  4683  4139  4139  17.068401309  
1441319790  0  100232  17108  0  0  0  767  34847  0  1487349985  962  0  73187  73187  0  0  44808  354  3  261310  253  44808  0  34847  17108  344  142  0  0  0  0  0  17.068401309  
1441319791  0  102988  17204  0  0  0  879  39492  0  1561756112  962  0  77928  77928  0  0  44808  354  3  264245  255  44808  0  39492  17204  347  142  74406127  96  2756  4741  4741  16.7048588185  
1441319791  0  105804  17847  0  0  0  896  41058  0  1599376182  962  0  80154  80154  0  0  44808  354  3  266770  253  44808  0  41058  17847  349  143  37620070  643  2816  2226  2226  16.8679823069  
1441319792  0  106862  17848  0  0  0  861  39513  0  1631139968  962  0  81567  81567  0  0  44808  354  3  271661  252  44808  0  39513  17848  353  145  31763786  1  1058  1413  1413  16.7019146189  
1441319792  0  107597  17942  0  0  0  887  40847  0  1660478524  962  0  82995  82995  0  0  44808  354  3  276788  251  44808  0  40847  17942  353  145  29338556  94  735  1428  1428  16.6751861111  
1441319793  0  108045  17942  0  0  0  889  41020  0  1665263513  962  0  83168  83168  0  0  44808  354  3  279503  251  44808  0  41020  17942  353  145  4784989  0  448  173  173  16.6060437781  
1441319793  0  108813  17942  0  0  0  899  41429  0  1673204134  962  0  83577  83577  0  0  44808  354  3  279676  253  44808  0  41429  17942  353  145  7940621  0  768  409  409  16.4888386498  
1441319794  0  108813  17942  0  0  0  899  41429  0  1673204134  962  0  83577  83577  0  0  44808  354  3  279676  253  44808  0  41429  17942  353  145  0  0  0  0  0  16.4888386498  
