#type:G;
#time  Rt  Nm  Tt  Nc  Rx  Gz  Pc  Pf  Ra  Te  Pm  Fp  Fc  Ta  Fm  Om  Lm  Oc  Sm  Sc  Em  Af  Ea  Cf  Ec  Gd  Zt  Et  Ep  dedup_put_diff  total_eph_put_diff  dedup_factor  dedup_curr  compression_saving  tze_saving  
1441316650  0  0  4969  0  0  0  0  0  0  4895  0  0  0  0  0  0  0  0  0  0  0  0  0  0  0  0  0  0  0  0  0  0 0 0 0 
1441316650  0  0  4972  0  0  0  0  0  0  4896  0  0  0  0  0  0  0  0  0  0  0  0  0  0  0  0  0  0  0  0  0  0 0 0 0 
1441316651  0  0  4972  0  0  0  0  0  0  4896  0  0  0  0  0  0  0  0  0  0  0  0  0  0  0  0  0  0  0  0  0  0 0 0 0 
1441316651  0  0  4973  0  0  0  0  0  0  4896  0  0  0  0  0  0  0  0  0  0  0  0  0  0  0  0  0  0  0  0  0  0 0 0 0 
1441316652  0  0  4974  0  0  0  0  0  0  4896  0  0  0  0  0  0  0  0  0  0  0  0  0  0  0  0  0  0  0  0  0  0 0 0 0 
1441316652  0  0  4975  0  0  0  0  0  0  4896  0  0  0  0  0  0  0  0  0  0  0  0  0  0  0  0  0  0  0  0  0  0 0 0 0 
1441316653  0  0  4976  0  0  0  0  0  0  4896  0  0  0  0  0  0  0  0  0  0  0  0  0  0  0  0  0  0  0  0  0  0 0 0 0 
1441316653  0  0  4977  0  0  0  0  0  0  4896  0  0  0  0  0  0  0  0  0  0  0  0  0  0  0  0  0  0  0  0  0  0 0 0 0 
1441316654  0  0  4978  0  0  0  0  0  0  4896  0  0  0  0  0  0  0  0  0  0  0  0  0  0  0  0  0  0  0  0  0  0 0 0 0 
1441316654  0  0  4978  0  0  0  0  0  0  4896  0  0  0  0  0  0  0  0  0  0  0  0  0  0  0  0  0  0  0  0  0  0 0 0 0 
1441316655  0  0  4979  0  0  0  0  0  0  4896  0  0  0  0  0  0  0  0  0  0  0  0  0  0  0  0  0  0  0  0  0  0 0 0 0 
1441316655  0  0  4980  0  0  0  0  0  0  4896  0  0  0  0  0  0  0  0  0  0  0  0  0  0  0  0  0  0  0  0  0  0 0 0 0 
1441316656  0  0  4981  0  0  0  0  0  0  4896  0  0  0  0  0  0  0  0  0  0  0  0  0  0  0  0  0  0  0  0  0  0 0 0 0 
1441316656  0  0  4982  0  0  0  0  0  0  4896  0  0  0  0  0  0  0  0  0  0  0  0  0  0  0  0  0  0  0  0  0  0 0 0 0 
1441316657  0  0  4983  0  0  0  0  0  0  4896  0  0  0  0  0  0  0  0  0  0  0  0  0  0  0  0  0  0  0  0  0  0 0 0 0 
1441316657  0  0  4984  0  0  0  0  0  0  4896  0  0  0  0  0  0  0  0  0  0  0  0  0  0  0  0  0  0  0  0  0  0 0 0 0 
1441316658  0  0  4984  0  0  0  0  0  0  4896  0  0  0  0  0  0  0  0  0  0  0  0  0  0  0  0  0  0  0  0  0  0 0 0 0 
1441316658  0  0  4985  0  0  0  0  0  0  4896  0  0  0  0  0  0  0  0  0  0  0  0  0  0  0  0  0  0  0  0  0  0 0 0 0 
1441316659  0  0  4986  0  0  0  0  0  0  4896  0  0  0  0  0  0  0  0  0  0  0  0  0  0  0  0  0  0  0  0  0  0 0 0 0 
1441316659  0  0  4987  0  0  0  0  0  0  4896  0  0  0  0  0  0  0  0  0  0  0  0  0  0  0  0  0  0  0  0  0  0 0 0 0 
1441316660  0  0  5057  0  0  0  0  0  0  4965  0  0  0  0  0  0  0  0  0  0  0  0  0  0  0  0  0  0  0  0  0  0 0 0 0 
1441316660  0  234  8990  194  0  0  2812  0  0  5009  3422  0  2553  515  3018  354  0  216  3422  2812  3422  0  0  0  2812  0  11018360  0  3422  0  3422  0.0  0.0  100.0  4.33750722351  
1441316661  0  234  9304  183  0  0  2647  0  0  5009  3422  0  2420  666  3018  354  0  191  3422  2647  3422  0  0  0  2647  0  10413240  0  3422  0  0  0.0  0.0  100.0  3.95561307612  
1441316661  0  234  9304  183  0  0  2647  0  0  5009  3422  0  2420  666  3018  354  0  191  3422  2647  3422  0  0  0  2647  0  10413240  0  3422  0  0  0.0  0.0  100.0  3.95561307612  
1441316662  0  234  9359  179  0  0  2617  0  0  5009  3422  0  2392  697  3018  354  0  189  3422  2617  3422  0  0  0  2617  0  10292656  0  3422  0  0  0.0  0.0  100.0  3.97953883263  
1441316662  0  234  9360  179  0  0  2617  0  0  5009  3422  0  2392  697  3018  354  0  189  3422  2617  3422  0  0  0  2617  0  10292656  0  3422  0  0  0.0  0.0  100.0  3.97953883263  
1441316663  0  234  9361  179  0  0  2617  0  0  5009  3422  0  2392  697  3018  354  0  189  3422  2617  3422  0  0  0  2617  0  10292656  0  3422  0  0  0.0  0.0  100.0  3.97953883263  
1441316663  0  234  9362  179  0  0  2617  0  0  5009  3422  0  2392  697  3018  354  0  189  3422  2617  3422  0  0  0  2617  0  10292656  0  3422  0  0  0.0  0.0  100.0  3.97953883263  
1441316664  0  234  9363  179  0  0  2617  0  0  5009  3422  0  2392  697  3018  354  0  189  3422  2617  3422  0  0  0  2617  0  10292656  0  3422  0  0  0.0  0.0  100.0  3.97953883263  
1441316665  0  234  9364  179  0  0  2617  0  0  5009  3422  0  2392  697  3018  354  0  189  3422  2617  3422  0  0  0  2617  0  10292656  0  3422  0  0  0.0  0.0  100.0  3.97953883263  
1441316665  0  234  9365  179  0  0  2617  0  0  5009  3422  0  2392  697  3018  354  0  189  3422  2617  3422  0  0  0  2617  0  10292656  0  3422  0  0  0.0  0.0  100.0  3.97953883263  
1441316666  0  234  9365  179  0  0  2617  0  0  5009  3422  0  2392  697  3018  354  0  189  3422  2617  3422  0  0  0  2617  0  10292656  0  3422  0  0  0.0  0.0  100.0  3.97953883263  
1441316666  0  234  9366  179  0  0  2617  0  0  5009  3422  0  2392  697  3018  354  0  189  3422  2617  3422  0  0  0  2617  0  10292656  0  3422  0  0  0.0  0.0  100.0  3.97953883263  
1441316667  0  234  9367  179  0  0  2617  0  0  5009  3422  0  2392  697  3018  354  0  189  3422  2617  3422  0  0  0  2617  0  10292656  0  3422  0  0  0.0  0.0  100.0  3.97953883263  
1441316667  0  234  12979  209  0  0  3027  0  0  5009  3422  0  2756  328  3018  354  0  226  3422  3027  3422  0  0  0  3027  0  11876344  0  3832  0  410  0.0  0.0  100.0  4.21215570284  
1441316668  0  234  21315  209  0  0  3027  0  0  5009  3422  0  2756  328  3018  354  0  226  3422  3027  3422  0  0  0  3027  0  11876344  0  3832  0  0  0.0  0.0  100.0  4.21215570284  
1441316668  0  234  29750  209  0  0  3027  0  0  5009  3422  0  2756  328  3018  354  0  226  3422  3027  3422  0  0  0  3027  0  11876344  0  3832  0  0  0.0  0.0  100.0  4.21215570284  
1441316669  0  234  29750  209  0  0  3027  0  0  5009  3422  0  2756  328  3018  354  0  226  3422  3027  3422  0  0  0  3027  0  11876344  0  3832  0  0  0.0  0.0  100.0  4.21215570284  
1441316669  0  234  35803  209  0  0  3027  0  0  5009  3422  0  2756  328  3018  354  0  226  3422  3027  3422  0  0  0  3027  0  11876344  0  3832  0  0  0.0  0.0  100.0  4.21215570284  
1441316670  0  234  47390  209  0  0  3027  0  0  5009  3422  0  2756  328  3018  354  0  226  3422  3027  3422  0  0  0  3027  0  11876344  0  3832  0  0  0.0  0.0  100.0  4.21215570284  
1441316670  0  234  58374  209  0  0  3027  0  0  5009  3422  0  2756  328  3018  354  0  226  3422  3027  3422  0  0  0  3027  0  11876344  0  3832  0  0  0.0  0.0  100.0  4.21215570284  
1441316671  0  234  64571  209  0  0  3027  0  0  5009  3422  0  2756  328  3018  354  0  226  3422  3027  3422  0  0  0  3027  0  11876344  0  3832  0  0  0.0  0.0  100.0  4.21215570284  
1441316671  0  234  64571  209  0  0  3027  0  0  5009  3422  0  2756  328  3018  354  0  226  3422  3027  3422  0  0  0  3027  0  11876344  0  3832  0  0  0.0  0.0  100.0  4.21215570284  
1441316672  0  234  72472  209  0  0  3027  0  0  5009  3422  0  2756  328  3018  354  0  226  3422  3027  3422  0  0  0  3027  0  11876344  0  3832  0  0  0.0  0.0  100.0  4.21215570284  
1441316672  0  234  104643  208  0  0  3698  0  0  5009  3698  0  3432  0  3432  354  0  223  3698  3698  3698  0  0  0  3698  0  14640768  0  4585  0  753  0.0  0.0  100.0  3.34217820443  
1441316673  0  234  107182  208  0  0  3698  0  0  5009  3698  0  3432  0  3432  354  0  223  3698  3698  3698  0  0  0  3698  0  14640768  0  4585  0  0  0.0  0.0  100.0  3.34217820443  
1441316673  0  234  107209  208  0  0  3682  0  0  5009  3698  0  3416  16  3432  354  0  223  3698  3682  3698  0  0  0  3682  0  14575232  0  4585  0  0  0.0  0.0  100.0  3.35670152091  
1441316674  0  234  126145  207  0  0  3680  0  0  5009  3698  0  3414  18  3432  354  0  222  3698  3680  3698  0  0  0  3680  0  14567040  0  4585  0  0  0.0  0.0  100.0  3.35852581522  
1441316674  0  234  126145  207  0  0  3680  0  0  5009  3698  0  3414  18  3432  354  0  222  3698  3680  3698  0  0  0  3680  0  14567040  0  4585  0  0  0.0  0.0  100.0  3.35852581522  
1441316675  0  234  134334  212  0  0  3714  0  0  5009  3714  0  3448  0  3448  354  0  224  3714  3714  3714  0  0  0  3714  0  14706304  0  4619  0  34  0.0  0.0  100.0  3.32778002154  
1441316675  0  234  142526  221  0  0  3883  0  0  5009  3883  0  3617  0  3617  354  0  227  3883  3883  3883  0  0  0  3883  0  15398528  0  4788  0  169  0.0  0.0  100.0  3.18294488797  
1441316676  0  234  148628  228  0  0  4018  0  0  5009  4018  0  3752  0  3752  354  0  228  4018  4018  4018  0  0  0  4018  0  15951488  0  4923  0  135  0.0  0.0  100.0  3.07600174216  
1441316676  0  240  155907  240  0  0  4289  0  0  5009  4289  0  4023  0  4023  354  0  228  4289  4289  4289  0  0  0  4289  0  17061504  0  5194  0  271  0.0  0.0  100.0  2.88164490557  
1441316677  0  250  163771  250  0  0  4454  0  0  5009  4454  0  4188  0  4188  354  0  229  4454  4454  4454  0  0  0  4454  0  17659520  0  5359  0  165  0.0  0.0  100.0  3.20147620117  
1441316677  0  260  171865  260  0  0  4582  0  0  5009  4582  0  4316  0  4316  354  0  230  4582  4582  4582  0  0  0  4582  0  18073216  0  5487  0  128  0.0  0.0  100.0  3.70130401571  
1441316678  0  260  171865  260  0  0  4582  0  0  5009  4582  0  4316  0  4316  354  0  230  4582  4582  4582  0  0  0  4582  0  18073216  0  5487  0  0  0.0  0.0  100.0  3.70130401571  
1441316678  0  263  177982  263  0  0  4625  0  0  5009  4625  0  4359  0  4359  354  0  230  4625  4625  4625  0  0  0  4625  0  18163328  0  5530  0  43  0.0  0.0  100.0  4.12094594595  
1441316679  0  276  185551  276  0  0  4877  0  0  5009  4877  0  4611  0  4611  354  0  233  4877  4877  4877  0  0  0  4877  0  18835072  0  5782  0  252  0.0  0.0  100.0  5.71240004101  
1441316679  0  307  192922  307  0  0  5502  0  0  5009  5502  0  5228  0  5228  354  0  240  5502  5502  5502  0  0  0  5502  0  21292000  0  6407  0  625  0.0  0.0  100.0  5.5208617321  
1441316680  0  339  200640  339  0  0  7122  0  0  5009  7122  0  6847  0  6847  354  0  242  7122  7122  7122  0  0  0  7122  0  27666336  0  8027  0  1620  0.0  0.0  100.0  5.16039648273  
1441316680  0  385  208257  385  0  0  9416  0  0  5009  9416  0  9140  0  9140  354  0  243  9416  9416  9416  0  0  0  9416  0  36806936  0  10321  0  2294  0.0  0.0  100.0  4.56596899559  
1441316681  0  403  214950  403  0  0  10156  0  0  5009  10156  0  9880  0  9880  354  0  244  10156  10156  10156  0  0  0  10156  0  39837976  0  11082  0  761  0.0  0.0  100.0  4.23327728067  
1441316681  0  403  214950  403  0  0  10156  0  0  5009  10156  0  9880  0  9880  354  0  244  10156  10156  10156  0  0  0  10156  0  39837976  0  11082  0  0  0.0  0.0  100.0  4.23327728067  
1441316682  0  456  223418  456  0  0  13412  0  0  5009  13412  0  13136  0  13136  354  0  245  13412  13412  13412  0  0  0  13412  0  52481304  0  14592  0  3510  0.0  0.0  100.0  4.46750403091  
1441316682  0  490  234025  490  0  0  15068  0  0  5009  15068  0  14792  0  14792  354  0  246  15068  15068  15068  0  0  0  15068  0  58596632  0  16248  0  1656  0.0  0.0  100.0  5.05828006786  
1441316683  0  534  240876  534  0  0  17571  0  0  5009  17571  0  17293  0  17293  354  0  246  17571  17571  17571  0  0  0  17571  0  67402272  0  18751  0  2503  0.0  0.0  100.0  6.34777296397  
1441316683  0  545  250336  545  0  0  17601  0  0  5009  17872  0  17325  284  17595  354  0  246  17872  17601  17872  0  0  0  17601  0  66931784  0  20758  0  2007  0.0  0.0  100.0  7.16000466948  
1441316684  0  595  258157  595  0  0  20518  0  0  5009  20518  0  20237  0  20237  354  0  247  20518  20518  20518  0  0  0  20518  0  78820808  0  23684  0  2926  0.0  0.0  100.0  6.21229492092  
1441316684  0  658  268630  658  0  0  24266  0  0  5009  24266  0  23982  0  23982  354  0  249  24266  24266  24266  0  0  0  24266  0  93964328  0  27432  0  3748  0.0  0.0  100.0  5.46233509592  
1441316685  0  658  268630  658  0  0  24266  0  0  5009  24266  0  23982  0  23982  354  0  249  24266  24266  24266  0  0  0  24266  0  93964328  0  27432  0  0  0.0  0.0  100.0  5.46233509592  
1441316685  0  716  283115  716  0  0  28243  0  0  5009  28243  0  27948  0  27948  354  0  251  28229  28229  28243  0  0  0  28243  14  110037904  0  33881  14  6449  0.0413210944187  0.0495698049074  100.0  4.83289292483  
1441316686  0  731  290152  731  0  0  29715  0  0  5009  29715  0  29704  0  29704  354  0  251  29693  29693  29715  0  0  0  29715  22  117227216  0  35646  8  1765  0.0617180048252  0.0740366818105  100.0  3.61389626764  
1441316686  0  752  295471  752  0  0  31153  0  0  5009  31153  0  31126  0  31126  354  0  251  31115  31115  31153  0  0  0  31153  38  123051728  0  37084  16  1438  0.102470067954  0.121978621642  100.0  3.44873603969  
1441316687  0  782  300420  782  0  0  33111  0  0  5009  33111  0  33074  0  33074  354  0  251  33063  33063  33111  0  0  0  33111  48  130783496  0  39043  10  1959  0.122941372333  0.144966929419  100.0  3.42810860138  
1441316687  0  813  314778  810  0  0  35153  0  0  5009  35153  0  35107  0  35107  354  0  250  35096  35096  35153  0  0  0  35153  57  138012848  0  43705  9  4662  0.130419860428  0.162148323045  100.0  3.99321014147  
1441316688  0  880  329136  857  0  0  39279  0  0  5009  40551  0  39181  1330  40457  354  0  248  40446  39168  40551  0  0  0  39279  111  150299072  0  50891  54  7186  0.218113222377  0.282593752387  100.0  6.31610147314  
1441316689  0  880  329136  857  0  0  39279  0  0  5009  40551  0  39181  1330  40457  354  0  248  40446  39168  40551  0  0  0  39279  111  150299072  0  50891  0  0  0.218113222377  0.282593752387  100.0  6.31610147314  
1441316689  0  916  337276  916  0  0  43540  0  0  5009  43540  0  42907  0  42907  354  0  249  42898  42898  43540  0  0  0  43540  642  160096768  0  55152  531  4261  1.16405570061  1.47450620119  100.0  8.88590377174  
1441316690  0  998  345119  998  0  0  47037  0  0  5009  47037  0  46030  0  46030  354  0  254  46022  46022  47037  0  0  0  47037  1015  168147784  0  58649  373  3497  1.73063479343  2.15787571486  100.0  10.7998238275  
1441316690  0  1021  353799  1021  0  0  48299  0  0  5009  48299  0  47019  0  47019  354  0  255  47012  47012  48299  0  0  0  48299  1287  170487488  0  59911  272  1262  2.14818647661  2.66465144206  100.0  11.4631968965  
1441316691  0  1046  367877  1042  0  0  49705  0  0  5009  49832  0  48047  199  48238  354  0  255  48231  48040  49832  0  0  0  49705  1665  173136880  0  63977  378  4066  2.60249777264  3.34976360527  100.0  12.011352844  
1441316691  0  1052  378112  925  0  0  42421  0  0  5009  50310  0  40730  7998  48493  354  0  254  48487  40725  50310  0  0  0  42421  1951  142375224  0  65660  286  1683  2.97136765154  3.99801984866  100.0  14.6480634208  
1441316692  0  1052  384664  941  0  0  43451  0  0  5009  50310  0  41217  7566  48493  354  0  254  48487  41211  50310  0  0  0  43451  2495  142375712  0  68039  544  2379  3.66701450639  5.15523233067  100.0  15.6543269697  
1441316692  0  1052  384664  941  0  0  43451  0  0  5009  50310  0  41217  7566  48493  354  0  254  48487  41211  50310  0  0  0  43451  2495  142375712  0  68039  0  0  3.66701450639  5.15523233067  100.0  15.6543269697  
1441316693  0  1052  395188  968  0  0  45319  0  0  5009  50310  0  43786  4961  48493  354  0  253  48487  43015  50310  0  0  0  45319  2559  152587040  0  70675  64  2636  3.62079943403  5.08396036982  100.0  13.3960355399  
1441316693  0  1052  399975  976  0  0  45689  0  0  5009  50310  0  44156  4573  48493  354  0  254  48487  43385  50310  0  0  0  45689  2559  153471776  0  71045  0  370  3.60194243085  5.04278929283  100.0  13.6367516135  
1441316694  0  1052  411721  953  0  0  44715  0  0  5009  50310  0  43582  5182  48493  354  0  252  48487  42411  50310  0  0  0  44715  2559  148753184  0  72951  0  1906  3.50783402558  5.15263334452  100.0  14.3696321414  
1441316694  0  1052  425112  959  0  0  45902  0  0  5009  50310  0  47258  1421  48493  354  0  252  48487  45759  50310  0  0  0  45902  2747  160959264  0  77026  188  4075  3.5663282528  0.311533266524  100.0  14.1224779552  
1441316695  0  1052  432848  1033  0  0  49988  0  0  5009  50310  0  51325  0  51325  354  0  257  49828  49828  50310  0  0  0  49988  2764  175959712  0  81112  17  4086  3.40763388894  0.320076818436  100.0  13.7855943195  
1441316695  0  1052  444496  994  0  0  47626  0  0  5009  50574  0  48781  3251  51910  354  0  255  50413  47278  50574  0  0  0  47626  2952  164486648  0  84473  188  3361  3.49460774449  0.730693318775  100.0  15.0601272328  
1441316696  0  1052  444496  994  0  0  47626  0  0  5009  50574  0  48781  3251  51910  354  0  255  50413  47278  50574  0  0  0  47626  2952  164486648  0  84473  0  0  3.49460774449  0.730693318775  100.0  15.0601272328  
1441316696  0  1052  452374  1032  0  0  49774  0  0  5009  50574  0  50884  1071  51910  354  0  256  50413  49381  50574  0  0  0  49774  2997  168713720  0  86621  45  2148  3.45990002424  0.789568851207  100.0  16.5876084995  
1441316697  0  1052  457913  1051  0  0  51114  0  0  5009  51114  0  52224  0  52224  354  0  256  50721  50721  51114  0  0  0  51114  2997  171978232  0  87961  0  1340  3.40719182365  0.768869585632  100.0  17.2199423377  
1441316697  0  1062  465946  1062  0  0  51315  0  0  5009  51469  0  52385  202  52579  354  0  257  51076  50881  51469  0  0  0  51315  3038  170924912  0  89106  41  1145  3.40942248558  0.845756601384  100.0  17.9856629316  
1441316698  0  1120  472926  1120  0  0  55066  0  0  5009  55066  0  56018  0  56018  354  0  258  54514  54514  55066  0  0  0  55066  3156  183339888  0  92857  118  3751  3.39877445965  1.0024334435  100.0  17.8913401259  
1441316698  0  1181  480145  1179  0  0  58492  0  0  5009  58507  0  57107  0  57107  354  0  258  55604  55604  58507  0  0  0  58492  5507  185669640  0  96298  2351  3441  5.71870651519  4.93742734049  100.0  18.4779836826  
1441316699  0  1199  492757  1169  0  0  58067  0  0  5009  59992  0  56058  2126  58086  354  0  258  56583  54554  59992  0  0  0  58067  6132  178383128  0  98533  625  2235  6.22329574863  6.04990786505  100.0  20.1697980728  
1441316699  0  1199  492757  1169  0  0  58067  0  0  5009  59992  0  56058  2126  58086  354  0  258  56583  54554  59992  0  0  0  58067  6132  178383128  0  98533  0  0  6.22329574863  6.04990786505  100.0  20.1697980728  
1441316700  0  1204  501310  1204  0  0  60094  0  0  5009  60094  0  57939  147  58086  354  0  259  56583  56434  60094  0  0  0  60094  6279  185440536  0  100561  147  2028  6.24397132089  6.09045828202  100.0  19.7760776139  
1441316700  0  1235  507925  1173  0  0  58456  0  0  5009  62016  0  56162  3611  59685  354  0  256  58180  54584  62016  0  0  0  58456  6746  177376320  0  103466  467  2905  6.52001623722  6.62378541125  100.0  20.6639937985  
1441316701  0  1235  534699  1119  0  0  52569  0  0  5009  62016  0  52786  7259  59685  354  0  258  58180  47369  62016  0  0  0  52569  8074  157709264  0  109237  1328  5771  7.39126852623  9.89176130419  100.0  18.7163793172  
1441316701  0  1235  543698  1135  0  0  53520  0  0  5009  62016  0  53714  6338  59685  354  0  258  58180  48113  62016  0  0  0  53520  8281  157941928  0  110373  207  1136  7.50274070651  10.1027653214  100.0  19.8552553039  
1441316702  0  1235  549659  1142  0  0  53602  0  0  5009  62016  0  53746  6306  59685  354  0  258  58180  48144  62016  0  0  0  53602  8332  158057360  0  110459  51  86  7.54307027947  10.1824558785  100.0  19.8483244927  
1441316702  0  1235  557597  1167  0  0  55133  0  0  5009  62016  0  54331  5721  59685  354  0  258  58180  48731  62016  0  0  0  55133  9276  158117184  0  111990  944  1531  8.28288240021  11.6119202655  100.0  20.7838375469  
1441316703  0  1235  557597  1167  0  0  55133  0  0  5009  62016  0  54331  5721  59685  354  0  258  58180  48731  62016  0  0  0  55133  9276  158117184  0  111990  0  0  8.28288240021  11.6119202655  100.0  20.7838375469  
1441316703  0  1235  568409  1117  0  0  52361  0  0  5009  62016  0  54503  5587  59685  354  0  256  58180  48392  62016  0  0  0  52361  9512  158198360  0  114750  236  2760  8.28932461874  7.58006913543  100.0  20.1879515532  
1441316704  0  1235  579370  1127  0  0  52729  0  0  5009  62016  0  53793  6336  59685  354  0  258  58180  47685  62016  0  0  0  52729  10587  150407488  0  117693  1075  2943  8.99543728174  9.56589353107  100.0  22.9934400231  
1441316704  0  1235  590478  1074  0  0  48875  0  0  5009  62016  0  52553  7706  59685  354  0  259  58180  45838  62016  0  0  0  48875  10876  142280704  0  119835  289  2142  9.07581257562  6.21381074169  100.0  24.2189886121  
1441316705  0  1235  596965  1109  0  0  51732  0  0  5009  62016  0  55410  4763  59685  354  0  259  58180  48695  62016  0  0  0  51732  10876  153868288  0  122692  0  2857  8.86447364131  5.8706409959  100.0  22.8555293151  
1441316705  0  1235  604948  1156  0  0  54335  0  0  5009  62016  0  57813  2234  59685  354  0  260  58180  51097  62016  0  0  0  54335  11077  156410960  0  127331  201  4639  8.6993740723  5.95932640103  100.0  25.2671007471  
1441316706  0  1235  613516  1232  0  0  58529  0  0  5009  62016  0  61590  0  61590  354  0  262  58180  54876  62016  0  0  0  58529  11492  161359784  0  131525  415  4194  8.73750237597  6.24135044166  100.0  28.2118257241  
1441316706  0  1235  613516  1232  0  0  58529  0  0  5009  62016  0  61590  0  61590  354  0  262  58180  54876  62016  0  0  0  58529  11492  161359784  0  131525  0  0  8.73750237597  6.24135044166  100.0  28.2118257241  
1441316707  0  1269  621179  1269  0  0  61006  0  0  5009  62016  0  63788  0  63788  354  0  262  58180  57074  62016  0  0  0  61006  11771  164323216  0  134003  279  2478  8.78413169854  6.44526767859  100.0  29.7088470122  
1441316707  0  1325  634702  1315  0  0  64384  0  0  5009  64760  0  66587  550  67116  354  0  262  60402  59875  64760  0  0  0  64384  12478  166875440  0  140041  707  6038  8.91024771317  7.00329274354  100.0  31.9564522443  
1441316708  0  1341  646432  1335  0  0  64909  0  0  5009  65335  0  67695  0  67695  354  0  261  60985  60985  65335  0  0  0  64909  13172  170452392  0  141847  694  1806  9.28606174258  6.04538661819  100.0  31.7629687372  
1441316708  0  1388  653441  1388  0  0  68233  0  0  5009  68233  0  69946  1  69947  354  0  263  63239  63239  68233  0  0  0  68233  14242  178359344  0  145171  1070  3324  9.81049934216  7.31903917459  100.0  31.1425517185  
1441316709  0  1447  659743  1447  0  0  71743  0  0  5009  71743  0  71158  0  71158  354  0  263  64462  64462  71743  0  0  0  71743  16529  180009072  0  148682  2287  3511  11.117014837  10.1487253112  100.0  31.8241330648  
1441316709  0  1492  667032  1492  0  0  74834  0  0  5009  74834  0  72798  1  72799  354  0  262  65393  65339  74834  0  0  0  74834  18743  182640464  0  152541  2214  3859  12.2871883625  12.6880829569  100.0  31.7559848923  
1441316710  0  1492  667032  1492  0  0  74834  0  0  5009  74834  0  72798  1  72799  354  0  262  65393  65339  74834  0  0  0  74834  18743  182640464  0  152541  0  0  12.2871883625  12.6880829569  100.0  31.7559848923  
1441316710  0  1496  699529  1455  0  0  71072  0  0  5009  75140  0  69109  3995  72839  354  0  263  65393  57810  75140  0  0  0  71072  22761  158280304  0  160968  4018  8427  14.1400775309  18.6599504728  100.0  33.1557648439  
1441316711  0  1496  707886  1456  0  0  71779  0  0  5009  75140  0  71221  1824  72839  354  0  262  65393  59599  75140  0  0  0  71779  23984  165931968  0  164563  1223  3595  14.5743575409  16.9687513061  100.0  32.0278286968  
1441316711  0  1496  718294  1356  0  0  67260  0  0  5009  75140  0  65774  7355  72839  354  0  261  65393  53919  75140  0  0  0  67260  26506  141631600  0  168359  2522  3796  15.7437380835  19.8349687779  100.0  35.8704216626  
1441316712  0  1496  724209  1253  0  0  60967  0  0  5009  75140  0  66543  6713  72839  354  0  261  65393  46555  75140  0  0  0  60967  27577  142427376  0  170201  1071  1842  16.2026075052  23.6390178293  100.0  25.3091857078  
1441316712  0  1496  732585  1280  0  0  62640  0  0  5009  75140  0  68016  5257  72839  354  0  262  65393  47997  75140  0  0  0  62640  29072  142935904  0  173439  1495  3238  16.7620892648  23.3764367816  100.0  27.2944956195  
1441316713  0  1496  743227  1317  0  0  65323  0  0  5009  75140  0  70320  3020  72839  354  0  262  65393  50300  75140  0  0  0  65323  29452  148439376  0  178243  380  4804  16.5235100397  22.9980251979  100.0  27.9521231983  
1441316713  0  1496  743227  1317  0  0  65323  0  0  5009  75140  0  70320  3020  72839  354  0  262  65393  50300  75140  0  0  0  65323  29452  148439376  0  178243  0  0  16.5235100397  22.9980251979  100.0  27.9521231983  
1441316714  0  1496  756158  1341  0  0  67880  0  0  5009  75140  0  72331  2473  74719  354  0  261  65393  52303  75140  0  0  0  67880  30175  144971048  0  185254  723  7011  16.288447213  22.9478491456  100.0  32.3302252918  
1441316714  0  1496  763011  1371  0  0  69584  0  0  5009  75140  0  73094  1669  74719  354  0  262  65393  53068  75140  0  0  0  69584  31114  147451480  0  186958  939  1704  16.6422405032  23.7353414578  100.0  32.1645879167  
1441316715  0  1496  770969  1426  0  0  72300  0  0  5009  75140  0  74968  0  74968  354  0  263  65393  54945  75140  0  0  0  72300  31953  152105920  0  189674  839  2716  16.8462730791  24.0041493776  100.0  32.4138058513  
1441316715  0  1496  776305  1464  0  0  73872  0  0  5009  75140  0  75484  1  75485  354  0  262  65393  55400  75140  0  0  0  73872  33070  153251928  0  191308  1117  1634  17.2862608987  25.0054147715  100.0  32.4638601365  
1441316716  0  1496  791100  1392  0  0  69249  0  0  5009  75140  0  76107  1  76108  354  0  263  65393  49113  75140  0  0  0  69249  34734  154980696  0  193599  1664  2291  17.941208374  29.0776762119  100.0  22.9591269432  
1441316716  0  1496  798429  1430  0  0  71947  0  0  5009  75140  0  77545  0  77545  354  0  265  65393  50556  75140  0  0  0  71947  35989  160700792  0  196316  1255  2717  18.3321787322  29.7316079892  100.0  22.395775384  
1441316717  0  1496  798429  1430  0  0  71947  0  0  5009  75140  0  77545  0  77545  354  0  265  65393  50556  75140  0  0  0  71947  35989  160700792  0  196316  0  0  18.3321787322  29.7316079892  100.0  22.395775384  
1441316717  0  1496  820125  1316  0  0  65348  0  0  5009  75140  0  78834  38  78834  354  0  263  65393  51434  75140  0  0  0  65348  37943  165808912  0  199562  1954  3246  19.0131387739  21.2921589031  100.0  21.2958521479  
1441316718  0  1496  829010  1345  0  0  67386  0  0  5009  75140  0  80571  0  80571  354  0  263  65393  53172  75140  0  0  0  67386  38243  172927488  0  201600  300  2038  18.9697420635  21.0934021904  100.0  20.5998928007  
1441316720  0  1496  841345  1253  0  0  61365  0  0  5009  75140  0  78085  2665  80626  354  0  260  65393  50668  75140  0  0  0  61365  38992  161656568  0  202698  749  1098  19.2364996201  17.4317607757  100.0  22.1067822948  
1441316720  0  1496  871957  1362  0  0  66851  0  0  5009  75140  0  84469  641  85110  354  0  262  65393  55006  75140  0  0  0  66851  40140  162445608  0  211001  1148  8303  19.0236065232  17.7185083245  100.0  27.8995522932  
1441316721  0  1496  881975  1412  0  0  70249  0  0  5009  75140  0  85322  1  85323  354  0  265  65393  54447  75140  0  0  0  70249  44097  163162200  0  215826  3957  4825  20.4317366768  22.4942703811  100.0  26.837986511  
1441316721  0  1496  888574  1479  0  0  74492  0  0  5009  75140  0  85928  0  85928  354  0  266  65393  55067  75140  0  0  0  74492  47720  163604648  0  220069  3623  4243  21.6841081661  26.0766256779  100.0  27.4655582915  
1441316722  0  1500  894901  1500  0  0  75666  0  0  5009  75666  0  86313  1  86314  354  0  265  65393  55454  75666  0  0  0  75666  48802  162905840  0  221794  1082  1725  22.0033003598  26.7121296223  100.0  28.2794143006  
1441316722  0  1535  906758  1535  0  0  78061  0  0  5009  78061  0  89130  0  89130  354  0  265  65393  58276  78061  0  0  0  78061  50221  170443448  0  227158  1419  5364  22.1084003205  25.3455630853  100.0  28.5946703242  
1441316723  0  1539  912651  1488  0  0  75156  0  0  5009  78385  0  89581  1  89582  354  0  265  65393  54888  78385  0  0  0  75156  50704  171205184  0  228094  483  936  22.2294317255  26.967906754  100.0  23.8483081457  
1441316723  0  1539  935636  1297  0  0  63816  0  0  5009  78385  0  89024  2096  91046  354  0  261  65393  50248  78385  0  0  0  63816  51311  161566760  0  231061  607  2967  22.2066900083  21.2611257365  100.0  21.4993437239  
1441316724  0  1539  935636  1297  0  0  63816  0  0  5009  78385  0  89024  2096  91046  354  0  261  65393  50248  78385  0  0  0  63816  51311  161566760  0  231061  0  0  22.2066900083  21.2611257365  100.0  21.4993437239  
1441316724  0  1539  945475  1298  0  0  63573  0  0  5009  78385  0  88263  2915  91046  354  0  262  65393  49483  78385  0  0  0  63573  51947  154592592  0  233398  636  2337  22.2568316781  22.1634970821  100.0  23.7266697022  
1441316725  0  1539  951686  1342  0  0  66262  0  0  5009  78385  0  90188  990  91046  354  0  262  65393  51412  78385  0  0  0  66262  52707  155124192  0  236087  760  2689  22.3252445073  22.4110349823  100.0  26.3360359692  
1441316725  0  1539  958369  1321  0  0  65501  0  0  5009  78385  0  90710  565  91046  354  0  261  65393  51325  78385  0  0  0  65501  54288  155172512  0  238399  1581  2312  22.7719076003  21.642417673  100.0  26.1881849732  
1441316726  0  1539  964534  1355  0  0  68174  0  0  5009  78385  0  91080  146  91081  354  0  261  65393  51697  78385  0  0  0  68174  56589  155521552  0  241072  2301  2673  23.4738999137  24.1690380497  100.0  26.5544830333  
1441316726  0  1539  969723  1306  0  0  64869  0  0  5009  78385  0  91043  181  91179  354  0  261  65393  51662  78385  0  0  0  64869  57415  154728536  0  242119  826  1047  23.7135458184  20.3594937489  100.0  26.8794830158  
1441316727  0  1539  976367  1323  0  0  65729  0  0  5009  78385  0  91591  934  92521  354  0  264  65393  52209  78385  0  0  0  65729  57755  150927240  0  243951  340  1832  23.6748363401  20.5693073073  100.0  29.4231440879  
1441316728  0  1539  976367  1323  0  0  65729  0  0  5009  78385  0  91591  934  92521  354  0  264  65393  52209  78385  0  0  0  65729  57755  150927240  0  243951  0  0  23.6748363401  20.5693073073  100.0  29.4231440879  
1441316728  0  1539  983295  1343  0  0  66935  0  0  5009  78385  0  92535  0  92535  354  0  265  65393  53156  78385  0  0  0  66935  58014  152925184  0  245157  259  1206  23.6640193835  20.5856427878  100.0  29.7628677854  
1441316729  0  1539  992799  1410  0  0  70372  0  0  5009  78385  0  95670  1  95671  354  0  266  65393  55526  78385  0  0  0  70372  59081  156809144  0  249362  1067  4205  23.6928641894  21.0964588188  100.0  31.0530518642  
1441316729  0  1539  1002236  1384  0  0  68772  0  0  5009  78385  0  93573  2182  95753  354  0  265  65393  53433  78385  0  0  0  68772  61109  147232544  0  251701  2028  2339  24.2784097004  22.3041354039  100.0  32.7280045805  
1441316730  0  1539  1012003  1413  0  0  70363  0  0  5009  78385  0  94171  1584  95753  354  0  265  65393  54033  78385  0  0  0  70363  62100  147238248  0  253292  991  1591  24.5171580626  23.2082202294  100.0  33.4724374167  
1441316730  0  1539  1018154  1442  0  0  72219  0  0  5009  78385  0  94559  1179  95753  354  0  265  65393  54423  78385  0  0  0  72219  63566  147240584  0  255148  1466  1856  24.9133836048  24.6417147842  100.0  33.9481318503  
1441316731  0  1539  1022683  1341  0  0  66134  0  0  5009  78385  0  87761  8051  95753  354  0  264  65393  47625  78385  0  0  0  66134  64279  117857920  0  256237  713  1089  25.0857604483  27.9871170654  100.0  39.5823490814  
1441316731  0  1539  1022683  1341  0  0  66134  0  0  5009  78385  0  87761  8051  95753  354  0  264  65393  47625  78385  0  0  0  66134  64279  117857920  0  256237  0  0  25.0857604483  27.9871170654  100.0  39.5823490814  
1441316732  0  1539  1038847  1341  0  0  66263  0  0  5009  78385  0  89238  6587  95753  354  0  265  65393  49039  78385  0  0  0  66263  65917  116465280  0  259794  1638  3557  25.3727953686  25.9933899763  100.0  42.0177690206  
1441316732  0  1539  1048321  1351  0  0  67630  0  0  5009  78385  0  89889  5953  95753  354  0  267  65393  49361  78385  0  0  0  67630  66962  116463728  0  261490  1045  1696  25.6078626334  27.0131598403  100.0  42.3967761112  
1441316733  0  1539  1057067  1349  0  0  67680  0  0  5009  78385  0  91552  4384  95753  354  0  268  65393  48342  78385  0  0  0  67680  68031  116463728  0  264222  1069  2732  25.7476667348  28.5726950355  100.0  41.1825589679  
1441316733  0  1539  1064855  1384  0  0  69868  0  0  5009  78385  0  92194  3724  95753  354  0  268  65393  48984  78385  0  0  0  69868  69577  116464600  0  266411  1546  2189  26.116414112  29.8906509418  100.0  41.9530045844  
1441316734  0  1539  1071014  1370  0  0  70607  0  0  5009  78385  0  92954  2930  95753  354  0  267  65393  49501  78385  0  0  0  70607  69799  116466328  0  267394  222  983  26.1034279004  29.8922203181  100.0  42.5584087001  
1441316734  0  1539  1077703  1361  0  0  69317  0  0  5009  78385  0  94045  1829  95753  354  0  266  65393  50592  78385  0  0  0  69317  70489  116463960  0  269177  690  1783  26.1868584612  27.0135753134  100.0  43.7982606254  
1441316735  0  1539  1077703  1361  0  0  69317  0  0  5009  78385  0  94045  1829  95753  354  0  266  65393  50592  78385  0  0  0  69317  70489  116463960  0  269177  0  0  26.1868584612  27.0135753134  100.0  43.7982606254  
1441316735  0  1539  1083154  1267  0  0  63595  0  0  5009  78385  0  88197  7840  95753  354  0  264  65393  44538  78385  0  0  0  63595  70821  90913112  0  269899  332  722  26.2398156347  29.9661923107  100.0  50.164839049  
1441316736  0  1539  1090847  1300  0  0  65513  0  0  5009  78385  0  89389  6654  95753  354  0  265  65393  45687  78385  0  0  0  65513  71842  90873440  0  272123  1021  2224  26.4005615108  30.2626959535  100.0  51.4393625375  
1441316736  0  1539  1102284  1325  0  0  66956  0  0  5009  78385  0  89693  6330  95753  354  0  264  65393  44199  78385  0  0  0  66956  75028  84749920  0  277478  3186  5355  27.0392607702  33.9879921142  100.0  53.1869534661  
1441316737  0  1539  1108853  1393  0  0  70931  0  0  5009  78385  0  93027  2885  95753  354  0  265  65393  47535  78385  0  0  0  70931  75667  84753376  0  281453  639  3975  26.884417647  32.9841677123  100.0  56.4705118597  
1441316737  0  1539  1117881  1373  0  0  69982  0  0  5009  78385  0  95407  484  95753  354  0  263  65393  47103  78385  0  0  0  69982  76430  84742816  0  284600  763  3147  26.8552354181  32.6926924066  100.0  56.0767593094  
1441316738  0  1539  1131128  1392  0  0  71311  0  0  5009  78385  0  97976  0  97976  354  0  264  65393  49672  78385  0  0  0  71311  77667  84472480  0  288489  1237  3889  26.9219970259  30.3445471246  100.0  58.4813092638  
1441316738  0  1539  1135314  1392  0  0  71844  0  0  5009  78385  0  98311  1  98312  354  0  263  65393  49883  78385  0  0  0  71844  77989  84441480  0  289154  322  665  26.9714408239  30.5676187295  100.0  58.6721013108  
1441316739  0  1539  1147563  1270  0  0  64373  0  0  5009  78385  0  98708  181  98873  354  0  259  65393  44376  78385  0  0  0  64373  78841  82384248  0  290916  852  1762  27.1009501024  31.0642660743  100.0  54.6751807354  
1441316739  0  1539  1166079  1186  0  0  58808  0  0  5009  78385  0  99424  0  99424  354  0  261  65393  38213  78385  0  0  0  58808  79534  84708888  0  293636  693  2720  27.0859158959  35.0207454768  100.0  45.8799862367  
1441316740  0  1539  1166079  1186  0  0  58808  0  0  5009  78385  0  99424  0  99424  354  0  261  65393  38213  78385  0  0  0  58808  79534  84708888  0  293636  0  0  27.0859158959  35.0207454768  100.0  45.8799862367  
1441316740  0  1539  1184713  1137  0  0  54437  0  0  5009  78385  0  100031  1  100032  354  0  261  65393  38746  78385  0  0  0  54437  80955  85189960  0  295666  1421  2030  27.3805577916  28.8241453423  100.0  46.3213490989  
1441316741  0  1539  1191747  1175  0  0  56799  0  0  5009  78385  0  100397  1  100398  354  0  262  65393  39112  78385  0  0  0  56799  82951  85640520  0  298028  1996  2362  27.8332908317  31.13963274  100.0  46.5424164499  
1441316741  0  1539  1198312  1203  0  0  58424  0  0  5009  78385  0  100458  1  100459  354  0  264  65393  39173  78385  0  0  0  58424  84515  85640520  0  299653  1564  1625  28.2042896283  32.9504997946  100.0  46.6256603321  
1441316742  0  1539  1206423  1246  0  0  59719  0  0  5009  78385  0  101219  1  101220  354  0  266  65393  39927  78385  0  0  0  59719  85274  85770864  0  301218  759  1565  28.3097291663  33.1418811434  100.0  47.5539050173  
1441316742  0  1539  1215504  1259  0  0  60010  0  0  5009  78385  0  102448  0  102448  354  0  267  65393  39876  78385  0  0  0  60010  85616  85987952  0  302789  342  1571  28.2757960164  33.5510748209  100.0  47.3539162811  
1441316743  0  1539  1222832  1286  0  0  61223  0  0  5009  78385  0  103172  0  103172  354  0  268  65393  40600  78385  0  0  0  61223  86105  86192752  0  304002  489  1213  28.3238268169  33.685053003  100.0  48.169575508  
1441316744  0  1539  1222832  1286  0  0  61223  0  0  5009  78385  0  103172  0  103172  354  0  268  65393  40600  78385  0  0  0  61223  86105  86192752  0  304002  0  0  28.3238268169  33.685053003  100.0  48.169575508  
1441316744  0  1539  1237642  1409  0  0  66334  0  0  5009  78385  0  108147  1  108148  354  0  267  65393  44549  78385  0  0  0  66334  87267  90890208  0  310140  1162  6138  28.1379377056  32.8413784786  100.0  50.1896963175  
1441316745  0  1539  1248039  1485  0  0  71901  0  0  5009  78385  0  109147  1  109148  354  0  267  65393  45563  78385  0  0  0  71901  91820  90925040  0  315707  4553  5567  29.0839290861  36.6309230748  100.0  51.2795555742  
1441316745  0  1569  1259182  1569  0  0  76268  0  0  5009  78385  0  110043  0  110043  354  0  267  65393  46469  78385  0  0  0  76268  95281  90933536  0  320074  3461  4367  29.7684285509  39.0714323176  100.0  52.2249880297  
1441316746  0  1590  1270343  1590  0  0  78513  0  0  5009  78513  0  111284  0  111284  354  0  267  65393  47710  78513  0  0  0  78513  97795  88734864  0  324369  2514  4295  30.1493052665  39.2329932623  100.0  54.5927789641  
1441316746  0  1600  1278442  1569  0  0  78019  0  0  5009  79446  0  111801  6  111802  354  0  266  65393  46800  79446  0  0  0  78019  98211  88894608  0  325302  416  933  30.1907150894  40.0146118253  100.0  53.6265274439  
1441316747  0  1600  1280722  1573  0  0  78464  0  0  5009  79446  0  111916  0  111916  354  0  266  65393  46916  79446  0  0  0  78464  98540  88915528  0  325766  329  464  30.2487061265  40.2069738989  100.0  53.7302997312  
1441316747  0  1600  1280722  1573  0  0  78464  0  0  5009  79446  0  111916  0  111916  354  0  266  65393  46916  79446  0  0  0  78464  98540  88915528  0  325766  0  0  30.2487061265  40.2069738989  100.0  53.7302997312  
1441316748  0  1600  1303946  1520  0  0  77321  0  0  5009  79460  0  117418  1  117419  354  0  263  65393  43705  79460  0  0  0  77321  102885  89049104  0  335619  4345  9853  30.655296631  43.4758991736  100.0  50.2562546476  
1441316748  0  1600  1318767  1518  0  0  77354  0  0  5009  79460  0  117047  1148  118195  354  0  263  65393  43333  79460  0  0  0  77354  103545  84347552  0  337055  660  1436  30.7205055555  43.9809188924  100.0  52.478101995  
1441316749  0  1600  1337302  1366  0  0  68146  0  0  5009  79460  0  118905  0  118905  354  0  263  65393  38448  79460  0  0  0  68146  107528  84331136  0  342907  3983  5852  31.3577733905  43.5799606727  100.0  46.4506443768  
1441316749  0  1600  1344096  1273  0  0  63072  0  0  5009  79460  0  118931  27  118933  354  0  261  65393  35841  79460  0  0  0  63072  107918  84327040  0  343324  390  417  31.4332816814  43.1744672755  100.0  42.5583654195  
1441316750  0  1600  1352616  1327  0  0  66514  0  0  5009  79460  0  119992  1  119993  354  0  261  65393  36901  79460  0  0  0  66514  110300  84327040  0  346767  2382  3443  31.8081016936  44.52145413  100.0  44.2084055988  
1441316752  0  1600  1359808  1378  0  0  69903  0  0  5009  79460  0  121920  1  121921  354  0  262  65393  38830  79460  0  0  0  69903  111760  84370336  0  350157  1460  3390  31.9171114671  44.4515972133  100.0  46.952803084  
1441316752  0  1600  1394512  1430  0  0  73734  0  0  5009  79460  0  124782  4143  128825  354  0  262  65393  37874  79460  0  0  0  73734  119362  71722200  0  365093  7602  14936  32.6935876612  48.6342799794  100.0  53.7669569246  
1441316753  0  1600  1401533  1393  0  0  72000  0  0  5009  79460  0  125396  3592  128825  354  0  260  65393  35292  79460  0  0  0  72000  120210  72239176  0  366557  848  1464  32.7943539477  50.9833333333  100.0  50.0268684741  
1441316753  0  1600  1407165  1405  0  0  72681  0  0  5009  79460  0  125886  3102  128825  354  0  260  65393  35782  79460  0  0  0  72681  120401  72239176  0  367238  191  681  32.7855505149  50.7684264113  100.0  50.7112023416  
1441316754  0  1600  1407165  1405  0  0  72681  0  0  5009  79460  0  125886  3102  128825  354  0  260  65393  35782  79460  0  0  0  72681  120401  72239176  0  367238  0  0  32.7855505149  50.7684264113  100.0  50.7112023416  
1441316754  0  1600  1432125  1223  0  0  59642  0  0  5009  79460  0  125993  3123  128825  354  0  259  65393  30194  79460  0  0  0  59642  122649  72265528  0  369595  2248  2357  33.184702174  49.3746017907  100.0  41.5680228791  
1441316755  0  1600  1442632  1136  0  0  54097  0  0  5009  79460  0  126297  2898  128825  354  0  256  65393  24386  79460  0  0  0  54097  122912  72266696  0  370163  263  568  33.2048313851  54.9217146977  100.0  27.6501421794  
1441316755  0  1600  1466593  1073  0  0  49411  0  0  5009  79460  0  127863  1425  128825  354  0  257  65393  24600  79460  0  0  0  49411  127401  74936304  0  376234  4489  6071  33.862170883  50.2135152092  100.0  25.6300971799  
1441316756  0  1600  1474773  1133  0  0  53929  0  0  5009  79460  0  132121  0  132121  354  0  257  65393  28656  79460  0  0  0  53929  127863  89112280  0  380957  462  4723  33.563630541  46.8634686347  100.0  24.0789791514  
1441316756  0  1600  1481366  1138  0  0  54182  0  0  5009  79460  0  132374  0  132374  354  0  257  65393  28909  79460  0  0  0  54182  127863  89112280  0  381210  0  253  33.5413551586  46.6446421321  100.0  24.7434095459  
1441316757  0  1600  1517892  1038  0  0  47134  0  0  5009  79460  0  127871  4680  132476  354  0  258  65393  23113  79460  0  0  0  47134  137164  63688472  0  392526  9301  11316  34.9439272813  50.96321127  100.0  32.7264164783  
1441316757  0  1600  1517892  1038  0  0  47134  0  0  5009  79460  0  127871  4680  132476  354  0  258  65393  23113  79460  0  0  0  47134  137164  63688472  0  392526  0  0  34.9439272813  50.96321127  100.0  32.7264164783  
1441316758  0  1600  1524898  1097  0  0  48509  0  0  5009  79460  0  128887  3664  132476  354  0  260  65393  24132  79460  0  0  0  48509  137520  63870416  0  393901  356  1375  34.9123256859  50.2525304583  100.0  35.3830462405  
1441316758  0  1600  1537774  1132  0  0  52303  0  0  5009  79460  0  128749  3824  132476  354  0  259  65393  23991  79460  0  0  0  52303  143774  62825680  0  400298  6254  6397  35.9167420272  54.1307381986  100.0  36.0664383258  
1441316759  0  1600  1543540  1165  0  0  54393  0  0  5009  79460  0  130226  2347  132476  354  0  260  65393  25473  79460  0  0  0  54393  144382  63049864  0  402388  608  2090  35.8812887064  53.1686062545  100.0  39.5711804533  
1441316759  0  1600  1550733  1152  0  0  53632  0  0  5009  79460  0  131074  1512  132476  354  0  259  65393  24277  79460  0  0  0  53632  144817  63051696  0  403675  435  1287  35.8746516381  54.7341139618  100.0  36.5923282582  
1441316760  0  1600  1562679  1085  0  0  49854  0  0  5009  79460  0  130207  2493  132476  354  0  256  65393  22069  79460  0  0  0  49854  145331  57318280  0  404729  514  1054  35.9082250098  55.7327395996  100.0  36.5910521404  
1441316760  0  1600  1570493  1135  0  0  54204  0  0  5009  79460  0  130270  2430  132476  354  0  257  65393  22133  79460  0  0  0  54204  149617  57318720  0  409079  4286  4350  36.5741091574  59.1672201314  100.0  36.7739207292  
1441316761  0  1600  1570493  1135  0  0  54204  0  0  5009  79460  0  130270  2430  132476  354  0  257  65393  22133  79460  0  0  0  54204  149617  57318720  0  409079  0  0  36.5741091574  59.1672201314  100.0  36.7739207292  
1441316761  0  1600  1581414  1163  0  0  56805  0  0  5009  79460  0  130339  2361  132476  354  0  255  65393  20924  79460  0  0  0  56805  153459  57334872  0  412992  3842  3913  37.157862622  63.1652143297  100.0  33.1018376774  
1441316762  0  1600  1586956  1210  0  0  59678  0  0  5009  79460  0  130896  1804  132476  354  0  258  65393  21482  79460  0  0  0  59678  155774  57709960  0  415869  2315  2877  37.4574685778  64.0034853715  100.0  34.4132496829  
1441316762  0  1600  1599305  1234  0  0  61624  0  0  5009  79460  0  135031  0  135031  354  0  257  65393  24031  79460  0  0  0  61624  156963  73873952  0  421452  1189  5583  37.2433871473  61.0038296767  100.0  24.9484715056  
1441316763  0  1600  1608474  1281  0  0  64454  0  0  5009  79460  0  135121  1  135122  354  0  259  65393  24127  79460  0  0  0  64454  159697  73884328  0  424282  2734  2830  37.6393530718  62.5671021193  100.0  25.2365979375  
1441316763  0  1600  1616239  1296  0  0  65290  0  0  5009  79460  0  135385  0  135385  354  0  259  65393  24391  79460  0  0  0  65290  160269  74724008  0  425118  572  836  37.6998856788  62.6420585082  100.0  25.2053379705  
1441316764  0  1600  1629921  1294  0  0  64464  0  0  5009  79460  0  137399  1  137400  354  0  259  65393  25646  79460  0  0  0  64464  162305  74716008  0  429169  2036  4051  37.8184351619  60.2165549764  100.0  28.8730683513  
1441316764  0  1600  1629921  1294  0  0  64464  0  0  5009  79460  0  137399  1  137400  354  0  259  65393  25646  79460  0  0  0  64464  162305  74716008  0  429169  0  0  37.8184351619  60.2165549764  100.0  28.8730683513  
1441316765  0  1600  1636692  1332  0  0  66478  0  0  5009  79460  0  138775  1  138776  354  0  260  65393  27024  79460  0  0  0  66478  162941  79422096  0  431183  636  2014  37.7892913218  59.3489575499  100.0  28.2483712395  
1441316765  0  1600  1649495  1319  0  0  65305  0  0  5009  79460  0  138839  0  138839  354  0  260  65393  27064  79460  0  0  0  65305  163752  79412752  0  432058  811  875  37.9004670669  58.5575377077  100.0  28.3628476713  
1441316766  0  1600  1657198  1371  0  0  68264  0  0  5009  79460  0  140190  1  140191  354  0  261  65393  28418  79460  0  0  0  68264  165357  79414512  0  435018  1605  2960  38.0115305574  58.370444158  100.0  31.7745492514  
1441316766  0  1600  1663539  1374  0  0  69471  0  0  5009  79460  0  140692  1  140693  354  0  260  65393  28789  79460  0  0  0  69471  166193  79382472  0  436364  836  1346  38.0858640951  58.5596867758  100.0  32.6809325502  
1441316767  0  1600  1697555  1322  0  0  65316  0  0  5009  79460  0  144084  0  144084  354  0  261  65393  28291  79460  0  0  0  65316  171674  79394040  0  445286  5481  8922  38.5536486663  56.6859574989  100.0  31.4859476622  
1441316767  0  1600  1708932  1256  0  0  61313  0  0  5009  79460  0  144670  0  144670  354  0  262  65393  28778  79460  0  0  0  61313  175027  79377584  0  449227  3353  3941  38.9618166317  53.0637874513  100.0  32.6593475268  
1441316768  0  1600  1708932  1256  0  0  61313  0  0  5009  79460  0  144670  0  144670  354  0  262  65393  28778  79460  0  0  0  61313  175027  79377584  0  449227  0  0  38.9618166317  53.0637874513  100.0  32.6593475268  
1441316768  0  1600  1716709  1242  0  0  60316  0  0  5009  79460  0  144860  1  144861  354  0  262  65393  26837  79460  0  0  0  60316  175971  79378136  0  450363  944  1136  39.0731476609  55.5060017243  100.0  27.7883976064  
1441316769  0  1600  1724313  1231  0  0  60145  0  0  5009  79460  0  145155  0  145155  354  0  261  65393  27142  79460  0  0  0  60145  178567  79388032  0  453264  2596  2901  39.3958046525  54.87239172  100.0  28.5909522143  
1441316769  0  1600  1750376  1110  0  0  52162  0  0  5009  79460  0  147012  1  147013  354  0  260  65393  29005  79460  0  0  0  52162  182550  79377840  0  459122  3983  5858  39.7606736336  44.3943867183  100.0  33.1861559429  
1441316770  0  1600  1754838  1152  0  0  55472  0  0  5009  79460  0  147012  1  147013  354  0  260  65393  29005  79460  0  0  0  55472  185860  79377840  0  462432  3310  3310  40.1918552349  47.7123593885  100.0  33.1861559429  
1441316770  0  1600  1763308  1234  0  0  61121  0  0  5009  79460  0  149288  0  149288  354  0  262  65393  31265  79460  0  0  0  61121  189249  79379304  0  468103  3389  5671  40.4289226944  48.8473683349  100.0  38.0146717076  
1441316771  0  1600  1773889  1195  0  0  57852  0  0  5009  79460  0  146726  3769  150482  354  0  262  65393  28699  79460  0  0  0  57852  189826  61182264  0  470564  577  2461  40.3401025153  50.3923805573  100.0  47.9526249281  
1441316771  0  1600  1773889  1195  0  0  57852  0  0  5009  79460  0  146726  3769  150482  354  0  262  65393  28699  79460  0  0  0  57852  189826  61182264  0  470564  0  0  40.3401025153  50.3923805573  100.0  47.9526249281  
1441316772  0  1600  1782204  1206  0  0  58530  0  0  5009  79460  0  148411  2085  150482  354  0  261  65393  30378  79460  0  0  0  58530  191640  61186648  0  474076  1814  3512  40.4238982779  48.0984110712  100.0  50.8257736376  
1441316772  0  1600  1788510  1237  0  0  60529  0  0  5009  79460  0  150310  186  150482  354  0  261  65393  32271  79460  0  0  0  60529  191746  61192664  0  476084  106  2008  40.2756656388  46.6850600539  100.0  53.705756765  
1441316773  0  1600  1800950  1203  0  0  58560  0  0  5009  79460  0  151098  0  151098  354  0  260  65393  32258  79460  0  0  0  58560  191814  61184336  0  476942  68  858  40.2174687908  44.9146174863  100.0  53.6934030899  
1441316773  0  1600  1805446  1227  0  0  60260  0  0  5009  79460  0  151708  1  151709  354  0  260  65393  32870  79460  0  0  0  60260  192902  61185352  0  478642  1088  1700  40.301937565  45.4530368404  100.0  54.5548217885  
1441316774  0  1600  1822191  1227  0  0  60505  0  0  5009  79460  0  151810  1  151811  354  0  260  65393  31136  79460  0  0  0  60505  201184  61192288  0  487030  8282  8388  41.3083382954  48.5397901  100.0  52.0184884459  
1441316774  0  1600  1831495  1197  0  0  58836  0  0  5009  79460  0  153163  0  153163  354  0  257  65393  29383  79460  0  0  0  58836  201296  61209560  0  488499  112  1469  41.2070444361  50.0594873887  100.0  49.1415436328  
1441316775  0  1600  1831495  1197  0  0  58836  0  0  5009  79460  0  153163  0  153163  354  0  257  65393  29383  79460  0  0  0  58836  201296  61209560  0  488499  0  0  41.2070444361  50.0594873887  100.0  49.1415436328  
1441316775  0  1600  1837416  1209  0  0  59542  0  0  5009  79460  0  153707  1  153708  354  0  257  65393  29929  79460  0  0  0  59542  201456  61211632  0  489205  160  706  41.1802822947  49.7346410937  100.0  50.0676731807  
1441316776  0  1600  1843817  1175  0  0  58176  0  0  5009  79460  0  154804  1  154805  354  0  255  65393  29677  79460  0  0  0  58176  202827  61194576  0  491683  1371  2478  41.2515787611  48.9875550055  100.0  49.6577078841  
1441316776  0  1600  1851897  1226  0  0  61615  0  0  5009  79460  0  156683  1  156684  354  0  257  65393  31562  79460  0  0  0  61615  204381  61199472  0  495122  1554  3439  41.2789171154  48.775460521  100.0  52.6605495731  
1441316777  0  1600  1861399  1264  0  0  63674  0  0  5009  79460  0  157133  1  157134  354  0  258  65393  32019  79460  0  0  0  63674  205983  61128504  0  497200  1602  2078  41.4286001609  49.7141690486  100.0  53.3903270812  
1441316777  0  1600  1875238  1082  0  0  52841  0  0  5009  79460  0  157896  2  157897  354  0  256  65393  32226  79460  0  0  0  52841  207342  60057808  0  499585  1359  2385  41.5028473633  39.0132662137  100.0  54.5008664394  
1441316778  0  1600  1885967  1082  0  0  53311  0  0  5009  79460  0  158411  1  158412  354  0  256  65393  32740  79460  0  0  0  53311  208577  60058344  0  501337  1235  1752  41.6041505016  38.5867832155  100.0  55.2147781288  
1441316778  0  1600  1885967  1082  0  0  53311  0  0  5009  79460  0  158411  1  158412  354  0  256  65393  32740  79460  0  0  0  53311  208577  60058344  0  501337  0  0  41.6041505016  38.5867832155  100.0  55.2147781288  
1441316779  0  1600  1893817  1119  0  0  55334  0  0  5009  79460  0  158827  0  158827  354  0  258  65393  31696  79460  0  0  0  55334  211644  60068856  0  504829  3067  3492  41.9238989836  42.7187624245  100.0  53.7315495745  
1441316779  0  1600  1917463  1028  0  0  49473  0  0  5009  79460  0  160101  4  160104  354  0  257  65393  27402  79460  0  0  0  49473  212185  60041832  0  506649  541  1820  41.8800787133  44.6122127221  100.0  46.505180678  
1441316780  0  1600  1923030  1063  0  0  51328  0  0  5009  79460  0  161343  1  161344  354  0  258  65393  28646  79460  0  0  0  51328  212796  60059496  0  508504  611  1855  41.8474584271  44.1903054863  100.0  48.8132273594  
1441316780  0  1600  1947960  1035  0  0  48644  0  0  5009  79460  0  163087  0  163087  354  0  260  65393  29189  79460  0  0  0  48644  216993  60111584  0  514456  4197  5952  42.1791173589  39.9946550448  100.0  49.7218826013  
1441316781  0  1600  1962013  947  0  0  43209  0  0  5009  79460  0  163174  4  163175  354  0  258  65393  28534  79460  0  0  0  43209  221461  59075880  0  519274  4468  4818  42.6481972908  33.9628318174  100.0  49.4539066881  
1441316781  0  1600  1975406  934  0  0  42550  0  0  5009  79460  0  163879  0  163879  354  0  258  65393  26683  79460  0  0  0  42550  222653  59071248  0  521175  1192  1901  42.7213507939  37.2902467685  100.0  45.9517617725  
1441316782  0  1600  1980843  949  0  0  43884  0  0  5009  79460  0  164194  1  164195  354  0  258  65393  26676  79460  0  0  0  43884  223994  59080968  0  522840  1341  1665  42.8417871624  39.2124692371  100.0  45.9286832616  
1441316783  0  1600  1980843  949  0  0  43884  0  0  5009  79460  0  164194  1  164195  354  0  258  65393  26676  79460  0  0  0  43884  223994  59080968  0  522840  0  0  42.8417871624  39.2124692371  100.0  45.9286832616  
1441316783  0  1600  1997921  950  0  0  44012  0  0  5009  79460  0  169677  13  169678  354  0  257  65393  26426  79460  0  0  0  44012  225921  59073736  0  530277  1927  7437  42.6043369786  39.957284377  100.0  45.4238294554  
1441316784  0  1600  2003756  959  0  0  44981  0  0  5009  79460  0  169693  1  169694  354  0  256  65393  26236  79460  0  0  0  44981  227080  59077240  0  531455  1159  1178  42.7279826138  41.6731508859  100.0  45.0253304739  
1441316784  0  1600  2010296  1038  0  0  49949  0  0  5009  79460  0  170929  1  170930  354  0  256  65393  27478  79460  0  0  0  49949  230806  59121112  0  536423  3726  4968  43.0268649927  44.9878876454  100.0  47.471194285  
1441316785  0  1600  2016883  1091  0  0  53872  0  0  5009  79460  0  171010  1  171011  354  0  256  65393  27559  79460  0  0  0  53872  235928  59120984  0  541627  5122  5204  43.55912833  48.8435550936  100.0  47.6256976509  
1441316785  0  1600  2022654  1127  0  0  56449  0  0  5009  79460  0  171187  0  171187  354  0  256  65393  27747  79460  0  0  0  56449  238317  59133296  0  544204  2389  2577  43.791850115  50.8458962958  100.0  47.96972702  
1441316786  0  1600  2031731  1129  0  0  56484  0  0  5009  79460  0  171710  0  171710  354  0  256  65393  28270  79460  0  0  0  56484  238479  59133296  0  544889  162  685  43.7665285957  49.9504284399  100.0  48.9322962726  
1441316786  0  1600  2031731  1129  0  0  56484  0  0  5009  79460  0  171710  0  171710  354  0  256  65393  28270  79460  0  0  0  56484  238479  59133296  0  544889  0  0  43.7665285957  49.9504284399  100.0  48.9322962726  
1441316787  0  1600  2043107  1155  0  0  58103  0  0  5009  79460  0  174108  0  174108  354  0  258  65393  30673  79460  0  0  0  58103  239007  59311016  0  547821  528  2932  43.6286670281  47.2092663029  100.0  52.7916130942  
1441316787  0  1600  2051394  1200  0  0  59744  0  0  5009  79460  0  175612  1  175613  354  0  260  65393  32180  79460  0  0  0  59744  239141  59430552  0  549462  134  1641  43.5227549858  46.1368505624  100.0  54.9117087962  
1441316788  0  1600  2067370  1166  0  0  57122  0  0  5009  79460  0  175678  177  175855  354  0  260  65393  32220  79460  0  0  0  57122  240891  58708488  0  551477  1750  2015  43.6810601349  43.5944119604  100.0  55.5148139257  
1441316788  0  1600  2074782  1048  0  0  49877  0  0  5009  79460  0  177657  0  177657  354  0  258  65393  32191  79460  0  0  0  49877  241099  58752912  0  553668  208  2191  43.5457711119  35.4592297051  100.0  55.4410467017  
1441316789  0  1600  2086820  1051  0  0  49518  0  0  5009  79460  0  179356  1  179357  354  0  259  65393  33095  79460  0  0  0  49518  242113  58788032  0  556385  1014  2717  43.5153715503  33.1657175169  100.0  56.6322801783  
1441316789  0  1600  2091565  1064  0  0  50131  0  0  5009  79460  0  179671  0  179671  354  0  259  65393  33411  79460  0  0  0  50131  242410  58806344  0  556998  297  613  43.5208025882  33.3526161457  100.0  57.0290695336  
1441316790  0  1600  2091565  1064  0  0  50131  0  0  5009  79460  0  179671  0  179671  354  0  259  65393  33411  79460  0  0  0  50131  242410  58806344  0  556998  0  0  43.5208025882  33.3526161457  100.0  57.0290695336  
1441316790  0  1600  2100543  1057  0  0  49758  0  0  5009  79460  0  179999  0  179999  354  0  258  65393  32971  79460  0  0  0  49758  242477  58806344  0  557393  67  395  43.5019815462  33.7372884762  100.0  56.4556198534  
1441316791  0  1600  2121178  1008  0  0  45898  0  0  5009  79460  0  183152  1  183153  354  0  260  65393  34698  79460  0  0  0  45898  244934  59470192  0  563020  2457  5627  43.5036055558  24.4019347248  100.0  58.1558307575  
1441316791  0  1600  2125772  1026  0  0  47268  0  0  5009  79460  0  183503  1  183504  354  0  261  65393  35051  79460  0  0  0  47268  245951  59471472  0  564390  1017  1370  43.578199472  25.84623847  100.0  58.5763534742  
1441316792  0  1600  2134713  1081  0  0  50621  0  0  5009  79460  0  185171  1  185172  354  0  261  65393  36510  79460  0  0  0  50621  247845  59485840  0  567958  1894  3568  43.6379098454  27.8757827779  100.0  60.2221031053  
1441316792  0  1600  2144593  1170  0  0  56610  0  0  5009  79460  0  186168  0  186168  354  0  261  65393  37519  79460  0  0  0  56610  252825  60173520  0  573947  4980  5989  44.0502346035  33.7237237237  100.0  60.8443701025  
1441316793  0  1600  2152712  1132  0  0  57960  0  0  5009  79460  0  186583  2  186584  354  0  145  65393  37469  79460  0  1728  0  57960  254242  53444616  1728  577350  1417  3403  44.0360266736  35.3536922015  100.0  65.176540732  
1441316793  0  1600  2152712  1132  0  0  57960  0  0  5009  79460  0  186583  2  186584  354  0  145  65393  37469  79460  0  1728  0  57960  254242  53444616  1728  577350  0  0  44.0360266736  35.3536922015  100.0  65.176540732  
1441316794  0  1600  2161318  1026  0  0  54481  0  0  5009  79460  0  186614  0  186614  354  0  65  65393  37343  79460  0  2900  0  54481  256308  48756320  2900  580552  2066  3202  44.1490167978  31.4568381638  100.0  68.1241506106  
1441316794  0  1600  2165847  1016  0  0  54479  0  0  5009  79460  0  186614  0  186614  354  0  57  65393  37340  79460  0  2974  0  54479  256309  48456224  2974  580624  1  72  44.1437143487  31.4598285578  100.0  68.3178017876  
1441316795  0  1600  2183550  898  0  0  49512  0  0  5009  79460  0  186194  444  186627  354  0  36  65393  36860  79460  0  4079  0  49512  257780  41914560  4079  583501  1471  2877  44.1781590777  25.5534011957  100.0  72.2380714189  
1441316795  0  1600  2191387  899  0  0  49745  0  0  5009  79460  0  185885  770  186627  354  0  36  65393  35525  79460  0  4079  0  49745  259348  40230976  4079  585184  1568  1683  44.3190517854  28.5857875163  100.0  72.3518209008  
1441316796  0  1600  2201542  914  0  0  50876  0  0  5009  79460  0  184973  1755  186627  354  0  37  65393  33343  79460  0  4079  0  50876  262661  34181336  4079  589079  3313  3895  44.5884168337  34.4622218728  100.0  74.9720998879  
1441316796  0  1600  2211902  914  0  0  50513  0  0  5009  79460  0  185135  1612  186627  354  0  36  65393  32737  79460  0  4079  0  50513  262904  34558168  4079  589484  243  405  44.5990052317  35.1909409459  100.0  74.2277767224  
1441316797  0  1600  2211902  914  0  0  50513  0  0  5009  79460  0  185135  1612  186627  354  0  36  65393  32737  79460  0  4079  0  50513  262904  34558168  4079  589484  0  0  44.5990052317  35.1909409459  100.0  74.2277767224  
1441316797  0  1600  2221073  899  0  0  50698  0  0  5009  79460  0  185301  1461  186627  354  0  35  65393  32570  79460  0  4079  0  50698  263256  32137432  4079  590612  352  1128  44.5734255315  35.7568345891  100.0  75.9101850342  
1441316798  0  1600  2239669  863  0  0  47545  0  0  5009  79460  0  183247  3603  186627  354  0  37  65393  30516  79460  0  4079  0  47545  263821  13828312  4079  594383  565  3771  44.3856907078  35.8165948049  100.0  88.9367782987  
1441316798  0  1600  2247330  900  0  0  50107  0  0  5009  79460  0  184611  2239  186627  354  0  37  65393  31880  79460  0  4079  0  50107  265019  13844696  4079  596945  1198  2562  44.3958823677  36.3761550282  100.0  89.3975761155  
1441316799  0  1600  2258352  911  0  0  50896  0  0  5009  79460  0  185604  1268  186627  354  0  39  65393  29800  79460  0  4079  0  50896  267888  14151896  4079  600807  2869  3862  44.5880291009  41.4492298019  100.0  88.4058633075  
1441316799  0  1600  2264266  949  0  0  53145  0  0  5009  79460  0  186790  82  186790  354  0  39  65393  30989  79460  0  4079  0  53145  268948  15088208  4079  603056  1060  2249  44.5975166485  41.6897168125  100.0  88.1130577584  
1441316800  0  1600  2271427  629  0  0  30943  0  0  5009  79460  0  187109  0  187109  354  0  28  65393  8565  79460  0  28266  0  30943  269170  11068760  28266  605068  222  2012  44.4859090218  72.3200723912  100.0  68.4491070126  
1441316800  0  1600  2271427  629  0  0  30943  0  0  5009  79460  0  187109  0  187109  354  0  28  65393  8565  79460  0  28266  0  30943  269170  11068760  28266  605068  0  0  44.4859090218  72.3200723912  100.0  68.4491070126  
1441316801  0  1600  2280070  395  0  0  20745  0  0  5009  79460  0  187345  1  187345  354  0  20  65393  3038  79460  0  40532  0  20745  270154  9596072  40532  607136  984  2068  44.4964554894  85.3555073512  100.0  22.8837717042  
1441316801  0  1600  2285855  106  0  0  4295  0  0  5009  79460  0  188183  1  188184  354  0  12  65393  3339  79460  0  59599  0  4295  270546  7784472  59599  609753  392  2617  44.3697693984  22.2584400466  100.0  43.0815855234  
1441316802  0  1600  2289954  108  0  0  4802  0  0  5009  79460  0  188278  0  188278  354  0  11  65393  3278  79460  0  60357  0  4802  271413  6597536  60357  611018  867  1265  44.4198043266  31.7367763432  100.0  50.8625209732  
1441316802  0  1600  2296839  75  0  0  3881  0  0  5009  79460  0  188631  0  188631  354  0  7  65393  1703  79460  0  64459  0  3881  273048  3562400  64459  614199  1635  3181  44.4559499446  56.1195568153  100.0  48.9297379624  
1441316803  0  1600  2306398  2  0  0  1  0  0  5009  79460  0  189304  0  189304  354  0  1  65393  1  79460  0  74243  0  1  273404  0  71416  617276  356  3077  44.2920184812  0.0  100.0  100.0  
1441316803  0  1600  2312412  0  0  0  0  999  999  6973  79460  0  189479  1  189479  354  0  0  65393  0  79460  0  98304  0  0  273404  0  72423  618282  0  1006  44.2199514138  0 0 0 
1441316804  0  1600  2312412  0  0  0  0  999  999  6973  79460  0  189479  1  189479  354  0  0  65393  0  79460  0  98304  0  0  273404  0  72423  618282  0  0  44.2199514138  0 0 0 
1441316804  0  1600  2317003  0  0  0  0  3162  3162  11444  79460  0  189479  1  189479  354  0  0  65393  0  79460  0  124260  0  0  273404  0  72423  618282  0  0  44.2199514138  0 0 0 
1441316805  0  1600  2324759  0  0  0  0  5046  5046  16304  79460  0  189479  1  189479  354  0  0  65393  0  79460  0  146868  0  0  273404  0  72423  618282  0  0  44.2199514138  0 0 0 
1441316805  0  1600  2337185  0  0  0  0  7719  7719  21926  79460  0  189479  1  189479  354  0  0  65393  0  79460  0  178944  0  0  273404  0  72423  618282  0  0  44.2199514138  0 0 0 
1441316806  0  1600  2346530  0  0  0  0  11197  11197  28220  79460  0  189479  1  189479  354  0  0  65393  0  79460  0  220680  0  0  273404  0  72423  618282  0  0  44.2199514138  0 0 0 
1441316806  0  1600  2353948  0  0  0  0  11666  11666  31097  79460  0  189479  1  189479  354  0  0  65393  0  79460  0  226308  0  0  273404  0  72423  618282  0  0  44.2199514138  0 0 0 
1441316807  0  1600  2359913  0  0  0  0  11969  11969  32507  79460  0  189479  1  189479  354  0  0  65393  0  79460  0  229944  0  0  273404  0  72423  618282  0  0  44.2199514138  0 0 0 
1441316807  0  1600  2359913  0  0  0  0  11969  11969  32507  79460  0  189479  1  189479  354  0  0  65393  0  79460  0  229944  0  0  273404  0  72423  618282  0  0  44.2199514138  0 0 0 
1441316808  0  1600  2367759  0  0  0  0  13383  13383  37857  79460  0  189479  1  189479  354  0  0  65393  0  79460  0  246912  0  0  273404  0  72423  618282  0  0  44.2199514138  0 0 0 
1441316808  0  1600  2375893  0  0  0  0  14796  14796  40778  79460  0  189479  1  189479  354  0  0  65393  0  79460  0  263868  0  0  273404  0  72423  618282  0  0  44.2199514138  0 0 0 
1441316809  0  1600  2383439  0  0  0  0  18079  18079  45629  79460  0  189479  1  189479  354  0  0  65393  0  79460  0  303264  0  0  273404  0  72423  618282  0  0  44.2199514138  0 0 0 
1441316809  0  1600  2390556  0  0  0  0  20916  20916  49746  79460  0  189479  1  189479  354  0  0  65393  0  79460  0  337308  0  0  273404  0  72423  618282  0  0  44.2199514138  0 0 0 
1441316810  0  1600  2399050  0  0  0  0  25066  25066  55880  79460  0  189479  1  189479  354  0  0  65393  0  79460  0  387108  0  0  273404  0  72423  618282  0  0  44.2199514138  0 0 0 
1441316810  0  1600  2408667  0  0  0  0  28387  28387  62785  79460  0  189479  1  189479  354  0  0  65393  0  79460  0  426960  0  0  273404  0  72423  618282  0  0  44.2199514138  0 0 0 
1441316811  0  1600  2408667  0  0  0  0  28387  28387  62785  79460  0  189479  1  189479  354  0  0  65393  0  79460  0  426960  0  0  273404  0  72423  618282  0  0  44.2199514138  0 0 0 
1441316811  0  1600  2415212  0  0  0  0  30257  30257  66511  79460  0  189479  1  189479  354  0  0  65393  0  79460  0  449400  0  0  273404  0  72423  618282  0  0  44.2199514138  0 0 0 
1441316812  0  1600  2423875  0  0  0  0  32070  32070  71556  79460  0  189479  1  189479  354  0  0  65393  0  79460  0  471156  0  0  273404  0  72423  618282  0  0  44.2199514138  0 0 0 
1441316812  0  1600  2432986  0  0  0  0  34954  34954  77416  79460  0  189479  1  189479  354  0  0  65393  0  79460  0  505764  0  0  273404  0  72423  618282  0  0  44.2199514138  0 0 0 
1441316813  0  1600  2441723  0  0  0  0  36808  36808  82694  79460  0  189479  1  189479  354  0  0  65393  0  79460  0  528012  0  0  273404  0  72423  618282  0  0  44.2199514138  0 0 0 
1441316814  0  1600  2450624  0  0  0  0  39900  39900  88922  79460  0  189479  1  189479  354  0  0  65393  0  79460  0  565116  0  0  273404  0  72423  618282  0  0  44.2199514138  0 0 0 
1441316814  0  1600  2459315  0  0  0  0  42238  42238  94625  79460  0  189479  1  189479  354  0  0  65393  0  79460  0  593172  0  0  273404  0  72423  618282  0  0  44.2199514138  0 0 0 
1441316815  0  1600  2459315  0  0  0  0  42238  42238  94625  79460  0  189479  1  189479  354  0  0  65393  0  79460  0  593172  0  0  273404  0  72423  618282  0  0  44.2199514138  0 0 0 
1441316815  0  1600  2464738  0  0  0  0  43422  43422  97601  79460  0  189479  1  189479  354  0  0  65393  0  79460  0  607380  0  0  273404  0  72423  618282  0  0  44.2199514138  0 0 0 
1441316816  0  1600  2474113  0  0  0  0  45112  45112  102919  79460  0  189479  1  189479  354  0  0  65393  0  79460  0  627660  0  0  273404  0  72423  618282  0  0  44.2199514138  0 0 0 
1441316816  0  1600  2479199  0  0  0  0  45896  45896  105495  79460  0  189479  1  189479  354  0  0  65393  0  79460  0  637068  0  0  273404  0  72423  618282  0  0  44.2199514138  0 0 0 
1441316817  0  1600  2483597  0  0  0  0  46606  46606  107906  79460  0  189479  1  189479  354  0  0  65393  0  79460  0  645588  0  0  273404  0  72423  618282  0  0  44.2199514138  0 0 0 
1441316817  0  1600  2489480  0  0  0  0  48515  48515  110045  79460  0  189479  1  189479  354  0  0  65393  0  79460  0  668496  0  0  273404  0  72423  618282  0  0  44.2199514138  0 0 0 
1441316818  0  1600  2497445  0  0  0  0  51376  51376  115049  79460  0  189479  1  189479  354  0  0  65393  0  79460  0  702828  0  0  273404  0  72423  618282  0  0  44.2199514138  0 0 0 
1441316818  0  1600  2497445  0  0  0  0  51376  51376  115049  79460  0  189479  1  189479  354  0  0  65393  0  79460  0  702828  0  0  273404  0  72423  618282  0  0  44.2199514138  0 0 0 
1441316819  0  1600  2503121  0  0  0  0  52904  52904  118785  79460  0  189479  1  189479  354  0  0  65393  0  79460  0  721164  0  0  273404  0  72423  618282  0  0  44.2199514138  0 0 0 
1441316819  0  1600  2512516  0  0  0  0  57118  57118  124771  79460  0  189479  1  189479  354  0  0  65393  0  79460  0  771732  0  0  273404  0  72423  618282  0  0  44.2199514138  0 0 0 
1441316820  0  1600  2520763  0  0  0  0  59903  59903  129348  79460  0  189479  1  189479  354  0  0  65393  0  79460  0  805152  0  0  273404  0  72423  618282  0  0  44.2199514138  0 0 0 
1441316820  0  1600  2527263  0  0  0  0  63258  63258  133663  79460  0  189479  1  189479  354  0  0  65393  0  79460  0  845412  0  0  273404  0  72423  618282  0  0  44.2199514138  0 0 0 
1441316821  0  1600  2535175  0  0  0  0  66195  66195  138456  79460  0  189479  1  189479  354  0  0  65393  0  79460  0  880656  0  0  273404  0  72423  618282  0  0  44.2199514138  0 0 0 
1441316821  0  1600  2544710  0  0  0  0  69451  69451  145424  79460  0  189479  1  189479  354  0  0  65393  0  79460  0  919728  0  0  273404  0  72423  618282  0  0  44.2199514138  0 0 0 
1441316822  0  1600  2544710  0  0  0  0  69451  69451  145424  79460  0  189479  1  189479  354  0  0  65393  0  79460  0  919728  0  0  273404  0  72423  618282  0  0  44.2199514138  0 0 0 
1441316822  0  1600  2552685  0  0  0  0  72211  72211  151900  79460  0  189479  1  189479  354  0  0  65393  0  79460  0  952848  0  0  273404  0  72423  618282  0  0  44.2199514138  0 0 0 
1441316823  0  1600  2561471  0  0  0  0  75405  75405  158086  79460  0  189479  1  189479  354  0  0  65393  0  79460  0  991176  0  0  273404  0  72423  618282  0  0  44.2199514138  0 0 0 
1441316823  0  1600  2569431  0  0  0  0  78356  78356  163663  79460  0  189479  1  189479  354  0  0  65393  0  79460  0  1026588  0  0  273404  0  72423  618282  0  0  44.2199514138  0 0 0 
1441316824  0  1600  2574587  0  0  0  0  78576  78576  166255  79460  0  189479  1  189479  354  0  0  65393  0  79460  0  1029228  0  0  273404  0  72423  618282  0  0  44.2199514138  0 0 0 
1441316824  0  1600  2580256  0  0  0  0  78787  78787  169220  79460  0  189479  1  189479  354  0  0  65393  0  79460  0  1031760  0  0  273404  0  72423  618282  0  0  44.2199514138  0 0 0 
1441316825  0  1600  2588845  0  0  0  0  81637  81637  174711  79460  0  189479  1  189479  354  0  0  65393  0  79460  0  1065960  0  0  273404  0  72423  618282  0  0  44.2199514138  0 0 0 
1441316825  0  1600  2598573  0  0  0  0  84291  84291  180841  79460  0  189479  1  189479  354  0  0  65393  0  79460  0  1097808  0  0  273404  0  72423  618282  0  0  44.2199514138  0 0 0 
1441316826  0  1600  2598573  0  0  0  0  84291  84291  180841  79460  0  189479  1  189479  354  0  0  65393  0  79460  0  1097808  0  0  273404  0  72423  618282  0  0  44.2199514138  0 0 0 
1441316826  0  1600  2607357  0  0  0  0  85920  85920  185741  79460  0  189479  1  189479  354  0  0  65393  0  79460  0  1117356  0  0  273404  0  72423  618282  0  0  44.2199514138  0 0 0 
1441316827  0  1600  2613455  0  0  0  0  86876  86876  189655  79460  0  189479  1  189479  354  0  0  65393  0  79460  0  1128828  0  0  273404  0  72423  618282  0  0  44.2199514138  0 0 0 
1441316827  0  1600  2618968  0  0  0  0  87785  87785  193454  79460  0  189479  1  189479  354  0  0  65393  0  79460  0  1139736  0  0  273404  0  72423  618282  0  0  44.2199514138  0 0 0 
1441316828  0  1600  2626407  0  0  0  0  89074  89074  197476  79460  0  189479  1  189479  354  0  0  65393  0  79460  0  1155204  0  0  273404  0  72423  618282  0  0  44.2199514138  0 0 0 
1441316828  0  1600  2638433  0  0  0  0  92814  92814  204452  79460  0  189479  1  189479  354  0  0  65393  0  79460  0  1200084  0  0  273404  0  72423  618282  0  0  44.2199514138  0 0 0 
1441316829  0  1600  2644443  0  0  0  0  95788  95788  209075  79460  0  189479  1  189479  354  0  0  65393  0  79460  0  1235772  0  0  273404  0  72423  618282  0  0  44.2199514138  0 0 0 
1441316829  0  1600  2644443  0  0  0  0  95788  95788  209075  79460  0  189479  1  189479  354  0  0  65393  0  79460  0  1235772  0  0  273404  0  72423  618282  0  0  44.2199514138  0 0 0 
1441316830  0  1600  2651491  0  0  0  0  99838  99838  215679  79460  0  189479  1  189479  354  0  0  65393  0  79460  0  1284372  0  0  273404  0  72423  618282  0  0  44.2199514138  0 0 0 
1441316830  0  1600  2660200  0  0  0  0  102699  102699  220304  79460  0  189479  1  189479  354  0  0  65393  0  79460  0  1318704  0  0  273404  0  72423  618282  0  0  44.2199514138  0 0 0 
1441316831  0  1600  2667899  0  0  0  0  105620  105620  226333  79460  0  189479  1  189479  354  0  0  65393  0  79460  0  1353756  0  0  273404  0  72423  618282  0  0  44.2199514138  0 0 0 
1441316831  0  1600  2673865  0  0  0  0  108727  108727  231081  79460  0  189479  1  189479  354  0  0  65393  0  79460  0  1391040  0  0  273404  0  72423  618282  0  0  44.2199514138  0 0 0 
1441316832  0  1600  2682201  0  0  0  0  111236  111236  236416  79460  0  189479  1  189479  354  0  0  65393  0  79460  0  1421148  0  0  273404  0  72423  618282  0  0  44.2199514138  0 0 0 
1441316832  0  1600  2689283  0  0  0  0  114006  114006  241419  79460  0  189479  1  189479  354  0  0  65393  0  79460  0  1454388  0  0  273404  0  72423  618282  0  0  44.2199514138  0 0 0 
1441316833  0  1600  2689283  0  0  0  0  114006  114006  241419  79460  0  189479  1  189479  354  0  0  65393  0  79460  0  1454388  0  0  273404  0  72423  618282  0  0  44.2199514138  0 0 0 
1441316833  0  1600  2695158  0  0  0  0  116416  116416  245109  79460  0  189479  1  189479  354  0  0  65393  0  79460  0  1483308  0  0  273404  0  72423  618282  0  0  44.2199514138  0 0 0 
1441316834  0  1600  2700544  0  0  0  0  119795  119795  249512  79460  0  189479  1  189479  354  0  0  65393  0  79460  0  1523856  0  0  273404  0  72423  618282  0  0  44.2199514138  0 0 0 
1441316834  0  1600  2706658  0  0  0  0  123287  123287  255500  79460  0  189479  1  189479  354  0  0  65393  0  79460  0  1565760  0  0  273404  0  72423  618282  0  0  44.2199514138  0 0 0 
1441316835  0  1600  2710807  0  0  0  0  125096  125096  259308  79460  0  189479  1  189479  354  0  0  65393  0  79460  0  1587468  0  0  273404  0  72423  618282  0  0  44.2199514138  0 0 0 
1441316835  0  1600  2716805  0  0  0  0  126675  126675  263867  79460  0  189479  1  189479  354  0  0  65393  0  79460  0  1606416  0  0  273404  0  72423  618282  0  0  44.2199514138  0 0 0 
1441316836  0  1600  2727999  0  0  0  0  129388  129388  269599  79460  0  189479  1  189479  354  0  0  65393  0  79460  0  1638972  0  0  273404  0  72423  618282  0  0  44.2199514138  0 0 0 
1441316836  0  1600  2727999  0  0  0  0  129388  129388  269599  79460  0  189479  1  189479  354  0  0  65393  0  79460  0  1638972  0  0  273404  0  72423  618282  0  0  44.2199514138  0 0 0 
1441316837  0  1600  2739411  0  0  0  0  133491  133491  277610  79460  0  189479  1  189479  354  0  0  65393  0  79460  0  1688208  0  0  273404  0  72423  618282  0  0  44.2199514138  0 0 0 
1441316837  0  1600  2747208  0  0  0  0  134467  134467  281563  79460  0  189479  1  189479  354  0  0  65393  0  79460  0  1699920  0  0  273404  0  72423  618282  0  0  44.2199514138  0 0 0 
1441316838  0  1600  2757377  0  0  0  0  138888  138888  289037  79460  0  189479  1  189479  354  0  0  65393  0  79460  0  1752972  0  0  273404  0  72423  618282  0  0  44.2199514138  0 0 0 
1441316838  0  1600  2766422  0  0  0  0  141132  141132  294097  79460  0  189479  1  189479  354  0  0  65393  0  79460  0  1779900  0  0  273404  0  72423  618282  0  0  44.2199514138  0 0 0 
1441316839  0  1600  2772733  0  0  0  0  142383  142383  296307  79460  0  189479  1  189479  354  0  0  65393  0  79460  0  1794912  0  0  273404  0  72423  618282  0  0  44.2199514138  0 0 0 
1441316839  0  1600  2778219  0  0  0  0  143524  143524  298965  79460  0  189479  1  189479  354  0  0  65393  0  79460  0  1808604  0  0  273404  0  72423  618282  0  0  44.2199514138  0 0 0 
1441316840  0  1600  2778219  0  0  0  0  143524  143524  298965  79460  0  189479  1  189479  354  0  0  65393  0  79460  0  1808604  0  0  273404  0  72423  618282  0  0  44.2199514138  0 0 0 
1441316840  0  1600  2785094  0  0  0  0  145554  145554  302755  79460  0  189479  1  189479  354  0  0  65393  0  79460  0  1832964  0  0  273404  0  72423  618282  0  0  44.2199514138  0 0 0 
1441316841  0  1600  2796777  0  0  0  0  146637  146637  309630  79460  0  189479  1  189479  354  0  0  65393  0  79460  0  1845960  0  0  273404  0  72423  618282  0  0  44.2199514138  0 0 0 
1441316841  0  1600  2806304  0  0  0  0  151670  151670  317770  79460  0  189479  1  189479  354  0  0  65393  0  79460  0  1906356  0  0  273404  0  72423  618282  0  0  44.2199514138  0 0 0 
1441316842  0  1600  2814990  0  0  0  0  154935  154935  322287  79460  0  189479  1  189479  354  0  0  65393  0  79460  0  1945536  0  0  273404  0  72423  618282  0  0  44.2199514138  0 0 0 
1441316842  0  1600  2820987  0  0  0  0  157204  157204  324812  79460  0  189479  1  189479  354  0  0  65393  0  79460  0  1972764  0  0  273404  0  72423  618282  0  0  44.2199514138  0 0 0 
1441316843  0  1600  2828550  0  0  0  0  159722  159722  328866  79460  0  189479  1  189479  354  0  0  65393  0  79460  0  2002980  0  0  273404  0  72423  618282  0  0  44.2199514138  0 0 0 
1441316843  0  1600  2828550  0  0  0  0  159722  159722  328866  79460  0  189479  1  189479  354  0  0  65393  0  79460  0  2002980  0  0  273404  0  72423  618282  0  0  44.2199514138  0 0 0 
1441316844  0  1600  2837588  0  0  0  0  162607  162607  334375  79460  0  189479  1  189479  354  0  0  65393  0  79460  0  2037600  0  0  273404  0  72423  618282  0  0  44.2199514138  0 0 0 
1441316844  0  1600  2844998  0  0  0  0  164707  164707  338939  79460  0  189479  1  189479  354  0  0  65393  0  79460  0  2062800  0  0  273404  0  72423  618282  0  0  44.2199514138  0 0 0 
1441316845  0  1600  2850078  0  0  0  0  166439  166439  342042  79460  0  189479  1  189479  354  0  0  65393  0  79460  0  2083584  0  0  273404  0  72423  618282  0  0  44.2199514138  0 0 0 
1441316845  0  1600  2858696  0  0  0  0  167939  167939  346582  79460  0  189479  1  189479  354  0  0  65393  0  79460  0  2101584  0  0  273404  0  72423  618282  0  0  44.2199514138  0 0 0 
1441316846  0  1600  2864545  0  0  0  0  168916  168916  349685  79460  0  189479  1  189479  354  0  0  65393  0  79460  0  2113308  0  0  273404  0  72423  618282  0  0  44.2199514138  0 0 0 
1441316846  0  1600  2870723  0  0  0  0  169963  169963  353776  79460  0  189479  1  189479  354  0  0  65393  0  79460  0  2125872  0  0  273404  0  72423  618282  0  0  44.2199514138  0 0 0 
1441316847  0  1600  2882353  0  0  0  0  175269  175269  364722  79460  0  189479  1  189479  354  0  0  65393  0  79460  0  2189544  0  0  273404  0  72423  618282  0  0  44.2199514138  0 0 0 
1441316848  0  1600  2882353  0  0  0  0  175269  175269  364722  79460  0  189479  1  189479  354  0  0  65393  0  79460  0  2189544  0  0  273404  0  72423  618282  0  0  44.2199514138  0 0 0 
1441316848  0  1600  2888712  0  0  0  0  179119  179119  370688  79460  0  189479  1  189479  354  0  0  65393  0  79460  0  2235744  0  0  273404  0  72423  618282  0  0  44.2199514138  0 0 0 
1441316849  0  1600  2897578  0  0  0  0  180338  180338  372849  79460  0  189479  1  189479  354  0  0  65393  0  79460  0  2250372  0  0  273404  0  72423  618282  0  0  44.2199514138  0 0 0 
1441316849  0  1600  2905503  0  0  0  0  181317  181317  376182  79460  0  189479  1  189479  354  0  0  65393  0  79460  0  2262120  0  0  273404  0  72423  618282  0  0  44.2199514138  0 0 0 
1441316850  0  1600  2911432  0  0  0  0  181338  181338  378699  79460  0  189479  1  189479  354  0  0  65393  0  79460  0  2262372  0  0  273404  0  72423  618282  0  0  44.2199514138  0 0 0 
1441316850  0  1600  2919213  0  0  0  0  182749  182749  383412  79460  0  189479  1  189479  354  0  0  65393  0  79460  0  2279304  0  0  273404  0  72423  618282  0  0  44.2199514138  0 0 0 
1441316851  0  1600  2929630  0  0  0  0  185535  185535  389717  79460  0  189479  1  189479  354  0  0  65393  0  79460  0  2312736  0  0  273404  0  72423  618282  0  0  44.2199514138  0 0 0 
1441316851  0  1600  2929630  0  0  0  0  185535  185535  389717  79460  0  189479  1  189479  354  0  0  65393  0  79460  0  2312736  0  0  273404  0  72423  618282  0  0  44.2199514138  0 0 0 
1441316852  0  1600  2937018  0  0  0  0  188024  188024  394479  79460  0  189479  1  189479  354  0  0  65393  0  79460  0  2342604  0  0  273404  0  72423  618282  0  0  44.2199514138  0 0 0 
1441316852  0  1600  2945112  0  0  0  0  190976  190976  399049  79460  0  189479  1  189479  354  0  0  65393  0  79460  0  2378028  0  0  273404  0  72423  618282  0  0  44.2199514138  0 0 0 
1441316853  0  1600  2952901  0  0  0  0  193215  193215  404620  79460  0  189479  1  189479  354  0  0  65393  0  79460  0  2404896  0  0  273404  0  72423  618282  0  0  44.2199514138  0 0 0 
1441316853  0  1600  2963501  0  0  0  0  198596  198596  413650  79460  0  189479  1  189479  354  0  0  65393  0  79460  0  2469468  0  0  273404  0  72423  618282  0  0  44.2199514138  0 0 0 
1441316854  0  1600  2973496  0  0  0  0  204326  204326  422740  79460  0  189479  1  189479  354  0  0  65393  0  79460  0  2538228  0  0  273404  0  72423  618282  0  0  44.2199514138  0 0 0 
1441316854  0  1600  2981436  0  0  0  0  206083  206083  427641  79460  0  189479  1  189479  354  0  0  65393  0  79460  0  2559312  0  0  273404  0  72423  618282  0  0  44.2199514138  0 0 0 
1441316855  0  1600  2981436  0  0  0  0  206083  206083  427641  79460  0  189479  1  189479  354  0  0  65393  0  79460  0  2559312  0  0  273404  0  72423  618282  0  0  44.2199514138  0 0 0 
1441316855  0  1600  2988997  0  0  0  0  206414  206414  430308  79460  0  189479  1  189479  354  0  0  65393  0  79460  0  2563284  0  0  273404  0  72423  618282  0  0  44.2199514138  0 0 0 
1441316856  0  1600  2995953  0  0  0  0  208326  208326  434976  79460  0  189479  1  189479  354  0  0  65393  0  79460  0  2586228  0  0  273404  0  72423  618282  0  0  44.2199514138  0 0 0 
1441316856  0  1600  3003266  0  0  0  0  210111  210111  439897  79460  0  189479  1  189479  354  0  0  65393  0  79460  0  2607648  0  0  273404  0  72423  618282  0  0  44.2199514138  0 0 0 
1441316857  0  1600  3010895  0  0  0  0  213675  213675  447109  79460  0  189479  1  189479  354  0  0  65393  0  79460  0  2650416  0  0  273404  0  72423  618282  0  0  44.2199514138  0 0 0 
1441316857  0  1600  3020535  0  0  0  0  218342  218342  454784  79460  0  189479  1  189479  354  0  0  65393  0  79460  0  2706420  0  0  273404  0  72423  618282  0  0  44.2199514138  0 0 0 
1441316858  0  1600  3025144  0  0  0  0  218741  218741  457489  79460  0  189479  1  189479  354  0  0  65393  0  79460  0  2711208  0  0  273404  0  72423  618282  0  0  44.2199514138  0 0 0 
1441316858  0  1600  3025144  0  0  0  0  218741  218741  457489  79460  0  189479  1  189479  354  0  0  65393  0  79460  0  2711208  0  0  273404  0  72423  618282  0  0  44.2199514138  0 0 0 
1441316859  0  1600  3033124  0  0  0  0  221212  221212  462680  79460  0  189479  1  189479  354  0  0  65393  0  79460  0  2740860  0  0  273404  0  72423  618282  0  0  44.2199514138  0 0 0 
1441316859  0  1600  3041968  0  0  0  0  223048  223048  466599  79460  0  189479  1  189479  354  0  0  65393  0  79460  0  2762892  0  0  273404  0  72423  618282  0  0  44.2199514138  0 0 0 
1441316860  0  1600  3052111  0  0  0  0  225372  225372  469914  79460  0  189479  1  189479  354  0  0  65393  0  79460  0  2790780  0  0  273404  0  72423  618282  0  0  44.2199514138  0 0 0 
1441316860  0  1600  3056039  0  0  0  0  226233  226233  473655  79460  0  189479  1  189479  354  0  0  65393  0  79460  0  2801112  0  0  273404  0  72423  618282  0  0  44.2199514138  0 0 0 
1441316861  0  1600  3064685  0  0  0  0  228579  228579  479109  79460  0  189479  1  189479  354  0  0  65393  0  79460  0  2829264  0  0  273404  0  72423  618282  0  0  44.2199514138  0 0 0 
1441316861  0  1600  3073413  0  0  0  0  231651  231651  484101  79460  0  189479  1  189479  354  0  0  65393  0  79460  0  2866128  0  0  273404  0  72423  618282  0  0  44.2199514138  0 0 0 
1441316862  0  1600  3073413  0  0  0  0  231651  231651  484101  79460  0  189479  1  189479  354  0  0  65393  0  79460  0  2866128  0  0  273404  0  72423  618282  0  0  44.2199514138  0 0 0 
1441316862  0  1600  3081684  0  0  0  0  235327  235327  489312  79460  0  189479  1  189479  354  0  0  65393  0  79460  0  2910240  0  0  273404  0  72423  618282  0  0  44.2199514138  0 0 0 
1441316863  0  1600  3088034  0  0  0  0  237193  237193  493034  79460  0  189479  1  189479  354  0  0  65393  0  79460  0  2932632  0  0  273404  0  72423  618282  0  0  44.2199514138  0 0 0 
1441316863  0  1600  3093183  0  0  0  0  238649  238649  497082  79460  0  189479  1  189479  354  0  0  65393  0  79460  0  2950104  0  0  273404  0  72423  618282  0  0  44.2199514138  0 0 0 
1441316864  0  1600  3097881  0  0  0  0  240484  240484  501066  79460  0  189479  1  189479  354  0  0  65393  0  79460  0  2972124  0  0  273404  0  72423  618282  0  0  44.2199514138  0 0 0 
1441316864  0  1600  3106933  0  0  0  0  243929  243929  505823  79460  0  189479  1  189479  354  0  0  65393  0  79460  0  3013464  0  0  273404  0  72423  618282  0  0  44.2199514138  0 0 0 
1441316865  0  1600  3115291  0  0  0  0  248063  248063  511909  79460  0  189479  1  189479  354  0  0  65393  0  79460  0  3063072  0  0  273404  0  72423  618282  0  0  44.2199514138  0 0 0 
1441316865  0  1600  3115291  0  0  0  0  248063  248063  511909  79460  0  189479  1  189479  354  0  0  65393  0  79460  0  3063072  0  0  273404  0  72423  618282  0  0  44.2199514138  0 0 0 
1441316866  0  1600  3123454  0  0  0  0  250301  250301  516849  79460  0  189479  1  189479  354  0  0  65393  0  79460  0  3089928  0  0  273404  0  72423  618282  0  0  44.2199514138  0 0 0 
1441316866  0  1600  3130933  0  0  0  0  250992  250992  519748  79460  0  189479  1  189479  354  0  0  65393  0  79460  0  3098220  0  0  273404  0  72423  618282  0  0  44.2199514138  0 0 0 
1441316867  0  1600  3138162  0  0  0  0  252883  252883  523911  79460  0  189479  1  189479  354  0  0  65393  0  79460  0  3120912  0  0  273404  0  72423  618282  0  0  44.2199514138  0 0 0 
1441316867  0  1600  3144798  0  0  0  0  255536  255536  529189  79460  0  189479  1  189479  354  0  0  65393  0  79460  0  3152748  0  0  273404  0  72423  618282  0  0  44.2199514138  0 0 0 
1441316868  0  1600  3152293  0  0  0  0  257721  257721  533875  79460  0  189479  1  189479  354  0  0  65393  0  79460  0  3178968  0  0  273404  0  72423  618282  0  0  44.2199514138  0 0 0 
1441316868  0  1600  3159912  0  0  0  0  259403  259403  538277  79460  0  189479  1  189479  354  0  0  65393  0  79460  0  3199152  0  0  273404  0  72423  618282  0  0  44.2199514138  0 0 0 
1441316869  0  1600  3159912  0  0  0  0  259403  259403  538277  79460  0  189479  1  189479  354  0  0  65393  0  79460  0  3199152  0  0  273404  0  72423  618282  0  0  44.2199514138  0 0 0 
1441316869  0  1600  3166026  0  0  0  0  260422  260422  542304  79460  0  189479  1  189479  354  0  0  65393  0  79460  0  3211380  0  0  273404  0  72423  618282  0  0  44.2199514138  0 0 0 
1441316870  0  1600  3174202  0  0  0  0  261039  261039  545001  79460  0  189479  1  189479  354  0  0  65393  0  79460  0  3218784  0  0  273404  0  72423  618282  0  0  44.2199514138  0 0 0 
1441316870  0  1600  3182915  0  0  0  0  266623  266623  551901  79460  0  189479  1  189479  354  0  0  65393  0  79460  0  3285792  0  0  273404  0  72423  618282  0  0  44.2199514138  0 0 0 
1441316871  0  1600  3189507  0  0  0  0  267695  267695  554189  79460  0  189479  1  189479  354  0  0  65393  0  79460  0  3298656  0  0  273404  0  72423  618282  0  0  44.2199514138  0 0 0 
1441316871  0  1600  3198480  0  0  0  0  269377  269377  558047  79460  0  189479  1  189479  354  0  0  65393  0  79460  0  3318840  0  0  273404  0  72423  618282  0  0  44.2199514138  0 0 0 
1441316872  0  1600  3206075  0  0  0  0  271231  271231  562953  79460  0  189479  1  189479  354  0  0  65393  0  79460  0  3341088  0  0  273404  0  72423  618282  0  0  44.2199514138  0 0 0 
1441316872  0  1600  3206075  0  0  0  0  271231  271231  562953  79460  0  189479  1  189479  354  0  0  65393  0  79460  0  3341088  0  0  273404  0  72423  618282  0  0  44.2199514138  0 0 0 
1441316873  0  1600  3212762  0  0  0  0  273185  273185  567691  79460  0  189479  1  189479  354  0  0  65393  0  79460  0  3364536  0  0  273404  0  72423  618282  0  0  44.2199514138  0 0 0 
1441316873  0  1600  3222542  0  0  0  0  275110  275110  573616  79460  0  189479  1  189479  354  0  0  65393  0  79460  0  3387636  0  0  273404  0  72423  618282  0  0  44.2199514138  0 0 0 
1441316874  0  1600  3231250  0  0  0  0  278593  278593  579915  79460  0  189479  1  189479  354  0  0  65393  0  79460  0  3429432  0  0  273404  0  72423  618282  0  0  44.2199514138  0 0 0 
1441316874  0  1600  3239486  0  0  0  0  281834  281834  586292  79460  0  189479  1  189479  354  0  0  65393  0  79460  0  3468324  0  0  273404  0  72423  618282  0  0  44.2199514138  0 0 0 
1441316875  0  1600  3247785  0  0  0  0  284553  284553  591923  79460  0  189479  1  189479  354  0  0  65393  0  79460  0  3500952  0  0  273404  0  72423  618282  0  0  44.2199514138  0 0 0 
1441316875  0  1600  3257477  0  0  0  0  289269  289269  599171  79460  0  189479  1  189479  354  0  0  65393  0  79460  0  3557544  0  0  273404  0  72423  618282  0  0  44.2199514138  0 0 0 
1441316876  0  1600  3257477  0  0  0  0  289269  289269  599171  79460  0  189479  1  189479  354  0  0  65393  0  79460  0  3557544  0  0  273404  0  72423  618282  0  0  44.2199514138  0 0 0 
1441316876  0  1600  3263458  0  0  0  0  290274  290274  601112  79460  0  189479  1  189479  354  0  0  65393  0  79460  0  3569604  0  0  273404  0  72423  618282  0  0  44.2199514138  0 0 0 
1441316877  0  1600  3272659  0  0  0  0  291010  291010  604632  79460  0  189479  1  189479  354  0  0  65393  0  79460  0  3578436  0  0  273404  0  72423  618282  0  0  44.2199514138  0 0 0 
1441316877  0  1600  3278716  0  0  0  0  292243  292243  608393  79460  0  189479  1  189479  354  0  0  65393  0  79460  0  3593232  0  0  273404  0  72423  618282  0  0  44.2199514138  0 0 0 
1441316878  0  1600  3285975  0  0  0  0  293812  293812  612878  79460  0  189479  1  189479  354  0  0  65393  0  79460  0  3612060  0  0  273404  0  72423  618282  0  0  44.2199514138  0 0 0 
1441316878  0  1600  3293632  0  0  0  0  296518  296518  617762  79460  0  189479  1  189479  354  0  0  65393  0  79460  0  3644532  0  0  273404  0  72423  618282  0  0  44.2199514138  0 0 0 
1441316879  0  1600  3301224  0  0  0  0  299622  299622  623413  79460  0  189479  1  189479  354  0  0  65393  0  79460  0  3681780  0  0  273404  0  72423  618282  0  0  44.2199514138  0 0 0 
1441316879  0  1600  3301224  0  0  0  0  299622  299622  623413  79460  0  189479  1  189479  354  0  0  65393  0  79460  0  3681780  0  0  273404  0  72423  618282  0  0  44.2199514138  0 0 0 
1441316880  0  1600  3307652  0  0  0  0  301931  301931  628890  79460  0  189479  1  189479  354  0  0  65393  0  79460  0  3709488  0  0  273404  0  72423  618282  0  0  44.2199514138  0 0 0 
1441316880  0  1600  3315290  0  0  0  0  305052  305052  634035  79460  0  189479  1  189479  354  0  0  65393  0  79460  0  3746940  0  0  273404  0  72423  618282  0  0  44.2199514138  0 0 0 
1441316881  0  1600  3327572  0  0  0  0  309447  309447  641190  79460  0  189479  1  189479  354  0  0  65393  0  79460  0  3799680  0  0  273404  0  72423  618282  0  0  44.2199514138  0 0 0 
1441316881  0  1600  3337130  0  0  0  0  312492  312492  647630  79460  0  189479  1  189479  354  0  0  65393  0  79460  0  3836220  0  0  273404  0  72423  618282  0  0  44.2199514138  0 0 0 
1441316882  0  1600  3344555  0  0  0  0  314013  314013  652415  79460  0  189479  1  189479  354  0  0  65393  0  79460  0  3854472  0  0  273404  0  72423  618282  0  0  44.2199514138  0 0 0 
1441316883  0  1600  3352914  0  0  0  0  314682  314682  656252  79460  0  189479  1  189479  354  0  0  65393  0  79460  0  3862500  0  0  273404  0  72423  618282  0  0  44.2199514138  0 0 0 
1441316883  0  1600  3352914  0  0  0  0  314682  314682  656252  79460  0  189479  1  189479  354  0  0  65393  0  79460  0  3862500  0  0  273404  0  72423  618282  0  0  44.2199514138  0 0 0 
1441316884  0  1600  3362898  0  0  0  0  317940  317940  662966  79460  0  189479  1  189479  354  0  0  65393  0  79460  0  3901596  0  0  273404  0  72423  618282  0  0  44.2199514138  0 0 0 
1441316884  0  1600  3373157  0  0  0  0  321122  321122  669358  79460  0  189479  1  189479  354  0  0  65393  0  79460  0  3939780  0  0  273404  0  72423  618282  0  0  44.2199514138  0 0 0 
1441316885  0  1600  3380266  0  0  0  0  324330  324330  674486  79460  0  189479  1  189479  354  0  0  65393  0  79460  0  3978276  0  0  273404  0  72423  618282  0  0  44.2199514138  0 0 0 
1441316885  0  1600  3385917  0  0  0  0  325114  325114  676358  79460  0  189479  1  189479  354  0  0  65393  0  79460  0  3987684  0  0  273404  0  72423  618282  0  0  44.2199514138  0 0 0 
1441316886  0  1600  3392701  0  0  0  0  328587  328587  681333  79460  0  189479  1  189479  354  0  0  65393  0  79460  0  4029360  0  0  273404  0  72423  618282  0  0  44.2199514138  0 0 0 
1441316886  0  1600  3397015  0  0  0  0  330163  330163  683179  79460  0  189479  1  189479  354  0  0  65393  0  79460  0  4048272  0  0  273404  0  72423  618282  0  0  44.2199514138  0 0 0 
1441316887  0  1600  3397015  0  0  0  0  330163  330163  683179  79460  0  189479  1  189479  354  0  0  65393  0  79460  0  4048272  0  0  273404  0  72423  618282  0  0  44.2199514138  0 0 0 
1441316887  0  1600  3404555  0  0  0  0  331693  331693  686277  79460  0  189479  1  189479  354  0  0  65393  0  79460  0  4066632  0  0  273404  0  72423  618282  0  0  44.2199514138  0 0 0 
1441316888  0  1600  3411950  0  0  0  0  333247  333247  689911  79460  0  189479  1  189479  354  0  0  65393  0  79460  0  4085280  0  0  273404  0  72423  618282  0  0  44.2199514138  0 0 0 
1441316888  0  1600  3420859  0  0  0  0  335774  335774  696381  79460  0  189479  1  189479  354  0  0  65393  0  79460  0  4115604  0  0  273404  0  72423  618282  0  0  44.2199514138  0 0 0 
1441316889  0  1600  3429155  0  0  0  0  340503  340503  702838  79460  0  189479  1  189479  354  0  0  65393  0  79460  0  4172352  0  0  273404  0  72423  618282  0  0  44.2199514138  0 0 0 
1441316889  0  1600  3439326  0  0  0  0  344858  344858  710137  79460  0  189479  1  189479  354  0  0  65393  0  79460  0  4224612  0  0  273404  0  72423  618282  0  0  44.2199514138  0 0 0 
1441316890  0  1600  3447838  0  0  0  0  347356  347356  715496  79460  0  189479  1  189479  354  0  0  65393  0  79460  0  4254588  0  0  273404  0  72423  618282  0  0  44.2199514138  0 0 0 
1441316890  0  1600  3447838  0  0  0  0  347356  347356  715496  79460  0  189479  1  189479  354  0  0  65393  0  79460  0  4254588  0  0  273404  0  72423  618282  0  0  44.2199514138  0 0 0 
1441316891  0  1600  3453536  0  0  0  0  349038  349038  719358  79460  0  189479  1  189479  354  0  0  65393  0  79460  0  4274772  0  0  273404  0  72423  618282  0  0  44.2199514138  0 0 0 
1441316891  0  1600  3461701  0  0  0  0  350453  350453  724933  79460  0  189479  1  189479  354  0  0  65393  0  79460  0  4291752  0  0  273404  0  72423  618282  0  0  44.2199514138  0 0 0 
1441316892  0  1600  3474808  0  0  0  0  352734  352734  733750  79460  0  189479  1  189479  354  0  0  65393  0  79460  0  4319124  0  0  273404  0  72423  618282  0  0  44.2199514138  0 0 0 
1441316892  0  1600  3484147  0  0  0  0  355653  355653  738538  79460  0  189479  1  189479  354  0  0  65393  0  79460  0  4354152  0  0  273404  0  72423  618282  0  0  44.2199514138  0 0 0 
1441316893  0  1600  3491874  0  0  0  0  356681  356681  741390  79460  0  189479  1  189479  354  0  0  65393  0  79460  0  4366488  0  0  273404  0  72423  618282  0  0  44.2199514138  0 0 0 
1441316893  0  1600  3497154  0  0  0  0  357549  357549  744293  79460  0  189479  1  189479  354  0  0  65393  0  79460  0  4376904  0  0  273404  0  72423  618282  0  0  44.2199514138  0 0 0 
1441316894  0  1600  3497154  0  0  0  0  357549  357549  744293  79460  0  189479  1  189479  354  0  0  65393  0  79460  0  4376904  0  0  273404  0  72423  618282  0  0  44.2199514138  0 0 0 
