#type:T;
#time  gt  cn  Pt  Px  gx  cx  gn  gm  Pn  Pm  Ft  cm  pt  Fx  px  ct  pn  Fm  Fn  pm  dn  On  Om  dm  dx  Ox  dt  Ot  Gt  Cn  Cm  Gx  Cx  Gn  Gm  Ct  
1441333574  4058567  0  0  0  12276  0  4895  157  0  2147483647  14528  2147483647  0  2123  0  0  0  211  21  2147483647  0  46  257  2147483647  0  4138  0  47620  0  0  2147483647  0  0  0  2147483647  0  
1441333575  4060823  0  0  0  12276  0  4896  157  0  2147483647  14528  2147483647  0  2123  0  0  0  211  21  2147483647  0  47  257  2147483647  0  4138  0  50276  0  0  2147483647  0  0  0  2147483647  0  
1441333575  4060823  0  0  0  12276  0  4896  157  0  2147483647  14528  2147483647  0  2123  0  0  0  211  21  2147483647  0  47  257  2147483647  0  4138  0  50276  0  0  2147483647  0  0  0  2147483647  0  
1441333576  4060823  0  0  0  12276  0  4896  157  0  2147483647  14528  2147483647  0  2123  0  0  0  211  21  2147483647  0  47  257  2147483647  0  4138  0  50276  0  0  2147483647  0  0  0  2147483647  0  
1441333576  4060823  0  0  0  12276  0  4896  157  0  2147483647  14528  2147483647  0  2123  0  0  0  211  21  2147483647  0  47  257  2147483647  0  4138  0  50276  0  0  2147483647  0  0  0  2147483647  0  
1441333577  4060823  0  0  0  12276  0  4896  157  0  2147483647  14528  2147483647  0  2123  0  0  0  211  21  2147483647  0  47  257  2147483647  0  4138  0  50276  0  0  2147483647  0  0  0  2147483647  0  
1441333577  4060823  0  0  0  12276  0  4896  157  0  2147483647  14528  2147483647  0  2123  0  0  0  211  21  2147483647  0  47  257  2147483647  0  4138  0  50276  0  0  2147483647  0  0  0  2147483647  0  
1441333578  4060823  0  0  0  12276  0  4896  157  0  2147483647  14528  2147483647  0  2123  0  0  0  211  21  2147483647  0  47  257  2147483647  0  4138  0  50276  0  0  2147483647  0  0  0  2147483647  0  
1441333578  4060823  0  0  0  12276  0  4896  157  0  2147483647  14528  2147483647  0  2123  0  0  0  211  21  2147483647  0  47  257  2147483647  0  4138  0  50276  0  0  2147483647  0  0  0  2147483647  0  
1441333579  4060823  0  0  0  12276  0  4896  157  0  2147483647  14528  2147483647  0  2123  0  0  0  211  21  2147483647  0  47  257  2147483647  0  4138  0  50276  0  0  2147483647  0  0  0  2147483647  0  
1441333579  4060823  0  0  0  12276  0  4896  157  0  2147483647  14528  2147483647  0  2123  0  0  0  211  21  2147483647  0  47  257  2147483647  0  4138  0  50276  0  0  2147483647  0  0  0  2147483647  0  
1441333580  4060823  0  0  0  12276  0  4896  157  0  2147483647  14528  2147483647  0  2123  0  0  0  211  21  2147483647  0  47  257  2147483647  0  4138  0  50276  0  0  2147483647  0  0  0  2147483647  0  
1441333580  4060823  0  0  0  12276  0  4896  157  0  2147483647  14528  2147483647  0  2123  0  0  0  211  21  2147483647  0  47  257  2147483647  0  4138  0  50276  0  0  2147483647  0  0  0  2147483647  0  
1441333581  4060823  0  0  0  12276  0  4896  157  0  2147483647  14528  2147483647  0  2123  0  0  0  211  21  2147483647  0  47  257  2147483647  0  4138  0  50276  0  0  2147483647  0  0  0  2147483647  0  
1441333581  4060823  0  0  0  12276  0  4896  157  0  2147483647  14528  2147483647  0  2123  0  0  0  211  21  2147483647  0  47  257  2147483647  0  4138  0  50276  0  0  2147483647  0  0  0  2147483647  0  
1441333582  4060823  0  0  0  12276  0  4896  157  0  2147483647  14528  2147483647  0  2123  0  0  0  211  21  2147483647  0  47  257  2147483647  0  4138  0  50276  0  0  2147483647  0  0  0  2147483647  0  
1441333582  4060823  0  0  0  12276  0  4896  157  0  2147483647  14528  2147483647  0  2123  0  0  0  211  21  2147483647  0  47  257  2147483647  0  4138  0  50276  0  0  2147483647  0  0  0  2147483647  0  
1441333583  4060823  0  0  0  12276  0  4896  157  0  2147483647  14528  2147483647  0  2123  0  0  0  211  21  2147483647  0  47  257  2147483647  0  4138  0  50276  0  0  2147483647  0  0  0  2147483647  0  
1441333583  4060823  0  0  0  12276  0  4896  157  0  2147483647  14528  2147483647  0  2123  0  0  0  211  21  2147483647  0  47  257  2147483647  0  4138  0  50276  0  0  2147483647  0  0  0  2147483647  0  
1441333584  4060823  0  0  0  12276  0  4896  157  0  2147483647  14528  2147483647  0  2123  0  0  0  211  21  2147483647  0  47  257  2147483647  0  4138  0  50276  0  0  2147483647  0  0  0  2147483647  0  
1441333584  4063364  0  0  0  12276  0  4897  157  0  2147483647  14528  2147483647  0  2123  0  0  0  211  21  2147483647  0  47  257  2147483647  0  4138  0  50276  0  0  2147483647  0  0  0  2147483647  0  
1441333585  4219398  3422  224717266  396304  12276  390367  5009  157  3417  6669  42863  5831  440175  2123  115529  222223154  5  211  117  62551  0  248  242  2147483647  0  82387  0  849557  1848894  13  396  39435  599  64  4225  6567  
1441333586  4344865  3422  224717266  396304  12276  390367  5091  157  3417  6669  42863  5831  440175  2123  115529  222223154  5  211  117  62551  0  248  242  2147483647  0  82387  0  849557  17223511  13  396  150753  599  229  4225  6567  
1441333586  4483142  3422  224717266  396304  12276  390367  5196  157  3417  6669  42863  5831  440175  2123  115529  222223154  5  211  117  62551  0  248  242  2147483647  0  82387  0  849557  25939308  16  396  154008  3860  317  4225  17573  
1441333587  4483142  3422  224717266  396304  12276  390367  5196  157  3417  6669  42863  5831  440175  2123  115529  222223154  5  211  117  62551  0  248  242  2147483647  0  82387  0  849557  25939308  16  396  154008  3860  317  4225  17573  
1441333587  4483142  3422  224717266  396304  12276  390367  5196  157  3417  6669  42863  5831  440175  2123  115529  222223154  5  211  117  62551  0  248  242  2147483647  0  82387  0  849557  25939308  16  396  154008  3860  317  4225  17573  
1441333588  4483142  3422  224717266  396304  12276  390367  5196  157  3417  6669  42863  5831  440175  2123  115529  222223154  5  211  117  62551  0  248  242  2147483647  0  82387  0  849557  25939308  16  396  154008  3860  317  4225  17573  
1441333588  4483142  3422  224717266  396304  12276  390367  5196  157  3417  6669  42863  5831  440175  2123  115529  222223154  5  211  117  62551  0  248  242  2147483647  0  82387  0  849557  25939308  16  396  154008  3860  317  4225  17573  
1441333589  4483142  3422  224717266  396304  12276  390367  5196  157  3417  6669  42863  5831  440175  2123  115529  222223154  5  211  117  62551  0  248  242  2147483647  0  82387  0  849557  25939308  16  396  154008  3860  317  4225  17573  
1441333589  4483142  3422  224717266  396304  12276  390367  5196  157  3417  6669  42863  5831  440175  2123  115529  222223154  5  211  117  62551  0  248  242  2147483647  0  82387  0  849557  25939308  16  396  154008  3860  317  4225  17573  
1441333590  4483142  3422  224717266  396304  12276  390367  5196  157  3417  6669  42863  5831  440175  2123  115529  222223154  5  211  117  62551  0  248  242  2147483647  0  82387  0  849557  25939308  16  396  154008  3860  317  4225  17573  
1441333590  4483142  3422  224717266  396304  12276  390367  5196  157  3417  6669  42863  5831  440175  2123  115529  222223154  5  211  117  62551  0  248  242  2147483647  0  82387  0  849557  25939308  16  396  154008  3860  317  4225  17573  
1441333591  4483142  3422  224717266  396304  12276  390367  5196  157  3417  6669  42863  5831  440175  2123  115529  222223154  5  211  117  62551  0  248  242  2147483647  0  82387  0  849557  25939308  16  396  154008  3860  317  4225  17573  
1441333591  4483142  3422  224717266  396304  12276  390367  5196  157  3417  6669  42863  5831  440175  2123  115529  222223154  5  211  117  62551  0  248  242  2147483647  0  82387  0  849557  25939308  16  396  154008  3860  317  4225  17573  
1441333592  4483142  3862  255128312  396304  12276  390367  5196  157  3845  6669  1384329  5831  1258168  3835  115529  252946159  17  205  5584  59946  0  248  242  2147483647  0  82387  0  849557  25939308  35  396  154008  3860  317  4225  28140  
1441333592  4483142  3862  255128312  396304  12276  390367  5196  157  3845  6669  1384329  5831  1258168  3835  115529  252946159  17  205  5584  59946  0  248  242  2147483647  0  82387  0  849557  25939308  35  396  154008  3860  317  4225  28140  
1441333593  4483142  3862  255128312  396304  12276  390367  5196  157  3845  6669  3463753  5831  1258168  5544  115529  252946159  17  205  14079  59946  0  248  242  2147483647  0  82387  0  849557  25939308  35  396  154008  3860  317  4225  28140  
1441333593  4483142  3862  255128312  396304  12276  390367  5196  157  3845  6669  5744451  5831  1258168  5544  115529  252946159  17  205  23130  59946  0  248  242  2147483647  0  82387  0  849557  25939308  35  396  154008  3860  317  4225  28140  
1441333594  4483142  3862  255128312  396304  12276  390367  5196  157  3845  6669  6830748  5831  1258168  7595  115529  252946159  17  205  26727  59946  0  248  242  2147483647  0  82387  0  849557  25939308  35  396  154008  3860  317  4225  28140  
1441333594  4483553  3862  255128312  396304  12276  390367  5197  157  3845  6669  14162354  5831  1258168  7595  115529  252946159  17  205  57092  59946  0  248  242  2147483647  0  82387  0  849557  27887957  35  396  154008  3860  398  4225  28140  
1441333595  4483553  3862  255128312  396304  12276  390367  5197  157  3845  6669  14352415  5831  1258168  7998  115529  252946159  17  205  57685  59946  0  248  242  2147483647  0  82387  0  849557  27887957  35  396  154008  3860  398  4225  28140  
1441333595  4521564  4383  308272566  396304  12276  390367  5325  157  4366  6669  19906739  5831  1258168  7998  115529  305285054  17  205  75034  59946  0  248  242  2147483647  0  82387  0  849557  28318269  37  396  158457  3860  401  4225  29253  
1441333596  4521564  4383  308272566  396304  12276  390367  5325  157  4366  6669  19906739  5831  1258168  7998  115529  305285054  17  205  75034  59946  0  248  242  2147483647  0  82387  0  849557  28318269  37  396  158457  3860  401  4225  29253  
1441333596  5799322  4620  343722237  524954  12276  510353  6733  157  4602  6669  24981207  5831  1359295  13066  115529  339866697  18  205  80715  59946  0  249  242  2147483647  0  82387  0  857555  28318269  101  396  158457  3860  401  4225  137135  
1441333597  8973239  4684  366146704  565967  12276  547320  9636  157  4666  6669  30204895  5831  1359295  15128  115529  361623583  18  205  86104  59946  0  251  242  2147483647  0  82387  0  867894  28318269  142  396  158457  3860  401  4225  205621  
1441333597  11576739  4773  391666095  690076  12276  653000  11909  157  4755  6669  35512907  5831  1359295  15128  115529  386100342  18  205  91690  59946  0  252  242  2147483647  0  82387  0  874947  28391115  262  393  158457  3860  432  1987  343676  
1441333598  13654951  4792  398690192  690076  12276  653000  13781  157  4774  6669  41105145  5831  1359295  15128  115529  392824207  18  205  98008  59946  0  253  242  2147483647  0  82387  0  879024  28460958  286  393  158457  4681  437  1987  395154  
1441333598  14098672  4836  402750793  690076  12276  653000  14289  157  4818  6669  46172727  5831  1359295  15128  115529  396705804  18  205  103879  59946  0  254  242  2147483647  0  82387  0  881958  28460958  330  381  158457  4681  437  1987  417550  
1441333599  17609208  4909  430635386  690076  13268  653000  17654  157  4891  6669  50948768  5831  1359295  15128  115529  423444183  18  205  109289  59946  0  254  242  2147483647  0  82387  0  881958  28592104  416  381  158457  14306  450  1987  582163  
1441333599  17609208  4909  430635386  690076  13268  653000  17654  157  4891  6669  50948768  5831  1359295  15128  115529  423444183  18  205  109289  59946  0  254  242  2147483647  0  82387  0  881958  28592104  416  381  158457  14306  450  1987  582163  
1441333600  20871771  5100  494813541  690076  13268  653000  20575  157  5081  6669  55500117  5831  1749973  15128  390678  486264422  19  205  114080  59946  0  255  242  2147483647  0  82387  0  885725  28725465  535  381  158457  14306  461  1987  794426  
1441333600  23392815  5136  498344046  690076  13268  653000  22773  157  5117  6669  59637541  5831  1749973  15128  390678  489635490  19  205  118762  59946  0  259  242  2147483647  0  82387  0  940255  28725465  571  381  158457  14306  461  1987  812295  
1441333601  26972367  5312  552818135  690076  13268  653000  26037  157  5293  6669  62242013  5831  1749973  15128  390678  541994221  19  205  121482  59946  0  259  242  2147483647  0  82387  0  940255  28725465  739  381  158457  14306  461  1987  1056987  
1441333601  30232000  5506  605429321  690076  13268  653000  29190  157  5487  6509  71031834  5813  1749973  15128  390678  592598040  19  205  130531  59946  0  263  242  2147483647  0  82387  0  951290  28725465  878  381  158457  14306  461  1987  1279037  
1441333602  33132130  5714  664151147  690076  13268  653000  31810  157  5695  6509  75887442  5813  1749973  15128  390678  648960082  19  205  135745  59946  0  268  242  2147483647  0  82387  0  960380  28725465  1085  381  158457  14306  461  1987  1548976  
1441333602  34700694  8906  1365495820  690076  13268  653000  34183  157  8886  6509  77990859  5813  1942388  15128  390678  1320181969  20  205  138802  59946  0  270  242  2147483647  0  235305  0  1196863  28725465  4276  375  158457  14306  461  1987  5087510  
1441333603  35475035  12765  2065052919  690076  13268  653000  35869  157  12745  6509  79523054  5813  1942388  37919  390678  1987313701  20  205  141831  59946  0  271  242  2147483647  0  235305  0  1197955  35609204  9911  266  158457  18131  2237  1987  11358088  
1441333604  36887573  14549  2485859943  690076  13268  653000  37670  157  14529  6509  83310410  5813  1942388  37919  390678  2388992718  20  205  146044  59946  0  274  242  2147483647  0  235305  0  1204447  35609204  11672  266  158457  18131  2237  1987  13438223  
1441333604  36887573  14549  2485859943  690076  13268  653000  37670  157  14529  6509  83310410  5813  1942388  37919  390678  2388992718  20  205  146044  59946  0  274  242  2147483647  0  235305  0  1204447  35609204  11672  266  158457  18131  2237  1987  13438223  
1441333605  37967501  17906  3130239135  690076  13268  653000  39449  157  17886  6509  85068085  5813  1942388  37919  390678  3000319057  20  205  148625  59946  0  275  242  2147483647  0  235305  0  1208508  35609204  15019  266  158457  18131  2237  1987  16737205  
1441333605  39110881  21049  3762864780  690076  13268  653000  41049  157  21029  6418  87577047  5786  1942388  37919  390678  3601510217  20  205  153084  59946  0  277  242  2147483647  0  1358127  0  2566937  35609204  17785  266  158457  18131  2237  1987  19739363  
1441333606  40048349  23621  4151945357  690076  13268  653000  42681  157  23601  6418  89973358  5786  1942388  37919  390678  3971249904  20  205  160074  59946  0  279  242  2147483647  0  1358127  0  2568376  48485823  21692  266  158457  18131  4126  1987  26386332  
1441333606  41252161  23621  4151945357  690076  13268  653000  43737  157  23601  6418  92597723  5786  1942388  37919  390678  3971249904  20  205  162768  59946  0  281  242  2147483647  0  1358127  0  2573244  48485823  21692  266  158457  18131  4126  1987  26386332  
1441333607  42619721  25222  4517359195  690076  13268  653000  45437  157  25202  6378  95665377  5710  1942388  37919  390678  4321259697  20  205  166239  59946  0  281  242  2147483647  0  1358127  0  2573244  48485823  22941  266  158457  18131  4126  1987  27974845  
1441333607  43800742  27427  4962137788  690076  13268  653000  46915  157  27407  6378  97286290  5710  1942388  37919  390678  4744381709  20  205  168811  59946  0  283  242  2147483647  0  1358127  0  2574898  49402133  24893  266  158457  18131  4323  1987  30421826  
1441333608  45622987  29843  5523298690  690076  13268  653000  49347  157  29823  6303  100657135  5674  1942388  37919  390678  5279216410  20  205  172893  59946  0  286  242  2147483647  0  4464620  0  7047532  49402133  27274  266  158457  18131  4323  1987  32913462  
1441333608  47029188  32166  5810134199  690076  13268  653000  50975  157  32146  6297  102494333  5656  1942388  37919  390678  5551830202  20  205  177404  59946  0  289  242  2147483647  0  5755188  0  12807060  53237845  30426  263  158457  18131  5243  1987  35681371  
1441333609  47029188  32166  5810134199  690076  13268  653000  50975  157  32146  6297  102494333  5656  1942388  37919  390678  5551830202  20  205  177404  59946  0  289  242  2147483647  0  5755188  0  12807060  53237845  30426  263  158457  18131  5243  1987  35681371  
1441333609  48671599  34519  5995948264  690076  13268  653000  52806  157  34499  6136  105227623  5656  1942388  37919  390678  5727230220  20  205  181131  59946  0  291  242  2147483647  0  5755188  0  12871170  53237845  30919  263  158457  18131  5243  1987  36345452  
1441333610  50711676  35947  6077639815  690076  13268  653000  54566  157  35927  6136  108964641  5656  1942388  37919  390678  5803413186  20  205  185012  59946  0  293  242  2147483647  0  5755188  0  12875511  53237845  31107  254  158457  18131  5243  1987  36549982  
1441333610  52148296  36841  6201618020  690076  17685  653000  56034  157  36821  6136  114412760  5595  1942388  37919  390678  5920927267  20  205  192841  59946  0  299  242  2147483647  0  5755188  0  12884950  95235516  32302  251  158457  18131  6678  1987  39250222  
1441333611  52874007  37427  6324000996  690076  17685  653000  56679  157  37407  6136  116154638  5595  1942388  37919  390678  6038254890  20  205  194559  59946  0  301  242  2147483647  0  12752765  0  25639342  95235516  32760  251  158457  18131  6678  1987  39776749  
1441333611  53249199  40739  6833902909  690076  17685  653000  57191  157  40719  6136  119012843  5595  1942388  37919  390678  6526653539  20  205  198794  59946  0  307  242  2147483647  0  12752765  0  29071578  102647338  37239  251  158457  18131  8237  1987  44760805  
1441333612  53956740  42087  7220262617  690076  17685  653000  57832  157  42067  6136  123390010  5595  1942388  37919  390678  6896324773  20  205  204013  59946  0  307  242  2147483647  0  12752765  0  29071578  106696425  38707  251  158457  18131  8525  1987  46498178  
1441333612  53956740  42087  7220262617  690076  17685  653000  57832  157  42067  6136  123390010  5595  1942388  37919  390678  6896324773  20  205  204013  59946  0  307  242  2147483647  0  12752765  0  29071578  106696425  38707  251  158457  18131  8525  1987  46498178  
1441333613  54954773  44286  7701448483  690076  17685  653000  59110  157  44266  6136  126351568  5595  1942388  37919  390678  7356763570  20  205  208267  59946  0  309  242  2147483647  0  12752765  0  29290253  106696425  40898  251  158457  18131  8525  1987  48381060  
1441333613  55924974  48304  8284855300  690076  17685  653000  60390  157  48284  6136  129327166  5595  1942388  37919  390678  7913790144  20  205  214711  59946  0  314  242  2147483647  0  12752765  0  30444837  123737263  47657  251  158457  18131  12029  1987  57414144  
1441333614  57278571  49607  8645981740  690076  17685  653000  61702  157  49587  6136  133260927  5595  1942388  37919  390678  8258256869  20  205  219290  59946  0  314  242  2147483647  0  12752765  0  30444837  123737263  48940  248  158457  18131  12029  1987  58635401  
1441333614  58393638  52226  9131518332  690076  17685  653000  63238  157  52206  6136  137716429  5595  1942388  37919  390678  8723114982  20  205  225621  59946  0  317  242  2147483647  0  12752765  0  30690178  236908930  51943  248  158457  18131  14778  1987  61861026  
1441333615  59723223  53073  9313079996  690076  17685  653000  65082  157  53053  6136  141920189  5595  1942388  37919  390678  8896446682  20  205  232285  59946  0  319  242  2147483647  0  12752765  0  30691337  240809430  53160  248  158457  18131  15449  1666  63922348  
1441333615  61312361  54338  9513914382  690076  17685  653000  66522  157  54318  6136  145157064  5595  1942388  37919  390678  9087918870  20  205  235704  59946  0  321  242  2147483647  0  12752765  0  36334142  240809430  53771  248  158457  18131  15449  1666  64632727  
1441333616  63596197  55928  9895223647  690076  17685  653000  68579  157  55908  6136  147580818  5595  1942388  686216  390678  9453070398  20  205  237444  59946  0  321  242  2147483647  0  12752765  0  36334142  240809430  55071  248  158457  18131  15449  1666  66088269  
1441333617  63596197  55928  9895223647  690076  17685  653000  68579  157  55908  6136  147580818  5595  1942388  686216  390678  9453070398  20  205  237444  59946  0  321  242  2147483647  0  12752765  0  36334142  240809430  55071  248  158457  18131  15449  1666  66088269  
1441333617  65504784  58430  10448413653  690076  17685  653000  72093  157  58410  6136  148434106  5595  1942388  686216  390678  9984180561  20  205  238548  59946  0  321  242  2147483647  0  12752765  0  36334142  240809430  57443  248  158457  18131  15449  1666  68474314  
1441333618  67844394  61711  10863137125  690076  17685  653000  74566  157  61691  6136  151419146  5595  1942388  686216  390678  10378528626  20  205  241595  59946  0  324  242  2147483647  0  12752765  0  41982811  253526219  58851  248  158457  18131  15602  1666  69806667  
1441333618  70104234  68821  11461064976  690076  17685  653000  77586  157  68801  6136  153192063  5568  1942388  686216  390678  10945491810  20  205  246150  59946  0  324  242  2147483647  0  12752765  0  41982811  275612826  68748  248  158457  18131  21869  1548  80392630  
1441333619  72301083  73378  12053315703  690076  17685  653000  80878  157  73358  6136  154630778  5568  1942388  686216  390678  11510553496  20  205  247931  59946  0  324  242  2147483647  0  12752765  0  41982811  275623651  71324  248  158457  18131  21872  1548  82565245  
1441333619  75006637  75589  12401586540  690076  17685  653000  84056  157  75569  6136  158091022  5568  1942388  686216  390678  11843331041  20  205  251542  59946  0  328  242  2147483647  0  12752765  0  41992361  275623651  72528  248  158457  18131  21872  1548  83954732  
1441333620  76813109  76138  12491228742  690076  17685  653000  85560  157  76118  6136  161399215  5568  1942388  686216  390678  11928703060  20  205  255196  59946  0  332  242  2147483647  0  12752765  0  41999364  277569057  73235  248  158457  18131  22317  1548  85025841  
1441333620  76813109  76138  12491228742  690076  17685  653000  85560  157  76118  6136  161399215  5568  1942388  686216  390678  11928703060  20  205  255196  59946  0  332  242  2147483647  0  12752765  0  41999364  277569057  73235  248  158457  18131  22317  1548  85025841  
1441333621  78043334  77107  12685135656  690076  17685  653000  86505  157  77087  6136  163956270  5568  1942388  686216  390678  12113691603  20  205  258134  59946  0  334  242  2147483647  0  12752765  0  42005517  277569057  73825  248  158457  18131  22317  1548  85742233  
1441333621  78925018  81736  13417564912  690076  34336  653000  88180  157  81716  6136  165004149  5568  1942388  686216  390678  12811740178  20  205  259445  59946  0  334  242  2147483647  0  12752765  0  42005517  277569057  78136  248  158457  18131  22317  1548  88173184  
1441333622  80596011  85378  13927013841  690076  34336  653000  90359  157  85357  6136  166195945  5568  2153442  686216  390678  13297221417  21  205  261096  59946  0  334  242  2147483647  0  12752765  0  42005517  278877507  81011  248  158457  18131  22330  1548  89993519  
1441333622  82000892  87210  14145714463  690076  34336  653000  91671  157  87189  6136  167923985  5568  2153442  686216  390678  13505238506  21  205  263264  59946  0  334  242  2147483647  0  12752765  0  42005517  281181667  81739  248  158457  18131  22409  1548  90757678  
1441333623  82682412  88268  14272796428  690076  34336  653000  92823  157  88247  6136  168610617  5568  2153442  686216  390678  13626488658  21  205  264203  59946  0  336  242  2147483647  0  12752765  0  42012260  281382195  82129  248  158457  18131  22417  1548  91213299  
