#Type:X;CI:1;ww:0;ca:0;co:0;fr:0;Type:X;CI:1;PI:0;PT:EP;U0:0;U1:0;Type:X;CI:1;PI:1;PT:EP;U0:0;U1:0;
#time  Pp  gt  gs  cn  cm  cb  Nc  Pc  cp  Tc  Nm  pr  ps  pt  px  pd  Pm  Om  fs  ft  Oc  Em  Gp  Ec  Ge  ot  os  Total_cycles_diff  Successful_get_diff  Total_get_diff  succ_put_diff  total_put_diff  get_hit  
1441666499  0  0  0  0  0  0  0  0  0  4174851  0  0  0  0  0  0  0  0  0  21  0  0  0  0  0  46  0  4174851  0  0  0  0  
1441666500  0  0  0  0  0  0  0  0  0  4182385  0  0  0  0  0  0  0  0  0  21  0  0  0  0  0  47  0  7534  0  0  0  0  0 
1441666500  0  0  0  0  0  0  0  0  0  4182385  0  0  0  0  0  0  0  0  0  21  0  0  0  0  0  47  0  0  0  0  0  0  0 
1441666501  0  0  0  0  0  0  0  0  0  4182385  0  0  0  0  0  0  0  0  0  21  0  0  0  0  0  47  0  0  0  0  0  0  0 
1441666501  0  0  0  0  0  0  0  0  0  4182385  0  0  0  0  0  0  0  0  0  21  0  0  0  0  0  47  0  0  0  0  0  0  0 
1441666502  0  0  0  0  0  0  0  0  0  4182385  0  0  0  0  0  0  0  0  0  21  0  0  0  0  0  47  0  0  0  0  0  0  0 
1441666502  0  0  0  0  0  0  0  0  0  4182385  0  0  0  0  0  0  0  0  0  21  0  0  0  0  0  47  0  0  0  0  0  0  0 
1441666503  0  0  0  0  0  0  0  0  0  4182385  0  0  0  0  0  0  0  0  0  21  0  0  0  0  0  47  0  0  0  0  0  0  0 
1441666503  0  0  0  0  0  0  0  0  0  4182385  0  0  0  0  0  0  0  0  0  21  0  0  0  0  0  47  0  0  0  0  0  0  0 
1441666504  0  0  0  0  0  0  0  0  0  4182385  0  0  0  0  0  0  0  0  0  21  0  0  0  0  0  47  0  0  0  0  0  0  0 
1441666504  0  0  0  0  0  0  0  0  0  4182385  0  0  0  0  0  0  0  0  0  21  0  0  0  0  0  47  0  0  0  0  0  0  0 
1441666505  0  0  0  0  0  0  0  0  0  4182385  0  0  0  0  0  0  0  0  0  21  0  0  0  0  0  47  0  0  0  0  0  0  0 
1441666505  0  0  0  0  0  0  0  0  0  4182385  0  0  0  0  0  0  0  0  0  21  0  0  0  0  0  47  0  0  0  0  0  0  0 
1441666506  0  0  0  0  0  0  0  0  0  4182385  0  0  0  0  0  0  0  0  0  21  0  0  0  0  0  47  0  0  0  0  0  0  0 
1441666506  0  0  0  0  0  0  0  0  0  4182385  0  0  0  0  0  0  0  0  0  21  0  0  0  0  0  47  0  0  0  0  0  0  0 
1441666507  0  0  0  0  0  0  0  0  0  4182385  0  0  0  0  0  0  0  0  0  21  0  0  0  0  0  47  0  0  0  0  0  0  0 
1441666507  0  0  0  0  0  0  0  0  0  4182385  0  0  0  0  0  0  0  0  0  21  0  0  0  0  0  47  0  0  0  0  0  0  0 
1441666508  0  0  0  0  0  0  0  0  0  4182385  0  0  0  0  0  0  0  0  0  21  0  0  0  0  0  47  0  0  0  0  0  0  0 
1441666508  0  0  0  0  0  0  0  0  0  4182385  0  0  0  0  0  0  0  0  0  21  0  0  0  0  0  47  0  0  0  0  0  0  0 
1441666509  0  0  0  0  0  0  0  0  0  4182385  0  0  0  0  0  0  0  0  0  21  0  0  0  0  0  47  0  0  0  0  0  0  0 
1441666509  0  0  0  0  0  0  0  0  0  4182385  0  0  0  0  0  0  0  0  0  21  0  0  0  0  0  47  0  0  0  0  0  0  0 
1441666510  0  0  0  0  0  0  0  0  0  4185113  0  0  0  0  0  0  0  0  0  21  0  0  0  0  0  48  0  2728  0  0  0  0  0 
1441666510  0  0  0  0  0  0  0  0  0  4185113  0  0  0  0  0  0  0  0  0  21  0  0  0  0  0  48  0  0  0  0  0  0  0 
1441666511  0  0  0  0  0  0  0  0  0  4185113  0  0  0  0  0  0  0  0  0  21  0  0  0  0  0  48  0  0  0  0  0  0  0 
1441666511  0  0  0  0  0  0  0  0  0  4185113  0  0  0  0  0  0  0  0  0  21  0  0  0  0  0  48  0  0  0  0  0  0  0 
1441666512  0  0  0  0  0  0  0  0  0  4185113  0  0  0  0  0  0  0  0  0  21  0  0  0  0  0  48  0  0  0  0  0  0  0 
1441666512  0  0  0  0  0  0  0  0  0  4185113  0  0  0  0  0  0  0  0  0  21  0  0  0  0  0  48  0  0  0  0  0  0  0 
1441666513  0  0  0  0  0  0  0  0  0  4185113  0  0  0  0  0  0  0  0  0  21  0  0  0  0  0  48  0  0  0  0  0  0  0 
1441666513  0  0  0  0  0  0  0  0  0  4185113  0  0  0  0  0  0  0  0  0  21  0  0  0  0  0  48  0  0  0  0  0  0  0 
1441666514  0  0  0  0  0  0  0  0  0  4185113  0  0  0  0  0  0  0  0  0  21  0  0  0  0  0  48  0  0  0  0  0  0  0 
1441666514  0  0  0  0  0  0  0  0  0  4185113  0  0  0  0  0  0  0  0  0  21  0  0  0  0  0  48  0  0  0  0  0  0  0 
1441666515  0  0  0  0  0  0  0  0  0  4185113  0  0  0  0  0  0  0  0  0  21  0  0  0  0  0  48  0  0  0  0  0  0  0 
1441666515  0  0  0  0  0  0  0  0  0  4185113  0  0  0  0  0  0  0  0  0  21  0  0  0  0  0  48  0  0  0  0  0  0  0 
1441666516  0  0  0  0  0  0  0  0  0  4185113  0  0  0  0  0  0  0  0  0  21  0  0  0  0  0  48  0  0  0  0  0  0  0 
1441666516  0  0  0  0  0  0  0  0  0  4185113  0  0  0  0  0  0  0  0  0  21  0  0  0  0  0  48  0  0  0  0  0  0  0 
1441666517  0  0  0  0  0  0  0  0  0  4185113  0  0  0  0  0  0  0  0  0  21  0  0  0  0  0  48  0  0  0  0  0  0  0 
1441666517  0  0  0  0  0  0  0  0  0  4185113  0  0  0  0  0  0  0  0  0  21  0  0  0  0  0  48  0  0  0  0  0  0  0 
1441666518  0  0  0  0  0  0  0  0  0  4185113  0  0  0  0  0  0  0  0  0  21  0  0  0  0  0  48  0  0  0  0  0  0  0 
1441666518  0  0  0  0  0  0  0  0  0  4185113  0  0  0  0  0  0  0  0  0  21  0  0  0  0  0  48  0  0  0  0  0  0  0 
1441666519  0  0  0  0  0  0  0  0  0  4185113  0  0  0  0  0  0  0  0  0  21  0  0  0  0  0  48  0  0  0  0  0  0  0 
1441666519  0  0  0  0  0  0  0  0  0  4185113  0  0  0  0  0  0  0  0  0  21  0  0  0  0  0  48  0  0  0  0  0  0  0 
1441666520  0  0  0  0  0  0  0  0  0  4187617  0  0  0  0  0  0  0  0  0  21  0  0  0  0  0  49  0  2504  0  0  0  0  0 
1441666520  0  0  0  0  0  0  0  0  0  4187617  0  0  0  0  0  0  0  0  0  21  0  0  0  0  0  49  0  0  0  0  0  0  0 
1441666521  0  0  0  0  0  0  0  0  0  4187617  0  0  0  0  0  0  0  0  0  21  0  0  0  0  0  49  0  0  0  0  0  0  0 
1441666521  0  0  0  0  0  0  0  0  0  4187617  0  0  0  0  0  0  0  0  0  21  0  0  0  0  0  49  0  0  0  0  0  0  0 
1441666522  0  0  0  0  0  0  0  0  0  4187617  0  0  0  0  0  0  0  0  0  21  0  0  0  0  0  49  0  0  0  0  0  0  0 
1441666522  0  0  0  0  0  0  0  0  0  4187617  0  0  0  0  0  0  0  0  0  21  0  0  0  0  0  49  0  0  0  0  0  0  0 
1441666523  0  0  0  0  0  0  0  0  0  4187617  0  0  0  0  0  0  0  0  0  21  0  0  0  0  0  49  0  0  0  0  0  0  0 
1441666523  0  0  0  0  0  0  0  0  0  4187617  0  0  0  0  0  0  0  0  0  21  0  0  0  0  0  49  0  0  0  0  0  0  0 
1441666524  0  0  0  0  0  0  0  0  0  4187617  0  0  0  0  0  0  0  0  0  21  0  0  0  0  0  49  0  0  0  0  0  0  0 
1441666524  0  0  0  0  0  0  0  0  0  4187617  0  0  0  0  0  0  0  0  0  21  0  0  0  0  0  49  0  0  0  0  0  0  0 
1441666525  0  0  0  0  0  0  0  0  0  4187617  0  0  0  0  0  0  0  0  0  21  0  0  0  0  0  49  0  0  0  0  0  0  0 
1441666525  0  0  0  0  0  0  0  0  0  4187617  0  0  0  0  0  0  0  0  0  21  0  0  0  0  0  49  0  0  0  0  0  0  0 
1441666526  0  0  0  0  0  0  0  0  0  4187617  0  0  0  0  0  0  0  0  0  21  0  0  0  0  0  49  0  0  0  0  0  0  0 
1441666526  0  0  0  0  0  0  0  0  0  4187617  0  0  0  0  0  0  0  0  0  21  0  0  0  0  0  49  0  0  0  0  0  0  0 
1441666527  0  0  0  0  0  0  0  0  0  4187617  0  0  0  0  0  0  0  0  0  21  0  0  0  0  0  49  0  0  0  0  0  0  0 
1441666527  0  0  0  0  0  0  0  0  0  4187617  0  0  0  0  0  0  0  0  0  21  0  0  0  0  0  49  0  0  0  0  0  0  0 
1441666528  0  0  0  0  0  0  0  0  0  4187617  0  0  0  0  0  0  0  0  0  21  0  0  0  0  0  49  0  0  0  0  0  0  0 
1441666528  0  0  0  0  0  0  0  0  0  4187617  0  0  0  0  0  0  0  0  0  21  0  0  0  0  0  49  0  0  0  0  0  0  0 
1441666529  0  0  0  0  0  0  0  0  0  4187617  0  0  0  0  0  0  0  0  0  21  0  0  0  0  0  49  0  0  0  0  0  0  0 
1441666529  0  0  0  0  0  0  0  0  0  4190539  0  0  0  0  0  0  0  0  0  21  0  0  0  0  0  50  0  2922  0  0  0  0  0 
1441666530  0  0  0  0  0  0  0  0  0  4190539  0  0  0  0  0  0  0  0  0  21  0  0  0  0  0  50  0  0  0  0  0  0  0 
1441666531  0  0  0  0  0  0  0  0  0  4190539  0  0  0  0  0  0  0  0  0  21  0  0  0  0  0  50  0  0  0  0  0  0  0 
1441666531  0  0  0  0  0  0  0  0  0  4190539  0  0  0  0  0  0  0  0  0  21  0  0  0  0  0  50  0  0  0  0  0  0  0 
1441666532  0  0  0  0  0  0  0  0  0  4190539  0  0  0  0  0  0  0  0  0  21  0  0  0  0  0  50  0  0  0  0  0  0  0 
1441666532  0  0  0  0  0  0  0  0  0  4190539  0  0  0  0  0  0  0  0  0  21  0  0  0  0  0  50  0  0  0  0  0  0  0 
1441666533  0  0  0  0  0  0  0  0  0  4190539  0  0  0  0  0  0  0  0  0  21  0  0  0  0  0  50  0  0  0  0  0  0  0 
1441666533  0  0  0  0  0  0  0  0  0  4190539  0  0  0  0  0  0  0  0  0  21  0  0  0  0  0  50  0  0  0  0  0  0  0 
1441666534  0  0  0  0  0  0  0  0  0  4190539  0  0  0  0  0  0  0  0  0  21  0  0  0  0  0  50  0  0  0  0  0  0  0 
1441666534  0  0  0  0  0  0  0  0  0  4190539  0  0  0  0  0  0  0  0  0  21  0  0  0  0  0  50  0  0  0  0  0  0  0 
1441666535  0  0  0  0  0  0  0  0  0  4190539  0  0  0  0  0  0  0  0  0  21  0  0  0  0  0  50  0  0  0  0  0  0  0 
1441666535  0  0  0  0  0  0  0  0  0  4190539  0  0  0  0  0  0  0  0  0  21  0  0  0  0  0  50  0  0  0  0  0  0  0 
1441666536  0  0  0  0  0  0  0  0  0  4190539  0  0  0  0  0  0  0  0  0  21  0  0  0  0  0  50  0  0  0  0  0  0  0 
1441666536  0  0  0  0  0  0  0  0  0  4190539  0  0  0  0  0  0  0  0  0  21  0  0  0  0  0  50  0  0  0  0  0  0  0 
1441666537  0  0  0  0  0  0  0  0  0  4190539  0  0  0  0  0  0  0  0  0  21  0  0  0  0  0  50  0  0  0  0  0  0  0 
1441666537  0  0  0  0  0  0  0  0  0  4190539  0  0  0  0  0  0  0  0  0  21  0  0  0  0  0  50  0  0  0  0  0  0  0 
1441666538  0  0  0  0  0  0  0  0  0  4190539  0  0  0  0  0  0  0  0  0  21  0  0  0  0  0  50  0  0  0  0  0  0  0 
1441666538  0  0  0  0  0  0  0  0  0  4190539  0  0  0  0  0  0  0  0  0  21  0  0  0  0  0  50  0  0  0  0  0  0  0 
1441666539  0  0  0  0  0  0  0  0  0  4190539  0  0  0  0  0  0  0  0  0  21  0  0  0  0  0  50  0  0  0  0  0  0  0 
1441666539  0  0  0  0  0  0  0  0  0  4190539  0  0  0  0  0  0  0  0  0  21  0  0  0  0  0  50  0  0  0  0  0  0  0 
1441666540  0  0  0  0  0  0  0  0  0  4214020  0  0  0  0  0  0  0  0  0  21  0  0  0  0  0  50  0  23481  0  0  0  0  0 
1441666540  0  0  0  0  0  0  0  0  0  4285440  0  0  0  0  0  0  0  0  0  25  0  0  0  0  0  63  0  71420  0  0  0  0  0 
1441666541  0  0  0  0  0  0  0  0  0  4285440  0  0  0  0  0  0  0  0  0  25  0  0  0  0  0  63  0  0  0  0  0  0  0 
