#Type:X;CI:3;ww:0;ca:0;co:0;fr:0;Type:X;CI:3;PI:0;PT:EP;U0:0;U1:0;
#time  Pp  gt  gs  cn  cm  cb  Nc  Pc  cp  Tc  Nm  pr  ps  pt  px  pd  Pm  Om  fs  ft  Oc  Em  Gp  Ec  Ge  ot  os  Total_cycles_diff  Successful_get_diff  Total_get_diff  succ_put_diff  total_put_diff  get_hit  
1441666574  0  0  0  0  0  0  0  0  0  717398  0  0  0  0  0  0  0  0  0  0  0  0  0  0  0  0  0  717398  0  0  0  0  
1441666575  0  0  0  0  0  0  0  0  0  717398  0  0  0  0  0  0  0  0  0  0  0  0  0  0  0  0  0  0  0  0  0  0  0 
1441666575  0  0  0  0  0  0  0  0  0  1188101  0  0  0  0  0  0  0  0  0  0  0  0  0  0  0  0  0  470703  0  0  0  0  0 
1441666576  0  0  0  0  0  0  0  0  0  1545796  0  0  0  0  0  0  0  0  0  0  0  0  0  0  0  0  0  357695  0  0  0  0  0 
1441666576  0  0  0  0  0  0  0  0  0  1788628  0  0  0  0  0  0  0  0  0  0  0  0  0  0  0  0  0  242832  0  0  0  0  0 
1441666577  0  0  0  0  0  0  0  0  0  2213218  0  0  0  0  0  0  0  0  0  11  0  0  0  0  0  34  0  424590  0  0  0  0  0 
1441666577  0  0  0  0  0  0  0  0  0  3144973  0  0  0  0  0  0  0  0  0  15  0  0  0  0  0  41  0  931755  0  0  0  0  0 
1441666578  0  0  0  0  0  0  0  0  0  3705336  0  0  0  0  0  0  0  0  0  16  0  0  0  0  0  43  0  560363  0  0  0  0  0 
1441666578  0  0  0  0  0  0  0  0  0  4078338  0  0  0  0  0  0  0  0  0  21  0  0  0  0  0  46  0  373002  0  0  0  0  0 
1441666579  0  0  0  0  0  0  0  0  0  4078338  0  0  0  0  0  0  0  0  0  21  0  0  0  0  0  46  0  0  0  0  0  0  0 
1441666579  0  0  0  0  0  0  0  0  0  4170039  0  0  0  0  0  0  0  0  0  21  0  0  0  0  0  46  0  91701  0  0  0  0  0 
1441666580  0  0  0  0  0  0  0  0  0  4170039  0  0  0  0  0  0  0  0  0  21  0  0  0  0  0  46  0  0  0  0  0  0  0 
1441666580  0  0  0  0  0  0  0  0  0  4170039  0  0  0  0  0  0  0  0  0  21  0  0  0  0  0  46  0  0  0  0  0  0  0 
1441666581  0  0  0  0  0  0  0  0  0  4170039  0  0  0  0  0  0  0  0  0  21  0  0  0  0  0  46  0  0  0  0  0  0  0 
1441666581  0  0  0  0  0  0  0  0  0  4170039  0  0  0  0  0  0  0  0  0  21  0  0  0  0  0  46  0  0  0  0  0  0  0 
1441666582  0  0  0  0  0  0  0  0  0  4170039  0  0  0  0  0  0  0  0  0  21  0  0  0  0  0  46  0  0  0  0  0  0  0 
1441666582  0  0  0  0  0  0  0  0  0  4170039  0  0  0  0  0  0  0  0  0  21  0  0  0  0  0  46  0  0  0  0  0  0  0 
1441666583  0  0  0  0  0  0  0  0  0  4170039  0  0  0  0  0  0  0  0  0  21  0  0  0  0  0  46  0  0  0  0  0  0  0 
1441666583  0  0  0  0  0  0  0  0  0  4170039  0  0  0  0  0  0  0  0  0  21  0  0  0  0  0  46  0  0  0  0  0  0  0 
1441666584  0  0  0  0  0  0  0  0  0  4170039  0  0  0  0  0  0  0  0  0  21  0  0  0  0  0  46  0  0  0  0  0  0  0 
1441666584  0  0  0  0  0  0  0  0  0  4170039  0  0  0  0  0  0  0  0  0  21  0  0  0  0  0  46  0  0  0  0  0  0  0 
1441666585  0  0  0  0  0  0  0  0  0  4170039  0  0  0  0  0  0  0  0  0  21  0  0  0  0  0  46  0  0  0  0  0  0  0 
1441666585  0  0  0  0  0  0  0  0  0  4170039  0  0  0  0  0  0  0  0  0  21  0  0  0  0  0  46  0  0  0  0  0  0  0 
1441666586  0  0  0  0  0  0  0  0  0  4170039  0  0  0  0  0  0  0  0  0  21  0  0  0  0  0  46  0  0  0  0  0  0  0 
1441666586  0  0  0  0  0  0  0  0  0  4170039  0  0  0  0  0  0  0  0  0  21  0  0  0  0  0  46  0  0  0  0  0  0  0 
1441666587  0  0  0  0  0  0  0  0  0  4170039  0  0  0  0  0  0  0  0  0  21  0  0  0  0  0  46  0  0  0  0  0  0  0 
1441666587  0  0  0  0  0  0  0  0  0  4170039  0  0  0  0  0  0  0  0  0  21  0  0  0  0  0  46  0  0  0  0  0  0  0 
1441666588  0  0  0  0  0  0  0  0  0  4170039  0  0  0  0  0  0  0  0  0  21  0  0  0  0  0  46  0  0  0  0  0  0  0 
1441666588  0  0  0  0  0  0  0  0  0  4170039  0  0  0  0  0  0  0  0  0  21  0  0  0  0  0  46  0  0  0  0  0  0  0 
1441666589  0  0  0  0  0  0  0  0  0  4170039  0  0  0  0  0  0  0  0  0  21  0  0  0  0  0  46  0  0  0  0  0  0  0 
1441666589  0  0  0  0  0  0  0  0  0  4170039  0  0  0  0  0  0  0  0  0  21  0  0  0  0  0  46  0  0  0  0  0  0  0 
1441666590  0  0  0  0  0  0  0  0  0  4170039  0  0  0  0  0  0  0  0  0  21  0  0  0  0  0  46  0  0  0  0  0  0  0 
1441666590  0  0  0  0  0  0  0  0  0  4170039  0  0  0  0  0  0  0  0  0  21  0  0  0  0  0  46  0  0  0  0  0  0  0 
1441666591  0  0  0  0  0  0  0  0  0  4170039  0  0  0  0  0  0  0  0  0  21  0  0  0  0  0  46  0  0  0  0  0  0  0 
1441666591  0  0  0  0  0  0  0  0  0  4170039  0  0  0  0  0  0  0  0  0  21  0  0  0  0  0  46  0  0  0  0  0  0  0 
1441666592  0  0  0  0  0  0  0  0  0  4170039  0  0  0  0  0  0  0  0  0  21  0  0  0  0  0  46  0  0  0  0  0  0  0 
1441666592  0  0  0  0  0  0  0  0  0  4170039  0  0  0  0  0  0  0  0  0  21  0  0  0  0  0  46  0  0  0  0  0  0  0 
1441666593  0  0  0  0  0  0  0  0  0  4170039  0  0  0  0  0  0  0  0  0  21  0  0  0  0  0  46  0  0  0  0  0  0  0 
1441666593  0  0  0  0  0  0  0  0  0  4170039  0  0  0  0  0  0  0  0  0  21  0  0  0  0  0  46  0  0  0  0  0  0  0 
1441666594  0  0  0  0  0  0  0  0  0  4170039  0  0  0  0  0  0  0  0  0  21  0  0  0  0  0  46  0  0  0  0  0  0  0 
1441666594  0  0  0  0  0  0  0  0  0  4170039  0  0  0  0  0  0  0  0  0  21  0  0  0  0  0  46  0  0  0  0  0  0  0 
1441666595  0  0  0  0  0  0  0  0  0  4170039  0  0  0  0  0  0  0  0  0  21  0  0  0  0  0  46  0  0  0  0  0  0  0 
1441666595  0  0  0  0  0  0  0  0  0  4170039  0  0  0  0  0  0  0  0  0  21  0  0  0  0  0  46  0  0  0  0  0  0  0 
1441666596  0  0  0  0  0  0  0  0  0  4170039  0  0  0  0  0  0  0  0  0  21  0  0  0  0  0  46  0  0  0  0  0  0  0 
1441666596  0  0  0  0  0  0  0  0  0  4170039  0  0  0  0  0  0  0  0  0  21  0  0  0  0  0  46  0  0  0  0  0  0  0 
1441666597  0  0  0  0  0  0  0  0  0  4170039  0  0  0  0  0  0  0  0  0  21  0  0  0  0  0  46  0  0  0  0  0  0  0 
1441666597  0  0  0  0  0  0  0  0  0  4170039  0  0  0  0  0  0  0  0  0  21  0  0  0  0  0  46  0  0  0  0  0  0  0 
1441666598  0  0  0  0  0  0  0  0  0  4170039  0  0  0  0  0  0  0  0  0  21  0  0  0  0  0  46  0  0  0  0  0  0  0 
1441666598  0  0  0  0  0  0  0  0  0  4170039  0  0  0  0  0  0  0  0  0  21  0  0  0  0  0  46  0  0  0  0  0  0  0 
1441666599  0  0  0  0  0  0  0  0  0  4170039  0  0  0  0  0  0  0  0  0  21  0  0  0  0  0  46  0  0  0  0  0  0  0 
1441666599  0  0  0  0  0  0  0  0  0  4170039  0  0  0  0  0  0  0  0  0  21  0  0  0  0  0  46  0  0  0  0  0  0  0 
1441666600  0  0  0  0  0  0  0  0  0  4170039  0  0  0  0  0  0  0  0  0  21  0  0  0  0  0  46  0  0  0  0  0  0  0 
1441666600  0  0  0  0  0  0  0  0  0  4170039  0  0  0  0  0  0  0  0  0  21  0  0  0  0  0  46  0  0  0  0  0  0  0 
1441666601  0  0  0  0  0  0  0  0  0  4170039  0  0  0  0  0  0  0  0  0  21  0  0  0  0  0  46  0  0  0  0  0  0  0 
1441666602  0  0  0  0  0  0  0  0  0  4170039  0  0  0  0  0  0  0  0  0  21  0  0  0  0  0  46  0  0  0  0  0  0  0 
1441666602  0  0  0  0  0  0  0  0  0  4170039  0  0  0  0  0  0  0  0  0  21  0  0  0  0  0  46  0  0  0  0  0  0  0 
1441666603  0  0  0  0  0  0  0  0  0  4170039  0  0  0  0  0  0  0  0  0  21  0  0  0  0  0  46  0  0  0  0  0  0  0 
1441666603  0  0  0  0  0  0  0  0  0  4170039  0  0  0  0  0  0  0  0  0  21  0  0  0  0  0  46  0  0  0  0  0  0  0 
1441666604  0  0  0  0  0  0  0  0  0  4170039  0  0  0  0  0  0  0  0  0  21  0  0  0  0  0  46  0  0  0  0  0  0  0 
1441666604  0  0  0  0  0  0  0  0  0  4170039  0  0  0  0  0  0  0  0  0  21  0  0  0  0  0  46  0  0  0  0  0  0  0 
1441666605  0  0  0  0  0  0  0  0  0  4170039  0  0  0  0  0  0  0  0  0  21  0  0  0  0  0  46  0  0  0  0  0  0  0 
1441666605  0  0  0  0  0  0  0  0  0  4170039  0  0  0  0  0  0  0  0  0  21  0  0  0  0  0  46  0  0  0  0  0  0  0 
1441666606  0  0  0  0  0  0  0  0  0  4170039  0  0  0  0  0  0  0  0  0  21  0  0  0  0  0  46  0  0  0  0  0  0  0 
1441666606  0  0  0  0  0  0  0  0  0  4170039  0  0  0  0  0  0  0  0  0  21  0  0  0  0  0  46  0  0  0  0  0  0  0 
1441666607  0  0  0  0  0  0  0  0  0  4170039  0  0  0  0  0  0  0  0  0  21  0  0  0  0  0  46  0  0  0  0  0  0  0 
1441666607  0  0  0  0  0  0  0  0  0  4170039  0  0  0  0  0  0  0  0  0  21  0  0  0  0  0  46  0  0  0  0  0  0  0 
1441666608  0  0  0  0  0  0  0  0  0  4170039  0  0  0  0  0  0  0  0  0  21  0  0  0  0  0  46  0  0  0  0  0  0  0 
1441666608  0  0  0  0  0  0  0  0  0  4170039  0  0  0  0  0  0  0  0  0  21  0  0  0  0  0  46  0  0  0  0  0  0  0 
1441666609  0  0  0  0  0  0  0  0  0  4170039  0  0  0  0  0  0  0  0  0  21  0  0  0  0  0  46  0  0  0  0  0  0  0 
1441666609  0  0  0  0  0  0  0  0  0  4170039  0  0  0  0  0  0  0  0  0  21  0  0  0  0  0  46  0  0  0  0  0  0  0 
1441666610  0  0  0  0  0  0  0  0  0  4170039  0  0  0  0  0  0  0  0  0  21  0  0  0  0  0  46  0  0  0  0  0  0  0 
1441666610  0  0  0  0  0  0  0  0  0  4170039  0  0  0  0  0  0  0  0  0  21  0  0  0  0  0  46  0  0  0  0  0  0  0 
1441666611  0  0  0  0  0  0  0  0  0  4170039  0  0  0  0  0  0  0  0  0  21  0  0  0  0  0  46  0  0  0  0  0  0  0 
1441666611  0  0  0  0  0  0  0  0  0  4170039  0  0  0  0  0  0  0  0  0  21  0  0  0  0  0  46  0  0  0  0  0  0  0 
1441666612  0  0  0  0  0  0  0  0  0  4170039  0  0  0  0  0  0  0  0  0  21  0  0  0  0  0  46  0  0  0  0  0  0  0 
1441666612  0  0  0  0  0  0  0  0  0  4170039  0  0  0  0  0  0  0  0  0  21  0  0  0  0  0  46  0  0  0  0  0  0  0 
1441666613  0  0  0  0  0  0  0  0  0  4170039  0  0  0  0  0  0  0  0  0  21  0  0  0  0  0  46  0  0  0  0  0  0  0 
1441666613  0  0  0  0  0  0  0  0  0  4170039  0  0  0  0  0  0  0  0  0  21  0  0  0  0  0  46  0  0  0  0  0  0  0 
1441666614  0  0  0  0  0  0  0  0  0  4170039  0  0  0  0  0  0  0  0  0  21  0  0  0  0  0  46  0  0  0  0  0  0  0 
1441666614  0  0  0  0  0  0  0  0  0  4170039  0  0  0  0  0  0  0  0  0  21  0  0  0  0  0  46  0  0  0  0  0  0  0 
1441666615  0  0  0  0  0  0  0  0  0  4170039  0  0  0  0  0  0  0  0  0  21  0  0  0  0  0  46  0  0  0  0  0  0  0 
1441666615  0  0  0  0  0  0  0  0  0  4170039  0  0  0  0  0  0  0  0  0  21  0  0  0  0  0  46  0  0  0  0  0  0  0 
1441666616  0  0  0  0  0  0  0  0  0  4170039  0  0  0  0  0  0  0  0  0  21  0  0  0  0  0  46  0  0  0  0  0  0  0 
1441666616  0  0  0  0  0  0  0  0  0  4170039  0  0  0  0  0  0  0  0  0  21  0  0  0  0  0  46  0  0  0  0  0  0  0 
1441666617  0  0  0  0  0  0  0  0  0  4170039  0  0  0  0  0  0  0  0  0  21  0  0  0  0  0  46  0  0  0  0  0  0  0 
1441666617  0  0  0  0  0  0  0  0  0  4170039  0  0  0  0  0  0  0  0  0  21  0  0  0  0  0  46  0  0  0  0  0  0  0 
1441666618  0  0  0  0  0  0  0  0  0  4170039  0  0  0  0  0  0  0  0  0  21  0  0  0  0  0  46  0  0  0  0  0  0  0 
1441666618  0  0  0  0  0  0  0  0  0  4170039  0  0  0  0  0  0  0  0  0  21  0  0  0  0  0  46  0  0  0  0  0  0  0 
1441666619  0  0  0  0  0  0  0  0  0  4170039  0  0  0  0  0  0  0  0  0  21  0  0  0  0  0  46  0  0  0  0  0  0  0 
1441666619  0  0  0  0  0  0  0  0  0  4170039  0  0  0  0  0  0  0  0  0  21  0  0  0  0  0  46  0  0  0  0  0  0  0 
1441666620  0  0  0  0  0  0  0  0  0  4170039  0  0  0  0  0  0  0  0  0  21  0  0  0  0  0  46  0  0  0  0  0  0  0 
1441666620  0  0  0  0  0  0  0  0  0  4170039  0  0  0  0  0  0  0  0  0  21  0  0  0  0  0  46  0  0  0  0  0  0  0 
1441666621  0  0  0  0  0  0  0  0  0  4170039  0  0  0  0  0  0  0  0  0  21  0  0  0  0  0  46  0  0  0  0  0  0  0 
1441666621  0  0  0  0  0  0  0  0  0  4170039  0  0  0  0  0  0  0  0  0  21  0  0  0  0  0  46  0  0  0  0  0  0  0 
1441666622  0  0  0  0  0  0  0  0  0  4170039  0  0  0  0  0  0  0  0  0  21  0  0  0  0  0  46  0  0  0  0  0  0  0 
1441666622  0  0  0  0  0  0  0  0  0  4170039  0  0  0  0  0  0  0  0  0  21  0  0  0  0  0  46  0  0  0  0  0  0  0 
1441666623  0  0  0  0  0  0  0  0  0  4170039  0  0  0  0  0  0  0  0  0  21  0  0  0  0  0  46  0  0  0  0  0  0  0 
1441666623  0  0  0  0  0  0  0  0  0  4170039  0  0  0  0  0  0  0  0  0  21  0  0  0  0  0  46  0  0  0  0  0  0  0 
1441666624  0  0  0  0  0  0  0  0  0  4170039  0  0  0  0  0  0  0  0  0  21  0  0  0  0  0  46  0  0  0  0  0  0  0 
1441666624  0  0  0  0  0  0  0  0  0  4170039  0  0  0  0  0  0  0  0  0  21  0  0  0  0  0  46  0  0  0  0  0  0  0 
1441666625  0  0  0  0  0  0  0  0  0  4170039  0  0  0  0  0  0  0  0  0  21  0  0  0  0  0  46  0  0  0  0  0  0  0 
1441666625  0  0  0  0  0  0  0  0  0  4170039  0  0  0  0  0  0  0  0  0  21  0  0  0  0  0  46  0  0  0  0  0  0  0 
1441666626  0  0  0  0  0  0  0  0  0  4170039  0  0  0  0  0  0  0  0  0  21  0  0  0  0  0  46  0  0  0  0  0  0  0 
1441666626  0  0  0  0  0  0  0  0  0  4170039  0  0  0  0  0  0  0  0  0  21  0  0  0  0  0  46  0  0  0  0  0  0  0 
1441666627  0  0  0  0  0  0  0  0  0  4170039  0  0  0  0  0  0  0  0  0  21  0  0  0  0  0  46  0  0  0  0  0  0  0 
1441666627  0  0  0  0  0  0  0  0  0  4170039  0  0  0  0  0  0  0  0  0  21  0  0  0  0  0  46  0  0  0  0  0  0  0 
1441666628  0  0  0  0  0  0  0  0  0  4170039  0  0  0  0  0  0  0  0  0  21  0  0  0  0  0  46  0  0  0  0  0  0  0 
1441666628  0  0  0  0  0  0  0  0  0  4170039  0  0  0  0  0  0  0  0  0  21  0  0  0  0  0  46  0  0  0  0  0  0  0 
1441666629  0  0  0  0  0  0  0  0  0  4170039  0  0  0  0  0  0  0  0  0  21  0  0  0  0  0  46  0  0  0  0  0  0  0 
1441666629  0  0  0  0  0  0  0  0  0  4170039  0  0  0  0  0  0  0  0  0  21  0  0  0  0  0  46  0  0  0  0  0  0  0 
1441666630  0  0  0  0  0  0  0  0  0  4170039  0  0  0  0  0  0  0  0  0  21  0  0  0  0  0  46  0  0  0  0  0  0  0 
1441666630  0  0  0  0  0  0  0  0  0  4170039  0  0  0  0  0  0  0  0  0  21  0  0  0  0  0  46  0  0  0  0  0  0  0 
1441666631  0  0  0  0  0  0  0  0  0  4177950  0  0  0  0  0  0  0  0  0  21  0  0  0  0  0  47  0  7911  0  0  0  0  0 
1441666631  0  0  0  0  0  0  0  0  0  4177950  0  0  0  0  0  0  0  0  0  21  0  0  0  0  0  47  0  0  0  0  0  0  0 
1441666632  0  0  0  0  0  0  0  0  0  4177950  0  0  0  0  0  0  0  0  0  21  0  0  0  0  0  47  0  0  0  0  0  0  0 
1441666632  0  0  0  0  0  0  0  0  0  4177950  0  0  0  0  0  0  0  0  0  21  0  0  0  0  0  47  0  0  0  0  0  0  0 
1441666633  0  0  0  0  0  0  0  0  0  4177950  0  0  0  0  0  0  0  0  0  21  0  0  0  0  0  47  0  0  0  0  0  0  0 
1441666633  0  0  0  0  0  0  0  0  0  4177950  0  0  0  0  0  0  0  0  0  21  0  0  0  0  0  47  0  0  0  0  0  0  0 
1441666634  0  0  0  0  0  0  0  0  0  4177950  0  0  0  0  0  0  0  0  0  21  0  0  0  0  0  47  0  0  0  0  0  0  0 
1441666634  0  0  0  0  0  0  0  0  0  4177950  0  0  0  0  0  0  0  0  0  21  0  0  0  0  0  47  0  0  0  0  0  0  0 
1441666635  0  0  0  0  0  0  0  0  0  4177950  0  0  0  0  0  0  0  0  0  21  0  0  0  0  0  47  0  0  0  0  0  0  0 
1441666635  0  0  0  0  0  0  0  0  0  4177950  0  0  0  0  0  0  0  0  0  21  0  0  0  0  0  47  0  0  0  0  0  0  0 
1441666636  0  0  0  0  0  0  0  0  0  4177950  0  0  0  0  0  0  0  0  0  21  0  0  0  0  0  47  0  0  0  0  0  0  0 
1441666636  0  0  0  0  0  0  0  0  0  4177950  0  0  0  0  0  0  0  0  0  21  0  0  0  0  0  47  0  0  0  0  0  0  0 
1441666637  0  0  0  0  0  0  0  0  0  4177950  0  0  0  0  0  0  0  0  0  21  0  0  0  0  0  47  0  0  0  0  0  0  0 
1441666637  0  0  0  0  0  0  0  0  0  4177950  0  0  0  0  0  0  0  0  0  21  0  0  0  0  0  47  0  0  0  0  0  0  0 
1441666638  0  0  0  0  0  0  0  0  0  4177950  0  0  0  0  0  0  0  0  0  21  0  0  0  0  0  47  0  0  0  0  0  0  0 
1441666638  0  0  0  0  0  0  0  0  0  4177950  0  0  0  0  0  0  0  0  0  21  0  0  0  0  0  47  0  0  0  0  0  0  0 
1441666639  0  0  0  0  0  0  0  0  0  4177950  0  0  0  0  0  0  0  0  0  21  0  0  0  0  0  47  0  0  0  0  0  0  0 
1441666640  0  0  0  0  0  0  0  0  0  4177950  0  0  0  0  0  0  0  0  0  21  0  0  0  0  0  47  0  0  0  0  0  0  0 
1441666640  0  0  0  0  0  0  0  0  0  4177950  0  0  0  0  0  0  0  0  0  21  0  0  0  0  0  47  0  0  0  0  0  0  0 
1441666641  0  0  0  0  0  0  0  0  0  4177950  0  0  0  0  0  0  0  0  0  21  0  0  0  0  0  47  0  0  0  0  0  0  0 
1441666641  0  0  0  0  0  0  0  0  0  4180708  0  0  0  0  0  0  0  0  0  21  0  0  0  0  0  48  0  2758  0  0  0  0  0 
1441666642  0  0  0  0  0  0  0  0  0  4180708  0  0  0  0  0  0  0  0  0  21  0  0  0  0  0  48  0  0  0  0  0  0  0 
1441666642  0  0  0  0  0  0  0  0  0  4180708  0  0  0  0  0  0  0  0  0  21  0  0  0  0  0  48  0  0  0  0  0  0  0 
1441666643  0  0  0  0  0  0  0  0  0  4180708  0  0  0  0  0  0  0  0  0  21  0  0  0  0  0  48  0  0  0  0  0  0  0 
1441666643  0  0  0  0  0  0  0  0  0  4180708  0  0  0  0  0  0  0  0  0  21  0  0  0  0  0  48  0  0  0  0  0  0  0 
1441666644  0  0  0  0  0  0  0  0  0  4180708  0  0  0  0  0  0  0  0  0  21  0  0  0  0  0  48  0  0  0  0  0  0  0 
1441666644  0  0  0  0  0  0  0  0  0  4180708  0  0  0  0  0  0  0  0  0  21  0  0  0  0  0  48  0  0  0  0  0  0  0 
1441666645  0  0  0  0  0  0  0  0  0  4180708  0  0  0  0  0  0  0  0  0  21  0  0  0  0  0  48  0  0  0  0  0  0  0 
1441666645  0  0  0  0  0  0  0  0  0  4180708  0  0  0  0  0  0  0  0  0  21  0  0  0  0  0  48  0  0  0  0  0  0  0 
1441666646  0  0  0  0  0  0  0  0  0  4180708  0  0  0  0  0  0  0  0  0  21  0  0  0  0  0  48  0  0  0  0  0  0  0 
1441666646  0  0  0  0  0  0  0  0  0  4180708  0  0  0  0  0  0  0  0  0  21  0  0  0  0  0  48  0  0  0  0  0  0  0 
1441666647  0  0  0  0  0  0  0  0  0  4180708  0  0  0  0  0  0  0  0  0  21  0  0  0  0  0  48  0  0  0  0  0  0  0 
1441666647  0  0  0  0  0  0  0  0  0  4180708  0  0  0  0  0  0  0  0  0  21  0  0  0  0  0  48  0  0  0  0  0  0  0 
1441666648  0  0  0  0  0  0  0  0  0  4180708  0  0  0  0  0  0  0  0  0  21  0  0  0  0  0  48  0  0  0  0  0  0  0 
1441666648  0  0  0  0  0  0  0  0  0  4180708  0  0  0  0  0  0  0  0  0  21  0  0  0  0  0  48  0  0  0  0  0  0  0 
1441666649  0  0  0  0  0  0  0  0  0  4180708  0  0  0  0  0  0  0  0  0  21  0  0  0  0  0  48  0  0  0  0  0  0  0 
1441666649  0  0  0  0  0  0  0  0  0  4180708  0  0  0  0  0  0  0  0  0  21  0  0  0  0  0  48  0  0  0  0  0  0  0 
1441666650  0  0  0  0  0  0  0  0  0  4180708  0  0  0  0  0  0  0  0  0  21  0  0  0  0  0  48  0  0  0  0  0  0  0 
1441666650  0  0  0  0  0  0  0  0  0  4180708  0  0  0  0  0  0  0  0  0  21  0  0  0  0  0  48  0  0  0  0  0  0  0 
1441666651  0  0  0  0  0  0  0  0  0  4180708  0  0  0  0  0  0  0  0  0  21  0  0  0  0  0  48  0  0  0  0  0  0  0 
1441666651  0  0  0  0  0  0  0  0  0  4183203  0  0  0  0  0  0  0  0  0  21  0  0  0  0  0  49  0  2495  0  0  0  0  0 
1441666652  0  0  0  0  0  0  0  0  0  4183203  0  0  0  0  0  0  0  0  0  21  0  0  0  0  0  49  0  0  0  0  0  0  0 
1441666652  0  0  0  0  0  0  0  0  0  4183203  0  0  0  0  0  0  0  0  0  21  0  0  0  0  0  49  0  0  0  0  0  0  0 
1441666653  0  0  0  0  0  0  0  0  0  4183203  0  0  0  0  0  0  0  0  0  21  0  0  0  0  0  49  0  0  0  0  0  0  0 
1441666653  0  0  0  0  0  0  0  0  0  4183203  0  0  0  0  0  0  0  0  0  21  0  0  0  0  0  49  0  0  0  0  0  0  0 
1441666654  0  0  0  0  0  0  0  0  0  4183203  0  0  0  0  0  0  0  0  0  21  0  0  0  0  0  49  0  0  0  0  0  0  0 
1441666654  0  0  0  0  0  0  0  0  0  4183203  0  0  0  0  0  0  0  0  0  21  0  0  0  0  0  49  0  0  0  0  0  0  0 
1441666655  0  0  0  0  0  0  0  0  0  4183203  0  0  0  0  0  0  0  0  0  21  0  0  0  0  0  49  0  0  0  0  0  0  0 
1441666655  0  0  0  0  0  0  0  0  0  4183203  0  0  0  0  0  0  0  0  0  21  0  0  0  0  0  49  0  0  0  0  0  0  0 
1441666656  0  0  0  0  0  0  0  0  0  4183203  0  0  0  0  0  0  0  0  0  21  0  0  0  0  0  49  0  0  0  0  0  0  0 
1441666656  0  0  0  0  0  0  0  0  0  4183203  0  0  0  0  0  0  0  0  0  21  0  0  0  0  0  49  0  0  0  0  0  0  0 
1441666657  0  0  0  0  0  0  0  0  0  4183203  0  0  0  0  0  0  0  0  0  21  0  0  0  0  0  49  0  0  0  0  0  0  0 
1441666657  0  0  0  0  0  0  0  0  0  4183203  0  0  0  0  0  0  0  0  0  21  0  0  0  0  0  49  0  0  0  0  0  0  0 
1441666658  0  0  0  0  0  0  0  0  0  4183203  0  0  0  0  0  0  0  0  0  21  0  0  0  0  0  49  0  0  0  0  0  0  0 
1441666658  0  0  0  0  0  0  0  0  0  4183203  0  0  0  0  0  0  0  0  0  21  0  0  0  0  0  49  0  0  0  0  0  0  0 
1441666659  0  0  0  0  0  0  0  0  0  4183203  0  0  0  0  0  0  0  0  0  21  0  0  0  0  0  49  0  0  0  0  0  0  0 
1441666659  0  0  0  0  0  0  0  0  0  4183203  0  0  0  0  0  0  0  0  0  21  0  0  0  0  0  49  0  0  0  0  0  0  0 
1441666660  0  0  0  0  0  0  0  0  0  4183203  0  0  0  0  0  0  0  0  0  21  0  0  0  0  0  49  0  0  0  0  0  0  0 
1441666660  0  0  0  0  0  0  0  0  0  4183203  0  0  0  0  0  0  0  0  0  21  0  0  0  0  0  49  0  0  0  0  0  0  0 
1441666661  0  0  0  0  0  0  0  0  0  4183203  0  0  0  0  0  0  0  0  0  21  0  0  0  0  0  49  0  0  0  0  0  0  0 
1441666661  0  0  0  0  0  0  0  0  0  4185786  0  0  0  0  0  0  0  0  0  21  0  0  0  0  0  50  0  2583  0  0  0  0  0 
1441666662  0  0  0  0  0  0  0  0  0  4185786  0  0  0  0  0  0  0  0  0  21  0  0  0  0  0  50  0  0  0  0  0  0  0 
1441666662  0  0  0  0  0  0  0  0  0  4185786  0  0  0  0  0  0  0  0  0  21  0  0  0  0  0  50  0  0  0  0  0  0  0 
1441666663  0  0  0  0  0  0  0  0  0  4185786  0  0  0  0  0  0  0  0  0  21  0  0  0  0  0  50  0  0  0  0  0  0  0 
1441666663  0  0  0  0  0  0  0  0  0  4185786  0  0  0  0  0  0  0  0  0  21  0  0  0  0  0  50  0  0  0  0  0  0  0 
1441666664  0  0  0  0  0  0  0  0  0  4185786  0  0  0  0  0  0  0  0  0  21  0  0  0  0  0  50  0  0  0  0  0  0  0 
1441666664  0  0  0  0  0  0  0  0  0  4185786  0  0  0  0  0  0  0  0  0  21  0  0  0  0  0  50  0  0  0  0  0  0  0 
1441666665  0  0  0  0  0  0  0  0  0  4185786  0  0  0  0  0  0  0  0  0  21  0  0  0  0  0  50  0  0  0  0  0  0  0 
1441666665  0  0  0  0  0  0  0  0  0  4185786  0  0  0  0  0  0  0  0  0  21  0  0  0  0  0  50  0  0  0  0  0  0  0 
1441666666  0  0  0  0  0  0  0  0  0  4185786  0  0  0  0  0  0  0  0  0  21  0  0  0  0  0  50  0  0  0  0  0  0  0 
1441666666  0  0  0  0  0  0  0  0  0  4185786  0  0  0  0  0  0  0  0  0  21  0  0  0  0  0  50  0  0  0  0  0  0  0 
1441666667  0  0  0  0  0  0  0  0  0  4185786  0  0  0  0  0  0  0  0  0  21  0  0  0  0  0  50  0  0  0  0  0  0  0 
1441666667  0  0  0  0  0  0  0  0  0  4185786  0  0  0  0  0  0  0  0  0  21  0  0  0  0  0  50  0  0  0  0  0  0  0 
1441666668  0  0  0  0  0  0  0  0  0  4185786  0  0  0  0  0  0  0  0  0  21  0  0  0  0  0  50  0  0  0  0  0  0  0 
1441666668  0  0  0  0  0  0  0  0  0  4185786  0  0  0  0  0  0  0  0  0  21  0  0  0  0  0  50  0  0  0  0  0  0  0 
1441666669  0  0  0  0  0  0  0  0  0  4185786  0  0  0  0  0  0  0  0  0  21  0  0  0  0  0  50  0  0  0  0  0  0  0 
1441666669  0  0  0  0  0  0  0  0  0  4185786  0  0  0  0  0  0  0  0  0  21  0  0  0  0  0  50  0  0  0  0  0  0  0 
1441666670  0  0  0  0  0  0  0  0  0  4185786  0  0  0  0  0  0  0  0  0  21  0  0  0  0  0  50  0  0  0  0  0  0  0 
1441666670  0  0  0  0  0  0  0  0  0  4185786  0  0  0  0  0  0  0  0  0  21  0  0  0  0  0  50  0  0  0  0  0  0  0 
1441666671  0  0  0  0  0  0  0  0  0  4185786  0  0  0  0  0  0  0  0  0  21  0  0  0  0  0  50  0  0  0  0  0  0  0 
1441666671  0  0  0  0  0  0  0  0  0  4188411  0  0  0  0  0  0  0  0  0  21  0  0  0  0  0  51  0  2625  0  0  0  0  0 
1441666672  0  0  0  0  0  0  0  0  0  4188411  0  0  0  0  0  0  0  0  0  21  0  0  0  0  0  51  0  0  0  0  0  0  0 
1441666672  0  0  0  0  0  0  0  0  0  4188411  0  0  0  0  0  0  0  0  0  21  0  0  0  0  0  51  0  0  0  0  0  0  0 
1441666673  0  0  0  0  0  0  0  0  0  4188411  0  0  0  0  0  0  0  0  0  21  0  0  0  0  0  51  0  0  0  0  0  0  0 
1441666673  0  0  0  0  0  0  0  0  0  4188411  0  0  0  0  0  0  0  0  0  21  0  0  0  0  0  51  0  0  0  0  0  0  0 
1441666674  0  0  0  0  0  0  0  0  0  4188411  0  0  0  0  0  0  0  0  0  21  0  0  0  0  0  51  0  0  0  0  0  0  0 
1441666674  0  0  0  0  0  0  0  0  0  4188411  0  0  0  0  0  0  0  0  0  21  0  0  0  0  0  51  0  0  0  0  0  0  0 
1441666675  0  0  0  0  0  0  0  0  0  4188411  0  0  0  0  0  0  0  0  0  21  0  0  0  0  0  51  0  0  0  0  0  0  0 
1441666675  0  0  0  0  0  0  0  0  0  4188411  0  0  0  0  0  0  0  0  0  21  0  0  0  0  0  51  0  0  0  0  0  0  0 
1441666676  0  0  0  0  0  0  0  0  0  4188411  0  0  0  0  0  0  0  0  0  21  0  0  0  0  0  51  0  0  0  0  0  0  0 
1441666676  0  0  0  0  0  0  0  0  0  4188411  0  0  0  0  0  0  0  0  0  21  0  0  0  0  0  51  0  0  0  0  0  0  0 
1441666677  0  0  0  0  0  0  0  0  0  4188411  0  0  0  0  0  0  0  0  0  21  0  0  0  0  0  51  0  0  0  0  0  0  0 
1441666677  0  0  0  0  0  0  0  0  0  4188411  0  0  0  0  0  0  0  0  0  21  0  0  0  0  0  51  0  0  0  0  0  0  0 
1441666678  0  0  0  0  0  0  0  0  0  4188411  0  0  0  0  0  0  0  0  0  21  0  0  0  0  0  51  0  0  0  0  0  0  0 
1441666678  0  0  0  0  0  0  0  0  0  4188411  0  0  0  0  0  0  0  0  0  21  0  0  0  0  0  51  0  0  0  0  0  0  0 
1441666679  0  0  0  0  0  0  0  0  0  4188411  0  0  0  0  0  0  0  0  0  21  0  0  0  0  0  51  0  0  0  0  0  0  0 
1441666679  0  0  0  0  0  0  0  0  0  4188411  0  0  0  0  0  0  0  0  0  21  0  0  0  0  0  51  0  0  0  0  0  0  0 
1441666680  0  0  0  0  0  0  0  0  0  4188411  0  0  0  0  0  0  0  0  0  21  0  0  0  0  0  51  0  0  0  0  0  0  0 
1441666680  0  0  0  0  0  0  0  0  0  4188411  0  0  0  0  0  0  0  0  0  21  0  0  0  0  0  51  0  0  0  0  0  0  0 
1441666681  0  0  0  0  0  0  0  0  0  4218131  0  0  0  0  0  0  0  0  0  21  0  0  0  0  0  51  0  29720  0  0  0  0  0 
1441666681  0  0  0  0  0  0  0  0  0  4218131  0  0  0  0  0  0  0  0  0  21  0  0  0  0  0  51  0  0  0  0  0  0  0 
1441666682  0  0  0  0  0  0  0  0  0  4300139  0  0  0  0  0  0  0  0  0  25  0  0  0  0  0  64  0  82008  0  0  0  0  0 
1441666683  0  0  0  0  0  0  0  0  0  4300139  0  0  0  0  0  0  0  0  0  25  0  0  0  0  0  64  0  0  0  0  0  0  0 
