#type:G;
#time  Rt  Nm  Tt  Nc  Rx  Gz  Pc  Pf  Ra  Te  Pm  Fp  Fc  Ta  Fm  Om  Lm  Oc  Sm  Sc  Em  Af  Ea  Cf  Ec  Gd  Zt  Et  Ep  dedup_put_diff  total_eph_put_diff  dedup_factor  dedup_curr  compression_saving  tze_saving  
1441340351  0  0  4969  0  0  0  0  0  0  4895  0  0  0  0  0  0  0  0  0  0  0  0  0  0  0  0  0  0  0  0  0  0 0 0 0 
1441340351  0  0  4972  0  0  0  0  0  0  4896  0  0  0  0  0  0  0  0  0  0  0  0  0  0  0  0  0  0  0  0  0  0 0 0 0 
1441340352  0  0  4972  0  0  0  0  0  0  4896  0  0  0  0  0  0  0  0  0  0  0  0  0  0  0  0  0  0  0  0  0  0 0 0 0 
1441340352  0  0  4973  0  0  0  0  0  0  4896  0  0  0  0  0  0  0  0  0  0  0  0  0  0  0  0  0  0  0  0  0  0 0 0 0 
1441340353  0  0  4974  0  0  0  0  0  0  4896  0  0  0  0  0  0  0  0  0  0  0  0  0  0  0  0  0  0  0  0  0  0 0 0 0 
1441340353  0  0  4975  0  0  0  0  0  0  4896  0  0  0  0  0  0  0  0  0  0  0  0  0  0  0  0  0  0  0  0  0  0 0 0 0 
1441340354  0  0  4976  0  0  0  0  0  0  4896  0  0  0  0  0  0  0  0  0  0  0  0  0  0  0  0  0  0  0  0  0  0 0 0 0 
1441340354  0  0  4977  0  0  0  0  0  0  4896  0  0  0  0  0  0  0  0  0  0  0  0  0  0  0  0  0  0  0  0  0  0 0 0 0 
1441340355  0  0  4978  0  0  0  0  0  0  4896  0  0  0  0  0  0  0  0  0  0  0  0  0  0  0  0  0  0  0  0  0  0 0 0 0 
1441340355  0  0  4979  0  0  0  0  0  0  4896  0  0  0  0  0  0  0  0  0  0  0  0  0  0  0  0  0  0  0  0  0  0 0 0 0 
1441340356  0  0  4979  0  0  0  0  0  0  4896  0  0  0  0  0  0  0  0  0  0  0  0  0  0  0  0  0  0  0  0  0  0 0 0 0 
1441340356  0  0  4980  0  0  0  0  0  0  4896  0  0  0  0  0  0  0  0  0  0  0  0  0  0  0  0  0  0  0  0  0  0 0 0 0 
1441340357  0  0  4981  0  0  0  0  0  0  4896  0  0  0  0  0  0  0  0  0  0  0  0  0  0  0  0  0  0  0  0  0  0 0 0 0 
1441340357  0  0  4982  0  0  0  0  0  0  4896  0  0  0  0  0  0  0  0  0  0  0  0  0  0  0  0  0  0  0  0  0  0 0 0 0 
1441340358  0  0  4983  0  0  0  0  0  0  4896  0  0  0  0  0  0  0  0  0  0  0  0  0  0  0  0  0  0  0  0  0  0 0 0 0 
1441340358  0  0  4984  0  0  0  0  0  0  4896  0  0  0  0  0  0  0  0  0  0  0  0  0  0  0  0  0  0  0  0  0  0 0 0 0 
1441340359  0  0  4985  0  0  0  0  0  0  4896  0  0  0  0  0  0  0  0  0  0  0  0  0  0  0  0  0  0  0  0  0  0 0 0 0 
1441340359  0  0  4986  0  0  0  0  0  0  4896  0  0  0  0  0  0  0  0  0  0  0  0  0  0  0  0  0  0  0  0  0  0 0 0 0 
1441340360  0  0  4986  0  0  0  0  0  0  4896  0  0  0  0  0  0  0  0  0  0  0  0  0  0  0  0  0  0  0  0  0  0 0 0 0 
1441340360  0  0  4987  0  0  0  0  0  0  4896  0  0  0  0  0  0  0  0  0  0  0  0  0  0  0  0  0  0  0  0  0  0 0 0 0 
1441340361  0  0  4989  0  0  0  0  0  0  4897  0  0  0  0  0  0  0  0  0  0  0  0  0  0  0  0  0  0  0  0  0  0 0 0 0 
1441340361  0  234  8941  196  0  0  2817  0  0  5009  3422  0  2815  624  3420  354  0  218  3420  2815  3422  0  0  0  2817  2  0  0  3422  2  3422  0.0584453535944  0.070997515087  100.0  100.0  
1441340362  0  234  9147  182  0  0  2692  0  0  5009  3422  0  2690  754  3420  354  0  190  3420  2690  3422  0  0  0  2692  2  0  0  3422  0  0  0.0584453535944  0.074294205052  100.0  100.0  
1441340362  0  234  9328  178  0  0  2614  0  0  5009  3422  0  2612  833  3420  354  0  188  3420  2612  3422  0  0  0  2614  2  0  0  3422  0  0  0.0584453535944  0.0765110941086  100.0  100.0  
1441340363  0  234  9329  178  0  0  2614  0  0  5009  3422  0  2612  833  3420  354  0  188  3420  2612  3422  0  0  0  2614  2  0  0  3422  0  0  0.0584453535944  0.0765110941086  100.0  100.0  
1441340363  0  234  9329  178  0  0  2614  0  0  5009  3422  0  2612  833  3420  354  0  188  3420  2612  3422  0  0  0  2614  2  0  0  3422  0  0  0.0584453535944  0.0765110941086  100.0  100.0  
1441340364  0  234  9330  178  0  0  2614  0  0  5009  3422  0  2612  833  3420  354  0  188  3420  2612  3422  0  0  0  2614  2  0  0  3422  0  0  0.0584453535944  0.0765110941086  100.0  100.0  
1441340364  0  234  9331  178  0  0  2614  0  0  5009  3422  0  2612  833  3420  354  0  188  3420  2612  3422  0  0  0  2614  2  0  0  3422  0  0  0.0584453535944  0.0765110941086  100.0  100.0  
1441340365  0  234  9332  178  0  0  2614  0  0  5009  3422  0  2612  833  3420  354  0  188  3420  2612  3422  0  0  0  2614  2  0  0  3422  0  0  0.0584453535944  0.0765110941086  100.0  100.0  
1441340365  0  234  9333  178  0  0  2614  0  0  5009  3422  0  2612  833  3420  354  0  188  3420  2612  3422  0  0  0  2614  2  0  0  3422  0  0  0.0584453535944  0.0765110941086  100.0  100.0  
1441340366  0  234  9334  178  0  0  2614  0  0  5009  3422  0  2612  833  3420  354  0  188  3420  2612  3422  0  0  0  2614  2  0  0  3422  0  0  0.0584453535944  0.0765110941086  100.0  100.0  
1441340366  0  234  9334  178  0  0  2614  0  0  5009  3422  0  2612  833  3420  354  0  188  3420  2612  3422  0  0  0  2614  2  0  0  3422  0  0  0.0584453535944  0.0765110941086  100.0  100.0  
1441340367  0  234  9335  178  0  0  2614  0  0  5009  3422  0  2612  833  3420  354  0  188  3420  2612  3422  0  0  0  2614  2  0  0  3422  0  0  0.0584453535944  0.0765110941086  100.0  100.0  
1441340367  0  234  9336  178  0  0  2614  0  0  5009  3422  0  2612  833  3420  354  0  188  3420  2612  3422  0  0  0  2614  2  0  0  3422  0  0  0.0584453535944  0.0765110941086  100.0  100.0  
1441340368  0  234  9337  178  0  0  2614  0  0  5009  3422  0  2612  833  3420  354  0  188  3420  2612  3422  0  0  0  2614  2  0  0  3422  0  0  0.0584453535944  0.0765110941086  100.0  100.0  
1441340369  0  234  18321  208  0  0  3024  0  0  5009  3422  0  3022  423  3420  354  0  225  3420  3022  3422  0  0  0  3024  2  0  0  3832  0  410  0.0521920668058  0.0661375661376  100.0  100.0  
1441340369  0  234  18321  208  0  0  3024  0  0  5009  3422  0  3022  423  3420  354  0  225  3420  3022  3422  0  0  0  3024  2  0  0  3832  0  0  0.0521920668058  0.0661375661376  100.0  100.0  
1441340370  0  234  24880  208  0  0  3024  0  0  5009  3422  0  3022  423  3420  354  0  225  3420  3022  3422  0  0  0  3024  2  0  0  3832  0  0  0.0521920668058  0.0661375661376  100.0  100.0  
1441340370  0  234  32273  208  0  0  3024  0  0  5009  3422  0  3022  423  3420  354  0  225  3420  3022  3422  0  0  0  3024  2  0  0  3832  0  0  0.0521920668058  0.0661375661376  100.0  100.0  
1441340371  0  234  40840  208  0  0  3024  0  0  5009  3422  0  3022  423  3420  354  0  225  3420  3022  3422  0  0  0  3024  2  0  0  3832  0  0  0.0521920668058  0.0661375661376  100.0  100.0  
1441340371  0  234  40840  208  0  0  3024  0  0  5009  3422  0  3022  423  3420  354  0  225  3420  3022  3422  0  0  0  3024  2  0  0  3832  0  0  0.0521920668058  0.0661375661376  100.0  100.0  
1441340372  0  234  67311  205  0  0  2942  0  0  5009  3422  0  2940  505  3420  354  0  221  3420  2940  3422  0  0  0  2942  2  0  0  3832  0  0  0.0521920668058  0.0679809653297  100.0  100.0  
1441340372  0  234  77705  204  0  0  2939  0  0  5009  3422  0  2937  508  3420  354  0  221  3420  2937  3422  0  0  0  2939  2  0  0  3832  0  0  0.0521920668058  0.0680503572644  100.0  100.0  
1441340373  0  234  85215  204  0  0  2939  0  0  5009  3422  0  2937  508  3420  354  0  221  3420  2937  3422  0  0  0  2939  2  0  0  3832  0  0  0.0521920668058  0.0680503572644  100.0  100.0  
1441340373  0  234  92487  212  0  0  3683  0  0  5009  3683  0  3681  0  3681  354  0  224  3681  3681  3683  0  0  0  3683  2  0  0  4576  0  744  0.0437062937063  0.054303556883  100.0  100.0  
1441340374  0  234  101617  212  0  0  3709  0  0  5009  3709  0  3707  0  3707  354  0  224  3707  3707  3709  0  0  0  3709  2  0  0  4602  0  26  0.0434593654933  0.0539228902669  100.0  100.0  
1441340374  0  234  111720  214  0  0  3715  0  0  5009  3715  0  3713  0  3713  354  0  225  3713  3713  3715  0  0  0  3715  2  0  0  4608  0  6  0.0434027777778  0.0538358008075  100.0  100.0  
1441340375  0  234  111720  214  0  0  3715  0  0  5009  3715  0  3713  0  3713  354  0  225  3713  3713  3715  0  0  0  3715  2  0  0  4608  0  0  0.0434027777778  0.0538358008075  100.0  100.0  
1441340375  0  234  121642  229  0  0  3904  0  0  5009  3904  0  3902  0  3902  354  0  229  3902  3902  3904  0  0  0  3904  2  0  0  4797  0  189  0.0416927246196  0.0512295081967  100.0  100.0  
1441340376  0  242  129012  242  0  0  4095  0  0  5009  4095  0  4093  0  4093  354  0  231  4093  4093  4095  0  0  0  4095  2  0  0  4988  0  191  0.0400962309543  0.04884004884  100.0  100.0  
1441340376  0  262  137197  258  0  0  4472  0  0  5009  4472  0  4470  0  4470  354  0  230  4470  4470  4472  0  0  0  4472  2  0  0  5406  0  418  0.0369959304477  0.0447227191413  100.0  100.0  
1441340377  0  273  142633  273  0  0  4765  0  0  5009  4765  0  4763  0  4763  354  0  234  4763  4763  4765  0  0  0  4765  2  0  0  5699  0  293  0.0350938761186  0.0419727177335  100.0  100.0  
1441340377  0  295  150894  295  0  0  5346  0  0  5009  5346  0  5344  0  5344  354  0  234  5344  5344  5346  0  0  0  5346  2  0  0  6280  0  581  0.031847133758  0.0374111485223  100.0  100.0  
1441340378  0  319  162712  319  0  0  6288  0  0  5009  6288  0  6286  0  6286  354  0  234  6286  6286  6288  0  0  0  6288  2  0  0  7222  0  942  0.0276931597895  0.0318066157761  100.0  100.0  
1441340378  0  319  162712  319  0  0  6288  0  0  5009  6288  0  6286  0  6286  354  0  234  6286  6286  6288  0  0  0  6288  2  0  0  7222  0  0  0.0276931597895  0.0318066157761  100.0  100.0  
1441340379  0  344  170607  344  0  0  7241  0  0  5009  7241  0  7239  0  7239  354  0  234  7239  7239  7241  0  0  0  7241  2  0  0  8175  0  953  0.0244648318043  0.0276204944069  100.0  100.0  
1441340379  0  498  185502  498  0  0  16488  0  0  5009  16488  0  16474  0  16474  354  0  235  16474  16474  16488  0  0  0  16488  14  0  0  17422  12  9247  0.0803581678338  0.0849102377487  100.0  100.0  
1441340380  0  536  190650  536  0  0  19029  0  0  5009  19029  0  18989  0  18989  354  0  236  18989  18989  19029  0  0  0  19029  40  0  0  19963  26  2541  0.200370685769  0.210205475853  100.0  100.0  
1441340380  0  630  201676  630  0  0  24991  0  0  5009  24991  0  24816  0  24816  354  0  237  24816  24816  24991  0  0  0  24991  175  0  0  25925  135  5962  0.675024108004  0.700252090753  100.0  100.0  
1441340381  0  689  211693  689  0  0  29196  0  0  5009  29196  0  28815  0  28815  354  0  237  28815  28815  29196  0  0  0  29196  381  0  0  30130  206  4205  1.26452041155  1.30497328401  100.0  100.0  
1441340381  0  721  217410  721  0  0  31879  0  0  5009  31879  0  31318  0  31318  354  0  238  31318  31318  31879  0  0  0  31879  561  0  0  32813  180  2683  1.70968823332  1.75977916497  100.0  100.0  
1441340382  0  721  217410  721  0  0  31879  0  0  5009  31879  0  31318  0  31318  354  0  238  31318  31318  31879  0  0  0  31879  561  0  0  32813  0  0  1.70968823332  1.75977916497  100.0  100.0  
1441340383  0  728  225591  697  0  0  31207  0  0  5009  32238  0  30646  1062  31677  354  0  237  31677  30646  32238  0  0  0  31207  561  0  0  33172  0  359  1.69118533703  1.79767359887  100.0  100.0  
1441340383  0  736  238370  736  0  0  32419  0  0  5009  32419  0  31739  0  31739  354  0  240  31739  31739  32419  0  0  0  32419  680  0  0  34385  119  1213  1.97760651447  2.09753539591  100.0  100.0  
1441340384  0  800  245976  798  0  0  36619  0  0  5009  36619  0  34721  0  34721  354  0  240  34721  34721  36619  0  0  0  36619  1930  0  0  38620  1250  4235  4.99741066805  5.18310166853  100.0  100.0  
1441340384  0  822  252757  822  0  0  38103  0  0  5009  38103  0  36023  0  36023  354  0  240  36023  36023  38103  0  0  0  38103  2112  0  0  40104  182  1484  5.26630760024  5.45888775162  100.0  100.0  
1441340385  0  822  252757  822  0  0  38103  0  0  5009  38103  0  36023  0  36023  354  0  240  36023  36023  38103  0  0  0  38103  2112  0  0  40104  0  0  5.26630760024  5.45888775162  100.0  100.0  
1441340385  0  832  273963  822  0  0  36094  0  0  5009  38351  0  35303  2789  37979  354  0  242  37979  35303  38351  0  0  0  36094  2815  0  0  45526  703  5422  6.18327988402  2.19149997229  100.0  100.0  
1441340386  0  868  294771  784  0  0  34077  0  0  5009  38886  0  33775  4323  37979  354  0  241  37979  33775  38886  0  0  0  34077  3036  0  0  51397  221  5871  5.90695955017  0.886228247792  100.0  100.0  
1441340386  0  868  311390  779  0  0  34076  0  0  5009  38886  0  31823  6316  37979  354  0  241  37979  31823  38886  0  0  0  34076  5101  0  0  54746  2065  3349  9.31757571329  6.61169151309  100.0  100.0  
1441340387  0  868  331049  755  0  0  33524  0  0  5009  38886  0  31271  6964  37979  354  0  240  37979  31271  38886  0  0  0  33524  5101  0  0  59518  0  4772  8.57051648241  6.72055840592  100.0  100.0  
1441340387  0  868  335711  762  0  0  33994  0  0  5009  38886  0  31741  6496  37979  354  0  240  37979  31741  38886  0  0  0  33994  5101  0  0  60060  0  542  8.49317349317  6.6276401718  100.0  100.0  
1441340388  0  868  341400  803  0  0  36309  0  0  5009  38886  0  33965  4161  37979  354  0  244  37979  33965  38886  0  0  0  36309  5192  0  0  62375  91  2315  8.32384769539  6.45569968878  100.0  100.0  
1441340388  0  868  341400  803  0  0  36309  0  0  5009  38886  0  33965  4161  37979  354  0  244  37979  33965  38886  0  0  0  36309  5192  0  0  62375  0  0  8.32384769539  6.45569968878  100.0  100.0  
1441340389  0  868  345829  745  0  0  32798  0  0  5009  38886  0  32304  5757  37979  354  0  241  37979  32304  38886  0  0  0  32798  5334  0  0  66320  142  3945  8.04282267793  1.50618940179  100.0  100.0  
1441340389  0  868  352668  749  0  0  33122  0  0  5009  38886  0  32628  5433  37979  354  0  241  37979  32628  38886  0  0  0  33122  5334  0  0  66644  0  324  8.00372126523  1.49145582996  100.0  100.0  
1441340390  0  868  375063  770  0  0  33211  0  0  5009  38886  0  32500  5745  37979  354  0  243  37979  32500  38886  0  0  0  33211  5551  0  0  73908  217  7264  7.51068896466  2.14085694499  100.0  100.0  
1441340390  0  868  380501  792  0  0  35119  0  0  5009  38886  0  34190  3966  37979  354  0  244  37979  34190  38886  0  0  0  35119  5883  0  0  75930  332  2022  7.74792572106  2.64529172243  100.0  100.0  
1441340391  0  868  384270  805  0  0  35671  0  0  5009  38886  0  34456  3678  37979  354  0  245  37979  34456  38886  0  0  0  35671  6169  0  0  76482  286  552  8.06595015821  3.40612822741  100.0  100.0  
1441340391  0  868  387463  804  0  0  35583  0  0  5009  38886  0  34368  3766  37979  354  0  244  37979  34368  38886  0  0  0  35583  6169  0  0  76482  0  0  8.06595015821  3.41455189276  100.0  100.0  
1441340392  0  868  387463  804  0  0  35583  0  0  5009  38886  0  34368  3766  37979  354  0  244  37979  34368  38886  0  0  0  35583  6169  0  0  76482  0  0  8.06595015821  3.41455189276  100.0  100.0  
1441340392  0  868  388209  804  0  0  35583  0  0  5009  38886  0  34368  3766  37979  354  0  244  37979  34368  38886  0  0  0  35583  6169  0  0  76482  0  0  8.06595015821  3.41455189276  100.0  100.0  
