#Type:X;CI:1;ww:0;ca:0;co:0;fr:0;Type:X;CI:1;PI:0;PT:EP;U0:0;U1:0;Type:X;CI:1;PI:1;PT:EP;U0:0;U1:0;
#time  Pp  gt  gs  cn  cm  cb  Nc  Pc  cp  Tc  Nm  pr  ps  pt  px  pd  Pm  Om  fs  ft  Oc  Em  Gp  Ec  Ge  ot  os  Total_cycles_diff  Successful_get_diff  Total_get_diff  succ_put_diff  total_put_diff  get_hit  
1441340351  0  0  0  0  0  0  0  0  0  4521567  0  0  0  0  0  0  0  0  0  21  0  0  0  0  0  46  0  4521567  0  0  0  0  
1441340351  0  0  0  0  0  0  0  0  0  4529738  0  0  0  0  0  0  0  0  0  21  0  0  0  0  0  47  0  8171  0  0  0  0  0 
1441340352  0  0  0  0  0  0  0  0  0  4529738  0  0  0  0  0  0  0  0  0  21  0  0  0  0  0  47  0  0  0  0  0  0  0 
1441340352  0  0  0  0  0  0  0  0  0  4529738  0  0  0  0  0  0  0  0  0  21  0  0  0  0  0  47  0  0  0  0  0  0  0 
1441340353  0  0  0  0  0  0  0  0  0  4529738  0  0  0  0  0  0  0  0  0  21  0  0  0  0  0  47  0  0  0  0  0  0  0 
1441340353  0  0  0  0  0  0  0  0  0  4529738  0  0  0  0  0  0  0  0  0  21  0  0  0  0  0  47  0  0  0  0  0  0  0 
1441340354  0  0  0  0  0  0  0  0  0  4529738  0  0  0  0  0  0  0  0  0  21  0  0  0  0  0  47  0  0  0  0  0  0  0 
1441340354  0  0  0  0  0  0  0  0  0  4529738  0  0  0  0  0  0  0  0  0  21  0  0  0  0  0  47  0  0  0  0  0  0  0 
1441340355  0  0  0  0  0  0  0  0  0  4529738  0  0  0  0  0  0  0  0  0  21  0  0  0  0  0  47  0  0  0  0  0  0  0 
1441340355  0  0  0  0  0  0  0  0  0  4529738  0  0  0  0  0  0  0  0  0  21  0  0  0  0  0  47  0  0  0  0  0  0  0 
1441340356  0  0  0  0  0  0  0  0  0  4529738  0  0  0  0  0  0  0  0  0  21  0  0  0  0  0  47  0  0  0  0  0  0  0 
1441340356  0  0  0  0  0  0  0  0  0  4529738  0  0  0  0  0  0  0  0  0  21  0  0  0  0  0  47  0  0  0  0  0  0  0 
1441340357  0  0  0  0  0  0  0  0  0  4529738  0  0  0  0  0  0  0  0  0  21  0  0  0  0  0  47  0  0  0  0  0  0  0 
1441340357  0  0  0  0  0  0  0  0  0  4529738  0  0  0  0  0  0  0  0  0  21  0  0  0  0  0  47  0  0  0  0  0  0  0 
1441340358  0  0  0  0  0  0  0  0  0  4529738  0  0  0  0  0  0  0  0  0  21  0  0  0  0  0  47  0  0  0  0  0  0  0 
1441340358  0  0  0  0  0  0  0  0  0  4529738  0  0  0  0  0  0  0  0  0  21  0  0  0  0  0  47  0  0  0  0  0  0  0 
1441340359  0  0  0  0  0  0  0  0  0  4529738  0  0  0  0  0  0  0  0  0  21  0  0  0  0  0  47  0  0  0  0  0  0  0 
1441340359  0  0  0  0  0  0  0  0  0  4529738  0  0  0  0  0  0  0  0  0  21  0  0  0  0  0  47  0  0  0  0  0  0  0 
1441340360  0  0  0  0  0  0  0  0  0  4529738  0  0  0  0  0  0  0  0  0  21  0  0  0  0  0  47  0  0  0  0  0  0  0 
1441340360  0  0  0  0  0  0  0  0  0  4529738  0  0  0  0  0  0  0  0  0  21  0  0  0  0  0  47  0  0  0  0  0  0  0 
1441340361  0  0  0  0  0  0  0  0  0  4532321  0  0  0  0  0  0  0  0  0  21  0  0  0  0  0  47  0  2583  0  0  0  0  0 
1441340361  0  119  119  0  0  0  196  2817  0  21968847  234  0  3422  3422  0  0  3422  354  0  113  218  3422  0  2817  119  253  128  17436526  119  119  3422  3422  100.0  
1441340362  0  324  244  0  0  0  182  2692  0  23694864  234  0  3422  3422  0  0  3422  354  0  113  190  3422  0  2692  244  253  128  1726017  125  205  0  0  75.3086419753  
1441340362  0  504  322  0  0  0  178  2614  0  24823527  234  0  3422  3422  0  0  3422  354  0  113  188  3422  0  2614  322  253  128  1128663  78  180  0  0  63.8888888889  
1441340363  0  504  322  0  0  0  178  2614  0  24823527  234  0  3422  3422  0  0  3422  354  0  113  188  3422  0  2614  322  253  128  0  0  0  0  0  63.8888888889  
1441340363  0  504  322  0  0  0  178  2614  0  24823527  234  0  3422  3422  0  0  3422  354  0  113  188  3422  0  2614  322  253  128  0  0  0  0  0  63.8888888889  
1441340364  0  504  322  0  0  0  178  2614  0  24823527  234  0  3422  3422  0  0  3422  354  0  113  188  3422  0  2614  322  253  128  0  0  0  0  0  63.8888888889  
1441340364  0  504  322  0  0  0  178  2614  0  24823527  234  0  3422  3422  0  0  3422  354  0  113  188  3422  0  2614  322  253  128  0  0  0  0  0  63.8888888889  
1441340365  0  504  322  0  0  0  178  2614  0  24823527  234  0  3422  3422  0  0  3422  354  0  113  188  3422  0  2614  322  253  128  0  0  0  0  0  63.8888888889  
1441340365  0  504  322  0  0  0  178  2614  0  24823527  234  0  3422  3422  0  0  3422  354  0  113  188  3422  0  2614  322  253  128  0  0  0  0  0  63.8888888889  
1441340366  0  504  322  0  0  0  178  2614  0  24823527  234  0  3422  3422  0  0  3422  354  0  113  188  3422  0  2614  322  253  128  0  0  0  0  0  63.8888888889  
1441340366  0  504  322  0  0  0  178  2614  0  24823527  234  0  3422  3422  0  0  3422  354  0  113  188  3422  0  2614  322  253  128  0  0  0  0  0  63.8888888889  
1441340367  0  504  322  0  0  0  178  2614  0  24823527  234  0  3422  3422  0  0  3422  354  0  113  188  3422  0  2614  322  253  128  0  0  0  0  0  63.8888888889  
1441340367  0  504  322  0  0  0  178  2614  0  24823527  234  0  3422  3422  0  0  3422  354  0  113  188  3422  0  2614  322  253  128  0  0  0  0  0  63.8888888889  
1441340368  0  504  322  0  0  0  178  2614  0  24823527  234  0  3422  3422  0  0  3422  354  0  113  188  3422  0  2614  322  253  128  0  0  0  0  0  63.8888888889  
1441340369  0  504  322  0  0  0  208  3024  0  29712980  234  0  3832  3832  0  0  3422  354  0  8686  225  3422  0  3024  322  253  128  4889453  0  0  410  410  63.8888888889  
1441340369  0  504  322  0  0  0  208  3024  0  29712980  234  0  3832  3832  0  0  3422  354  0  8686  225  3422  0  3024  322  253  128  0  0  0  0  0  63.8888888889  
1441340370  0  504  322  0  0  0  208  3024  0  31460515  234  0  3832  3832  0  0  3422  354  0  15244  225  3422  0  3024  322  253  128  1747535  0  0  0  0  63.8888888889  
1441340370  0  504  322  0  0  0  208  3024  0  33524857  234  0  3832  3832  0  0  3422  354  0  22636  225  3422  0  3024  322  253  128  2064342  0  0  0  0  63.8888888889  
1441340371  0  504  322  0  0  0  208  3024  0  35964568  234  0  3832  3832  0  0  3422  354  0  31202  225  3422  0  3024  322  253  128  2439711  0  0  0  0  63.8888888889  
1441340371  0  504  322  0  0  0  208  3024  0  35964568  234  0  3832  3832  0  0  3422  354  0  31202  225  3422  0  3024  322  253  128  0  0  0  0  0  63.8888888889  
1441340372  0  586  404  0  0  0  205  2942  0  42644324  234  0  3832  3832  0  0  3422  354  0  57590  221  3422  0  2942  404  253  128  6679756  82  82  0  0  68.9419795222  
1441340372  0  589  407  0  0  0  204  2939  0  45221596  234  0  3832  3832  0  0  3422  354  0  67980  221  3422  0  2939  407  253  128  2577272  3  3  0  0  69.1001697793  
1441340373  0  782  407  0  0  0  204  2939  0  51378540  234  0  3832  3832  0  0  3422  354  0  75295  221  3422  0  2939  407  254  128  6156944  0  193  0  0  52.0460358056  
1441340373  0  1358  407  0  0  0  212  3683  0  68484522  234  0  4576  4576  0  0  3683  354  0  81246  224  3683  0  3683  407  254  128  17105982  0  576  744  744  29.970544919  
1441340374  0  1902  407  0  0  0  212  3709  0  75643651  234  0  4602  4602  0  0  3709  354  0  89801  224  3709  0  3709  407  258  128  7159129  0  544  26  26  21.3985278654  
1441340374  0  4617  407  0  0  0  214  3715  0  86087271  234  0  4608  4608  0  0  3715  354  0  97178  225  3715  0  3715  407  262  128  10443620  0  2715  6  6  8.81524799653  
1441340375  0  4617  407  0  0  0  214  3715  0  86087271  234  0  4608  4608  0  0  3715  354  0  97178  225  3715  0  3715  407  262  128  0  0  0  0  0  8.81524799653  
1441340375  0  8482  407  0  0  0  229  3904  0  97678187  234  0  4797  4797  0  0  3904  354  0  103045  229  3904  0  3904  407  262  128  11590916  0  3865  189  189  4.79839660457  
1441340376  0  11904  407  0  0  0  242  4095  0  107874760  242  0  4988  4988  0  0  4095  354  0  106801  231  4095  0  4095  407  262  128  10196573  0  3422  191  191  3.4190188172  
1441340376  0  15513  448  0  0  0  258  4472  0  123054400  262  0  5406  5406  0  0  4472  354  0  110957  230  4472  0  4472  448  263  128  15179640  41  3609  418  418  2.88790047057  
1441340377  0  18233  448  0  0  0  273  4765  0  132720443  273  0  5699  5699  0  0  4765  354  0  113379  234  4765  0  4765  448  263  128  9666043  0  2720  293  293  2.45708331048  
1441340377  0  22328  448  0  0  0  295  5346  0  147756834  295  0  6280  6280  0  0  5346  354  0  116963  234  5346  0  5346  448  263  128  15036391  0  4095  581  581  2.00644930133  
1441340378  0  25944  448  0  0  0  319  6288  0  166088881  319  0  7222  7222  0  0  6288  354  0  124220  234  6288  0  6288  448  265  128  18332047  0  3616  942  942  1.72679617638  
1441340378  0  25944  448  0  0  0  319  6288  0  166088881  319  0  7222  7222  0  0  6288  354  0  124220  234  6288  0  6288  448  265  128  0  0  0  0  0  1.72679617638  
1441340379  0  30104  448  0  0  0  344  7241  0  186251836  344  0  8175  8175  0  0  7241  354  0  127001  234  7241  0  7241  448  265  128  20162955  0  4160  953  953  1.48817432899  
1441340379  0  33972  448  0  0  0  498  16488  0  296712482  498  0  17422  17422  0  0  16488  354  0  128778  235  16488  0  16488  448  267  128  110460646  0  3868  9247  9247  1.3187330743  
1441340380  0  36195  448  0  0  0  536  19029  0  335541329  536  0  19963  19963  0  0  19029  354  0  129161  236  19029  0  19029  448  267  128  38828847  0  2223  2541  2541  1.23774001934  
1441340380  0  39553  448  0  0  0  630  24991  0  429308351  630  0  25925  25925  0  0  24991  354  0  130864  237  24991  0  24991  448  269  128  93767022  0  3358  5962  5962  1.13265744697  
1441340381  0  41895  448  0  0  0  689  29196  0  503279266  689  0  30130  30130  0  0  29196  354  0  134331  237  29196  0  29196  448  271  128  73970915  0  2342  4205  4205  1.06934001671  
1441340381  0  43787  448  0  0  0  721  31879  0  554167882  721  0  32813  32813  0  0  31879  354  0  135470  238  31879  0  31879  448  273  128  50888616  0  1892  2683  2683  1.02313472035  
1441340382  0  43787  448  0  0  0  721  31879  0  554167882  721  0  32813  32813  0  0  31879  354  0  135470  238  31879  0  31879  448  273  128  0  0  0  0  0  1.02313472035  
1441340382  0  46507  448  0  0  0  697  31207  0  570443228  728  0  33172  33172  0  0  32238  354  0  140569  237  32238  0  31207  448  275  129  16275346  0  2720  359  359  0.963295847937  
1441340383  0  50511  449  0  0  0  736  32419  0  599884559  736  0  34385  34385  0  0  32419  354  0  148123  240  32419  0  32419  449  281  129  29441331  1  4004  1213  1213  0.888915285779  
1441340384  0  51415  484  0  0  0  798  36619  0  672072977  800  0  38620  38620  0  0  36619  354  0  150588  240  36619  0  36619  484  282  129  72188418  35  904  4235  4235  0.94135952543  
1441340384  0  52440  484  0  0  0  822  38103  0  700504429  822  0  40104  40104  0  0  38103  354  0  154858  240  38103  0  38103  484  283  129  28431452  0  1025  1484  1484  0.922959572845  
1441340385  0  52440  484  0  0  0  822  38103  0  700504429  822  0  40104  40104  0  0  38103  354  0  154858  240  38103  0  38103  484  283  129  0  0  0  0  0  0.922959572845  
1441340385  0  60395  7915  0  0  0  822  36094  0  803291861  832  0  45526  45526  0  0  38351  354  0  162683  242  38351  0  36094  7915  286  129  102787432  7431  7955  5422  5422  13.105389519  
1441340386  0  67703  15214  0  0  0  784  34077  0  929119759  868  0  51397  51397  0  0  38886  354  0  170302  241  38886  0  34077  15214  295  130  125827898  7299  7308  5871  5871  22.4716777691  
1441340386  0  71053  18564  0  0  0  779  34076  0  1003525887  868  0  54746  54746  0  0  38886  354  0  180218  241  38886  0  34076  18564  298  130  74406128  3350  3350  3349  3349  26.1269756379  
1441340387  0  77218  23847  0  0  0  755  33524  0  1088014378  868  0  59518  59518  0  0  38886  354  0  188935  240  38886  0  33524  23847  302  131  84488491  5283  6165  4772  4772  30.8826957445  
1441340387  0  77493  23919  0  0  0  762  33994  0  1096958264  868  0  60060  60060  0  0  38886  354  0  192779  240  38886  0  33994  23919  302  131  8943886  72  275  542  542  30.8660137045  
1441340388  0  80073  23919  0  0  0  803  36309  0  1131838426  868  0  62375  62375  0  0  38886  354  0  193572  244  38886  0  36309  23919  302  131  34880162  0  2580  2315  2315  29.8714922633  
1441340388  0  80073  23919  0  0  0  803  36309  0  1131838426  868  0  62375  62375  0  0  38886  354  0  193572  244  38886  0  36309  23919  302  131  0  0  0  0  0  29.8714922633  
1441340389  0  80259  23944  0  0  0  745  32798  0  1202128634  868  0  66320  66320  0  0  38886  354  0  193866  241  38886  0  32798  23944  305  133  70290208  25  186  3945  3945  29.8334143211  
1441340389  0  80409  23944  0  0  0  749  33122  0  1211065717  868  0  66644  66644  0  0  38886  354  0  200230  241  38886  0  33122  23944  305  133  8937083  0  150  324  324  29.7777611959  
1441340390  0  88236  31118  0  0  0  770  33211  0  1326139050  868  0  73908  73908  0  0  38886  354  1  207531  243  38886  0  33211  31118  307  133  115073333  7174  7827  7264  7264  35.2667845324  
1441340390  0  89205  31118  0  0  0  792  35119  0  1363461451  868  0  75930  75930  0  0  38886  354  1  209974  244  38886  0  35119  31118  310  134  37322401  0  969  2022  2022  34.8836948602  
1441340391  0  89205  31118  0  0  0  805  35671  0  1376149021  868  0  76482  76482  0  0  38886  354  1  213190  245  38886  0  35671  31118  310  134  12687570  0  0  552  552  34.8836948602  
1441340391  0  90569  31206  0  0  0  804  35583  0  1380242585  868  0  76482  76482  0  0  38886  354  1  215018  244  38886  0  35583  31206  310  134  4093564  88  1364  0  0  34.4554980181  
1441340392  0  90569  31206  0  0  0  804  35583  0  1380242585  868  0  76482  76482  0  0  38886  354  1  215018  244  38886  0  35583  31206  310  134  0  0  0  0  0  34.4554980181  
1441340392  0  90953  31206  0  0  0  804  35583  0  1381019991  868  0  76482  76482  0  0  38886  354  1  215379  244  38886  0  35583  31206  310  134  777406  0  384  0  0  34.3100282564  
