#Type:X;CI:1;ww:0;ca:0;co:1;fr:0;Type:X;CI:1;PI:0;PT:EP;U0:0;U1:0;
#time  Pp  gt  gs  cn  cm  cb  Nc  Pc  cp  Tc  Nm  pr  ps  pt  px  pd  Pm  Om  fs  ft  Oc  Em  Gp  Ec  Ge  ot  os  Total_cycles_diff  Successful_get_diff  Total_get_diff  succ_put_diff  total_put_diff  get_hit  
1440990503  0  0  0  0  0  0  0  0  0  2979371  0  0  0  0  0  0  0  0  0  0  0  0  0  0  0  10  0  2979371  0  0  0  0  
1440990503  0  0  0  0  0  0  0  0  0  2979371  0  0  0  0  0  0  0  0  0  0  0  0  0  0  0  10  0  0  0  0  0  0  0 
1440990504  0  0  0  0  0  0  0  0  0  2979371  0  0  0  0  0  0  0  0  0  0  0  0  0  0  0  10  0  0  0  0  0  0  0 
1440990504  0  0  0  0  0  0  0  0  0  2979371  0  0  0  0  0  0  0  0  0  0  0  0  0  0  0  10  0  0  0  0  0  0  0 
1440990505  0  0  0  0  0  0  0  0  0  2979371  0  0  0  0  0  0  0  0  0  0  0  0  0  0  0  10  0  0  0  0  0  0  0 
1440990505  0  0  0  0  0  0  0  0  0  2979371  0  0  0  0  0  0  0  0  0  0  0  0  0  0  0  10  0  0  0  0  0  0  0 
1440990506  0  0  0  0  0  0  0  0  0  2979371  0  0  0  0  0  0  0  0  0  0  0  0  0  0  0  10  0  0  0  0  0  0  0 
1440990506  0  0  0  0  0  0  0  0  0  2979371  0  0  0  0  0  0  0  0  0  0  0  0  0  0  0  10  0  0  0  0  0  0  0 
1440990507  0  0  0  0  0  0  0  0  0  2979371  0  0  0  0  0  0  0  0  0  0  0  0  0  0  0  10  0  0  0  0  0  0  0 
1440990507  0  0  0  0  0  0  0  0  0  2979371  0  0  0  0  0  0  0  0  0  0  0  0  0  0  0  10  0  0  0  0  0  0  0 
1440990508  0  0  0  0  0  0  0  0  0  2979371  0  0  0  0  0  0  0  0  0  0  0  0  0  0  0  10  0  0  0  0  0  0  0 
1440990508  0  0  0  0  0  0  0  0  0  2979371  0  0  0  0  0  0  0  0  0  0  0  0  0  0  0  10  0  0  0  0  0  0  0 
1440990509  0  0  0  0  0  0  0  0  0  2979371  0  0  0  0  0  0  0  0  0  0  0  0  0  0  0  10  0  0  0  0  0  0  0 
1440990509  0  0  0  0  0  0  0  0  0  2979371  0  0  0  0  0  0  0  0  0  0  0  0  0  0  0  10  0  0  0  0  0  0  0 
1440990510  0  0  0  0  0  0  0  0  0  2979371  0  0  0  0  0  0  0  0  0  0  0  0  0  0  0  10  0  0  0  0  0  0  0 
1440990510  0  0  0  0  0  0  0  0  0  2979371  0  0  0  0  0  0  0  0  0  0  0  0  0  0  0  10  0  0  0  0  0  0  0 
1440990511  0  0  0  0  0  0  0  0  0  2979371  0  0  0  0  0  0  0  0  0  0  0  0  0  0  0  10  0  0  0  0  0  0  0 
1440990511  0  0  0  0  0  0  0  0  0  2979371  0  0  0  0  0  0  0  0  0  0  0  0  0  0  0  10  0  0  0  0  0  0  0 
1440990512  0  0  0  0  0  0  0  0  0  2979371  0  0  0  0  0  0  0  0  0  0  0  0  0  0  0  10  0  0  0  0  0  0  0 
1440990512  0  0  0  0  0  0  0  0  0  2979371  0  0  0  0  0  0  0  0  0  0  0  0  0  0  0  10  0  0  0  0  0  0  0 
1440990513  0  0  0  0  0  0  0  0  0  2979371  0  0  0  0  0  0  0  0  0  0  0  0  0  0  0  10  0  0  0  0  0  0  0 
1440990513  0  0  0  0  0  0  0  0  0  2979371  0  0  0  0  0  0  0  0  0  0  0  0  0  0  0  10  0  0  0  0  0  0  0 
1440990514  0  0  0  0  0  0  0  0  0  2979371  0  0  0  0  0  0  0  0  0  0  0  0  0  0  0  10  0  0  0  0  0  0  0 
1440990514  0  0  0  0  0  0  0  0  0  2979371  0  0  0  0  0  0  0  0  0  0  0  0  0  0  0  10  0  0  0  0  0  0  0 
1440990515  0  0  0  0  0  0  0  0  0  2979371  0  0  0  0  0  0  0  0  0  0  0  0  0  0  0  10  0  0  0  0  0  0  0 
1440990515  0  0  0  0  0  0  0  0  0  2979371  0  0  0  0  0  0  0  0  0  0  0  0  0  0  0  10  0  0  0  0  0  0  0 
1440990516  0  0  0  0  0  0  0  0  0  2979371  0  0  0  0  0  0  0  0  0  0  0  0  0  0  0  10  0  0  0  0  0  0  0 
1440990516  0  0  0  0  0  0  0  0  0  2979371  0  0  0  0  0  0  0  0  0  0  0  0  0  0  0  10  0  0  0  0  0  0  0 
1440990517  0  0  0  0  0  0  0  0  0  2979371  0  0  0  0  0  0  0  0  0  0  0  0  0  0  0  10  0  0  0  0  0  0  0 
1440990517  0  0  0  0  0  0  0  0  0  2979371  0  0  0  0  0  0  0  0  0  0  0  0  0  0  0  10  0  0  0  0  0  0  0 
1440990518  0  0  0  0  0  0  0  0  0  2979371  0  0  0  0  0  0  0  0  0  0  0  0  0  0  0  10  0  0  0  0  0  0  0 
1440990518  0  0  0  0  0  0  0  0  0  2979371  0  0  0  0  0  0  0  0  0  0  0  0  0  0  0  10  0  0  0  0  0  0  0 
1440990519  0  0  0  0  0  0  0  0  0  2979371  0  0  0  0  0  0  0  0  0  0  0  0  0  0  0  10  0  0  0  0  0  0  0 
1440990519  0  0  0  0  0  0  0  0  0  2979371  0  0  0  0  0  0  0  0  0  0  0  0  0  0  0  10  0  0  0  0  0  0  0 
1440990520  0  0  0  0  0  0  0  0  0  2979371  0  0  0  0  0  0  0  0  0  0  0  0  0  0  0  10  0  0  0  0  0  0  0 
1440990520  0  0  0  0  0  0  0  0  0  2979371  0  0  0  0  0  0  0  0  0  0  0  0  0  0  0  10  0  0  0  0  0  0  0 
1440990521  0  0  0  0  0  0  0  0  0  2979371  0  0  0  0  0  0  0  0  0  0  0  0  0  0  0  10  0  0  0  0  0  0  0 
1440990521  0  0  0  0  0  0  0  0  0  2979371  0  0  0  0  0  0  0  0  0  0  0  0  0  0  0  10  0  0  0  0  0  0  0 
1440990522  0  0  0  0  0  0  0  0  0  2979371  0  0  0  0  0  0  0  0  0  0  0  0  0  0  0  10  0  0  0  0  0  0  0 
1440990522  0  0  0  0  0  0  0  0  0  2979371  0  0  0  0  0  0  0  0  0  0  0  0  0  0  0  10  0  0  0  0  0  0  0 
1440990523  0  0  0  0  0  0  0  0  0  2979371  0  0  0  0  0  0  0  0  0  0  0  0  0  0  0  10  0  0  0  0  0  0  0 
1440990523  0  0  0  0  0  0  0  0  0  2979371  0  0  0  0  0  0  0  0  0  0  0  0  0  0  0  10  0  0  0  0  0  0  0 
1440990524  0  0  0  0  0  0  0  0  0  2979371  0  0  0  0  0  0  0  0  0  0  0  0  0  0  0  10  0  0  0  0  0  0  0 
1440990524  0  0  0  0  0  0  0  0  0  2979371  0  0  0  0  0  0  0  0  0  0  0  0  0  0  0  10  0  0  0  0  0  0  0 
1440990525  0  0  0  0  0  0  0  0  0  2979371  0  0  0  0  0  0  0  0  0  0  0  0  0  0  0  10  0  0  0  0  0  0  0 
1440990525  0  0  0  0  0  0  0  0  0  2979371  0  0  0  0  0  0  0  0  0  0  0  0  0  0  0  10  0  0  0  0  0  0  0 
1440990526  0  0  0  0  0  0  0  0  0  2979371  0  0  0  0  0  0  0  0  0  0  0  0  0  0  0  10  0  0  0  0  0  0  0 
1440990526  0  0  0  0  0  0  0  0  0  2979371  0  0  0  0  0  0  0  0  0  0  0  0  0  0  0  10  0  0  0  0  0  0  0 
1440990527  0  0  0  0  0  0  0  0  0  2979371  0  0  0  0  0  0  0  0  0  0  0  0  0  0  0  10  0  0  0  0  0  0  0 
1440990527  0  0  0  0  0  0  0  0  0  2979371  0  0  0  0  0  0  0  0  0  0  0  0  0  0  0  10  0  0  0  0  0  0  0 
1440990528  0  0  0  0  0  0  0  0  0  2979371  0  0  0  0  0  0  0  0  0  0  0  0  0  0  0  10  0  0  0  0  0  0  0 
1440990528  0  0  0  0  0  0  0  0  0  2979371  0  0  0  0  0  0  0  0  0  0  0  0  0  0  0  10  0  0  0  0  0  0  0 
1440990529  0  0  0  0  0  0  0  0  0  2979371  0  0  0  0  0  0  0  0  0  0  0  0  0  0  0  10  0  0  0  0  0  0  0 
1440990529  0  0  0  0  0  0  0  0  0  2979371  0  0  0  0  0  0  0  0  0  0  0  0  0  0  0  10  0  0  0  0  0  0  0 
1440990530  0  0  0  0  0  0  0  0  0  2979371  0  0  0  0  0  0  0  0  0  0  0  0  0  0  0  10  0  0  0  0  0  0  0 
1440990530  0  0  0  0  0  0  0  0  0  2979371  0  0  0  0  0  0  0  0  0  0  0  0  0  0  0  10  0  0  0  0  0  0  0 
1440990531  0  0  0  0  0  0  0  0  0  2979371  0  0  0  0  0  0  0  0  0  0  0  0  0  0  0  10  0  0  0  0  0  0  0 
1440990531  0  0  0  0  0  0  0  0  0  2979371  0  0  0  0  0  0  0  0  0  0  0  0  0  0  0  10  0  0  0  0  0  0  0 
1440990532  0  0  0  0  0  0  0  0  0  2979371  0  0  0  0  0  0  0  0  0  0  0  0  0  0  0  10  0  0  0  0  0  0  0 
1440990532  0  0  0  0  0  0  0  0  0  2979371  0  0  0  0  0  0  0  0  0  0  0  0  0  0  0  10  0  0  0  0  0  0  0 
1440990533  0  0  0  0  0  0  0  0  0  2979371  0  0  0  0  0  0  0  0  0  0  0  0  0  0  0  10  0  0  0  0  0  0  0 
1440990534  0  0  0  0  0  0  0  0  0  2979371  0  0  0  0  0  0  0  0  0  0  0  0  0  0  0  10  0  0  0  0  0  0  0 
1440990534  0  0  0  0  0  0  0  0  0  2979371  0  0  0  0  0  0  0  0  0  0  0  0  0  0  0  10  0  0  0  0  0  0  0 
1440990535  0  0  0  0  0  0  0  0  0  2979371  0  0  0  0  0  0  0  0  0  0  0  0  0  0  0  10  0  0  0  0  0  0  0 
1440990535  0  0  0  0  0  0  0  0  0  2979371  0  0  0  0  0  0  0  0  0  0  0  0  0  0  0  10  0  0  0  0  0  0  0 
1440990536  0  0  0  0  0  0  0  0  0  2979371  0  0  0  0  0  0  0  0  0  0  0  0  0  0  0  10  0  0  0  0  0  0  0 
1440990536  0  0  0  0  0  0  0  0  0  2979371  0  0  0  0  0  0  0  0  0  0  0  0  0  0  0  10  0  0  0  0  0  0  0 
1440990537  0  0  0  0  0  0  0  0  0  2979371  0  0  0  0  0  0  0  0  0  0  0  0  0  0  0  10  0  0  0  0  0  0  0 
1440990537  0  0  0  0  0  0  0  0  0  2979371  0  0  0  0  0  0  0  0  0  0  0  0  0  0  0  10  0  0  0  0  0  0  0 
1440990538  0  0  0  0  0  0  0  0  0  2979371  0  0  0  0  0  0  0  0  0  0  0  0  0  0  0  10  0  0  0  0  0  0  0 
1440990538  0  0  0  0  0  0  0  0  0  2979371  0  0  0  0  0  0  0  0  0  0  0  0  0  0  0  10  0  0  0  0  0  0  0 
1440990539  0  0  0  0  0  0  0  0  0  2979371  0  0  0  0  0  0  0  0  0  0  0  0  0  0  0  10  0  0  0  0  0  0  0 
1440990539  0  0  0  0  0  0  0  0  0  2979371  0  0  0  0  0  0  0  0  0  0  0  0  0  0  0  10  0  0  0  0  0  0  0 
1440990540  0  0  0  0  0  0  0  0  0  2979371  0  0  0  0  0  0  0  0  0  0  0  0  0  0  0  10  0  0  0  0  0  0  0 
1440990540  0  0  0  0  0  0  0  0  0  2979371  0  0  0  0  0  0  0  0  0  0  0  0  0  0  0  10  0  0  0  0  0  0  0 
1440990541  0  0  0  0  0  0  0  0  0  2979371  0  0  0  0  0  0  0  0  0  0  0  0  0  0  0  10  0  0  0  0  0  0  0 
1440990541  0  0  0  0  0  0  0  0  0  2979371  0  0  0  0  0  0  0  0  0  0  0  0  0  0  0  10  0  0  0  0  0  0  0 
1440990542  0  0  0  0  0  0  0  0  0  2979371  0  0  0  0  0  0  0  0  0  0  0  0  0  0  0  10  0  0  0  0  0  0  0 
1440990542  0  0  0  0  0  0  0  0  0  2979371  0  0  0  0  0  0  0  0  0  0  0  0  0  0  0  10  0  0  0  0  0  0  0 
1440990543  0  0  0  0  0  0  0  0  0  3000164  0  0  0  0  0  0  0  0  0  0  0  0  0  0  0  11  0  20793  0  0  0  0  0 
1440990543  0  0  0  0  0  0  0  0  0  3000164  0  0  0  0  0  0  0  0  0  0  0  0  0  0  0  11  0  0  0  0  0  0  0 
1440990544  0  0  0  0  0  0  0  0  0  3072216  0  0  0  0  0  0  0  0  0  0  0  0  0  0  0  11  0  72052  0  0  0  0  0 
1440990544  0  0  0  0  0  0  0  0  0  3072216  0  0  0  0  0  0  0  0  0  0  0  0  0  0  0  11  0  0  0  0  0  0  0 
