#type:G;
#time  Rt  Nm  Tt  Nc  Rx  Gz  Pc  Pf  Ra  Te  Pm  Fp  Fc  Ta  Fm  Om  Lm  Oc  Sm  Sc  Em  Af  Ea  Cf  Ec  Gd  Zt  Et  Ep  dedup_put_diff  total_eph_put_diff  dedup_factor  dedup_curr  compression_saving  tze_saving  
1441324491  0  0  4970  0  0  0  0  0  0  4896  0  0  0  0  0  0  0  0  0  0  0  0  0  0  0  0  0  0  0  0  0  0 0 0 0 
1441324491  0  0  4972  0  0  0  0  0  0  4896  0  0  0  0  0  0  0  0  0  0  0  0  0  0  0  0  0  0  0  0  0  0 0 0 0 
1441324492  0  0  4973  0  0  0  0  0  0  4896  0  0  0  0  0  0  0  0  0  0  0  0  0  0  0  0  0  0  0  0  0  0 0 0 0 
1441324493  0  0  4973  0  0  0  0  0  0  4896  0  0  0  0  0  0  0  0  0  0  0  0  0  0  0  0  0  0  0  0  0  0 0 0 0 
1441324493  0  0  4974  0  0  0  0  0  0  4896  0  0  0  0  0  0  0  0  0  0  0  0  0  0  0  0  0  0  0  0  0  0 0 0 0 
1441324494  0  0  4975  0  0  0  0  0  0  4896  0  0  0  0  0  0  0  0  0  0  0  0  0  0  0  0  0  0  0  0  0  0 0 0 0 
1441324494  0  0  4976  0  0  0  0  0  0  4896  0  0  0  0  0  0  0  0  0  0  0  0  0  0  0  0  0  0  0  0  0  0 0 0 0 
1441324495  0  0  4977  0  0  0  0  0  0  4896  0  0  0  0  0  0  0  0  0  0  0  0  0  0  0  0  0  0  0  0  0  0 0 0 0 
1441324495  0  0  4978  0  0  0  0  0  0  4896  0  0  0  0  0  0  0  0  0  0  0  0  0  0  0  0  0  0  0  0  0  0 0 0 0 
1441324496  0  0  4979  0  0  0  0  0  0  4896  0  0  0  0  0  0  0  0  0  0  0  0  0  0  0  0  0  0  0  0  0  0 0 0 0 
1441324496  0  0  4980  0  0  0  0  0  0  4896  0  0  0  0  0  0  0  0  0  0  0  0  0  0  0  0  0  0  0  0  0  0 0 0 0 
1441324497  0  0  4980  0  0  0  0  0  0  4896  0  0  0  0  0  0  0  0  0  0  0  0  0  0  0  0  0  0  0  0  0  0 0 0 0 
1441324497  0  0  4981  0  0  0  0  0  0  4896  0  0  0  0  0  0  0  0  0  0  0  0  0  0  0  0  0  0  0  0  0  0 0 0 0 
1441324498  0  0  4982  0  0  0  0  0  0  4896  0  0  0  0  0  0  0  0  0  0  0  0  0  0  0  0  0  0  0  0  0  0 0 0 0 
1441324498  0  0  4983  0  0  0  0  0  0  4896  0  0  0  0  0  0  0  0  0  0  0  0  0  0  0  0  0  0  0  0  0  0 0 0 0 
1441324499  0  0  4984  0  0  0  0  0  0  4896  0  0  0  0  0  0  0  0  0  0  0  0  0  0  0  0  0  0  0  0  0  0 0 0 0 
1441324499  0  0  4985  0  0  0  0  0  0  4896  0  0  0  0  0  0  0  0  0  0  0  0  0  0  0  0  0  0  0  0  0  0 0 0 0 
1441324500  0  0  4986  0  0  0  0  0  0  4896  0  0  0  0  0  0  0  0  0  0  0  0  0  0  0  0  0  0  0  0  0  0 0 0 0 
1441324500  0  0  4987  0  0  0  0  0  0  4896  0  0  0  0  0  0  0  0  0  0  0  0  0  0  0  0  0  0  0  0  0  0 0 0 0 
1441324501  0  0  4987  0  0  0  0  0  0  4896  0  0  0  0  0  0  0  0  0  0  0  0  0  0  0  0  0  0  0  0  0  0 0 0 0 
1441324501  0  0  4990  0  0  0  0  0  0  4898  0  0  0  0  0  0  0  0  0  0  0  0  0  0  0  0  0  0  0  0  0  0 0 0 0 
1441324502  0  234  8970  197  0  0  2820  0  0  5009  3422  0  2818  620  3420  354  0  219  3420  2818  3422  0  0  0  2820  2  0  0  3422  2  3422  0.0584453535944  0.0709219858156  100.0  100.0  
1441324502  0  234  9176  183  0  0  2695  0  0  5009  3422  0  2693  750  3420  354  0  191  3420  2693  3422  0  0  0  2695  2  0  0  3422  0  0  0.0584453535944  0.0742115027829  100.0  100.0  
1441324503  0  234  9357  179  0  0  2617  0  0  5009  3422  0  2615  829  3420  354  0  189  3420  2615  3422  0  0  0  2617  2  0  0  3422  0  0  0.0584453535944  0.076423385556  100.0  100.0  
1441324503  0  234  9358  179  0  0  2617  0  0  5009  3422  0  2615  829  3420  354  0  189  3420  2615  3422  0  0  0  2617  2  0  0  3422  0  0  0.0584453535944  0.076423385556  100.0  100.0  
1441324504  0  234  9359  179  0  0  2617  0  0  5009  3422  0  2615  829  3420  354  0  189  3420  2615  3422  0  0  0  2617  2  0  0  3422  0  0  0.0584453535944  0.076423385556  100.0  100.0  
1441324504  0  234  9359  179  0  0  2617  0  0  5009  3422  0  2615  829  3420  354  0  189  3420  2615  3422  0  0  0  2617  2  0  0  3422  0  0  0.0584453535944  0.076423385556  100.0  100.0  
1441324505  0  234  9360  179  0  0  2617  0  0  5009  3422  0  2615  829  3420  354  0  189  3420  2615  3422  0  0  0  2617  2  0  0  3422  0  0  0.0584453535944  0.076423385556  100.0  100.0  
1441324505  0  234  9361  179  0  0  2617  0  0  5009  3422  0  2615  829  3420  354  0  189  3420  2615  3422  0  0  0  2617  2  0  0  3422  0  0  0.0584453535944  0.076423385556  100.0  100.0  
1441324506  0  234  9362  179  0  0  2617  0  0  5009  3422  0  2615  829  3420  354  0  189  3420  2615  3422  0  0  0  2617  2  0  0  3422  0  0  0.0584453535944  0.076423385556  100.0  100.0  
1441324506  0  234  9363  179  0  0  2617  0  0  5009  3422  0  2615  829  3420  354  0  189  3420  2615  3422  0  0  0  2617  2  0  0  3422  0  0  0.0584453535944  0.076423385556  100.0  100.0  
1441324507  0  234  9363  179  0  0  2617  0  0  5009  3422  0  2615  829  3420  354  0  189  3420  2615  3422  0  0  0  2617  2  0  0  3422  0  0  0.0584453535944  0.076423385556  100.0  100.0  
1441324507  0  234  9364  179  0  0  2617  0  0  5009  3422  0  2615  829  3420  354  0  189  3420  2615  3422  0  0  0  2617  2  0  0  3422  0  0  0.0584453535944  0.076423385556  100.0  100.0  
1441324508  0  234  9642  205  0  0  2866  0  0  5009  3422  0  2864  580  3420  354  0  224  3420  2864  3422  0  0  0  2866  2  0  0  3671  0  249  0.0544810678289  0.0697836706211  100.0  100.0  
1441324508  0  234  15245  209  0  0  3027  0  0  5009  3422  0  3025  419  3420  354  0  226  3420  3025  3422  0  0  0  3027  2  0  0  3832  0  161  0.0521920668058  0.0660720185002  100.0  100.0  
1441324509  0  234  21272  209  0  0  3027  0  0  5009  3422  0  3025  419  3420  354  0  226  3420  3025  3422  0  0  0  3027  2  0  0  3832  0  0  0.0521920668058  0.0660720185002  100.0  100.0  
1441324509  0  234  29508  209  0  0  3027  0  0  5009  3422  0  3025  419  3420  354  0  226  3420  3025  3422  0  0  0  3027  2  0  0  3832  0  0  0.0521920668058  0.0660720185002  100.0  100.0  
1441324510  0  234  29508  209  0  0  3027  0  0  5009  3422  0  3025  419  3420  354  0  226  3420  3025  3422  0  0  0  3027  2  0  0  3832  0  0  0.0521920668058  0.0660720185002  100.0  100.0  
1441324510  0  234  38940  209  0  0  3027  0  0  5009  3422  0  3025  419  3420  354  0  226  3420  3025  3422  0  0  0  3027  2  0  0  3832  0  0  0.0521920668058  0.0660720185002  100.0  100.0  
1441324511  0  234  48958  209  0  0  3027  0  0  5009  3422  0  3025  419  3420  354  0  226  3420  3025  3422  0  0  0  3027  2  0  0  3832  0  0  0.0521920668058  0.0660720185002  100.0  100.0  
1441324511  0  234  59131  209  0  0  3027  0  0  5009  3422  0  3025  419  3420  354  0  226  3420  3025  3422  0  0  0  3027  2  0  0  3832  0  0  0.0521920668058  0.0660720185002  100.0  100.0  
1441324512  0  234  66131  209  0  0  3027  0  0  5009  3422  0  3025  419  3420  354  0  226  3420  3025  3422  0  0  0  3027  2  0  0  3832  0  0  0.0521920668058  0.0660720185002  100.0  100.0  
1441324513  0  234  73314  209  0  0  3027  0  0  5009  3422  0  3025  419  3420  354  0  226  3420  3025  3422  0  0  0  3027  2  0  0  3832  0  0  0.0521920668058  0.0660720185002  100.0  100.0  
1441324513  0  234  81251  209  0  0  3027  0  0  5009  3422  0  3025  419  3420  354  0  226  3420  3025  3422  0  0  0  3027  2  0  0  3832  0  0  0.0521920668058  0.0660720185002  100.0  100.0  
1441324514  0  234  81251  209  0  0  3027  0  0  5009  3422  0  3025  419  3420  354  0  226  3420  3025  3422  0  0  0  3027  2  0  0  3832  0  0  0.0521920668058  0.0660720185002  100.0  100.0  
1441324514  0  234  107062  208  0  0  3697  0  0  5009  3697  0  3695  0  3695  354  0  223  3695  3695  3697  0  0  0  3697  2  0  0  4584  0  752  0.043630017452  0.0540979172302  100.0  100.0  
1441324515  0  234  115663  208  0  0  3681  0  0  5009  3697  0  3679  16  3695  354  0  223  3695  3679  3697  0  0  0  3681  2  0  0  4584  0  0  0.043630017452  0.054333061668  100.0  100.0  
1441324515  0  234  124499  208  0  0  3681  0  0  5009  3697  0  3679  16  3695  354  0  223  3695  3679  3697  0  0  0  3681  2  0  0  4584  0  0  0.043630017452  0.054333061668  100.0  100.0  
1441324516  0  234  132134  209  0  0  3740  0  0  5009  3740  0  3738  0  3738  354  0  224  3738  3738  3740  0  0  0  3740  2  0  0  4643  0  59  0.0430755976739  0.0534759358289  100.0  100.0  
1441324516  0  234  139994  226  0  0  3995  0  0  5009  3995  0  3993  0  3993  354  0  228  3993  3993  3995  0  0  0  3995  2  0  0  4901  0  258  0.0408079983677  0.0500625782228  100.0  100.0  
1441324517  0  239  147475  239  0  0  4249  0  0  5009  4249  0  4227  0  4227  354  0  230  4227  4227  4249  0  0  0  4249  22  0  0  5155  20  254  0.426770126091  0.517768886797  100.0  100.0  
1441324517  0  239  147475  239  0  0  4249  0  0  5009  4249  0  4227  0  4227  354  0  230  4227  4227  4249  0  0  0  4249  22  0  0  5155  0  0  0.426770126091  0.517768886797  100.0  100.0  
1441324518  0  249  153650  249  0  0  4454  0  0  5009  4454  0  4432  0  4432  354  0  231  4432  4432  4454  0  0  0  4454  22  0  0  5360  0  205  0.410447761194  0.493938033229  100.0  100.0  
1441324518  0  262  160726  262  0  0  4649  0  0  5009  4649  0  4611  0  4611  354  0  232  4611  4611  4649  0  0  0  4649  38  0  0  5555  16  195  0.684068406841  0.817380081738  100.0  100.0  
1441324519  0  274  168796  274  0  0  4890  0  0  5009  4890  0  4844  0  4844  354  0  233  4844  4844  4890  0  0  0  4890  46  0  0  5796  8  241  0.793650793651  0.940695296524  100.0  100.0  
1441324519  0  278  175857  278  0  0  4993  0  0  5009  4993  0  4919  0  4919  354  0  233  4919  4919  4993  0  0  0  4993  74  0  0  5901  28  105  1.25402474157  1.48207490487  100.0  100.0  
1441324520  0  279  178686  279  0  0  5003  0  0  5009  5003  0  4929  0  4929  354  0  233  4929  4929  5003  0  0  0  5003  74  0  0  5911  0  10  1.25190323126  1.47911253248  100.0  100.0  
1441324520  0  281  183417  281  0  0  5097  0  0  5009  5097  0  5023  0  5023  354  0  236  5023  5023  5097  0  0  0  5097  74  0  0  6005  0  94  1.23230641132  1.4518344124  100.0  100.0  
1441324521  0  281  183417  281  0  0  5097  0  0  5009  5097  0  5023  0  5023  354  0  236  5023  5023  5097  0  0  0  5097  74  0  0  6005  0  0  1.23230641132  1.4518344124  100.0  100.0  
1441324521  0  302  190267  301  0  0  5355  0  0  5009  5387  0  5218  34  5251  354  0  240  5250  5218  5387  0  0  0  5355  137  0  0  6295  63  290  2.17633042097  2.558356676  100.0  100.0  
1441324522  0  331  199452  331  0  0  7202  0  0  5009  7202  0  7023  0  7023  354  0  240  7023  7023  7202  0  0  0  7202  179  0  0  8142  42  1847  2.19847703267  2.48542071647  100.0  100.0  
1441324522  0  363  203700  363  0  0  8887  0  0  5009  8887  0  8606  0  8606  354  0  241  8606  8606  8887  0  0  0  8887  281  0  0  9827  102  1685  2.85946881042  3.16192190841  100.0  100.0  
1441324523  0  481  218243  481  0  0  14886  0  0  5009  14886  0  14003  0  14003  354  0  243  14003  14003  14886  0  0  0  14886  883  0  0  15826  602  5999  5.57942626058  5.93174795109  100.0  100.0  
1441324523  0  520  226861  520  0  0  17420  0  0  5009  17420  0  16497  0  16497  354  0  245  16497  16497  17420  0  0  0  17420  923  0  0  18360  40  2534  5.02723311547  5.29850746269  100.0  100.0  
1441324524  0  551  235789  551  0  0  18255  0  0  5009  18255  0  17202  0  17202  354  0  245  17202  17202  18255  0  0  0  18255  1053  0  0  19195  130  835  5.48580359469  5.76828266228  100.0  100.0  
1441324524  0  626  243376  626  0  0  20474  0  0  5009  20474  0  18966  0  18966  354  0  246  18966  18966  20474  0  0  0  20474  1508  0  0  21414  455  2219  7.04212197628  7.36543909348  100.0  100.0  
1441324525  0  654  248988  654  0  0  21352  0  0  5009  21352  0  19747  0  19747  354  0  246  19747  19747  21352  0  0  0  21352  1605  0  0  22292  97  878  7.19989233806  7.51686024728  100.0  100.0  
1441324525  0  654  258374  645  0  0  19752  0  0  5009  21352  0  17475  2362  19747  354  0  245  19747  17475  21352  0  0  0  19752  2277  0  0  24431  672  2139  9.32012606934  11.5279465371  100.0  100.0  
1441324526  0  654  258374  645  0  0  19752  0  0  5009  21352  0  17475  2362  19747  354  0  245  19747  17475  21352  0  0  0  19752  2277  0  0  24431  0  0  9.32012606934  11.5279465371  100.0  100.0  
1441324526  0  678  265993  662  0  0  21493  0  0  5009  21493  0  18787  974  19747  354  0  245  19747  18787  21493  0  0  0  21493  3071  0  0  26537  794  2106  11.5725213852  12.5901456288  100.0  100.0  
1441324527  0  704  271988  704  0  0  24315  0  0  5009  24315  0  21499  0  21499  354  0  245  21499  21499  24315  0  0  0  24315  3181  0  0  29362  110  2825  10.8337306723  11.5813283981  100.0  100.0  
1441324527  0  729  279722  729  0  0  25284  0  0  5009  25284  0  22459  0  22459  354  0  249  22459  22459  25284  0  0  0  25284  3190  0  0  30331  9  969  10.517292539  11.1730738807  100.0  100.0  
1441324528  0  754  287212  754  0  0  26814  0  0  5009  26814  0  23900  0  23900  354  0  251  23900  23900  26814  0  0  0  26814  3279  0  0  31861  89  1530  10.2915790465  10.8674572984  100.0  100.0  
1441324528  0  786  296727  719  0  0  25890  0  0  5009  29113  0  23805  2861  26601  354  0  249  26601  23805  29113  0  0  0  25890  3340  0  0  34624  61  2763  9.64648798521  8.05330243337  100.0  100.0  
1441324529  0  786  302955  692  0  0  25809  0  0  5009  29113  0  24004  2664  26601  354  0  248  26601  24004  29113  0  0  0  25809  3340  0  0  34847  0  223  9.58475622005  6.99368437367  100.0  100.0  
1441324530  0  786  302955  692  0  0  25809  0  0  5009  29113  0  24004  2664  26601  354  0  248  26601  24004  29113  0  0  0  25809  3340  0  0  34847  0  0  9.58475622005  6.99368437367  100.0  100.0  
1441324530  0  786  308744  713  0  0  27656  0  0  5009  29113  0  25834  823  26601  354  0  248  26601  25834  29113  0  0  0  27656  3357  0  0  36694  17  1847  9.14863465417  6.58808215216  100.0  100.0  
1441324531  0  786  315869  701  0  0  26952  0  0  5009  29785  0  24951  2895  27784  354  0  250  27784  24951  29785  0  0  0  26952  3536  0  0  38823  179  2129  9.10800298792  7.42430988424  100.0  100.0  
1441324531  0  786  327304  701  0  0  26952  0  0  5009  29785  0  24951  2895  27784  354  0  250  27784  24951  29785  0  0  0  26952  3536  0  0  38823  0  0  9.10800298792  7.42430988424  100.0  100.0  
1441324532  0  786  329973  711  0  0  27809  0  0  5009  29785  0  25808  2038  27784  354  0  250  27784  25808  29785  0  0  0  27809  3536  0  0  39680  0  857  8.91129032258  7.19551224424  100.0  100.0  
1441324532  0  786  337648  783  0  0  32448  0  0  5009  32448  0  30375  0  30375  354  0  251  30375  30375  32448  0  0  0  32448  3608  0  0  44319  72  4639  8.14097791015  6.38868343195  100.0  100.0  
1441324533  0  826  343680  826  0  0  35262  0  0  5009  35262  0  33126  0  33126  354  0  252  33126  33126  35262  0  0  0  35262  3671  0  0  47133  63  2814  7.78859822205  6.05751233623  100.0  100.0  
1441324533  0  826  343680  826  0  0  35262  0  0  5009  35262  0  33126  0  33126  354  0  252  33126  33126  35262  0  0  0  35262  3671  0  0  47133  0  0  7.78859822205  6.05751233623  100.0  100.0  
1441324534  0  829  350192  805  0  0  34464  0  0  5009  35431  0  32046  1300  33295  354  0  251  33295  32046  35431  0  0  0  34464  3953  0  0  49899  282  2766  7.92200244494  7.01601671309  100.0  100.0  
1441324534  0  857  357381  857  0  0  37839  0  0  5009  37839  0  34026  0  34026  354  0  252  34026  34026  37839  0  0  0  37839  5348  0  0  53274  1395  3375  10.0386680182  10.0769047808  100.0  100.0  
1441324535  0  874  372545  738  0  0  30484  0  0  5009  38916  0  25136  9848  34651  354  0  251  34651  25136  38916  0  0  0  30484  6883  0  0  57681  1535  4407  11.9328721763  17.543629445  100.0  100.0  
1441324535  0  874  382061  751  0  0  31188  0  0  5009  38916  0  25494  9507  34651  354  0  250  34651  25494  38916  0  0  0  31188  7229  0  0  59013  346  1332  12.2498432549  18.2570219315  100.0  100.0  
1441324536  0  874  386964  780  0  0  32505  0  0  5009  38916  0  26512  8489  34651  354  0  251  34651  26512  38916  0  0  0  32505  7528  0  0  60330  299  1317  12.4780374606  18.4371635133  100.0  100.0  
1441324536  0  874  396354  797  0  0  32632  0  0  5009  38916  0  28020  6918  34651  354  0  255  34651  28020  38916  0  0  0  32632  8349  0  0  62660  821  2330  13.3242898181  14.1333660211  100.0  100.0  
1441324537  0  874  396354  797  0  0  32632  0  0  5009  38916  0  28020  6918  34651  354  0  255  34651  28020  38916  0  0  0  32632  8349  0  0  62660  0  0  13.3242898181  14.1333660211  100.0  100.0  
1441324537  0  874  404772  828  0  0  33308  0  0  5009  38916  0  28399  6535  34651  354  0  257  34651  28399  38916  0  0  0  33308  8646  0  0  63336  297  676  13.6510041682  14.7382010328  100.0  100.0  
1441324538  0  874  411084  841  0  0  33854  0  0  5009  38916  0  28881  6027  34651  354  0  257  34651  28881  38916  0  0  0  33854  8710  0  0  63882  64  546  13.6345136345  14.6895492409  100.0  100.0  
1441324538  0  874  424410  748  0  0  30392  0  0  5009  38916  0  29244  5678  34651  354  0  254  34651  29244  38916  0  0  0  30392  8744  0  0  64280  34  398  13.6029869322  3.77730981837  100.0  100.0  
1441324539  0  874  434217  652  0  0  26717  0  0  5009  38916  0  25786  9224  34651  354  0  251  34651  25786  38916  0  0  0  26717  8744  0  0  64280  0  0  13.6029869322  3.48467268032  100.0  100.0  
1441324539  0  874  442861  652  0  0  26717  0  0  5009  38916  0  25786  9224  34651  354  0  251  34651  25786  38916  0  0  0  26717  8744  0  0  64280  0  0  13.6029869322  3.48467268032  100.0  100.0  
1441324540  0  874  449042  655  0  0  26850  0  0  5009  38916  0  25792  9218  34651  354  0  251  34651  25792  38916  0  0  0  26850  8871  0  0  64413  127  133  13.7720646453  3.94040968343  100.0  100.0  
1441324540  0  874  449042  655  0  0  26850  0  0  5009  38916  0  25792  9218  34651  354  0  251  34651  25792  38916  0  0  0  26850  8871  0  0  64413  0  0  13.7720646453  3.94040968343  100.0  100.0  
1441324541  0  874  457221  734  0  0  31292  0  0  5009  38916  0  29334  5650  34651  354  0  255  34651  29334  38916  0  0  0  31292  9772  0  0  68856  901  4443  14.1919367956  6.25719033619  100.0  100.0  
1441324541  0  874  463387  768  0  0  33557  0  0  5009  38916  0  30210  4689  34651  354  0  255  34651  30210  38916  0  0  0  33557  11174  0  0  71134  1402  2278  15.7083813647  9.9740739637  100.0  100.0  
1441324542  0  874  473971  802  0  0  36169  0  0  5009  38916  0  30166  4638  34651  354  0  255  34651  30166  38916  0  0  0  36169  13830  0  0  74690  2656  3556  18.5165350114  16.5970859023  100.0  100.0  
1441324542  0  874  481457  863  0  0  40384  0  0  5009  40384  0  31668  3000  34651  354  0  257  34651  31668  40384  0  0  0  40384  16543  0  0  78906  2713  4216  20.9654525638  21.5828050713  100.0  100.0  
1441324543  0  932  489433  932  0  0  44128  0  0  5009  44128  0  32150  2395  34651  354  0  259  34651  32150  44128  0  0  0  44128  19805  0  0  82650  3262  3744  23.962492438  27.1437635968  100.0  100.0  
1441324543  0  959  495799  959  0  0  45383  0  0  5009  45383  0  32255  2249  34651  354  0  259  34651  32255  45383  0  0  0  45383  20955  0  0  83906  1150  1256  24.9743760875  28.9271313047  100.0  100.0  
1441324544  0  959  495799  959  0  0  45383  0  0  5009  45383  0  32255  2249  34651  354  0  259  34651  32255  45383  0  0  0  45383  20955  0  0  83906  0  0  24.9743760875  28.9271313047  100.0  100.0  
1441324544  0  968  506170  940  0  0  43568  0  0  5009  45718  0  29945  4556  34651  354  0  259  34651  29945  45718  0  0  0  43568  21450  0  0  85814  495  1908  24.9959214114  31.2683621006  100.0  100.0  
1441324545  0  968  515997  954  0  0  44072  0  0  5009  45718  0  30193  4308  34651  354  0  259  34651  30193  45718  0  0  0  44072  21706  0  0  86318  256  504  25.1465511249  31.4916500272  100.0  100.0  
1441324545  0  971  521131  971  0  0  44737  0  0  5009  45718  0  30346  4155  34651  354  0  260  34651  30346  45718  0  0  0  44737  22218  0  0  86983  512  665  25.5429221802  32.1680041129  100.0  100.0  
1441324546  0  977  526378  977  0  0  45151  0  0  5009  45718  0  30346  4155  34651  354  0  260  34651  30346  45718  0  0  0  45151  22632  0  0  87397  414  414  25.895625708  32.7899714292  100.0  100.0  
1441324546  0  978  543323  882  0  0  39237  0  0  5009  45718  0  25172  9470  34651  354  0  258  34651  25172  45718  0  0  0  39237  23943  0  0  89173  1311  1776  26.8500555101  35.8462675536  100.0  100.0  
1441324547  0  978  553318  920  0  0  41032  0  0  5009  45718  0  25676  8966  34651  354  0  259  34651  25676  45718  0  0  0  41032  25234  0  0  90968  1291  1795  27.7394248527  37.4244492104  100.0  100.0  
1441324547  0  978  553318  920  0  0  41032  0  0  5009  45718  0  25676  8966  34651  354  0  259  34651  25676  45718  0  0  0  41032  25234  0  0  90968  0  0  27.7394248527  37.4244492104  100.0  100.0  
1441324548  0  978  559898  946  0  0  43223  0  0  5009  45718  0  26697  7945  34651  354  0  259  34651  26697  45718  0  0  0  43223  26404  0  0  93159  1170  2191  28.342940564  38.2342734192  100.0  100.0  
1441324548  0  985  566955  985  0  0  45416  0  0  5009  45718  0  27531  7061  34651  354  0  261  34651  27531  45718  0  0  0  45416  27763  0  0  95352  1359  2193  29.1163268731  39.3803945746  100.0  100.0  
1441324549  0  1017  573381  1017  0  0  47558  0  0  5009  47558  0  28334  6178  34651  354  0  262  34651  28334  47558  0  0  0  47558  29102  0  0  97494  1339  2142  29.8500420539  40.4222212877  100.0  100.0  
1441324549  0  1074  581890  1074  0  0  50178  0  0  5009  50178  0  29521  4887  34651  354  0  263  34651  29521  50178  0  0  0  50178  30535  0  0  100114  1433  2620  30.5002297381  41.1674438997  100.0  100.0  
1441324550  0  1127  589641  1127  0  0  53483  0  0  5009  53483  0  32481  1770  34651  354  0  263  34651  32481  53483  0  0  0  53483  30880  0  0  103419  345  3305  29.8591167967  39.2685526242  100.0  100.0  
1441324550  0  1132  593369  1132  0  0  53735  0  0  5009  53735  0  32733  1506  34651  354  0  263  34651  32733  53735  0  0  0  53735  30880  0  0  103671  0  252  29.7865362541  39.0843956453  100.0  100.0  
1441324551  0  1132  593369  1132  0  0  53735  0  0  5009  53735  0  32733  1506  34651  354  0  263  34651  32733  53735  0  0  0  53735  30880  0  0  103671  0  0  29.7865362541  39.0843956453  100.0  100.0  
1441324551  0  1148  599816  1145  0  0  54883  0  0  5009  54985  0  33862  320  34651  354  0  261  34651  33862  54985  0  0  0  54883  31105  0  0  105298  225  1627  29.5399722692  38.3014776889  100.0  100.0  
1441324552  0  1148  613770  1145  0  0  54883  0  0  5009  54985  0  33862  320  34651  354  0  261  34651  33862  54985  0  0  0  54883  31105  0  0  105298  0  0  29.5399722692  38.3014776889  100.0  100.0  
1441324552  0  1198  622684  1198  0  0  58724  0  0  5009  58724  0  37427  0  37427  354  0  261  37427  37427  58724  0  0  0  58724  32148  0  0  109908  1043  4610  29.2499181133  36.2662625162  100.0  100.0  
1441324553  0  1266  630760  1266  0  0  62328  0  0  5009  62328  0  40108  0  40108  354  0  265  40108  40108  62328  0  0  0  62328  33071  0  0  113512  923  3604  29.1343646487  35.6501091002  100.0  100.0  
1441324553  0  1287  644689  1238  0  0  59877  0  0  5009  63424  0  36321  4515  40686  354  0  265  40686  36321  63424  0  0  0  59877  34407  0  0  116878  1336  3366  29.4383887472  39.3406483291  100.0  100.0  
1441324554  0  1288  651693  1288  0  0  63633  0  0  5009  63633  0  37679  3058  40686  354  0  265  40686  37679  63633  0  0  0  63633  36805  0  0  120644  2398  3766  30.5071118332  40.7870130278  100.0  100.0  
1441324554  0  1288  651693  1288  0  0  63633  0  0  5009  63633  0  37679  3058  40686  354  0  265  40686  37679  63633  0  0  0  63633  36805  0  0  120644  0  0  30.5071118332  40.7870130278  100.0  100.0  
1441324555  0  1321  664102  1280  0  0  64169  0  0  5009  66426  0  35225  5504  40686  354  0  264  40686  35225  66426  0  0  0  64169  39795  0  0  124955  2990  4311  31.8474650874  45.1058922533  100.0  100.0  
1441324555  0  1321  671381  1276  0  0  64206  0  0  5009  66426  0  34897  5870  40686  354  0  262  40686  34897  66426  0  0  0  64206  40676  0  0  126392  881  1437  32.1824166086  45.6483817712  100.0  100.0  
1441324556  0  1321  683355  1261  0  0  63305  0  0  5009  66426  0  33008  7827  40686  354  0  261  40686  33008  66426  0  0  0  63305  42842  0  0  129927  2166  3535  32.9739007289  47.8587789274  100.0  100.0  
1441324556  0  1321  699491  1266  0  0  62874  0  0  5009  66426  0  34000  6819  40686  354  0  264  40686  34000  66426  0  0  0  62874  45003  0  0  133080  2161  3153  33.8165013526  45.9235932182  100.0  100.0  
1441324557  0  1321  708469  1287  0  0  64101  0  0  5009  66426  0  34675  6108  40686  354  0  266  40686  34675  66426  0  0  0  64101  45556  0  0  134308  553  1228  33.9190517318  45.9056800986  100.0  100.0  
1441324558  0  1321  723427  1279  0  0  65274  0  0  5009  66426  0  36594  4120  40686  354  0  263  40686  36594  66426  0  0  0  65274  47206  0  0  140732  1650  6424  33.5431884717  43.9378619358  100.0  100.0  
1441324559  0  1321  728948  1315  0  0  67343  0  0  5009  67343  0  37234  3405  40686  354  0  265  40686  37234  67343  0  0  0  67343  48635  0  0  142801  1429  2069  34.0578847487  44.7099178831  100.0  100.0  
1441324559  0  1365  738301  1365  0  0  70345  0  0  5009  70345  0  39664  837  40686  354  0  267  40686  39664  70345  0  0  0  70345  49207  0  0  145804  572  3003  33.7487311734  43.6150401592  100.0  100.0  
1441324560  0  1365  738301  1365  0  0  70345  0  0  5009  70345  0  39664  837  40686  354  0  267  40686  39664  70345  0  0  0  70345  49207  0  0  145804  0  0  33.7487311734  43.6150401592  100.0  100.0  
1441324560  0  1414  751003  1342  0  0  68587  0  0  5009  72932  0  37580  3112  40686  354  0  264  40686  37580  72932  0  0  0  68587  50813  0  0  148391  1606  2587  34.2426427479  45.2082756207  100.0  100.0  
1441324561  0  1417  758798  1417  0  0  72685  0  0  5009  72932  0  37579  3113  40686  354  0  264  40686  37579  72932  0  0  0  72685  54913  0  0  152491  4100  4100  36.0106498088  48.2988236913  100.0  100.0  
1441324561  0  1459  766062  1459  0  0  75603  0  0  5009  75603  0  37579  3046  40686  354  0  265  40686  37579  75603  0  0  0  75603  57831  0  0  155409  2918  2918  37.2121305716  50.2943004907  100.0  100.0  
1441324562  0  1464  784396  1425  0  0  73713  0  0  5009  76017  0  32581  8120  40686  354  0  265  40686  32581  76017  0  0  0  73713  61269  0  0  159288  3438  3879  38.4642910954  55.8001980655  100.0  100.0  
1441324562  0  1464  801089  1411  0  0  72627  0  0  5009  76017  0  27938  12881  40686  354  0  263  40686  27938  76017  0  0  0  72627  67386  0  0  165733  6117  6445  40.6593738121  61.532212538  100.0  100.0  
1441324563  0  1478  819611  1378  0  0  69425  0  0  5009  76017  0  28607  12276  40686  354  0  261  40686  28607  76017  0  0  0  69425  71093  0  0  170554  3707  4821  41.6835723583  58.7943824271  100.0  100.0  
1441324563  0  1478  819611  1378  0  0  69425  0  0  5009  76017  0  28607  12276  40686  354  0  261  40686  28607  76017  0  0  0  69425  71093  0  0  170554  0  0  41.6835723583  58.7943824271  100.0  100.0  
1441324564  0  1478  830541  1360  0  0  68144  0  0  5009  76017  0  27204  13702  40686  354  0  260  40686  27204  76017  0  0  0  68144  71219  0  0  170680  126  126  41.7266229201  60.0786569617  100.0  100.0  
1441324564  0  1478  844496  1320  0  0  65409  0  0  5009  76017  0  28141  12824  40686  354  0  263  40686  28141  76017  0  0  0  65409  71456  0  0  176153  237  5473  40.5647363372  56.9768686266  100.0  100.0  
1441324565  0  1478  856037  1225  0  0  61168  0  0  5009  76017  0  26146  14852  40686  354  0  261  40686  26146  76017  0  0  0  61168  71456  0  0  176195  0  42  40.5550668294  57.2554276746  100.0  100.0  
1441324565  0  1478  861190  1239  0  0  61434  0  0  5009  76017  0  26152  14846  40686  354  0  262  40686  26152  76017  0  0  0  61434  71716  0  0  176461  260  266  40.6412748426  57.4307386789  100.0  100.0  
1441324566  0  1478  878997  1246  0  0  62609  0  0  5009  76017  0  29019  12033  40686  354  0  261  40686  29019  76017  0  0  0  62609  73869  0  0  182425  2153  5964  40.4928052624  53.6504336437  100.0  100.0  
1441324566  0  1478  891287  1317  0  0  65718  0  0  5009  76017  0  27618  13496  40686  354  0  263  40686  27618  76017  0  0  0  65718  78380  0  0  187539  4511  5114  41.7939735202  57.9749840226  100.0  100.0  
1441324567  0  1478  891287  1317  0  0  65718  0  0  5009  76017  0  27618  13496  40686  354  0  263  40686  27618  76017  0  0  0  65718  78380  0  0  187539  0  0  41.7939735202  57.9749840226  100.0  100.0  
1441324567  0  1478  897769  1355  0  0  68035  0  0  5009  76017  0  27767  13275  40686  354  0  263  40686  27767  76017  0  0  0  68035  80548  0  0  189856  2168  2317  42.4258385303  59.1871830675  100.0  100.0  
1441324568  0  1478  903394  1342  0  0  67452  0  0  5009  76017  0  26317  14771  40686  354  0  262  40686  26317  76017  0  0  0  67452  81415  0  0  191735  867  1879  42.4622525882  60.984107217  100.0  100.0  
1441324568  0  1478  922505  1211  0  0  58827  0  0  5009  76017  0  23271  17913  40686  354  0  262  40686  23271  76017  0  0  0  58827  87335  0  0  199168  5920  7433  43.8499156491  60.4416339436  100.0  100.0  
1441324569  0  1478  930650  1251  0  0  60903  0  0  5009  76017  0  24492  16692  40686  354  0  261  40686  24492  76017  0  0  0  60903  88253  0  0  201307  918  2139  43.8400055636  59.7852322546  100.0  100.0  
1441324569  0  1478  937615  1283  0  0  62507  0  0  5009  76017  0  25182  16011  40686  354  0  263  40686  25182  76017  0  0  0  62507  89679  0  0  203679  1426  2372  44.0295759504  59.713312109  100.0  100.0  
1441324570  0  1478  945085  1328  0  0  65767  0  0  5009  76017  0  25183  15976  40686  354  0  265  40686  25183  76017  0  0  0  65767  92938  0  0  206939  3259  3260  44.9108191303  61.7087597123  100.0  100.0  
1441324570  0  1478  945085  1328  0  0  65767  0  0  5009  76017  0  25183  15976  40686  354  0  265  40686  25183  76017  0  0  0  65767  92938  0  0  206939  0  0  44.9108191303  61.7087597123  100.0  100.0  
1441324571  0  1478  952901  1321  0  0  65379  0  0  5009  76017  0  24032  17159  40686  354  0  265  40686  24032  76017  0  0  0  65379  93957  0  0  207958  1019  1019  45.180757653  63.2420196087  100.0  100.0  
1441324571  0  1478  963246  1376  0  0  68521  0  0  5009  76017  0  25753  15312  40686  354  0  266  40686  25753  76017  0  0  0  68521  95378  0  0  211100  1421  3142  45.1814306016  62.4159016944  100.0  100.0  
1441324572  0  1478  972432  1418  0  0  70621  0  0  5009  76017  0  25753  15248  40686  354  0  266  40686  25753  76017  0  0  0  70621  97478  0  0  213200  2100  2100  45.7213883677  63.5335098625  100.0  100.0  
1441324572  0  1478  987213  1338  0  0  65232  0  0  5009  76017  0  25791  15222  40686  354  0  263  40686  25791  76017  0  0  0  65232  100894  0  0  216921  3416  3721  46.5118637661  60.462656365  100.0  100.0  
1441324573  0  1478  995749  1397  0  0  69167  0  0  5009  76017  0  29243  11732  40686  354  0  266  40686  29243  76017  0  0  0  69167  101377  0  0  220856  483  3935  45.9018546021  57.7211676088  100.0  100.0  
1441324573  0  1478  1003213  1420  0  0  69958  0  0  5009  76017  0  29243  11707  40686  354  0  266  40686  29243  76017  0  0  0  69958  102168  0  0  221647  791  791  46.0949166919  58.1992052374  100.0  100.0  
1441324574  0  1478  1003213  1420  0  0  69958  0  0  5009  76017  0  29243  11707  40686  354  0  266  40686  29243  76017  0  0  0  69958  102168  0  0  221647  0  0  46.0949166919  58.1992052374  100.0  100.0  
1441324574  0  1478  1014676  1402  0  0  68565  0  0  5009  76017  0  28048  12935  40686  354  0  266  40686  28048  76017  0  0  0  68565  104303  0  0  223857  2135  2210  46.5935842971  59.0928316196  100.0  100.0  
1441324575  0  1478  1030609  1458  0  0  71792  0  0  5009  76017  0  28050  12864  40686  354  0  266  40686  28050  76017  0  0  0  71792  110344  0  0  229900  6041  6043  47.9965202262  60.9287942946  100.0  100.0  
1441324575  0  1527  1053989  1500  0  0  75612  0  0  5009  76195  0  22674  18127  40686  354  0  266  40686  22674  76195  0  0  0  75612  120827  0  0  240446  10483  10546  50.2511998536  70.0126963974  100.0  100.0  
1441324576  0  1554  1062657  1536  0  0  77686  0  0  5009  78013  0  22879  17922  40686  354  0  266  40686  22879  78013  0  0  0  77686  123023  0  0  242847  2196  2401  50.6586451552  70.5493911387  100.0  100.0  
1441324576  0  1554  1067575  1541  0  0  78185  0  0  5009  78185  0  22941  17860  40686  354  0  266  40686  22941  78185  0  0  0  78185  123460  0  0  243346  437  499  50.7343453354  70.6580546141  100.0  100.0  
1441324577  0  1554  1074442  1519  0  0  77088  0  0  5009  78926  0  19279  21551  40686  354  0  265  40686  19279  78926  0  0  0  77088  126025  0  0  246039  2565  2693  51.2215543064  74.9909194687  100.0  100.0  
1441324577  0  1554  1074442  1519  0  0  77088  0  0  5009  78926  0  19279  21551  40686  354  0  265  40686  19279  78926  0  0  0  77088  126025  0  0  246039  0  0  51.2215543064  74.9909194687  100.0  100.0  
1441324578  0  1554  1106716  1443  0  0  73080  0  0  5009  78926  0  19282  21611  40686  354  0  263  40686  19282  78926  0  0  0  73080  136874  0  0  256892  10849  10853  53.2807561154  73.6152162014  100.0  100.0  
1441324578  0  1554  1115157  1521  0  0  78096  0  0  5009  78926  0  19282  21611  40686  354  0  263  40686  19282  78926  0  0  0  78096  141890  0  0  261908  5016  5016  54.1755120119  75.3098750256  100.0  100.0  
1441324579  0  1582  1123950  1582  0  0  81651  0  0  5009  81651  0  21652  19102  40686  354  0  263  40686  21652  81651  0  0  0  81651  143075  0  0  266958  1185  5050  53.5945729291  73.4822598621  100.0  100.0  
1441324579  0  1626  1130901  1626  0  0  83813  0  0  5009  83813  0  23114  17545  40686  354  0  265  40686  23114  83813  0  0  0  83813  143775  0  0  269120  700  2162  53.4241230678  72.4219393173  100.0  100.0  
1441324580  0  1635  1152718  1587  0  0  81724  0  0  5009  84739  0  23113  17561  40686  354  0  264  40686  23113  84739  0  0  0  81724  152343  0  0  277688  8568  8568  54.8612111434  71.7182223092  100.0  100.0  
1441324581  0  1635  1159263  1623  0  0  84140  0  0  5009  84739  0  23113  17536  40686  354  0  264  40686  23113  84739  0  0  0  84140  154759  0  0  280104  2416  2416  55.2505497958  72.5303066318  100.0  100.0  
1441324581  0  1635  1159263  1623  0  0  84140  0  0  5009  84739  0  23113  17536  40686  354  0  264  40686  23113  84739  0  0  0  84140  154759  0  0  280104  0  0  55.2505497958  72.5303066318  100.0  100.0  
1441324582  0  1635  1167542  1618  0  0  84305  0  0  5009  84739  0  23113  17532  40686  354  0  265  40686  23113  84739  0  0  0  84305  158734  0  0  284080  3975  3976  55.8765136581  72.5840697468  100.0  100.0  
1441324582  0  1680  1174221  1680  0  0  88497  0  0  5009  88497  0  23113  17407  40686  354  0  265  40686  23113  88497  0  0  0  88497  162985  0  0  288331  4251  4251  56.5270470397  73.882730488  100.0  100.0  
1441324583  0  1683  1195464  1605  0  0  83628  0  0  5009  88592  0  16997  23690  40686  354  0  265  40686  16997  88592  0  0  0  83628  165523  0  0  290988  2538  2657  56.8831017087  79.6754675468  100.0  100.0  
1441324583  0  1683  1203419  1640  0  0  85944  0  0  5009  88592  0  18094  22593  40686  354  0  265  40686  18094  88592  0  0  0  85944  167259  0  0  294077  1736  3089  56.8759202522  78.9467560272  100.0  100.0  
1441324584  0  1683  1221868  1603  0  0  83338  0  0  5009  88592  0  18093  22607  40686  354  0  266  40686  18093  88592  0  0  0  83338  173106  0  0  299924  5847  5847  57.7166215441  78.2896157815  100.0  100.0  
1441324584  0  1683  1230105  1678  0  0  87881  0  0  5009  88592  0  18157  22479  40686  354  0  269  40686  18157  88592  0  0  0  87881  177585  0  0  304467  4479  4543  58.3265181448  79.3391062915  100.0  100.0  
1441324585  0  1683  1230105  1678  0  0  87881  0  0  5009  88592  0  18157  22479  40686  354  0  269  40686  18157  88592  0  0  0  87881  177585  0  0  304467  0  0  58.3265181448  79.3391062915  100.0  100.0  
1441324585  0  1683  1248534  1537  0  0  78534  0  0  5009  88592  0  16737  23931  40686  354  0  267  40686  16737  88592  0  0  0  78534  180673  0  0  307635  3088  3168  58.7296633998  78.6882114753  100.0  100.0  
1441324586  0  1683  1254859  1540  0  0  78825  0  0  5009  88592  0  16738  23930  40686  354  0  267  40686  16738  88592  0  0  0  78825  180963  0  0  307926  290  291  58.7683404454  78.7656200444  100.0  100.0  
1441324586  0  1683  1264159  1579  0  0  81809  0  0  5009  88592  0  17631  23039  40686  354  0  266  40686  17631  88592  0  0  0  81809  184238  0  0  312094  3275  4168  59.0328554858  78.4485814519  100.0  100.0  
1441324587  0  1683  1283854  1479  0  0  75010  0  0  5009  88592  0  23039  17647  40686  354  0  266  40686  23039  88592  0  0  0  75010  186237  0  0  319506  1999  7412  58.2890462151  69.2854286095  100.0  100.0  
1441324587  0  1683  1289657  1497  0  0  76357  0  0  5009  88592  0  23071  17615  40686  354  0  266  40686  23071  88592  0  0  0  76357  187552  0  0  320853  1315  1347  58.4541830683  69.7853503935  100.0  100.0  
1441324588  0  1683  1303993  1551  0  0  80080  0  0  5009  88592  0  21151  19546  40686  354  0  266  40686  21151  88592  0  0  0  80080  195245  0  0  328683  7693  7830  59.4022203765  73.5876623377  100.0  100.0  
1441324590  0  1683  1334051  1525  0  0  79751  0  0  5009  88592  0  20188  20462  40686  354  0  263  40686  20188  88592  0  0  0  79751  203918  0  0  338726  8673  10043  60.2014607677  74.6862108312  100.0  100.0  
1441324591  0  1683  1345615  1292  0  0  65006  0  0  5009  88592  0  20231  20504  40686  354  0  262  40686  20231  88592  0  0  0  65006  204143  0  0  338995  225  269  60.2200622428  68.8782573916  100.0  100.0  
1441324591  0  1683  1353937  1363  0  0  70166  0  0  5009  88592  0  20248  20487  40686  354  0  264  40686  20248  88592  0  0  0  70166  209286  0  0  344155  5143  5160  60.811552934  71.1427186957  100.0  100.0  
1441324592  0  1683  1361747  1285  0  0  65953  0  0  5009  88592  0  20282  20482  40686  354  0  263  40686  20282  88592  0  0  0  65953  211439  0  0  346342  2153  2187  61.0491941491  69.2477976741  100.0  100.0  
1441324592  0  1683  1369329  1342  0  0  69008  0  0  5009  88592  0  22263  18501  40686  354  0  266  40686  22263  88592  0  0  0  69008  212513  0  0  349398  1074  3056  60.8226148976  67.7385230698  100.0  100.0  
1441324593  0  1683  1379139  1363  0  0  69817  0  0  5009  88592  0  22323  18441  40686  354  0  266  40686  22323  88592  0  0  0  69817  213262  0  0  350207  749  809  60.895984375  68.0264119054  100.0  100.0  
1441324593  0  1683  1379139  1363  0  0  69817  0  0  5009  88592  0  22323  18441  40686  354  0  266  40686  22323  88592  0  0  0  69817  213262  0  0  350207  0  0  60.895984375  68.0264119054  100.0  100.0  
1441324594  0  1683  1390150  1385  0  0  70671  0  0  5009  88592  0  22443  18326  40686  354  0  265  40686  22443  88592  0  0  0  70671  215181  0  0  352246  1919  2039  61.0882735361  68.2429851  100.0  100.0  
1441324594  0  1683  1399437  1243  0  0  62256  0  0  5009  88592  0  22442  18348  40686  354  0  262  40686  22442  88592  0  0  0  62256  215571  0  0  352636  390  390  61.1313082045  63.9520688769  100.0  100.0  
1441324595  0  1683  1410616  1267  0  0  63261  0  0  5009  88592  0  20809  19985  40686  354  0  264  40686  20809  88592  0  0  0  63261  218212  0  0  355682  2641  3046  61.350307297  67.1061159324  100.0  100.0  
1441324595  0  1683  1421736  1289  0  0  64454  0  0  5009  88592  0  20810  20003  40686  354  0  265  40686  20810  88592  0  0  0  64454  222732  0  0  360203  4520  4521  61.8351318562  67.7134080119  100.0  100.0  
1441324596  0  1683  1437613  1264  0  0  62499  0  0  5009  88592  0  16718  24213  40686  354  0  265  40686  16718  88592  0  0  0  62499  224870  0  0  362512  2138  2309  62.0310500066  73.2507720124  100.0  100.0  
1441324596  0  1683  1447491  1253  0  0  62914  0  0  5009  88592  0  16482  24452  40686  354  0  263  40686  16482  88592  0  0  0  62914  227202  0  0  364860  2332  2348  62.2710080579  73.8023333439  100.0  100.0  
1441324597  0  1683  1447491  1253  0  0  62914  0  0  5009  88592  0  16482  24452  40686  354  0  263  40686  16482  88592  0  0  0  62914  227202  0  0  364860  0  0  62.2710080579  73.8023333439  100.0  100.0  
1441324597  0  1683  1459045  1087  0  0  53182  0  0  5009  88592  0  10854  30261  40686  354  0  264  40686  10854  88592  0  0  0  53182  233068  0  0  370793  5866  5933  62.8566342946  79.5908390057  100.0  100.0  
1441324598  0  1683  1467277  1116  0  0  54913  0  0  5009  88592  0  10854  30272  40686  354  0  264  40686  10854  88592  0  0  0  54913  235546  0  0  373271  2478  2478  63.1032145546  80.2341886256  100.0  100.0  
1441324598  0  1683  1473766  1141  0  0  56139  0  0  5009  88592  0  10854  30274  40686  354  0  265  40686  10854  88592  0  0  0  56139  236893  0  0  374618  1347  1347  63.2358829528  80.6658472719  100.0  100.0  
1441324599  0  1683  1480448  1172  0  0  58216  0  0  5009  88592  0  12588  28540  40686  354  0  266  40686  12588  88592  0  0  0  58216  237236  0  0  376695  343  2077  62.9782715459  78.3770784664  100.0  100.0  
1441324599  0  1683  1493366  1158  0  0  56352  0  0  5009  88592  0  12595  28585  40686  354  0  266  40686  12595  88592  0  0  0  56352  239462  0  0  378928  2226  2233  63.1945910569  77.6494179443  100.0  100.0  
1441324600  0  1683  1500120  1082  0  0  51698  0  0  5009  88592  0  12626  28603  40686  354  0  265  40686  12626  88592  0  0  0  51698  240665  0  0  380162  1203  1234  63.3059064294  75.5773917753  100.0  100.0  
1441324600  0  1683  1500120  1082  0  0  51698  0  0  5009  88592  0  12626  28603  40686  354  0  265  40686  12626  88592  0  0  0  51698  240665  0  0  380162  0  0  63.3059064294  75.5773917753  100.0  100.0  
1441324601  0  1683  1513321  939  0  0  43511  0  0  5009  88592  0  15653  25663  40686  354  0  263  40686  15653  88592  0  0  0  43511  241289  0  0  384072  624  3910  62.8238976025  64.0251890327  100.0  100.0  
1441324601  0  1683  1525552  944  0  0  43413  0  0  5009  88592  0  16460  24861  40686  354  0  262  40686  16460  88592  0  0  0  43413  242372  0  0  385963  1083  1891  62.7966929473  62.0850897197  100.0  100.0  
1441324602  0  1683  1531836  962  0  0  44695  0  0  5009  88592  0  16460  24861  40686  354  0  262  40686  16460  88592  0  0  0  44695  243654  0  0  387245  1282  1282  62.9198569381  63.1726143864  100.0  100.0  
1441324602  0  1683  1544009  983  0  0  45629  0  0  5009  88592  0  14988  26359  40686  354  0  262  40686  14988  88592  0  0  0  45629  246063  0  0  390220  2409  2975  63.0575060222  67.1524688247  100.0  100.0  
1441324603  0  1683  1555906  1023  0  0  48314  0  0  5009  88592  0  14474  26876  40686  354  0  262  40686  14474  88592  0  0  0  48314  250196  0  0  394619  4133  4399  63.4019142515  70.0418098274  100.0  100.0  
1441324604  0  1683  1562918  1076  0  0  52695  0  0  5009  88592  0  14474  26876  40686  354  0  262  40686  14474  88592  0  0  0  52695  254577  0  0  399000  4381  4381  63.8037593985  72.5324983395  100.0  100.0  
1441324604  0  1683  1562918  1076  0  0  52695  0  0  5009  88592  0  14474  26876  40686  354  0  262  40686  14474  88592  0  0  0  52695  254577  0  0  399000  0  0  63.8037593985  72.5324983395  100.0  100.0  
1441324605  0  1683  1570098  1085  0  0  53179  0  0  5009  88592  0  13773  27591  40686  354  0  262  40686  13773  88592  0  0  0  53179  255769  0  0  400285  1192  1285  63.8967235844  74.1006788394  100.0  100.0  
1441324605  0  1683  1581969  1028  0  0  49775  0  0  5009  88592  0  13785  27581  40686  354  0  260  40686  13785  88592  0  0  0  49775  257053  0  0  401581  1284  1296  64.0102494889  72.3053741838  100.0  100.0  
1441324606  0  1683  1593248  1053  0  0  51713  0  0  5009  88592  0  13571  27810  40686  354  0  261  40686  13571  88592  0  0  0  51713  261264  0  0  405834  4211  4253  64.3770605716  73.7570823584  100.0  100.0  
1441324606  0  1683  1608318  991  0  0  47117  0  0  5009  88592  0  13616  27855  40686  354  0  261  40686  13616  88592  0  0  0  47117  263646  0  0  408349  2382  2515  64.5638902018  71.1017254919  100.0  100.0  
1441324607  0  1683  1615210  1003  0  0  48075  0  0  5009  88592  0  15027  26448  40686  354  0  259  40686  15027  88592  0  0  0  48075  263772  0  0  409886  126  1537  64.3525272881  68.7425897036  100.0  100.0  
1441324607  0  1683  1632918  922  0  0  42541  0  0  5009  88592  0  13745  27846  40686  354  0  257  40686  13745  88592  0  0  0  42541  265073  0  0  411401  1301  1515  64.4317831021  67.689993183  100.0  100.0  
1441324608  0  1683  1638481  956  0  0  44556  0  0  5009  88592  0  14534  27057  40686  354  0  260  40686  14534  88592  0  0  0  44556  266299  0  0  413416  1226  2015  64.4142945604  67.3803752581  100.0  100.0  
1441324608  0  1683  1638481  956  0  0  44556  0  0  5009  88592  0  14534  27057  40686  354  0  260  40686  14534  88592  0  0  0  44556  266299  0  0  413416  0  0  64.4142945604  67.3803752581  100.0  100.0  
1441324609  0  1683  1643826  970  0  0  45064  0  0  5009  88592  0  14591  27000  40686  354  0  261  40686  14591  88592  0  0  0  45064  266750  0  0  413924  451  508  64.4441974855  67.6216048287  100.0  100.0  
1441324609  0  1683  1651138  987  0  0  46043  0  0  5009  88592  0  15277  26314  40686  354  0  261  40686  15277  88592  0  0  0  46043  267301  0  0  415169  551  1245  64.3836606298  66.8201463849  100.0  100.0  
1441324610  0  1683  1658710  1007  0  0  47364  0  0  5009  88592  0  15277  26318  40686  354  0  264  40686  15277  88592  0  0  0  47364  269896  0  0  417764  2595  2595  64.6048965445  67.7455451398  100.0  100.0  
1441324610  0  1683  1666586  1024  0  0  47922  0  0  5009  88592  0  15277  26318  40686  354  0  264  40686  15277  88592  0  0  0  47922  270454  0  0  418322  558  558  64.652110097  68.1211134761  100.0  100.0  
1441324611  0  1683  1681540  1070  0  0  50584  0  0  5009  88592  0  14866  26736  40686  354  0  263  40686  14866  88592  0  0  0  50584  276087  0  0  424233  5633  5911  65.0790956856  70.6112604776  100.0  100.0  
1441324611  0  1683  1696025  1011  0  0  46912  0  0  5009  88592  0  12864  28842  40686  354  0  261  40686  12864  88592  0  0  0  46912  278045  0  0  426195  1958  1962  65.2389164584  72.5784447476  100.0  100.0  
1441324612  0  1683  1704252  1026  0  0  47808  0  0  5009  88592  0  12864  28842  40686  354  0  262  40686  12864  88592  0  0  0  47808  278942  0  0  427092  897  897  65.3119234263  73.0923694779  100.0  100.0  
1441324612  0  1683  1704252  1026  0  0  47808  0  0  5009  88592  0  12864  28842  40686  354  0  262  40686  12864  88592  0  0  0  47808  278942  0  0  427092  0  0  65.3119234263  73.0923694779  100.0  100.0  
1441324613  0  1683  1713706  1064  0  0  50671  0  0  5009  88592  0  13492  28214  40686  354  0  262  40686  13492  88592  0  0  0  50671  281924  0  0  430958  2982  3866  65.4179757656  73.3733299126  100.0  100.0  
1441324613  0  1683  1725858  1074  0  0  51050  0  0  5009  88592  0  13919  27794  40686  354  0  261  40686  13919  88592  0  0  0  51050  283793  0  0  433254  1869  2296  65.5026843376  72.7345739471  100.0  100.0  
1441324614  0  1683  1736176  977  0  0  44965  0  0  5009  88592  0  13919  27797  40686  354  0  259  40686  13919  88592  0  0  0  44965  285076  0  0  434538  1283  1284  65.6043890293  69.044812632  100.0  100.0  
1441324614  0  1683  1744806  1016  0  0  47352  0  0  5009  88592  0  13927  27791  40686  354  0  260  40686  13927  88592  0  0  0  47352  288026  0  0  437496  2950  2958  65.8351162068  70.5883595202  100.0  100.0  
1441324615  0  1683  1750145  1052  0  0  49916  0  0  5009  88592  0  13927  27791  40686  354  0  261  40686  13927  88592  0  0  0  49916  290590  0  0  440060  2564  2564  66.0341771577  72.0991265326  100.0  100.0  
1441324615  0  1683  1761653  1118  0  0  53550  0  0  5009  88592  0  13927  27791  40686  354  0  262  40686  13927  88592  0  0  0  53550  294224  0  0  443694  3634  3634  66.3123684341  73.9925303455  100.0  100.0  
1441324616  0  1683  1761653  1118  0  0  53550  0  0  5009  88592  0  13927  27791  40686  354  0  262  40686  13927  88592  0  0  0  53550  294224  0  0  443694  0  0  66.3123684341  73.9925303455  100.0  100.0  
1441324616  0  1683  1780254  1001  0  0  47487  0  0  5009  88592  0  12142  29580  40686  354  0  258  40686  12142  88592  0  0  0  47487  296959  0  0  446640  2735  2946  66.4873276016  74.430896877  100.0  100.0  
1441324617  0  1683  1788746  1073  0  0  51899  0  0  5009  88592  0  14147  27575  40686  354  0  259  40686  14147  88592  0  0  0  51899  299366  0  0  451052  2407  4412  66.3706180219  72.7412859593  100.0  100.0  
1441324617  0  1683  1800674  1109  0  0  54418  0  0  5009  88592  0  14146  27571  40686  354  0  260  40686  14146  88592  0  0  0  54418  304190  0  0  455876  4824  4824  66.7264782529  74.004924841  100.0  100.0  
1441324618  0  1683  1816300  1096  0  0  54017  0  0  5009  88592  0  9989  31699  40686  354  0  260  40686  9989  88592  0  0  0  54017  307950  0  0  459762  3760  3886  66.9803072024  81.5076735102  100.0  100.0  
1441324618  0  1683  1826855  1135  0  0  57114  0  0  5009  88592  0  7984  33704  40686  354  0  259  40686  7984  88592  0  0  0  57114  313059  0  0  464871  5109  5109  67.3431984357  86.020940575  100.0  100.0  
1441324619  0  1683  1831750  1186  0  0  59884  0  0  5009  88592  0  8056  33602  40686  354  0  261  40686  8056  88592  0  0  0  59884  315757  0  0  467641  2698  2770  67.5212395834  86.547324828  100.0  100.0  
1441324619  0  1683  1831750  1186  0  0  59884  0  0  5009  88592  0  8056  33602  40686  354  0  261  40686  8056  88592  0  0  0  59884  315757  0  0  467641  0  0  67.5212395834  86.547324828  100.0  100.0  
1441324620  0  1683  1862071  1074  0  0  52173  0  0  5009  88592  0  9859  31777  40686  354  0  261  40686  9859  88592  0  0  0  52173  317669  0  0  471357  1912  3716  67.3945650537  81.1032526403  100.0  100.0  
1441324620  0  1683  1870215  1117  0  0  54320  0  0  5009  88592  0  9859  31777  40686  354  0  262  40686  9859  88592  0  0  0  54320  319816  0  0  473504  2147  2147  67.5424072447  81.8501472754  100.0  100.0  
1441324621  0  1683  1876628  1120  0  0  54244  0  0  5009  88592  0  9652  31984  40686  354  0  264  40686  9652  88592  0  0  0  54244  320466  0  0  474196  650  692  67.5809159082  82.206326967  100.0  100.0  
1441324621  0  1683  1884894  1192  0  0  58416  0  0  5009  88592  0  13644  27961  40686  354  0  266  40686  13644  88592  0  0  0  58416  320646  0  0  478368  180  4172  67.029149107  76.6433853739  100.0  100.0  
1441324622  0  1683  1898865  1155  0  0  55610  0  0  5009  88592  0  12967  28622  40686  354  0  264  40686  12967  88592  0  0  0  55610  320829  0  0  479374  183  1006  66.9266585171  76.6822513936  100.0  100.0  
1441324622  0  1683  1912471  1191  0  0  58035  0  0  5009  88592  0  14588  27008  40686  354  0  265  40686  14588  88592  0  0  0  58035  324449  0  0  484616  3620  5242  66.9497086353  74.8634444732  100.0  100.0  
1441324623  0  1683  1912471  1191  0  0  58035  0  0  5009  88592  0  14588  27008  40686  354  0  265  40686  14588  88592  0  0  0  58035  324449  0  0  484616  0  0  66.9497086353  74.8634444732  100.0  100.0  
1441324623  0  1683  1918195  1261  0  0  62503  0  0  5009  88592  0  14594  26868  40686  354  0  265  40686  14594  88592  0  0  0  62503  328926  0  0  489099  4477  4483  67.2514153576  76.6507207654  100.0  100.0  
1441324624  0  1683  1924623  1305  0  0  64969  0  0  5009  88592  0  14658  26729  40686  354  0  266  40686  14658  88592  0  0  0  64969  331328  0  0  491565  2402  2466  67.4026832667  77.4384706552  100.0  100.0  
1441324624  0  1683  1931478  1328  0  0  66478  0  0  5009  88592  0  14709  26632  40686  354  0  266  40686  14709  88592  0  0  0  66478  332788  0  0  493076  1460  1511  67.4922324348  77.8738830891  100.0  100.0  
1441324625  0  1683  1951660  1296  0  0  64346  0  0  5009  88592  0  10676  30673  40686  354  0  269  40686  10676  88592  0  0  0  64346  336997  0  0  497515  4209  4439  67.7360481594  83.4084480776  100.0  100.0  
1441324625  0  1683  1963552  1321  0  0  65362  0  0  5009  88592  0  11057  30296  40686  354  0  269  40686  11057  88592  0  0  0  65362  338784  0  0  500482  1787  2967  67.6915453503  83.0834429791  100.0  100.0  
1441324626  0  1683  1969217  1343  0  0  66443  0  0  5009  88592  0  11354  29999  40686  354  0  271  40686  11354  88592  0  0  0  66443  339568  0  0  501563  784  1081  67.7019636616  82.9116686483  100.0  100.0  
1441324627  0  1683  1969217  1343  0  0  66443  0  0  5009  88592  0  11354  29999  40686  354  0  271  40686  11354  88592  0  0  0  66443  339568  0  0  501563  0  0  67.7019636616  82.9116686483  100.0  100.0  
1441324627  0  1683  1980793  1326  0  0  64602  0  0  5009  88592  0  11355  30005  40686  354  0  270  40686  11355  88592  0  0  0  64602  341057  0  0  503053  1489  1490  67.7974288991  82.4231447943  100.0  100.0  
1441324628  0  1683  1987691  1256  0  0  60884  0  0  5009  88592  0  11354  30136  40686  354  0  268  40686  11354  88592  0  0  0  60884  343391  0  0  505387  2334  2334  67.9461481993  81.351422377  100.0  100.0  
1441324628  0  1683  2005410  1171  0  0  55020  0  0  5009  88592  0  11234  30283  40686  354  0  264  40686  11234  88592  0  0  0  55020  345318  0  0  507395  1927  2008  68.0570364312  79.5819701927  100.0  100.0  
1441324629  0  1683  2022936  1109  0  0  51657  0  0  5009  88592  0  11306  30232  40686  354  0  263  40686  11306  88592  0  0  0  51657  351925  0  0  514076  6607  6681  68.4577766712  78.1133244284  100.0  100.0  
1441324629  0  1683  2031729  1104  0  0  52756  0  0  5009  88592  0  13269  28272  40686  354  0  262  40686  13269  88592  0  0  0  52756  352147  0  0  516262  222  2186  68.2109084147  74.8483584806  100.0  100.0  
1441324630  0  1683  2037409  1157  0  0  56458  0  0  5009  88592  0  16149  25392  40686  354  0  262  40686  16149  88592  0  0  0  56458  352969  0  0  519964  822  3702  67.8833534629  71.3964362889  100.0  100.0  
1441324630  0  1683  2037409  1157  0  0  56458  0  0  5009  88592  0  16149  25392  40686  354  0  262  40686  16149  88592  0  0  0  56458  352969  0  0  519964  0  0  67.8833534629  71.3964362889  100.0  100.0  
1441324631  0  1683  2045507  1228  0  0  61210  0  0  5009  88592  0  16151  25320  40686  354  0  264  40686  16151  88592  0  0  0  61210  357719  0  0  524716  4750  4752  68.1738311772  73.6137885966  100.0  100.0  
1441324631  0  1683  2056693  1262  0  0  63549  0  0  5009  88592  0  16052  25350  40686  354  0  264  40686  16052  88592  0  0  0  63549  361893  0  0  529047  4174  4331  68.4046975032  74.7407512313  100.0  100.0  
1441324632  0  1683  2063231  1264  0  0  63856  0  0  5009  88592  0  14267  27099  40686  354  0  264  40686  14267  88592  0  0  0  63856  364240  0  0  531394  2347  2347  68.5442440073  77.6575419694  100.0  100.0  
1441324632  0  1683  2070078  1272  0  0  64136  0  0  5009  88592  0  14267  27099  40686  354  0  264  40686  14267  88592  0  0  0  64136  364520  0  0  531674  280  280  68.5608098196  77.7550829487  100.0  100.0  
1441324633  0  1683  2082477  1285  0  0  65500  0  0  5009  88592  0  14320  27022  40686  354  0  262  40686  14320  88592  0  0  0  65500  369351  0  0  536559  4831  4885  68.8369778533  78.1374045802  100.0  100.0  
1441324633  0  1683  2091389  1251  0  0  63227  0  0  5009  88592  0  10056  31249  40686  354  0  262  40686  10056  88592  0  0  0  63227  371346  0  0  538554  1995  1995  68.9524170278  84.0954022807  100.0  100.0  
1441324634  0  1683  2091389  1251  0  0  63227  0  0  5009  88592  0  10056  31249  40686  354  0  262  40686  10056  88592  0  0  0  63227  371346  0  0  538554  0  0  68.9524170278  84.0954022807  100.0  100.0  
1441324634  0  1683  2099702  1308  0  0  66698  0  0  5009  88592  0  9804  31501  40686  354  0  261  40686  9804  88592  0  0  0  66698  375622  0  0  542831  4276  4277  69.1968586908  85.300908573  100.0  100.0  
1441324635  0  1683  2111142  1232  0  0  61425  0  0  5009  88592  0  7865  33458  40686  354  0  262  40686  7865  88592  0  0  0  61425  377686  0  0  545214  2064  2383  69.2729827187  87.1957671958  100.0  100.0  
1441324635  0  1683  2119614  1218  0  0  60352  0  0  5009  88592  0  7885  33469  40686  354  0  262  40686  7885  88592  0  0  0  60352  378640  0  0  546194  954  980  69.3233539731  86.9349814422  100.0  100.0  
1441324636  0  1683  2126707  1239  0  0  61971  0  0  5009  88592  0  7928  33426  40686  354  0  262  40686  7928  88592  0  0  0  61971  380216  0  0  547813  1576  1619  69.4061659727  87.2069193655  100.0  100.0  
1441324636  0  1683  2132605  1250  0  0  62704  0  0  5009  88592  0  7982  33383  40686  354  0  263  40686  7982  88592  0  0  0  62704  383195  0  0  550850  2979  3037  69.5643097032  87.270349579  100.0  100.0  
1441324637  0  1683  2139948  1242  0  0  62338  0  0  5009  88592  0  7978  33401  40686  354  0  264  40686  7978  88592  0  0  0  62338  385653  0  0  553308  2458  2458  69.6995163634  87.2020276557  100.0  100.0  
1441324637  0  1683  2139948  1242  0  0  62338  0  0  5009  88592  0  7978  33401  40686  354  0  264  40686  7978  88592  0  0  0  62338  385653  0  0  553308  0  0  69.6995163634  87.2020276557  100.0  100.0  
1441324638  0  1683  2146520  1257  0  0  63261  0  0  5009  88592  0  7978  33401  40686  354  0  264  40686  7978  88592  0  0  0  63261  386576  0  0  554231  923  923  69.7499778973  87.3887545249  100.0  100.0  
1441324638  0  1683  2152140  1299  0  0  66176  0  0  5009  88592  0  7978  33401  40686  354  0  265  40686  7978  88592  0  0  0  66176  389491  0  0  557146  2915  2915  69.9082466714  87.9442698259  100.0  100.0  
1441324639  0  1683  2174971  1180  0  0  58692  0  0  5009  88592  0  6582  34819  40686  354  0  264  40686  6582  88592  0  0  0  58692  393139  0  0  560897  3648  3751  70.0911218994  88.7855244326  100.0  100.0  
1441324639  0  1683  2183605  1250  0  0  63291  0  0  5009  88592  0  8506  32895  40686  354  0  264  40686  8506  88592  0  0  0  63291  395815  0  0  565497  2676  4600  69.9941821088  86.5604904331  100.0  100.0  
1441324640  0  1683  2191275  1292  0  0  66211  0  0  5009  88592  0  8510  32891  40686  354  0  264  40686  8510  88592  0  0  0  66211  398731  0  0  568418  2916  2921  70.1474970884  87.1471507756  100.0  100.0  
1441324640  0  1683  2198150  1278  0  0  65198  0  0  5009  88592  0  8502  32899  40686  354  0  262  40686  8502  88592  0  0  0  65198  399273  0  0  568960  542  542  70.1759350394  86.9597226909  100.0  100.0  
1441324641  0  1683  2198150  1278  0  0  65198  0  0  5009  88592  0  8502  32899  40686  354  0  262  40686  8502  88592  0  0  0  65198  399273  0  0  568960  0  0  70.1759350394  86.9597226909  100.0  100.0  
1441324641  0  1683  2203993  1304  0  0  66857  0  0  5009  88592  0  8505  32896  40686  354  0  263  40686  8505  88592  0  0  0  66857  400930  0  0  570620  1657  1660  70.2621709719  87.2788189718  100.0  100.0  
1441324642  0  1683  2221656  1182  0  0  58369  0  0  5009  88592  0  8417  33010  40686  354  0  261  40686  8417  88592  0  0  0  58369  404095  0  0  573848  3165  3228  70.4184731845  85.5796741421  100.0  100.0  
1441324642  0  1683  2236392  1157  0  0  56490  0  0  5009  88592  0  6788  34660  40686  354  0  262  40686  6788  88592  0  0  0  56490  406780  0  0  576663  2685  2815  70.5403329154  87.9837139317  100.0  100.0  
1441324643  0  1683  2242253  1194  0  0  59159  0  0  5009  88592  0  8181  33267  40686  354  0  262  40686  8181  88592  0  0  0  59159  408067  0  0  579343  1287  2680  70.4361664851  86.1711658412  100.0  100.0  
1441324643  0  1683  2249867  1242  0  0  62057  0  0  5009  88592  0  8181  33267  40686  354  0  262  40686  8181  88592  0  0  0  62057  410965  0  0  582241  2898  2898  70.5833151564  86.8169586026  100.0  100.0  
1441324644  0  1683  2256688  1244  0  0  62265  0  0  5009  88592  0  8181  33274  40686  354  0  263  40686  8181  88592  0  0  0  62265  412197  0  0  583473  1232  1232  70.6454283232  86.86099735  100.0  100.0  
1441324644  0  1683  2256688  1244  0  0  62265  0  0  5009  88592  0  8181  33274  40686  354  0  263  40686  8181  88592  0  0  0  62265  412197  0  0  583473  0  0  70.6454283232  86.86099735  100.0  100.0  
1441324645  0  1683  2267985  1200  0  0  59358  0  0  5009  88592  0  8181  33327  40686  354  0  262  40686  8181  88592  0  0  0  59358  412883  0  0  584159  686  686  70.6799005065  86.2175275447  100.0  100.0  
1441324645  0  1683  2278076  1238  0  0  61090  0  0  5009  88592  0  8186  33322  40686  354  0  264  40686  8186  88592  0  0  0  61090  414612  0  0  585893  1729  1734  70.7658224283  86.6000982157  100.0  100.0  
1441324646  0  1683  2286305  1262  0  0  62009  0  0  5009  88592  0  8190  33318  40686  354  0  267  40686  8190  88592  0  0  0  62009  415536  0  0  586821  924  928  70.8113717812  86.7922398362  100.0  100.0  
1441324646  0  1683  2297104  1304  0  0  64985  0  0  5009  88592  0  6778  34730  40686  354  0  267  40686  6778  88592  0  0  0  64985  420503  0  0  591872  4967  5051  71.0462735186  89.5699007463  100.0  100.0  
1441324647  0  1683  2303348  1325  0  0  66398  0  0  5009  88592  0  6895  34589  40686  354  0  267  40686  6895  88592  0  0  0  66398  421799  0  0  593285  1296  1413  71.0955105893  89.6156510738  100.0  100.0  
1441324647  0  1683  2314550  1413  0  0  71291  0  0  5009  88592  0  8672  32644  40686  354  0  267  40686  8672  88592  0  0  0  71291  424915  0  0  598198  3116  4913  71.0325009445  87.8357716963  100.0  100.0  
1441324648  0  1683  2314550  1413  0  0  71291  0  0  5009  88592  0  8672  32644  40686  354  0  267  40686  8672  88592  0  0  0  71291  424915  0  0  598198  0  0  71.0325009445  87.8357716963  100.0  100.0  
1441324648  0  1683  2322002  1421  0  0  71728  0  0  5009  88592  0  8672  32632  40686  354  0  267  40686  8672  88592  0  0  0  71728  425352  0  0  598635  437  437  71.053647047  87.9098817756  100.0  100.0  
1441324649  0  1683  2336398  1367  0  0  68453  0  0  5009  88592  0  8419  32872  40686  354  0  265  40686  8419  88592  0  0  0  68453  427141  0  0  600428  1789  1793  71.1394205467  87.7010503557  100.0  100.0  
1441324649  0  1683  2351132  1353  0  0  67942  0  0  5009  88592  0  8433  32875  40686  354  0  264  40686  8433  88592  0  0  0  67942  431747  0  0  605057  4606  4629  71.3564176598  87.587942657  100.0  100.0  
1441324650  0  1683  2357856  1385  0  0  70037  0  0  5009  88592  0  8550  32758  40686  354  0  264  40686  8550  88592  0  0  0  70037  433725  0  0  607152  1978  2095  71.4359830817  87.7921669974  100.0  100.0  
1441324650  0  1683  2365153  1388  0  0  70575  0  0  5009  88592  0  8550  32759  40686  354  0  265  40686  8550  88592  0  0  0  70575  436055  0  0  609483  2330  2331  71.5450636031  87.8852284803  100.0  100.0  
1441324651  0  1683  2371257  1391  0  0  71291  0  0  5009  88592  0  8549  32770  40686  354  0  264  40686  8549  88592  0  0  0  71291  437914  0  0  611342  1859  1859  71.631590828  88.0083039935  100.0  100.0  
1441324651  0  1683  2371257  1391  0  0  71291  0  0  5009  88592  0  8549  32770  40686  354  0  264  40686  8549  88592  0  0  0  71291  437914  0  0  611342  0  0  71.631590828  88.0083039935  100.0  100.0  
1441324652  0  1683  2382438  1465  0  0  76059  0  0  5009  88592  0  9881  31273  40686  354  0  267  40686  9881  88592  0  0  0  76059  443397  0  0  618163  5483  6821  71.728168784  87.0087695079  100.0  100.0  
1441324652  0  1683  2393764  1500  0  0  77488  0  0  5009  88592  0  9642  31468  40686  354  0  268  40686  9642  88592  0  0  0  77488  445602  0  0  620371  2205  2208  71.8283091892  87.5567829858  100.0  100.0  
1441324653  0  1683  2401123  1534  0  0  79080  0  0  5009  88592  0  9653  31408  40686  354  0  269  40686  9653  88592  0  0  0  79080  447183  0  0  621963  1581  1592  71.8986499197  87.7933737987  100.0  100.0  
1441324653  0  1683  2410982  1529  0  0  78444  0  0  5009  88592  0  9653  31391  40686  354  0  268  40686  9653  88592  0  0  0  78444  448871  0  0  623651  1688  1688  71.9747102145  87.6944062006  100.0  100.0  
1441324654  0  1683  2430279  1475  0  0  74592  0  0  5009  88592  0  9405  31622  40686  354  0  267  40686  9405  88592  0  0  0  74592  454242  0  0  629028  5371  5377  72.2133195979  87.3914092664  100.0  100.0  
1441324654  0  1683  2434871  1490  0  0  75394  0  0  5009  88592  0  9640  31387  40686  354  0  267  40686  9640  88592  0  0  0  75394  454809  0  0  629830  567  802  72.2113903752  87.2138366448  100.0  100.0  
1441324655  0  1683  2434871  1490  0  0  75394  0  0  5009  88592  0  9640  31387  40686  354  0  267  40686  9640  88592  0  0  0  75394  454809  0  0  629830  0  0  72.2113903752  87.2138366448  100.0  100.0  
1441324655  0  1683  2443781  1461  0  0  73367  0  0  5009  88592  0  9635  31414  40686  354  0  266  40686  9635  88592  0  0  0  73367  458663  0  0  633691  3854  3861  72.3795982585  86.867392697  100.0  100.0  
1441324656  0  1683  2454893  1372  0  0  67097  0  0  5009  88592  0  8210  32909  40686  354  0  266  40686  8210  88592  0  0  0  67097  460226  0  0  635326  1563  1635  72.4393460995  87.7639834866  100.0  100.0  
1441324656  0  1683  2466034  1373  0  0  67463  0  0  5009  88592  0  8214  32907  40686  354  0  266  40686  8214  88592  0  0  0  67463  463405  0  0  638509  3179  3183  72.5761109084  87.8244370989  100.0  100.0  
1441324657  0  1683  2471853  1393  0  0  68615  0  0  5009  88592  0  8214  32907  40686  354  0  267  40686  8214  88592  0  0  0  68615  464557  0  0  639661  1152  1152  72.6255000696  88.028856664  100.0  100.0  
1441324657  0  1683  2480757  1455  0  0  72115  0  0  5009  88592  0  8222  32899  40686  354  0  267  40686  8222  88592  0  0  0  72115  468049  0  0  643161  3492  3500  72.7732247447  88.5987658601  100.0  100.0  
1441324658  0  1683  2490368  1513  0  0  75978  0  0  5009  88592  0  8223  32898  40686  354  0  267  40686  8223  88592  0  0  0  75978  471911  0  0  647024  3862  3863  72.9356252627  89.1771302219  100.0  100.0  
1441324658  0  1683  2490368  1513  0  0  75978  0  0  5009  88592  0  8223  32898  40686  354  0  267  40686  8223  88592  0  0  0  75978  471911  0  0  647024  0  0  72.9356252627  89.1771302219  100.0  100.0  
1441324659  0  1683  2502027  1574  0  0  80165  0  0  5009  88592  0  8230  32821  40686  354  0  268  40686  8230  88592  0  0  0  80165  477114  0  0  652236  5203  5212  73.1505160709  89.7336742968  100.0  100.0  
1441324659  0  1683  2513893  1620  0  0  83160  0  0  5009  88592  0  8231  32730  40686  354  0  267  40686  8231  88592  0  0  0  83160  481132  0  0  656255  4018  4019  73.314793792  90.1022126022  100.0  100.0  
1441324660  0  1684  2522467  1684  0  0  86502  0  0  5009  88592  0  8231  32628  40686  354  0  268  40686  8231  88592  0  0  0  86502  485498  0  0  660621  4366  4366  73.4911545349  90.4846130725  100.0  100.0  
1441324660  0  1693  2541499  1660  0  0  84116  0  0  5009  88592  0  5796  35111  40686  354  0  266  40686  5796  88592  0  0  0  84116  490846  0  0  666214  5348  5593  73.6769266332  93.1095154311  100.0  100.0  
1441324661  0  1701  2552929  1606  0  0  81665  0  0  5009  88592  0  7218  33674  40686  354  0  264  40686  7218  88592  0  0  0  81665  492247  0  0  669044  1401  2830  73.5746826816  91.1614522745  100.0  100.0  
1441324662  0  1701  2567182  1489  0  0  75029  0  0  5009  88592  0  7000  33953  40686  354  0  262  40686  7000  88592  0  0  0  75029  496532  0  0  673371  4285  4327  73.738251276  90.6702741607  100.0  100.0  
1441324662  0  1701  2567182  1489  0  0  75029  0  0  5009  88592  0  7000  33953  40686  354  0  262  40686  7000  88592  0  0  0  75029  496532  0  0  673371  0  0  73.738251276  90.6702741607  100.0  100.0  
1441324663  0  1701  2573545  1541  0  0  75200  0  0  5009  88592  0  6841  34118  40686  354  0  261  40686  6841  88592  0  0  0  75200  499757  0  0  676615  3225  3244  73.8613539457  90.9029255319  100.0  100.0  
1441324663  0  1701  2583861  1483  0  0  73809  0  0  5009  88592  0  6841  34128  40686  354  0  260  40686  6841  88592  0  0  0  73809  500557  0  0  677415  800  800  73.8922226405  90.7314826105  100.0  100.0  
1441324664  0  1701  2591715  1528  0  0  77426  0  0  5009  88592  0  7092  33877  40686  354  0  261  40686  7092  88592  0  0  0  77426  503923  0  0  681032  3366  3617  73.9940267124  90.8402862088  100.0  100.0  
1441324664  0  1701  2615027  1515  0  0  79191  0  0  5009  88592  0  8748  32238  40686  354  0  263  40686  8748  88592  0  0  0  79191  512483  0  0  691248  8560  10216  74.1388040182  88.9532901466  100.0  100.0  
1441324665  0  1701  2625397  1540  0  0  81832  0  0  5009  88592  0  8810  32177  40686  354  0  264  40686  8810  88592  0  0  0  81832  516263  0  0  695311  3780  4063  74.2492208523  89.2340404732  100.0  100.0  
1441324665  0  1701  2634175  1597  0  0  84703  0  0  5009  88592  0  9023  31889  40686  354  0  264  40686  9023  88592  0  0  0  84703  518921  0  0  698182  2658  2871  74.3246030405  89.3474847408  100.0  100.0  
1441324666  0  1701  2634175  1597  0  0  84703  0  0  5009  88592  0  9023  31889  40686  354  0  264  40686  9023  88592  0  0  0  84703  518921  0  0  698182  0  0  74.3246030405  89.3474847408  100.0  100.0  
1441324666  0  1701  2655316  1574  0  0  80749  0  0  5009  88592  0  9077  31849  40686  354  0  264  40686  9077  88592  0  0  0  80749  521820  0  0  701140  2899  2958  74.4245086573  88.7589939194  100.0  100.0  
1441324667  0  1701  2678202  1498  0  0  75038  0  0  5009  88592  0  9106  31848  40686  354  0  263  40686  9106  88592  0  0  0  75038  527638  0  0  706995  5818  5855  74.6310794277  87.8648151603  100.0  100.0  
1441324667  0  1701  2690081  1586  0  0  79619  0  0  5009  88592  0  9106  31848  40686  354  0  264  40686  9106  88592  0  0  0  79619  532219  0  0  711576  4581  4581  74.794400036  88.5630314372  100.0  100.0  
1441324668  0  1701  2694710  1592  0  0  80084  0  0  5009  88592  0  9106  31848  40686  354  0  264  40686  9106  88592  0  0  0  80084  532685  0  0  712042  466  466  74.8108959865  88.629439089  100.0  100.0  
1441324668  0  1701  2728307  1595  0  0  80887  0  0  5009  88592  0  9117  31889  40686  354  0  266  40686  9117  88592  0  0  0  80887  546542  0  0  725910  13857  13868  75.2906007632  88.7287203135  100.0  100.0  
1441324669  0  1701  2735731  1655  0  0  84731  0  0  5009  88592  0  9123  31775  40686  354  0  266  40686  9123  88592  0  0  0  84731  550380  0  0  729754  3838  3844  75.4199360332  89.2329843859  100.0  100.0  
1441324669  0  1701  2735731  1655  0  0  84731  0  0  5009  88592  0  9123  31775  40686  354  0  266  40686  9123  88592  0  0  0  84731  550380  0  0  729754  0  0  75.4199360332  89.2329843859  100.0  100.0  
1441324670  0  1733  2745147  1733  0  0  89738  0  0  5009  89738  0  7815  32942  40686  354  0  266  40686  7815  89738  0  0  0  89738  556702  0  0  736264  6322  6510  75.6117370943  91.2913147162  100.0  100.0  
1441324670  0  1755  2763620  1643  0  0  83133  0  0  5009  90984  0  7821  32943  40686  354  0  266  40686  7821  90984  0  0  0  83133  561867  0  0  741436  5165  5172  75.7809170313  90.5921836094  100.0  100.0  
1441324671  0  1755  2773265  1675  0  0  85259  0  0  5009  90984  0  7821  32943  40686  354  0  266  40686  7821  90984  0  0  0  85259  563993  0  0  743562  2126  2126  75.8501644786  90.8267748859  100.0  100.0  
1441324671  0  1755  2778770  1726  0  0  88204  0  0  5009  90984  0  7913  32851  40686  354  0  266  40686  7913  90984  0  0  0  88204  566846  0  0  746507  2853  2945  75.9331124825  91.0287515305  100.0  100.0  
1441324672  0  1755  2804730  1585  0  0  80332  0  0  5009  90984  0  7911  32910  40686  354  0  263  40686  7911  90984  0  0  0  80332  575985  0  0  755659  9139  9152  76.2228730155  90.1521187074  100.0  100.0  
1441324672  0  1755  2810247  1599  0  0  81361  0  0  5009  90984  0  8681  32140  40686  354  0  263  40686  8681  90984  0  0  0  81361  576245  0  0  756689  260  1030  76.1534791704  89.330268802  100.0  100.0  
1441324673  0  1755  2825092  1566  0  0  78841  0  0  5009  90984  0  9099  31745  40686  354  0  262  40686  9099  90984  0  0  0  78841  578948  0  0  759821  2703  3132  76.1953144227  88.459050494  100.0  100.0  
1441324673  0  1755  2825092  1566  0  0  78841  0  0  5009  90984  0  9099  31745  40686  354  0  262  40686  9099  90984  0  0  0  78841  578948  0  0  759821  0  0  76.1953144227  88.459050494  100.0  100.0  
1441324674  0  1755  2834201  1641  0  0  83364  0  0  5009  90984  0  9108  31736  40686  354  0  265  40686  9108  90984  0  0  0  83364  584230  0  0  765112  5282  5291  76.3587553195  89.0744206132  100.0  100.0  
1441324674  0  1755  2837244  1643  0  0  83534  0  0  5009  90984  0  9108  31736  40686  354  0  265  40686  9108  90984  0  0  0  83534  584400  0  0  765282  170  170  76.3640069935  89.0966552541  100.0  100.0  
1441324675  0  1755  2861286  1355  0  0  65417  0  0  5009  90984  0  7658  33284  40686  354  0  261  40686  7658  90984  0  0  0  65417  589076  0  0  770105  4676  4823  76.4929457671  88.2935628353  100.0  100.0  
1441324675  0  1755  2874117  1354  0  0  67508  0  0  5009  90984  0  7640  33315  40686  354  0  260  40686  7640  90984  0  0  0  67508  595628  0  0  776657  6552  6552  76.6912549555  88.6828227766  100.0  100.0  
1441324676  0  1755  2880706  1398  0  0  70529  0  0  5009  90984  0  7649  33306  40686  354  0  260  40686  7649  90984  0  0  0  70529  598640  0  0  779678  3012  3021  76.7804144788  89.1548157495  100.0  100.0  
1441324676  0  1755  2884145  1402  0  0  70962  0  0  5009  90984  0  7568  33387  40686  354  0  258  40686  7568  90984  0  0  0  70962  599156  0  0  780205  516  527  76.7946885754  89.3351371156  100.0  100.0  
