#type:T;
#time  gt  cn  Pt  Px  gx  cx  gn  gm  Pn  Pm  Ft  cm  pt  Fx  px  ct  pn  Fm  Fn  pm  dn  On  Om  dm  dx  Ox  dt  Ot  Gt  Cn  Cm  Gx  Cx  Gn  Gm  Ct  
1441324491  4299403  0  0  0  37071  0  4896  154  0  2147483647  21252  2147483647  0  2139  0  0  0  384  21  2147483647  0  46  263  2147483647  0  6402  0  60318  0  0  2147483647  0  0  0  2147483647  0  
1441324491  4299403  0  0  0  37071  0  4896  154  0  2147483647  21252  2147483647  0  2139  0  0  0  384  21  2147483647  0  47  263  2147483647  0  6402  0  63041  0  0  2147483647  0  0  0  2147483647  0  
1441324492  4299403  0  0  0  37071  0  4896  154  0  2147483647  21252  2147483647  0  2139  0  0  0  384  21  2147483647  0  47  263  2147483647  0  6402  0  63041  0  0  2147483647  0  0  0  2147483647  0  
1441324493  4299403  0  0  0  37071  0  4896  154  0  2147483647  21252  2147483647  0  2139  0  0  0  384  21  2147483647  0  47  263  2147483647  0  6402  0  63041  0  0  2147483647  0  0  0  2147483647  0  
1441324493  4299403  0  0  0  37071  0  4896  154  0  2147483647  21252  2147483647  0  2139  0  0  0  384  21  2147483647  0  47  263  2147483647  0  6402  0  63041  0  0  2147483647  0  0  0  2147483647  0  
1441324494  4299403  0  0  0  37071  0  4896  154  0  2147483647  21252  2147483647  0  2139  0  0  0  384  21  2147483647  0  47  263  2147483647  0  6402  0  63041  0  0  2147483647  0  0  0  2147483647  0  
1441324494  4299403  0  0  0  37071  0  4896  154  0  2147483647  21252  2147483647  0  2139  0  0  0  384  21  2147483647  0  47  263  2147483647  0  6402  0  63041  0  0  2147483647  0  0  0  2147483647  0  
1441324495  4299403  0  0  0  37071  0  4896  154  0  2147483647  21252  2147483647  0  2139  0  0  0  384  21  2147483647  0  47  263  2147483647  0  6402  0  63041  0  0  2147483647  0  0  0  2147483647  0  
1441324495  4299403  0  0  0  37071  0  4896  154  0  2147483647  21252  2147483647  0  2139  0  0  0  384  21  2147483647  0  47  263  2147483647  0  6402  0  63041  0  0  2147483647  0  0  0  2147483647  0  
1441324496  4299403  0  0  0  37071  0  4896  154  0  2147483647  21252  2147483647  0  2139  0  0  0  384  21  2147483647  0  47  263  2147483647  0  6402  0  63041  0  0  2147483647  0  0  0  2147483647  0  
1441324496  4299403  0  0  0  37071  0  4896  154  0  2147483647  21252  2147483647  0  2139  0  0  0  384  21  2147483647  0  47  263  2147483647  0  6402  0  63041  0  0  2147483647  0  0  0  2147483647  0  
1441324497  4299403  0  0  0  37071  0  4896  154  0  2147483647  21252  2147483647  0  2139  0  0  0  384  21  2147483647  0  47  263  2147483647  0  6402  0  63041  0  0  2147483647  0  0  0  2147483647  0  
1441324497  4299403  0  0  0  37071  0  4896  154  0  2147483647  21252  2147483647  0  2139  0  0  0  384  21  2147483647  0  47  263  2147483647  0  6402  0  63041  0  0  2147483647  0  0  0  2147483647  0  
1441324498  4299403  0  0  0  37071  0  4896  154  0  2147483647  21252  2147483647  0  2139  0  0  0  384  21  2147483647  0  47  263  2147483647  0  6402  0  63041  0  0  2147483647  0  0  0  2147483647  0  
1441324498  4299403  0  0  0  37071  0  4896  154  0  2147483647  21252  2147483647  0  2139  0  0  0  384  21  2147483647  0  47  263  2147483647  0  6402  0  63041  0  0  2147483647  0  0  0  2147483647  0  
1441324499  4299403  0  0  0  37071  0  4896  154  0  2147483647  21252  2147483647  0  2139  0  0  0  384  21  2147483647  0  47  263  2147483647  0  6402  0  63041  0  0  2147483647  0  0  0  2147483647  0  
1441324499  4299403  0  0  0  37071  0  4896  154  0  2147483647  21252  2147483647  0  2139  0  0  0  384  21  2147483647  0  47  263  2147483647  0  6402  0  63041  0  0  2147483647  0  0  0  2147483647  0  
1441324500  4299403  0  0  0  37071  0  4896  154  0  2147483647  21252  2147483647  0  2139  0  0  0  384  21  2147483647  0  47  263  2147483647  0  6402  0  63041  0  0  2147483647  0  0  0  2147483647  0  
1441324500  4299403  0  0  0  37071  0  4896  154  0  2147483647  21252  2147483647  0  2139  0  0  0  384  21  2147483647  0  47  263  2147483647  0  6402  0  63041  0  0  2147483647  0  0  0  2147483647  0  
1441324501  4299403  0  0  0  37071  0  4896  154  0  2147483647  21252  2147483647  0  2139  0  0  0  384  21  2147483647  0  47  263  2147483647  0  6402  0  63041  0  0  2147483647  0  0  0  2147483647  0  
1441324501  4303840  0  0  0  37071  0  4898  154  0  2147483647  21252  2147483647  0  2139  0  0  0  384  21  2147483647  0  47  263  2147483647  0  6402  0  63041  0  0  2147483647  0  0  0  2147483647  0  
1441324502  4450370  0  15665154  64235  37071  0  5009  154  3422  3067  49475  2147483647  0  2139  0  0  0  214  125  2147483647  0  270  263  2147483647  0  49591  0  677787  681663  3541  556  32287  17759  119  1899  6087525  
1441324502  4507682  0  15665154  64235  37071  0  5089  154  3422  3067  49475  2147483647  0  2139  0  0  0  214  125  2147483647  0  270  263  2147483647  0  49591  0  677787  2123374  3666  556  34813  17759  244  1899  6462503  
1441324503  4653086  0  15665154  64235  37071  0  5191  154  3422  3067  49475  2147483647  0  2139  0  0  0  214  125  2147483647  0  270  263  2147483647  0  49591  0  677787  3096464  3744  556  34813  17759  322  1899  6773522  
1441324503  4653086  0  15665154  64235  37071  0  5191  154  3422  3067  49475  2147483647  0  2139  0  0  0  214  125  2147483647  0  270  263  2147483647  0  49591  0  677787  3096464  3744  556  34813  17759  322  1899  6773522  
1441324504  4653086  0  15665154  64235  37071  0  5191  154  3422  3067  49475  2147483647  0  2139  0  0  0  214  125  2147483647  0  270  263  2147483647  0  49591  0  677787  3096464  3744  556  34813  17759  322  1899  6773522  
1441324504  4653086  0  15665154  64235  37071  0  5191  154  3422  3067  49475  2147483647  0  2139  0  0  0  214  125  2147483647  0  270  263  2147483647  0  49591  0  677787  3096464  3744  556  34813  17759  322  1899  6773522  
1441324505  4653086  0  15665154  64235  37071  0  5191  154  3422  3067  49475  2147483647  0  2139  0  0  0  214  125  2147483647  0  270  263  2147483647  0  49591  0  677787  3096464  3744  556  34813  17759  322  1899  6773522  
1441324505  4653086  0  15665154  64235  37071  0  5191  154  3422  3067  49475  2147483647  0  2139  0  0  0  214  125  2147483647  0  270  263  2147483647  0  49591  0  677787  3096464  3744  556  34813  17759  322  1899  6773522  
1441324506  4653086  0  15665154  64235  37071  0  5191  154  3422  3067  49475  2147483647  0  2139  0  0  0  214  125  2147483647  0  270  263  2147483647  0  49591  0  677787  3096464  3744  556  34813  17759  322  1899  6773522  
1441324506  4653086  0  15665154  64235  37071  0  5191  154  3422  3067  49475  2147483647  0  2139  0  0  0  214  125  2147483647  0  270  263  2147483647  0  49591  0  677787  3096464  3744  556  34813  17759  322  1899  6773522  
1441324507  4653086  0  15665154  64235  37071  0  5191  154  3422  3067  49475  2147483647  0  2139  0  0  0  214  125  2147483647  0  270  263  2147483647  0  49591  0  677787  3096464  3744  556  34813  17759  322  1899  6773522  
1441324507  4653086  0  15665154  64235  37071  0  5191  154  3422  3067  49475  2147483647  0  2139  0  0  0  214  125  2147483647  0  270  263  2147483647  0  49591  0  677787  3096464  3744  556  34813  17759  322  1899  6773522  
1441324508  4653086  0  17131752  64235  37071  0  5191  154  3671  3067  60332  2147483647  0  3070  0  0  0  208  153  2147483647  0  270  263  2147483647  0  49591  0  677787  3096464  3993  556  34813  17759  322  1899  7194867  
1441324508  4653086  0  17995752  64235  37071  0  5191  154  3832  3067  1633958  2147483647  0  7130  0  0  0  205  5594  2147483647  0  270  263  2147483647  0  49591  0  677787  3096464  4154  556  34813  17759  322  1899  7463990  
1441324509  4653086  0  17995752  64235  37071  0  5191  154  3832  3067  3082866  2147483647  0  7130  0  0  0  205  11620  2147483647  0  270  263  2147483647  0  49591  0  677787  3096464  4154  556  34813  17759  322  1899  7463990  
1441324509  4653086  0  17995752  64235  37071  0  5191  154  3832  3067  5115154  2147483647  0  7130  0  0  0  205  19855  2147483647  0  270  263  2147483647  0  49591  0  677787  3096464  4154  556  34813  17759  322  1899  7463990  
1441324510  4653086  0  17995752  64235  37071  0  5191  154  3832  3067  5115154  2147483647  0  7130  0  0  0  205  19855  2147483647  0  270  263  2147483647  0  49591  0  677787  3096464  4154  556  34813  17759  322  1899  7463990  
1441324510  4653086  0  17995752  64235  37071  0  5191  154  3832  3067  7428529  2147483647  0  7130  0  0  0  205  29286  2147483647  0  270  263  2147483647  0  49591  0  677787  3096464  4154  556  34813  17759  322  1899  7463990  
1441324511  4653086  0  17995752  64235  37071  0  5191  154  3832  3067  9900289  2147483647  0  7130  0  0  0  205  39303  2147483647  0  270  263  2147483647  0  49591  0  677787  3096464  4154  556  34813  17759  322  1899  7463990  
1441324511  4653086  0  17995752  64235  37071  0  5191  154  3832  3067  12394206  2147483647  0  7130  0  0  0  205  49475  2147483647  0  270  263  2147483647  0  49591  0  677787  3096464  4154  556  34813  17759  322  1899  7463990  
1441324512  4653086  0  17995752  64235  37071  0  5191  154  3832  3067  14326900  2147483647  0  7362  0  0  0  205  56474  2147483647  0  270  263  2147483647  0  49591  0  677787  3096464  4154  556  34813  17759  322  1899  7463990  
1441324513  4653086  0  17995752  64235  37071  0  5191  154  3832  3067  16344779  2147483647  0  7362  0  0  0  205  63656  2147483647  0  270  263  2147483647  0  49591  0  677787  3096464  4154  556  34813  17759  322  1899  7463990  
1441324513  4653086  0  17995752  64235  37071  0  5191  154  3832  3067  18367481  2147483647  0  7362  0  0  0  205  71592  2147483647  0  270  263  2147483647  0  49591  0  677787  3096464  4154  556  34813  17759  322  1899  7463990  
1441324514  4653086  0  17995752  64235  37071  0  5191  154  3832  3067  18367481  2147483647  0  7362  0  0  0  205  71592  2147483647  0  270  263  2147483647  0  49591  0  677787  3096464  4154  556  34813  17759  322  1899  7463990  
1441324514  4653086  0  21699380  66534  37071  0  5191  154  4584  3067  24461788  2147483647  0  7362  0  0  0  205  96568  2147483647  0  270  263  2147483647  0  49591  0  677787  3441785  4988  556  34813  30321  404  1899  8814630  
1441324515  4667531  0  21699380  66534  37071  0  5201  154  4584  3067  26562054  2147483647  0  7362  0  0  0  205  105142  2147483647  0  270  263  2147483647  0  49591  0  677787  3635318  5004  556  34813  30321  420  1899  8874847  
1441324515  4667531  0  21699380  66534  37071  0  5201  154  4584  3067  34678371  2147483647  0  13346  0  0  0  205  113977  2147483647  0  270  263  2147483647  0  49591  0  677787  3635318  5004  556  34813  30321  420  1899  8874847  
1441324516  5355298  0  22407403  66534  37071  0  6012  154  4643  3067  40903127  2147483647  0  13346  0  0  0  205  120741  2147483647  0  270  263  2147483647  0  49591  0  677787  3635318  5063  556  34813  30321  420  1899  9060959  
1441324516  7934103  0  25826114  66534  37071  0  8540  154  4901  3067  45416825  2147483647  0  13346  0  0  0  205  125811  2147483647  0  270  263  2147483647  0  49591  0  677787  3662431  5324  556  34813  30321  423  1899  9876533  
1441324517  11547461  0  29998892  66534  37071  0  11921  154  5155  3067  49295929  2147483647  0  13346  0  0  0  205  129656  2147483647  0  270  263  2147483647  0  49591  0  677787  3662431  5578  556  34813  30321  423  1899  10835033  
1441324517  11547461  0  29998892  66534  37071  0  11921  154  5155  3067  49295929  2147483647  0  13346  0  0  0  205  129656  2147483647  0  270  263  2147483647  0  49591  0  677787  3662431  5578  556  34813  30321  423  1899  10835033  
1441324518  13898437  0  33363608  66534  37071  0  13784  154  5360  3067  53260813  2147483647  0  13346  0  0  0  205  133761  2147483647  0  271  263  2147483647  0  49591  0  683770  3662431  5783  556  34813  30321  423  1899  11597946  
1441324518  15533748  0  36285163  66534  37071  0  15153  154  5555  3067  58113671  2147483647  0  13346  0  0  0  205  139270  2147483647  0  273  263  2147483647  0  49591  0  690434  3662431  5978  556  34813  30321  423  1899  12221473  
1441324519  18076889  0  39783554  66534  37071  0  17684  154  5796  3067  62442157  2147483647  0  13346  0  0  0  205  144566  2147483647  0  274  263  2147483647  0  49591  0  695859  3662431  6219  556  34813  30321  423  1899  13018317  
1441324519  18574708  0  41742828  66534  37071  0  18218  154  5901  3067  68435312  2147483647  0  14089  0  0  0  205  150983  2147483647  0  276  263  2147483647  0  49591  0  698851  3685701  6326  556  34813  30321  425  1899  13390192  
1441324520  19653367  0  41830989  66534  37071  0  19171  154  5911  3067  70100659  2147483647  0  14089  0  0  0  205  152848  2147483647  0  276  263  2147483647  0  49591  0  698851  3685701  6336  556  34813  30321  425  1899  13408625  
1441324520  21192818  0  43365968  66534  37071  0  20571  154  6005  3067  73134508  2147483647  0  14089  0  0  0  205  156082  2147483647  0  278  263  2147483647  0  49591  0  704880  3685701  6430  556  34813  30321  425  1899  13769047  
1441324521  21192818  0  43365968  66534  37071  0  20571  154  6005  3067  73134508  2147483647  0  14089  0  0  0  205  156082  2147483647  0  278  263  2147483647  0  49591  0  704880  3685701  6430  556  34813  30321  425  1899  13769047  
1441324521  22020618  0  48184694  66534  37071  0  21501  154  6295  3067  78012071  2147483647  0  14089  0  0  0  205  161679  2147483647  0  278  263  2147483647  0  49591  0  704880  3827358  6752  556  34813  30321  457  1899  14852195  
1441324522  25591170  0  71961480  66534  37071  0  24814  154  8142  3067  82013524  2147483647  0  14089  0  0  0  205  165703  2147483647  0  278  263  2147483647  0  49591  0  704880  3827358  8599  336  34813  30321  457  1899  20844504  
1441324522  27865034  0  97496742  698755  37071  0  26952  154  9827  3067  82458527  2147483647  0  14089  0  0  0  205  166126  2147483647  0  279  263  2147483647  0  49591  0  708011  3827358  10284  336  34813  30321  457  1899  26769909  
1441324523  31222275  0  166420384  698755  37071  0  29917  154  15826  3067  87144263  2147483647  0  14089  0  0  0  205  171700  2147483647  0  283  263  2147483647  0  49591  0  718419  3827358  16283  336  34813  30321  457  1899  43081459  
1441324523  34682647  0  205704613  698755  37071  0  32957  154  18360  3067  89837780  2147483647  0  14089  0  0  0  205  174742  2147483647  0  284  263  2147483647  0  49591  0  720347  3827358  18817  336  34813  30321  457  1899  52033243  
1441324524  38376451  0  218578054  698755  37071  0  36125  154  19195  3067  94555202  2147483647  0  14089  0  0  0  205  179666  2147483647  0  284  263  2147483647  0  49591  0  720347  3827358  19652  336  34813  30321  457  1899  54551805  
1441324524  41112364  0  254746235  698755  37071  0  38685  154  21414  3067  96698144  2147483647  0  14089  0  0  0  205  182473  2147483647  0  284  263  2147483647  0  49591  0  720347  3827358  21871  336  34813  30321  457  1899  61779114  
1441324525  44164889  0  269581074  698755  37071  0  41359  154  22292  3067  98641976  2147483647  0  14089  0  0  0  205  184532  2147483647  0  284  263  2147483647  0  49591  0  720347  3827358  22749  336  34813  30321  457  1899  64767644  
1441324525  45941834  0  306673447  698755  37071  0  42968  154  24431  3067  103401390  2147483647  0  14089  0  0  0  205  189088  2147483647  0  286  263  2147483647  0  8062139  0  8785958  15770106  25967  336  34813  30321  1536  1899  75953527  
1441324526  45941834  0  306673447  698755  37071  0  42968  154  24431  3067  103401390  2147483647  0  14089  0  0  0  205  189088  2147483647  0  286  263  2147483647  0  8062139  0  8785958  15770106  25967  336  34813  30321  1536  1899  75953527  
1441324526  47665101  0  342083703  698755  50080  0  44469  154  26537  3067  107237451  2147483647  0  14089  0  0  0  205  193096  2147483647  0  289  263  2147483647  0  8062139  0  9288748  15770106  28073  336  34813  30321  1536  1899  82537222  
1441324527  49378121  0  385278491  698755  50080  0  46089  154  29362  3067  108771503  2147483647  0  14585  0  0  0  205  194639  2147483647  0  292  263  2147483647  0  8062139  0  9296405  15818714  30901  336  34813  30321  1539  1899  92681933  
1441324527  51869265  0  401595362  698755  50080  0  48585  154  30331  3067  112754121  2147483647  0  14585  0  0  0  205  198906  2147483647  0  293  263  2147483647  0  8062139  0  9302233  15818714  31870  336  34813  30321  1539  1899  96169516  
1441324528  54492642  0  423299409  698755  50080  0  51174  154  31861  3067  115585813  2147483647  0  14585  0  0  0  205  202276  2147483647  0  293  263  2147483647  0  8062139  0  9302233  15818714  33400  336  34813  30321  1539  1899  100843576  
1441324528  56775033  0  465635081  698755  50080  0  53236  154  34624  3067  117805250  2147483647  0  14585  0  0  0  205  206071  2147483647  0  296  263  2147483647  0  8062139  0  12413850  17446432  37054  269  34813  30321  2430  1340  110589282  
1441324529  59377803  0  468908057  698755  50080  0  55634  154  34847  3067  118834876  2147483647  0  14585  0  0  0  205  209651  2147483647  0  298  263  2147483647  0  8062139  0  12537565  17749318  37301  269  34813  30321  2454  1340  111444052  
1441324530  59377803  0  468908057  698755  50080  0  55634  154  34847  3067  118834876  2147483647  0  14585  0  0  0  205  209651  2147483647  0  298  263  2147483647  0  8062139  0  12537565  17749318  37301  269  34813  30321  2454  1340  111444052  
1441324530  61156166  0  497390646  698755  50080  0  57266  154  36694  3067  121171386  2147483647  0  14585  0  0  0  205  211960  2147483647  0  298  263  2147483647  0  8062139  0  12537565  17749318  39148  269  34813  30321  2454  1340  118202213  
1441324531  63510540  0  530013110  698755  50080  0  59371  154  38823  3067  123172821  2147483647  0  14585  0  0  0  205  214848  2147483647  0  300  263  2147483647  0  8062139  0  15352746  17749318  41277  269  34813  30321  2454  1340  125178393  
1441324531  66140333  0  530013110  698755  50080  0  61893  154  38823  3067  132201230  2147483647  0  14585  0  0  0  205  223753  2147483647  0  307  263  2147483647  0  8062139  0  15375966  17749318  41277  269  34813  30321  2454  1340  125178393  
1441324532  67414934  0  541362531  698755  50080  0  63005  154  39680  3067  132840045  2147483647  0  14585  0  0  0  205  224450  2147483647  0  309  263  2147483647  0  8062139  0  15385530  17749318  42134  269  34813  30321  2454  1340  127894344  
1441324532  67432339  0  614113964  698755  50080  0  63069  154  44319  3067  135427421  2147483647  0  14585  0  0  0  205  227421  2147483647  0  309  263  2147483647  0  8062139  0  15385530  17749318  46773  269  34813  30321  2454  1340  144922496  
1441324533  68297321  0  663920607  704211  50080  0  63827  154  47133  3067  137752126  2147483647  0  14585  0  0  0  205  229879  2147483647  0  310  263  2147483647  0  8062139  0  15389126  17749318  49587  269  34813  30321  2454  1340  155381192  
1441324533  68297321  0  663920607  704211  50080  0  63827  154  47133  3067  137752126  2147483647  0  14585  0  0  0  205  229879  2147483647  0  310  263  2147483647  0  8062139  0  15389126  17749318  49587  269  34813  30321  2454  1340  155381192  
1441324534  68985648  0  704575210  704211  50080  0  64467  154  49899  3067  140575433  2147483647  0  14585  0  0  0  205  232983  2147483647  0  311  263  2147483647  0  10208563  0  25597689  17749318  52353  269  34813  30321  2454  1340  164641257  
1441324534  69219466  0  763619302  704211  50080  0  64723  154  53274  3067  143932556  2147483647  0  14585  0  0  0  205  236540  2147483647  0  311  263  2147483647  0  10208563  0  25597689  17749318  55728  269  34813  30321  2454  1340  175260079  
1441324535  70694342  0  826086106  704211  50080  0  66067  154  57681  3067  148481412  2147483647  0  14585  0  0  0  205  242227  2147483647  0  313  263  2147483647  0  10208563  0  36048591  45631776  63858  269  34813  30321  6177  1340  197252719  
1441324535  72018893  0  849382985  704211  50080  0  67315  154  59013  3067  154808969  2147483647  0  14585  0  0  0  205  248532  2147483647  0  315  263  2147483647  0  10208563  0  36054203  52927858  65818  269  34813  30321  6805  1340  204285941  
1441324536  74288652  0  866076247  704211  50080  0  69619  154  60330  3067  155956009  2147483647  0  14585  0  0  0  205  249812  2147483647  0  316  263  2147483647  0  10208563  0  36058109  52927858  67135  269  34813  30321  6805  1340  208061868  
1441324536  76846227  0  905703884  704211  50080  0  72083  154  62660  3067  159400193  2147483647  0  14585  0  0  0  205  253483  2147483647  0  317  263  2147483647  0  10208563  0  37589416  59013167  70388  269  34813  30321  7728  1340  216938732  
1441324537  76846227  0  905703884  704211  50080  0  72083  154  62660  3067  159400193  2147483647  0  14585  0  0  0  205  253483  2147483647  0  317  263  2147483647  0  10208563  0  37589416  59013167  70388  269  34813  30321  7728  1340  216938732  
1441324537  80081864  0  916870196  704211  50080  0  75123  154  63336  3067  163628976  2147483647  0  14585  0  0  0  205  258184  2147483647  0  317  263  2147483647  0  10208563  0  37589416  59013167  71064  269  34813  30321  7728  1340  218788326  
1441324538  83067615  0  925763870  704211  50080  0  78007  154  63882  3067  166204127  2147483647  0  14958  0  0  0  205  261064  2147483647  0  318  263  2147483647  0  10208563  0  37592733  59013167  71610  269  34813  30321  7728  1340  220691454  
1441324538  84802896  0  930451227  704211  50080  0  79892  154  64280  3067  169306819  2147483647  0  20305  0  0  0  205  269538  2147483647  0  325  263  2147483647  0  10208563  0  38029125  63946153  74569  269  34813  30321  10289  1340  222867128  
1441324539  85460142  0  930451227  704211  50080  0  80594  154  64280  3067  175228379  2147483647  0  20305  0  0  0  205  277528  2147483647  0  331  263  2147483647  0  10208563  0  44456115  76587366  75677  269  34813  30321  11397  1340  227352021  
1441324539  86577997  0  930451227  704211  50080  0  81760  154  64280  3067  182044224  2147483647  0  20305  0  0  0  205  285002  2147483647  0  334  263  2147483647  0  10208563  0  44465338  76587366  75677  269  34813  30321  11397  1340  227352021  
1441324540  86934918  0  932183223  704211  50080  0  82176  154  64413  3067  187415464  2147483647  0  20305  0  0  0  205  290633  2147483647  0  334  263  2147483647  0  10208563  0  44465338  76587366  75810  269  34813  30321  11397  1340  227632133  
1441324540  86934918  0  932183223  704211  50080  0  82176  154  64413  3067  187415464  2147483647  0  20305  0  0  0  205  290633  2147483647  0  334  263  2147483647  0  10208563  0  44465338  76587366  75810  269  34813  30321  11397  1340  227632133  
1441324541  88472019  0  1000471661  704211  50080  0  83584  154  68856  3067  189145378  2147483647  0  20305  0  0  0  205  292960  2147483647  0  334  263  2147483647  0  10208563  0  44465338  76587366  80253  269  34813  30321  11397  1340  242909076  
1441324541  88984171  0  1040117325  704211  50080  0  84083  154  71134  3067  192275418  2147483647  0  20305  0  0  0  205  296335  2147483647  0  334  263  2147483647  0  10208563  0  44465338  76616739  82544  269  34813  30321  11410  1340  249725269  
1441324542  90502559  0  1107425564  704211  50080  0  85651  154  74690  3067  196915595  2147483647  0  20305  0  0  0  205  300848  2147483647  0  336  263  2147483647  0  10208563  0  44471012  87083506  87044  269  34813  30321  12354  1340  263360205  
1441324542  92710314  0  1179613555  704211  50080  0  87795  154  78906  3067  198053067  2147483647  0  20305  0  0  0  205  301973  2147483647  0  336  263  2147483647  0  10208563  0  44471012  87083506  91260  269  34813  30321  12354  1340  275130003  
1441324543  95169395  0  1247122810  704211  50080  0  89971  154  82650  3067  200078546  2147483647  0  20305  0  0  0  205  304028  2147483647  0  336  263  2147483647  0  10208563  0  44471012  87083506  95004  269  34813  30321  12354  1340  284361709  
1441324543  97468488  0  1267453498  704211  50080  0  91968  154  83906  3067  202978100  2147483647  0  20305  0  0  0  205  307139  2147483647  0  337  263  2147483647  0  10208563  0  44474577  87083506  96260  269  34813  30321  12354  1340  287146549  
1441324544  97468488  0  1267453498  704211  50080  0  91968  154  83906  3067  202978100  2147483647  0  20305  0  0  0  205  307139  2147483647  0  337  263  2147483647  0  10208563  0  44474577  87083506  96260  269  34813  30321  12354  1340  287146549  
1441324544  99002444  0  1298324017  704211  50080  0  93760  154  85814  3067  207089601  2147483647  0  20305  0  0  0  205  311802  2147483647  0  339  263  2147483647  0  10208563  0  49436406  108294076  100173  269  34813  30321  14359  1340  301099921  
1441324545  101067337  0  1307656924  704211  50080  0  95616  154  86318  3067  214268386  2147483647  0  20305  0  0  0  205  319266  2147483647  0  341  263  2147483647  0  10208563  0  49440761  108294076  100677  269  34813  30321  14359  1340  302655903  
1441324545  103082186  0  1318452225  704211  50080  0  97324  154  86983  3067  217014030  2147483647  0  20305  0  0  0  205  322026  2147483647  0  341  263  2147483647  0  10208563  0  49440761  108294076  101342  269  34813  30321  14359  1340  304357432  
1441324546  103355801  0  1324347949  704211  50080  0  97676  154  87397  3067  221006810  2147483647  0  20305  0  0  0  205  326506  2147483647  0  341  263  2147483647  0  10208563  0  49440761  108294076  101756  269  34813  30321  14359  1340  305209374  
1441324546  104556134  0  1355671015  704211  50080  0  99020  154  89173  3067  227379948  2147483647  0  20305  0  0  0  205  336040  2147483647  0  347  263  2147483647  0  10208563  0  56491888  136245326  107816  269  34813  30321  18643  1340  320536483  
1441324547  107470464  0  1387830731  704211  50080  0  101580  154  90968  3067  233000454  2147483647  0  20305  0  0  0  205  341678  2147483647  0  348  263  2147483647  0  10208563  0  56495701  136245326  109611  269  34813  30321  18643  1340  325684384  
1441324547  107470464  0  1387830731  704211  50080  0  101580  154  90968  3067  233000454  2147483647  0  20305  0  0  0  205  341678  2147483647  0  348  263  2147483647  0  10208563  0  56495701  136245326  109611  269  34813  30321  18643  1340  325684384  
1441324548  108620472  0  1423848067  704211  50080  0  102732  154  93159  3067  235940652  2147483647  0  20305  0  0  0  205  344914  2147483647  0  348  263  2147483647  0  10208563  0  56495701  136245326  111802  269  34813  30321  18643  1340  332188388  
1441324548  111028737  0  1459348035  704211  50080  0  104972  154  95352  3067  238418446  2147483647  0  20305  0  0  0  205  347537  2147483647  0  348  263  2147483647  0  10208563  0  56495701  136245326  113995  269  34813  30321  18643  1340  338164334  
1441324549  114432692  0  1492372055  704211  50080  0  108274  154  97494  3067  239363629  2147483647  0  20305  0  0  0  205  348518  2147483647  0  348  263  2147483647  0  10208563  0  56495701  136245326  116137  269  34813  30321  18643  1340  343661823  
1441324549  117534686  0  1541172689  704211  50080  0  110962  154  100114  3067  242435520  2147483647  0  20305  0  0  0  205  351717  2147483647  0  349  263  2147483647  0  10208563  0  56501358  136245326  118757  269  34813  30321  18643  1340  351484877  
1441324550  120314690  0  1594042363  704211  50080  0  113467  154  103419  3067  243881505  2147483647  0  20305  0  0  0  205  353656  2147483647  0  350  263  2147483647  0  10208563  0  56505124  136245326  122062  269  34813  30321  18643  1340  363216939  
1441324550  120602931  0  1597110483  704211  50080  0  113755  154  103671  3067  246762099  2147483647  0  20305  0  0  0  205  356841  2147483647  0  352  263  2147483647  0  10208563  0  56513664  136245326  122314  269  34813  30321  18643  1340  363894844  
1441324551  120602931  0  1597110483  704211  50080  0  113755  154  103671  3067  246762099  2147483647  0  20305  0  0  0  205  356841  2147483647  0  352  263  2147483647  0  10208563  0  56513664  136245326  122314  269  34813  30321  18643  1340  363894844  
1441324551  122638104  0  1620618024  704211  50080  0  115665  154  105298  3067  248821498  2147483647  0  20305  0  0  0  205  359271  2147483647  0  352  263  2147483647  0  10208563  0  56513664  138918095  124420  269  34813  30321  19122  1340  369874974  
1441324552  125408504  0  1620618024  704211  50080  0  118449  154  105298  3067  257602995  2147483647  0  20305  0  0  0  205  370432  2147483647  0  360  263  2147483647  0  10208563  0  56531659  138918095  124420  269  34813  30321  19122  1340  369874974  
1441324552  127217226  0  1696131512  704211  50080  0  120402  154  109908  3067  259213928  2147483647  0  20305  0  0  0  205  372014  2147483647  0  360  263  2147483647  0  10208563  0  56531659  141022484  129798  269  34813  30321  19890  1340  385745142  
1441324553  129409773  0  1757299068  704211  50080  0  122418  154  113512  3067  261578122  2147483647  0  20305  0  0  0  205  374469  2147483647  0  360  263  2147483647  0  10208563  0  56531659  141022484  133402  269  34813  30321  19890  1340  397246289  
1441324553  130698887  0  1809368701  704211  50080  0  123491  154  116878  3067  265639034  2147483647  0  20305  0  0  0  205  379693  2147483647  0  362  263  2147483647  0  10208563  0  58645882  171215256  141031  269  43542  39285  24153  1340  417944819  
1441324554  132099651  0  1874374226  704211  50080  0  124744  154  120644  3067  267671534  2147483647  0  20305  0  0  0  205  381666  2147483647  0  363  263  2147483647  0  10208563  0  58650114  171308878  144807  269  43542  39285  24163  1340  427991821  
1441324554  132099651  0  1874374226  704211  50080  0  124744  154  120644  3067  267671534  2147483647  0  20305  0  0  0  205  381666  2147483647  0  363  263  2147483647  0  10208563  0  58650114  171308878  144807  269  43542  39285  24163  1340  427991821  
1441324555  133571545  0  1942486828  704211  50080  0  126345  154  124955  3067  271044841  2147483647  0  20305  0  0  0  205  385697  2147483647  0  365  263  2147483647  0  10208563  0  59968052  191146417  151581  269  43542  39285  26626  1340  445574663  
1441324555  134167281  0  1966677322  704211  50080  0  126917  154  126392  3067  274798968  2147483647  0  20305  0  0  0  205  390192  2147483647  0  367  263  2147483647  0  10208563  0  62038431  193588503  153790  269  43542  39285  27398  1340  450521187  
1441324556  134676447  0  2031375715  704211  50080  0  127429  154  129927  3067  278766626  2147483647  0  20305  0  0  0  205  396270  2147483647  0  371  263  2147483647  0  10208563  0  69695120  203399574  159169  269  43542  39285  29242  1340  464047195  
1441324556  135324678  0  2075519463  704211  50080  0  128197  154  133080  3067  285823134  2147483647  0  20305  0  0  0  205  404896  2147483647  0  375  263  2147483647  0  10208563  0  69705617  218648229  165906  254  43542  39285  32826  1288  475067996  
1441324557  137420905  0  2097505177  704211  50080  0  129957  154  134308  3067  291760630  2147483647  0  20305  0  0  0  205  410883  2147483647  0  377  263  2147483647  0  10208563  0  69710096  218648229  167134  254  43542  39285  32826  1288  479156741  
1441324558  138707898  0  2198784471  704211  50080  0  131314  154  140732  3067  296160543  2147483647  0  20305  0  0  0  205  415581  2147483647  0  381  263  2147483647  0  10208563  0  78537144  239445797  176031  254  43542  39285  35299  1288  508207058  
1441324559  140179330  0  2229861665  704211  50080  0  132744  154  142801  3067  298021822  2147483647  0  20305  0  0  0  205  417602  2147483647  0  381  263  2147483647  0  10208563  0  78537144  239445797  178100  254  43542  39285  35299  1288  513137657  
1441324559  145735039  0  2279781445  704211  50080  0  137555  154  145804  3067  299536295  2147483647  0  20305  0  0  0  205  419140  2147483647  0  381  263  2147483647  0  10208563  0  78537144  239445797  181103  254  43542  39285  35299  1288  523697220  
1441324560  145735039  0  2279781445  704211  50080  0  137555  154  145804  3067  299536295  2147483647  0  20305  0  0  0  205  419140  2147483647  0  381  263  2147483647  0  10208563  0  78537144  239445797  181103  254  43542  39285  35299  1288  523697220  
1441324560  150575206  0  2325332808  704211  50080  0  141635  154  148391  3067  303133338  2147483647  0  20305  0  0  0  205  424222  2147483647  0  389  263  2147483647  0  10208563  0  82694297  243545559  184634  254  43542  39285  36243  1288  532956847  
1441324561  150913361  0  2404641964  704211  50080  0  142019  154  152491  3067  306469801  2147483647  0  20305  0  0  0  205  427532  2147483647  0  389  263  2147483647  0  10208563  0  82694297  243545559  188734  254  43542  39285  36243  1288  542438023  
1441324561  151090461  0  2457035972  704211  50080  0  142211  154  155409  3067  310526727  2147483647  0  20305  0  0  0  205  431685  2147483647  0  389  263  2147483647  0  10208563  0  82694297  243545559  191652  254  43542  39285  36243  1288  549236814  
1441324562  151163563  0  2515266826  704211  50080  0  142279  154  159288  3067  315636645  2147483647  0  20305  0  0  0  205  440301  2147483647  0  390  263  2147483647  0  10208563  0  82695422  278571334  201300  254  43542  39285  42012  1288  571037150  
1441324562  151340732  0  2573458912  704211  50080  0  142472  154  165733  3067  318932222  2147483647  0  20305  0  0  0  205  444511  2147483647  0  392  263  2147483647  0  10208563  0  83904362  301184096  213587  254  43542  39285  47854  1288  590245420  
1441324563  152618318  0  2655267951  704211  50080  0  143752  154  170554  3067  325250598  2147483647  0  20305  0  0  0  205  451908  2147483647  0  396  263  2147483647  0  10208563  0  87331347  331700874  223427  254  43542  39285  52873  1282  611685012  
1441324563  152618318  0  2655267951  704211  50080  0  143752  154  170554  3067  325250598  2147483647  0  20305  0  0  0  205  451908  2147483647  0  396  263  2147483647  0  10208563  0  87331347  331700874  223427  254  43542  39285  52873  1282  611685012  
1441324564  153728827  0  2658028143  704211  50080  0  145000  154  170680  3067  332773162  2147483647  0  20305  0  0  0  205  460054  2147483647  0  398  263  2147483647  0  10208563  0  87335082  347496710  224960  254  43542  39285  54280  1282  617497049  
1441324564  154792716  0  2725895727  704211  50080  0  146248  154  176153  3067  335422128  2147483647  0  20305  0  0  0  205  463188  2147483647  0  401  263  2147483647  0  10208563  0  92196236  371095977  234529  254  43542  39285  58376  1282  643286349  
1441324565  156482433  0  2726214834  704211  50080  0  147816  154  176195  3067  340855949  2147483647  0  26645  0  0  0  205  471075  2147483647  0  404  263  2147483647  0  10208563  0  92967926  394437919  236611  254  43542  39285  60416  1282  651428882  
1441324565  158576514  0  2731967200  704211  50080  0  149640  154  176461  3067  343476520  2147483647  0  26645  0  0  0  205  474137  2147483647  0  404  263  2147483647  0  10208563  0  92967926  394437919  236877  254  43542  39285  60416  1282  652095766  
1441324566  160530728  0  2810985992  704211  50080  0  151812  154  182425  3067  347928700  2147483647  0  37231  0  0  0  205  480041  2147483647  0  410  263  2147483647  0  10208563  0  93309155  409043239  246601  227  43542  39285  64176  1225  672335650  
1441324566  162181011  0  2893488971  704211  50080  0  153580  154  187539  3067  351087546  2147483647  0  37231  0  0  0  205  483444  2147483647  0  410  263  2147483647  0  10208563  0  93309155  429383161  253719  227  43542  39285  66180  1225  691337030  
1441324567  162181011  0  2893488971  704211  50080  0  153580  154  187539  3067  351087546  2147483647  0  37231  0  0  0  205  483444  2147483647  0  410  263  2147483647  0  10208563  0  93309155  429383161  253719  227  43542  39285  66180  1225  691337030  
1441324567  163585878  0  2934281110  704211  50080  0  154915  154  189856  3067  353656483  2147483647  0  37231  0  0  0  205  486273  2147483647  0  410  263  2147483647  0  10208563  0  93309155  429383161  256036  227  43542  39285  66180  1225  696779087  
1441324568  164473746  0  2966378076  704211  50080  0  155716  154  191735  3067  356381396  2147483647  0  37231  0  0  0  205  489216  2147483647  0  411  263  2147483647  0  10208563  0  98510477  429383161  257915  227  43542  39285  66180  1225  702742338  
1441324568  165460481  0  3067913715  704211  50080  0  157011  154  199168  3067  360106636  2147483647  0  37231  0  0  0  205  494034  2147483647  0  415  263  2147483647  0  10208563  0  108767605  472715674  270908  227  43542  39285  71740  1225  735557548  
1441324569  167120764  0  3097375133  704211  50080  0  158543  154  201307  3067  364516880  2147483647  0  37231  0  0  0  205  498506  2147483647  0  416  263  2147483647  0  10208563  0  108861938  472715674  273047  227  43542  39285  71740  1225  741267663  
1441324569  167741393  0  3132240136  704211  50080  0  159695  154  203679  3067  367302118  2147483647  0  37231  0  0  0  205  501945  2147483647  0  417  263  2147483647  0  10208563  0  110379497  472715674  275419  227  43542  39285  71740  1225  747721762  
1441324570  169539305  0  3195659763  704211  50080  0  161711  154  206939  3067  369013628  2147483647  0  37231  0  0  0  205  504138  2147483647  0  417  263  2147483647  0  10208563  0  110379497  472715674  278679  227  43542  39285  71740  1225  755292843  
1441324570  169539305  0  3195659763  704211  50080  0  161711  154  206939  3067  369013628  2147483647  0  37231  0  0  0  205  504138  2147483647  0  417  263  2147483647  0  10208563  0  110379497  472715674  278679  227  43542  39285  71740  1225  755292843  
1441324571  172851673  0  3214371765  704211  50080  0  165103  154  207958  3067  372125761  2147483647  0  37231  0  0  0  205  507541  2147483647  0  418  263  2147483647  0  10208563  0  114050827  472715674  279698  227  43542  39285  71740  1225  757662844  
1441324571  178202995  0  3265829358  704211  50080  0  170255  154  211100  3067  373713658  2147483647  0  37231  0  0  0  205  509591  2147483647  0  418  263  2147483647  0  10208563  0  114050827  472715674  282840  227  43542  39285  71740  1225  767292700  
1441324572  183399700  0  3305652090  704211  50080  0  174863  154  213200  3067  376221571  2147483647  0  37231  0  0  0  205  512068  2147483647  0  418  263  2147483647  0  10208563  0  114050827  472715674  284940  227  43542  39285  71740  1225  772247045  
1441324572  185531567  0  3361064377  704211  50080  0  176980  154  216921  3067  380583857  2147483647  0  37231  0  0  0  205  518553  2147483647  0  422  263  2147483647  0  10208563  0  122505876  480271432  291114  227  43542  39285  74193  1225  783982148  
1441324573  189320142  0  3421868153  704211  50080  0  180472  154  220856  3067  381475598  2147483647  0  37231  0  0  0  205  519661  2147483647  0  422  263  2147483647  0  10208563  0  122505876  480271432  295049  227  43542  39285  74193  1225  797908834  
1441324573  192471301  0  3436338471  704211  50080  0  183416  154  221647  3067  384935476  2147483647  0  37231  0  0  0  205  523389  2147483647  0  422  263  2147483647  0  10208563  0  122505876  480271432  295840  227  43542  39285  74193  1225  799854072  
1441324574  192471301  0  3436338471  704211  50080  0  183416  154  221647  3067  384935476  2147483647  0  37231  0  0  0  205  523389  2147483647  0  422  263  2147483647  0  10208563  0  122505876  480271432  295840  227  43542  39285  74193  1225  799854072  
1441324574  195403522  0  3478465708  704211  50080  0  186136  154  223857  3067  390009474  2147483647  0  37231  0  0  0  205  529149  2147483647  0  425  263  2147483647  0  10208563  0  127257112  487017072  298819  227  43542  39285  74962  1225  807914563  
1441324575  199307990  0  3566309664  704211  50080  0  189848  154  229900  3067  393053365  2147483647  0  37231  0  0  0  205  532509  2147483647  0  426  263  2147483647  0  10208563  0  127258131  498381186  307678  227  43542  39285  77778  1204  823378998  
1441324575  202552636  0  3710196796  704211  50080  0  193305  154  240446  3067  394683881  2147483647  0  37231  0  0  0  205  535157  2147483647  0  428  263  2147483647  0  10208563  0  127263070  533178672  324950  227  43542  39285  84504  1204  857213579  
1441324576  205962076  0  3750275206  704211  50080  0  196313  154  242847  3067  396493483  2147483647  0  37231  0  0  0  205  538413  2147483647  0  430  263  2147483647  0  10208563  0  127401739  533178672  327351  227  43542  39285  84504  1204  863185044  
1441324576  208648718  0  3754325316  704211  50080  0  198841  154  243346  3067  398171345  2147483647  0  37231  0  0  0  205  540302  2147483647  0  431  263  2147483647  0  10208563  0  127403018  533178672  327850  227  43542  39285  84504  1204  864000945  
1441324577  211491245  0  3799874732  704211  50080  0  201497  154  246039  3067  399554988  2147483647  0  37231  0  0  0  205  541817  2147483647  0  432  263  2147483647  0  10904901  0  138307919  533178672  330543  227  43542  39285  84504  1204  870628454  
1441324577  211491245  0  3799874732  704211  50080  0  201497  154  246039  3067  399554988  2147483647  0  37231  0  0  0  205  541817  2147483647  0  432  263  2147483647  0  10904901  0  138307919  533178672  330543  227  43542  39285  84504  1204  870628454  
1441324578  214592116  0  3945659102  704211  50080  0  204639  154  256892  3067  405577419  2147483647  0  37231  0  0  0  205  550362  2147483647  0  438  263  2147483647  0  10904901  0  140956554  560965474  351124  227  43542  104331  94232  1204  900505744  
1441324578  216788378  0  4036098067  704211  50080  0  206719  154  261908  3067  406610517  2147483647  0  37231  0  0  0  205  551705  2147483647  0  439  263  2147483647  0  10904901  0  140961080  560965474  356140  227  43542  104331  94232  1204  911956283  
1441324579  218153945  0  4107216600  704211  50080  0  208004  154  266958  3067  407594370  2147483647  0  37231  0  0  0  205  552666  2147483647  0  440  263  2147483647  0  10904901  0  140962656  574606019  362685  227  43542  104331  95727  1204  932162683  
1441324579  220121651  0  4142288007  704211  50080  0  209601  154  269120  3067  410662066  2147483647  0  37231  0  0  0  205  555855  2147483647  0  442  263  2147483647  0  10904901  0  140967384  574606019  364847  227  43542  104331  95727  1204  939167109  
1441324580  221222112  0  4246802796  704211  50080  0  210705  154  277688  3067  413370460  2147483647  0  37231  0  0  0  205  560414  2147483647  0  443  263  2147483647  0  10904901  0  144435710  593525336  380999  227  43542  104331  103311  1204  959643524  
1441324581  222537426  0  4287487149  704211  50080  0  211961  154  280104  3067  415782155  2147483647  0  37231  0  0  0  205  563283  2147483647  0  446  263  2147483647  0  10904901  0  144442734  593525336  383415  227  43542  104331  103311  1204  964995097  
1441324581  222537426  0  4287487149  704211  50080  0  211961  154  280104  3067  415782155  2147483647  0  37231  0  0  0  205  563283  2147483647  0  446  263  2147483647  0  10904901  0  144442734  593525336  383415  227  43542  104331  103311  1204  964995097  
1441324582  223932549  0  4369902877  704211  50080  0  213177  154  284080  3067  417308497  2147483647  0  37231  0  0  0  205  565597  2147483647  0  449  263  2147483647  0  10904901  0  145442019  599898570  388160  227  43542  104331  104080  1204  977214277  
1441324582  224946870  0  4446977029  704211  50080  0  214073  154  288331  3067  418722274  2147483647  0  37231  0  0  0  205  567126  2147483647  0  451  263  2147483647  0  10904901  0  145548566  599898570  392411  227  43542  104331  104080  1204  987631870  
1441324583  226518972  0  4480897966  704211  50080  0  215647  154  290988  3067  426243436  2147483647  0  37231  0  0  0  205  576610  2147483647  0  454  263  2147483647  0  10904901  0  145559033  634183765  402592  227  43542  104331  111604  1204  1006149917  
1441324583  227818621  0  4527701100  704211  50080  0  216959  154  294077  3067  429487726  2147483647  0  37231  0  0  0  205  580161  2147483647  0  456  263  2147483647  0  10904901  0  147120079  634183765  405681  227  43542  104331  111604  1204  1015184464  
1441324584  229880968  0  4585366551  704211  50080  0  218687  154  299924  3067  433290251  2147483647  0  37231  0  0  0  205  585395  2147483647  0  458  263  2147483647  0  10904901  0  150307661  644043372  417165  227  43542  104331  117241  1204  1027478557  
1441324584  232852478  0  4676607414  704211  50080  0  221599  154  304467  3067  433815481  2147483647  0  37231  0  0  0  205  586176  2147483647  0  458  263  2147483647  0  10904901  0  150307661  644043372  421708  227  43542  104331  117241  1204  1038572888  
1441324585  232852478  0  4676607414  704211  50080  0  221599  154  304467  3067  433815481  2147483647  0  37231  0  0  0  205  586176  2147483647  0  458  263  2147483647  0  10904901  0  150307661  644043372  421708  227  43542  104331  117241  1204  1038572888  
1441324585  236230179  0  4719090399  704211  50080  0  224799  154  307635  3067  440168638  2147483647  0  37231  0  0  0  205  594425  2147483647  0  464  263  2147483647  0  10904901  0  156119403  664974742  428681  227  43542  104331  121046  1204  1051183005  
1441324586  237612728  0  4724363237  704211  50080  0  226015  154  307926  3067  444760785  2147483647  0  37231  0  0  0  205  599240  2147483647  0  466  263  2147483647  0  10904901  0  156124704  664974742  428972  227  43542  104331  121046  1204  1051948872  
1441324586  238143451  0  4795016499  704211  50080  0  226559  154  312094  3067  447838303  2147483647  0  37231  0  0  0  205  602641  2147483647  0  468  263  2147483647  0  10904901  0  156130362  672619676  434324  227  43542  104331  122230  1204  1065151861  
1441324587  238272343  0  4889145822  704211  50080  0  226773  154  319506  3067  450834544  2147483647  0  37231  0  0  0  205  608297  2147483647  0  470  263  2147483647  0  10904901  0  158659107  691848215  448146  227  43542  104331  128640  1204  1091146576  
1441324587  239677097  0  4911479007  704211  50080  0  228149  154  320853  3067  453570896  2147483647  0  37231  0  0  0  205  611376  2147483647  0  470  263  2147483647  0  10904901  0  158659107  691848215  449493  227  43542  104331  128640  1204  1094503651  
1441324588  241493825  0  5036262995  704211  50080  0  229856  154  328683  3067  455196847  2147483647  0  37231  0  0  0  205  613342  2147483647  0  475  263  2147483647  0  10904901  0  160276857  710147810  460150  227  43542  104331  131467  1204  1118548106  
1441324590  242242017  0  5212550462  704211  50080  0  230814  154  338726  3067  468315835  2147483647  0  37231  0  0  0  205  627426  2147483647  0  479  263  2147483647  0  10904901  0  170022380  746877783  475160  227  43542  104331  136434  1204  1157921091  
1441324591  243509186  0  5216939636  704211  50080  0  232030  154  338995  3067  474249834  2147483647  0  37231  0  0  0  205  635547  2147483647  0  483  263  2147483647  0  10904901  0  184588529  763368280  477382  227  43542  104331  138387  1204  1164738708  
1441324591  245047441  0  5310332540  704211  50080  0  233474  154  344155  3067  475979948  2147483647  0  37231  0  0  0  205  637262  2147483647  0  485  263  2147483647  0  10904901  0  184594156  763368280  482542  227  43542  104331  138387  1204  1176342669  
1441324592  247569374  0  5344237731  704211  50080  0  235650  154  346342  3067  479369628  2147483647  0  37231  0  0  0  205  640706  2147483647  0  487  263  2147483647  0  10904901  0  186934269  763368280  484729  227  43542  104331  138387  1204  1181511649  
1441324592  250024924  0  5392654135  704211  50080  0  237826  154  349398  3067  481826831  2147483647  0  37231  0  0  0  205  643055  2147483647  0  487  263  2147483647  0  10904901  0  186934269  763368280  487785  227  43542  104331  138387  1204  1191517022  
1441324593  255063271  0  5403771115  704211  50080  0  242594  154  350207  3067  485347928  2147483647  0  37231  0  0  0  205  647287  2147483647  0  487  263  2147483647  0  10904901  0  186934269  763368280  488594  227  43542  104331  138387  1204  1193334725  
1441324593  255063271  0  5403771115  704211  50080  0  242594  154  350207  3067  485347928  2147483647  0  37231  0  0  0  205  647287  2147483647  0  487  263  2147483647  0  10904901  0  186934269  763368280  488594  227  43542  104331  138387  1204  1193334725  
1441324594  260964510  0  5443134213  704211  50080  0  247699  154  352246  3067  488430168  2147483647  0  37231  0  0  0  205  651151  2147483647  0  489  263  2147483647  0  10904901  0  187383769  763368280  490633  227  43542  104331  138387  1204  1198422700  
1441324594  262367608  0  5451030482  704211  50080  0  249222  154  352636  3067  495483917  2147483647  0  37231  0  0  0  205  658519  2147483647  0  494  263  2147483647  0  10904901  0  197862560  763368280  491023  227  43542  104331  138387  1204  1199449803  
1441324595  262922157  0  5490150940  704211  50080  0  249830  154  355682  3067  500750188  2147483647  0  37231  0  0  0  205  664001  2147483647  0  496  263  2147483647  0  10904901  0  197867041  781375738  496109  227  43542  104331  140427  1204  1213251753  
1441324595  263449753  0  5560742152  704211  50080  0  250343  154  360203  3067  503542336  2147483647  0  37231  0  0  0  205  667781  2147483647  0  497  263  2147483647  0  10904901  0  198263965  791780162  502934  227  43542  104331  142731  1204  1226867243  
1441324596  264299581  0  5595068885  704211  50080  0  251115  154  362512  3067  510214507  2147483647  0  37231  0  0  0  205  676313  2147483647  0  497  263  2147483647  0  10904901  0  198263965  825878165  509506  227  43542  104331  146994  1204  1244040520  
1441324596  264507789  0  5636633513  704211  50080  0  251403  154  364860  3067  514460233  2147483647  0  37231  0  0  0  205  682271  2147483647  0  500  263  2147483647  0  10904901  0  198739466  834221052  513134  227  43542  104331  148274  1204  1252018107  
1441324597  264507789  0  5636633513  704211  50080  0  251403  154  364860  3067  514460233  2147483647  0  37231  0  0  0  205  682271  2147483647  0  500  263  2147483647  0  10904901  0  198739466  834221052  513134  227  43542  104331  148274  1204  1252018107  
1441324597  266048970  0  5717446645  704211  50080  0  253103  154  370793  3067  516669114  2147483647  0  37231  0  0  0  205  684417  2147483647  0  503  263  2147483647  0  15803381  0  217488888  847721540  520838  227  43542  104331  150045  1204  1270492532  
1441324598  266815703  0  5758656685  704211  50080  0  253860  154  373271  3067  520572100  2147483647  0  37231  0  0  0  205  688666  2147483647  0  503  263  2147483647  0  15803381  0  217488888  852846823  524063  227  43542  104331  150792  1204  1277699365  
1441324598  268084063  0  5777236663  704211  50080  0  255432  154  374618  3067  523557872  2147483647  0  37231  0  0  0  205  692113  2147483647  0  504  263  2147483647  0  15803381  0  217490576  853722077  525531  227  43542  104331  150913  1204  1280661472  
1441324599  271074973  0  5808237619  708412  50080  0  258252  154  376695  3067  525260883  2147483647  0  49492  0  0  0  205  693897  2147483647  0  504  263  2147483647  0  15803381  0  217490576  853722077  527608  227  43542  104331  150913  1204  1287775193  
1441324599  273211511  0  5840737639  708412  50080  0  260556  154  378928  3067  529397135  2147483647  0  49492  0  0  0  205  699969  2147483647  0  507  263  2147483647  0  15803381  0  219670974  864597980  532146  227  43542  104331  153218  1204  1294996531  
1441324600  274961149  0  5862038132  708412  50080  0  262061  154  380162  3067  533407478  2147483647  0  49492  0  0  0  205  703980  2147483647  0  510  263  2147483647  0  15803381  0  221673768  864597980  533380  227  43542  104331  153218  1204  1297751950  
1441324600  274961149  0  5862038132  708412  50080  0  262061  154  380162  3067  533407478  2147483647  0  49492  0  0  0  205  703980  2147483647  0  510  263  2147483647  0  15803381  0  221673768  864597980  533380  227  43542  104331  153218  1204  1297751950  
1441324601  276268898  0  5891336385  708412  50080  0  263821  154  384072  3067  537796368  2147483647  0  49492  0  0  0  205  708688  2147483647  0  515  263  2147483647  0  15803381  0  231208350  869593542  540107  227  43542  104331  156035  1204  1306118593  
1441324601  277191608  0  5916013218  708412  50080  0  264845  154  385963  3067  542820238  2147483647  0  49492  0  0  0  205  716012  2147483647  0  517  263  2147483647  0  15803381  0  231209521  875651183  543987  227  43542  104331  158024  1204  1313593361  
1441324602  277523554  0  5940552752  708412  50080  0  265197  154  387245  3067  547253052  2147483647  0  49492  0  0  0  205  720659  2147483647  0  519  263  2147483647  0  15803381  0  231213923  875651183  545269  227  43542  104331  158024  1204  1316619738  
1441324602  278649248  0  5984928585  708412  50080  0  266253  154  390220  3067  552679487  2147483647  0  49492  0  0  0  205  726759  2147483647  0  520  263  2147483647  0  15803381  0  231217441  897711316  550284  227  43542  105369  160064  1204  1332321599  
1441324603  279555488  0  6048527043  708412  50080  0  267245  154  394619  3067  556707555  2147483647  0  49492  0  0  0  205  731549  2147483647  0  522  263  2147483647  0  15803381  0  231221752  909999272  556396  227  43542  105369  161777  1204  1346820226  
1441324604  280385265  0  6126675947  708412  50080  0  267981  154  399000  3067  558598717  2147483647  0  49492  0  0  0  205  733443  2147483647  0  522  263  2147483647  0  15803381  0  231221752  909999272  560777  227  43542  105369  161777  1204  1357350426  
1441324604  280385265  0  6126675947  708412  50080  0  267981  154  399000  3067  558598717  2147483647  0  49492  0  0  0  205  733443  2147483647  0  522  263  2147483647  0  15803381  0  231221752  909999272  560777  227  43542  105369  161777  1204  1357350426  
1441324605  281648146  0  6149024487  708412  50080  0  269078  154  400285  3067  562339837  2147483647  0  49492  0  0  0  205  737439  2147483647  0  522  263  2147483647  0  15803381  0  231221752  919265427  562863  227  43542  105369  162578  1204  1363812110  
1441324605  284358942  0  6172927044  708412  50080  0  271322  154  401581  3067  566055998  2147483647  0  49492  0  0  0  205  744485  2147483647  0  526  263  2147483647  0  15803381  0  232461337  927699012  565439  227  43542  105369  163858  1204  1369220579  
1441324606  285074246  0  6254769079  708412  50080  0  272027  154  405834  3067  568852376  2147483647  0  49492  0  0  0  205  748489  2147483647  0  527  263  2147483647  0  15803381  0  232464452  945062054  572007  227  43542  105369  166173  1204  1386247953  
1441324606  286268415  0  6287056665  708412  50080  0  273052  154  408349  3067  573320116  2147483647  0  49492  0  0  0  205  755823  2147483647  0  530  263  2147483647  0  15803381  0  233797612  957678109  578714  227  43542  105369  170365  1204  1396825957  
1441324607  286639651  0  6305525042  708412  50080  0  273500  154  409886  3067  577967958  2147483647  0  49492  0  0  0  205  760664  2147483647  0  531  263  2147483647  0  15803381  0  234508241  958136989  580315  227  43542  105369  170429  1204  1401432838  
1441324607  287645905  0  6328649595  708412  50080  0  274485  154  411401  3067  587668751  2147483647  0  49492  0  0  0  205  770768  2147483647  0  538  263  2147483647  0  15803381  0  237142786  996763276  586926  227  43542  105369  175525  1204  1416071877  
1441324608  289252088  0  6359441108  708412  50080  0  275829  154  413416  3067  589753957  2147483647  0  49492  0  0  0  205  772971  2147483647  0  538  263  2147483647  0  15803381  0  237142786  996763276  588941  227  43542  105369  175525  1204  1422168649  
1441324608  289252088  0  6359441108  708412  50080  0  275829  154  413416  3067  589753957  2147483647  0  49492  0  0  0  205  772971  2147483647  0  538  263  2147483647  0  15803381  0  237142786  996763276  588941  227  43542  105369  175525  1204  1422168649  
1441324609  290009262  0  6368310624  708412  50080  0  276693  154  413924  3067  593493064  2147483647  0  49492  0  0  0  205  776943  2147483647  0  538  263  2147483647  0  15803381  0  237142786  996763276  589449  227  43542  105369  175525  1204  1423361460  
1441324609  292663786  0  6386751814  708412  50080  0  279065  154  415169  3067  596787382  2147483647  0  49492  0  0  0  205  780371  2147483647  0  538  263  2147483647  0  15803381  0  237142786  997712467  590960  227  43542  105369  175791  1204  1427703526  
1441324610  295350001  0  6424999552  708412  50080  0  281881  154  417764  3067  598789010  2147483647  0  49492  0  0  0  205  782529  2147483647  0  540  263  2147483647  0  15803381  0  238818785  997712467  593555  227  43542  105369  175791  1204  1433567713  
1441324610  298976791  0  6430847420  708412  50080  0  285177  154  418322  3067  602072615  2147483647  0  49492  0  0  0  205  786549  2147483647  0  541  263  2147483647  0  15803381  0  238819490  997712467  594113  227  43542  105369  175791  1204  1434510443  
1441324611  301752007  0  6517186841  708412  50080  0  287814  154  424233  3067  605977411  2147483647  0  49492  0  0  0  205  790645  2147483647  0  546  263  2147483647  0  15803381  0  241036792  1011779660  602328  227  43542  105369  178095  1204  1452208635  
1441324611  304547734  0  6552722845  708412  50080  0  290342  154  426195  3067  613153585  2147483647  0  49492  0  0  0  205  797818  2147483647  0  549  263  2147483647  0  15803381  0  242951407  1040711828  607108  227  43542  105369  180913  1204  1467163862  
1441324612  307533035  0  6566346515  708412  50080  0  293126  154  427092  3067  617695318  2147483647  0  49492  0  0  0  205  802363  2147483647  0  549  263  2147483647  0  15803381  0  242951407  1040711828  608005  227  43542  105369  180913  1204  1469037455  
1441324612  307533035  0  6566346515  708412  50080  0  293126  154  427092  3067  617695318  2147483647  0  49492  0  0  0  205  802363  2147483647  0  549  263  2147483647  0  15803381  0  242951407  1040711828  608005  227  43542  105369  180913  1204  1469037455  
1441324613  311115794  0  6637280932  708412  50080  0  296298  154  430958  3067  619867305  2147483647  0  683891  0  0  0  205  804776  2147483647  0  551  263  2147483647  0  15803381  0  243519163  1040711828  611871  227  43542  105369  180913  1204  1479670108  
1441324613  314468389  0  6677173720  708412  50080  0  299530  154  433254  3067  624491423  2147483647  0  683891  0  0  0  205  809479  2147483647  0  554  263  2147483647  0  15803381  0  243524363  1049863409  616084  227  43542  105369  182830  1204  1488014062  
1441324614  318420169  0  6700246909  708412  50080  0  302922  154  434538  3067  629580920  2147483647  0  683891  0  0  0  205  815051  2147483647  0  559  263  2147483647  0  15803381  0  252780359  1050286061  617432  227  43542  105369  182894  1204  1491129876  
1441324614  320379477  0  6749737406  708412  50080  0  304657  154  437496  3067  632594341  2147483647  0  683891  0  0  0  205  818414  2147483647  0  561  263  2147483647  0  15803381  0  252788286  1054203421  620961  227  43542  105369  183465  1204  1498953096  
1441324615  321759175  0  6790799844  708412  50080  0  306289  154  440060  3067  633684233  2147483647  0  683891  0  0  0  205  819556  2147483647  0  561  263  2147483647  0  15803381  0  252788286  1054203421  623525  227  43542  105369  183465  1204  1504739505  
1441324615  328236181  0  6861937884  708412  50080  0  311908  154  443694  3067  635806241  2147483647  0  683891  0  0  0  205  821810  2147483647  0  561  263  2147483647  0  15803381  0  252788286  1054203421  627159  227  43542  105369  183465  1204  1513375856  
1441324616  328236181  0  6861937884  708412  50080  0  311908  154  443694  3067  635806241  2147483647  0  683891  0  0  0  205  821810  2147483647  0  561  263  2147483647  0  15803381  0  252788286  1054203421  627159  227  43542  105369  183465  1204  1513375856  
1441324616  328463220  0  6906470061  708412  50080  0  312111  154  446640  3067  642385068  2147483647  0  683891  0  0  0  205  832379  2147483647  0  569  263  2147483647  0  15803381  0  255808139  1088146811  634979  227  43542  105369  188339  1204  1530664169  
1441324617  328882748  0  6982321091  708412  50080  0  312529  154  451052  3067  645852179  2147483647  0  683891  0  0  0  205  836040  2147483647  0  569  263  2147483647  0  15803381  0  255808139  1088146811  639391  227  43542  105369  188339  1204  1544415224  
1441324617  329768590  0  7062409354  708412  50080  0  313361  154  455876  3067  649207917  2147483647  0  683891  0  0  0  205  840005  2147483647  0  571  263  2147483647  0  15803381  0  255814253  1100506376  646519  227  43542  105369  190643  1204  1558367294  
1441324618  330446032  0  7129463443  708412  50080  0  313937  154  459762  3067  654359423  2147483647  0  683891  0  0  0  205  846881  2147483647  0  572  263  2147483647  0  15803381  0  255818655  1134820473  654691  227  43542  105369  194929  1204  1579452578  
1441324618  330904735  0  7198807723  708412  50080  0  314321  154  464871  3067  657035014  2147483647  0  683891  0  0  0  205  849929  2147483647  0  573  263  2147483647  0  15803381  0  255821661  1143533681  661812  227  43542  105369  196941  1204  1592925924  
1441324619  330973243  0  7248582668  708412  50080  0  314385  154  467641  3067  659104220  2147483647  0  683891  0  0  0  205  851989  2147483647  0  573  263  2147483647  0  15803381  0  255821661  1143533681  664582  227  43542  105369  196941  1204  1599322156  
1441324619  330973243  0  7248582668  708412  50080  0  314385  154  467641  3067  659104220  2147483647  0  683891  0  0  0  205  851989  2147483647  0  573  263  2147483647  0  15803381  0  255821661  1143533681  664582  227  43542  105369  196941  1204  1599322156  
1441324620  331319158  0  7291456170  708412  50080  0  314968  154  471357  3067  667050571  2147483647  0  683891  0  0  0  205  866580  2147483647  0  576  263  2147483647  0  15803381  0  255826586  1195450766  679725  227  43542  105369  208368  1204  1623290732  
1441324620  333513085  0  7324684444  708412  50080  0  317208  154  473504  3067  670750861  2147483647  0  683891  0  0  0  205  870335  2147483647  0  577  263  2147483647  0  15803381  0  255831639  1195450766  681872  227  43542  105369  208368  1204  1627796517  
1441324621  334842325  0  7336222320  708412  50080  0  318558  154  474196  3067  673838992  2147483647  0  683891  0  0  0  205  873937  2147483647  0  577  263  2147483647  0  15803381  0  255831639  1201830861  683332  227  43542  105369  209136  1204  1631638789  
1441324621  336340332  0  7389936497  708412  50080  0  320606  154  478368  3067  675397422  2147483647  0  683891  0  0  0  205  875982  2147483647  0  577  263  2147483647  0  15803381  0  255831639  1201830861  687504  227  43542  105369  209136  1204  1645138102  
1441324622  338576145  0  7400086590  708412  50080  0  322590  154  479374  3067  684600341  2147483647  0  683891  0  0  0  205  885448  2147483647  0  583  263  2147483647  0  15803381  0  258403585  1218962234  690018  227  43542  105369  210644  1204  1653206546  
1441324622  339896381  0  7476165227  708412  50080  0  323806  154  484616  3067  688865650  2147483647  0  683891  0  0  0  205  889776  2147483647  0  585  263  2147483647  0  15803381  0  258409322  1234729646  698077  227  43542  105369  213461  1204  1669948484  
1441324623  339896381  0  7476165227  708412  50080  0  323806  154  484616  3067  688865650  2147483647  0  683891  0  0  0  205  889776  2147483647  0  585  263  2147483647  0  15803381  0  258409322  1234729646  698077  227  43542  105369  213461  1204  1669948484  
1441324623  339952783  0  7558998968  708412  50080  0  323969  154  489099  3067  689827925  2147483647  0  683891  0  0  0  205  890838  2147483647  0  585  263  2147483647  0  15803381  0  258409322  1234802242  702575  227  43542  105369  213476  1204  1680387800  
1441324624  341041659  0  7591105176  708412  50080  0  325025  154  491565  3067  692711100  2147483647  0  683891  0  0  0  205  893742  2147483647  0  586  263  2147483647  0  15803381  0  258415662  1234802242  705041  227  43542  105369  213476  1204  1686049378  
1441324624  343528100  0  7612533385  708412  50080  0  327297  154  493076  3067  695349150  2147483647  0  683891  0  0  0  205  896813  2147483647  0  586  263  2147483647  0  15803381  0  258415662  1234802242  706552  227  43542  105369  213476  1204  1689651737  
1441324625  345918016  0  7672929263  708412  50080  0  329638  154  497515  3067  699288993  2147483647  0  683891  0  0  0  205  903640  2147483647  0  589  260  2147483647  0  15803381  0  258418000  1267617693  717562  227  43542  105369  220047  1204  1710559518  
1441324625  349455899  0  7710628645  708412  50080  0  332846  154  500482  3067  703002207  2147483647  0  683891  0  0  0  205  907404  2147483647  0  590  260  2147483647  0  15803381  0  258420852  1284238227  722480  227  43542  105369  221998  1204  1722266551  
1441324626  352379439  0  7728052556  708412  50080  0  335566  154  501563  3067  704717738  2147483647  0  683891  0  0  0  205  909267  2147483647  0  590  260  2147483647  0  15803381  0  258420852  1284238227  723561  227  43542  105369  221998  1204  1725305740  
1441324627  352379439  0  7728052556  708412  50080  0  335566  154  501563  3067  704717738  2147483647  0  683891  0  0  0  205  909267  2147483647  0  590  260  2147483647  0  15803381  0  258420852  1284238227  723561  227  43542  105369  221998  1204  1725305740  
1441324627  356191108  0  7750975688  708412  50080  0  338871  154  503053  3067  710551118  2147483647  0  683891  0  0  0  205  915273  2147483647  0  593  260  2147483647  0  15803381  0  261663762  1290808440  725822  227  43542  105369  222769  1204  1731290539  
1441324628  357430912  0  7789900725  708412  50080  0  339959  154  505387  3067  713968870  2147483647  0  683891  0  0  0  205  918745  2147483647  0  596  260  2147483647  0  15803381  0  268414136  1290808440  728156  227  43542  105369  222769  1204  1736192262  
1441324628  358303653  0  7810864526  708412  50080  0  340855  154  507395  3067  721761566  2147483647  0  683891  0  0  0  205  928686  2147483647  0  601  260  2147483647  0  15803381  0  270819094  1318631026  735032  227  43542  105369  227637  1204  1750892590  
1441324629  360095982  0  7898825440  708412  50080  0  342744  154  514076  3067  725239258  2147483647  0  683891  0  0  0  205  933484  2147483647  0  603  260  2147483647  0  15803381  0  273120147  1334270193  745868  227  43542  105369  231792  1204  1768404773  
1441324629  362189616  0  7927277866  708412  50080  0  344668  154  516262  3067  729823357  2147483647  0  683891  0  0  0  205  938163  2147483647  0  606  260  2147483647  0  15803381  0  274615525  1334270193  748054  227  43542  105369  231792  1204  1775547544  
1441324630  362504013  0  7980581577  708412  50080  0  345148  154  519964  3067  731271818  2147483647  0  683891  0  0  0  205  939660  2147483647  0  606  260  2147483647  0  15803381  0  274615525  1334270193  751756  227  43542  105369  231792  1204  1787815666  
1441324630  362504013  0  7980581577  708412  50080  0  345148  154  519964  3067  731271818  2147483647  0  683891  0  0  0  205  939660  2147483647  0  606  260  2147483647  0  15803381  0  274615525  1334270193  751756  227  43542  105369  231792  1204  1787815666  
1441324631  364094253  0  8057190238  708412  50080  0  346876  154  524716  3067  732726421  2147483647  0  683891  0  0  0  205  941277  2147483647  0  606  260  2147483647  0  15803381  0  274615525  1334270193  756508  227  43542  105369  231792  1204  1798765499  
1441324631  366439114  0  8124393846  708412  50080  0  349090  154  529047  3067  735000692  2147483647  0  683891  0  0  0  205  943923  2147483647  0  608  260  2147483647  0  15803381  0  274626065  1347639623  762831  227  43542  105369  233784  1204  1814013756  
1441324632  368779398  0  8162054943  708412  50080  0  351234  154  531394  3067  736834080  2147483647  0  683891  0  0  0  205  945968  2147483647  0  609  260  2147483647  0  15803381  0  280653953  1347639623  765178  227  43542  105369  233784  1204  1819422470  
1441324632  369963853  0  8166773023  708412  50080  0  352322  154  531674  3067  741903601  2147483647  0  683891  0  0  0  205  951446  2147483647  0  609  260  2147483647  0  15803381  0  280653953  1347639623  765458  227  43542  105369  233784  1204  1820100625  
1441324633  371254120  0  8239366033  708412  50080  0  353922  154  536559  3067  744989970  2147483647  0  683891  0  0  0  205  955629  2147483647  0  611  260  2147483647  0  15803381  0  281332161  1357961924  772071  227  43542  105369  235512  1204  1834432419  
1441324633  374606121  0  8278287877  708412  50080  0  356930  154  538554  3067  748635637  2147483647  0  683891  0  0  0  205  959535  2147483647  0  613  260  2147483647  0  15803381  0  293219065  1357961924  774066  227  43542  105369  235512  1204  1839572243  
1441324634  374606121  0  8278287877  708412  50080  0  356930  154  538554  3067  748635637  2147483647  0  683891  0  0  0  205  959535  2147483647  0  613  260  2147483647  0  15803381  0  293219065  1357961924  774066  227  43542  105369  235512  1204  1839572243  
1441324634  375621765  0  8357029337  708412  50080  0  357962  154  542831  3067  750102149  2147483647  0  683891  0  0  0  205  961732  2147483647  0  613  260  2147483647  0  15803381  0  293219065  1360559854  779149  227  43542  105369  236318  1204  1850644967  
1441324635  377470492  0  8389894203  708412  50080  0  359915  154  545214  3067  754732851  2147483647  0  683891  0  0  0  205  966809  2147483647  0  616  260  2147483647  0  15803381  0  300909901  1383122422  783555  227  61876  105369  238341  1204  1864189558  
1441324635  377822360  0  8401887779  708412  50080  0  360459  154  546194  3067  759245545  2147483647  0  683891  0  0  0  205  971702  2147483647  0  617  260  2147483647  0  15803381  0  300910530  1395705152  786588  227  61876  105369  240394  1204  1869253753  
1441324636  378406299  0  8426980094  708412  50080  0  361039  154  547813  3067  763811336  2147483647  0  683891  0  0  0  205  976593  2147483647  0  619  260  2147483647  0  15803381  0  300922372  1395705152  788207  227  61876  105369  240394  1204  1873074716  
1441324636  380260601  0  8473524988  708412  50080  0  362703  154  550850  3067  764955418  2147483647  0  683891  0  0  0  205  977788  2147483647  0  620  260  2147483647  0  15803381  0  303933464  1395705152  791244  227  61876  105369  240394  1204  1880511039  
1441324637  381762765  0  8516107415  708412  50080  0  364015  154  553308  3067  768444056  2147483647  0  683891  0  0  0  205  981359  2147483647  0  621  260  2147483647  0  15803381  0  307657944  1395705152  793702  227  61876  105369  240394  1204  1886736204  
1441324637  381762765  0  8516107415  708412  50080  0  364015  154  553308  3067  768444056  2147483647  0  683891  0  0  0  205  981359  2147483647  0  621  260  2147483647  0  15803381  0  307657944  1395705152  793702  227  61876  105369  240394  1204  1886736204  
1441324638  382863747  0  8528408570  708412  50080  0  365172  154  554231  3067  772489568  2147483647  0  683891  0  0  0  205  985850  2147483647  0  621  260  2147483647  0  15803381  0  307657944  1395705152  794625  227  61876  105369  240394  1204  1888713281  
1441324638  382932986  0  8584442925  708412  50080  0  365236  154  557146  3067  774796171  2147483647  0  683891  0  0  0  205  988490  2147483647  0  621  260  2147483647  0  15803381  0  307657944  1395705152  797540  227  61876  105369  240394  1204  1895838159  
1441324639  384396641  0  8643334266  708412  50080  0  366804  154  560897  3067  782652665  2147483647  0  683891  0  0  0  205  999370  2147483647  0  628  260  2147483647  0  15803381  0  311972550  1435137118  807915  227  61876  105369  247018  1204  1917565045  
1441324639  385954554  0  8713169199  708412  50080  0  368212  154  565497  3067  784698107  2147483647  0  683891  0  0  0  205  1001995  2147483647  0  628  260  2147483647  0  15803381  0  311972550  1435137118  812515  227  61876  105369  247018  1204  1931279465  
1441324640  386766896  0  8759922278  708412  50080  0  368948  154  568418  3067  788607033  2147483647  0  683891  0  0  0  205  1006007  2147483647  0  628  260  2147483647  0  15803381  0  311972550  1435137118  815436  227  61876  105369  247018  1204  1937793207  
1441324640  387826837  0  8766376005  708412  50080  0  369972  154  568960  3067  792983331  2147483647  0  683891  0  0  0  205  1011043  2147483647  0  630  260  2147483647  0  15803381  0  312472050  1436078921  816248  227  61876  105369  247288  1204  1939298723  
1441324641  387826837  0  8766376005  708412  50080  0  369972  154  568960  3067  792983331  2147483647  0  683891  0  0  0  205  1011043  2147483647  0  630  260  2147483647  0  15803381  0  312472050  1436078921  816248  227  61876  105369  247288  1204  1939298723  
1441324641  388107898  0  8790873969  708412  50080  0  370260  154  570620  3067  796793664  2147483647  0  683891  0  0  0  205  1014937  2147483647  0  630  260  2147483647  0  15803381  0  312472050  1436078921  817908  227  61876  105369  247288  1204  1942914730  
1441324642  389065607  0  8824438155  708412  50080  0  371221  154  573848  3067  800702199  2147483647  0  683891  0  0  0  205  1021811  2147483647  0  633  260  2147483647  0  15803381  0  315834104  1459492357  827732  227  61876  105369  253884  1204  1955262353  
1441324642  390237305  0  8852554461  708412  50080  0  372790  154  576663  3067  807630133  2147483647  0  683891  0  0  0  205  1029006  2147483647  0  635  260  2147483647  0  15803381  0  316388822  1486237042  833701  227  61876  105369  257038  1204  1969415742  
1441324643  390410936  0  8888083778  708412  50080  0  373025  154  579343  3067  810171318  2147483647  0  683891  0  0  0  205  1031940  2147483647  0  635  260  2147483647  0  15803381  0  316388822  1486291705  836392  227  61876  105369  257049  1204  1977699889  
1441324643  392052835  0  8949167857  708412  50080  0  374501  154  582241  3067  813099903  2147483647  0  683891  0  0  0  205  1035178  2147483647  0  636  260  2147483647  0  15803381  0  316395006  1486291705  839290  227  61876  105369  257049  1204  1985018846  
1441324644  393243530  0  8967871648  708412  50080  0  375525  154  583473  3067  817514628  2147483647  0  683891  0  0  0  205  1039741  2147483647  0  637  260  2147483647  0  15803381  0  317822478  1486291705  840522  227  61876  105369  257049  1204  1988167120  
1441324644  393243530  0  8967871648  708412  50080  0  375525  154  583473  3067  817514628  2147483647  0  683891  0  0  0  205  1039741  2147483647  0  637  260  2147483647  0  15803381  0  317822478  1486291705  840522  227  61876  105369  257049  1204  1988167120  
1441324645  394568252  0  8977636753  708412  50080  0  376870  154  584159  3067  823824882  2147483647  0  683891  0  0  0  205  1046690  2147483647  0  640  260  2147483647  0  15803381  0  319517728  1505193540  843521  227  61876  105369  259362  1204  1996533003  
1441324645  397994704  0  9001050807  708412  50080  0  380198  154  585893  3067  828131788  2147483647  0  683891  0  0  0  205  1051718  2147483647  0  640  260  2147483647  0  15803381  0  319517728  1505193540  845255  227  61876  105369  259362  1204  2000541720  
1441324646  401148650  0  9010869443  708412  50080  0  383098  154  586821  3067  832281288  2147483647  0  683891  0  0  0  205  1056109  2147483647  0  640  260  2147483647  0  15803381  0  319517728  1505273087  846192  227  61876  105369  259371  1204  2002302285  
1441324646  403755971  0  9103896308  708412  50080  0  385594  154  591872  3067  833461960  2147483647  0  683891  0  0  0  205  1057283  2147483647  0  642  260  2147483647  0  15803381  0  319523804  1524733560  853318  227  61876  105369  261446  1204  2021173669  
1441324647  407409526  0  9133535566  708412  50080  0  388794  154  593285  3067  834841635  2147483647  0  683891  0  0  0  205  1058911  2147483647  0  644  260  2147483647  0  15803381  0  319527617  1524733560  854731  227  61876  105369  261446  1204  2024857500  
1441324647  409986096  0  9207275088  708412  50080  0  391098  154  598198  3067  837561679  2147483647  0  683891  0  0  0  205  1062875  2147483647  0  645  260  2147483647  0  15803381  0  319528294  1524845432  859663  227  61876  105369  261465  1204  2038768064  
1441324648  409986096  0  9207275088  708412  50080  0  391098  154  598198  3067  837561679  2147483647  0  683891  0  0  0  205  1062875  2147483647  0  645  260  2147483647  0  15803381  0  319528294  1524845432  859663  227  61876  105369  261465  1204  2038768064  
1441324648  411176899  0  9212671678  708412  50080  0  392410  154  598635  3067  842510062  2147483647  0  683891  0  0  0  205  1068577  2147483647  0  645  260  2147483647  0  15803381  0  319528294  1524845432  860100  227  61876  105369  261465  1204  2039698216  
1441324649  412814116  0  9237970215  708412  50080  0  394188  154  600428  3067  848152469  2147483647  0  683891  0  0  0  205  1076325  2147483647  0  649  260  2147483647  0  15803381  0  320422751  1539438900  864965  227  61876  105369  264537  1204  2047317238  
1441324649  413897477  0  9285149836  708412  50080  0  395276  154  605057  3067  852388946  2147483647  0  683891  0  0  0  205  1081480  2147483647  0  652  260  2147483647  0  15803381  0  321998569  1548250311  873452  227  61876  105369  268395  1204  2058206195  
1441324650  414068874  0  9315651624  708412  50080  0  395468  154  607152  3067  856363095  2147483647  0  683891  0  0  0  205  1085916  2147483647  0  652  260  2147483647  0  15803381  0  321998569  1548250311  875547  227  61876  105369  268395  1204  2063334921  
1441324650  414736755  0  9352176087  708412  50080  0  396060  154  609483  3067  858851186  2147483647  0  683891  0  0  0  205  1088497  2147483647  0  652  260  2147483647  0  15803381  0  321998569  1560059047  879670  227  61876  105369  270187  1204  2072011914  
1441324651  417243147  0  9382140872  708412  50080  0  398460  154  611342  3067  860642203  2147483647  0  683891  0  0  0  205  1090339  2147483647  0  654  260  2147483647  0  15803381  0  323320377  1560059047  881529  227  61876  105369  270187  1204  2076606225  
1441324651  417243147  0  9382140872  708412  50080  0  398460  154  611342  3067  860642203  2147483647  0  683891  0  0  0  205  1090339  2147483647  0  654  260  2147483647  0  15803381  0  323320377  1560059047  881529  227  61876  105369  270187  1204  2076606225  
1441324652  420388932  0  9471235069  708412  50080  0  401212  154  618163  3067  861671708  2147483647  0  683891  0  0  0  205  1091943  2147483647  0  656  260  2147483647  0  15803381  0  325626765  1560059047  888350  227  61876  105369  270187  1204  2092596490  
1441324652  424567578  0  9504468637  708412  50080  0  404991  154  620371  3067  865608467  2147483647  0  683891  0  0  0  205  1096502  2147483647  0  657  260  2147483647  0  15803381  0  325635274  1562382036  891337  227  61876  105369  270966  1204  2098315641  
1441324653  428158694  0  9531509037  708412  50080  0  407871  154  621963  3067  868480461  2147483647  0  683891  0  0  0  205  1099388  2147483647  0  657  260  2147483647  0  15803381  0  325635274  1562382036  892929  227  61876  105369  270966  1204  2102337665  
1441324653  432103987  0  9561874274  708412  50080  0  411628  154  623651  3067  872144911  2147483647  0  683891  0  0  0  205  1103781  2147483647  0  658  260  2147483647  0  15803381  0  328552622  1562564814  894636  227  61876  105369  270985  1204  2106371054  
1441324654  435027681  0  9640236725  708412  50080  0  414252  154  629028  3006  874089747  2147483647  0  683891  0  0  0  205  1109434  2147483647  0  660  260  2147483647  0  15803381  0  332538260  1576055455  905653  227  61876  105369  276625  1204  2121673268  
1441324654  437081537  0  9651870965  708412  50080  0  415916  154  629830  3006  876091583  2147483647  0  683891  0  0  0  205  1111559  2147483647  0  660  260  2147483647  0  15803381  0  332538260  1576055455  906455  227  61876  105369  276625  1204  2123817338  
1441324655  437081537  0  9651870965  708412  50080  0  415916  154  629830  3006  876091583  2147483647  0  683891  0  0  0  205  1111559  2147483647  0  660  260  2147483647  0  15803381  0  332538260  1576055455  906455  227  61876  105369  276625  1204  2123817338  
1441324655  440375673  0  9740405335  708412  50080  0  418924  154  633691  3006  877601871  2147483647  0  683891  0  0  0  205  1113597  2147483647  0  662  260  2147483647  0  15803381  0  339594495  1576055455  910316  227  61876  105369  276625  1204  2133643753  
1441324656  442833969  0  9762440273  708412  50080  0  421261  154  635326  3006  882883546  2147483647  0  683891  0  0  0  205  1119230  2147483647  0  664  260  2147483647  0  15803381  0  341984824  1592191035  913455  227  61876  105369  278129  1204  2142773147  
1441324656  444194060  0  9815872185  708412  50080  0  422638  154  638509  3006  886347410  2147483647  0  683891  0  0  0  205  1122993  2147483647  0  665  260  2147483647  0  15803381  0  341985931  1606529356  919454  227  61876  105369  280945  1204  2153130864  
1441324657  446839030  0  9839870207  708412  50080  0  425025  154  639661  3006  888172910  2147483647  0  683891  0  0  0  205  1125272  2147483647  0  665  260  2147483647  0  15803381  0  341985931  1606529356  920606  227  61876  105369  280945  1204  2155971962  
1441324657  450930338  0  9902172624  708412  50080  0  428545  154  643161  3006  890106063  2147483647  0  683891  0  0  0  205  1127153  2147483647  0  667  260  2147483647  0  15803381  0  341995851  1606529356  924106  227  61876  105369  280945  1204  2164029259  
1441324658  454469018  0  9978904054  708412  50080  0  431809  154  647024  3006  892519483  2147483647  0  683891  0  0  0  205  1129636  2147483647  0  667  260  2147483647  0  15803381  0  341995851  1606529356  927969  227  61876  105369  280945  1204  2173055693  
1441324658  454469018  0  9978904054  708412  50080  0  431809  154  647024  3006  892519483  2147483647  0  683891  0  0  0  205  1129636  2147483647  0  667  260  2147483647  0  15803381  0  341995851  1606529356  927969  227  61876  105369  280945  1204  2173055693  
1441324659  458198390  0  10087620134  708412  50080  0  435169  154  652236  3006  894235305  2147483647  0  683891  0  0  0  205  1131696  2147483647  0  668  260  2147483647  0  15803381  0  341999230  1614931640  934206  227  61876  105369  281970  1204  2188955855  
1441324659  461895588  0  10151413376  708412  50080  0  438818  154  656255  3006  896390854  2147483647  0  683891  0  0  0  205  1134869  2147483647  0  668  260  2147483647  0  15803381  0  341999230  1618060002  939249  227  61876  105369  282994  1204  2198868729  
1441324660  465802136  0  10213312366  708412  50080  0  442498  154  660621  3006  896718187  2147483647  0  683891  0  0  0  205  1135394  2147483647  0  670  260  2147483647  0  15803381  0  343254156  1618060002  943615  227  61876  105369  282994  1204  2209365606  
1441324660  468636673  0  10303914885  708412  50080  0  445446  154  666214  3006  900499603  2147483647  0  683891  0  0  0  205  1140255  2147483647  0  672  260  2147483647  0  15803381  0  346452335  1653937471  954835  227  61876  105369  288621  1204  2233061331  
1441324661  471520968  0  10350745302  708412  50080  0  448038  154  669044  3006  902662766  2147483647  0  683891  0  0  0  205  1145479  2147483647  0  674  260  2147483647  0  15803381  0  347891152  1659847692  958446  227  61876  105369  289402  1204  2244220238  
1441324662  472701403  0  10437397844  708412  50080  0  449126  154  673371  3006  906541746  2147483647  0  683891  0  0  0  205  1150007  2147483647  0  679  260  2147483647  0  15803381  0  352671034  1690723068  967077  227  61876  105369  293706  1204  2262929456  
1441324662  472701403  0  10437397844  708412  50080  0  449126  154  673371  3006  906541746  2147483647  0  683891  0  0  0  205  1150007  2147483647  0  679  260  2147483647  0  15803381  0  352671034  1690723068  967077  227  61876  105369  293706  1204  2262929456  
1441324663  473103383  0  10513550493  708412  50080  0  449549  154  676615  3006  908910371  2147483647  0  683891  0  0  0  205  1152698  2147483647  0  683  260  2147483647  0  15803381  0  354684251  1690723068  970321  227  61876  105369  293706  1204  2271154274  
1441324663  474014682  0  10529922456  708412  50080  0  450669  154  677415  3006  912928580  2147483647  0  683891  0  0  0  205  1159470  2147483647  0  687  260  2147483647  0  15803381  0  355365395  1700175666  972740  227  61876  105369  295325  1204  2275301125  
1441324664  474685993  0  10596205893  708412  50080  0  451437  154  681032  3006  916097711  2147483647  0  683891  0  0  0  205  1162938  2147483647  0  687  260  2147483647  0  15803381  0  355365395  1700175666  976357  227  61876  105369  295325  1204  2284286160  
1441324664  476200094  0  10720400742  708412  50080  0  452979  154  691248  3006  918442673  2147483647  0  683891  0  0  0  205  1166042  2147483647  0  687  260  2147483647  0  15803381  0  355365395  1731560278  995022  227  61876  105369  303774  1204  2315710849  
1441324665  478298223  0  10794181063  708412  50080  0  454870  154  695311  3006  921136023  2147483647  0  683891  0  0  0  205  1169033  2147483647  0  690  260  2147483647  0  15803381  0  355368382  1743131917  1000506  227  61876  105369  305195  1204  2329619912  
1441324665  480991913  0  10848349439  708412  50080  0  457174  154  698182  3006  924367189  2147483647  0  683891  0  0  0  205  1172635  2147483647  0  690  260  2147483647  0  15803381  0  355368382  1743131917  1003377  227  61876  105369  305195  1204  2336953277  
1441324666  480991913  0  10848349439  708412  50080  0  457174  154  698182  3006  924367189  2147483647  0  683891  0  0  0  205  1172635  2147483647  0  690  260  2147483647  0  15803381  0  355368382  1743131917  1003377  227  61876  105369  305195  1204  2336953277  
1441324666  482756243  0  10900222431  708412  50080  0  459222  154  701140  3006  931363824  2147483647  0  683891  0  0  0  205  1181854  2147483647  0  693  260  2147483647  0  15803381  0  355371736  1776324667  1013247  227  61876  105369  312107  1204  2351368396  
1441324667  484770553  0  10969101644  708412  50080  0  461378  154  706995  3006  936205131  2147483647  0  683891  0  0  0  205  1188744  2147483647  0  696  260  2147483647  0  15803381  0  359693461  1811352018  1027083  227  61876  105369  320088  1204  2372454160  
1441324667  488428737  0  11035468091  708412  50080  0  464869  154  711576  3006  940016287  2147483647  0  683891  0  0  0  205  1192544  2147483647  0  702  260  2147483647  0  15803381  0  359710310  1811352018  1031664  227  61876  105369  320088  1204  2383776883  
1441324668  489000780  0  11038558016  708412  50080  0  465381  154  712042  3006  943467282  2147483647  0  683891  0  0  0  205  1196192  2147483647  0  704  260  2147483647  0  15803381  0  359717176  1811352018  1032130  227  61876  105369  320088  1204  2384446771  
1441324668  490148606  0  11173794573  708412  50080  0  466533  154  725910  3006  946904983  2147483647  0  683891  0  0  0  205  1201702  2147483647  0  706  260  2147483647  0  15803381  0  359718576  1854574029  1059062  227  61876  105369  333152  1204  2426528165  
1441324669  491139169  0  11237816740  708412  50080  0  467461  154  729754  3006  949483977  2147483647  0  683891  0  0  0  205  1204353  2147483647  0  706  260  2147483647  0  15803381  0  359718576  1854574029  1062906  227  61876  105369  333152  1204  2435739116  
1441324669  491139169  0  11237816740  708412  50080  0  467461  154  729754  3006  949483977  2147483647  0  683891  0  0  0  205  1204353  2147483647  0  706  260  2147483647  0  15803381  0  359718576  1854574029  1062906  227  61876  105369  333152  1204  2435739116  
1441324670  491957842  0  11342464024  708412  52545  0  468299  154  736264  3006  950043186  2147483647  0  683891  0  0  0  205  1204916  2147483647  0  707  260  2147483647  0  15803381  0  359721815  1860633331  1070919  227  61876  105369  334655  1204  2451595750  
1441324670  492696896  0  11421330173  708412  52545  0  469179  154  741436  3006  955547496  2147483647  0  683891  0  0  0  205  1211446  2147483647  0  709  260  2147483647  0  15803381  0  367020889  1890828730  1081979  227  61876  105369  340543  1204  2470116915  
1441324671  495231317  0  11452654850  708412  52545  0  471387  154  743562  3006  960123326  2147483647  0  683891  0  0  0  205  1216756  2147483647  0  709  260  2147483647  0  15803381  0  367020889  1890828730  1084105  227  61876  105369  340543  1204  2475515986  
1441324671  496347834  0  11493859353  708412  52545  0  472315  154  746507  3006  961816364  2147483647  0  683891  0  0  0  205  1218387  2147483647  0  709  260  2147483647  0  15803381  0  367020889  1890828730  1087050  227  61876  105369  340543  1204  2482871929  
1441324672  497071566  0  11596778415  708412  52545  0  473283  154  755659  3006  965599185  2147483647  0  683891  0  0  0  205  1224141  2147483647  0  717  260  2147483647  0  15803381  0  373779966  1939218117  1106279  227  61876  105369  350620  1204  2515612523  
1441324672  497862148  0  11611385329  708412  52545  0  473923  154  756689  3006  969336490  2147483647  0  683891  0  0  0  205  1227987  2147483647  0  717  260  2147483647  0  15803381  0  373779966  1939218117  1107309  227  61876  105369  350620  1204  2519090827  
1441324673  498400389  0  11656311808  708412  52545  0  474727  154  759821  3006  974220335  2147483647  0  683891  0  0  0  205  1234021  2147483647  0  719  260  2147483647  0  15803381  0  374106509  1962973935  1115313  227  61876  105369  355492  1204  2532051658  
1441324673  498400389  0  11656311808  708412  52545  0  474727  154  759821  3006  974220335  2147483647  0  683891  0  0  0  205  1234021  2147483647  0  719  260  2147483647  0  15803381  0  374106509  1962973935  1115313  227  61876  105369  355492  1204  2532051658  
1441324674  500544990  0  11771373230  708412  52545  0  476524  154  765112  3006  975256949  2147483647  0  683891  0  0  0  205  1235272  2147483647  0  720  260  2147483647  0  15803381  0  374109702  1968064992  1121372  227  61876  105369  356260  1204  2546061064  
1441324674  501065038  0  11774001242  708412  52545  0  477068  154  765282  3006  977578959  2147483647  0  683891  0  0  0  205  1237600  2147483647  0  720  260  2147483647  0  15803381  0  374109702  1968064992  1121542  227  61876  105369  356260  1204  2546477731  
1441324675  503248602  0  11827782280  708412  52545  0  479532  154  770105  3006  985016236  2147483647  0  683891  0  0  0  205  1248554  2147483647  0  728  260  2147483647  0  15803381  0  388520456  1997002614  1132157  227  61876  105369  362052  1204  2566931817  
1441324675  505448686  0  11956852555  708412  52545  0  481709  154  776657  3006  987242581  2147483647  0  683891  0  0  0  205  1251022  2147483647  0  729  260  2147483647  0  15803381  0  391762591  2006711628  1140341  227  61876  105369  363684  1204  2583989336  
1441324676  506385974  0  12015518711  708412  52545  0  482445  154  779678  3006  989712888  2147483647  0  683891  0  0  0  205  1253853  2147483647  0  729  260  2147483647  0  15803381  0  391762591  2006711628  1143362  227  61876  105369  363684  1204  2591512129  
1441324676  506542793  0  12025028918  708412  52545  0  482573  154  780205  3006  993177410  2147483647  0  687285  0  0  0  205  1256552  2147483647  0  731  260  2147483647  0  15803381  0  391784526  2007662218  1143971  227  61876  105369  363766  1204  2593203748  
