#type:G;
#time  Rt  Nm  Tt  Nc  Rx  Gz  Pc  Pf  Ra  Te  Pm  Fp  Fc  Ta  Fm  Om  Lm  Oc  Sm  Sc  Em  Af  Ea  Cf  Ec  Gd  Zt  Et  Ep  dedup_put_diff  total_eph_put_diff  dedup_factor  dedup_curr  compression_saving  tze_saving  
1441340679  0  0  4969  0  0  0  0  0  0  4895  0  0  0  0  0  0  0  0  0  0  0  0  0  0  0  0  0  0  0  0  0  0 0 0 0 
1441340679  0  0  4972  0  0  0  0  0  0  4896  0  0  0  0  0  0  0  0  0  0  0  0  0  0  0  0  0  0  0  0  0  0 0 0 0 
1441340680  0  0  4972  0  0  0  0  0  0  4896  0  0  0  0  0  0  0  0  0  0  0  0  0  0  0  0  0  0  0  0  0  0 0 0 0 
1441340680  0  0  4973  0  0  0  0  0  0  4896  0  0  0  0  0  0  0  0  0  0  0  0  0  0  0  0  0  0  0  0  0  0 0 0 0 
1441340681  0  0  4974  0  0  0  0  0  0  4896  0  0  0  0  0  0  0  0  0  0  0  0  0  0  0  0  0  0  0  0  0  0 0 0 0 
1441340681  0  0  4975  0  0  0  0  0  0  4896  0  0  0  0  0  0  0  0  0  0  0  0  0  0  0  0  0  0  0  0  0  0 0 0 0 
1441340682  0  0  4976  0  0  0  0  0  0  4896  0  0  0  0  0  0  0  0  0  0  0  0  0  0  0  0  0  0  0  0  0  0 0 0 0 
1441340682  0  0  4977  0  0  0  0  0  0  4896  0  0  0  0  0  0  0  0  0  0  0  0  0  0  0  0  0  0  0  0  0  0 0 0 0 
1441340683  0  0  4978  0  0  0  0  0  0  4896  0  0  0  0  0  0  0  0  0  0  0  0  0  0  0  0  0  0  0  0  0  0 0 0 0 
1441340683  0  0  4979  0  0  0  0  0  0  4896  0  0  0  0  0  0  0  0  0  0  0  0  0  0  0  0  0  0  0  0  0  0 0 0 0 
1441340684  0  0  4979  0  0  0  0  0  0  4896  0  0  0  0  0  0  0  0  0  0  0  0  0  0  0  0  0  0  0  0  0  0 0 0 0 
1441340684  0  0  4980  0  0  0  0  0  0  4896  0  0  0  0  0  0  0  0  0  0  0  0  0  0  0  0  0  0  0  0  0  0 0 0 0 
1441340685  0  0  4981  0  0  0  0  0  0  4896  0  0  0  0  0  0  0  0  0  0  0  0  0  0  0  0  0  0  0  0  0  0 0 0 0 
1441340685  0  0  4982  0  0  0  0  0  0  4896  0  0  0  0  0  0  0  0  0  0  0  0  0  0  0  0  0  0  0  0  0  0 0 0 0 
1441340686  0  0  4983  0  0  0  0  0  0  4896  0  0  0  0  0  0  0  0  0  0  0  0  0  0  0  0  0  0  0  0  0  0 0 0 0 
1441340686  0  0  4984  0  0  0  0  0  0  4896  0  0  0  0  0  0  0  0  0  0  0  0  0  0  0  0  0  0  0  0  0  0 0 0 0 
1441340687  0  0  4985  0  0  0  0  0  0  4896  0  0  0  0  0  0  0  0  0  0  0  0  0  0  0  0  0  0  0  0  0  0 0 0 0 
1441340687  0  0  4986  0  0  0  0  0  0  4896  0  0  0  0  0  0  0  0  0  0  0  0  0  0  0  0  0  0  0  0  0  0 0 0 0 
1441340688  0  0  4986  0  0  0  0  0  0  4896  0  0  0  0  0  0  0  0  0  0  0  0  0  0  0  0  0  0  0  0  0  0 0 0 0 
1441340688  0  0  4987  0  0  0  0  0  0  4896  0  0  0  0  0  0  0  0  0  0  0  0  0  0  0  0  0  0  0  0  0  0 0 0 0 
1441340689  0  0  4990  0  0  0  0  0  0  4898  0  0  0  0  0  0  0  0  0  0  0  0  0  0  0  0  0  0  0  0  0  0 0 0 0 
1441340689  0  234  8968  193  0  6594178  2782  0  0  5014  3417  0  9  245  13  354  0  215  3415  2780  3417  5  0  0  2782  2  0  0  3417  2  3417  0.0585308750366  0.0718907260963  42.0896856733  100.0  
1441340690  0  234  9137  182  0  6390524  2684  0  0  5014  3417  0  9  297  13  354  0  190  3415  2682  3417  5  0  0  2684  2  0  0  3417  0  0  0.0585308750366  0.0745156482861  41.8274972618  100.0  
1441340690  0  234  9318  178  0  6178512  2609  0  0  5014  3417  0  6  357  13  354  0  188  3415  2607  3417  5  0  0  2609  2  0  0  3417  0  0  0.0585308750366  0.0766577232656  42.1394023303  100.0  
1441340691  0  234  9319  178  0  6178512  2609  0  0  5014  3417  0  6  357  13  354  0  188  3415  2607  3417  5  0  0  2609  2  0  0  3417  0  0  0.0585308750366  0.0766577232656  42.1394023303  100.0  
1441340691  0  234  9319  178  0  6178512  2609  0  0  5014  3417  0  6  357  13  354  0  188  3415  2607  3417  5  0  0  2609  2  0  0  3417  0  0  0.0585308750366  0.0766577232656  42.1394023303  100.0  
1441340692  0  234  9320  178  0  6178512  2609  0  0  5014  3417  0  6  357  13  354  0  188  3415  2607  3417  5  0  0  2609  2  0  0  3417  0  0  0.0585308750366  0.0766577232656  42.1394023303  100.0  
1441340692  0  234  9321  178  0  6178512  2609  0  0  5014  3417  0  6  357  13  354  0  188  3415  2607  3417  5  0  0  2609  2  0  0  3417  0  0  0.0585308750366  0.0766577232656  42.1394023303  100.0  
1441340693  0  234  9322  178  0  6178512  2609  0  0  5014  3417  0  6  357  13  354  0  188  3415  2607  3417  5  0  0  2609  2  0  0  3417  0  0  0.0585308750366  0.0766577232656  42.1394023303  100.0  
1441340693  0  234  9323  178  0  6178512  2609  0  0  5014  3417  0  6  357  13  354  0  188  3415  2607  3417  5  0  0  2609  2  0  0  3417  0  0  0.0585308750366  0.0766577232656  42.1394023303  100.0  
1441340694  0  234  9324  178  0  6178512  2609  0  0  5014  3417  0  6  357  13  354  0  188  3415  2607  3417  5  0  0  2609  2  0  0  3417  0  0  0.0585308750366  0.0766577232656  42.1394023303  100.0  
1441340695  0  234  9325  178  0  6178512  2609  0  0  5014  3417  0  6  357  13  354  0  188  3415  2607  3417  5  0  0  2609  2  0  0  3417  0  0  0.0585308750366  0.0766577232656  42.1394023303  100.0  
1441340695  0  234  9325  178  0  6178512  2609  0  0  5014  3417  0  6  357  13  354  0  188  3415  2607  3417  5  0  0  2609  2  0  0  3417  0  0  0.0585308750366  0.0766577232656  42.1394023303  100.0  
1441340696  0  234  12594  209  0  7257359  3025  0  0  5026  3417  0  25  174  25  354  0  225  3415  3023  3417  17  0  0  3025  2  0  0  3833  0  416  0.0521784503  0.0661157024793  41.3888136914  100.0  
1441340696  0  234  16352  209  0  7257359  3025  0  0  5026  3417  0  25  174  25  354  0  225  3415  3023  3417  17  0  0  3025  2  0  0  3833  0  0  0.0521784503  0.0661157024793  41.3888136914  100.0  
1441340697  0  234  23484  209  0  7257359  3025  0  0  5026  3417  0  25  174  25  354  0  225  3415  3023  3417  17  0  0  3025  2  0  0  3833  0  0  0.0521784503  0.0661157024793  41.3888136914  100.0  
1441340697  0  234  28156  209  0  7257359  3025  0  0  5026  3417  0  25  174  25  354  0  225  3415  3023  3417  17  0  0  3025  2  0  0  3833  0  0  0.0521784503  0.0661157024793  41.3888136914  100.0  
1441340698  0  234  39478  209  0  7257359  3025  0  0  5026  3417  0  25  174  25  354  0  225  3415  3023  3417  17  0  0  3025  2  0  0  3833  0  0  0.0521784503  0.0661157024793  41.3888136914  100.0  
1441340698  0  234  39478  209  0  7257359  3025  0  0  5026  3417  0  25  174  25  354  0  225  3415  3023  3417  17  0  0  3025  2  0  0  3833  0  0  0.0521784503  0.0661157024793  41.3888136914  100.0  
1441340699  0  234  67378  208  0  7166146  2981  0  0  5026  3417  0  25  191  25  354  0  223  3415  2979  3417  17  0  0  2981  2  0  0  3870  0  37  0.0516795865633  0.0670915800067  41.270649101  100.0  
1441340699  0  234  67379  208  0  7166146  2981  0  0  5026  3417  0  25  191  25  354  0  223  3415  2979  3417  17  0  0  2981  2  0  0  3870  0  0  0.0516795865633  0.0670915800067  41.270649101  100.0  
1441340700  0  234  82905  208  0  7157890  2978  0  0  5026  3417  0  25  192  25  354  0  223  3415  2976  3417  17  0  0  2978  2  0  0  3870  0  0  0.0516795865633  0.0671591672263  41.279175461  100.0  
1441340700  0  234  90613  220  0  9799007  3902  0  0  5027  3902  0  245  0  245  354  0  225  3900  3900  3902  18  0  0  3902  2  0  0  4794  0  924  0.0417188151856  0.0512557662737  38.6580591446  100.0  
1441340701  0  234  98449  225  0  10523999  4079  0  0  5027  4079  0  422  0  422  354  0  226  4077  4077  4079  18  0  0  4079  2  0  0  4971  0  177  0.04023335345  0.0490316253984  36.9797475261  100.0  
1441340701  0  234  98449  225  0  10523999  4079  0  0  5027  4079  0  422  0  422  354  0  226  4077  4077  4079  18  0  0  4079  2  0  0  4971  0  0  0.04023335345  0.0490316253984  36.9797475261  100.0  
1441340702  0  234  104683  231  0  10857181  4164  0  0  5027  4164  0  488  0  488  354  0  227  4162  4162  4164  18  0  0  4164  2  0  0  5066  0  95  0.0394788787998  0.0480307396734  36.3123749381  100.0  
1441340702  0  246  115448  246  0  11533021  4329  0  0  5027  4329  0  653  0  653  354  0  229  4327  4327  4329  18  0  0  4329  2  0  0  5231  0  165  0.0382336073409  0.0462000462001  34.9276876571  100.0  
1441340703  0  264  126037  264  0  12810973  4641  0  0  5028  4641  0  965  0  965  354  0  230  4639  4639  4641  19  0  0  4641  2  0  0  5543  0  312  0.0360815442901  0.0430941607412  32.578595493  100.0  
1441340703  0  271  133942  271  0  13585117  4830  0  0  5028  4830  0  1154  0  1154  354  0  230  4828  4828  4830  19  0  0  4830  2  0  0  5732  0  189  0.0348918353105  0.0414078674948  31.3032527946  100.0  
1441340704  0  290  143978  290  0  14719709  5107  0  0  5028  5107  0  1431  0  1431  354  0  231  5105  5105  5107  19  0  0  5107  2  0  0  6009  0  277  0.033283408221  0.0391619345996  29.6047217419  100.0  
1441340704  0  294  150857  293  0  14989951  5168  0  0  5028  5178  0  1502  1  1502  354  0  230  5176  5166  5178  19  0  0  5168  2  0  0  6080  0  71  0.0328947368421  0.0386996904025  29.1588074747  100.0  
1441340705  0  294  150857  293  0  14989951  5168  0  0  5028  5178  0  1502  1  1502  354  0  230  5176  5166  5178  19  0  0  5168  2  0  0  6080  0  0  0.0328947368421  0.0386996904025  29.1588074747  100.0  
1441340705  0  322  161596  322  0  17594230  5826  0  0  5029  5826  0  2115  0  2115  354  0  235  5824  5824  5826  20  0  0  5826  2  0  0  6738  0  658  0.0296823983378  0.0343288705802  26.2454273937  100.0  
1441340706  0  335  176208  335  0  23857014  7355  0  0  5029  7355  0  3644  0  3644  354  0  234  7353  7353  7355  20  0  0  7355  2  0  0  8495  0  1757  0.0235432607416  0.0271923861319  20.7878919  100.0  
1441340706  0  335  180483  315  0  22312822  6978  0  0  5029  7355  0  3267  377  3644  354  0  232  7353  6976  7355  20  0  0  6978  2  0  0  8495  0  0  0.0235432607416  0.0286615075953  21.9113201176  100.0  
1441340707  0  364  187552  364  0  33450251  9714  0  0  5029  9714  0  5985  0  5985  354  0  235  9697  9697  9714  20  0  0  9714  17  0  0  11231  15  2736  0.151366752738  0.17500514721  15.7825597035  100.0  
1441340707  0  411  194663  411  0  47679755  13188  0  0  5029  13188  0  9459  0  9459  354  0  235  13171  13171  13188  20  0  0  13188  17  0  0  14705  0  3474  0.115606936416  0.128905065211  11.6197313374  100.0  
1441340708  0  459  201075  459  0  60647691  16395  0  0  5029  16395  0  12625  0  12625  354  0  237  16337  16337  16395  20  0  0  16395  58  0  0  17912  41  3207  0.32380527021  0.353766392193  9.36790606876  100.0  
1441340708  0  459  201075  459  0  60647691  16395  0  0  5029  16395  0  12625  0  12625  354  0  237  16337  16337  16395  20  0  0  16395  58  0  0  17912  0  0  0.32380527021  0.353766392193  9.36790606876  100.0  
1441340709  0  471  207590  471  0  66959627  17936  0  0  5029  17936  0  14166  0  14166  354  0  236  17878  17878  17936  20  0  0  17936  58  0  0  19773  0  1861  0.293329287412  0.323371989295  8.56043637126  100.0  
1441340709  0  499  215423  427  0  56033038  15433  0  0  5029  19258  0  11494  3910  15318  354  0  236  19040  15215  19258  20  0  0  15433  218  0  0  22145  160  2372  0.984420862497  1.41255750664  10.0891165431  100.0  
1441340710  0  499  221131  442  0  59637518  16326  0  0  5029  19258  0  12374  3030  15318  354  0  237  19040  16095  19258  20  0  0  16326  231  0  0  23038  13  893  1.00269120583  1.41492098493  9.53749041337  100.0  
1441340710  0  499  228824  499  0  67655585  18436  0  0  5029  19258  0  14331  1028  15318  354  0  240  19040  18053  19258  20  0  0  18436  383  0  0  25148  152  2110  1.5229839351  2.07745714906  8.50564002304  100.0  
1441340712  0  550  238233  550  0  74416178  20452  0  0  5029  20452  0  15980  0  15980  354  0  240  19704  19704  20452  20  0  0  20452  748  0  0  27164  365  2016  2.75364452952  3.65734402503  7.79530954613  100.0  
1441340713  0  621  255828  621  0  87830578  25077  0  0  5029  25077  0  19255  0  19255  354  0  241  22979  22979  25077  20  0  0  25077  2098  0  0  32342  1350  5178  6.48692103148  8.36623200542  6.68431086196  100.0  
1441340713  0  626  263833  626  0  93502093  26626  0  0  5029  26626  0  20639  0  20639  354  0  242  24364  24364  26626  20  0  0  26626  2650  0  0  34279  552  1937  7.73068059162  8.49545556974  6.30578138307  100.0  
1441340714  0  658  271144  658  0  98704013  28022  0  0  5029  28022  0  21909  0  21909  354  0  245  25634  25634  28022  20  0  0  28022  2776  0  0  35675  126  1396  7.78135949544  8.52187566912  5.99337043057  100.0  
1441340714  0  688  278622  688  0  103335957  29528  0  0  5029  29528  0  23039  0  23039  354  0  246  26765  26765  29528  20  0  0  29528  3151  0  0  37181  375  1506  8.47475861327  9.35722026551  5.74068699065  100.0  
1441340715  0  688  278622  688  0  103335957  29528  0  0  5029  29528  0  23039  0  23039  354  0  246  26765  26765  29528  20  0  0  29528  3151  0  0  37181  0  0  8.47475861327  9.35722026551  5.74068699065  100.0  
1441340715  0  705  285675  705  0  106498069  30337  0  0  5029  30337  0  23811  0  23811  354  0  247  27537  27537  30337  20  0  0  30337  3188  0  0  37990  37  809  8.39168202158  9.22965355836  5.57974678813  100.0  
1441340716  0  722  293943  722  0  109233853  31072  0  0  5029  31072  0  24494  0  24494  354  0  245  28195  28195  31072  20  0  0  31072  3389  0  0  38874  201  884  8.71790914236  9.25914006179  5.41436019657  100.0  
1441340716  0  747  303189  747  0  113837757  32369  0  0  5029  32369  0  25618  0  25618  354  0  246  29319  29319  32369  20  0  0  32369  3562  0  0  40171  173  1297  8.86709317667  9.42259569341  5.20679033194  100.0  
1441340717  0  791  314032  791  0  118781190  33794  0  0  5029  33834  0  26824  225  27046  354  0  250  30748  30527  33834  20  0  0  33794  3779  0  0  42223  217  2052  8.95009828766  9.66739657927  5.0043765688  100.0  
1441340717  0  816  319085  816  0  120663484  34698  0  0  5029  34698  0  27283  0  27283  354  0  250  30987  30987  34698  20  0  0  34698  4223  0  0  43127  444  904  9.79200964593  10.6951409303  4.93155710963  100.0  
1441340718  0  856  342132  833  0  107625916  34300  0  0  5029  35957  0  24100  3963  27938  354  0  251  31642  27804  35957  20  0  0  34300  7008  0  0  50227  2785  7100  13.9526549465  18.9387755102  5.496121427  100.0  
1441340718  0  856  342132  833  0  107625916  34300  0  0  5029  35957  0  24100  3963  27938  354  0  251  31642  27804  35957  20  0  0  34300  7008  0  0  50227  0  0  13.9526549465  18.9387755102  5.496121427  100.0  
1441340719  0  890  360389  887  0  117606763  39070  0  0  5029  39111  0  26522  1326  27938  354  0  250  31642  30252  39111  20  0  0  39070  12097  0  0  59044  5089  8817  20.4881105616  22.5697466087  5.08862679146  100.0  
1441340719  0  997  376157  997  0  133698667  46194  0  0  5030  46194  0  30451  0  30451  354  0  250  34180  34180  46194  21  0  0  46194  15293  0  0  68495  3196  9451  22.3271771662  26.0077066286  4.50182526903  100.0  
1441340720  0  1075  386107  1075  0  149918827  50577  0  0  5030  50577  0  34411  0  34411  354  0  252  38140  38140  50577  21  0  0  50577  15716  0  0  72878  423  4383  21.5648069376  24.5902287601  4.03440974555  100.0  
1441340720  0  1091  392355  1091  0  152687723  51489  0  0  5030  51489  0  35087  1  35088  354  0  252  38816  38816  51489  21  0  0  51489  15952  0  0  73790  236  912  21.6181054343  24.6130241411  3.96414848762  100.0  
1441340721  0  1133  402267  1132  0  157656171  54111  0  0  5030  54126  0  36300  0  36300  354  0  251  40029  40029  54126  21  0  0  54111  17521  0  0  76572  1569  2782  22.8817322259  26.0242834174  3.84402277587  100.0  
1441340721  0  1176  411179  1176  0  158446929  56625  0  0  5030  56626  0  36492  0  36492  354  0  251  40223  40222  56626  21  0  0  56625  20240  0  0  79485  2719  2913  25.4639240108  28.9677704194  3.8254381299  100.0  
1441340722  0  1176  411179  1176  0  158446929  56625  0  0  5030  56626  0  36492  0  36492  354  0  251  40223  40222  56626  21  0  0  56625  20240  0  0  79485  0  0  25.4639240108  28.9677704194  3.8254381299  100.0  
1441340722  0  1178  411723  1177  0  158376038  56613  0  0  5030  56702  0  36524  10  36525  354  0  250  40254  40165  56702  21  0  0  56613  20285  0  0  79562  45  77  25.4958397225  29.0533976295  3.73204306649  100.0  
1441340723  0  1178  412687  1174  0  158375061  56613  0  0  5030  56702  0  36524  10  36525  354  0  249  40254  40163  56702  21  0  0  56613  20287  0  0  79564  2  2  25.4977125333  29.056930387  3.727843097  100.0  
