#type:T;
#time  gt  cn  Pt  Px  gx  cx  gn  gm  Pn  Pm  Ft  cm  pt  Fx  px  ct  pn  Fm  Fn  pm  dn  On  Om  dm  dx  Ox  dt  Ot  Gt  Cn  Cm  Gx  Cx  Gn  Gm  Ct  
1441340679  4009879  0  0  0  15763  0  4895  157  0  2147483647  19059  2147483647  0  2093  0  0  0  217  21  2147483647  0  46  257  2147483647  0  5332  0  62584  0  0  2147483647  0  0  0  2147483647  0  
1441340679  4012595  0  0  0  15763  0  4896  157  0  2147483647  19059  2147483647  0  2093  0  0  0  217  21  2147483647  0  47  257  2147483647  0  5332  0  66639  0  0  2147483647  0  0  0  2147483647  0  
1441340680  4012595  0  0  0  15763  0  4896  157  0  2147483647  19059  2147483647  0  2093  0  0  0  217  21  2147483647  0  47  257  2147483647  0  5332  0  66639  0  0  2147483647  0  0  0  2147483647  0  
1441340680  4012595  0  0  0  15763  0  4896  157  0  2147483647  19059  2147483647  0  2093  0  0  0  217  21  2147483647  0  47  257  2147483647  0  5332  0  66639  0  0  2147483647  0  0  0  2147483647  0  
1441340681  4012595  0  0  0  15763  0  4896  157  0  2147483647  19059  2147483647  0  2093  0  0  0  217  21  2147483647  0  47  257  2147483647  0  5332  0  66639  0  0  2147483647  0  0  0  2147483647  0  
1441340681  4012595  0  0  0  15763  0  4896  157  0  2147483647  19059  2147483647  0  2093  0  0  0  217  21  2147483647  0  47  257  2147483647  0  5332  0  66639  0  0  2147483647  0  0  0  2147483647  0  
1441340682  4012595  0  0  0  15763  0  4896  157  0  2147483647  19059  2147483647  0  2093  0  0  0  217  21  2147483647  0  47  257  2147483647  0  5332  0  66639  0  0  2147483647  0  0  0  2147483647  0  
1441340682  4012595  0  0  0  15763  0  4896  157  0  2147483647  19059  2147483647  0  2093  0  0  0  217  21  2147483647  0  47  257  2147483647  0  5332  0  66639  0  0  2147483647  0  0  0  2147483647  0  
1441340683  4012595  0  0  0  15763  0  4896  157  0  2147483647  19059  2147483647  0  2093  0  0  0  217  21  2147483647  0  47  257  2147483647  0  5332  0  66639  0  0  2147483647  0  0  0  2147483647  0  
1441340683  4012595  0  0  0  15763  0  4896  157  0  2147483647  19059  2147483647  0  2093  0  0  0  217  21  2147483647  0  47  257  2147483647  0  5332  0  66639  0  0  2147483647  0  0  0  2147483647  0  
1441340684  4012595  0  0  0  15763  0  4896  157  0  2147483647  19059  2147483647  0  2093  0  0  0  217  21  2147483647  0  47  257  2147483647  0  5332  0  66639  0  0  2147483647  0  0  0  2147483647  0  
1441340684  4012595  0  0  0  15763  0  4896  157  0  2147483647  19059  2147483647  0  2093  0  0  0  217  21  2147483647  0  47  257  2147483647  0  5332  0  66639  0  0  2147483647  0  0  0  2147483647  0  
1441340685  4012595  0  0  0  15763  0  4896  157  0  2147483647  19059  2147483647  0  2093  0  0  0  217  21  2147483647  0  47  257  2147483647  0  5332  0  66639  0  0  2147483647  0  0  0  2147483647  0  
1441340685  4012595  0  0  0  15763  0  4896  157  0  2147483647  19059  2147483647  0  2093  0  0  0  217  21  2147483647  0  47  257  2147483647  0  5332  0  66639  0  0  2147483647  0  0  0  2147483647  0  
1441340686  4012595  0  0  0  15763  0  4896  157  0  2147483647  19059  2147483647  0  2093  0  0  0  217  21  2147483647  0  47  257  2147483647  0  5332  0  66639  0  0  2147483647  0  0  0  2147483647  0  
1441340686  4012595  0  0  0  15763  0  4896  157  0  2147483647  19059  2147483647  0  2093  0  0  0  217  21  2147483647  0  47  257  2147483647  0  5332  0  66639  0  0  2147483647  0  0  0  2147483647  0  
1441340687  4012595  0  0  0  15763  0  4896  157  0  2147483647  19059  2147483647  0  2093  0  0  0  217  21  2147483647  0  47  257  2147483647  0  5332  0  66639  0  0  2147483647  0  0  0  2147483647  0  
1441340687  4012595  0  0  0  15763  0  4896  157  0  2147483647  19059  2147483647  0  2093  0  0  0  217  21  2147483647  0  47  257  2147483647  0  5332  0  66639  0  0  2147483647  0  0  0  2147483647  0  
1441340688  4012595  0  0  0  15763  0  4896  157  0  2147483647  19059  2147483647  0  2093  0  0  0  217  21  2147483647  0  47  257  2147483647  0  5332  0  66639  0  0  2147483647  0  0  0  2147483647  0  
1441340688  4012595  0  0  0  15763  0  4896  157  0  2147483647  19059  2147483647  0  2093  0  0  0  217  21  2147483647  0  47  257  2147483647  0  5332  0  66639  0  0  2147483647  0  0  0  2147483647  0  
1441340689  4017093  0  0  0  15763  0  4898  157  0  2147483647  19059  2147483647  0  2093  0  0  0  217  21  2147483647  0  47  257  2147483647  0  5332  0  66639  0  0  2147483647  0  0  0  2147483647  0  
1441340689  4135033  3422  221194025  133234  15763  130878  5021  157  3417  7089  43063  6209  433001  2093  120930  218846676  5  208  105  62281  0  251  242  2147483647  0  81184  0  851631  8188047  13  396  141717  663  144  5196  7024  
1441340690  4235598  3422  221194025  133234  15763  130878  5091  157  3417  7089  43063  6209  433001  2093  120930  218846676  5  208  105  62281  0  251  242  2147483647  0  81184  0  851631  13256756  13  396  151110  663  242  5196  7024  
1441340690  4308871  3422  221194025  133234  15763  130878  5196  157  3417  7089  43063  6209  433001  2093  120930  218846676  5  208  105  62281  0  251  242  2147483647  0  81184  0  851631  16455631  16  396  151110  4721  317  5196  16579  
1441340691  4308871  3422  221194025  133234  15763  130878  5196  157  3417  7089  43063  6209  433001  2093  120930  218846676  5  208  105  62281  0  251  242  2147483647  0  81184  0  851631  16455631  16  396  151110  4721  317  5196  16579  
1441340691  4308871  3422  221194025  133234  15763  130878  5196  157  3417  7089  43063  6209  433001  2093  120930  218846676  5  208  105  62281  0  251  242  2147483647  0  81184  0  851631  16455631  16  396  151110  4721  317  5196  16579  
1441340692  4308871  3422  221194025  133234  15763  130878  5196  157  3417  7089  43063  6209  433001  2093  120930  218846676  5  208  105  62281  0  251  242  2147483647  0  81184  0  851631  16455631  16  396  151110  4721  317  5196  16579  
1441340692  4308871  3422  221194025  133234  15763  130878  5196  157  3417  7089  43063  6209  433001  2093  120930  218846676  5  208  105  62281  0  251  242  2147483647  0  81184  0  851631  16455631  16  396  151110  4721  317  5196  16579  
1441340693  4308871  3422  221194025  133234  15763  130878  5196  157  3417  7089  43063  6209  433001  2093  120930  218846676  5  208  105  62281  0  251  242  2147483647  0  81184  0  851631  16455631  16  396  151110  4721  317  5196  16579  
1441340693  4308871  3422  221194025  133234  15763  130878  5196  157  3417  7089  43063  6209  433001  2093  120930  218846676  5  208  105  62281  0  251  242  2147483647  0  81184  0  851631  16455631  16  396  151110  4721  317  5196  16579  
1441340694  4308871  3422  221194025  133234  15763  130878  5196  157  3417  7089  43063  6209  433001  2093  120930  218846676  5  208  105  62281  0  251  242  2147483647  0  81184  0  851631  16455631  16  396  151110  4721  317  5196  16579  
1441340695  4308871  3422  221194025  133234  15763  130878  5196  157  3417  7089  43063  6209  433001  2093  120930  218846676  5  208  105  62281  0  251  242  2147483647  0  81184  0  851631  16455631  16  396  151110  4721  317  5196  16579  
1441340695  4308871  3422  221194025  133234  15763  130878  5196  157  3417  7089  43063  6209  433001  2093  120930  218846676  5  208  105  62281  0  251  242  2147483647  0  81184  0  851631  16455631  16  396  151110  4721  317  5196  16579  
1441340696  4308871  3850  249791316  180220  15763  174054  5196  157  3833  7089  743192  6209  1279237  3760  120930  247800176  17  205  2945  59623  0  251  242  2147483647  0  81184  0  851631  16455631  35  396  151110  4721  317  5196  28037  
1441340696  4308871  3850  249791316  180220  15763  174054  5196  157  3833  7089  1867913  6209  1279237  7487  120930  247800176  17  205  6702  59623  0  251  242  2147483647  0  81184  0  851631  16455631  35  396  151110  4721  317  5196  28037  
1441340697  4308871  3850  249791316  180220  15763  174054  5196  157  3833  7089  3623774  6209  1279237  7487  120930  247800176  17  205  13833  59623  0  251  242  2147483647  0  81184  0  851631  16455631  35  396  151110  4721  317  5196  28037  
1441340697  4308871  3850  249791316  180220  15763  174054  5196  157  3833  7089  5015967  6209  1279237  9517  120930  247800176  17  205  18504  59623  0  251  242  2147483647  0  81184  0  851631  16455631  35  396  151110  4721  317  5196  28037  
1441340698  4308871  3850  249791316  180220  15763  174054  5196  157  3833  7089  7837266  6209  1279237  9517  120930  247800176  17  205  29825  59623  0  251  242  2147483647  0  81184  0  851631  16455631  35  396  151110  4721  317  5196  28037  
1441340698  4308871  3850  249791316  180220  15763  174054  5196  157  3833  7089  7837266  6209  1279237  9517  120930  247800176  17  205  29825  59623  0  251  242  2147483647  0  81184  0  851631  16455631  35  396  151110  4721  317  5196  28037  
1441340699  4309294  3887  252590096  180220  15763  174054  5197  157  3870  7089  14625430  6209  1279237  9517  120930  250556668  17  205  57605  59623  0  251  242  2147483647  0  81184  0  851631  18412343  35  396  151110  4721  398  4464  28037  
1441340699  4309294  3887  252590096  180220  15763  174054  5197  157  3870  7089  14625430  6209  1279237  9517  120930  250556668  17  205  57605  59623  0  251  242  2147483647  0  81184  0  851631  18412343  35  396  151110  4721  398  4464  28037  
1441340700  4603237  3887  252590096  180220  15763  174054  5645  157  3870  7089  21271824  6209  1279237  9579  120930  250556668  17  205  72678  59623  0  252  242  2147483647  0  81184  0  854266  18524663  35  396  151110  4721  401  4464  28037  
1441340700  5947359  4812  463789132  538377  15763  534905  7085  157  4794  7089  26105022  6209  1808128  9579  528891  458109007  18  205  78020  59623  0  252  242  2147483647  0  81184  0  854266  18524663  255  381  151110  4721  401  4464  352640  
1441340701  7588106  4989  520469472  538377  15763  534905  8868  157  4971  7089  31691063  6209  1808128  9579  528891  512556479  18  205  83894  59623  0  253  242  2147483647  0  81184  0  859133  18524663  432  381  151110  4721  401  4464  631080  
1441340701  7588106  4989  520469472  538377  15763  534905  8868  157  4971  7089  31691063  6209  1808128  9579  528891  512556479  18  205  83894  59623  0  253  242  2147483647  0  81184  0  859133  18524663  432  381  151110  4721  401  4464  631080  
1441340702  10167993  5084  556505056  713480  15763  662207  11226  157  5066  7089  35304208  6209  1808128  9579  528891  547326464  18  205  87663  59623  0  254  242  2147483647  0  81184  0  865627  19049787  510  381  151110  5440  411  4464  776452  
1441340702  14339801  5249  614749136  713480  15763  662207  15246  157  5231  7089  40828484  6209  1808128  10509  528891  603244464  18  205  94242  59623  0  254  242  2147483647  0  81184  0  865627  19049787  675  381  151110  5440  411  4464  1029343  
1441340703  17628817  5562  704211415  713480  15763  662207  18222  157  5543  7089  47229424  6209  2138123  15267  528891  689530977  19  205  101538  59623  0  257  242  2147483647  0  81184  0  874059  19049787  987  381  151110  5440  411  4464  1420044  
1441340703  19928225  5751  757763831  713480  15763  662207  20501  157  5732  7089  51785354  6209  2138123  15267  528891  740851760  19  205  106971  59623  0  260  242  2147483647  0  81184  0  885808  19049787  1176  375  151110  5440  411  4464  1662100  
1441340704  24079206  6028  841489333  713480  15763  662207  24245  157  6009  7089  56957112  6209  2138123  15267  528891  821115137  19  205  112985  59623  0  260  242  2147483647  0  81184  0  885808  19049787  1453  375  151110  11300  411  4464  2043208  
1441340704  27400408  6099  866049256  713480  15763  662207  27213  157  6080  7089  60737555  6209  2138123  15267  528891  844595281  19  205  116808  59623  0  266  242  2147483647  0  81184  0  902238  20056080  1524  375  151110  11300  421  4464  2160032  
1441340705  27400408  6099  866049256  713480  15763  662207  27213  157  6080  7089  60737555  6209  2138123  15267  528891  844595281  19  205  116808  59623  0  266  242  2147483647  0  81184  0  902238  20056080  1524  375  151110  11300  421  4464  2160032  
1441340705  30879010  6758  1060238309  713480  15763  662207  30833  157  6738  7089  65712515  6209  2635518  15267  528891  1031718042  20  205  123265  59623  0  268  242  2147483647  0  81184  0  906485  20056080  2137  375  151110  11300  421  4464  2982588  
1441340706  33538949  8515  1504617516  713480  34689  662207  33568  157  8495  7089  71348097  6209  2635518  15267  528891  1457370882  20  205  133150  59623  0  274  242  2147483647  0  81184  0  913182  22609455  4122  375  151110  11300  649  4464  5978050  
1441340706  35419656  8515  1504617516  713480  34689  662207  35217  157  8495  7089  73647884  6209  2635518  15267  528891  1457370882  20  205  135444  59623  0  280  242  2147483647  0  209095  0  1136925  26364558  4447  375  151110  11300  974  4464  7278476  
1441340707  36721930  11251  2105564421  713480  34689  662207  37076  157  11231  6929  75784755  6188  2635518  15267  528891  2032041565  20  205  137917  59623  0  280  242  2147483647  0  209095  0  1136925  26364558  7165  375  151110  11300  974  4464  10123017  
1441340707  38012217  14725  2767683680  713480  34689  662207  39282  157  14705  6929  76732874  6188  2635518  15267  528891  2662537909  20  205  139347  59623  0  280  242  2147483647  0  209095  0  1136925  26364558  10639  375  151110  11300  974  4464  13349637  
1441340708  39372011  17932  3316451905  713480  34689  662207  41504  157  17912  6675  77291964  5843  2635518  15267  528891  3182204117  20  205  140329  59623  0  280  242  2147483647  0  209095  0  1136925  26364558  13805  375  151110  11300  974  4464  16180621  
1441340708  39372011  17932  3316451905  713480  34689  662207  41504  157  17912  6675  77291964  5843  2635518  15267  528891  3182204117  20  205  140329  59623  0  280  242  2147483647  0  209095  0  1136925  26364558  13805  375  151110  11300  974  4464  16180621  
1441340709  40800716  19793  3699408940  713480  34689  662207  43116  157  19773  6675  78522848  5843  2635518  15267  528891  3546059852  20  205  143365  59623  0  284  242  2147483647  0  373125  0  1512654  26364558  15666  375  151110  11300  974  4464  18046023  
1441340709  41755881  22165  4096873203  713480  34689  662207  44795  157  22145  6675  79881416  5843  2635518  15267  528891  3923279695  20  205  147144  59623  0  287  242  2147483647  0  4356589  0  6250017  26364558  17868  311  151110  11300  974  4464  20087790  
1441340710  43381144  23058  4365943625  713480  34689  662207  46507  157  23038  6675  82585719  5843  2635518  15267  528891  4180533334  20  205  150244  59623  0  289  242  2147483647  0  4356589  0  6254325  26364558  18748  311  151110  11300  974  4464  21375763  
1441340710  45156532  25168  4914889422  713480  34689  662207  48563  157  25148  6463  85506277  5843  2635518  15267  528891  4705878972  20  205  153770  59623  0  289  242  2147483647  0  4356589  0  6254325  26364558  20705  311  151110  11300  974  4464  23835626  
1441340712  46234720  27184  5333673167  713480  34689  662207  50094  157  27164  6273  89552876  5601  2635518  15267  528891  5104982756  20  205  159629  59623  0  291  242  2147483647  0  4356589  0  6257077  26364558  22354  311  151110  11300  974  4464  25725411  
1441340713  49036029  32362  6530492035  713480  34689  662207  53250  157  32342  6273  97208149  5601  2635518  17344  528891  6244788777  20  205  168558  59623  0  297  242  2147483647  0  4356589  0  6956414  27600796  26507  272  151110  11300  1299  2997  31451229  
1441340713  50674657  34299  6978796645  713480  34689  662207  55236  157  34279  6273  100436902  5601  2635518  17344  528891  6671288441  20  205  172247  59623  0  301  242  2147483647  0  4356589  0  6964744  60223873  27891  272  151110  11300  1687  2997  33342577  
1441340714  52687328  35695  7326573410  713480  34689  662207  57796  157  35675  6273  103252929  5601  2635518  17344  528891  7001854708  20  205  175600  59623  0  301  242  2147483647  0  4356589  0  6964744  60223873  29161  272  151110  11300  1687  2997  34912824  
1441340714  55377066  37201  7630369933  713480  34689  662207  60484  157  37181  6273  106361554  5601  2635518  17344  528891  7290324115  20  205  178883  59623  0  302  242  2147483647  0  4356589  0  6966505  60223873  30291  272  151110  11300  1687  2997  36209268  
1441340715  55377066  37201  7630369933  713480  34689  662207  60484  157  37181  6273  106361554  5601  2635518  17344  528891  7290324115  20  205  178883  59623  0  302  242  2147483647  0  4356589  0  6966505  60223873  30291  272  151110  11300  1687  2997  36209268  
1441340715  58444919  38010  7887109565  713480  34689  662207  63649  157  37990  6273  109225854  5601  2635518  17344  528891  7535095839  20  205  181961  59623  0  302  242  2147483647  0  4356589  0  6966505  60223873  31093  272  151110  11300  1687  2997  37272290  
1441340716  60873577  38894  8108707277  713480  34689  662207  66211  157  38874  6273  113485165  5601  2635518  17344  528891  7745851328  20  205  186751  59623  0  308  242  2147483647  0  4356589  0  7147840  63165727  31819  272  151110  11300  1712  2997  38182055  
1441340716  63237928  40191  8408152098  713480  34689  662207  68899  157  40171  6273  117945905  5601  2635518  17344  528891  8030428585  20  205  192011  59623  0  308  242  2147483647  0  4356589  0  7147840  63165727  32943  272  151110  11300  1712  2997  39464429  
1441340717  66085201  42243  8861685076  713480  34689  662207  72584  157  42223  6267  120932814  5601  2635518  17344  528891  8461490844  20  205  196487  59623  0  310  242  2147483647  0  4356589  0  7148657  65873806  35411  269  151110  11300  2339  2997  42485040  
1441340717  67635971  43147  9039558812  713480  34689  662207  74152  157  43127  6267  123440594  5601  2635518  17344  528891  8630774574  20  205  199067  59623  0  310  242  2147483647  0  4356589  0  7148657  65873806  35870  269  151110  11300  2339  2997  43195221  
1441340718  68920193  50247  9674838251  713480  34689  662207  76905  157  50227  6160  125998090  5565  2635518  17344  528891  9230971762  20  205  204756  59623  0  316  242  2147483647  0  4356589  0  7158861  101359463  47924  254  151110  20641  9837  2601  58948358  
1441340718  68920193  50247  9674838251  713480  34689  662207  76905  157  50227  6160  125998090  5565  2635518  17344  528891  9230971762  20  205  204756  59623  0  316  242  2147483647  0  4356589  0  7158861  101359463  47924  254  151110  20641  9837  2601  58948358  
1441340719  70387619  59064  10479401761  713480  34689  662207  80713  157  59044  6155  126722149  5526  2635518  17344  528891  9992653672  20  205  206338  59623  0  318  242  2147483647  0  4356589  0  7160724  172593405  54431  245  151110  20641  13884  2601  63969062  
1441340719  71852152  68516  11431617504  713480  34689  662207  84492  157  68495  6155  126800955  5526  2705774  17344  528891  10893137175  21  205  206544  59623  0  321  242  2147483647  0  4356589  0  7163340  182636292  63602  245  151110  20641  16211  2601  71735976  
1441340720  73973367  72899  12130541276  713480  34689  662207  88194  157  72878  6155  127714827  5526  2705774  17344  528891  11555676635  21  205  208408  59623  0  321  242  2147483647  0  4356589  0  7163340  182636292  67690  245  151110  20641  16211  2601  74808931  
1441340720  76273178  73811  12226284658  713480  34689  662207  90491  157  73790  6155  130178935  5526  2705774  17344  528891  11645708996  21  205  211442  59623  0  325  242  2147483647  0  4356589  0  7170480  182636292  68377  245  151110  20641  16211  2601  75213251  
1441340721  78501458  76593  12663490026  713480  34689  662207  93356  157  76572  6155  133356425  5526  2705774  17344  528891  12060687598  21  205  215545  59623  0  326  242  2147483647  0  4356589  0  7172201  191471112  69999  245  151110  20641  16371  2601  76883296  
1441340721  81274622  79506  12792646658  713480  34689  662207  95901  157  79485  6155  135762558  5526  2705774  17344  528891  12180528075  21  205  218600  59623  0  326  242  2147483647  0  4356589  0  7172201  199659990  70223  245  151110  20641  16769  2601  77167400  
1441340722  81274622  79506  12792646658  713480  34689  662207  95901  157  79485  6155  135762558  5526  2705774  17344  528891  12180528075  21  205  218600  59623  0  326  242  2147483647  0  4356589  0  7172201  199659990  70223  245  151110  20641  16769  2601  77167400  
1441340722  81455904  79583  12816049937  713480  34689  662207  96077  157  79562  6155  135980473  5526  2705774  17344  528891  12202718211  21  205  218801  59623  0  326  242  2147483647  0  4356589  0  7172201  208627421  70287  245  151110  20641  16858  2601  77256061  
1441340723  81880657  79585  12816131188  713480  34689  662207  96493  157  79564  6155  136266697  5526  2705774  17344  528891  12202781668  21  205  219344  59623  0  326  242  2147483647  0  4356589  0  7172201  208666844  70287  245  151110  20641  16860  2601  77256061  
