#Type:X;CI:1;ww:0;ca:0;co:1;fr:0;Type:X;CI:1;PI:0;PT:EP;U0:0;U1:0;Type:X;CI:1;PI:1;PT:EP;U0:0;U1:0;
#time  Pp  gt  gs  cn  cm  cb  Nc  Pc  cp  Tc  Nm  pr  ps  pt  px  pd  Pm  Om  fs  ft  Oc  Em  Gp  Ec  Ge  ot  os  Total_cycles_diff  Successful_get_diff  Total_get_diff  succ_put_diff  total_put_diff  get_hit  
1441340679  0  0  0  0  0  0  0  0  0  4091522  0  0  0  0  0  0  0  0  0  21  0  0  0  0  0  46  0  4091522  0  0  0  0  
1441340679  0  0  0  0  0  0  0  0  0  4098293  0  0  0  0  0  0  0  0  0  21  0  0  0  0  0  47  0  6771  0  0  0  0  0 
1441340680  0  0  0  0  0  0  0  0  0  4098293  0  0  0  0  0  0  0  0  0  21  0  0  0  0  0  47  0  0  0  0  0  0  0 
1441340680  0  0  0  0  0  0  0  0  0  4098293  0  0  0  0  0  0  0  0  0  21  0  0  0  0  0  47  0  0  0  0  0  0  0 
1441340681  0  0  0  0  0  0  0  0  0  4098293  0  0  0  0  0  0  0  0  0  21  0  0  0  0  0  47  0  0  0  0  0  0  0 
1441340681  0  0  0  0  0  0  0  0  0  4098293  0  0  0  0  0  0  0  0  0  21  0  0  0  0  0  47  0  0  0  0  0  0  0 
1441340682  0  0  0  0  0  0  0  0  0  4098293  0  0  0  0  0  0  0  0  0  21  0  0  0  0  0  47  0  0  0  0  0  0  0 
1441340682  0  0  0  0  0  0  0  0  0  4098293  0  0  0  0  0  0  0  0  0  21  0  0  0  0  0  47  0  0  0  0  0  0  0 
1441340683  0  0  0  0  0  0  0  0  0  4098293  0  0  0  0  0  0  0  0  0  21  0  0  0  0  0  47  0  0  0  0  0  0  0 
1441340683  0  0  0  0  0  0  0  0  0  4098293  0  0  0  0  0  0  0  0  0  21  0  0  0  0  0  47  0  0  0  0  0  0  0 
1441340684  0  0  0  0  0  0  0  0  0  4098293  0  0  0  0  0  0  0  0  0  21  0  0  0  0  0  47  0  0  0  0  0  0  0 
1441340684  0  0  0  0  0  0  0  0  0  4098293  0  0  0  0  0  0  0  0  0  21  0  0  0  0  0  47  0  0  0  0  0  0  0 
1441340685  0  0  0  0  0  0  0  0  0  4098293  0  0  0  0  0  0  0  0  0  21  0  0  0  0  0  47  0  0  0  0  0  0  0 
1441340685  0  0  0  0  0  0  0  0  0  4098293  0  0  0  0  0  0  0  0  0  21  0  0  0  0  0  47  0  0  0  0  0  0  0 
1441340686  0  0  0  0  0  0  0  0  0  4098293  0  0  0  0  0  0  0  0  0  21  0  0  0  0  0  47  0  0  0  0  0  0  0 
1441340686  0  0  0  0  0  0  0  0  0  4098293  0  0  0  0  0  0  0  0  0  21  0  0  0  0  0  47  0  0  0  0  0  0  0 
1441340687  0  0  0  0  0  0  0  0  0  4098293  0  0  0  0  0  0  0  0  0  21  0  0  0  0  0  47  0  0  0  0  0  0  0 
1441340687  0  0  0  0  0  0  0  0  0  4098293  0  0  0  0  0  0  0  0  0  21  0  0  0  0  0  47  0  0  0  0  0  0  0 
1441340688  0  0  0  0  0  0  0  0  0  4098293  0  0  0  0  0  0  0  0  0  21  0  0  0  0  0  47  0  0  0  0  0  0  0 
1441340688  0  0  0  0  0  0  0  0  0  4098293  0  0  0  0  0  0  0  0  0  21  0  0  0  0  0  47  0  0  0  0  0  0  0 
1441340689  0  0  0  0  0  0  0  0  0  4102791  0  0  0  0  0  0  0  0  0  21  0  0  0  0  0  47  0  4498  0  0  0  0  0 
1441340689  0  156  144  13  5  6557370  193  2782  2773  234844800  234  0  3417  3422  5  0  3417  354  0  105  215  3417  0  2782  144  251  128  230742009  144  156  3417  3422  92.3076923077  
1441340690  0  324  242  13  5  6353716  182  2684  2675  240014074  234  0  3417  3422  5  0  3417  354  0  105  190  3417  0  2684  242  251  128  5169274  98  168  0  0  74.6913580247  
1441340690  0  504  317  13  5  6153992  178  2609  2603  243286222  234  0  3417  3422  5  0  3417  354  0  105  188  3417  0  2609  317  251  128  3272148  75  180  0  0  62.8968253968  
1441340691  0  504  317  13  5  6153992  178  2609  2603  243286222  234  0  3417  3422  5  0  3417  354  0  105  188  3417  0  2609  317  251  128  0  0  0  0  0  62.8968253968  
1441340691  0  504  317  13  5  6153992  178  2609  2603  243286222  234  0  3417  3422  5  0  3417  354  0  105  188  3417  0  2609  317  251  128  0  0  0  0  0  62.8968253968  
1441340692  0  504  317  13  5  6153992  178  2609  2603  243286222  234  0  3417  3422  5  0  3417  354  0  105  188  3417  0  2609  317  251  128  0  0  0  0  0  62.8968253968  
1441340692  0  504  317  13  5  6153992  178  2609  2603  243286222  234  0  3417  3422  5  0  3417  354  0  105  188  3417  0  2609  317  251  128  0  0  0  0  0  62.8968253968  
1441340693  0  504  317  13  5  6153992  178  2609  2603  243286222  234  0  3417  3422  5  0  3417  354  0  105  188  3417  0  2609  317  251  128  0  0  0  0  0  62.8968253968  
1441340693  0  504  317  13  5  6153992  178  2609  2603  243286222  234  0  3417  3422  5  0  3417  354  0  105  188  3417  0  2609  317  251  128  0  0  0  0  0  62.8968253968  
1441340694  0  504  317  13  5  6153992  178  2609  2603  243286222  234  0  3417  3422  5  0  3417  354  0  105  188  3417  0  2609  317  251  128  0  0  0  0  0  62.8968253968  
1441340695  0  504  317  13  5  6153992  178  2609  2603  243286222  234  0  3417  3422  5  0  3417  354  0  105  188  3417  0  2609  317  251  128  0  0  0  0  0  62.8968253968  
1441340695  0  504  317  13  5  6153992  178  2609  2603  243286222  234  0  3417  3422  5  0  3417  354  0  105  188  3417  0  2609  317  251  128  0  0  0  0  0  62.8968253968  
1441340696  0  504  317  32  17  7155015  209  3025  3000  273429878  234  0  3833  3850  17  0  3417  354  0  2945  225  3417  0  3025  317  251  128  30143656  0  0  416  428  62.8968253968  
1441340696  0  504  317  32  17  7155015  209  3025  3000  274554599  234  0  3833  3850  17  0  3417  354  0  6702  225  3417  0  3025  317  251  128  1124721  0  0  0  0  62.8968253968  
1441340697  0  504  317  32  17  7155015  209  3025  3000  276310460  234  0  3833  3850  17  0  3417  354  0  13833  225  3417  0  3025  317  251  128  1755861  0  0  0  0  62.8968253968  
1441340697  0  504  317  32  17  7155015  209  3025  3000  277702653  234  0  3833  3850  17  0  3417  354  0  18504  225  3417  0  3025  317  251  128  1392193  0  0  0  0  62.8968253968  
1441340698  0  504  317  32  17  7155015  209  3025  3000  280523952  234  0  3833  3850  17  0  3417  354  0  29825  225  3417  0  3025  317  251  128  2821299  0  0  0  0  62.8968253968  
1441340698  0  504  317  32  17  7155015  209  3025  3000  280523952  234  0  3833  3850  17  0  3417  354  0  29825  225  3417  0  3025  317  251  128  0  0  0  0  0  62.8968253968  
1441340699  0  586  398  32  17  7063802  208  2981  2956  292068031  234  0  3870  3887  17  0  3417  354  0  57605  223  3417  0  2981  398  251  128  11544079  81  82  37  37  67.9180887372  
1441340699  0  586  398  32  17  7063802  208  2981  2956  292068031  234  0  3870  3887  17  0  3417  354  0  57605  223  3417  0  2981  398  251  128  0  0  0  0  0  67.9180887372  
1441340700  0  1037  401  32  17  7055546  208  2978  2953  299123323  234  0  3870  3887  17  0  3417  354  0  72678  223  3417  0  2978  401  252  128  7055292  3  451  0  0  38.6692381871  
1441340700  0  2477  401  252  18  8795543  220  3902  3657  517028570  234  0  4794  4812  18  0  3902  354  0  78020  225  3902  0  3902  401  252  128  217905247  0  1440  924  925  16.1889382317  
1441340701  0  4260  401  429  18  8795543  225  4079  3657  580940565  234  0  4971  4989  18  0  4079  354  0  83894  226  4079  0  4079  401  253  128  63911995  0  1783  177  177  9.41314553991  
1441340701  0  4260  401  429  18  8795543  225  4079  3657  580940565  234  0  4971  4989  18  0  4079  354  0  83894  226  4079  0  4079  401  253  128  0  0  0  0  0  9.41314553991  
1441340702  0  6628  411  501  18  8858389  231  4164  3676  623700799  234  0  5066  5084  18  0  4164  354  0  87663  227  4164  0  4164  411  254  128  42760234  10  2368  95  95  6.20096560048  
1441340702  0  10648  411  666  18  8858389  246  4329  3676  691640963  246  0  5231  5249  18  0  4329  354  0  94242  229  4329  0  4329  411  254  128  67940164  0  4020  165  165  3.85987978963  
1441340703  0  13624  411  978  19  8858389  264  4641  3676  791131625  264  0  5543  5562  19  0  4641  354  0  101538  230  4641  0  4641  411  257  128  99490662  0  2976  312  313  3.01673517322  
1441340703  0  15903  411  1167  19  8858389  271  4830  3676  851551128  271  0  5732  5751  19  0  4830  354  0  106971  230  4830  0  4830  411  260  128  60419503  0  2279  189  189  2.58441803433  
1441340704  0  19647  411  1444  19  8858389  290  5107  3676  944599369  290  0  6009  6028  19  0  5107  354  0  112985  231  5107  0  5107  411  260  128  93048241  0  3744  277  277  2.09192243091  
1441340704  0  22625  421  1515  19  8837815  293  5168  3666  977283660  294  0  6080  6099  19  0  5178  354  0  116808  230  5178  0  5168  421  266  128  32684291  10  2978  71  71  1.86077348066  
1441340705  0  22625  421  1515  19  8837815  293  5168  3666  977283660  294  0  6080  6099  19  0  5178  354  0  116808  230  5178  0  5168  421  266  128  0  0  0  0  0  1.86077348066  
1441340705  0  26245  421  2128  20  8931246  322  5826  3711  1180427917  322  0  6738  6758  20  0  5826  354  0  123265  235  5826  0  5826  421  268  128  203144257  0  3620  658  659  1.60411506954  
1441340706  0  29208  649  3885  20  8931246  335  7355  3711  1635662717  335  0  8495  8515  20  0  7355  354  0  133150  234  7355  0  7355  649  274  128  455234800  228  2963  1757  1757  2.22199397425  
1441340706  0  31182  974  3885  20  8931246  315  6978  3711  1643822057  335  0  8495  8515  20  0  7355  354  0  135444  232  7355  0  6978  974  280  129  8159340  325  1974  0  0  3.12359694696  
1441340707  0  33041  974  6603  20  8936167  364  9714  3729  2248208107  364  0  11231  11251  20  0  9714  354  0  137917  235  9714  0  9714  974  280  129  604386050  0  1859  2736  2736  2.9478526679  
1441340707  0  35247  974  10077  20  8936167  411  13188  3729  2912565772  411  0  14705  14725  20  0  13188  354  0  139347  235  13188  0  13188  974  280  129  664357665  0  2206  3474  3474  2.76335574659  
1441340708  0  37469  974  13243  20  8937315  459  16395  3770  3463252881  459  0  17912  17932  20  0  16395  354  0  140329  237  16395  0  16395  974  280  129  550687109  0  2222  3207  3207  2.59948223865  
1441340708  0  37469  974  13243  20  8937315  459  16395  3770  3463252881  459  0  17912  17932  20  0  16395  354  0  140329  237  16395  0  16395  974  280  129  0  0  0  0  0  2.59948223865  
1441340709  0  39081  974  15104  20  8937315  471  17936  3770  3849245234  471  0  19773  19793  20  0  17936  354  0  143365  236  17936  0  17936  974  284  130  385992353  0  1612  1861  1861  2.49225966582  
1441340709  0  40760  974  17306  20  8959718  427  15433  3939  4253760593  499  0  22145  22165  20  0  19258  354  0  147144  236  19258  0  15433  974  287  132  404515359  0  1679  2372  2372  2.38959764475  
1441340710  0  42472  974  18186  20  8960082  442  16326  3952  4527164889  499  0  23038  23058  20  0  19258  354  0  150244  237  19258  0  16326  974  289  132  273404296  0  1712  893  893  2.29327556979  
1441340710  0  44528  974  20143  20  8966533  499  18436  4105  5080806632  499  0  25148  25168  20  0  19258  354  0  153770  240  19258  0  18436  974  289  132  553641743  0  2056  2110  2110  2.1873877111  
1441340712  0  46059  974  21792  20  8983042  550  20452  4472  5504717916  550  0  27164  27184  20  0  20452  354  0  159629  240  20452  0  20452  974  291  132  423911284  0  1531  2016  2016  2.11467899868  
1441340713  0  49540  1299  25620  20  9020842  621  25077  5822  6713928941  621  0  32342  32362  20  0  25077  354  0  168558  241  25077  0  25077  1299  297  133  1209211025  325  3481  5178  5178  2.62212353654  
1441340713  0  51914  1687  27004  20  9028085  626  26626  5987  7199732339  626  0  34279  34299  20  0  26626  354  0  172247  242  26626  0  26626  1687  301  133  485803398  388  2374  1937  1937  3.24960511615  
1441340714  0  54474  1687  28274  20  9031613  658  28022  6113  7552337802  658  0  35675  35695  20  0  28022  354  0  175600  245  28022  0  28022  1687  301  133  352605463  0  2560  1396  1396  3.09689025957  
1441340714  0  57162  1687  29404  20  9045577  688  29528  6489  7861934449  688  0  37181  37201  20  0  29528  354  0  178883  246  29528  0  29528  1687  302  133  309596647  0  2688  1506  1506  2.95126132746  
1441340715  0  57162  1687  29404  20  9045577  688  29528  6489  7861934449  688  0  37181  37201  20  0  29528  354  0  178883  246  29528  0  29528  1687  302  133  0  0  0  0  0  2.95126132746  
1441340715  0  60327  1687  30206  20  9045773  705  30337  6496  8124606234  705  0  37990  38010  20  0  30337  354  0  181961  247  30337  0  30337  1687  302  133  262671785  0  3165  809  809  2.79642614418  
1441340716  0  62914  1712  30932  20  8984941  722  31072  6505  8356015104  722  0  38874  38894  20  0  31072  354  0  186751  245  31072  0  31072  1712  308  134  231408870  25  2587  884  884  2.72117493722  
1441340716  0  65602  1712  32056  20  8989785  747  32369  6678  8662285016  747  0  40171  40191  20  0  32369  354  0  192011  246  32369  0  32369  1712  308  134  306269912  0  2688  1297  1297  2.60967653425  
1441340717  0  69914  2339  33897  20  8999294  791  33794  6889  9124361072  791  0  42223  42243  20  0  33834  354  0  196487  250  33834  0  33794  2339  310  134  462076056  627  4312  2052  2052  3.34553880482  
1441340717  0  71482  2339  34356  20  9013956  816  34698  7334  9306293358  816  0  43127  43147  20  0  34698  354  0  199067  250  34698  0  34698  2339  310  134  181932286  0  1568  904  904  3.27215242998  
1441340718  0  81733  9837  38912  20  9085188  833  34300  9878  9980910376  856  0  50227  50247  20  0  35957  354  0  204756  251  35957  0  34300  9837  316  134  674617018  7498  10251  7100  7100  12.0355303243  
1441340718  0  81733  9837  38912  20  9085188  833  34300  9878  9980910376  856  0  50227  50247  20  0  35957  354  0  204756  251  35957  0  34300  9837  316  134  0  0  0  0  0  12.0355303243  
1441340719  0  89588  13884  44139  20  9167839  887  39070  10701  10858901176  890  0  59044  59064  20  0  39111  354  0  206338  250  39111  0  39070  13884  318  134  877990800  4047  7855  8817  8817  15.4976112872  
1441340719  0  95694  16211  50984  21  9239527  997  46194  13306  11822776017  997  0  68495  68516  21  0  46194  354  0  206544  250  46194  0  46194  16211  321  134  963874841  2327  6106  9451  9452  16.940456037  
1441340720  0  99396  16211  55072  21  9247787  1075  50577  13601  12524734876  1075  0  72878  72899  21  0  50577  354  0  208408  252  50577  0  50577  16211  321  134  701958859  0  3702  4383  4383  16.309509437  
1441340720  0  101693  16211  55759  21  9254087  1091  51489  13826  12625249317  1091  0  73790  73811  21  0  51489  354  0  211442  252  51489  0  51489  16211  325  134  100514441  0  2297  912  912  15.941116891  
1441340721  0  104718  16371  57381  21  9282087  1132  54111  14826  13076696996  1133  0  76572  76593  21  0  54126  354  0  215545  251  54126  0  54111  16371  326  134  451447679  160  3025  2782  2782  15.6334154587  
1441340721  0  107661  16769  57605  21  9350505  1176  56625  17116  13219221803  1176  0  79485  79506  21  0  56626  354  1  218600  251  56626  0  56625  16769  326  134  142524807  398  2943  2913  2913  15.5757423765  
1441340722  0  107661  16769  57605  21  9350505  1176  56625  17116  13219221803  1176  0  79485  79506  21  0  56626  354  1  218600  251  56626  0  56625  16769  326  134  0  0  0  0  0  15.5757423765  
1441340722  0  107926  16858  57669  21  9148906  1177  56613  17040  13251991710  1178  0  79562  79583  21  0  56702  354  1  218801  250  56702  0  56613  16858  326  134  32769907  89  265  77  77  15.6199618257  
1441340723  0  108344  16860  57669  21  9147985  1174  56613  17040  13252823361  1178  0  79564  79585  21  0  56702  354  1  219344  249  56702  0  56613  16860  326  134  831651  2  418  2  2  15.5615447094  
