#Type:X;CI:3;ww:0;ca:0;co:0;fr:0;Type:X;CI:3;PI:0;PT:EP;U0:0;U1:0;
#time  Pp  gt  gs  cn  cm  cb  Nc  Pc  cp  Tc  Nm  pr  ps  pt  px  pd  Pm  Om  fs  ft  Oc  Em  Gp  Ec  Ge  ot  os  Total_cycles_diff  Successful_get_diff  Total_get_diff  succ_put_diff  total_put_diff  get_hit  
1441618713  0  0  0  0  0  0  0  0  0  0  0  0  0  0  0  0  0  0  0  0  0  0  0  0  0  0  0  0  0  0  0  0  
1441618714  0  0  0  0  0  0  0  0  0  226996  0  0  0  0  0  0  0  0  0  0  0  0  0  0  0  0  0  226996  0  0  0  0  0 
1441618714  0  0  0  0  0  0  0  0  0  226996  0  0  0  0  0  0  0  0  0  0  0  0  0  0  0  0  0  0  0  0  0  0  0 
1441618715  0  0  0  0  0  0  0  0  0  684675  0  0  0  0  0  0  0  0  0  0  0  0  0  0  0  0  0  457679  0  0  0  0  0 
1441618715  0  0  0  0  0  0  0  0  0  1055783  0  0  0  0  0  0  0  0  0  0  0  0  0  0  0  0  0  371108  0  0  0  0  0 
1441618716  0  0  0  0  0  0  0  0  0  1300295  0  0  0  0  0  0  0  0  0  0  0  0  0  0  0  0  0  244512  0  0  0  0  0 
1441618716  0  0  0  0  0  0  0  0  0  1591835  0  0  0  0  0  0  0  0  0  0  0  0  0  0  0  0  0  291540  0  0  0  0  0 
1441618717  0  0  0  0  0  0  0  0  0  1738978  0  0  0  0  0  0  0  0  0  4  0  0  0  0  0  13  0  147143  0  0  0  0  0 
1441618717  0  0  0  0  0  0  0  0  0  2263582  0  0  0  0  0  0  0  0  0  13  0  0  0  0  0  39  0  524604  0  0  0  0  0 
1441618718  0  0  0  0  0  0  0  0  0  2263582  0  0  0  0  0  0  0  0  0  13  0  0  0  0  0  39  0  0  0  0  0  0  0 
1441618718  0  0  0  0  0  0  0  0  0  2835940  0  0  0  0  0  0  0  0  0  20  0  0  0  0  0  44  0  572358  0  0  0  0  0 
1441618719  0  0  0  0  0  0  0  0  0  3335612  0  0  0  0  0  0  0  0  0  21  0  0  0  0  0  46  0  499672  0  0  0  0  0 
1441618719  0  0  0  0  0  0  0  0  0  3463780  0  0  0  0  0  0  0  0  0  21  0  0  0  0  0  46  0  128168  0  0  0  0  0 
1441618720  0  0  0  0  0  0  0  0  0  3535497  0  0  0  0  0  0  0  0  0  21  0  0  0  0  0  46  0  71717  0  0  0  0  0 
1441618720  0  0  0  0  0  0  0  0  0  3535497  0  0  0  0  0  0  0  0  0  21  0  0  0  0  0  46  0  0  0  0  0  0  0 
1441618721  0  0  0  0  0  0  0  0  0  3535497  0  0  0  0  0  0  0  0  0  21  0  0  0  0  0  46  0  0  0  0  0  0  0 
1441618721  0  0  0  0  0  0  0  0  0  3535497  0  0  0  0  0  0  0  0  0  21  0  0  0  0  0  46  0  0  0  0  0  0  0 
1441618722  0  0  0  0  0  0  0  0  0  3535497  0  0  0  0  0  0  0  0  0  21  0  0  0  0  0  46  0  0  0  0  0  0  0 
1441618722  0  0  0  0  0  0  0  0  0  3535497  0  0  0  0  0  0  0  0  0  21  0  0  0  0  0  46  0  0  0  0  0  0  0 
1441618723  0  0  0  0  0  0  0  0  0  3535497  0  0  0  0  0  0  0  0  0  21  0  0  0  0  0  46  0  0  0  0  0  0  0 
1441618723  0  0  0  0  0  0  0  0  0  3535497  0  0  0  0  0  0  0  0  0  21  0  0  0  0  0  46  0  0  0  0  0  0  0 
1441618724  0  0  0  0  0  0  0  0  0  3535497  0  0  0  0  0  0  0  0  0  21  0  0  0  0  0  46  0  0  0  0  0  0  0 
1441618724  0  0  0  0  0  0  0  0  0  3535497  0  0  0  0  0  0  0  0  0  21  0  0  0  0  0  46  0  0  0  0  0  0  0 
1441618725  0  0  0  0  0  0  0  0  0  3535497  0  0  0  0  0  0  0  0  0  21  0  0  0  0  0  46  0  0  0  0  0  0  0 
1441618725  0  0  0  0  0  0  0  0  0  3535497  0  0  0  0  0  0  0  0  0  21  0  0  0  0  0  46  0  0  0  0  0  0  0 
1441618726  0  0  0  0  0  0  0  0  0  3535497  0  0  0  0  0  0  0  0  0  21  0  0  0  0  0  46  0  0  0  0  0  0  0 
1441618726  0  0  0  0  0  0  0  0  0  3535497  0  0  0  0  0  0  0  0  0  21  0  0  0  0  0  46  0  0  0  0  0  0  0 
1441618727  0  0  0  0  0  0  0  0  0  3535497  0  0  0  0  0  0  0  0  0  21  0  0  0  0  0  46  0  0  0  0  0  0  0 
1441618727  0  0  0  0  0  0  0  0  0  3535497  0  0  0  0  0  0  0  0  0  21  0  0  0  0  0  46  0  0  0  0  0  0  0 
1441618728  0  0  0  0  0  0  0  0  0  3535497  0  0  0  0  0  0  0  0  0  21  0  0  0  0  0  46  0  0  0  0  0  0  0 
1441618728  0  0  0  0  0  0  0  0  0  3535497  0  0  0  0  0  0  0  0  0  21  0  0  0  0  0  46  0  0  0  0  0  0  0 
1441618729  0  0  0  0  0  0  0  0  0  3535497  0  0  0  0  0  0  0  0  0  21  0  0  0  0  0  46  0  0  0  0  0  0  0 
1441618729  0  0  0  0  0  0  0  0  0  3535497  0  0  0  0  0  0  0  0  0  21  0  0  0  0  0  46  0  0  0  0  0  0  0 
1441618730  0  0  0  0  0  0  0  0  0  3535497  0  0  0  0  0  0  0  0  0  21  0  0  0  0  0  46  0  0  0  0  0  0  0 
1441618730  0  0  0  0  0  0  0  0  0  3535497  0  0  0  0  0  0  0  0  0  21  0  0  0  0  0  46  0  0  0  0  0  0  0 
1441618731  0  0  0  0  0  0  0  0  0  3535497  0  0  0  0  0  0  0  0  0  21  0  0  0  0  0  46  0  0  0  0  0  0  0 
1441618731  0  0  0  0  0  0  0  0  0  3535497  0  0  0  0  0  0  0  0  0  21  0  0  0  0  0  46  0  0  0  0  0  0  0 
1441618732  0  0  0  0  0  0  0  0  0  3535497  0  0  0  0  0  0  0  0  0  21  0  0  0  0  0  46  0  0  0  0  0  0  0 
1441618732  0  0  0  0  0  0  0  0  0  3535497  0  0  0  0  0  0  0  0  0  21  0  0  0  0  0  46  0  0  0  0  0  0  0 
1441618733  0  0  0  0  0  0  0  0  0  3535497  0  0  0  0  0  0  0  0  0  21  0  0  0  0  0  46  0  0  0  0  0  0  0 
1441618733  0  0  0  0  0  0  0  0  0  3535497  0  0  0  0  0  0  0  0  0  21  0  0  0  0  0  46  0  0  0  0  0  0  0 
1441618734  0  0  0  0  0  0  0  0  0  3535497  0  0  0  0  0  0  0  0  0  21  0  0  0  0  0  46  0  0  0  0  0  0  0 
1441618734  0  0  0  0  0  0  0  0  0  3535497  0  0  0  0  0  0  0  0  0  21  0  0  0  0  0  46  0  0  0  0  0  0  0 
1441618735  0  0  0  0  0  0  0  0  0  3535497  0  0  0  0  0  0  0  0  0  21  0  0  0  0  0  46  0  0  0  0  0  0  0 
1441618735  0  0  0  0  0  0  0  0  0  3535497  0  0  0  0  0  0  0  0  0  21  0  0  0  0  0  46  0  0  0  0  0  0  0 
1441618736  0  0  0  0  0  0  0  0  0  3535497  0  0  0  0  0  0  0  0  0  21  0  0  0  0  0  46  0  0  0  0  0  0  0 
1441618736  0  0  0  0  0  0  0  0  0  3535497  0  0  0  0  0  0  0  0  0  21  0  0  0  0  0  46  0  0  0  0  0  0  0 
1441618737  0  0  0  0  0  0  0  0  0  3535497  0  0  0  0  0  0  0  0  0  21  0  0  0  0  0  46  0  0  0  0  0  0  0 
1441618737  0  0  0  0  0  0  0  0  0  3535497  0  0  0  0  0  0  0  0  0  21  0  0  0  0  0  46  0  0  0  0  0  0  0 
1441618738  0  0  0  0  0  0  0  0  0  3535497  0  0  0  0  0  0  0  0  0  21  0  0  0  0  0  46  0  0  0  0  0  0  0 
1441618738  0  0  0  0  0  0  0  0  0  3535497  0  0  0  0  0  0  0  0  0  21  0  0  0  0  0  46  0  0  0  0  0  0  0 
1441618739  0  0  0  0  0  0  0  0  0  3535497  0  0  0  0  0  0  0  0  0  21  0  0  0  0  0  46  0  0  0  0  0  0  0 
1441618739  0  0  0  0  0  0  0  0  0  3535497  0  0  0  0  0  0  0  0  0  21  0  0  0  0  0  46  0  0  0  0  0  0  0 
1441618740  0  0  0  0  0  0  0  0  0  3535497  0  0  0  0  0  0  0  0  0  21  0  0  0  0  0  46  0  0  0  0  0  0  0 
1441618740  0  0  0  0  0  0  0  0  0  3535497  0  0  0  0  0  0  0  0  0  21  0  0  0  0  0  46  0  0  0  0  0  0  0 
1441618741  0  0  0  0  0  0  0  0  0  3535497  0  0  0  0  0  0  0  0  0  21  0  0  0  0  0  46  0  0  0  0  0  0  0 
1441618741  0  0  0  0  0  0  0  0  0  3535497  0  0  0  0  0  0  0  0  0  21  0  0  0  0  0  46  0  0  0  0  0  0  0 
1441618742  0  0  0  0  0  0  0  0  0  3535497  0  0  0  0  0  0  0  0  0  21  0  0  0  0  0  46  0  0  0  0  0  0  0 
1441618742  0  0  0  0  0  0  0  0  0  3535497  0  0  0  0  0  0  0  0  0  21  0  0  0  0  0  46  0  0  0  0  0  0  0 
1441618743  0  0  0  0  0  0  0  0  0  3535497  0  0  0  0  0  0  0  0  0  21  0  0  0  0  0  46  0  0  0  0  0  0  0 
1441618743  0  0  0  0  0  0  0  0  0  3535497  0  0  0  0  0  0  0  0  0  21  0  0  0  0  0  46  0  0  0  0  0  0  0 
1441618744  0  0  0  0  0  0  0  0  0  3535497  0  0  0  0  0  0  0  0  0  21  0  0  0  0  0  46  0  0  0  0  0  0  0 
1441618744  0  0  0  0  0  0  0  0  0  3535497  0  0  0  0  0  0  0  0  0  21  0  0  0  0  0  46  0  0  0  0  0  0  0 
1441618745  0  0  0  0  0  0  0  0  0  3535497  0  0  0  0  0  0  0  0  0  21  0  0  0  0  0  46  0  0  0  0  0  0  0 
1441618745  0  0  0  0  0  0  0  0  0  3535497  0  0  0  0  0  0  0  0  0  21  0  0  0  0  0  46  0  0  0  0  0  0  0 
1441618746  0  0  0  0  0  0  0  0  0  3535497  0  0  0  0  0  0  0  0  0  21  0  0  0  0  0  46  0  0  0  0  0  0  0 
1441618746  0  0  0  0  0  0  0  0  0  3535497  0  0  0  0  0  0  0  0  0  21  0  0  0  0  0  46  0  0  0  0  0  0  0 
1441618747  0  0  0  0  0  0  0  0  0  3535497  0  0  0  0  0  0  0  0  0  21  0  0  0  0  0  46  0  0  0  0  0  0  0 
1441618747  0  0  0  0  0  0  0  0  0  3535497  0  0  0  0  0  0  0  0  0  21  0  0  0  0  0  46  0  0  0  0  0  0  0 
1441618748  0  0  0  0  0  0  0  0  0  3535497  0  0  0  0  0  0  0  0  0  21  0  0  0  0  0  46  0  0  0  0  0  0  0 
1441618748  0  0  0  0  0  0  0  0  0  3535497  0  0  0  0  0  0  0  0  0  21  0  0  0  0  0  46  0  0  0  0  0  0  0 
1441618749  0  0  0  0  0  0  0  0  0  3535497  0  0  0  0  0  0  0  0  0  21  0  0  0  0  0  46  0  0  0  0  0  0  0 
1441618749  0  0  0  0  0  0  0  0  0  3535497  0  0  0  0  0  0  0  0  0  21  0  0  0  0  0  46  0  0  0  0  0  0  0 
1441618750  0  0  0  0  0  0  0  0  0  3535497  0  0  0  0  0  0  0  0  0  21  0  0  0  0  0  46  0  0  0  0  0  0  0 
1441618750  0  0  0  0  0  0  0  0  0  3535497  0  0  0  0  0  0  0  0  0  21  0  0  0  0  0  46  0  0  0  0  0  0  0 
1441618751  0  0  0  0  0  0  0  0  0  3535497  0  0  0  0  0  0  0  0  0  21  0  0  0  0  0  46  0  0  0  0  0  0  0 
1441618751  0  0  0  0  0  0  0  0  0  3535497  0  0  0  0  0  0  0  0  0  21  0  0  0  0  0  46  0  0  0  0  0  0  0 
1441618752  0  0  0  0  0  0  0  0  0  3535497  0  0  0  0  0  0  0  0  0  21  0  0  0  0  0  46  0  0  0  0  0  0  0 
1441618752  0  0  0  0  0  0  0  0  0  3535497  0  0  0  0  0  0  0  0  0  21  0  0  0  0  0  46  0  0  0  0  0  0  0 
1441618753  0  0  0  0  0  0  0  0  0  3535497  0  0  0  0  0  0  0  0  0  21  0  0  0  0  0  46  0  0  0  0  0  0  0 
1441618753  0  0  0  0  0  0  0  0  0  3535497  0  0  0  0  0  0  0  0  0  21  0  0  0  0  0  46  0  0  0  0  0  0  0 
1441618754  0  0  0  0  0  0  0  0  0  3535497  0  0  0  0  0  0  0  0  0  21  0  0  0  0  0  46  0  0  0  0  0  0  0 
1441618754  0  0  0  0  0  0  0  0  0  3535497  0  0  0  0  0  0  0  0  0  21  0  0  0  0  0  46  0  0  0  0  0  0  0 
1441618755  0  0  0  0  0  0  0  0  0  3535497  0  0  0  0  0  0  0  0  0  21  0  0  0  0  0  46  0  0  0  0  0  0  0 
1441618756  0  0  0  0  0  0  0  0  0  3535497  0  0  0  0  0  0  0  0  0  21  0  0  0  0  0  46  0  0  0  0  0  0  0 
1441618756  0  0  0  0  0  0  0  0  0  3535497  0  0  0  0  0  0  0  0  0  21  0  0  0  0  0  46  0  0  0  0  0  0  0 
1441618757  0  0  0  0  0  0  0  0  0  3535497  0  0  0  0  0  0  0  0  0  21  0  0  0  0  0  46  0  0  0  0  0  0  0 
1441618757  0  0  0  0  0  0  0  0  0  3535497  0  0  0  0  0  0  0  0  0  21  0  0  0  0  0  46  0  0  0  0  0  0  0 
1441618758  0  0  0  0  0  0  0  0  0  3535497  0  0  0  0  0  0  0  0  0  21  0  0  0  0  0  46  0  0  0  0  0  0  0 
1441618758  0  0  0  0  0  0  0  0  0  3535497  0  0  0  0  0  0  0  0  0  21  0  0  0  0  0  46  0  0  0  0  0  0  0 
1441618759  0  0  0  0  0  0  0  0  0  3535497  0  0  0  0  0  0  0  0  0  21  0  0  0  0  0  46  0  0  0  0  0  0  0 
1441618759  0  0  0  0  0  0  0  0  0  3535497  0  0  0  0  0  0  0  0  0  21  0  0  0  0  0  46  0  0  0  0  0  0  0 
1441618760  0  0  0  0  0  0  0  0  0  3535497  0  0  0  0  0  0  0  0  0  21  0  0  0  0  0  46  0  0  0  0  0  0  0 
1441618760  0  0  0  0  0  0  0  0  0  3535497  0  0  0  0  0  0  0  0  0  21  0  0  0  0  0  46  0  0  0  0  0  0  0 
1441618761  0  0  0  0  0  0  0  0  0  3535497  0  0  0  0  0  0  0  0  0  21  0  0  0  0  0  46  0  0  0  0  0  0  0 
1441618761  0  0  0  0  0  0  0  0  0  3535497  0  0  0  0  0  0  0  0  0  21  0  0  0  0  0  46  0  0  0  0  0  0  0 
1441618762  0  0  0  0  0  0  0  0  0  3535497  0  0  0  0  0  0  0  0  0  21  0  0  0  0  0  46  0  0  0  0  0  0  0 
1441618762  0  0  0  0  0  0  0  0  0  3535497  0  0  0  0  0  0  0  0  0  21  0  0  0  0  0  46  0  0  0  0  0  0  0 
1441618763  0  0  0  0  0  0  0  0  0  3535497  0  0  0  0  0  0  0  0  0  21  0  0  0  0  0  46  0  0  0  0  0  0  0 
1441618763  0  0  0  0  0  0  0  0  0  3535497  0  0  0  0  0  0  0  0  0  21  0  0  0  0  0  46  0  0  0  0  0  0  0 
1441618764  0  0  0  0  0  0  0  0  0  3535497  0  0  0  0  0  0  0  0  0  21  0  0  0  0  0  46  0  0  0  0  0  0  0 
1441618764  0  0  0  0  0  0  0  0  0  3535497  0  0  0  0  0  0  0  0  0  21  0  0  0  0  0  46  0  0  0  0  0  0  0 
1441618765  0  0  0  0  0  0  0  0  0  3535497  0  0  0  0  0  0  0  0  0  21  0  0  0  0  0  46  0  0  0  0  0  0  0 
1441618765  0  0  0  0  0  0  0  0  0  3535497  0  0  0  0  0  0  0  0  0  21  0  0  0  0  0  46  0  0  0  0  0  0  0 
1441618766  0  0  0  0  0  0  0  0  0  3535497  0  0  0  0  0  0  0  0  0  21  0  0  0  0  0  46  0  0  0  0  0  0  0 
1441618766  0  0  0  0  0  0  0  0  0  3535497  0  0  0  0  0  0  0  0  0  21  0  0  0  0  0  46  0  0  0  0  0  0  0 
1441618767  0  0  0  0  0  0  0  0  0  3535497  0  0  0  0  0  0  0  0  0  21  0  0  0  0  0  46  0  0  0  0  0  0  0 
1441618767  0  0  0  0  0  0  0  0  0  3535497  0  0  0  0  0  0  0  0  0  21  0  0  0  0  0  46  0  0  0  0  0  0  0 
1441618768  0  0  0  0  0  0  0  0  0  3535497  0  0  0  0  0  0  0  0  0  21  0  0  0  0  0  46  0  0  0  0  0  0  0 
1441618768  0  0  0  0  0  0  0  0  0  3535497  0  0  0  0  0  0  0  0  0  21  0  0  0  0  0  46  0  0  0  0  0  0  0 
1441618769  0  0  0  0  0  0  0  0  0  3535497  0  0  0  0  0  0  0  0  0  21  0  0  0  0  0  46  0  0  0  0  0  0  0 
1441618769  0  0  0  0  0  0  0  0  0  3535497  0  0  0  0  0  0  0  0  0  21  0  0  0  0  0  46  0  0  0  0  0  0  0 
1441618770  0  0  0  0  0  0  0  0  0  3535497  0  0  0  0  0  0  0  0  0  21  0  0  0  0  0  46  0  0  0  0  0  0  0 
1441618770  0  0  0  0  0  0  0  0  0  3535497  0  0  0  0  0  0  0  0  0  21  0  0  0  0  0  46  0  0  0  0  0  0  0 
1441618771  0  0  0  0  0  0  0  0  0  3535497  0  0  0  0  0  0  0  0  0  21  0  0  0  0  0  46  0  0  0  0  0  0  0 
1441618771  0  0  0  0  0  0  0  0  0  3535497  0  0  0  0  0  0  0  0  0  21  0  0  0  0  0  46  0  0  0  0  0  0  0 
1441618772  0  0  0  0  0  0  0  0  0  3535497  0  0  0  0  0  0  0  0  0  21  0  0  0  0  0  46  0  0  0  0  0  0  0 
1441618772  0  0  0  0  0  0  0  0  0  3535497  0  0  0  0  0  0  0  0  0  21  0  0  0  0  0  46  0  0  0  0  0  0  0 
1441618773  0  0  0  0  0  0  0  0  0  3535497  0  0  0  0  0  0  0  0  0  21  0  0  0  0  0  46  0  0  0  0  0  0  0 
1441618773  0  0  0  0  0  0  0  0  0  3535497  0  0  0  0  0  0  0  0  0  21  0  0  0  0  0  46  0  0  0  0  0  0  0 
1441618774  0  0  0  0  0  0  0  0  0  3542634  0  0  0  0  0  0  0  0  0  21  0  0  0  0  0  47  0  7137  0  0  0  0  0 
1441618774  0  0  0  0  0  0  0  0  0  3542634  0  0  0  0  0  0  0  0  0  21  0  0  0  0  0  47  0  0  0  0  0  0  0 
1441618775  0  0  0  0  0  0  0  0  0  3542634  0  0  0  0  0  0  0  0  0  21  0  0  0  0  0  47  0  0  0  0  0  0  0 
1441618775  0  0  0  0  0  0  0  0  0  3542634  0  0  0  0  0  0  0  0  0  21  0  0  0  0  0  47  0  0  0  0  0  0  0 
1441618776  0  0  0  0  0  0  0  0  0  3542634  0  0  0  0  0  0  0  0  0  21  0  0  0  0  0  47  0  0  0  0  0  0  0 
1441618776  0  0  0  0  0  0  0  0  0  3542634  0  0  0  0  0  0  0  0  0  21  0  0  0  0  0  47  0  0  0  0  0  0  0 
1441618777  0  0  0  0  0  0  0  0  0  3542634  0  0  0  0  0  0  0  0  0  21  0  0  0  0  0  47  0  0  0  0  0  0  0 
1441618777  0  0  0  0  0  0  0  0  0  3542634  0  0  0  0  0  0  0  0  0  21  0  0  0  0  0  47  0  0  0  0  0  0  0 
1441618778  0  0  0  0  0  0  0  0  0  3542634  0  0  0  0  0  0  0  0  0  21  0  0  0  0  0  47  0  0  0  0  0  0  0 
1441618778  0  0  0  0  0  0  0  0  0  3542634  0  0  0  0  0  0  0  0  0  21  0  0  0  0  0  47  0  0  0  0  0  0  0 
1441618779  0  0  0  0  0  0  0  0  0  3542634  0  0  0  0  0  0  0  0  0  21  0  0  0  0  0  47  0  0  0  0  0  0  0 
1441618779  0  0  0  0  0  0  0  0  0  3542634  0  0  0  0  0  0  0  0  0  21  0  0  0  0  0  47  0  0  0  0  0  0  0 
1441618780  0  0  0  0  0  0  0  0  0  3542634  0  0  0  0  0  0  0  0  0  21  0  0  0  0  0  47  0  0  0  0  0  0  0 
1441618780  0  0  0  0  0  0  0  0  0  3542634  0  0  0  0  0  0  0  0  0  21  0  0  0  0  0  47  0  0  0  0  0  0  0 
1441618781  0  0  0  0  0  0  0  0  0  3542634  0  0  0  0  0  0  0  0  0  21  0  0  0  0  0  47  0  0  0  0  0  0  0 
1441618781  0  0  0  0  0  0  0  0  0  3542634  0  0  0  0  0  0  0  0  0  21  0  0  0  0  0  47  0  0  0  0  0  0  0 
1441618782  0  0  0  0  0  0  0  0  0  3542634  0  0  0  0  0  0  0  0  0  21  0  0  0  0  0  47  0  0  0  0  0  0  0 
1441618782  0  0  0  0  0  0  0  0  0  3542634  0  0  0  0  0  0  0  0  0  21  0  0  0  0  0  47  0  0  0  0  0  0  0 
1441618783  0  0  0  0  0  0  0  0  0  3542634  0  0  0  0  0  0  0  0  0  21  0  0  0  0  0  47  0  0  0  0  0  0  0 
1441618783  0  0  0  0  0  0  0  0  0  3542634  0  0  0  0  0  0  0  0  0  21  0  0  0  0  0  47  0  0  0  0  0  0  0 
1441618784  0  0  0  0  0  0  0  0  0  3545178  0  0  0  0  0  0  0  0  0  21  0  0  0  0  0  48  0  2544  0  0  0  0  0 
1441618784  0  0  0  0  0  0  0  0  0  3545178  0  0  0  0  0  0  0  0  0  21  0  0  0  0  0  48  0  0  0  0  0  0  0 
1441618785  0  0  0  0  0  0  0  0  0  3545178  0  0  0  0  0  0  0  0  0  21  0  0  0  0  0  48  0  0  0  0  0  0  0 
1441618785  0  0  0  0  0  0  0  0  0  3545178  0  0  0  0  0  0  0  0  0  21  0  0  0  0  0  48  0  0  0  0  0  0  0 
1441618786  0  0  0  0  0  0  0  0  0  3545178  0  0  0  0  0  0  0  0  0  21  0  0  0  0  0  48  0  0  0  0  0  0  0 
1441618786  0  0  0  0  0  0  0  0  0  3545178  0  0  0  0  0  0  0  0  0  21  0  0  0  0  0  48  0  0  0  0  0  0  0 
1441618787  0  0  0  0  0  0  0  0  0  3545178  0  0  0  0  0  0  0  0  0  21  0  0  0  0  0  48  0  0  0  0  0  0  0 
1441618787  0  0  0  0  0  0  0  0  0  3545178  0  0  0  0  0  0  0  0  0  21  0  0  0  0  0  48  0  0  0  0  0  0  0 
1441618788  0  0  0  0  0  0  0  0  0  3545178  0  0  0  0  0  0  0  0  0  21  0  0  0  0  0  48  0  0  0  0  0  0  0 
1441618788  0  0  0  0  0  0  0  0  0  3545178  0  0  0  0  0  0  0  0  0  21  0  0  0  0  0  48  0  0  0  0  0  0  0 
1441618789  0  0  0  0  0  0  0  0  0  3545178  0  0  0  0  0  0  0  0  0  21  0  0  0  0  0  48  0  0  0  0  0  0  0 
1441618789  0  0  0  0  0  0  0  0  0  3545178  0  0  0  0  0  0  0  0  0  21  0  0  0  0  0  48  0  0  0  0  0  0  0 
1441618790  0  0  0  0  0  0  0  0  0  3545178  0  0  0  0  0  0  0  0  0  21  0  0  0  0  0  48  0  0  0  0  0  0  0 
1441618790  0  0  0  0  0  0  0  0  0  3545178  0  0  0  0  0  0  0  0  0  21  0  0  0  0  0  48  0  0  0  0  0  0  0 
1441618791  0  0  0  0  0  0  0  0  0  3545178  0  0  0  0  0  0  0  0  0  21  0  0  0  0  0  48  0  0  0  0  0  0  0 
1441618791  0  0  0  0  0  0  0  0  0  3545178  0  0  0  0  0  0  0  0  0  21  0  0  0  0  0  48  0  0  0  0  0  0  0 
1441618792  0  0  0  0  0  0  0  0  0  3545178  0  0  0  0  0  0  0  0  0  21  0  0  0  0  0  48  0  0  0  0  0  0  0 
1441618792  0  0  0  0  0  0  0  0  0  3545178  0  0  0  0  0  0  0  0  0  21  0  0  0  0  0  48  0  0  0  0  0  0  0 
1441618793  0  0  0  0  0  0  0  0  0  3545178  0  0  0  0  0  0  0  0  0  21  0  0  0  0  0  48  0  0  0  0  0  0  0 
1441618793  0  0  0  0  0  0  0  0  0  3545178  0  0  0  0  0  0  0  0  0  21  0  0  0  0  0  48  0  0  0  0  0  0  0 
1441618794  0  0  0  0  0  0  0  0  0  3547936  0  0  0  0  0  0  0  0  0  21  0  0  0  0  0  49  0  2758  0  0  0  0  0 
1441618795  0  0  0  0  0  0  0  0  0  3547936  0  0  0  0  0  0  0  0  0  21  0  0  0  0  0  49  0  0  0  0  0  0  0 
1441618795  0  0  0  0  0  0  0  0  0  3547936  0  0  0  0  0  0  0  0  0  21  0  0  0  0  0  49  0  0  0  0  0  0  0 
1441618796  0  0  0  0  0  0  0  0  0  3547936  0  0  0  0  0  0  0  0  0  21  0  0  0  0  0  49  0  0  0  0  0  0  0 
1441618796  0  0  0  0  0  0  0  0  0  3547936  0  0  0  0  0  0  0  0  0  21  0  0  0  0  0  49  0  0  0  0  0  0  0 
1441618797  0  0  0  0  0  0  0  0  0  3547936  0  0  0  0  0  0  0  0  0  21  0  0  0  0  0  49  0  0  0  0  0  0  0 
1441618797  0  0  0  0  0  0  0  0  0  3547936  0  0  0  0  0  0  0  0  0  21  0  0  0  0  0  49  0  0  0  0  0  0  0 
1441618798  0  0  0  0  0  0  0  0  0  3547936  0  0  0  0  0  0  0  0  0  21  0  0  0  0  0  49  0  0  0  0  0  0  0 
1441618798  0  0  0  0  0  0  0  0  0  3547936  0  0  0  0  0  0  0  0  0  21  0  0  0  0  0  49  0  0  0  0  0  0  0 
1441618799  0  0  0  0  0  0  0  0  0  3547936  0  0  0  0  0  0  0  0  0  21  0  0  0  0  0  49  0  0  0  0  0  0  0 
1441618799  0  0  0  0  0  0  0  0  0  3547936  0  0  0  0  0  0  0  0  0  21  0  0  0  0  0  49  0  0  0  0  0  0  0 
1441618800  0  0  0  0  0  0  0  0  0  3547936  0  0  0  0  0  0  0  0  0  21  0  0  0  0  0  49  0  0  0  0  0  0  0 
1441618800  0  0  0  0  0  0  0  0  0  3547936  0  0  0  0  0  0  0  0  0  21  0  0  0  0  0  49  0  0  0  0  0  0  0 
1441618801  0  0  0  0  0  0  0  0  0  3547936  0  0  0  0  0  0  0  0  0  21  0  0  0  0  0  49  0  0  0  0  0  0  0 
1441618801  0  0  0  0  0  0  0  0  0  3547936  0  0  0  0  0  0  0  0  0  21  0  0  0  0  0  49  0  0  0  0  0  0  0 
1441618802  0  0  0  0  0  0  0  0  0  3547936  0  0  0  0  0  0  0  0  0  21  0  0  0  0  0  49  0  0  0  0  0  0  0 
1441618802  0  0  0  0  0  0  0  0  0  3547936  0  0  0  0  0  0  0  0  0  21  0  0  0  0  0  49  0  0  0  0  0  0  0 
1441618803  0  0  0  0  0  0  0  0  0  3547936  0  0  0  0  0  0  0  0  0  21  0  0  0  0  0  49  0  0  0  0  0  0  0 
1441618803  0  0  0  0  0  0  0  0  0  3547936  0  0  0  0  0  0  0  0  0  21  0  0  0  0  0  49  0  0  0  0  0  0  0 
1441618804  0  0  0  0  0  0  0  0  0  3547936  0  0  0  0  0  0  0  0  0  21  0  0  0  0  0  49  0  0  0  0  0  0  0 
1441618804  0  0  0  0  0  0  0  0  0  3550958  0  0  0  0  0  0  0  0  0  21  0  0  0  0  0  50  0  3022  0  0  0  0  0 
1441618805  0  0  0  0  0  0  0  0  0  3550958  0  0  0  0  0  0  0  0  0  21  0  0  0  0  0  50  0  0  0  0  0  0  0 
1441618805  0  0  0  0  0  0  0  0  0  3550958  0  0  0  0  0  0  0  0  0  21  0  0  0  0  0  50  0  0  0  0  0  0  0 
1441618806  0  0  0  0  0  0  0  0  0  3550958  0  0  0  0  0  0  0  0  0  21  0  0  0  0  0  50  0  0  0  0  0  0  0 
1441618806  0  0  0  0  0  0  0  0  0  3550958  0  0  0  0  0  0  0  0  0  21  0  0  0  0  0  50  0  0  0  0  0  0  0 
1441618807  0  0  0  0  0  0  0  0  0  3550958  0  0  0  0  0  0  0  0  0  21  0  0  0  0  0  50  0  0  0  0  0  0  0 
1441618807  0  0  0  0  0  0  0  0  0  3550958  0  0  0  0  0  0  0  0  0  21  0  0  0  0  0  50  0  0  0  0  0  0  0 
1441618808  0  0  0  0  0  0  0  0  0  3550958  0  0  0  0  0  0  0  0  0  21  0  0  0  0  0  50  0  0  0  0  0  0  0 
1441618808  0  0  0  0  0  0  0  0  0  3550958  0  0  0  0  0  0  0  0  0  21  0  0  0  0  0  50  0  0  0  0  0  0  0 
1441618809  0  0  0  0  0  0  0  0  0  3550958  0  0  0  0  0  0  0  0  0  21  0  0  0  0  0  50  0  0  0  0  0  0  0 
1441618809  0  0  0  0  0  0  0  0  0  3550958  0  0  0  0  0  0  0  0  0  21  0  0  0  0  0  50  0  0  0  0  0  0  0 
1441618810  0  0  0  0  0  0  0  0  0  3550958  0  0  0  0  0  0  0  0  0  21  0  0  0  0  0  50  0  0  0  0  0  0  0 
1441618810  0  0  0  0  0  0  0  0  0  3550958  0  0  0  0  0  0  0  0  0  21  0  0  0  0  0  50  0  0  0  0  0  0  0 
1441618811  0  0  0  0  0  0  0  0  0  3550958  0  0  0  0  0  0  0  0  0  21  0  0  0  0  0  50  0  0  0  0  0  0  0 
1441618811  0  0  0  0  0  0  0  0  0  3550958  0  0  0  0  0  0  0  0  0  21  0  0  0  0  0  50  0  0  0  0  0  0  0 
1441618812  0  0  0  0  0  0  0  0  0  3550958  0  0  0  0  0  0  0  0  0  21  0  0  0  0  0  50  0  0  0  0  0  0  0 
1441618812  0  0  0  0  0  0  0  0  0  3550958  0  0  0  0  0  0  0  0  0  21  0  0  0  0  0  50  0  0  0  0  0  0  0 
1441618813  0  0  0  0  0  0  0  0  0  3550958  0  0  0  0  0  0  0  0  0  21  0  0  0  0  0  50  0  0  0  0  0  0  0 
1441618813  0  0  0  0  0  0  0  0  0  3550958  0  0  0  0  0  0  0  0  0  21  0  0  0  0  0  50  0  0  0  0  0  0  0 
1441618814  0  0  0  0  0  0  0  0  0  3550958  0  0  0  0  0  0  0  0  0  21  0  0  0  0  0  50  0  0  0  0  0  0  0 
1441618814  0  0  0  0  0  0  0  0  0  3554814  0  0  0  0  0  0  0  0  0  21  0  0  0  0  0  51  0  3856  0  0  0  0  0 
1441618815  0  0  0  0  0  0  0  0  0  3554814  0  0  0  0  0  0  0  0  0  21  0  0  0  0  0  51  0  0  0  0  0  0  0 
1441618815  0  0  0  0  0  0  0  0  0  3554814  0  0  0  0  0  0  0  0  0  21  0  0  0  0  0  51  0  0  0  0  0  0  0 
1441618816  0  0  0  0  0  0  0  0  0  3554814  0  0  0  0  0  0  0  0  0  21  0  0  0  0  0  51  0  0  0  0  0  0  0 
1441618816  0  0  0  0  0  0  0  0  0  3554814  0  0  0  0  0  0  0  0  0  21  0  0  0  0  0  51  0  0  0  0  0  0  0 
1441618817  0  0  0  0  0  0  0  0  0  3554814  0  0  0  0  0  0  0  0  0  21  0  0  0  0  0  51  0  0  0  0  0  0  0 
1441618817  0  0  0  0  0  0  0  0  0  3554814  0  0  0  0  0  0  0  0  0  21  0  0  0  0  0  51  0  0  0  0  0  0  0 
1441618818  0  0  0  0  0  0  0  0  0  3554814  0  0  0  0  0  0  0  0  0  21  0  0  0  0  0  51  0  0  0  0  0  0  0 
1441618818  0  0  0  0  0  0  0  0  0  3554814  0  0  0  0  0  0  0  0  0  21  0  0  0  0  0  51  0  0  0  0  0  0  0 
1441618819  0  0  0  0  0  0  0  0  0  3554814  0  0  0  0  0  0  0  0  0  21  0  0  0  0  0  51  0  0  0  0  0  0  0 
1441618819  0  0  0  0  0  0  0  0  0  3554814  0  0  0  0  0  0  0  0  0  21  0  0  0  0  0  51  0  0  0  0  0  0  0 
1441618820  0  0  0  0  0  0  0  0  0  3554814  0  0  0  0  0  0  0  0  0  21  0  0  0  0  0  51  0  0  0  0  0  0  0 
1441618820  0  0  0  0  0  0  0  0  0  3554814  0  0  0  0  0  0  0  0  0  21  0  0  0  0  0  51  0  0  0  0  0  0  0 
1441618821  0  0  0  0  0  0  0  0  0  3554814  0  0  0  0  0  0  0  0  0  21  0  0  0  0  0  51  0  0  0  0  0  0  0 
1441618821  0  0  0  0  0  0  0  0  0  3554814  0  0  0  0  0  0  0  0  0  21  0  0  0  0  0  51  0  0  0  0  0  0  0 
1441618822  0  0  0  0  0  0  0  0  0  3554814  0  0  0  0  0  0  0  0  0  21  0  0  0  0  0  51  0  0  0  0  0  0  0 
1441618822  0  0  0  0  0  0  0  0  0  3554814  0  0  0  0  0  0  0  0  0  21  0  0  0  0  0  51  0  0  0  0  0  0  0 
1441618823  0  0  0  0  0  0  0  0  0  3554814  0  0  0  0  0  0  0  0  0  21  0  0  0  0  0  51  0  0  0  0  0  0  0 
1441618823  0  0  0  0  0  0  0  0  0  3554814  0  0  0  0  0  0  0  0  0  21  0  0  0  0  0  51  0  0  0  0  0  0  0 
1441618824  0  0  0  0  0  0  0  0  0  3600447  0  0  0  0  0  0  0  0  0  22  0  0  0  0  0  53  0  45633  0  0  0  0  0 
1441618824  0  0  0  0  0  0  0  0  0  3600447  0  0  0  0  0  0  0  0  0  22  0  0  0  0  0  53  0  0  0  0  0  0  0 
1441618825  0  0  0  0  0  0  0  0  0  3635652  0  0  0  0  0  0  0  0  0  25  0  0  0  0  0  64  0  35205  0  0  0  0  0 
1441618825  0  0  0  0  0  0  0  0  0  3640654  0  0  0  0  0  0  0  0  0  25  0  0  0  0  0  64  0  5002  0  0  0  0  0 
1441618826  0  0  0  0  0  0  0  0  0  3640654  0  0  0  0  0  0  0  0  0  25  0  0  0  0  0  64  0  0  0  0  0  0  0 
