#Type:X;CI:5;ww:0;ca:0;co:0;fr:0;Type:X;CI:5;PI:0;PT:EP;U0:0;U1:0;
#time  Pp  gt  gs  cn  cm  cb  Nc  Pc  cp  Tc  Nm  pr  ps  pt  px  pd  Pm  Om  fs  ft  Oc  Em  Gp  Ec  Ge  ot  os  Total_cycles_diff  Successful_get_diff  Total_get_diff  succ_put_diff  total_put_diff  get_hit  
1441618858  0  0  0  0  0  0  0  0  0  0  0  0  0  0  0  0  0  0  0  0  0  0  0  0  0  0  0  0  0  0  0  0  
1441618858  0  0  0  0  0  0  0  0  0  0  0  0  0  0  0  0  0  0  0  0  0  0  0  0  0  0  0  0  0  0  0  0  0 
1441618859  0  0  0  0  0  0  0  0  0  683879  0  0  0  0  0  0  0  0  0  0  0  0  0  0  0  0  0  683879  0  0  0  0  0 
1441618859  0  0  0  0  0  0  0  0  0  1216222  0  0  0  0  0  0  0  0  0  0  0  0  0  0  0  0  0  532343  0  0  0  0  0 
1441618860  0  0  0  0  0  0  0  0  0  1548764  0  0  0  0  0  0  0  0  0  0  0  0  0  0  0  0  0  332542  0  0  0  0  0 
1441618860  0  0  0  0  0  0  0  0  0  1729510  0  0  0  0  0  0  0  0  0  0  0  0  0  0  0  0  0  180746  0  0  0  0  0 
1441618861  0  0  0  0  0  0  0  0  0  2107249  0  0  0  0  0  0  0  0  0  11  0  0  0  0  0  34  0  377739  0  0  0  0  0 
1441618861  0  0  0  0  0  0  0  0  0  3116401  0  0  0  0  0  0  0  0  0  15  0  0  0  0  0  41  0  1009152  0  0  0  0  0 
1441618862  0  0  0  0  0  0  0  0  0  3116401  0  0  0  0  0  0  0  0  0  15  0  0  0  0  0  41  0  0  0  0  0  0  0 
1441618862  0  0  0  0  0  0  0  0  0  3487921  0  0  0  0  0  0  0  0  0  21  0  0  0  0  0  46  0  371520  0  0  0  0  0 
1441618863  0  0  0  0  0  0  0  0  0  4003805  0  0  0  0  0  0  0  0  0  21  0  0  0  0  0  46  0  515884  0  0  0  0  0 
1441618863  0  0  0  0  0  0  0  0  0  4003805  0  0  0  0  0  0  0  0  0  21  0  0  0  0  0  46  0  0  0  0  0  0  0 
1441618864  0  0  0  0  0  0  0  0  0  4003805  0  0  0  0  0  0  0  0  0  21  0  0  0  0  0  46  0  0  0  0  0  0  0 
1441618864  0  0  0  0  0  0  0  0  0  4003805  0  0  0  0  0  0  0  0  0  21  0  0  0  0  0  46  0  0  0  0  0  0  0 
1441618865  0  0  0  0  0  0  0  0  0  4003805  0  0  0  0  0  0  0  0  0  21  0  0  0  0  0  46  0  0  0  0  0  0  0 
1441618865  0  0  0  0  0  0  0  0  0  4003805  0  0  0  0  0  0  0  0  0  21  0  0  0  0  0  46  0  0  0  0  0  0  0 
1441618866  0  0  0  0  0  0  0  0  0  4003805  0  0  0  0  0  0  0  0  0  21  0  0  0  0  0  46  0  0  0  0  0  0  0 
1441618866  0  0  0  0  0  0  0  0  0  4003805  0  0  0  0  0  0  0  0  0  21  0  0  0  0  0  46  0  0  0  0  0  0  0 
1441618867  0  0  0  0  0  0  0  0  0  4003805  0  0  0  0  0  0  0  0  0  21  0  0  0  0  0  46  0  0  0  0  0  0  0 
1441618867  0  0  0  0  0  0  0  0  0  4003805  0  0  0  0  0  0  0  0  0  21  0  0  0  0  0  46  0  0  0  0  0  0  0 
1441618868  0  0  0  0  0  0  0  0  0  4003805  0  0  0  0  0  0  0  0  0  21  0  0  0  0  0  46  0  0  0  0  0  0  0 
1441618868  0  0  0  0  0  0  0  0  0  4003805  0  0  0  0  0  0  0  0  0  21  0  0  0  0  0  46  0  0  0  0  0  0  0 
1441618869  0  0  0  0  0  0  0  0  0  4003805  0  0  0  0  0  0  0  0  0  21  0  0  0  0  0  46  0  0  0  0  0  0  0 
1441618869  0  0  0  0  0  0  0  0  0  4003805  0  0  0  0  0  0  0  0  0  21  0  0  0  0  0  46  0  0  0  0  0  0  0 
1441618870  0  0  0  0  0  0  0  0  0  4003805  0  0  0  0  0  0  0  0  0  21  0  0  0  0  0  46  0  0  0  0  0  0  0 
1441618870  0  0  0  0  0  0  0  0  0  4003805  0  0  0  0  0  0  0  0  0  21  0  0  0  0  0  46  0  0  0  0  0  0  0 
1441618871  0  0  0  0  0  0  0  0  0  4003805  0  0  0  0  0  0  0  0  0  21  0  0  0  0  0  46  0  0  0  0  0  0  0 
1441618871  0  0  0  0  0  0  0  0  0  4003805  0  0  0  0  0  0  0  0  0  21  0  0  0  0  0  46  0  0  0  0  0  0  0 
1441618872  0  0  0  0  0  0  0  0  0  4003805  0  0  0  0  0  0  0  0  0  21  0  0  0  0  0  46  0  0  0  0  0  0  0 
1441618872  0  0  0  0  0  0  0  0  0  4003805  0  0  0  0  0  0  0  0  0  21  0  0  0  0  0  46  0  0  0  0  0  0  0 
1441618873  0  0  0  0  0  0  0  0  0  4003805  0  0  0  0  0  0  0  0  0  21  0  0  0  0  0  46  0  0  0  0  0  0  0 
1441618873  0  0  0  0  0  0  0  0  0  4003805  0  0  0  0  0  0  0  0  0  21  0  0  0  0  0  46  0  0  0  0  0  0  0 
1441618874  0  0  0  0  0  0  0  0  0  4003805  0  0  0  0  0  0  0  0  0  21  0  0  0  0  0  46  0  0  0  0  0  0  0 
1441618874  0  0  0  0  0  0  0  0  0  4003805  0  0  0  0  0  0  0  0  0  21  0  0  0  0  0  46  0  0  0  0  0  0  0 
1441618875  0  0  0  0  0  0  0  0  0  4003805  0  0  0  0  0  0  0  0  0  21  0  0  0  0  0  46  0  0  0  0  0  0  0 
1441618875  0  0  0  0  0  0  0  0  0  4003805  0  0  0  0  0  0  0  0  0  21  0  0  0  0  0  46  0  0  0  0  0  0  0 
1441618876  0  0  0  0  0  0  0  0  0  4003805  0  0  0  0  0  0  0  0  0  21  0  0  0  0  0  46  0  0  0  0  0  0  0 
1441618876  0  0  0  0  0  0  0  0  0  4003805  0  0  0  0  0  0  0  0  0  21  0  0  0  0  0  46  0  0  0  0  0  0  0 
1441618877  0  0  0  0  0  0  0  0  0  4003805  0  0  0  0  0  0  0  0  0  21  0  0  0  0  0  46  0  0  0  0  0  0  0 
1441618877  0  0  0  0  0  0  0  0  0  4003805  0  0  0  0  0  0  0  0  0  21  0  0  0  0  0  46  0  0  0  0  0  0  0 
1441618878  0  0  0  0  0  0  0  0  0  4003805  0  0  0  0  0  0  0  0  0  21  0  0  0  0  0  46  0  0  0  0  0  0  0 
1441618878  0  0  0  0  0  0  0  0  0  4003805  0  0  0  0  0  0  0  0  0  21  0  0  0  0  0  46  0  0  0  0  0  0  0 
1441618879  0  0  0  0  0  0  0  0  0  4003805  0  0  0  0  0  0  0  0  0  21  0  0  0  0  0  46  0  0  0  0  0  0  0 
1441618879  0  0  0  0  0  0  0  0  0  4003805  0  0  0  0  0  0  0  0  0  21  0  0  0  0  0  46  0  0  0  0  0  0  0 
1441618880  0  0  0  0  0  0  0  0  0  4003805  0  0  0  0  0  0  0  0  0  21  0  0  0  0  0  46  0  0  0  0  0  0  0 
1441618881  0  0  0  0  0  0  0  0  0  4003805  0  0  0  0  0  0  0  0  0  21  0  0  0  0  0  46  0  0  0  0  0  0  0 
1441618881  0  0  0  0  0  0  0  0  0  4003805  0  0  0  0  0  0  0  0  0  21  0  0  0  0  0  46  0  0  0  0  0  0  0 
1441618882  0  0  0  0  0  0  0  0  0  4003805  0  0  0  0  0  0  0  0  0  21  0  0  0  0  0  46  0  0  0  0  0  0  0 
1441618882  0  0  0  0  0  0  0  0  0  4003805  0  0  0  0  0  0  0  0  0  21  0  0  0  0  0  46  0  0  0  0  0  0  0 
1441618883  0  0  0  0  0  0  0  0  0  4003805  0  0  0  0  0  0  0  0  0  21  0  0  0  0  0  46  0  0  0  0  0  0  0 
1441618883  0  0  0  0  0  0  0  0  0  4003805  0  0  0  0  0  0  0  0  0  21  0  0  0  0  0  46  0  0  0  0  0  0  0 
1441618884  0  0  0  0  0  0  0  0  0  4003805  0  0  0  0  0  0  0  0  0  21  0  0  0  0  0  46  0  0  0  0  0  0  0 
1441618884  0  0  0  0  0  0  0  0  0  4003805  0  0  0  0  0  0  0  0  0  21  0  0  0  0  0  46  0  0  0  0  0  0  0 
1441618885  0  0  0  0  0  0  0  0  0  4003805  0  0  0  0  0  0  0  0  0  21  0  0  0  0  0  46  0  0  0  0  0  0  0 
1441618885  0  0  0  0  0  0  0  0  0  4003805  0  0  0  0  0  0  0  0  0  21  0  0  0  0  0  46  0  0  0  0  0  0  0 
1441618886  0  0  0  0  0  0  0  0  0  4003805  0  0  0  0  0  0  0  0  0  21  0  0  0  0  0  46  0  0  0  0  0  0  0 
1441618886  0  0  0  0  0  0  0  0  0  4003805  0  0  0  0  0  0  0  0  0  21  0  0  0  0  0  46  0  0  0  0  0  0  0 
1441618887  0  0  0  0  0  0  0  0  0  4003805  0  0  0  0  0  0  0  0  0  21  0  0  0  0  0  46  0  0  0  0  0  0  0 
1441618887  0  0  0  0  0  0  0  0  0  4003805  0  0  0  0  0  0  0  0  0  21  0  0  0  0  0  46  0  0  0  0  0  0  0 
1441618888  0  0  0  0  0  0  0  0  0  4003805  0  0  0  0  0  0  0  0  0  21  0  0  0  0  0  46  0  0  0  0  0  0  0 
1441618888  0  0  0  0  0  0  0  0  0  4003805  0  0  0  0  0  0  0  0  0  21  0  0  0  0  0  46  0  0  0  0  0  0  0 
1441618889  0  0  0  0  0  0  0  0  0  4003805  0  0  0  0  0  0  0  0  0  21  0  0  0  0  0  46  0  0  0  0  0  0  0 
1441618889  0  0  0  0  0  0  0  0  0  4003805  0  0  0  0  0  0  0  0  0  21  0  0  0  0  0  46  0  0  0  0  0  0  0 
1441618890  0  0  0  0  0  0  0  0  0  4003805  0  0  0  0  0  0  0  0  0  21  0  0  0  0  0  46  0  0  0  0  0  0  0 
1441618890  0  0  0  0  0  0  0  0  0  4003805  0  0  0  0  0  0  0  0  0  21  0  0  0  0  0  46  0  0  0  0  0  0  0 
1441618891  0  0  0  0  0  0  0  0  0  4003805  0  0  0  0  0  0  0  0  0  21  0  0  0  0  0  46  0  0  0  0  0  0  0 
1441618891  0  0  0  0  0  0  0  0  0  4003805  0  0  0  0  0  0  0  0  0  21  0  0  0  0  0  46  0  0  0  0  0  0  0 
1441618892  0  0  0  0  0  0  0  0  0  4003805  0  0  0  0  0  0  0  0  0  21  0  0  0  0  0  46  0  0  0  0  0  0  0 
1441618892  0  0  0  0  0  0  0  0  0  4003805  0  0  0  0  0  0  0  0  0  21  0  0  0  0  0  46  0  0  0  0  0  0  0 
1441618893  0  0  0  0  0  0  0  0  0  4003805  0  0  0  0  0  0  0  0  0  21  0  0  0  0  0  46  0  0  0  0  0  0  0 
1441618893  0  0  0  0  0  0  0  0  0  4003805  0  0  0  0  0  0  0  0  0  21  0  0  0  0  0  46  0  0  0  0  0  0  0 
1441618894  0  0  0  0  0  0  0  0  0  4003805  0  0  0  0  0  0  0  0  0  21  0  0  0  0  0  46  0  0  0  0  0  0  0 
1441618894  0  0  0  0  0  0  0  0  0  4003805  0  0  0  0  0  0  0  0  0  21  0  0  0  0  0  46  0  0  0  0  0  0  0 
1441618895  0  0  0  0  0  0  0  0  0  4003805  0  0  0  0  0  0  0  0  0  21  0  0  0  0  0  46  0  0  0  0  0  0  0 
1441618895  0  0  0  0  0  0  0  0  0  4003805  0  0  0  0  0  0  0  0  0  21  0  0  0  0  0  46  0  0  0  0  0  0  0 
1441618896  0  0  0  0  0  0  0  0  0  4003805  0  0  0  0  0  0  0  0  0  21  0  0  0  0  0  46  0  0  0  0  0  0  0 
1441618896  0  0  0  0  0  0  0  0  0  4003805  0  0  0  0  0  0  0  0  0  21  0  0  0  0  0  46  0  0  0  0  0  0  0 
1441618897  0  0  0  0  0  0  0  0  0  4003805  0  0  0  0  0  0  0  0  0  21  0  0  0  0  0  46  0  0  0  0  0  0  0 
1441618897  0  0  0  0  0  0  0  0  0  4003805  0  0  0  0  0  0  0  0  0  21  0  0  0  0  0  46  0  0  0  0  0  0  0 
1441618898  0  0  0  0  0  0  0  0  0  4003805  0  0  0  0  0  0  0  0  0  21  0  0  0  0  0  46  0  0  0  0  0  0  0 
1441618898  0  0  0  0  0  0  0  0  0  4003805  0  0  0  0  0  0  0  0  0  21  0  0  0  0  0  46  0  0  0  0  0  0  0 
1441618899  0  0  0  0  0  0  0  0  0  4003805  0  0  0  0  0  0  0  0  0  21  0  0  0  0  0  46  0  0  0  0  0  0  0 
1441618899  0  0  0  0  0  0  0  0  0  4003805  0  0  0  0  0  0  0  0  0  21  0  0  0  0  0  46  0  0  0  0  0  0  0 
1441618900  0  0  0  0  0  0  0  0  0  4003805  0  0  0  0  0  0  0  0  0  21  0  0  0  0  0  46  0  0  0  0  0  0  0 
1441618900  0  0  0  0  0  0  0  0  0  4003805  0  0  0  0  0  0  0  0  0  21  0  0  0  0  0  46  0  0  0  0  0  0  0 
1441618901  0  0  0  0  0  0  0  0  0  4003805  0  0  0  0  0  0  0  0  0  21  0  0  0  0  0  46  0  0  0  0  0  0  0 
1441618901  0  0  0  0  0  0  0  0  0  4003805  0  0  0  0  0  0  0  0  0  21  0  0  0  0  0  46  0  0  0  0  0  0  0 
1441618902  0  0  0  0  0  0  0  0  0  4003805  0  0  0  0  0  0  0  0  0  21  0  0  0  0  0  46  0  0  0  0  0  0  0 
1441618902  0  0  0  0  0  0  0  0  0  4003805  0  0  0  0  0  0  0  0  0  21  0  0  0  0  0  46  0  0  0  0  0  0  0 
1441618903  0  0  0  0  0  0  0  0  0  4003805  0  0  0  0  0  0  0  0  0  21  0  0  0  0  0  46  0  0  0  0  0  0  0 
1441618903  0  0  0  0  0  0  0  0  0  4003805  0  0  0  0  0  0  0  0  0  21  0  0  0  0  0  46  0  0  0  0  0  0  0 
1441618904  0  0  0  0  0  0  0  0  0  4003805  0  0  0  0  0  0  0  0  0  21  0  0  0  0  0  46  0  0  0  0  0  0  0 
1441618904  0  0  0  0  0  0  0  0  0  4003805  0  0  0  0  0  0  0  0  0  21  0  0  0  0  0  46  0  0  0  0  0  0  0 
1441618905  0  0  0  0  0  0  0  0  0  4003805  0  0  0  0  0  0  0  0  0  21  0  0  0  0  0  46  0  0  0  0  0  0  0 
1441618905  0  0  0  0  0  0  0  0  0  4003805  0  0  0  0  0  0  0  0  0  21  0  0  0  0  0  46  0  0  0  0  0  0  0 
1441618906  0  0  0  0  0  0  0  0  0  4003805  0  0  0  0  0  0  0  0  0  21  0  0  0  0  0  46  0  0  0  0  0  0  0 
1441618906  0  0  0  0  0  0  0  0  0  4003805  0  0  0  0  0  0  0  0  0  21  0  0  0  0  0  46  0  0  0  0  0  0  0 
1441618907  0  0  0  0  0  0  0  0  0  4003805  0  0  0  0  0  0  0  0  0  21  0  0  0  0  0  46  0  0  0  0  0  0  0 
1441618907  0  0  0  0  0  0  0  0  0  4003805  0  0  0  0  0  0  0  0  0  21  0  0  0  0  0  46  0  0  0  0  0  0  0 
1441618908  0  0  0  0  0  0  0  0  0  4003805  0  0  0  0  0  0  0  0  0  21  0  0  0  0  0  46  0  0  0  0  0  0  0 
1441618908  0  0  0  0  0  0  0  0  0  4003805  0  0  0  0  0  0  0  0  0  21  0  0  0  0  0  46  0  0  0  0  0  0  0 
1441618909  0  0  0  0  0  0  0  0  0  4003805  0  0  0  0  0  0  0  0  0  21  0  0  0  0  0  46  0  0  0  0  0  0  0 
1441618909  0  0  0  0  0  0  0  0  0  4003805  0  0  0  0  0  0  0  0  0  21  0  0  0  0  0  46  0  0  0  0  0  0  0 
1441618910  0  0  0  0  0  0  0  0  0  4003805  0  0  0  0  0  0  0  0  0  21  0  0  0  0  0  46  0  0  0  0  0  0  0 
1441618910  0  0  0  0  0  0  0  0  0  4003805  0  0  0  0  0  0  0  0  0  21  0  0  0  0  0  46  0  0  0  0  0  0  0 
1441618911  0  0  0  0  0  0  0  0  0  4003805  0  0  0  0  0  0  0  0  0  21  0  0  0  0  0  46  0  0  0  0  0  0  0 
1441618911  0  0  0  0  0  0  0  0  0  4003805  0  0  0  0  0  0  0  0  0  21  0  0  0  0  0  46  0  0  0  0  0  0  0 
1441618912  0  0  0  0  0  0  0  0  0  4003805  0  0  0  0  0  0  0  0  0  21  0  0  0  0  0  46  0  0  0  0  0  0  0 
1441618912  0  0  0  0  0  0  0  0  0  4003805  0  0  0  0  0  0  0  0  0  21  0  0  0  0  0  46  0  0  0  0  0  0  0 
1441618913  0  0  0  0  0  0  0  0  0  4003805  0  0  0  0  0  0  0  0  0  21  0  0  0  0  0  46  0  0  0  0  0  0  0 
1441618913  0  0  0  0  0  0  0  0  0  4003805  0  0  0  0  0  0  0  0  0  21  0  0  0  0  0  46  0  0  0  0  0  0  0 
1441618914  0  0  0  0  0  0  0  0  0  4003805  0  0  0  0  0  0  0  0  0  21  0  0  0  0  0  46  0  0  0  0  0  0  0 
1441618915  0  0  0  0  0  0  0  0  0  4003805  0  0  0  0  0  0  0  0  0  21  0  0  0  0  0  46  0  0  0  0  0  0  0 
1441618915  0  0  0  0  0  0  0  0  0  4003805  0  0  0  0  0  0  0  0  0  21  0  0  0  0  0  46  0  0  0  0  0  0  0 
1441618916  0  0  0  0  0  0  0  0  0  4009845  0  0  0  0  0  0  0  0  0  21  0  0  0  0  0  47  0  6040  0  0  0  0  0 
1441618916  0  0  0  0  0  0  0  0  0  4009845  0  0  0  0  0  0  0  0  0  21  0  0  0  0  0  47  0  0  0  0  0  0  0 
1441618917  0  0  0  0  0  0  0  0  0  4009845  0  0  0  0  0  0  0  0  0  21  0  0  0  0  0  47  0  0  0  0  0  0  0 
1441618917  0  0  0  0  0  0  0  0  0  4009845  0  0  0  0  0  0  0  0  0  21  0  0  0  0  0  47  0  0  0  0  0  0  0 
1441618918  0  0  0  0  0  0  0  0  0  4009845  0  0  0  0  0  0  0  0  0  21  0  0  0  0  0  47  0  0  0  0  0  0  0 
1441618918  0  0  0  0  0  0  0  0  0  4009845  0  0  0  0  0  0  0  0  0  21  0  0  0  0  0  47  0  0  0  0  0  0  0 
1441618919  0  0  0  0  0  0  0  0  0  4009845  0  0  0  0  0  0  0  0  0  21  0  0  0  0  0  47  0  0  0  0  0  0  0 
1441618919  0  0  0  0  0  0  0  0  0  4009845  0  0  0  0  0  0  0  0  0  21  0  0  0  0  0  47  0  0  0  0  0  0  0 
1441618920  0  0  0  0  0  0  0  0  0  4009845  0  0  0  0  0  0  0  0  0  21  0  0  0  0  0  47  0  0  0  0  0  0  0 
1441618920  0  0  0  0  0  0  0  0  0  4009845  0  0  0  0  0  0  0  0  0  21  0  0  0  0  0  47  0  0  0  0  0  0  0 
1441618921  0  0  0  0  0  0  0  0  0  4009845  0  0  0  0  0  0  0  0  0  21  0  0  0  0  0  47  0  0  0  0  0  0  0 
1441618921  0  0  0  0  0  0  0  0  0  4009845  0  0  0  0  0  0  0  0  0  21  0  0  0  0  0  47  0  0  0  0  0  0  0 
1441618922  0  0  0  0  0  0  0  0  0  4009845  0  0  0  0  0  0  0  0  0  21  0  0  0  0  0  47  0  0  0  0  0  0  0 
1441618922  0  0  0  0  0  0  0  0  0  4009845  0  0  0  0  0  0  0  0  0  21  0  0  0  0  0  47  0  0  0  0  0  0  0 
1441618923  0  0  0  0  0  0  0  0  0  4009845  0  0  0  0  0  0  0  0  0  21  0  0  0  0  0  47  0  0  0  0  0  0  0 
1441618923  0  0  0  0  0  0  0  0  0  4009845  0  0  0  0  0  0  0  0  0  21  0  0  0  0  0  47  0  0  0  0  0  0  0 
1441618924  0  0  0  0  0  0  0  0  0  4009845  0  0  0  0  0  0  0  0  0  21  0  0  0  0  0  47  0  0  0  0  0  0  0 
1441618924  0  0  0  0  0  0  0  0  0  4009845  0  0  0  0  0  0  0  0  0  21  0  0  0  0  0  47  0  0  0  0  0  0  0 
1441618925  0  0  0  0  0  0  0  0  0  4009845  0  0  0  0  0  0  0  0  0  21  0  0  0  0  0  47  0  0  0  0  0  0  0 
1441618925  0  0  0  0  0  0  0  0  0  4012410  0  0  0  0  0  0  0  0  0  21  0  0  0  0  0  48  0  2565  0  0  0  0  0 
1441618926  0  0  0  0  0  0  0  0  0  4012410  0  0  0  0  0  0  0  0  0  21  0  0  0  0  0  48  0  0  0  0  0  0  0 
1441618926  0  0  0  0  0  0  0  0  0  4012410  0  0  0  0  0  0  0  0  0  21  0  0  0  0  0  48  0  0  0  0  0  0  0 
1441618927  0  0  0  0  0  0  0  0  0  4012410  0  0  0  0  0  0  0  0  0  21  0  0  0  0  0  48  0  0  0  0  0  0  0 
1441618927  0  0  0  0  0  0  0  0  0  4012410  0  0  0  0  0  0  0  0  0  21  0  0  0  0  0  48  0  0  0  0  0  0  0 
1441618928  0  0  0  0  0  0  0  0  0  4012410  0  0  0  0  0  0  0  0  0  21  0  0  0  0  0  48  0  0  0  0  0  0  0 
1441618928  0  0  0  0  0  0  0  0  0  4012410  0  0  0  0  0  0  0  0  0  21  0  0  0  0  0  48  0  0  0  0  0  0  0 
1441618929  0  0  0  0  0  0  0  0  0  4012410  0  0  0  0  0  0  0  0  0  21  0  0  0  0  0  48  0  0  0  0  0  0  0 
1441618929  0  0  0  0  0  0  0  0  0  4012410  0  0  0  0  0  0  0  0  0  21  0  0  0  0  0  48  0  0  0  0  0  0  0 
1441618930  0  0  0  0  0  0  0  0  0  4012410  0  0  0  0  0  0  0  0  0  21  0  0  0  0  0  48  0  0  0  0  0  0  0 
1441618930  0  0  0  0  0  0  0  0  0  4012410  0  0  0  0  0  0  0  0  0  21  0  0  0  0  0  48  0  0  0  0  0  0  0 
1441618931  0  0  0  0  0  0  0  0  0  4012410  0  0  0  0  0  0  0  0  0  21  0  0  0  0  0  48  0  0  0  0  0  0  0 
1441618931  0  0  0  0  0  0  0  0  0  4012410  0  0  0  0  0  0  0  0  0  21  0  0  0  0  0  48  0  0  0  0  0  0  0 
1441618932  0  0  0  0  0  0  0  0  0  4012410  0  0  0  0  0  0  0  0  0  21  0  0  0  0  0  48  0  0  0  0  0  0  0 
1441618932  0  0  0  0  0  0  0  0  0  4012410  0  0  0  0  0  0  0  0  0  21  0  0  0  0  0  48  0  0  0  0  0  0  0 
1441618933  0  0  0  0  0  0  0  0  0  4012410  0  0  0  0  0  0  0  0  0  21  0  0  0  0  0  48  0  0  0  0  0  0  0 
1441618933  0  0  0  0  0  0  0  0  0  4012410  0  0  0  0  0  0  0  0  0  21  0  0  0  0  0  48  0  0  0  0  0  0  0 
1441618934  0  0  0  0  0  0  0  0  0  4012410  0  0  0  0  0  0  0  0  0  21  0  0  0  0  0  48  0  0  0  0  0  0  0 
1441618934  0  0  0  0  0  0  0  0  0  4012410  0  0  0  0  0  0  0  0  0  21  0  0  0  0  0  48  0  0  0  0  0  0  0 
1441618935  0  0  0  0  0  0  0  0  0  4012410  0  0  0  0  0  0  0  0  0  21  0  0  0  0  0  48  0  0  0  0  0  0  0 
1441618935  0  0  0  0  0  0  0  0  0  4015120  0  0  0  0  0  0  0  0  0  21  0  0  0  0  0  49  0  2710  0  0  0  0  0 
1441618936  0  0  0  0  0  0  0  0  0  4015120  0  0  0  0  0  0  0  0  0  21  0  0  0  0  0  49  0  0  0  0  0  0  0 
1441618936  0  0  0  0  0  0  0  0  0  4015120  0  0  0  0  0  0  0  0  0  21  0  0  0  0  0  49  0  0  0  0  0  0  0 
1441618937  0  0  0  0  0  0  0  0  0  4015120  0  0  0  0  0  0  0  0  0  21  0  0  0  0  0  49  0  0  0  0  0  0  0 
1441618937  0  0  0  0  0  0  0  0  0  4015120  0  0  0  0  0  0  0  0  0  21  0  0  0  0  0  49  0  0  0  0  0  0  0 
1441618938  0  0  0  0  0  0  0  0  0  4015120  0  0  0  0  0  0  0  0  0  21  0  0  0  0  0  49  0  0  0  0  0  0  0 
1441618938  0  0  0  0  0  0  0  0  0  4015120  0  0  0  0  0  0  0  0  0  21  0  0  0  0  0  49  0  0  0  0  0  0  0 
1441618939  0  0  0  0  0  0  0  0  0  4015120  0  0  0  0  0  0  0  0  0  21  0  0  0  0  0  49  0  0  0  0  0  0  0 
1441618939  0  0  0  0  0  0  0  0  0  4015120  0  0  0  0  0  0  0  0  0  21  0  0  0  0  0  49  0  0  0  0  0  0  0 
1441618940  0  0  0  0  0  0  0  0  0  4015120  0  0  0  0  0  0  0  0  0  21  0  0  0  0  0  49  0  0  0  0  0  0  0 
1441618940  0  0  0  0  0  0  0  0  0  4015120  0  0  0  0  0  0  0  0  0  21  0  0  0  0  0  49  0  0  0  0  0  0  0 
1441618941  0  0  0  0  0  0  0  0  0  4015120  0  0  0  0  0  0  0  0  0  21  0  0  0  0  0  49  0  0  0  0  0  0  0 
1441618941  0  0  0  0  0  0  0  0  0  4015120  0  0  0  0  0  0  0  0  0  21  0  0  0  0  0  49  0  0  0  0  0  0  0 
1441618942  0  0  0  0  0  0  0  0  0  4015120  0  0  0  0  0  0  0  0  0  21  0  0  0  0  0  49  0  0  0  0  0  0  0 
1441618942  0  0  0  0  0  0  0  0  0  4015120  0  0  0  0  0  0  0  0  0  21  0  0  0  0  0  49  0  0  0  0  0  0  0 
1441618943  0  0  0  0  0  0  0  0  0  4015120  0  0  0  0  0  0  0  0  0  21  0  0  0  0  0  49  0  0  0  0  0  0  0 
1441618943  0  0  0  0  0  0  0  0  0  4015120  0  0  0  0  0  0  0  0  0  21  0  0  0  0  0  49  0  0  0  0  0  0  0 
1441618944  0  0  0  0  0  0  0  0  0  4015120  0  0  0  0  0  0  0  0  0  21  0  0  0  0  0  49  0  0  0  0  0  0  0 
1441618944  0  0  0  0  0  0  0  0  0  4015120  0  0  0  0  0  0  0  0  0  21  0  0  0  0  0  49  0  0  0  0  0  0  0 
1441618945  0  0  0  0  0  0  0  0  0  4015120  0  0  0  0  0  0  0  0  0  21  0  0  0  0  0  49  0  0  0  0  0  0  0 
1441618945  0  0  0  0  0  0  0  0  0  4018150  0  0  0  0  0  0  0  0  0  21  0  0  0  0  0  50  0  3030  0  0  0  0  0 
1441618946  0  0  0  0  0  0  0  0  0  4018150  0  0  0  0  0  0  0  0  0  21  0  0  0  0  0  50  0  0  0  0  0  0  0 
1441618946  0  0  0  0  0  0  0  0  0  4018150  0  0  0  0  0  0  0  0  0  21  0  0  0  0  0  50  0  0  0  0  0  0  0 
1441618947  0  0  0  0  0  0  0  0  0  4018150  0  0  0  0  0  0  0  0  0  21  0  0  0  0  0  50  0  0  0  0  0  0  0 
1441618947  0  0  0  0  0  0  0  0  0  4018150  0  0  0  0  0  0  0  0  0  21  0  0  0  0  0  50  0  0  0  0  0  0  0 
1441618948  0  0  0  0  0  0  0  0  0  4018150  0  0  0  0  0  0  0  0  0  21  0  0  0  0  0  50  0  0  0  0  0  0  0 
1441618948  0  0  0  0  0  0  0  0  0  4018150  0  0  0  0  0  0  0  0  0  21  0  0  0  0  0  50  0  0  0  0  0  0  0 
1441618949  0  0  0  0  0  0  0  0  0  4018150  0  0  0  0  0  0  0  0  0  21  0  0  0  0  0  50  0  0  0  0  0  0  0 
1441618949  0  0  0  0  0  0  0  0  0  4018150  0  0  0  0  0  0  0  0  0  21  0  0  0  0  0  50  0  0  0  0  0  0  0 
1441618950  0  0  0  0  0  0  0  0  0  4018150  0  0  0  0  0  0  0  0  0  21  0  0  0  0  0  50  0  0  0  0  0  0  0 
1441618950  0  0  0  0  0  0  0  0  0  4018150  0  0  0  0  0  0  0  0  0  21  0  0  0  0  0  50  0  0  0  0  0  0  0 
1441618951  0  0  0  0  0  0  0  0  0  4018150  0  0  0  0  0  0  0  0  0  21  0  0  0  0  0  50  0  0  0  0  0  0  0 
1441618951  0  0  0  0  0  0  0  0  0  4018150  0  0  0  0  0  0  0  0  0  21  0  0  0  0  0  50  0  0  0  0  0  0  0 
1441618952  0  0  0  0  0  0  0  0  0  4018150  0  0  0  0  0  0  0  0  0  21  0  0  0  0  0  50  0  0  0  0  0  0  0 
1441618952  0  0  0  0  0  0  0  0  0  4018150  0  0  0  0  0  0  0  0  0  21  0  0  0  0  0  50  0  0  0  0  0  0  0 
1441618953  0  0  0  0  0  0  0  0  0  4018150  0  0  0  0  0  0  0  0  0  21  0  0  0  0  0  50  0  0  0  0  0  0  0 
1441618953  0  0  0  0  0  0  0  0  0  4018150  0  0  0  0  0  0  0  0  0  21  0  0  0  0  0  50  0  0  0  0  0  0  0 
1441618954  0  0  0  0  0  0  0  0  0  4018150  0  0  0  0  0  0  0  0  0  21  0  0  0  0  0  50  0  0  0  0  0  0  0 
1441618954  0  0  0  0  0  0  0  0  0  4018150  0  0  0  0  0  0  0  0  0  21  0  0  0  0  0  50  0  0  0  0  0  0  0 
1441618955  0  0  0  0  0  0  0  0  0  4018150  0  0  0  0  0  0  0  0  0  21  0  0  0  0  0  50  0  0  0  0  0  0  0 
1441618955  0  0  0  0  0  0  0  0  0  4020560  0  0  0  0  0  0  0  0  0  21  0  0  0  0  0  51  0  2410  0  0  0  0  0 
1441618956  0  0  0  0  0  0  0  0  0  4020560  0  0  0  0  0  0  0  0  0  21  0  0  0  0  0  51  0  0  0  0  0  0  0 
1441618956  0  0  0  0  0  0  0  0  0  4020560  0  0  0  0  0  0  0  0  0  21  0  0  0  0  0  51  0  0  0  0  0  0  0 
1441618957  0  0  0  0  0  0  0  0  0  4020560  0  0  0  0  0  0  0  0  0  21  0  0  0  0  0  51  0  0  0  0  0  0  0 
1441618958  0  0  0  0  0  0  0  0  0  4020560  0  0  0  0  0  0  0  0  0  21  0  0  0  0  0  51  0  0  0  0  0  0  0 
1441618958  0  0  0  0  0  0  0  0  0  4020560  0  0  0  0  0  0  0  0  0  21  0  0  0  0  0  51  0  0  0  0  0  0  0 
1441618959  0  0  0  0  0  0  0  0  0  4020560  0  0  0  0  0  0  0  0  0  21  0  0  0  0  0  51  0  0  0  0  0  0  0 
1441618959  0  0  0  0  0  0  0  0  0  4020560  0  0  0  0  0  0  0  0  0  21  0  0  0  0  0  51  0  0  0  0  0  0  0 
1441618960  0  0  0  0  0  0  0  0  0  4020560  0  0  0  0  0  0  0  0  0  21  0  0  0  0  0  51  0  0  0  0  0  0  0 
1441618960  0  0  0  0  0  0  0  0  0  4020560  0  0  0  0  0  0  0  0  0  21  0  0  0  0  0  51  0  0  0  0  0  0  0 
1441618961  0  0  0  0  0  0  0  0  0  4020560  0  0  0  0  0  0  0  0  0  21  0  0  0  0  0  51  0  0  0  0  0  0  0 
1441618961  0  0  0  0  0  0  0  0  0  4020560  0  0  0  0  0  0  0  0  0  21  0  0  0  0  0  51  0  0  0  0  0  0  0 
1441618962  0  0  0  0  0  0  0  0  0  4020560  0  0  0  0  0  0  0  0  0  21  0  0  0  0  0  51  0  0  0  0  0  0  0 
1441618962  0  0  0  0  0  0  0  0  0  4020560  0  0  0  0  0  0  0  0  0  21  0  0  0  0  0  51  0  0  0  0  0  0  0 
1441618963  0  0  0  0  0  0  0  0  0  4020560  0  0  0  0  0  0  0  0  0  21  0  0  0  0  0  51  0  0  0  0  0  0  0 
1441618963  0  0  0  0  0  0  0  0  0  4020560  0  0  0  0  0  0  0  0  0  21  0  0  0  0  0  51  0  0  0  0  0  0  0 
1441618964  0  0  0  0  0  0  0  0  0  4020560  0  0  0  0  0  0  0  0  0  21  0  0  0  0  0  51  0  0  0  0  0  0  0 
1441618964  0  0  0  0  0  0  0  0  0  4020560  0  0  0  0  0  0  0  0  0  21  0  0  0  0  0  51  0  0  0  0  0  0  0 
1441618965  0  0  0  0  0  0  0  0  0  4020560  0  0  0  0  0  0  0  0  0  21  0  0  0  0  0  51  0  0  0  0  0  0  0 
1441618965  0  0  0  0  0  0  0  0  0  4020560  0  0  0  0  0  0  0  0  0  21  0  0  0  0  0  51  0  0  0  0  0  0  0 
1441618966  0  0  0  0  0  0  0  0  0  4061409  0  0  0  0  0  0  0  0  0  21  0  0  0  0  0  51  0  40849  0  0  0  0  0 
1441618966  0  0  0  0  0  0  0  0  0  4117973  0  0  0  0  0  0  0  0  0  25  0  0  0  0  0  64  0  56564  0  0  0  0  0 
1441618967  0  0  0  0  0  0  0  0  0  4117973  0  0  0  0  0  0  0  0  0  25  0  0  0  0  0  64  0  0  0  0  0  0  0 
1441618967  0  0  0  0  0  0  0  0  0  4117973  0  0  0  0  0  0  0  0  0  25  0  0  0  0  0  64  0  0  0  0  0  0  0 
