#Type:X;CI:19;ww:0;ca:0;co:1;fr:0;Type:X;CI:19;PI:0;PT:EP;U0:0;U1:0;
#time  Pp  gt  gs  cn  cm  cb  Nc  Pc  cp  Tc  Nm  pr  ps  pt  px  pd  Pm  Om  fs  ft  Oc  Em  Gp  Ec  Ge  ot  os  Total_cycles_diff  Successful_get_diff  Total_get_diff  succ_put_diff  total_put_diff  get_hit  
1441624285  0  0  0  0  0  0  0  0  0  2984  0  0  0  0  0  0  0  0  0  0  0  0  0  0  0  0  0  2984  0  0  0  0  
1441624286  0  0  0  0  0  0  0  0  0  749244  0  0  0  0  0  0  0  0  0  0  0  0  0  0  0  0  0  746260  0  0  0  0  0 
1441624286  0  0  0  0  0  0  0  0  0  749244  0  0  0  0  0  0  0  0  0  0  0  0  0  0  0  0  0  0  0  0  0  0  0 
1441624287  0  0  0  0  0  0  0  0  0  1276587  0  0  0  0  0  0  0  0  0  0  0  0  0  0  0  0  0  527343  0  0  0  0  0 
1441624287  0  0  0  0  0  0  0  0  0  1531857  0  0  0  0  0  0  0  0  0  0  0  0  0  0  0  0  0  255270  0  0  0  0  0 
1441624288  0  0  0  0  0  0  0  0  0  1811411  0  0  0  0  0  0  0  0  0  0  0  0  0  0  0  0  0  279554  0  0  0  0  0 
1441624288  0  0  0  0  0  0  0  0  0  2113327  0  0  0  0  0  0  0  0  0  13  0  0  0  0  0  38  0  301916  0  0  0  0  0 
1441624289  0  0  0  0  0  0  0  0  0  2875820  0  0  0  0  0  0  0  0  0  15  0  0  0  0  0  41  0  762493  0  0  0  0  0 
1441624289  0  0  0  0  0  0  0  0  0  2875820  0  0  0  0  0  0  0  0  0  15  0  0  0  0  0  41  0  0  0  0  0  0  0 
1441624290  0  0  0  0  0  0  0  0  0  3496767  0  0  0  0  0  0  0  0  0  21  0  0  0  0  0  46  0  620947  0  0  0  0  0 
1441624290  0  0  0  0  0  0  0  0  0  3877501  0  0  0  0  0  0  0  0  0  21  0  0  0  0  0  46  0  380734  0  0  0  0  0 
1441624291  0  0  0  0  0  0  0  0  0  3877501  0  0  0  0  0  0  0  0  0  21  0  0  0  0  0  46  0  0  0  0  0  0  0 
1441624291  0  0  0  0  0  0  0  0  0  3877501  0  0  0  0  0  0  0  0  0  21  0  0  0  0  0  46  0  0  0  0  0  0  0 
1441624292  0  0  0  0  0  0  0  0  0  3877501  0  0  0  0  0  0  0  0  0  21  0  0  0  0  0  46  0  0  0  0  0  0  0 
1441624292  0  0  0  0  0  0  0  0  0  3877501  0  0  0  0  0  0  0  0  0  21  0  0  0  0  0  46  0  0  0  0  0  0  0 
1441624293  0  0  0  0  0  0  0  0  0  3877501  0  0  0  0  0  0  0  0  0  21  0  0  0  0  0  46  0  0  0  0  0  0  0 
1441624293  0  0  0  0  0  0  0  0  0  3877501  0  0  0  0  0  0  0  0  0  21  0  0  0  0  0  46  0  0  0  0  0  0  0 
1441624294  0  0  0  0  0  0  0  0  0  3877501  0  0  0  0  0  0  0  0  0  21  0  0  0  0  0  46  0  0  0  0  0  0  0 
1441624294  0  0  0  0  0  0  0  0  0  3877501  0  0  0  0  0  0  0  0  0  21  0  0  0  0  0  46  0  0  0  0  0  0  0 
1441624295  0  0  0  0  0  0  0  0  0  3877501  0  0  0  0  0  0  0  0  0  21  0  0  0  0  0  46  0  0  0  0  0  0  0 
1441624295  0  0  0  0  0  0  0  0  0  3877501  0  0  0  0  0  0  0  0  0  21  0  0  0  0  0  46  0  0  0  0  0  0  0 
1441624296  0  0  0  0  0  0  0  0  0  3877501  0  0  0  0  0  0  0  0  0  21  0  0  0  0  0  46  0  0  0  0  0  0  0 
1441624296  0  0  0  0  0  0  0  0  0  3877501  0  0  0  0  0  0  0  0  0  21  0  0  0  0  0  46  0  0  0  0  0  0  0 
1441624297  0  0  0  0  0  0  0  0  0  3877501  0  0  0  0  0  0  0  0  0  21  0  0  0  0  0  46  0  0  0  0  0  0  0 
1441624297  0  0  0  0  0  0  0  0  0  3877501  0  0  0  0  0  0  0  0  0  21  0  0  0  0  0  46  0  0  0  0  0  0  0 
1441624298  0  0  0  0  0  0  0  0  0  3877501  0  0  0  0  0  0  0  0  0  21  0  0  0  0  0  46  0  0  0  0  0  0  0 
1441624298  0  0  0  0  0  0  0  0  0  3877501  0  0  0  0  0  0  0  0  0  21  0  0  0  0  0  46  0  0  0  0  0  0  0 
1441624299  0  0  0  0  0  0  0  0  0  3877501  0  0  0  0  0  0  0  0  0  21  0  0  0  0  0  46  0  0  0  0  0  0  0 
1441624299  0  0  0  0  0  0  0  0  0  3877501  0  0  0  0  0  0  0  0  0  21  0  0  0  0  0  46  0  0  0  0  0  0  0 
1441624300  0  0  0  0  0  0  0  0  0  3877501  0  0  0  0  0  0  0  0  0  21  0  0  0  0  0  46  0  0  0  0  0  0  0 
1441624300  0  0  0  0  0  0  0  0  0  3877501  0  0  0  0  0  0  0  0  0  21  0  0  0  0  0  46  0  0  0  0  0  0  0 
1441624301  0  0  0  0  0  0  0  0  0  3877501  0  0  0  0  0  0  0  0  0  21  0  0  0  0  0  46  0  0  0  0  0  0  0 
1441624301  0  0  0  0  0  0  0  0  0  3877501  0  0  0  0  0  0  0  0  0  21  0  0  0  0  0  46  0  0  0  0  0  0  0 
1441624302  0  0  0  0  0  0  0  0  0  3877501  0  0  0  0  0  0  0  0  0  21  0  0  0  0  0  46  0  0  0  0  0  0  0 
1441624302  0  0  0  0  0  0  0  0  0  3877501  0  0  0  0  0  0  0  0  0  21  0  0  0  0  0  46  0  0  0  0  0  0  0 
1441624303  0  0  0  0  0  0  0  0  0  3877501  0  0  0  0  0  0  0  0  0  21  0  0  0  0  0  46  0  0  0  0  0  0  0 
1441624303  0  0  0  0  0  0  0  0  0  3877501  0  0  0  0  0  0  0  0  0  21  0  0  0  0  0  46  0  0  0  0  0  0  0 
1441624304  0  0  0  0  0  0  0  0  0  3877501  0  0  0  0  0  0  0  0  0  21  0  0  0  0  0  46  0  0  0  0  0  0  0 
1441624304  0  0  0  0  0  0  0  0  0  3877501  0  0  0  0  0  0  0  0  0  21  0  0  0  0  0  46  0  0  0  0  0  0  0 
1441624305  0  0  0  0  0  0  0  0  0  3877501  0  0  0  0  0  0  0  0  0  21  0  0  0  0  0  46  0  0  0  0  0  0  0 
1441624305  0  0  0  0  0  0  0  0  0  3877501  0  0  0  0  0  0  0  0  0  21  0  0  0  0  0  46  0  0  0  0  0  0  0 
1441624306  0  0  0  0  0  0  0  0  0  3877501  0  0  0  0  0  0  0  0  0  21  0  0  0  0  0  46  0  0  0  0  0  0  0 
1441624306  0  0  0  0  0  0  0  0  0  3877501  0  0  0  0  0  0  0  0  0  21  0  0  0  0  0  46  0  0  0  0  0  0  0 
1441624307  0  0  0  0  0  0  0  0  0  3877501  0  0  0  0  0  0  0  0  0  21  0  0  0  0  0  46  0  0  0  0  0  0  0 
1441624307  0  0  0  0  0  0  0  0  0  3877501  0  0  0  0  0  0  0  0  0  21  0  0  0  0  0  46  0  0  0  0  0  0  0 
1441624308  0  0  0  0  0  0  0  0  0  3877501  0  0  0  0  0  0  0  0  0  21  0  0  0  0  0  46  0  0  0  0  0  0  0 
1441624308  0  0  0  0  0  0  0  0  0  3877501  0  0  0  0  0  0  0  0  0  21  0  0  0  0  0  46  0  0  0  0  0  0  0 
1441624309  0  0  0  0  0  0  0  0  0  3877501  0  0  0  0  0  0  0  0  0  21  0  0  0  0  0  46  0  0  0  0  0  0  0 
1441624309  0  0  0  0  0  0  0  0  0  3877501  0  0  0  0  0  0  0  0  0  21  0  0  0  0  0  46  0  0  0  0  0  0  0 
1441624310  0  0  0  0  0  0  0  0  0  3877501  0  0  0  0  0  0  0  0  0  21  0  0  0  0  0  46  0  0  0  0  0  0  0 
1441624310  0  0  0  0  0  0  0  0  0  3877501  0  0  0  0  0  0  0  0  0  21  0  0  0  0  0  46  0  0  0  0  0  0  0 
1441624311  0  0  0  0  0  0  0  0  0  3877501  0  0  0  0  0  0  0  0  0  21  0  0  0  0  0  46  0  0  0  0  0  0  0 
1441624311  0  0  0  0  0  0  0  0  0  3877501  0  0  0  0  0  0  0  0  0  21  0  0  0  0  0  46  0  0  0  0  0  0  0 
1441624312  0  0  0  0  0  0  0  0  0  3877501  0  0  0  0  0  0  0  0  0  21  0  0  0  0  0  46  0  0  0  0  0  0  0 
1441624312  0  0  0  0  0  0  0  0  0  3877501  0  0  0  0  0  0  0  0  0  21  0  0  0  0  0  46  0  0  0  0  0  0  0 
1441624313  0  0  0  0  0  0  0  0  0  3877501  0  0  0  0  0  0  0  0  0  21  0  0  0  0  0  46  0  0  0  0  0  0  0 
1441624313  0  0  0  0  0  0  0  0  0  3877501  0  0  0  0  0  0  0  0  0  21  0  0  0  0  0  46  0  0  0  0  0  0  0 
1441624314  0  0  0  0  0  0  0  0  0  3877501  0  0  0  0  0  0  0  0  0  21  0  0  0  0  0  46  0  0  0  0  0  0  0 
1441624314  0  0  0  0  0  0  0  0  0  3877501  0  0  0  0  0  0  0  0  0  21  0  0  0  0  0  46  0  0  0  0  0  0  0 
1441624315  0  0  0  0  0  0  0  0  0  3877501  0  0  0  0  0  0  0  0  0  21  0  0  0  0  0  46  0  0  0  0  0  0  0 
1441624315  0  0  0  0  0  0  0  0  0  3877501  0  0  0  0  0  0  0  0  0  21  0  0  0  0  0  46  0  0  0  0  0  0  0 
1441624316  0  0  0  0  0  0  0  0  0  3877501  0  0  0  0  0  0  0  0  0  21  0  0  0  0  0  46  0  0  0  0  0  0  0 
1441624317  0  0  0  0  0  0  0  0  0  3877501  0  0  0  0  0  0  0  0  0  21  0  0  0  0  0  46  0  0  0  0  0  0  0 
1441624317  0  0  0  0  0  0  0  0  0  3877501  0  0  0  0  0  0  0  0  0  21  0  0  0  0  0  46  0  0  0  0  0  0  0 
1441624318  0  0  0  0  0  0  0  0  0  3877501  0  0  0  0  0  0  0  0  0  21  0  0  0  0  0  46  0  0  0  0  0  0  0 
1441624318  0  0  0  0  0  0  0  0  0  3877501  0  0  0  0  0  0  0  0  0  21  0  0  0  0  0  46  0  0  0  0  0  0  0 
1441624319  0  0  0  0  0  0  0  0  0  3877501  0  0  0  0  0  0  0  0  0  21  0  0  0  0  0  46  0  0  0  0  0  0  0 
1441624319  0  0  0  0  0  0  0  0  0  3877501  0  0  0  0  0  0  0  0  0  21  0  0  0  0  0  46  0  0  0  0  0  0  0 
1441624320  0  0  0  0  0  0  0  0  0  3877501  0  0  0  0  0  0  0  0  0  21  0  0  0  0  0  46  0  0  0  0  0  0  0 
1441624320  0  0  0  0  0  0  0  0  0  3877501  0  0  0  0  0  0  0  0  0  21  0  0  0  0  0  46  0  0  0  0  0  0  0 
1441624321  0  0  0  0  0  0  0  0  0  3877501  0  0  0  0  0  0  0  0  0  21  0  0  0  0  0  46  0  0  0  0  0  0  0 
1441624321  0  0  0  0  0  0  0  0  0  3877501  0  0  0  0  0  0  0  0  0  21  0  0  0  0  0  46  0  0  0  0  0  0  0 
1441624322  0  0  0  0  0  0  0  0  0  3877501  0  0  0  0  0  0  0  0  0  21  0  0  0  0  0  46  0  0  0  0  0  0  0 
1441624322  0  0  0  0  0  0  0  0  0  3877501  0  0  0  0  0  0  0  0  0  21  0  0  0  0  0  46  0  0  0  0  0  0  0 
1441624323  0  0  0  0  0  0  0  0  0  3877501  0  0  0  0  0  0  0  0  0  21  0  0  0  0  0  46  0  0  0  0  0  0  0 
1441624323  0  0  0  0  0  0  0  0  0  3877501  0  0  0  0  0  0  0  0  0  21  0  0  0  0  0  46  0  0  0  0  0  0  0 
1441624324  0  0  0  0  0  0  0  0  0  3877501  0  0  0  0  0  0  0  0  0  21  0  0  0  0  0  46  0  0  0  0  0  0  0 
1441624324  0  0  0  0  0  0  0  0  0  3877501  0  0  0  0  0  0  0  0  0  21  0  0  0  0  0  46  0  0  0  0  0  0  0 
1441624325  0  0  0  0  0  0  0  0  0  3877501  0  0  0  0  0  0  0  0  0  21  0  0  0  0  0  46  0  0  0  0  0  0  0 
1441624325  0  0  0  0  0  0  0  0  0  3877501  0  0  0  0  0  0  0  0  0  21  0  0  0  0  0  46  0  0  0  0  0  0  0 
1441624326  0  0  0  0  0  0  0  0  0  3877501  0  0  0  0  0  0  0  0  0  21  0  0  0  0  0  46  0  0  0  0  0  0  0 
1441624326  0  0  0  0  0  0  0  0  0  3877501  0  0  0  0  0  0  0  0  0  21  0  0  0  0  0  46  0  0  0  0  0  0  0 
1441624327  0  0  0  0  0  0  0  0  0  3877501  0  0  0  0  0  0  0  0  0  21  0  0  0  0  0  46  0  0  0  0  0  0  0 
1441624327  0  0  0  0  0  0  0  0  0  3877501  0  0  0  0  0  0  0  0  0  21  0  0  0  0  0  46  0  0  0  0  0  0  0 
1441624328  0  0  0  0  0  0  0  0  0  3877501  0  0  0  0  0  0  0  0  0  21  0  0  0  0  0  46  0  0  0  0  0  0  0 
1441624328  0  0  0  0  0  0  0  0  0  3877501  0  0  0  0  0  0  0  0  0  21  0  0  0  0  0  46  0  0  0  0  0  0  0 
1441624329  0  0  0  0  0  0  0  0  0  3877501  0  0  0  0  0  0  0  0  0  21  0  0  0  0  0  46  0  0  0  0  0  0  0 
1441624329  0  0  0  0  0  0  0  0  0  3877501  0  0  0  0  0  0  0  0  0  21  0  0  0  0  0  46  0  0  0  0  0  0  0 
1441624330  0  0  0  0  0  0  0  0  0  3877501  0  0  0  0  0  0  0  0  0  21  0  0  0  0  0  46  0  0  0  0  0  0  0 
1441624330  0  0  0  0  0  0  0  0  0  3877501  0  0  0  0  0  0  0  0  0  21  0  0  0  0  0  46  0  0  0  0  0  0  0 
1441624331  0  0  0  0  0  0  0  0  0  3877501  0  0  0  0  0  0  0  0  0  21  0  0  0  0  0  46  0  0  0  0  0  0  0 
1441624331  0  0  0  0  0  0  0  0  0  3877501  0  0  0  0  0  0  0  0  0  21  0  0  0  0  0  46  0  0  0  0  0  0  0 
1441624332  0  0  0  0  0  0  0  0  0  3877501  0  0  0  0  0  0  0  0  0  21  0  0  0  0  0  46  0  0  0  0  0  0  0 
1441624332  0  0  0  0  0  0  0  0  0  3877501  0  0  0  0  0  0  0  0  0  21  0  0  0  0  0  46  0  0  0  0  0  0  0 
1441624333  0  0  0  0  0  0  0  0  0  3877501  0  0  0  0  0  0  0  0  0  21  0  0  0  0  0  46  0  0  0  0  0  0  0 
1441624333  0  0  0  0  0  0  0  0  0  3877501  0  0  0  0  0  0  0  0  0  21  0  0  0  0  0  46  0  0  0  0  0  0  0 
1441624334  0  0  0  0  0  0  0  0  0  3877501  0  0  0  0  0  0  0  0  0  21  0  0  0  0  0  46  0  0  0  0  0  0  0 
1441624334  0  0  0  0  0  0  0  0  0  3877501  0  0  0  0  0  0  0  0  0  21  0  0  0  0  0  46  0  0  0  0  0  0  0 
1441624335  0  0  0  0  0  0  0  0  0  3877501  0  0  0  0  0  0  0  0  0  21  0  0  0  0  0  46  0  0  0  0  0  0  0 
1441624335  0  0  0  0  0  0  0  0  0  3877501  0  0  0  0  0  0  0  0  0  21  0  0  0  0  0  46  0  0  0  0  0  0  0 
1441624336  0  0  0  0  0  0  0  0  0  3877501  0  0  0  0  0  0  0  0  0  21  0  0  0  0  0  46  0  0  0  0  0  0  0 
1441624336  0  0  0  0  0  0  0  0  0  3877501  0  0  0  0  0  0  0  0  0  21  0  0  0  0  0  46  0  0  0  0  0  0  0 
1441624337  0  0  0  0  0  0  0  0  0  3877501  0  0  0  0  0  0  0  0  0  21  0  0  0  0  0  46  0  0  0  0  0  0  0 
1441624337  0  0  0  0  0  0  0  0  0  3877501  0  0  0  0  0  0  0  0  0  21  0  0  0  0  0  46  0  0  0  0  0  0  0 
1441624338  0  0  0  0  0  0  0  0  0  3877501  0  0  0  0  0  0  0  0  0  21  0  0  0  0  0  46  0  0  0  0  0  0  0 
1441624338  0  0  0  0  0  0  0  0  0  3877501  0  0  0  0  0  0  0  0  0  21  0  0  0  0  0  46  0  0  0  0  0  0  0 
1441624339  0  0  0  0  0  0  0  0  0  3877501  0  0  0  0  0  0  0  0  0  21  0  0  0  0  0  46  0  0  0  0  0  0  0 
1441624339  0  0  0  0  0  0  0  0  0  3877501  0  0  0  0  0  0  0  0  0  21  0  0  0  0  0  46  0  0  0  0  0  0  0 
1441624340  0  0  0  0  0  0  0  0  0  3877501  0  0  0  0  0  0  0  0  0  21  0  0  0  0  0  46  0  0  0  0  0  0  0 
1441624340  0  0  0  0  0  0  0  0  0  3877501  0  0  0  0  0  0  0  0  0  21  0  0  0  0  0  46  0  0  0  0  0  0  0 
1441624341  0  0  0  0  0  0  0  0  0  3877501  0  0  0  0  0  0  0  0  0  21  0  0  0  0  0  46  0  0  0  0  0  0  0 
1441624341  0  0  0  0  0  0  0  0  0  3877501  0  0  0  0  0  0  0  0  0  21  0  0  0  0  0  46  0  0  0  0  0  0  0 
1441624342  0  0  0  0  0  0  0  0  0  3877501  0  0  0  0  0  0  0  0  0  21  0  0  0  0  0  46  0  0  0  0  0  0  0 
1441624342  0  0  0  0  0  0  0  0  0  3877501  0  0  0  0  0  0  0  0  0  21  0  0  0  0  0  46  0  0  0  0  0  0  0 
1441624343  0  0  0  0  0  0  0  0  0  3877501  0  0  0  0  0  0  0  0  0  21  0  0  0  0  0  46  0  0  0  0  0  0  0 
1441624343  0  0  0  0  0  0  0  0  0  3877501  0  0  0  0  0  0  0  0  0  21  0  0  0  0  0  46  0  0  0  0  0  0  0 
1441624344  0  0  0  0  0  0  0  0  0  3877501  0  0  0  0  0  0  0  0  0  21  0  0  0  0  0  46  0  0  0  0  0  0  0 
1441624344  0  0  0  0  0  0  0  0  0  3877501  0  0  0  0  0  0  0  0  0  21  0  0  0  0  0  46  0  0  0  0  0  0  0 
1441624345  0  0  0  0  0  0  0  0  0  3877501  0  0  0  0  0  0  0  0  0  21  0  0  0  0  0  46  0  0  0  0  0  0  0 
1441624345  0  0  0  0  0  0  0  0  0  3877501  0  0  0  0  0  0  0  0  0  21  0  0  0  0  0  46  0  0  0  0  0  0  0 
1441624346  0  0  0  0  0  0  0  0  0  3877501  0  0  0  0  0  0  0  0  0  21  0  0  0  0  0  46  0  0  0  0  0  0  0 
1441624346  0  0  0  0  0  0  0  0  0  3877501  0  0  0  0  0  0  0  0  0  21  0  0  0  0  0  46  0  0  0  0  0  0  0 
1441624347  0  0  0  0  0  0  0  0  0  3877501  0  0  0  0  0  0  0  0  0  21  0  0  0  0  0  46  0  0  0  0  0  0  0 
1441624347  0  0  0  0  0  0  0  0  0  3877501  0  0  0  0  0  0  0  0  0  21  0  0  0  0  0  46  0  0  0  0  0  0  0 
1441624348  0  0  0  0  0  0  0  0  0  3877501  0  0  0  0  0  0  0  0  0  21  0  0  0  0  0  46  0  0  0  0  0  0  0 
1441624348  0  0  0  0  0  0  0  0  0  3877501  0  0  0  0  0  0  0  0  0  21  0  0  0  0  0  46  0  0  0  0  0  0  0 
1441624349  0  0  0  0  0  0  0  0  0  3877501  0  0  0  0  0  0  0  0  0  21  0  0  0  0  0  46  0  0  0  0  0  0  0 
1441624349  0  0  0  0  0  0  0  0  0  3877501  0  0  0  0  0  0  0  0  0  21  0  0  0  0  0  46  0  0  0  0  0  0  0 
1441624350  0  0  0  0  0  0  0  0  0  3877501  0  0  0  0  0  0  0  0  0  21  0  0  0  0  0  46  0  0  0  0  0  0  0 
1441624350  0  0  0  0  0  0  0  0  0  3877501  0  0  0  0  0  0  0  0  0  21  0  0  0  0  0  46  0  0  0  0  0  0  0 
1441624351  0  0  0  0  0  0  0  0  0  3877501  0  0  0  0  0  0  0  0  0  21  0  0  0  0  0  46  0  0  0  0  0  0  0 
1441624351  0  0  0  0  0  0  0  0  0  3877501  0  0  0  0  0  0  0  0  0  21  0  0  0  0  0  46  0  0  0  0  0  0  0 
1441624352  0  0  0  0  0  0  0  0  0  3877501  0  0  0  0  0  0  0  0  0  21  0  0  0  0  0  46  0  0  0  0  0  0  0 
1441624352  0  0  0  0  0  0  0  0  0  3877501  0  0  0  0  0  0  0  0  0  21  0  0  0  0  0  46  0  0  0  0  0  0  0 
1441624353  0  0  0  0  0  0  0  0  0  3877501  0  0  0  0  0  0  0  0  0  21  0  0  0  0  0  46  0  0  0  0  0  0  0 
1441624353  0  0  0  0  0  0  0  0  0  3877501  0  0  0  0  0  0  0  0  0  21  0  0  0  0  0  46  0  0  0  0  0  0  0 
1441624354  0  0  0  0  0  0  0  0  0  3877501  0  0  0  0  0  0  0  0  0  21  0  0  0  0  0  46  0  0  0  0  0  0  0 
1441624354  0  0  0  0  0  0  0  0  0  3877501  0  0  0  0  0  0  0  0  0  21  0  0  0  0  0  46  0  0  0  0  0  0  0 
1441624355  0  0  0  0  0  0  0  0  0  3877501  0  0  0  0  0  0  0  0  0  21  0  0  0  0  0  46  0  0  0  0  0  0  0 
1441624355  0  0  0  0  0  0  0  0  0  3877501  0  0  0  0  0  0  0  0  0  21  0  0  0  0  0  46  0  0  0  0  0  0  0 
1441624356  0  0  0  0  0  0  0  0  0  3877501  0  0  0  0  0  0  0  0  0  21  0  0  0  0  0  46  0  0  0  0  0  0  0 
1441624356  0  0  0  0  0  0  0  0  0  3877501  0  0  0  0  0  0  0  0  0  21  0  0  0  0  0  46  0  0  0  0  0  0  0 
1441624357  0  0  0  0  0  0  0  0  0  3877501  0  0  0  0  0  0  0  0  0  21  0  0  0  0  0  46  0  0  0  0  0  0  0 
1441624357  0  0  0  0  0  0  0  0  0  3877501  0  0  0  0  0  0  0  0  0  21  0  0  0  0  0  46  0  0  0  0  0  0  0 
1441624358  0  0  0  0  0  0  0  0  0  3877501  0  0  0  0  0  0  0  0  0  21  0  0  0  0  0  46  0  0  0  0  0  0  0 
1441624358  0  0  0  0  0  0  0  0  0  3877501  0  0  0  0  0  0  0  0  0  21  0  0  0  0  0  46  0  0  0  0  0  0  0 
1441624359  0  0  0  0  0  0  0  0  0  3877501  0  0  0  0  0  0  0  0  0  21  0  0  0  0  0  46  0  0  0  0  0  0  0 
1441624359  0  0  0  0  0  0  0  0  0  3877501  0  0  0  0  0  0  0  0  0  21  0  0  0  0  0  46  0  0  0  0  0  0  0 
1441624360  0  0  0  0  0  0  0  0  0  3877501  0  0  0  0  0  0  0  0  0  21  0  0  0  0  0  46  0  0  0  0  0  0  0 
1441624360  0  0  0  0  0  0  0  0  0  3877501  0  0  0  0  0  0  0  0  0  21  0  0  0  0  0  46  0  0  0  0  0  0  0 
1441624361  0  0  0  0  0  0  0  0  0  3877501  0  0  0  0  0  0  0  0  0  21  0  0  0  0  0  46  0  0  0  0  0  0  0 
1441624361  0  0  0  0  0  0  0  0  0  3877501  0  0  0  0  0  0  0  0  0  21  0  0  0  0  0  46  0  0  0  0  0  0  0 
1441624362  0  0  0  0  0  0  0  0  0  3877501  0  0  0  0  0  0  0  0  0  21  0  0  0  0  0  46  0  0  0  0  0  0  0 
1441624363  0  0  0  0  0  0  0  0  0  3877501  0  0  0  0  0  0  0  0  0  21  0  0  0  0  0  46  0  0  0  0  0  0  0 
1441624363  0  0  0  0  0  0  0  0  0  3877501  0  0  0  0  0  0  0  0  0  21  0  0  0  0  0  46  0  0  0  0  0  0  0 
1441624364  0  0  0  0  0  0  0  0  0  3877501  0  0  0  0  0  0  0  0  0  21  0  0  0  0  0  46  0  0  0  0  0  0  0 
1441624364  0  0  0  0  0  0  0  0  0  3877501  0  0  0  0  0  0  0  0  0  21  0  0  0  0  0  46  0  0  0  0  0  0  0 
1441624365  0  0  0  0  0  0  0  0  0  3877501  0  0  0  0  0  0  0  0  0  21  0  0  0  0  0  46  0  0  0  0  0  0  0 
1441624365  0  0  0  0  0  0  0  0  0  3877501  0  0  0  0  0  0  0  0  0  21  0  0  0  0  0  46  0  0  0  0  0  0  0 
1441624366  0  0  0  0  0  0  0  0  0  3877501  0  0  0  0  0  0  0  0  0  21  0  0  0  0  0  46  0  0  0  0  0  0  0 
1441624366  0  0  0  0  0  0  0  0  0  3877501  0  0  0  0  0  0  0  0  0  21  0  0  0  0  0  46  0  0  0  0  0  0  0 
1441624367  0  0  0  0  0  0  0  0  0  3877501  0  0  0  0  0  0  0  0  0  21  0  0  0  0  0  46  0  0  0  0  0  0  0 
1441624367  0  0  0  0  0  0  0  0  0  3877501  0  0  0  0  0  0  0  0  0  21  0  0  0  0  0  46  0  0  0  0  0  0  0 
1441624368  0  0  0  0  0  0  0  0  0  3877501  0  0  0  0  0  0  0  0  0  21  0  0  0  0  0  46  0  0  0  0  0  0  0 
1441624368  0  0  0  0  0  0  0  0  0  3877501  0  0  0  0  0  0  0  0  0  21  0  0  0  0  0  46  0  0  0  0  0  0  0 
1441624369  0  0  0  0  0  0  0  0  0  3877501  0  0  0  0  0  0  0  0  0  21  0  0  0  0  0  46  0  0  0  0  0  0  0 
1441624369  0  0  0  0  0  0  0  0  0  3877501  0  0  0  0  0  0  0  0  0  21  0  0  0  0  0  46  0  0  0  0  0  0  0 
1441624370  0  0  0  0  0  0  0  0  0  3877501  0  0  0  0  0  0  0  0  0  21  0  0  0  0  0  46  0  0  0  0  0  0  0 
1441624370  0  0  0  0  0  0  0  0  0  3877501  0  0  0  0  0  0  0  0  0  21  0  0  0  0  0  46  0  0  0  0  0  0  0 
1441624371  0  0  0  0  0  0  0  0  0  3877501  0  0  0  0  0  0  0  0  0  21  0  0  0  0  0  46  0  0  0  0  0  0  0 
1441624371  0  0  0  0  0  0  0  0  0  3877501  0  0  0  0  0  0  0  0  0  21  0  0  0  0  0  46  0  0  0  0  0  0  0 
1441624372  0  0  0  0  0  0  0  0  0  3877501  0  0  0  0  0  0  0  0  0  21  0  0  0  0  0  46  0  0  0  0  0  0  0 
1441624372  0  0  0  0  0  0  0  0  0  3877501  0  0  0  0  0  0  0  0  0  21  0  0  0  0  0  46  0  0  0  0  0  0  0 
1441624373  0  0  0  0  0  0  0  0  0  3877501  0  0  0  0  0  0  0  0  0  21  0  0  0  0  0  46  0  0  0  0  0  0  0 
1441624373  0  0  0  0  0  0  0  0  0  3877501  0  0  0  0  0  0  0  0  0  21  0  0  0  0  0  46  0  0  0  0  0  0  0 
1441624374  0  0  0  0  0  0  0  0  0  3877501  0  0  0  0  0  0  0  0  0  21  0  0  0  0  0  46  0  0  0  0  0  0  0 
1441624374  0  0  0  0  0  0  0  0  0  3877501  0  0  0  0  0  0  0  0  0  21  0  0  0  0  0  46  0  0  0  0  0  0  0 
1441624375  0  0  0  0  0  0  0  0  0  3877501  0  0  0  0  0  0  0  0  0  21  0  0  0  0  0  46  0  0  0  0  0  0  0 
1441624375  0  0  0  0  0  0  0  0  0  3877501  0  0  0  0  0  0  0  0  0  21  0  0  0  0  0  46  0  0  0  0  0  0  0 
1441624376  0  0  0  0  0  0  0  0  0  3877501  0  0  0  0  0  0  0  0  0  21  0  0  0  0  0  46  0  0  0  0  0  0  0 
1441624376  0  0  0  0  0  0  0  0  0  3877501  0  0  0  0  0  0  0  0  0  21  0  0  0  0  0  46  0  0  0  0  0  0  0 
1441624377  0  0  0  0  0  0  0  0  0  3877501  0  0  0  0  0  0  0  0  0  21  0  0  0  0  0  46  0  0  0  0  0  0  0 
1441624377  0  0  0  0  0  0  0  0  0  3877501  0  0  0  0  0  0  0  0  0  21  0  0  0  0  0  46  0  0  0  0  0  0  0 
1441624378  0  0  0  0  0  0  0  0  0  3877501  0  0  0  0  0  0  0  0  0  21  0  0  0  0  0  46  0  0  0  0  0  0  0 
1441624378  0  0  0  0  0  0  0  0  0  3877501  0  0  0  0  0  0  0  0  0  21  0  0  0  0  0  46  0  0  0  0  0  0  0 
1441624379  0  0  0  0  0  0  0  0  0  3877501  0  0  0  0  0  0  0  0  0  21  0  0  0  0  0  46  0  0  0  0  0  0  0 
1441624379  0  0  0  0  0  0  0  0  0  3877501  0  0  0  0  0  0  0  0  0  21  0  0  0  0  0  46  0  0  0  0  0  0  0 
1441624380  0  0  0  0  0  0  0  0  0  3877501  0  0  0  0  0  0  0  0  0  21  0  0  0  0  0  46  0  0  0  0  0  0  0 
1441624380  0  0  0  0  0  0  0  0  0  3877501  0  0  0  0  0  0  0  0  0  21  0  0  0  0  0  46  0  0  0  0  0  0  0 
1441624381  0  0  0  0  0  0  0  0  0  3877501  0  0  0  0  0  0  0  0  0  21  0  0  0  0  0  46  0  0  0  0  0  0  0 
1441624381  0  0  0  0  0  0  0  0  0  3877501  0  0  0  0  0  0  0  0  0  21  0  0  0  0  0  46  0  0  0  0  0  0  0 
1441624382  0  0  0  0  0  0  0  0  0  3877501  0  0  0  0  0  0  0  0  0  21  0  0  0  0  0  46  0  0  0  0  0  0  0 
1441624382  0  0  0  0  0  0  0  0  0  3877501  0  0  0  0  0  0  0  0  0  21  0  0  0  0  0  46  0  0  0  0  0  0  0 
1441624383  0  0  0  0  0  0  0  0  0  3877501  0  0  0  0  0  0  0  0  0  21  0  0  0  0  0  46  0  0  0  0  0  0  0 
1441624383  0  0  0  0  0  0  0  0  0  3877501  0  0  0  0  0  0  0  0  0  21  0  0  0  0  0  46  0  0  0  0  0  0  0 
1441624384  0  0  0  0  0  0  0  0  0  3877501  0  0  0  0  0  0  0  0  0  21  0  0  0  0  0  46  0  0  0  0  0  0  0 
1441624384  0  0  0  0  0  0  0  0  0  3877501  0  0  0  0  0  0  0  0  0  21  0  0  0  0  0  46  0  0  0  0  0  0  0 
1441624385  0  0  0  0  0  0  0  0  0  3877501  0  0  0  0  0  0  0  0  0  21  0  0  0  0  0  46  0  0  0  0  0  0  0 
1441624385  0  0  0  0  0  0  0  0  0  3877501  0  0  0  0  0  0  0  0  0  21  0  0  0  0  0  46  0  0  0  0  0  0  0 
1441624386  0  0  0  0  0  0  0  0  0  3877501  0  0  0  0  0  0  0  0  0  21  0  0  0  0  0  46  0  0  0  0  0  0  0 
1441624386  0  0  0  0  0  0  0  0  0  3877501  0  0  0  0  0  0  0  0  0  21  0  0  0  0  0  46  0  0  0  0  0  0  0 
1441624387  0  0  0  0  0  0  0  0  0  3877501  0  0  0  0  0  0  0  0  0  21  0  0  0  0  0  46  0  0  0  0  0  0  0 
1441624387  0  0  0  0  0  0  0  0  0  3877501  0  0  0  0  0  0  0  0  0  21  0  0  0  0  0  46  0  0  0  0  0  0  0 
1441624388  0  0  0  0  0  0  0  0  0  3877501  0  0  0  0  0  0  0  0  0  21  0  0  0  0  0  46  0  0  0  0  0  0  0 
1441624388  0  0  0  0  0  0  0  0  0  3877501  0  0  0  0  0  0  0  0  0  21  0  0  0  0  0  46  0  0  0  0  0  0  0 
1441624389  0  0  0  0  0  0  0  0  0  3877501  0  0  0  0  0  0  0  0  0  21  0  0  0  0  0  46  0  0  0  0  0  0  0 
1441624389  0  0  0  0  0  0  0  0  0  3877501  0  0  0  0  0  0  0  0  0  21  0  0  0  0  0  46  0  0  0  0  0  0  0 
1441624390  0  0  0  0  0  0  0  0  0  3877501  0  0  0  0  0  0  0  0  0  21  0  0  0  0  0  46  0  0  0  0  0  0  0 
1441624390  0  0  0  0  0  0  0  0  0  3877501  0  0  0  0  0  0  0  0  0  21  0  0  0  0  0  46  0  0  0  0  0  0  0 
1441624391  0  0  0  0  0  0  0  0  0  3877501  0  0  0  0  0  0  0  0  0  21  0  0  0  0  0  46  0  0  0  0  0  0  0 
1441624391  0  0  0  0  0  0  0  0  0  3877501  0  0  0  0  0  0  0  0  0  21  0  0  0  0  0  46  0  0  0  0  0  0  0 
1441624392  0  0  0  0  0  0  0  0  0  3877501  0  0  0  0  0  0  0  0  0  21  0  0  0  0  0  46  0  0  0  0  0  0  0 
1441624392  0  0  0  0  0  0  0  0  0  3953747  0  0  0  0  0  0  0  0  0  25  0  0  0  0  0  59  0  76246  0  0  0  0  0 
1441624393  0  0  0  0  0  0  0  0  0  3963930  0  0  0  0  0  0  0  0  0  25  0  0  0  0  0  59  0  10183  0  0  0  0  0 
