#Type:X;CI:11;ww:0;ca:0;co:1;fr:0;Type:X;CI:11;PI:0;PT:EP;U0:0;U1:0;
#time  Pp  gt  gs  cn  cm  cb  Nc  Pc  cp  Tc  Nm  pr  ps  pt  px  pd  Pm  Om  fs  ft  Oc  Em  Gp  Ec  Ge  ot  os  Total_cycles_diff  Successful_get_diff  Total_get_diff  succ_put_diff  total_put_diff  get_hit  
1441623719  0  0  0  0  0  0  0  0  0  721386  0  0  0  0  0  0  0  0  0  0  0  0  0  0  0  0  0  721386  0  0  0  0  
1441623719  0  0  0  0  0  0  0  0  0  1273989  0  0  0  0  0  0  0  0  0  0  0  0  0  0  0  0  0  552603  0  0  0  0  0 
1441623720  0  0  0  0  0  0  0  0  0  1606155  0  0  0  0  0  0  0  0  0  0  0  0  0  0  0  0  0  332166  0  0  0  0  0 
1441623720  0  0  0  0  0  0  0  0  0  1811057  0  0  0  0  0  0  0  0  0  0  0  0  0  0  0  0  0  204902  0  0  0  0  0 
1441623721  0  0  0  0  0  0  0  0  0  2094519  0  0  0  0  0  0  0  0  0  0  0  0  0  0  0  1  0  283462  0  0  0  0  0 
1441623721  0  0  0  0  0  0  0  0  0  2831413  0  0  0  0  0  0  0  0  0  15  0  0  0  0  0  41  0  736894  0  0  0  0  0 
1441623722  0  0  0  0  0  0  0  0  0  2831413  0  0  0  0  0  0  0  0  0  15  0  0  0  0  0  41  0  0  0  0  0  0  0 
1441623722  0  0  0  0  0  0  0  0  0  3546862  0  0  0  0  0  0  0  0  0  21  0  0  0  0  0  46  0  715449  0  0  0  0  0 
1441623723  0  0  0  0  0  0  0  0  0  3981584  0  0  0  0  0  0  0  0  0  21  0  0  0  0  0  46  0  434722  0  0  0  0  0 
1441623723  0  0  0  0  0  0  0  0  0  4067915  0  0  0  0  0  0  0  0  0  21  0  0  0  0  0  46  0  86331  0  0  0  0  0 
1441623724  0  0  0  0  0  0  0  0  0  4067915  0  0  0  0  0  0  0  0  0  21  0  0  0  0  0  46  0  0  0  0  0  0  0 
1441623724  0  0  0  0  0  0  0  0  0  4067915  0  0  0  0  0  0  0  0  0  21  0  0  0  0  0  46  0  0  0  0  0  0  0 
1441623725  0  0  0  0  0  0  0  0  0  4067915  0  0  0  0  0  0  0  0  0  21  0  0  0  0  0  46  0  0  0  0  0  0  0 
1441623726  0  0  0  0  0  0  0  0  0  4067915  0  0  0  0  0  0  0  0  0  21  0  0  0  0  0  46  0  0  0  0  0  0  0 
1441623726  0  0  0  0  0  0  0  0  0  4067915  0  0  0  0  0  0  0  0  0  21  0  0  0  0  0  46  0  0  0  0  0  0  0 
1441623727  0  0  0  0  0  0  0  0  0  4067915  0  0  0  0  0  0  0  0  0  21  0  0  0  0  0  46  0  0  0  0  0  0  0 
1441623727  0  0  0  0  0  0  0  0  0  4067915  0  0  0  0  0  0  0  0  0  21  0  0  0  0  0  46  0  0  0  0  0  0  0 
1441623728  0  0  0  0  0  0  0  0  0  4067915  0  0  0  0  0  0  0  0  0  21  0  0  0  0  0  46  0  0  0  0  0  0  0 
1441623728  0  0  0  0  0  0  0  0  0  4067915  0  0  0  0  0  0  0  0  0  21  0  0  0  0  0  46  0  0  0  0  0  0  0 
1441623729  0  0  0  0  0  0  0  0  0  4067915  0  0  0  0  0  0  0  0  0  21  0  0  0  0  0  46  0  0  0  0  0  0  0 
1441623729  0  0  0  0  0  0  0  0  0  4067915  0  0  0  0  0  0  0  0  0  21  0  0  0  0  0  46  0  0  0  0  0  0  0 
1441623730  0  0  0  0  0  0  0  0  0  4067915  0  0  0  0  0  0  0  0  0  21  0  0  0  0  0  46  0  0  0  0  0  0  0 
1441623730  0  0  0  0  0  0  0  0  0  4067915  0  0  0  0  0  0  0  0  0  21  0  0  0  0  0  46  0  0  0  0  0  0  0 
1441623731  0  0  0  0  0  0  0  0  0  4067915  0  0  0  0  0  0  0  0  0  21  0  0  0  0  0  46  0  0  0  0  0  0  0 
1441623731  0  0  0  0  0  0  0  0  0  4067915  0  0  0  0  0  0  0  0  0  21  0  0  0  0  0  46  0  0  0  0  0  0  0 
1441623732  0  0  0  0  0  0  0  0  0  4067915  0  0  0  0  0  0  0  0  0  21  0  0  0  0  0  46  0  0  0  0  0  0  0 
1441623732  0  0  0  0  0  0  0  0  0  4067915  0  0  0  0  0  0  0  0  0  21  0  0  0  0  0  46  0  0  0  0  0  0  0 
1441623733  0  0  0  0  0  0  0  0  0  4067915  0  0  0  0  0  0  0  0  0  21  0  0  0  0  0  46  0  0  0  0  0  0  0 
1441623733  0  0  0  0  0  0  0  0  0  4067915  0  0  0  0  0  0  0  0  0  21  0  0  0  0  0  46  0  0  0  0  0  0  0 
1441623734  0  0  0  0  0  0  0  0  0  4067915  0  0  0  0  0  0  0  0  0  21  0  0  0  0  0  46  0  0  0  0  0  0  0 
1441623734  0  0  0  0  0  0  0  0  0  4067915  0  0  0  0  0  0  0  0  0  21  0  0  0  0  0  46  0  0  0  0  0  0  0 
1441623735  0  0  0  0  0  0  0  0  0  4067915  0  0  0  0  0  0  0  0  0  21  0  0  0  0  0  46  0  0  0  0  0  0  0 
1441623735  0  0  0  0  0  0  0  0  0  4067915  0  0  0  0  0  0  0  0  0  21  0  0  0  0  0  46  0  0  0  0  0  0  0 
1441623736  0  0  0  0  0  0  0  0  0  4067915  0  0  0  0  0  0  0  0  0  21  0  0  0  0  0  46  0  0  0  0  0  0  0 
1441623736  0  0  0  0  0  0  0  0  0  4067915  0  0  0  0  0  0  0  0  0  21  0  0  0  0  0  46  0  0  0  0  0  0  0 
1441623737  0  0  0  0  0  0  0  0  0  4067915  0  0  0  0  0  0  0  0  0  21  0  0  0  0  0  46  0  0  0  0  0  0  0 
1441623737  0  0  0  0  0  0  0  0  0  4067915  0  0  0  0  0  0  0  0  0  21  0  0  0  0  0  46  0  0  0  0  0  0  0 
1441623738  0  0  0  0  0  0  0  0  0  4067915  0  0  0  0  0  0  0  0  0  21  0  0  0  0  0  46  0  0  0  0  0  0  0 
1441623738  0  0  0  0  0  0  0  0  0  4067915  0  0  0  0  0  0  0  0  0  21  0  0  0  0  0  46  0  0  0  0  0  0  0 
1441623739  0  0  0  0  0  0  0  0  0  4067915  0  0  0  0  0  0  0  0  0  21  0  0  0  0  0  46  0  0  0  0  0  0  0 
1441623739  0  0  0  0  0  0  0  0  0  4067915  0  0  0  0  0  0  0  0  0  21  0  0  0  0  0  46  0  0  0  0  0  0  0 
1441623740  0  0  0  0  0  0  0  0  0  4067915  0  0  0  0  0  0  0  0  0  21  0  0  0  0  0  46  0  0  0  0  0  0  0 
1441623740  0  0  0  0  0  0  0  0  0  4067915  0  0  0  0  0  0  0  0  0  21  0  0  0  0  0  46  0  0  0  0  0  0  0 
1441623741  0  0  0  0  0  0  0  0  0  4067915  0  0  0  0  0  0  0  0  0  21  0  0  0  0  0  46  0  0  0  0  0  0  0 
1441623741  0  0  0  0  0  0  0  0  0  4067915  0  0  0  0  0  0  0  0  0  21  0  0  0  0  0  46  0  0  0  0  0  0  0 
1441623742  0  0  0  0  0  0  0  0  0  4067915  0  0  0  0  0  0  0  0  0  21  0  0  0  0  0  46  0  0  0  0  0  0  0 
1441623742  0  0  0  0  0  0  0  0  0  4067915  0  0  0  0  0  0  0  0  0  21  0  0  0  0  0  46  0  0  0  0  0  0  0 
1441623743  0  0  0  0  0  0  0  0  0  4067915  0  0  0  0  0  0  0  0  0  21  0  0  0  0  0  46  0  0  0  0  0  0  0 
1441623743  0  0  0  0  0  0  0  0  0  4067915  0  0  0  0  0  0  0  0  0  21  0  0  0  0  0  46  0  0  0  0  0  0  0 
1441623744  0  0  0  0  0  0  0  0  0  4067915  0  0  0  0  0  0  0  0  0  21  0  0  0  0  0  46  0  0  0  0  0  0  0 
1441623744  0  0  0  0  0  0  0  0  0  4067915  0  0  0  0  0  0  0  0  0  21  0  0  0  0  0  46  0  0  0  0  0  0  0 
1441623745  0  0  0  0  0  0  0  0  0  4067915  0  0  0  0  0  0  0  0  0  21  0  0  0  0  0  46  0  0  0  0  0  0  0 
1441623745  0  0  0  0  0  0  0  0  0  4067915  0  0  0  0  0  0  0  0  0  21  0  0  0  0  0  46  0  0  0  0  0  0  0 
1441623746  0  0  0  0  0  0  0  0  0  4067915  0  0  0  0  0  0  0  0  0  21  0  0  0  0  0  46  0  0  0  0  0  0  0 
1441623746  0  0  0  0  0  0  0  0  0  4067915  0  0  0  0  0  0  0  0  0  21  0  0  0  0  0  46  0  0  0  0  0  0  0 
1441623747  0  0  0  0  0  0  0  0  0  4067915  0  0  0  0  0  0  0  0  0  21  0  0  0  0  0  46  0  0  0  0  0  0  0 
1441623747  0  0  0  0  0  0  0  0  0  4067915  0  0  0  0  0  0  0  0  0  21  0  0  0  0  0  46  0  0  0  0  0  0  0 
1441623748  0  0  0  0  0  0  0  0  0  4067915  0  0  0  0  0  0  0  0  0  21  0  0  0  0  0  46  0  0  0  0  0  0  0 
1441623748  0  0  0  0  0  0  0  0  0  4067915  0  0  0  0  0  0  0  0  0  21  0  0  0  0  0  46  0  0  0  0  0  0  0 
1441623749  0  0  0  0  0  0  0  0  0  4067915  0  0  0  0  0  0  0  0  0  21  0  0  0  0  0  46  0  0  0  0  0  0  0 
1441623749  0  0  0  0  0  0  0  0  0  4067915  0  0  0  0  0  0  0  0  0  21  0  0  0  0  0  46  0  0  0  0  0  0  0 
1441623750  0  0  0  0  0  0  0  0  0  4067915  0  0  0  0  0  0  0  0  0  21  0  0  0  0  0  46  0  0  0  0  0  0  0 
1441623750  0  0  0  0  0  0  0  0  0  4067915  0  0  0  0  0  0  0  0  0  21  0  0  0  0  0  46  0  0  0  0  0  0  0 
1441623751  0  0  0  0  0  0  0  0  0  4067915  0  0  0  0  0  0  0  0  0  21  0  0  0  0  0  46  0  0  0  0  0  0  0 
1441623751  0  0  0  0  0  0  0  0  0  4067915  0  0  0  0  0  0  0  0  0  21  0  0  0  0  0  46  0  0  0  0  0  0  0 
1441623752  0  0  0  0  0  0  0  0  0  4067915  0  0  0  0  0  0  0  0  0  21  0  0  0  0  0  46  0  0  0  0  0  0  0 
1441623752  0  0  0  0  0  0  0  0  0  4067915  0  0  0  0  0  0  0  0  0  21  0  0  0  0  0  46  0  0  0  0  0  0  0 
1441623753  0  0  0  0  0  0  0  0  0  4067915  0  0  0  0  0  0  0  0  0  21  0  0  0  0  0  46  0  0  0  0  0  0  0 
1441623753  0  0  0  0  0  0  0  0  0  4067915  0  0  0  0  0  0  0  0  0  21  0  0  0  0  0  46  0  0  0  0  0  0  0 
1441623754  0  0  0  0  0  0  0  0  0  4067915  0  0  0  0  0  0  0  0  0  21  0  0  0  0  0  46  0  0  0  0  0  0  0 
1441623754  0  0  0  0  0  0  0  0  0  4067915  0  0  0  0  0  0  0  0  0  21  0  0  0  0  0  46  0  0  0  0  0  0  0 
1441623755  0  0  0  0  0  0  0  0  0  4067915  0  0  0  0  0  0  0  0  0  21  0  0  0  0  0  46  0  0  0  0  0  0  0 
1441623755  0  0  0  0  0  0  0  0  0  4067915  0  0  0  0  0  0  0  0  0  21  0  0  0  0  0  46  0  0  0  0  0  0  0 
1441623756  0  0  0  0  0  0  0  0  0  4067915  0  0  0  0  0  0  0  0  0  21  0  0  0  0  0  46  0  0  0  0  0  0  0 
1441623756  0  0  0  0  0  0  0  0  0  4067915  0  0  0  0  0  0  0  0  0  21  0  0  0  0  0  46  0  0  0  0  0  0  0 
1441623757  0  0  0  0  0  0  0  0  0  4067915  0  0  0  0  0  0  0  0  0  21  0  0  0  0  0  46  0  0  0  0  0  0  0 
1441623757  0  0  0  0  0  0  0  0  0  4067915  0  0  0  0  0  0  0  0  0  21  0  0  0  0  0  46  0  0  0  0  0  0  0 
1441623758  0  0  0  0  0  0  0  0  0  4067915  0  0  0  0  0  0  0  0  0  21  0  0  0  0  0  46  0  0  0  0  0  0  0 
1441623758  0  0  0  0  0  0  0  0  0  4067915  0  0  0  0  0  0  0  0  0  21  0  0  0  0  0  46  0  0  0  0  0  0  0 
1441623759  0  0  0  0  0  0  0  0  0  4067915  0  0  0  0  0  0  0  0  0  21  0  0  0  0  0  46  0  0  0  0  0  0  0 
1441623760  0  0  0  0  0  0  0  0  0  4067915  0  0  0  0  0  0  0  0  0  21  0  0  0  0  0  46  0  0  0  0  0  0  0 
1441623760  0  0  0  0  0  0  0  0  0  4067915  0  0  0  0  0  0  0  0  0  21  0  0  0  0  0  46  0  0  0  0  0  0  0 
1441623761  0  0  0  0  0  0  0  0  0  4067915  0  0  0  0  0  0  0  0  0  21  0  0  0  0  0  46  0  0  0  0  0  0  0 
1441623761  0  0  0  0  0  0  0  0  0  4067915  0  0  0  0  0  0  0  0  0  21  0  0  0  0  0  46  0  0  0  0  0  0  0 
1441623762  0  0  0  0  0  0  0  0  0  4067915  0  0  0  0  0  0  0  0  0  21  0  0  0  0  0  46  0  0  0  0  0  0  0 
1441623762  0  0  0  0  0  0  0  0  0  4067915  0  0  0  0  0  0  0  0  0  21  0  0  0  0  0  46  0  0  0  0  0  0  0 
1441623763  0  0  0  0  0  0  0  0  0  4067915  0  0  0  0  0  0  0  0  0  21  0  0  0  0  0  46  0  0  0  0  0  0  0 
1441623763  0  0  0  0  0  0  0  0  0  4067915  0  0  0  0  0  0  0  0  0  21  0  0  0  0  0  46  0  0  0  0  0  0  0 
1441623764  0  0  0  0  0  0  0  0  0  4067915  0  0  0  0  0  0  0  0  0  21  0  0  0  0  0  46  0  0  0  0  0  0  0 
1441623764  0  0  0  0  0  0  0  0  0  4067915  0  0  0  0  0  0  0  0  0  21  0  0  0  0  0  46  0  0  0  0  0  0  0 
1441623765  0  0  0  0  0  0  0  0  0  4067915  0  0  0  0  0  0  0  0  0  21  0  0  0  0  0  46  0  0  0  0  0  0  0 
1441623765  0  0  0  0  0  0  0  0  0  4067915  0  0  0  0  0  0  0  0  0  21  0  0  0  0  0  46  0  0  0  0  0  0  0 
1441623766  0  0  0  0  0  0  0  0  0  4067915  0  0  0  0  0  0  0  0  0  21  0  0  0  0  0  46  0  0  0  0  0  0  0 
1441623766  0  0  0  0  0  0  0  0  0  4067915  0  0  0  0  0  0  0  0  0  21  0  0  0  0  0  46  0  0  0  0  0  0  0 
1441623767  0  0  0  0  0  0  0  0  0  4067915  0  0  0  0  0  0  0  0  0  21  0  0  0  0  0  46  0  0  0  0  0  0  0 
1441623767  0  0  0  0  0  0  0  0  0  4067915  0  0  0  0  0  0  0  0  0  21  0  0  0  0  0  46  0  0  0  0  0  0  0 
1441623768  0  0  0  0  0  0  0  0  0  4067915  0  0  0  0  0  0  0  0  0  21  0  0  0  0  0  46  0  0  0  0  0  0  0 
1441623768  0  0  0  0  0  0  0  0  0  4067915  0  0  0  0  0  0  0  0  0  21  0  0  0  0  0  46  0  0  0  0  0  0  0 
1441623769  0  0  0  0  0  0  0  0  0  4067915  0  0  0  0  0  0  0  0  0  21  0  0  0  0  0  46  0  0  0  0  0  0  0 
1441623769  0  0  0  0  0  0  0  0  0  4067915  0  0  0  0  0  0  0  0  0  21  0  0  0  0  0  46  0  0  0  0  0  0  0 
1441623770  0  0  0  0  0  0  0  0  0  4067915  0  0  0  0  0  0  0  0  0  21  0  0  0  0  0  46  0  0  0  0  0  0  0 
1441623770  0  0  0  0  0  0  0  0  0  4067915  0  0  0  0  0  0  0  0  0  21  0  0  0  0  0  46  0  0  0  0  0  0  0 
1441623771  0  0  0  0  0  0  0  0  0  4067915  0  0  0  0  0  0  0  0  0  21  0  0  0  0  0  46  0  0  0  0  0  0  0 
1441623771  0  0  0  0  0  0  0  0  0  4067915  0  0  0  0  0  0  0  0  0  21  0  0  0  0  0  46  0  0  0  0  0  0  0 
1441623772  0  0  0  0  0  0  0  0  0  4067915  0  0  0  0  0  0  0  0  0  21  0  0  0  0  0  46  0  0  0  0  0  0  0 
1441623772  0  0  0  0  0  0  0  0  0  4067915  0  0  0  0  0  0  0  0  0  21  0  0  0  0  0  46  0  0  0  0  0  0  0 
1441623773  0  0  0  0  0  0  0  0  0  4067915  0  0  0  0  0  0  0  0  0  21  0  0  0  0  0  46  0  0  0  0  0  0  0 
1441623773  0  0  0  0  0  0  0  0  0  4067915  0  0  0  0  0  0  0  0  0  21  0  0  0  0  0  46  0  0  0  0  0  0  0 
1441623774  0  0  0  0  0  0  0  0  0  4067915  0  0  0  0  0  0  0  0  0  21  0  0  0  0  0  46  0  0  0  0  0  0  0 
1441623774  0  0  0  0  0  0  0  0  0  4067915  0  0  0  0  0  0  0  0  0  21  0  0  0  0  0  46  0  0  0  0  0  0  0 
1441623775  0  0  0  0  0  0  0  0  0  4067915  0  0  0  0  0  0  0  0  0  21  0  0  0  0  0  46  0  0  0  0  0  0  0 
1441623775  0  0  0  0  0  0  0  0  0  4067915  0  0  0  0  0  0  0  0  0  21  0  0  0  0  0  46  0  0  0  0  0  0  0 
1441623776  0  0  0  0  0  0  0  0  0  4076512  0  0  0  0  0  0  0  0  0  21  0  0  0  0  0  47  0  8597  0  0  0  0  0 
1441623776  0  0  0  0  0  0  0  0  0  4076512  0  0  0  0  0  0  0  0  0  21  0  0  0  0  0  47  0  0  0  0  0  0  0 
1441623777  0  0  0  0  0  0  0  0  0  4076512  0  0  0  0  0  0  0  0  0  21  0  0  0  0  0  47  0  0  0  0  0  0  0 
1441623777  0  0  0  0  0  0  0  0  0  4076512  0  0  0  0  0  0  0  0  0  21  0  0  0  0  0  47  0  0  0  0  0  0  0 
1441623778  0  0  0  0  0  0  0  0  0  4076512  0  0  0  0  0  0  0  0  0  21  0  0  0  0  0  47  0  0  0  0  0  0  0 
1441623778  0  0  0  0  0  0  0  0  0  4076512  0  0  0  0  0  0  0  0  0  21  0  0  0  0  0  47  0  0  0  0  0  0  0 
1441623779  0  0  0  0  0  0  0  0  0  4076512  0  0  0  0  0  0  0  0  0  21  0  0  0  0  0  47  0  0  0  0  0  0  0 
1441623779  0  0  0  0  0  0  0  0  0  4076512  0  0  0  0  0  0  0  0  0  21  0  0  0  0  0  47  0  0  0  0  0  0  0 
1441623780  0  0  0  0  0  0  0  0  0  4076512  0  0  0  0  0  0  0  0  0  21  0  0  0  0  0  47  0  0  0  0  0  0  0 
1441623780  0  0  0  0  0  0  0  0  0  4076512  0  0  0  0  0  0  0  0  0  21  0  0  0  0  0  47  0  0  0  0  0  0  0 
1441623781  0  0  0  0  0  0  0  0  0  4076512  0  0  0  0  0  0  0  0  0  21  0  0  0  0  0  47  0  0  0  0  0  0  0 
1441623781  0  0  0  0  0  0  0  0  0  4076512  0  0  0  0  0  0  0  0  0  21  0  0  0  0  0  47  0  0  0  0  0  0  0 
1441623782  0  0  0  0  0  0  0  0  0  4076512  0  0  0  0  0  0  0  0  0  21  0  0  0  0  0  47  0  0  0  0  0  0  0 
1441623782  0  0  0  0  0  0  0  0  0  4076512  0  0  0  0  0  0  0  0  0  21  0  0  0  0  0  47  0  0  0  0  0  0  0 
1441623783  0  0  0  0  0  0  0  0  0  4076512  0  0  0  0  0  0  0  0  0  21  0  0  0  0  0  47  0  0  0  0  0  0  0 
1441623783  0  0  0  0  0  0  0  0  0  4076512  0  0  0  0  0  0  0  0  0  21  0  0  0  0  0  47  0  0  0  0  0  0  0 
1441623784  0  0  0  0  0  0  0  0  0  4076512  0  0  0  0  0  0  0  0  0  21  0  0  0  0  0  47  0  0  0  0  0  0  0 
1441623784  0  0  0  0  0  0  0  0  0  4076512  0  0  0  0  0  0  0  0  0  21  0  0  0  0  0  47  0  0  0  0  0  0  0 
1441623785  0  0  0  0  0  0  0  0  0  4076512  0  0  0  0  0  0  0  0  0  21  0  0  0  0  0  47  0  0  0  0  0  0  0 
1441623785  0  0  0  0  0  0  0  0  0  4079173  0  0  0  0  0  0  0  0  0  21  0  0  0  0  0  48  0  2661  0  0  0  0  0 
1441623786  0  0  0  0  0  0  0  0  0  4079173  0  0  0  0  0  0  0  0  0  21  0  0  0  0  0  48  0  0  0  0  0  0  0 
1441623786  0  0  0  0  0  0  0  0  0  4079173  0  0  0  0  0  0  0  0  0  21  0  0  0  0  0  48  0  0  0  0  0  0  0 
1441623787  0  0  0  0  0  0  0  0  0  4079173  0  0  0  0  0  0  0  0  0  21  0  0  0  0  0  48  0  0  0  0  0  0  0 
1441623787  0  0  0  0  0  0  0  0  0  4079173  0  0  0  0  0  0  0  0  0  21  0  0  0  0  0  48  0  0  0  0  0  0  0 
1441623788  0  0  0  0  0  0  0  0  0  4079173  0  0  0  0  0  0  0  0  0  21  0  0  0  0  0  48  0  0  0  0  0  0  0 
1441623788  0  0  0  0  0  0  0  0  0  4079173  0  0  0  0  0  0  0  0  0  21  0  0  0  0  0  48  0  0  0  0  0  0  0 
1441623789  0  0  0  0  0  0  0  0  0  4079173  0  0  0  0  0  0  0  0  0  21  0  0  0  0  0  48  0  0  0  0  0  0  0 
1441623790  0  0  0  0  0  0  0  0  0  4079173  0  0  0  0  0  0  0  0  0  21  0  0  0  0  0  48  0  0  0  0  0  0  0 
1441623790  0  0  0  0  0  0  0  0  0  4079173  0  0  0  0  0  0  0  0  0  21  0  0  0  0  0  48  0  0  0  0  0  0  0 
1441623791  0  0  0  0  0  0  0  0  0  4079173  0  0  0  0  0  0  0  0  0  21  0  0  0  0  0  48  0  0  0  0  0  0  0 
1441623791  0  0  0  0  0  0  0  0  0  4079173  0  0  0  0  0  0  0  0  0  21  0  0  0  0  0  48  0  0  0  0  0  0  0 
1441623792  0  0  0  0  0  0  0  0  0  4079173  0  0  0  0  0  0  0  0  0  21  0  0  0  0  0  48  0  0  0  0  0  0  0 
1441623792  0  0  0  0  0  0  0  0  0  4079173  0  0  0  0  0  0  0  0  0  21  0  0  0  0  0  48  0  0  0  0  0  0  0 
1441623793  0  0  0  0  0  0  0  0  0  4079173  0  0  0  0  0  0  0  0  0  21  0  0  0  0  0  48  0  0  0  0  0  0  0 
1441623793  0  0  0  0  0  0  0  0  0  4079173  0  0  0  0  0  0  0  0  0  21  0  0  0  0  0  48  0  0  0  0  0  0  0 
1441623794  0  0  0  0  0  0  0  0  0  4079173  0  0  0  0  0  0  0  0  0  21  0  0  0  0  0  48  0  0  0  0  0  0  0 
1441623794  0  0  0  0  0  0  0  0  0  4079173  0  0  0  0  0  0  0  0  0  21  0  0  0  0  0  48  0  0  0  0  0  0  0 
1441623795  0  0  0  0  0  0  0  0  0  4079173  0  0  0  0  0  0  0  0  0  21  0  0  0  0  0  48  0  0  0  0  0  0  0 
1441623795  0  0  0  0  0  0  0  0  0  4079173  0  0  0  0  0  0  0  0  0  21  0  0  0  0  0  48  0  0  0  0  0  0  0 
1441623796  0  0  0  0  0  0  0  0  0  4082669  0  0  0  0  0  0  0  0  0  21  0  0  0  0  0  49  0  3496  0  0  0  0  0 
1441623796  0  0  0  0  0  0  0  0  0  4082669  0  0  0  0  0  0  0  0  0  21  0  0  0  0  0  49  0  0  0  0  0  0  0 
1441623797  0  0  0  0  0  0  0  0  0  4082669  0  0  0  0  0  0  0  0  0  21  0  0  0  0  0  49  0  0  0  0  0  0  0 
1441623797  0  0  0  0  0  0  0  0  0  4082669  0  0  0  0  0  0  0  0  0  21  0  0  0  0  0  49  0  0  0  0  0  0  0 
1441623798  0  0  0  0  0  0  0  0  0  4082669  0  0  0  0  0  0  0  0  0  21  0  0  0  0  0  49  0  0  0  0  0  0  0 
1441623798  0  0  0  0  0  0  0  0  0  4082669  0  0  0  0  0  0  0  0  0  21  0  0  0  0  0  49  0  0  0  0  0  0  0 
1441623799  0  0  0  0  0  0  0  0  0  4082669  0  0  0  0  0  0  0  0  0  21  0  0  0  0  0  49  0  0  0  0  0  0  0 
1441623799  0  0  0  0  0  0  0  0  0  4082669  0  0  0  0  0  0  0  0  0  21  0  0  0  0  0  49  0  0  0  0  0  0  0 
1441623800  0  0  0  0  0  0  0  0  0  4082669  0  0  0  0  0  0  0  0  0  21  0  0  0  0  0  49  0  0  0  0  0  0  0 
1441623800  0  0  0  0  0  0  0  0  0  4082669  0  0  0  0  0  0  0  0  0  21  0  0  0  0  0  49  0  0  0  0  0  0  0 
1441623801  0  0  0  0  0  0  0  0  0  4082669  0  0  0  0  0  0  0  0  0  21  0  0  0  0  0  49  0  0  0  0  0  0  0 
1441623801  0  0  0  0  0  0  0  0  0  4082669  0  0  0  0  0  0  0  0  0  21  0  0  0  0  0  49  0  0  0  0  0  0  0 
1441623802  0  0  0  0  0  0  0  0  0  4082669  0  0  0  0  0  0  0  0  0  21  0  0  0  0  0  49  0  0  0  0  0  0  0 
1441623802  0  0  0  0  0  0  0  0  0  4082669  0  0  0  0  0  0  0  0  0  21  0  0  0  0  0  49  0  0  0  0  0  0  0 
1441623803  0  0  0  0  0  0  0  0  0  4082669  0  0  0  0  0  0  0  0  0  21  0  0  0  0  0  49  0  0  0  0  0  0  0 
1441623803  0  0  0  0  0  0  0  0  0  4082669  0  0  0  0  0  0  0  0  0  21  0  0  0  0  0  49  0  0  0  0  0  0  0 
1441623804  0  0  0  0  0  0  0  0  0  4082669  0  0  0  0  0  0  0  0  0  21  0  0  0  0  0  49  0  0  0  0  0  0  0 
1441623804  0  0  0  0  0  0  0  0  0  4082669  0  0  0  0  0  0  0  0  0  21  0  0  0  0  0  49  0  0  0  0  0  0  0 
1441623805  0  0  0  0  0  0  0  0  0  4082669  0  0  0  0  0  0  0  0  0  21  0  0  0  0  0  49  0  0  0  0  0  0  0 
1441623805  0  0  0  0  0  0  0  0  0  4085645  0  0  0  0  0  0  0  0  0  21  0  0  0  0  0  50  0  2976  0  0  0  0  0 
1441623806  0  0  0  0  0  0  0  0  0  4085645  0  0  0  0  0  0  0  0  0  21  0  0  0  0  0  50  0  0  0  0  0  0  0 
1441623806  0  0  0  0  0  0  0  0  0  4085645  0  0  0  0  0  0  0  0  0  21  0  0  0  0  0  50  0  0  0  0  0  0  0 
1441623807  0  0  0  0  0  0  0  0  0  4085645  0  0  0  0  0  0  0  0  0  21  0  0  0  0  0  50  0  0  0  0  0  0  0 
1441623807  0  0  0  0  0  0  0  0  0  4085645  0  0  0  0  0  0  0  0  0  21  0  0  0  0  0  50  0  0  0  0  0  0  0 
1441623808  0  0  0  0  0  0  0  0  0  4085645  0  0  0  0  0  0  0  0  0  21  0  0  0  0  0  50  0  0  0  0  0  0  0 
1441623808  0  0  0  0  0  0  0  0  0  4085645  0  0  0  0  0  0  0  0  0  21  0  0  0  0  0  50  0  0  0  0  0  0  0 
1441623809  0  0  0  0  0  0  0  0  0  4085645  0  0  0  0  0  0  0  0  0  21  0  0  0  0  0  50  0  0  0  0  0  0  0 
1441623809  0  0  0  0  0  0  0  0  0  4085645  0  0  0  0  0  0  0  0  0  21  0  0  0  0  0  50  0  0  0  0  0  0  0 
1441623810  0  0  0  0  0  0  0  0  0  4085645  0  0  0  0  0  0  0  0  0  21  0  0  0  0  0  50  0  0  0  0  0  0  0 
1441623810  0  0  0  0  0  0  0  0  0  4085645  0  0  0  0  0  0  0  0  0  21  0  0  0  0  0  50  0  0  0  0  0  0  0 
1441623811  0  0  0  0  0  0  0  0  0  4085645  0  0  0  0  0  0  0  0  0  21  0  0  0  0  0  50  0  0  0  0  0  0  0 
1441623811  0  0  0  0  0  0  0  0  0  4085645  0  0  0  0  0  0  0  0  0  21  0  0  0  0  0  50  0  0  0  0  0  0  0 
1441623812  0  0  0  0  0  0  0  0  0  4085645  0  0  0  0  0  0  0  0  0  21  0  0  0  0  0  50  0  0  0  0  0  0  0 
1441623812  0  0  0  0  0  0  0  0  0  4085645  0  0  0  0  0  0  0  0  0  21  0  0  0  0  0  50  0  0  0  0  0  0  0 
1441623813  0  0  0  0  0  0  0  0  0  4085645  0  0  0  0  0  0  0  0  0  21  0  0  0  0  0  50  0  0  0  0  0  0  0 
1441623813  0  0  0  0  0  0  0  0  0  4085645  0  0  0  0  0  0  0  0  0  21  0  0  0  0  0  50  0  0  0  0  0  0  0 
1441623814  0  0  0  0  0  0  0  0  0  4085645  0  0  0  0  0  0  0  0  0  21  0  0  0  0  0  50  0  0  0  0  0  0  0 
1441623814  0  0  0  0  0  0  0  0  0  4085645  0  0  0  0  0  0  0  0  0  21  0  0  0  0  0  50  0  0  0  0  0  0  0 
1441623815  0  0  0  0  0  0  0  0  0  4085645  0  0  0  0  0  0  0  0  0  21  0  0  0  0  0  50  0  0  0  0  0  0  0 
1441623815  0  0  0  0  0  0  0  0  0  4085645  0  0  0  0  0  0  0  0  0  21  0  0  0  0  0  50  0  0  0  0  0  0  0 
1441623816  0  0  0  0  0  0  0  0  0  4089395  0  0  0  0  0  0  0  0  0  21  0  0  0  0  0  51  0  3750  0  0  0  0  0 
1441623816  0  0  0  0  0  0  0  0  0  4089395  0  0  0  0  0  0  0  0  0  21  0  0  0  0  0  51  0  0  0  0  0  0  0 
1441623817  0  0  0  0  0  0  0  0  0  4089395  0  0  0  0  0  0  0  0  0  21  0  0  0  0  0  51  0  0  0  0  0  0  0 
1441623817  0  0  0  0  0  0  0  0  0  4089395  0  0  0  0  0  0  0  0  0  21  0  0  0  0  0  51  0  0  0  0  0  0  0 
1441623818  0  0  0  0  0  0  0  0  0  4089395  0  0  0  0  0  0  0  0  0  21  0  0  0  0  0  51  0  0  0  0  0  0  0 
1441623818  0  0  0  0  0  0  0  0  0  4089395  0  0  0  0  0  0  0  0  0  21  0  0  0  0  0  51  0  0  0  0  0  0  0 
1441623819  0  0  0  0  0  0  0  0  0  4089395  0  0  0  0  0  0  0  0  0  21  0  0  0  0  0  51  0  0  0  0  0  0  0 
1441623819  0  0  0  0  0  0  0  0  0  4089395  0  0  0  0  0  0  0  0  0  21  0  0  0  0  0  51  0  0  0  0  0  0  0 
1441623820  0  0  0  0  0  0  0  0  0  4089395  0  0  0  0  0  0  0  0  0  21  0  0  0  0  0  51  0  0  0  0  0  0  0 
1441623820  0  0  0  0  0  0  0  0  0  4089395  0  0  0  0  0  0  0  0  0  21  0  0  0  0  0  51  0  0  0  0  0  0  0 
1441623821  0  0  0  0  0  0  0  0  0  4089395  0  0  0  0  0  0  0  0  0  21  0  0  0  0  0  51  0  0  0  0  0  0  0 
1441623821  0  0  0  0  0  0  0  0  0  4089395  0  0  0  0  0  0  0  0  0  21  0  0  0  0  0  51  0  0  0  0  0  0  0 
1441623822  0  0  0  0  0  0  0  0  0  4089395  0  0  0  0  0  0  0  0  0  21  0  0  0  0  0  51  0  0  0  0  0  0  0 
1441623822  0  0  0  0  0  0  0  0  0  4089395  0  0  0  0  0  0  0  0  0  21  0  0  0  0  0  51  0  0  0  0  0  0  0 
1441623823  0  0  0  0  0  0  0  0  0  4089395  0  0  0  0  0  0  0  0  0  21  0  0  0  0  0  51  0  0  0  0  0  0  0 
1441623823  0  0  0  0  0  0  0  0  0  4089395  0  0  0  0  0  0  0  0  0  21  0  0  0  0  0  51  0  0  0  0  0  0  0 
1441623824  0  0  0  0  0  0  0  0  0  4089395  0  0  0  0  0  0  0  0  0  21  0  0  0  0  0  51  0  0  0  0  0  0  0 
1441623824  0  0  0  0  0  0  0  0  0  4089395  0  0  0  0  0  0  0  0  0  21  0  0  0  0  0  51  0  0  0  0  0  0  0 
1441623825  0  0  0  0  0  0  0  0  0  4089395  0  0  0  0  0  0  0  0  0  21  0  0  0  0  0  51  0  0  0  0  0  0  0 
1441623825  0  0  0  0  0  0  0  0  0  4089395  0  0  0  0  0  0  0  0  0  21  0  0  0  0  0  51  0  0  0  0  0  0  0 
1441623826  0  0  0  0  0  0  0  0  0  4141857  0  0  0  0  0  0  0  0  0  23  0  0  0  0  0  55  0  52462  0  0  0  0  0 
1441623826  0  0  0  0  0  0  0  0  0  4204896  0  0  0  0  0  0  0  0  0  25  0  0  0  0  0  64  0  63039  0  0  0  0  0 
1441623827  0  0  0  0  0  0  0  0  0  4204896  0  0  0  0  0  0  0  0  0  25  0  0  0  0  0  64  0  0  0  0  0  0  0 
