#Type:X;CI:3;ww:0;ca:0;co:1;fr:0;Type:X;CI:3;PI:0;PT:EP;U0:0;U1:0;
#time  Pp  gt  gs  cn  cm  cb  Nc  Pc  cp  Tc  Nm  pr  ps  pt  px  pd  Pm  Om  fs  ft  Oc  Em  Gp  Ec  Ge  ot  os  Total_cycles_diff  Successful_get_diff  Total_get_diff  succ_put_diff  total_put_diff  get_hit  
1441623152  0  0  0  0  0  0  0  0  0  40525  0  0  0  0  0  0  0  0  0  0  0  0  0  0  0  0  0  40525  0  0  0  0  
1441623153  0  0  0  0  0  0  0  0  0  40525  0  0  0  0  0  0  0  0  0  0  0  0  0  0  0  0  0  0  0  0  0  0  0 
1441623153  0  0  0  0  0  0  0  0  0  806021  0  0  0  0  0  0  0  0  0  0  0  0  0  0  0  0  0  765496  0  0  0  0  0 
1441623154  0  0  0  0  0  0  0  0  0  1334116  0  0  0  0  0  0  0  0  0  0  0  0  0  0  0  0  0  528095  0  0  0  0  0 
1441623154  0  0  0  0  0  0  0  0  0  1567064  0  0  0  0  0  0  0  0  0  0  0  0  0  0  0  0  0  232948  0  0  0  0  0 
1441623155  0  0  0  0  0  0  0  0  0  1844252  0  0  0  0  0  0  0  0  0  0  0  0  0  0  0  0  0  277188  0  0  0  0  0 
1441623155  0  0  0  0  0  0  0  0  0  2221158  0  0  0  0  0  0  0  0  0  13  0  0  0  0  0  39  0  376906  0  0  0  0  0 
1441623156  0  0  0  0  0  0  0  0  0  3157702  0  0  0  0  0  0  0  0  0  15  0  0  0  0  0  41  0  936544  0  0  0  0  0 
1441623156  0  0  0  0  0  0  0  0  0  3157702  0  0  0  0  0  0  0  0  0  15  0  0  0  0  0  41  0  0  0  0  0  0  0 
1441623157  0  0  0  0  0  0  0  0  0  3808966  0  0  0  0  0  0  0  0  0  21  0  0  0  0  0  46  0  651264  0  0  0  0  0 
1441623157  0  0  0  0  0  0  0  0  0  4063642  0  0  0  0  0  0  0  0  0  21  0  0  0  0  0  46  0  254676  0  0  0  0  0 
1441623158  0  0  0  0  0  0  0  0  0  4063642  0  0  0  0  0  0  0  0  0  21  0  0  0  0  0  46  0  0  0  0  0  0  0 
1441623158  0  0  0  0  0  0  0  0  0  4063642  0  0  0  0  0  0  0  0  0  21  0  0  0  0  0  46  0  0  0  0  0  0  0 
1441623159  0  0  0  0  0  0  0  0  0  4063642  0  0  0  0  0  0  0  0  0  21  0  0  0  0  0  46  0  0  0  0  0  0  0 
1441623159  0  0  0  0  0  0  0  0  0  4063642  0  0  0  0  0  0  0  0  0  21  0  0  0  0  0  46  0  0  0  0  0  0  0 
1441623160  0  0  0  0  0  0  0  0  0  4063642  0  0  0  0  0  0  0  0  0  21  0  0  0  0  0  46  0  0  0  0  0  0  0 
1441623160  0  0  0  0  0  0  0  0  0  4063642  0  0  0  0  0  0  0  0  0  21  0  0  0  0  0  46  0  0  0  0  0  0  0 
1441623161  0  0  0  0  0  0  0  0  0  4063642  0  0  0  0  0  0  0  0  0  21  0  0  0  0  0  46  0  0  0  0  0  0  0 
1441623161  0  0  0  0  0  0  0  0  0  4063642  0  0  0  0  0  0  0  0  0  21  0  0  0  0  0  46  0  0  0  0  0  0  0 
1441623162  0  0  0  0  0  0  0  0  0  4063642  0  0  0  0  0  0  0  0  0  21  0  0  0  0  0  46  0  0  0  0  0  0  0 
1441623162  0  0  0  0  0  0  0  0  0  4063642  0  0  0  0  0  0  0  0  0  21  0  0  0  0  0  46  0  0  0  0  0  0  0 
1441623163  0  0  0  0  0  0  0  0  0  4063642  0  0  0  0  0  0  0  0  0  21  0  0  0  0  0  46  0  0  0  0  0  0  0 
1441623163  0  0  0  0  0  0  0  0  0  4063642  0  0  0  0  0  0  0  0  0  21  0  0  0  0  0  46  0  0  0  0  0  0  0 
1441623164  0  0  0  0  0  0  0  0  0  4063642  0  0  0  0  0  0  0  0  0  21  0  0  0  0  0  46  0  0  0  0  0  0  0 
1441623164  0  0  0  0  0  0  0  0  0  4063642  0  0  0  0  0  0  0  0  0  21  0  0  0  0  0  46  0  0  0  0  0  0  0 
1441623165  0  0  0  0  0  0  0  0  0  4063642  0  0  0  0  0  0  0  0  0  21  0  0  0  0  0  46  0  0  0  0  0  0  0 
1441623165  0  0  0  0  0  0  0  0  0  4063642  0  0  0  0  0  0  0  0  0  21  0  0  0  0  0  46  0  0  0  0  0  0  0 
1441623166  0  0  0  0  0  0  0  0  0  4063642  0  0  0  0  0  0  0  0  0  21  0  0  0  0  0  46  0  0  0  0  0  0  0 
1441623166  0  0  0  0  0  0  0  0  0  4063642  0  0  0  0  0  0  0  0  0  21  0  0  0  0  0  46  0  0  0  0  0  0  0 
1441623167  0  0  0  0  0  0  0  0  0  4063642  0  0  0  0  0  0  0  0  0  21  0  0  0  0  0  46  0  0  0  0  0  0  0 
1441623167  0  0  0  0  0  0  0  0  0  4063642  0  0  0  0  0  0  0  0  0  21  0  0  0  0  0  46  0  0  0  0  0  0  0 
1441623168  0  0  0  0  0  0  0  0  0  4063642  0  0  0  0  0  0  0  0  0  21  0  0  0  0  0  46  0  0  0  0  0  0  0 
1441623168  0  0  0  0  0  0  0  0  0  4063642  0  0  0  0  0  0  0  0  0  21  0  0  0  0  0  46  0  0  0  0  0  0  0 
1441623169  0  0  0  0  0  0  0  0  0  4063642  0  0  0  0  0  0  0  0  0  21  0  0  0  0  0  46  0  0  0  0  0  0  0 
1441623169  0  0  0  0  0  0  0  0  0  4063642  0  0  0  0  0  0  0  0  0  21  0  0  0  0  0  46  0  0  0  0  0  0  0 
1441623170  0  0  0  0  0  0  0  0  0  4063642  0  0  0  0  0  0  0  0  0  21  0  0  0  0  0  46  0  0  0  0  0  0  0 
1441623170  0  0  0  0  0  0  0  0  0  4063642  0  0  0  0  0  0  0  0  0  21  0  0  0  0  0  46  0  0  0  0  0  0  0 
1441623171  0  0  0  0  0  0  0  0  0  4063642  0  0  0  0  0  0  0  0  0  21  0  0  0  0  0  46  0  0  0  0  0  0  0 
1441623172  0  0  0  0  0  0  0  0  0  4063642  0  0  0  0  0  0  0  0  0  21  0  0  0  0  0  46  0  0  0  0  0  0  0 
1441623172  0  0  0  0  0  0  0  0  0  4063642  0  0  0  0  0  0  0  0  0  21  0  0  0  0  0  46  0  0  0  0  0  0  0 
1441623173  0  0  0  0  0  0  0  0  0  4063642  0  0  0  0  0  0  0  0  0  21  0  0  0  0  0  46  0  0  0  0  0  0  0 
1441623173  0  0  0  0  0  0  0  0  0  4063642  0  0  0  0  0  0  0  0  0  21  0  0  0  0  0  46  0  0  0  0  0  0  0 
1441623174  0  0  0  0  0  0  0  0  0  4063642  0  0  0  0  0  0  0  0  0  21  0  0  0  0  0  46  0  0  0  0  0  0  0 
1441623174  0  0  0  0  0  0  0  0  0  4063642  0  0  0  0  0  0  0  0  0  21  0  0  0  0  0  46  0  0  0  0  0  0  0 
1441623175  0  0  0  0  0  0  0  0  0  4063642  0  0  0  0  0  0  0  0  0  21  0  0  0  0  0  46  0  0  0  0  0  0  0 
1441623175  0  0  0  0  0  0  0  0  0  4063642  0  0  0  0  0  0  0  0  0  21  0  0  0  0  0  46  0  0  0  0  0  0  0 
1441623176  0  0  0  0  0  0  0  0  0  4063642  0  0  0  0  0  0  0  0  0  21  0  0  0  0  0  46  0  0  0  0  0  0  0 
1441623176  0  0  0  0  0  0  0  0  0  4063642  0  0  0  0  0  0  0  0  0  21  0  0  0  0  0  46  0  0  0  0  0  0  0 
1441623177  0  0  0  0  0  0  0  0  0  4063642  0  0  0  0  0  0  0  0  0  21  0  0  0  0  0  46  0  0  0  0  0  0  0 
1441623177  0  0  0  0  0  0  0  0  0  4063642  0  0  0  0  0  0  0  0  0  21  0  0  0  0  0  46  0  0  0  0  0  0  0 
1441623178  0  0  0  0  0  0  0  0  0  4063642  0  0  0  0  0  0  0  0  0  21  0  0  0  0  0  46  0  0  0  0  0  0  0 
1441623178  0  0  0  0  0  0  0  0  0  4063642  0  0  0  0  0  0  0  0  0  21  0  0  0  0  0  46  0  0  0  0  0  0  0 
1441623179  0  0  0  0  0  0  0  0  0  4063642  0  0  0  0  0  0  0  0  0  21  0  0  0  0  0  46  0  0  0  0  0  0  0 
1441623179  0  0  0  0  0  0  0  0  0  4063642  0  0  0  0  0  0  0  0  0  21  0  0  0  0  0  46  0  0  0  0  0  0  0 
1441623180  0  0  0  0  0  0  0  0  0  4063642  0  0  0  0  0  0  0  0  0  21  0  0  0  0  0  46  0  0  0  0  0  0  0 
1441623180  0  0  0  0  0  0  0  0  0  4063642  0  0  0  0  0  0  0  0  0  21  0  0  0  0  0  46  0  0  0  0  0  0  0 
1441623181  0  0  0  0  0  0  0  0  0  4063642  0  0  0  0  0  0  0  0  0  21  0  0  0  0  0  46  0  0  0  0  0  0  0 
1441623181  0  0  0  0  0  0  0  0  0  4063642  0  0  0  0  0  0  0  0  0  21  0  0  0  0  0  46  0  0  0  0  0  0  0 
1441623182  0  0  0  0  0  0  0  0  0  4063642  0  0  0  0  0  0  0  0  0  21  0  0  0  0  0  46  0  0  0  0  0  0  0 
1441623182  0  0  0  0  0  0  0  0  0  4063642  0  0  0  0  0  0  0  0  0  21  0  0  0  0  0  46  0  0  0  0  0  0  0 
1441623183  0  0  0  0  0  0  0  0  0  4063642  0  0  0  0  0  0  0  0  0  21  0  0  0  0  0  46  0  0  0  0  0  0  0 
1441623183  0  0  0  0  0  0  0  0  0  4063642  0  0  0  0  0  0  0  0  0  21  0  0  0  0  0  46  0  0  0  0  0  0  0 
1441623184  0  0  0  0  0  0  0  0  0  4063642  0  0  0  0  0  0  0  0  0  21  0  0  0  0  0  46  0  0  0  0  0  0  0 
1441623184  0  0  0  0  0  0  0  0  0  4063642  0  0  0  0  0  0  0  0  0  21  0  0  0  0  0  46  0  0  0  0  0  0  0 
1441623185  0  0  0  0  0  0  0  0  0  4063642  0  0  0  0  0  0  0  0  0  21  0  0  0  0  0  46  0  0  0  0  0  0  0 
1441623185  0  0  0  0  0  0  0  0  0  4063642  0  0  0  0  0  0  0  0  0  21  0  0  0  0  0  46  0  0  0  0  0  0  0 
1441623186  0  0  0  0  0  0  0  0  0  4063642  0  0  0  0  0  0  0  0  0  21  0  0  0  0  0  46  0  0  0  0  0  0  0 
1441623186  0  0  0  0  0  0  0  0  0  4063642  0  0  0  0  0  0  0  0  0  21  0  0  0  0  0  46  0  0  0  0  0  0  0 
1441623187  0  0  0  0  0  0  0  0  0  4063642  0  0  0  0  0  0  0  0  0  21  0  0  0  0  0  46  0  0  0  0  0  0  0 
1441623187  0  0  0  0  0  0  0  0  0  4063642  0  0  0  0  0  0  0  0  0  21  0  0  0  0  0  46  0  0  0  0  0  0  0 
1441623188  0  0  0  0  0  0  0  0  0  4063642  0  0  0  0  0  0  0  0  0  21  0  0  0  0  0  46  0  0  0  0  0  0  0 
1441623188  0  0  0  0  0  0  0  0  0  4063642  0  0  0  0  0  0  0  0  0  21  0  0  0  0  0  46  0  0  0  0  0  0  0 
1441623189  0  0  0  0  0  0  0  0  0  4063642  0  0  0  0  0  0  0  0  0  21  0  0  0  0  0  46  0  0  0  0  0  0  0 
1441623189  0  0  0  0  0  0  0  0  0  4063642  0  0  0  0  0  0  0  0  0  21  0  0  0  0  0  46  0  0  0  0  0  0  0 
1441623190  0  0  0  0  0  0  0  0  0  4063642  0  0  0  0  0  0  0  0  0  21  0  0  0  0  0  46  0  0  0  0  0  0  0 
1441623190  0  0  0  0  0  0  0  0  0  4063642  0  0  0  0  0  0  0  0  0  21  0  0  0  0  0  46  0  0  0  0  0  0  0 
1441623191  0  0  0  0  0  0  0  0  0  4063642  0  0  0  0  0  0  0  0  0  21  0  0  0  0  0  46  0  0  0  0  0  0  0 
1441623191  0  0  0  0  0  0  0  0  0  4063642  0  0  0  0  0  0  0  0  0  21  0  0  0  0  0  46  0  0  0  0  0  0  0 
1441623192  0  0  0  0  0  0  0  0  0  4063642  0  0  0  0  0  0  0  0  0  21  0  0  0  0  0  46  0  0  0  0  0  0  0 
1441623192  0  0  0  0  0  0  0  0  0  4063642  0  0  0  0  0  0  0  0  0  21  0  0  0  0  0  46  0  0  0  0  0  0  0 
1441623193  0  0  0  0  0  0  0  0  0  4063642  0  0  0  0  0  0  0  0  0  21  0  0  0  0  0  46  0  0  0  0  0  0  0 
1441623193  0  0  0  0  0  0  0  0  0  4063642  0  0  0  0  0  0  0  0  0  21  0  0  0  0  0  46  0  0  0  0  0  0  0 
1441623194  0  0  0  0  0  0  0  0  0  4063642  0  0  0  0  0  0  0  0  0  21  0  0  0  0  0  46  0  0  0  0  0  0  0 
1441623194  0  0  0  0  0  0  0  0  0  4063642  0  0  0  0  0  0  0  0  0  21  0  0  0  0  0  46  0  0  0  0  0  0  0 
1441623195  0  0  0  0  0  0  0  0  0  4063642  0  0  0  0  0  0  0  0  0  21  0  0  0  0  0  46  0  0  0  0  0  0  0 
1441623195  0  0  0  0  0  0  0  0  0  4063642  0  0  0  0  0  0  0  0  0  21  0  0  0  0  0  46  0  0  0  0  0  0  0 
1441623196  0  0  0  0  0  0  0  0  0  4063642  0  0  0  0  0  0  0  0  0  21  0  0  0  0  0  46  0  0  0  0  0  0  0 
1441623196  0  0  0  0  0  0  0  0  0  4063642  0  0  0  0  0  0  0  0  0  21  0  0  0  0  0  46  0  0  0  0  0  0  0 
1441623197  0  0  0  0  0  0  0  0  0  4063642  0  0  0  0  0  0  0  0  0  21  0  0  0  0  0  46  0  0  0  0  0  0  0 
1441623197  0  0  0  0  0  0  0  0  0  4063642  0  0  0  0  0  0  0  0  0  21  0  0  0  0  0  46  0  0  0  0  0  0  0 
1441623198  0  0  0  0  0  0  0  0  0  4063642  0  0  0  0  0  0  0  0  0  21  0  0  0  0  0  46  0  0  0  0  0  0  0 
1441623198  0  0  0  0  0  0  0  0  0  4063642  0  0  0  0  0  0  0  0  0  21  0  0  0  0  0  46  0  0  0  0  0  0  0 
1441623199  0  0  0  0  0  0  0  0  0  4063642  0  0  0  0  0  0  0  0  0  21  0  0  0  0  0  46  0  0  0  0  0  0  0 
1441623199  0  0  0  0  0  0  0  0  0  4063642  0  0  0  0  0  0  0  0  0  21  0  0  0  0  0  46  0  0  0  0  0  0  0 
1441623200  0  0  0  0  0  0  0  0  0  4063642  0  0  0  0  0  0  0  0  0  21  0  0  0  0  0  46  0  0  0  0  0  0  0 
1441623200  0  0  0  0  0  0  0  0  0  4063642  0  0  0  0  0  0  0  0  0  21  0  0  0  0  0  46  0  0  0  0  0  0  0 
1441623201  0  0  0  0  0  0  0  0  0  4063642  0  0  0  0  0  0  0  0  0  21  0  0  0  0  0  46  0  0  0  0  0  0  0 
1441623201  0  0  0  0  0  0  0  0  0  4063642  0  0  0  0  0  0  0  0  0  21  0  0  0  0  0  46  0  0  0  0  0  0  0 
1441623202  0  0  0  0  0  0  0  0  0  4063642  0  0  0  0  0  0  0  0  0  21  0  0  0  0  0  46  0  0  0  0  0  0  0 
1441623202  0  0  0  0  0  0  0  0  0  4063642  0  0  0  0  0  0  0  0  0  21  0  0  0  0  0  46  0  0  0  0  0  0  0 
1441623203  0  0  0  0  0  0  0  0  0  4063642  0  0  0  0  0  0  0  0  0  21  0  0  0  0  0  46  0  0  0  0  0  0  0 
1441623203  0  0  0  0  0  0  0  0  0  4063642  0  0  0  0  0  0  0  0  0  21  0  0  0  0  0  46  0  0  0  0  0  0  0 
1441623204  0  0  0  0  0  0  0  0  0  4063642  0  0  0  0  0  0  0  0  0  21  0  0  0  0  0  46  0  0  0  0  0  0  0 
1441623204  0  0  0  0  0  0  0  0  0  4063642  0  0  0  0  0  0  0  0  0  21  0  0  0  0  0  46  0  0  0  0  0  0  0 
1441623205  0  0  0  0  0  0  0  0  0  4063642  0  0  0  0  0  0  0  0  0  21  0  0  0  0  0  46  0  0  0  0  0  0  0 
1441623206  0  0  0  0  0  0  0  0  0  4063642  0  0  0  0  0  0  0  0  0  21  0  0  0  0  0  46  0  0  0  0  0  0  0 
1441623206  0  0  0  0  0  0  0  0  0  4063642  0  0  0  0  0  0  0  0  0  21  0  0  0  0  0  46  0  0  0  0  0  0  0 
1441623207  0  0  0  0  0  0  0  0  0  4063642  0  0  0  0  0  0  0  0  0  21  0  0  0  0  0  46  0  0  0  0  0  0  0 
1441623207  0  0  0  0  0  0  0  0  0  4063642  0  0  0  0  0  0  0  0  0  21  0  0  0  0  0  46  0  0  0  0  0  0  0 
1441623208  0  0  0  0  0  0  0  0  0  4063642  0  0  0  0  0  0  0  0  0  21  0  0  0  0  0  46  0  0  0  0  0  0  0 
1441623208  0  0  0  0  0  0  0  0  0  4063642  0  0  0  0  0  0  0  0  0  21  0  0  0  0  0  46  0  0  0  0  0  0  0 
1441623209  0  0  0  0  0  0  0  0  0  4063642  0  0  0  0  0  0  0  0  0  21  0  0  0  0  0  46  0  0  0  0  0  0  0 
1441623209  0  0  0  0  0  0  0  0  0  4063642  0  0  0  0  0  0  0  0  0  21  0  0  0  0  0  46  0  0  0  0  0  0  0 
1441623210  0  0  0  0  0  0  0  0  0  4063642  0  0  0  0  0  0  0  0  0  21  0  0  0  0  0  46  0  0  0  0  0  0  0 
1441623210  0  0  0  0  0  0  0  0  0  4069979  0  0  0  0  0  0  0  0  0  21  0  0  0  0  0  47  0  6337  0  0  0  0  0 
1441623211  0  0  0  0  0  0  0  0  0  4069979  0  0  0  0  0  0  0  0  0  21  0  0  0  0  0  47  0  0  0  0  0  0  0 
1441623211  0  0  0  0  0  0  0  0  0  4069979  0  0  0  0  0  0  0  0  0  21  0  0  0  0  0  47  0  0  0  0  0  0  0 
1441623212  0  0  0  0  0  0  0  0  0  4069979  0  0  0  0  0  0  0  0  0  21  0  0  0  0  0  47  0  0  0  0  0  0  0 
1441623212  0  0  0  0  0  0  0  0  0  4069979  0  0  0  0  0  0  0  0  0  21  0  0  0  0  0  47  0  0  0  0  0  0  0 
1441623213  0  0  0  0  0  0  0  0  0  4069979  0  0  0  0  0  0  0  0  0  21  0  0  0  0  0  47  0  0  0  0  0  0  0 
1441623213  0  0  0  0  0  0  0  0  0  4069979  0  0  0  0  0  0  0  0  0  21  0  0  0  0  0  47  0  0  0  0  0  0  0 
1441623214  0  0  0  0  0  0  0  0  0  4069979  0  0  0  0  0  0  0  0  0  21  0  0  0  0  0  47  0  0  0  0  0  0  0 
1441623214  0  0  0  0  0  0  0  0  0  4069979  0  0  0  0  0  0  0  0  0  21  0  0  0  0  0  47  0  0  0  0  0  0  0 
1441623215  0  0  0  0  0  0  0  0  0  4069979  0  0  0  0  0  0  0  0  0  21  0  0  0  0  0  47  0  0  0  0  0  0  0 
1441623215  0  0  0  0  0  0  0  0  0  4069979  0  0  0  0  0  0  0  0  0  21  0  0  0  0  0  47  0  0  0  0  0  0  0 
1441623216  0  0  0  0  0  0  0  0  0  4069979  0  0  0  0  0  0  0  0  0  21  0  0  0  0  0  47  0  0  0  0  0  0  0 
1441623216  0  0  0  0  0  0  0  0  0  4069979  0  0  0  0  0  0  0  0  0  21  0  0  0  0  0  47  0  0  0  0  0  0  0 
1441623217  0  0  0  0  0  0  0  0  0  4069979  0  0  0  0  0  0  0  0  0  21  0  0  0  0  0  47  0  0  0  0  0  0  0 
1441623217  0  0  0  0  0  0  0  0  0  4069979  0  0  0  0  0  0  0  0  0  21  0  0  0  0  0  47  0  0  0  0  0  0  0 
1441623218  0  0  0  0  0  0  0  0  0  4069979  0  0  0  0  0  0  0  0  0  21  0  0  0  0  0  47  0  0  0  0  0  0  0 
1441623218  0  0  0  0  0  0  0  0  0  4069979  0  0  0  0  0  0  0  0  0  21  0  0  0  0  0  47  0  0  0  0  0  0  0 
1441623219  0  0  0  0  0  0  0  0  0  4069979  0  0  0  0  0  0  0  0  0  21  0  0  0  0  0  47  0  0  0  0  0  0  0 
1441623219  0  0  0  0  0  0  0  0  0  4069979  0  0  0  0  0  0  0  0  0  21  0  0  0  0  0  47  0  0  0  0  0  0  0 
1441623220  0  0  0  0  0  0  0  0  0  4072625  0  0  0  0  0  0  0  0  0  21  0  0  0  0  0  48  0  2646  0  0  0  0  0 
1441623220  0  0  0  0  0  0  0  0  0  4072625  0  0  0  0  0  0  0  0  0  21  0  0  0  0  0  48  0  0  0  0  0  0  0 
1441623221  0  0  0  0  0  0  0  0  0  4072625  0  0  0  0  0  0  0  0  0  21  0  0  0  0  0  48  0  0  0  0  0  0  0 
1441623221  0  0  0  0  0  0  0  0  0  4072625  0  0  0  0  0  0  0  0  0  21  0  0  0  0  0  48  0  0  0  0  0  0  0 
1441623222  0  0  0  0  0  0  0  0  0  4072625  0  0  0  0  0  0  0  0  0  21  0  0  0  0  0  48  0  0  0  0  0  0  0 
1441623222  0  0  0  0  0  0  0  0  0  4072625  0  0  0  0  0  0  0  0  0  21  0  0  0  0  0  48  0  0  0  0  0  0  0 
1441623223  0  0  0  0  0  0  0  0  0  4072625  0  0  0  0  0  0  0  0  0  21  0  0  0  0  0  48  0  0  0  0  0  0  0 
1441623223  0  0  0  0  0  0  0  0  0  4072625  0  0  0  0  0  0  0  0  0  21  0  0  0  0  0  48  0  0  0  0  0  0  0 
1441623224  0  0  0  0  0  0  0  0  0  4072625  0  0  0  0  0  0  0  0  0  21  0  0  0  0  0  48  0  0  0  0  0  0  0 
1441623224  0  0  0  0  0  0  0  0  0  4072625  0  0  0  0  0  0  0  0  0  21  0  0  0  0  0  48  0  0  0  0  0  0  0 
1441623225  0  0  0  0  0  0  0  0  0  4072625  0  0  0  0  0  0  0  0  0  21  0  0  0  0  0  48  0  0  0  0  0  0  0 
1441623225  0  0  0  0  0  0  0  0  0  4072625  0  0  0  0  0  0  0  0  0  21  0  0  0  0  0  48  0  0  0  0  0  0  0 
1441623226  0  0  0  0  0  0  0  0  0  4072625  0  0  0  0  0  0  0  0  0  21  0  0  0  0  0  48  0  0  0  0  0  0  0 
1441623226  0  0  0  0  0  0  0  0  0  4072625  0  0  0  0  0  0  0  0  0  21  0  0  0  0  0  48  0  0  0  0  0  0  0 
1441623227  0  0  0  0  0  0  0  0  0  4072625  0  0  0  0  0  0  0  0  0  21  0  0  0  0  0  48  0  0  0  0  0  0  0 
1441623227  0  0  0  0  0  0  0  0  0  4072625  0  0  0  0  0  0  0  0  0  21  0  0  0  0  0  48  0  0  0  0  0  0  0 
1441623228  0  0  0  0  0  0  0  0  0  4072625  0  0  0  0  0  0  0  0  0  21  0  0  0  0  0  48  0  0  0  0  0  0  0 
1441623228  0  0  0  0  0  0  0  0  0  4072625  0  0  0  0  0  0  0  0  0  21  0  0  0  0  0  48  0  0  0  0  0  0  0 
1441623229  0  0  0  0  0  0  0  0  0  4072625  0  0  0  0  0  0  0  0  0  21  0  0  0  0  0  48  0  0  0  0  0  0  0 
1441623229  0  0  0  0  0  0  0  0  0  4072625  0  0  0  0  0  0  0  0  0  21  0  0  0  0  0  48  0  0  0  0  0  0  0 
1441623230  0  0  0  0  0  0  0  0  0  4075220  0  0  0  0  0  0  0  0  0  21  0  0  0  0  0  49  0  2595  0  0  0  0  0 
1441623230  0  0  0  0  0  0  0  0  0  4075220  0  0  0  0  0  0  0  0  0  21  0  0  0  0  0  49  0  0  0  0  0  0  0 
1441623231  0  0  0  0  0  0  0  0  0  4075220  0  0  0  0  0  0  0  0  0  21  0  0  0  0  0  49  0  0  0  0  0  0  0 
1441623231  0  0  0  0  0  0  0  0  0  4075220  0  0  0  0  0  0  0  0  0  21  0  0  0  0  0  49  0  0  0  0  0  0  0 
1441623232  0  0  0  0  0  0  0  0  0  4075220  0  0  0  0  0  0  0  0  0  21  0  0  0  0  0  49  0  0  0  0  0  0  0 
1441623232  0  0  0  0  0  0  0  0  0  4075220  0  0  0  0  0  0  0  0  0  21  0  0  0  0  0  49  0  0  0  0  0  0  0 
1441623233  0  0  0  0  0  0  0  0  0  4075220  0  0  0  0  0  0  0  0  0  21  0  0  0  0  0  49  0  0  0  0  0  0  0 
1441623233  0  0  0  0  0  0  0  0  0  4075220  0  0  0  0  0  0  0  0  0  21  0  0  0  0  0  49  0  0  0  0  0  0  0 
1441623234  0  0  0  0  0  0  0  0  0  4075220  0  0  0  0  0  0  0  0  0  21  0  0  0  0  0  49  0  0  0  0  0  0  0 
1441623234  0  0  0  0  0  0  0  0  0  4075220  0  0  0  0  0  0  0  0  0  21  0  0  0  0  0  49  0  0  0  0  0  0  0 
1441623235  0  0  0  0  0  0  0  0  0  4075220  0  0  0  0  0  0  0  0  0  21  0  0  0  0  0  49  0  0  0  0  0  0  0 
1441623235  0  0  0  0  0  0  0  0  0  4075220  0  0  0  0  0  0  0  0  0  21  0  0  0  0  0  49  0  0  0  0  0  0  0 
1441623236  0  0  0  0  0  0  0  0  0  4075220  0  0  0  0  0  0  0  0  0  21  0  0  0  0  0  49  0  0  0  0  0  0  0 
1441623237  0  0  0  0  0  0  0  0  0  4075220  0  0  0  0  0  0  0  0  0  21  0  0  0  0  0  49  0  0  0  0  0  0  0 
1441623237  0  0  0  0  0  0  0  0  0  4075220  0  0  0  0  0  0  0  0  0  21  0  0  0  0  0  49  0  0  0  0  0  0  0 
1441623238  0  0  0  0  0  0  0  0  0  4075220  0  0  0  0  0  0  0  0  0  21  0  0  0  0  0  49  0  0  0  0  0  0  0 
1441623238  0  0  0  0  0  0  0  0  0  4075220  0  0  0  0  0  0  0  0  0  21  0  0  0  0  0  49  0  0  0  0  0  0  0 
1441623239  0  0  0  0  0  0  0  0  0  4075220  0  0  0  0  0  0  0  0  0  21  0  0  0  0  0  49  0  0  0  0  0  0  0 
1441623239  0  0  0  0  0  0  0  0  0  4075220  0  0  0  0  0  0  0  0  0  21  0  0  0  0  0  49  0  0  0  0  0  0  0 
1441623240  0  0  0  0  0  0  0  0  0  4078081  0  0  0  0  0  0  0  0  0  21  0  0  0  0  0  50  0  2861  0  0  0  0  0 
1441623240  0  0  0  0  0  0  0  0  0  4078081  0  0  0  0  0  0  0  0  0  21  0  0  0  0  0  50  0  0  0  0  0  0  0 
1441623241  0  0  0  0  0  0  0  0  0  4078081  0  0  0  0  0  0  0  0  0  21  0  0  0  0  0  50  0  0  0  0  0  0  0 
1441623241  0  0  0  0  0  0  0  0  0  4078081  0  0  0  0  0  0  0  0  0  21  0  0  0  0  0  50  0  0  0  0  0  0  0 
1441623242  0  0  0  0  0  0  0  0  0  4078081  0  0  0  0  0  0  0  0  0  21  0  0  0  0  0  50  0  0  0  0  0  0  0 
1441623242  0  0  0  0  0  0  0  0  0  4078081  0  0  0  0  0  0  0  0  0  21  0  0  0  0  0  50  0  0  0  0  0  0  0 
1441623243  0  0  0  0  0  0  0  0  0  4078081  0  0  0  0  0  0  0  0  0  21  0  0  0  0  0  50  0  0  0  0  0  0  0 
1441623243  0  0  0  0  0  0  0  0  0  4078081  0  0  0  0  0  0  0  0  0  21  0  0  0  0  0  50  0  0  0  0  0  0  0 
1441623244  0  0  0  0  0  0  0  0  0  4078081  0  0  0  0  0  0  0  0  0  21  0  0  0  0  0  50  0  0  0  0  0  0  0 
1441623244  0  0  0  0  0  0  0  0  0  4078081  0  0  0  0  0  0  0  0  0  21  0  0  0  0  0  50  0  0  0  0  0  0  0 
1441623245  0  0  0  0  0  0  0  0  0  4078081  0  0  0  0  0  0  0  0  0  21  0  0  0  0  0  50  0  0  0  0  0  0  0 
1441623245  0  0  0  0  0  0  0  0  0  4078081  0  0  0  0  0  0  0  0  0  21  0  0  0  0  0  50  0  0  0  0  0  0  0 
1441623246  0  0  0  0  0  0  0  0  0  4078081  0  0  0  0  0  0  0  0  0  21  0  0  0  0  0  50  0  0  0  0  0  0  0 
1441623246  0  0  0  0  0  0  0  0  0  4078081  0  0  0  0  0  0  0  0  0  21  0  0  0  0  0  50  0  0  0  0  0  0  0 
1441623247  0  0  0  0  0  0  0  0  0  4078081  0  0  0  0  0  0  0  0  0  21  0  0  0  0  0  50  0  0  0  0  0  0  0 
1441623247  0  0  0  0  0  0  0  0  0  4078081  0  0  0  0  0  0  0  0  0  21  0  0  0  0  0  50  0  0  0  0  0  0  0 
1441623248  0  0  0  0  0  0  0  0  0  4078081  0  0  0  0  0  0  0  0  0  21  0  0  0  0  0  50  0  0  0  0  0  0  0 
1441623248  0  0  0  0  0  0  0  0  0  4078081  0  0  0  0  0  0  0  0  0  21  0  0  0  0  0  50  0  0  0  0  0  0  0 
1441623249  0  0  0  0  0  0  0  0  0  4078081  0  0  0  0  0  0  0  0  0  21  0  0  0  0  0  50  0  0  0  0  0  0  0 
1441623249  0  0  0  0  0  0  0  0  0  4078081  0  0  0  0  0  0  0  0  0  21  0  0  0  0  0  50  0  0  0  0  0  0  0 
1441623250  0  0  0  0  0  0  0  0  0  4078081  0  0  0  0  0  0  0  0  0  21  0  0  0  0  0  50  0  0  0  0  0  0  0 
1441623250  0  0  0  0  0  0  0  0  0  4080594  0  0  0  0  0  0  0  0  0  21  0  0  0  0  0  51  0  2513  0  0  0  0  0 
1441623251  0  0  0  0  0  0  0  0  0  4080594  0  0  0  0  0  0  0  0  0  21  0  0  0  0  0  51  0  0  0  0  0  0  0 
1441623251  0  0  0  0  0  0  0  0  0  4080594  0  0  0  0  0  0  0  0  0  21  0  0  0  0  0  51  0  0  0  0  0  0  0 
1441623252  0  0  0  0  0  0  0  0  0  4080594  0  0  0  0  0  0  0  0  0  21  0  0  0  0  0  51  0  0  0  0  0  0  0 
1441623252  0  0  0  0  0  0  0  0  0  4080594  0  0  0  0  0  0  0  0  0  21  0  0  0  0  0  51  0  0  0  0  0  0  0 
1441623253  0  0  0  0  0  0  0  0  0  4080594  0  0  0  0  0  0  0  0  0  21  0  0  0  0  0  51  0  0  0  0  0  0  0 
1441623253  0  0  0  0  0  0  0  0  0  4080594  0  0  0  0  0  0  0  0  0  21  0  0  0  0  0  51  0  0  0  0  0  0  0 
1441623254  0  0  0  0  0  0  0  0  0  4080594  0  0  0  0  0  0  0  0  0  21  0  0  0  0  0  51  0  0  0  0  0  0  0 
1441623254  0  0  0  0  0  0  0  0  0  4080594  0  0  0  0  0  0  0  0  0  21  0  0  0  0  0  51  0  0  0  0  0  0  0 
1441623255  0  0  0  0  0  0  0  0  0  4080594  0  0  0  0  0  0  0  0  0  21  0  0  0  0  0  51  0  0  0  0  0  0  0 
1441623255  0  0  0  0  0  0  0  0  0  4080594  0  0  0  0  0  0  0  0  0  21  0  0  0  0  0  51  0  0  0  0  0  0  0 
1441623256  0  0  0  0  0  0  0  0  0  4080594  0  0  0  0  0  0  0  0  0  21  0  0  0  0  0  51  0  0  0  0  0  0  0 
1441623256  0  0  0  0  0  0  0  0  0  4080594  0  0  0  0  0  0  0  0  0  21  0  0  0  0  0  51  0  0  0  0  0  0  0 
1441623257  0  0  0  0  0  0  0  0  0  4080594  0  0  0  0  0  0  0  0  0  21  0  0  0  0  0  51  0  0  0  0  0  0  0 
1441623257  0  0  0  0  0  0  0  0  0  4080594  0  0  0  0  0  0  0  0  0  21  0  0  0  0  0  51  0  0  0  0  0  0  0 
1441623258  0  0  0  0  0  0  0  0  0  4080594  0  0  0  0  0  0  0  0  0  21  0  0  0  0  0  51  0  0  0  0  0  0  0 
1441623258  0  0  0  0  0  0  0  0  0  4080594  0  0  0  0  0  0  0  0  0  21  0  0  0  0  0  51  0  0  0  0  0  0  0 
1441623259  0  0  0  0  0  0  0  0  0  4080594  0  0  0  0  0  0  0  0  0  21  0  0  0  0  0  51  0  0  0  0  0  0  0 
1441623259  0  0  0  0  0  0  0  0  0  4080594  0  0  0  0  0  0  0  0  0  21  0  0  0  0  0  51  0  0  0  0  0  0  0 
1441623260  0  0  0  0  0  0  0  0  0  4135392  0  0  0  0  0  0  0  0  0  23  0  0  0  0  0  55  0  54798  0  0  0  0  0 
1441623260  0  0  0  0  0  0  0  0  0  4135392  0  0  0  0  0  0  0  0  0  23  0  0  0  0  0  55  0  0  0  0  0  0  0 
1441623261  0  0  0  0  0  0  0  0  0  4184916  0  0  0  0  0  0  0  0  0  25  0  0  0  0  0  64  0  49524  0  0  0  0  0 
1441623261  0  0  0  0  0  0  0  0  0  4184916  0  0  0  0  0  0  0  0  0  25  0  0  0  0  0  64  0  0  0  0  0  0  0 
