#Type:X;CI:5;ww:0;ca:0;co:1;fr:0;Type:X;CI:5;PI:0;PT:EP;U0:0;U1:0;
#time  Pp  gt  gs  cn  cm  cb  Nc  Pc  cp  Tc  Nm  pr  ps  pt  px  pd  Pm  Om  fs  ft  Oc  Em  Gp  Ec  Ge  ot  os  Total_cycles_diff  Successful_get_diff  Total_get_diff  succ_put_diff  total_put_diff  get_hit  
1441623293  0  0  0  0  0  0  0  0  0  62320  0  0  0  0  0  0  0  0  0  0  0  0  0  0  0  0  0  62320  0  0  0  0  
1441623294  0  0  0  0  0  0  0  0  0  62320  0  0  0  0  0  0  0  0  0  0  0  0  0  0  0  0  0  0  0  0  0  0  0 
1441623294  0  0  0  0  0  0  0  0  0  708903  0  0  0  0  0  0  0  0  0  0  0  0  0  0  0  0  0  646583  0  0  0  0  0 
1441623295  0  0  0  0  0  0  0  0  0  1271041  0  0  0  0  0  0  0  0  0  0  0  0  0  0  0  0  0  562138  0  0  0  0  0 
1441623295  0  0  0  0  0  0  0  0  0  1551531  0  0  0  0  0  0  0  0  0  0  0  0  0  0  0  0  0  280490  0  0  0  0  0 
1441623296  0  0  0  0  0  0  0  0  0  1913394  0  0  0  0  0  0  0  0  0  0  0  0  0  0  0  0  0  361863  0  0  0  0  0 
1441623296  0  0  0  0  0  0  0  0  0  2183261  0  0  0  0  0  0  0  0  0  13  0  0  0  0  0  38  0  269867  0  0  0  0  0 
1441623297  0  0  0  0  0  0  0  0  0  2183261  0  0  0  0  0  0  0  0  0  13  0  0  0  0  0  38  0  0  0  0  0  0  0 
1441623297  0  0  0  0  0  0  0  0  0  3171465  0  0  0  0  0  0  0  0  0  15  0  0  0  0  0  41  0  988204  0  0  0  0  0 
1441623298  0  0  0  0  0  0  0  0  0  3777978  0  0  0  0  0  0  0  0  0  21  0  0  0  0  0  46  0  606513  0  0  0  0  0 
1441623298  0  0  0  0  0  0  0  0  0  4054754  0  0  0  0  0  0  0  0  0  21  0  0  0  0  0  46  0  276776  0  0  0  0  0 
1441623299  0  0  0  0  0  0  0  0  0  4054754  0  0  0  0  0  0  0  0  0  21  0  0  0  0  0  46  0  0  0  0  0  0  0 
1441623299  0  0  0  0  0  0  0  0  0  4054754  0  0  0  0  0  0  0  0  0  21  0  0  0  0  0  46  0  0  0  0  0  0  0 
1441623300  0  0  0  0  0  0  0  0  0  4054754  0  0  0  0  0  0  0  0  0  21  0  0  0  0  0  46  0  0  0  0  0  0  0 
1441623300  0  0  0  0  0  0  0  0  0  4054754  0  0  0  0  0  0  0  0  0  21  0  0  0  0  0  46  0  0  0  0  0  0  0 
1441623301  0  0  0  0  0  0  0  0  0  4054754  0  0  0  0  0  0  0  0  0  21  0  0  0  0  0  46  0  0  0  0  0  0  0 
1441623301  0  0  0  0  0  0  0  0  0  4054754  0  0  0  0  0  0  0  0  0  21  0  0  0  0  0  46  0  0  0  0  0  0  0 
1441623302  0  0  0  0  0  0  0  0  0  4054754  0  0  0  0  0  0  0  0  0  21  0  0  0  0  0  46  0  0  0  0  0  0  0 
1441623302  0  0  0  0  0  0  0  0  0  4054754  0  0  0  0  0  0  0  0  0  21  0  0  0  0  0  46  0  0  0  0  0  0  0 
1441623303  0  0  0  0  0  0  0  0  0  4054754  0  0  0  0  0  0  0  0  0  21  0  0  0  0  0  46  0  0  0  0  0  0  0 
1441623303  0  0  0  0  0  0  0  0  0  4054754  0  0  0  0  0  0  0  0  0  21  0  0  0  0  0  46  0  0  0  0  0  0  0 
1441623304  0  0  0  0  0  0  0  0  0  4054754  0  0  0  0  0  0  0  0  0  21  0  0  0  0  0  46  0  0  0  0  0  0  0 
1441623304  0  0  0  0  0  0  0  0  0  4054754  0  0  0  0  0  0  0  0  0  21  0  0  0  0  0  46  0  0  0  0  0  0  0 
1441623305  0  0  0  0  0  0  0  0  0  4054754  0  0  0  0  0  0  0  0  0  21  0  0  0  0  0  46  0  0  0  0  0  0  0 
1441623305  0  0  0  0  0  0  0  0  0  4054754  0  0  0  0  0  0  0  0  0  21  0  0  0  0  0  46  0  0  0  0  0  0  0 
1441623306  0  0  0  0  0  0  0  0  0  4054754  0  0  0  0  0  0  0  0  0  21  0  0  0  0  0  46  0  0  0  0  0  0  0 
1441623306  0  0  0  0  0  0  0  0  0  4054754  0  0  0  0  0  0  0  0  0  21  0  0  0  0  0  46  0  0  0  0  0  0  0 
1441623307  0  0  0  0  0  0  0  0  0  4054754  0  0  0  0  0  0  0  0  0  21  0  0  0  0  0  46  0  0  0  0  0  0  0 
1441623307  0  0  0  0  0  0  0  0  0  4054754  0  0  0  0  0  0  0  0  0  21  0  0  0  0  0  46  0  0  0  0  0  0  0 
1441623308  0  0  0  0  0  0  0  0  0  4054754  0  0  0  0  0  0  0  0  0  21  0  0  0  0  0  46  0  0  0  0  0  0  0 
1441623308  0  0  0  0  0  0  0  0  0  4054754  0  0  0  0  0  0  0  0  0  21  0  0  0  0  0  46  0  0  0  0  0  0  0 
1441623309  0  0  0  0  0  0  0  0  0  4054754  0  0  0  0  0  0  0  0  0  21  0  0  0  0  0  46  0  0  0  0  0  0  0 
1441623309  0  0  0  0  0  0  0  0  0  4054754  0  0  0  0  0  0  0  0  0  21  0  0  0  0  0  46  0  0  0  0  0  0  0 
1441623310  0  0  0  0  0  0  0  0  0  4054754  0  0  0  0  0  0  0  0  0  21  0  0  0  0  0  46  0  0  0  0  0  0  0 
1441623310  0  0  0  0  0  0  0  0  0  4054754  0  0  0  0  0  0  0  0  0  21  0  0  0  0  0  46  0  0  0  0  0  0  0 
1441623311  0  0  0  0  0  0  0  0  0  4054754  0  0  0  0  0  0  0  0  0  21  0  0  0  0  0  46  0  0  0  0  0  0  0 
1441623311  0  0  0  0  0  0  0  0  0  4054754  0  0  0  0  0  0  0  0  0  21  0  0  0  0  0  46  0  0  0  0  0  0  0 
1441623312  0  0  0  0  0  0  0  0  0  4054754  0  0  0  0  0  0  0  0  0  21  0  0  0  0  0  46  0  0  0  0  0  0  0 
1441623312  0  0  0  0  0  0  0  0  0  4054754  0  0  0  0  0  0  0  0  0  21  0  0  0  0  0  46  0  0  0  0  0  0  0 
1441623313  0  0  0  0  0  0  0  0  0  4054754  0  0  0  0  0  0  0  0  0  21  0  0  0  0  0  46  0  0  0  0  0  0  0 
1441623313  0  0  0  0  0  0  0  0  0  4054754  0  0  0  0  0  0  0  0  0  21  0  0  0  0  0  46  0  0  0  0  0  0  0 
1441623314  0  0  0  0  0  0  0  0  0  4054754  0  0  0  0  0  0  0  0  0  21  0  0  0  0  0  46  0  0  0  0  0  0  0 
1441623314  0  0  0  0  0  0  0  0  0  4054754  0  0  0  0  0  0  0  0  0  21  0  0  0  0  0  46  0  0  0  0  0  0  0 
1441623315  0  0  0  0  0  0  0  0  0  4054754  0  0  0  0  0  0  0  0  0  21  0  0  0  0  0  46  0  0  0  0  0  0  0 
1441623315  0  0  0  0  0  0  0  0  0  4054754  0  0  0  0  0  0  0  0  0  21  0  0  0  0  0  46  0  0  0  0  0  0  0 
1441623316  0  0  0  0  0  0  0  0  0  4054754  0  0  0  0  0  0  0  0  0  21  0  0  0  0  0  46  0  0  0  0  0  0  0 
1441623316  0  0  0  0  0  0  0  0  0  4054754  0  0  0  0  0  0  0  0  0  21  0  0  0  0  0  46  0  0  0  0  0  0  0 
1441623317  0  0  0  0  0  0  0  0  0  4054754  0  0  0  0  0  0  0  0  0  21  0  0  0  0  0  46  0  0  0  0  0  0  0 
1441623317  0  0  0  0  0  0  0  0  0  4054754  0  0  0  0  0  0  0  0  0  21  0  0  0  0  0  46  0  0  0  0  0  0  0 
1441623318  0  0  0  0  0  0  0  0  0  4054754  0  0  0  0  0  0  0  0  0  21  0  0  0  0  0  46  0  0  0  0  0  0  0 
1441623318  0  0  0  0  0  0  0  0  0  4054754  0  0  0  0  0  0  0  0  0  21  0  0  0  0  0  46  0  0  0  0  0  0  0 
1441623319  0  0  0  0  0  0  0  0  0  4054754  0  0  0  0  0  0  0  0  0  21  0  0  0  0  0  46  0  0  0  0  0  0  0 
1441623319  0  0  0  0  0  0  0  0  0  4054754  0  0  0  0  0  0  0  0  0  21  0  0  0  0  0  46  0  0  0  0  0  0  0 
1441623320  0  0  0  0  0  0  0  0  0  4054754  0  0  0  0  0  0  0  0  0  21  0  0  0  0  0  46  0  0  0  0  0  0  0 
1441623320  0  0  0  0  0  0  0  0  0  4054754  0  0  0  0  0  0  0  0  0  21  0  0  0  0  0  46  0  0  0  0  0  0  0 
1441623321  0  0  0  0  0  0  0  0  0  4054754  0  0  0  0  0  0  0  0  0  21  0  0  0  0  0  46  0  0  0  0  0  0  0 
1441623321  0  0  0  0  0  0  0  0  0  4054754  0  0  0  0  0  0  0  0  0  21  0  0  0  0  0  46  0  0  0  0  0  0  0 
1441623322  0  0  0  0  0  0  0  0  0  4054754  0  0  0  0  0  0  0  0  0  21  0  0  0  0  0  46  0  0  0  0  0  0  0 
1441623322  0  0  0  0  0  0  0  0  0  4054754  0  0  0  0  0  0  0  0  0  21  0  0  0  0  0  46  0  0  0  0  0  0  0 
1441623323  0  0  0  0  0  0  0  0  0  4054754  0  0  0  0  0  0  0  0  0  21  0  0  0  0  0  46  0  0  0  0  0  0  0 
1441623323  0  0  0  0  0  0  0  0  0  4054754  0  0  0  0  0  0  0  0  0  21  0  0  0  0  0  46  0  0  0  0  0  0  0 
1441623324  0  0  0  0  0  0  0  0  0  4054754  0  0  0  0  0  0  0  0  0  21  0  0  0  0  0  46  0  0  0  0  0  0  0 
1441623324  0  0  0  0  0  0  0  0  0  4054754  0  0  0  0  0  0  0  0  0  21  0  0  0  0  0  46  0  0  0  0  0  0  0 
1441623325  0  0  0  0  0  0  0  0  0  4054754  0  0  0  0  0  0  0  0  0  21  0  0  0  0  0  46  0  0  0  0  0  0  0 
1441623325  0  0  0  0  0  0  0  0  0  4054754  0  0  0  0  0  0  0  0  0  21  0  0  0  0  0  46  0  0  0  0  0  0  0 
1441623326  0  0  0  0  0  0  0  0  0  4054754  0  0  0  0  0  0  0  0  0  21  0  0  0  0  0  46  0  0  0  0  0  0  0 
1441623327  0  0  0  0  0  0  0  0  0  4054754  0  0  0  0  0  0  0  0  0  21  0  0  0  0  0  46  0  0  0  0  0  0  0 
1441623327  0  0  0  0  0  0  0  0  0  4054754  0  0  0  0  0  0  0  0  0  21  0  0  0  0  0  46  0  0  0  0  0  0  0 
1441623328  0  0  0  0  0  0  0  0  0  4054754  0  0  0  0  0  0  0  0  0  21  0  0  0  0  0  46  0  0  0  0  0  0  0 
1441623328  0  0  0  0  0  0  0  0  0  4054754  0  0  0  0  0  0  0  0  0  21  0  0  0  0  0  46  0  0  0  0  0  0  0 
1441623329  0  0  0  0  0  0  0  0  0  4054754  0  0  0  0  0  0  0  0  0  21  0  0  0  0  0  46  0  0  0  0  0  0  0 
1441623329  0  0  0  0  0  0  0  0  0  4054754  0  0  0  0  0  0  0  0  0  21  0  0  0  0  0  46  0  0  0  0  0  0  0 
1441623330  0  0  0  0  0  0  0  0  0  4054754  0  0  0  0  0  0  0  0  0  21  0  0  0  0  0  46  0  0  0  0  0  0  0 
1441623330  0  0  0  0  0  0  0  0  0  4054754  0  0  0  0  0  0  0  0  0  21  0  0  0  0  0  46  0  0  0  0  0  0  0 
1441623331  0  0  0  0  0  0  0  0  0  4054754  0  0  0  0  0  0  0  0  0  21  0  0  0  0  0  46  0  0  0  0  0  0  0 
1441623331  0  0  0  0  0  0  0  0  0  4054754  0  0  0  0  0  0  0  0  0  21  0  0  0  0  0  46  0  0  0  0  0  0  0 
1441623332  0  0  0  0  0  0  0  0  0  4054754  0  0  0  0  0  0  0  0  0  21  0  0  0  0  0  46  0  0  0  0  0  0  0 
1441623332  0  0  0  0  0  0  0  0  0  4054754  0  0  0  0  0  0  0  0  0  21  0  0  0  0  0  46  0  0  0  0  0  0  0 
1441623333  0  0  0  0  0  0  0  0  0  4054754  0  0  0  0  0  0  0  0  0  21  0  0  0  0  0  46  0  0  0  0  0  0  0 
1441623333  0  0  0  0  0  0  0  0  0  4054754  0  0  0  0  0  0  0  0  0  21  0  0  0  0  0  46  0  0  0  0  0  0  0 
1441623334  0  0  0  0  0  0  0  0  0  4054754  0  0  0  0  0  0  0  0  0  21  0  0  0  0  0  46  0  0  0  0  0  0  0 
1441623334  0  0  0  0  0  0  0  0  0  4054754  0  0  0  0  0  0  0  0  0  21  0  0  0  0  0  46  0  0  0  0  0  0  0 
1441623335  0  0  0  0  0  0  0  0  0  4054754  0  0  0  0  0  0  0  0  0  21  0  0  0  0  0  46  0  0  0  0  0  0  0 
1441623335  0  0  0  0  0  0  0  0  0  4054754  0  0  0  0  0  0  0  0  0  21  0  0  0  0  0  46  0  0  0  0  0  0  0 
1441623336  0  0  0  0  0  0  0  0  0  4054754  0  0  0  0  0  0  0  0  0  21  0  0  0  0  0  46  0  0  0  0  0  0  0 
1441623336  0  0  0  0  0  0  0  0  0  4054754  0  0  0  0  0  0  0  0  0  21  0  0  0  0  0  46  0  0  0  0  0  0  0 
1441623337  0  0  0  0  0  0  0  0  0  4054754  0  0  0  0  0  0  0  0  0  21  0  0  0  0  0  46  0  0  0  0  0  0  0 
1441623337  0  0  0  0  0  0  0  0  0  4054754  0  0  0  0  0  0  0  0  0  21  0  0  0  0  0  46  0  0  0  0  0  0  0 
1441623338  0  0  0  0  0  0  0  0  0  4054754  0  0  0  0  0  0  0  0  0  21  0  0  0  0  0  46  0  0  0  0  0  0  0 
1441623338  0  0  0  0  0  0  0  0  0  4054754  0  0  0  0  0  0  0  0  0  21  0  0  0  0  0  46  0  0  0  0  0  0  0 
1441623339  0  0  0  0  0  0  0  0  0  4054754  0  0  0  0  0  0  0  0  0  21  0  0  0  0  0  46  0  0  0  0  0  0  0 
1441623339  0  0  0  0  0  0  0  0  0  4054754  0  0  0  0  0  0  0  0  0  21  0  0  0  0  0  46  0  0  0  0  0  0  0 
1441623340  0  0  0  0  0  0  0  0  0  4054754  0  0  0  0  0  0  0  0  0  21  0  0  0  0  0  46  0  0  0  0  0  0  0 
1441623340  0  0  0  0  0  0  0  0  0  4054754  0  0  0  0  0  0  0  0  0  21  0  0  0  0  0  46  0  0  0  0  0  0  0 
1441623341  0  0  0  0  0  0  0  0  0  4054754  0  0  0  0  0  0  0  0  0  21  0  0  0  0  0  46  0  0  0  0  0  0  0 
1441623341  0  0  0  0  0  0  0  0  0  4054754  0  0  0  0  0  0  0  0  0  21  0  0  0  0  0  46  0  0  0  0  0  0  0 
1441623342  0  0  0  0  0  0  0  0  0  4054754  0  0  0  0  0  0  0  0  0  21  0  0  0  0  0  46  0  0  0  0  0  0  0 
1441623342  0  0  0  0  0  0  0  0  0  4054754  0  0  0  0  0  0  0  0  0  21  0  0  0  0  0  46  0  0  0  0  0  0  0 
1441623343  0  0  0  0  0  0  0  0  0  4054754  0  0  0  0  0  0  0  0  0  21  0  0  0  0  0  46  0  0  0  0  0  0  0 
1441623343  0  0  0  0  0  0  0  0  0  4054754  0  0  0  0  0  0  0  0  0  21  0  0  0  0  0  46  0  0  0  0  0  0  0 
1441623344  0  0  0  0  0  0  0  0  0  4054754  0  0  0  0  0  0  0  0  0  21  0  0  0  0  0  46  0  0  0  0  0  0  0 
1441623344  0  0  0  0  0  0  0  0  0  4054754  0  0  0  0  0  0  0  0  0  21  0  0  0  0  0  46  0  0  0  0  0  0  0 
1441623345  0  0  0  0  0  0  0  0  0  4054754  0  0  0  0  0  0  0  0  0  21  0  0  0  0  0  46  0  0  0  0  0  0  0 
1441623345  0  0  0  0  0  0  0  0  0  4054754  0  0  0  0  0  0  0  0  0  21  0  0  0  0  0  46  0  0  0  0  0  0  0 
1441623346  0  0  0  0  0  0  0  0  0  4054754  0  0  0  0  0  0  0  0  0  21  0  0  0  0  0  46  0  0  0  0  0  0  0 
1441623346  0  0  0  0  0  0  0  0  0  4054754  0  0  0  0  0  0  0  0  0  21  0  0  0  0  0  46  0  0  0  0  0  0  0 
1441623347  0  0  0  0  0  0  0  0  0  4054754  0  0  0  0  0  0  0  0  0  21  0  0  0  0  0  46  0  0  0  0  0  0  0 
1441623347  0  0  0  0  0  0  0  0  0  4054754  0  0  0  0  0  0  0  0  0  21  0  0  0  0  0  46  0  0  0  0  0  0  0 
1441623348  0  0  0  0  0  0  0  0  0  4054754  0  0  0  0  0  0  0  0  0  21  0  0  0  0  0  46  0  0  0  0  0  0  0 
1441623348  0  0  0  0  0  0  0  0  0  4054754  0  0  0  0  0  0  0  0  0  21  0  0  0  0  0  46  0  0  0  0  0  0  0 
1441623349  0  0  0  0  0  0  0  0  0  4054754  0  0  0  0  0  0  0  0  0  21  0  0  0  0  0  46  0  0  0  0  0  0  0 
1441623349  0  0  0  0  0  0  0  0  0  4054754  0  0  0  0  0  0  0  0  0  21  0  0  0  0  0  46  0  0  0  0  0  0  0 
1441623350  0  0  0  0  0  0  0  0  0  4054754  0  0  0  0  0  0  0  0  0  21  0  0  0  0  0  46  0  0  0  0  0  0  0 
1441623350  0  0  0  0  0  0  0  0  0  4054754  0  0  0  0  0  0  0  0  0  21  0  0  0  0  0  46  0  0  0  0  0  0  0 
1441623351  0  0  0  0  0  0  0  0  0  4064488  0  0  0  0  0  0  0  0  0  21  0  0  0  0  0  47  0  9734  0  0  0  0  0 
1441623351  0  0  0  0  0  0  0  0  0  4064488  0  0  0  0  0  0  0  0  0  21  0  0  0  0  0  47  0  0  0  0  0  0  0 
1441623352  0  0  0  0  0  0  0  0  0  4064488  0  0  0  0  0  0  0  0  0  21  0  0  0  0  0  47  0  0  0  0  0  0  0 
1441623352  0  0  0  0  0  0  0  0  0  4064488  0  0  0  0  0  0  0  0  0  21  0  0  0  0  0  47  0  0  0  0  0  0  0 
1441623353  0  0  0  0  0  0  0  0  0  4064488  0  0  0  0  0  0  0  0  0  21  0  0  0  0  0  47  0  0  0  0  0  0  0 
1441623353  0  0  0  0  0  0  0  0  0  4064488  0  0  0  0  0  0  0  0  0  21  0  0  0  0  0  47  0  0  0  0  0  0  0 
1441623354  0  0  0  0  0  0  0  0  0  4064488  0  0  0  0  0  0  0  0  0  21  0  0  0  0  0  47  0  0  0  0  0  0  0 
1441623354  0  0  0  0  0  0  0  0  0  4064488  0  0  0  0  0  0  0  0  0  21  0  0  0  0  0  47  0  0  0  0  0  0  0 
1441623355  0  0  0  0  0  0  0  0  0  4064488  0  0  0  0  0  0  0  0  0  21  0  0  0  0  0  47  0  0  0  0  0  0  0 
1441623355  0  0  0  0  0  0  0  0  0  4064488  0  0  0  0  0  0  0  0  0  21  0  0  0  0  0  47  0  0  0  0  0  0  0 
1441623356  0  0  0  0  0  0  0  0  0  4064488  0  0  0  0  0  0  0  0  0  21  0  0  0  0  0  47  0  0  0  0  0  0  0 
1441623356  0  0  0  0  0  0  0  0  0  4064488  0  0  0  0  0  0  0  0  0  21  0  0  0  0  0  47  0  0  0  0  0  0  0 
1441623357  0  0  0  0  0  0  0  0  0  4064488  0  0  0  0  0  0  0  0  0  21  0  0  0  0  0  47  0  0  0  0  0  0  0 
1441623357  0  0  0  0  0  0  0  0  0  4064488  0  0  0  0  0  0  0  0  0  21  0  0  0  0  0  47  0  0  0  0  0  0  0 
1441623358  0  0  0  0  0  0  0  0  0  4064488  0  0  0  0  0  0  0  0  0  21  0  0  0  0  0  47  0  0  0  0  0  0  0 
1441623358  0  0  0  0  0  0  0  0  0  4064488  0  0  0  0  0  0  0  0  0  21  0  0  0  0  0  47  0  0  0  0  0  0  0 
1441623359  0  0  0  0  0  0  0  0  0  4064488  0  0  0  0  0  0  0  0  0  21  0  0  0  0  0  47  0  0  0  0  0  0  0 
1441623359  0  0  0  0  0  0  0  0  0  4064488  0  0  0  0  0  0  0  0  0  21  0  0  0  0  0  47  0  0  0  0  0  0  0 
1441623360  0  0  0  0  0  0  0  0  0  4064488  0  0  0  0  0  0  0  0  0  21  0  0  0  0  0  47  0  0  0  0  0  0  0 
1441623360  0  0  0  0  0  0  0  0  0  4064488  0  0  0  0  0  0  0  0  0  21  0  0  0  0  0  47  0  0  0  0  0  0  0 
1441623361  0  0  0  0  0  0  0  0  0  4067182  0  0  0  0  0  0  0  0  0  21  0  0  0  0  0  48  0  2694  0  0  0  0  0 
1441623361  0  0  0  0  0  0  0  0  0  4067182  0  0  0  0  0  0  0  0  0  21  0  0  0  0  0  48  0  0  0  0  0  0  0 
1441623362  0  0  0  0  0  0  0  0  0  4067182  0  0  0  0  0  0  0  0  0  21  0  0  0  0  0  48  0  0  0  0  0  0  0 
1441623362  0  0  0  0  0  0  0  0  0  4067182  0  0  0  0  0  0  0  0  0  21  0  0  0  0  0  48  0  0  0  0  0  0  0 
1441623363  0  0  0  0  0  0  0  0  0  4067182  0  0  0  0  0  0  0  0  0  21  0  0  0  0  0  48  0  0  0  0  0  0  0 
1441623364  0  0  0  0  0  0  0  0  0  4067182  0  0  0  0  0  0  0  0  0  21  0  0  0  0  0  48  0  0  0  0  0  0  0 
1441623364  0  0  0  0  0  0  0  0  0  4067182  0  0  0  0  0  0  0  0  0  21  0  0  0  0  0  48  0  0  0  0  0  0  0 
1441623365  0  0  0  0  0  0  0  0  0  4067182  0  0  0  0  0  0  0  0  0  21  0  0  0  0  0  48  0  0  0  0  0  0  0 
1441623365  0  0  0  0  0  0  0  0  0  4067182  0  0  0  0  0  0  0  0  0  21  0  0  0  0  0  48  0  0  0  0  0  0  0 
1441623366  0  0  0  0  0  0  0  0  0  4067182  0  0  0  0  0  0  0  0  0  21  0  0  0  0  0  48  0  0  0  0  0  0  0 
1441623366  0  0  0  0  0  0  0  0  0  4067182  0  0  0  0  0  0  0  0  0  21  0  0  0  0  0  48  0  0  0  0  0  0  0 
1441623367  0  0  0  0  0  0  0  0  0  4067182  0  0  0  0  0  0  0  0  0  21  0  0  0  0  0  48  0  0  0  0  0  0  0 
1441623367  0  0  0  0  0  0  0  0  0  4067182  0  0  0  0  0  0  0  0  0  21  0  0  0  0  0  48  0  0  0  0  0  0  0 
1441623368  0  0  0  0  0  0  0  0  0  4067182  0  0  0  0  0  0  0  0  0  21  0  0  0  0  0  48  0  0  0  0  0  0  0 
1441623368  0  0  0  0  0  0  0  0  0  4067182  0  0  0  0  0  0  0  0  0  21  0  0  0  0  0  48  0  0  0  0  0  0  0 
1441623369  0  0  0  0  0  0  0  0  0  4067182  0  0  0  0  0  0  0  0  0  21  0  0  0  0  0  48  0  0  0  0  0  0  0 
1441623369  0  0  0  0  0  0  0  0  0  4067182  0  0  0  0  0  0  0  0  0  21  0  0  0  0  0  48  0  0  0  0  0  0  0 
1441623370  0  0  0  0  0  0  0  0  0  4067182  0  0  0  0  0  0  0  0  0  21  0  0  0  0  0  48  0  0  0  0  0  0  0 
1441623370  0  0  0  0  0  0  0  0  0  4067182  0  0  0  0  0  0  0  0  0  21  0  0  0  0  0  48  0  0  0  0  0  0  0 
1441623371  0  0  0  0  0  0  0  0  0  4070252  0  0  0  0  0  0  0  0  0  21  0  0  0  0  0  49  0  3070  0  0  0  0  0 
1441623371  0  0  0  0  0  0  0  0  0  4070252  0  0  0  0  0  0  0  0  0  21  0  0  0  0  0  49  0  0  0  0  0  0  0 
1441623372  0  0  0  0  0  0  0  0  0  4070252  0  0  0  0  0  0  0  0  0  21  0  0  0  0  0  49  0  0  0  0  0  0  0 
1441623372  0  0  0  0  0  0  0  0  0  4070252  0  0  0  0  0  0  0  0  0  21  0  0  0  0  0  49  0  0  0  0  0  0  0 
1441623373  0  0  0  0  0  0  0  0  0  4070252  0  0  0  0  0  0  0  0  0  21  0  0  0  0  0  49  0  0  0  0  0  0  0 
1441623373  0  0  0  0  0  0  0  0  0  4070252  0  0  0  0  0  0  0  0  0  21  0  0  0  0  0  49  0  0  0  0  0  0  0 
1441623374  0  0  0  0  0  0  0  0  0  4070252  0  0  0  0  0  0  0  0  0  21  0  0  0  0  0  49  0  0  0  0  0  0  0 
1441623374  0  0  0  0  0  0  0  0  0  4070252  0  0  0  0  0  0  0  0  0  21  0  0  0  0  0  49  0  0  0  0  0  0  0 
1441623375  0  0  0  0  0  0  0  0  0  4070252  0  0  0  0  0  0  0  0  0  21  0  0  0  0  0  49  0  0  0  0  0  0  0 
1441623375  0  0  0  0  0  0  0  0  0  4070252  0  0  0  0  0  0  0  0  0  21  0  0  0  0  0  49  0  0  0  0  0  0  0 
1441623376  0  0  0  0  0  0  0  0  0  4070252  0  0  0  0  0  0  0  0  0  21  0  0  0  0  0  49  0  0  0  0  0  0  0 
1441623376  0  0  0  0  0  0  0  0  0  4070252  0  0  0  0  0  0  0  0  0  21  0  0  0  0  0  49  0  0  0  0  0  0  0 
1441623377  0  0  0  0  0  0  0  0  0  4070252  0  0  0  0  0  0  0  0  0  21  0  0  0  0  0  49  0  0  0  0  0  0  0 
1441623377  0  0  0  0  0  0  0  0  0  4070252  0  0  0  0  0  0  0  0  0  21  0  0  0  0  0  49  0  0  0  0  0  0  0 
1441623378  0  0  0  0  0  0  0  0  0  4070252  0  0  0  0  0  0  0  0  0  21  0  0  0  0  0  49  0  0  0  0  0  0  0 
1441623378  0  0  0  0  0  0  0  0  0  4070252  0  0  0  0  0  0  0  0  0  21  0  0  0  0  0  49  0  0  0  0  0  0  0 
1441623379  0  0  0  0  0  0  0  0  0  4070252  0  0  0  0  0  0  0  0  0  21  0  0  0  0  0  49  0  0  0  0  0  0  0 
1441623379  0  0  0  0  0  0  0  0  0  4070252  0  0  0  0  0  0  0  0  0  21  0  0  0  0  0  49  0  0  0  0  0  0  0 
1441623380  0  0  0  0  0  0  0  0  0  4070252  0  0  0  0  0  0  0  0  0  21  0  0  0  0  0  49  0  0  0  0  0  0  0 
1441623380  0  0  0  0  0  0  0  0  0  4070252  0  0  0  0  0  0  0  0  0  21  0  0  0  0  0  49  0  0  0  0  0  0  0 
1441623381  0  0  0  0  0  0  0  0  0  4072563  0  0  0  0  0  0  0  0  0  21  0  0  0  0  0  50  0  2311  0  0  0  0  0 
1441623381  0  0  0  0  0  0  0  0  0  4072563  0  0  0  0  0  0  0  0  0  21  0  0  0  0  0  50  0  0  0  0  0  0  0 
1441623382  0  0  0  0  0  0  0  0  0  4072563  0  0  0  0  0  0  0  0  0  21  0  0  0  0  0  50  0  0  0  0  0  0  0 
1441623382  0  0  0  0  0  0  0  0  0  4072563  0  0  0  0  0  0  0  0  0  21  0  0  0  0  0  50  0  0  0  0  0  0  0 
1441623383  0  0  0  0  0  0  0  0  0  4072563  0  0  0  0  0  0  0  0  0  21  0  0  0  0  0  50  0  0  0  0  0  0  0 
1441623383  0  0  0  0  0  0  0  0  0  4072563  0  0  0  0  0  0  0  0  0  21  0  0  0  0  0  50  0  0  0  0  0  0  0 
1441623384  0  0  0  0  0  0  0  0  0  4072563  0  0  0  0  0  0  0  0  0  21  0  0  0  0  0  50  0  0  0  0  0  0  0 
1441623384  0  0  0  0  0  0  0  0  0  4072563  0  0  0  0  0  0  0  0  0  21  0  0  0  0  0  50  0  0  0  0  0  0  0 
1441623385  0  0  0  0  0  0  0  0  0  4072563  0  0  0  0  0  0  0  0  0  21  0  0  0  0  0  50  0  0  0  0  0  0  0 
1441623385  0  0  0  0  0  0  0  0  0  4072563  0  0  0  0  0  0  0  0  0  21  0  0  0  0  0  50  0  0  0  0  0  0  0 
1441623386  0  0  0  0  0  0  0  0  0  4072563  0  0  0  0  0  0  0  0  0  21  0  0  0  0  0  50  0  0  0  0  0  0  0 
1441623386  0  0  0  0  0  0  0  0  0  4072563  0  0  0  0  0  0  0  0  0  21  0  0  0  0  0  50  0  0  0  0  0  0  0 
1441623387  0  0  0  0  0  0  0  0  0  4072563  0  0  0  0  0  0  0  0  0  21  0  0  0  0  0  50  0  0  0  0  0  0  0 
1441623387  0  0  0  0  0  0  0  0  0  4072563  0  0  0  0  0  0  0  0  0  21  0  0  0  0  0  50  0  0  0  0  0  0  0 
1441623388  0  0  0  0  0  0  0  0  0  4072563  0  0  0  0  0  0  0  0  0  21  0  0  0  0  0  50  0  0  0  0  0  0  0 
1441623388  0  0  0  0  0  0  0  0  0  4072563  0  0  0  0  0  0  0  0  0  21  0  0  0  0  0  50  0  0  0  0  0  0  0 
1441623389  0  0  0  0  0  0  0  0  0  4072563  0  0  0  0  0  0  0  0  0  21  0  0  0  0  0  50  0  0  0  0  0  0  0 
1441623389  0  0  0  0  0  0  0  0  0  4072563  0  0  0  0  0  0  0  0  0  21  0  0  0  0  0  50  0  0  0  0  0  0  0 
1441623390  0  0  0  0  0  0  0  0  0  4072563  0  0  0  0  0  0  0  0  0  21  0  0  0  0  0  50  0  0  0  0  0  0  0 
1441623390  0  0  0  0  0  0  0  0  0  4072563  0  0  0  0  0  0  0  0  0  21  0  0  0  0  0  50  0  0  0  0  0  0  0 
1441623391  0  0  0  0  0  0  0  0  0  4074505  0  0  0  0  0  0  0  0  0  21  0  0  0  0  0  51  0  1942  0  0  0  0  0 
1441623391  0  0  0  0  0  0  0  0  0  4074505  0  0  0  0  0  0  0  0  0  21  0  0  0  0  0  51  0  0  0  0  0  0  0 
1441623392  0  0  0  0  0  0  0  0  0  4074505  0  0  0  0  0  0  0  0  0  21  0  0  0  0  0  51  0  0  0  0  0  0  0 
1441623392  0  0  0  0  0  0  0  0  0  4074505  0  0  0  0  0  0  0  0  0  21  0  0  0  0  0  51  0  0  0  0  0  0  0 
1441623393  0  0  0  0  0  0  0  0  0  4074505  0  0  0  0  0  0  0  0  0  21  0  0  0  0  0  51  0  0  0  0  0  0  0 
1441623393  0  0  0  0  0  0  0  0  0  4074505  0  0  0  0  0  0  0  0  0  21  0  0  0  0  0  51  0  0  0  0  0  0  0 
1441623394  0  0  0  0  0  0  0  0  0  4074505  0  0  0  0  0  0  0  0  0  21  0  0  0  0  0  51  0  0  0  0  0  0  0 
1441623394  0  0  0  0  0  0  0  0  0  4074505  0  0  0  0  0  0  0  0  0  21  0  0  0  0  0  51  0  0  0  0  0  0  0 
1441623395  0  0  0  0  0  0  0  0  0  4074505  0  0  0  0  0  0  0  0  0  21  0  0  0  0  0  51  0  0  0  0  0  0  0 
1441623395  0  0  0  0  0  0  0  0  0  4074505  0  0  0  0  0  0  0  0  0  21  0  0  0  0  0  51  0  0  0  0  0  0  0 
1441623396  0  0  0  0  0  0  0  0  0  4074505  0  0  0  0  0  0  0  0  0  21  0  0  0  0  0  51  0  0  0  0  0  0  0 
1441623396  0  0  0  0  0  0  0  0  0  4074505  0  0  0  0  0  0  0  0  0  21  0  0  0  0  0  51  0  0  0  0  0  0  0 
1441623397  0  0  0  0  0  0  0  0  0  4074505  0  0  0  0  0  0  0  0  0  21  0  0  0  0  0  51  0  0  0  0  0  0  0 
1441623397  0  0  0  0  0  0  0  0  0  4074505  0  0  0  0  0  0  0  0  0  21  0  0  0  0  0  51  0  0  0  0  0  0  0 
1441623398  0  0  0  0  0  0  0  0  0  4074505  0  0  0  0  0  0  0  0  0  21  0  0  0  0  0  51  0  0  0  0  0  0  0 
1441623398  0  0  0  0  0  0  0  0  0  4074505  0  0  0  0  0  0  0  0  0  21  0  0  0  0  0  51  0  0  0  0  0  0  0 
1441623399  0  0  0  0  0  0  0  0  0  4074505  0  0  0  0  0  0  0  0  0  21  0  0  0  0  0  51  0  0  0  0  0  0  0 
1441623399  0  0  0  0  0  0  0  0  0  4074505  0  0  0  0  0  0  0  0  0  21  0  0  0  0  0  51  0  0  0  0  0  0  0 
1441623400  0  0  0  0  0  0  0  0  0  4074505  0  0  0  0  0  0  0  0  0  21  0  0  0  0  0  51  0  0  0  0  0  0  0 
1441623400  0  0  0  0  0  0  0  0  0  4074505  0  0  0  0  0  0  0  0  0  21  0  0  0  0  0  51  0  0  0  0  0  0  0 
1441623401  0  0  0  0  0  0  0  0  0  4074505  0  0  0  0  0  0  0  0  0  21  0  0  0  0  0  51  0  0  0  0  0  0  0 
1441623401  0  0  0  0  0  0  0  0  0  4146123  0  0  0  0  0  0  0  0  0  23  0  0  0  0  0  55  0  71618  0  0  0  0  0 
1441623402  0  0  0  0  0  0  0  0  0  4167853  0  0  0  0  0  0  0  0  0  25  0  0  0  0  0  64  0  21730  0  0  0  0  0 
1441623402  0  0  0  0  0  0  0  0  0  4167853  0  0  0  0  0  0  0  0  0  25  0  0  0  0  0  64  0  0  0  0  0  0  0 
