#Type:X;CI:7;ww:0;ca:0;co:1;fr:0;Type:X;CI:7;PI:0;PT:EP;U0:0;U1:0;
#time  Pp  gt  gs  cn  cm  cb  Nc  Pc  cp  Tc  Nm  pr  ps  pt  px  pd  Pm  Om  fs  ft  Oc  Em  Gp  Ec  Ge  ot  os  Total_cycles_diff  Successful_get_diff  Total_get_diff  succ_put_diff  total_put_diff  get_hit  
1441623435  0  0  0  0  0  0  0  0  0  6836  0  0  0  0  0  0  0  0  0  0  0  0  0  0  0  0  0  6836  0  0  0  0  
1441623436  0  0  0  0  0  0  0  0  0  6836  0  0  0  0  0  0  0  0  0  0  0  0  0  0  0  0  0  0  0  0  0  0  0 
1441623436  0  0  0  0  0  0  0  0  0  727407  0  0  0  0  0  0  0  0  0  0  0  0  0  0  0  0  0  720571  0  0  0  0  0 
1441623437  0  0  0  0  0  0  0  0  0  1292841  0  0  0  0  0  0  0  0  0  0  0  0  0  0  0  0  0  565434  0  0  0  0  0 
1441623437  0  0  0  0  0  0  0  0  0  1575821  0  0  0  0  0  0  0  0  0  0  0  0  0  0  0  0  0  282980  0  0  0  0  0 
1441623438  0  0  0  0  0  0  0  0  0  1751314  0  0  0  0  0  0  0  0  0  0  0  0  0  0  0  0  0  175493  0  0  0  0  0 
1441623438  0  0  0  0  0  0  0  0  0  2073819  0  0  0  0  0  0  0  0  0  2  0  0  0  0  0  7  0  322505  0  0  0  0  0 
1441623439  0  0  0  0  0  0  0  0  0  2678071  0  0  0  0  0  0  0  0  0  15  0  0  0  0  0  41  0  604252  0  0  0  0  0 
1441623439  0  0  0  0  0  0  0  0  0  2678071  0  0  0  0  0  0  0  0  0  15  0  0  0  0  0  41  0  0  0  0  0  0  0 
1441623440  0  0  0  0  0  0  0  0  0  3268155  0  0  0  0  0  0  0  0  0  21  0  0  0  0  0  46  0  590084  0  0  0  0  0 
1441623440  0  0  0  0  0  0  0  0  0  3735281  0  0  0  0  0  0  0  0  0  21  0  0  0  0  0  46  0  467126  0  0  0  0  0 
1441623441  0  0  0  0  0  0  0  0  0  3742977  0  0  0  0  0  0  0  0  0  21  0  0  0  0  0  46  0  7696  0  0  0  0  0 
1441623441  0  0  0  0  0  0  0  0  0  3742977  0  0  0  0  0  0  0  0  0  21  0  0  0  0  0  46  0  0  0  0  0  0  0 
1441623442  0  0  0  0  0  0  0  0  0  3742977  0  0  0  0  0  0  0  0  0  21  0  0  0  0  0  46  0  0  0  0  0  0  0 
1441623442  0  0  0  0  0  0  0  0  0  3742977  0  0  0  0  0  0  0  0  0  21  0  0  0  0  0  46  0  0  0  0  0  0  0 
1441623443  0  0  0  0  0  0  0  0  0  3742977  0  0  0  0  0  0  0  0  0  21  0  0  0  0  0  46  0  0  0  0  0  0  0 
1441623443  0  0  0  0  0  0  0  0  0  3742977  0  0  0  0  0  0  0  0  0  21  0  0  0  0  0  46  0  0  0  0  0  0  0 
1441623444  0  0  0  0  0  0  0  0  0  3742977  0  0  0  0  0  0  0  0  0  21  0  0  0  0  0  46  0  0  0  0  0  0  0 
1441623444  0  0  0  0  0  0  0  0  0  3742977  0  0  0  0  0  0  0  0  0  21  0  0  0  0  0  46  0  0  0  0  0  0  0 
1441623445  0  0  0  0  0  0  0  0  0  3742977  0  0  0  0  0  0  0  0  0  21  0  0  0  0  0  46  0  0  0  0  0  0  0 
1441623445  0  0  0  0  0  0  0  0  0  3742977  0  0  0  0  0  0  0  0  0  21  0  0  0  0  0  46  0  0  0  0  0  0  0 
1441623446  0  0  0  0  0  0  0  0  0  3742977  0  0  0  0  0  0  0  0  0  21  0  0  0  0  0  46  0  0  0  0  0  0  0 
1441623446  0  0  0  0  0  0  0  0  0  3742977  0  0  0  0  0  0  0  0  0  21  0  0  0  0  0  46  0  0  0  0  0  0  0 
1441623447  0  0  0  0  0  0  0  0  0  3742977  0  0  0  0  0  0  0  0  0  21  0  0  0  0  0  46  0  0  0  0  0  0  0 
1441623447  0  0  0  0  0  0  0  0  0  3742977  0  0  0  0  0  0  0  0  0  21  0  0  0  0  0  46  0  0  0  0  0  0  0 
1441623448  0  0  0  0  0  0  0  0  0  3742977  0  0  0  0  0  0  0  0  0  21  0  0  0  0  0  46  0  0  0  0  0  0  0 
1441623448  0  0  0  0  0  0  0  0  0  3742977  0  0  0  0  0  0  0  0  0  21  0  0  0  0  0  46  0  0  0  0  0  0  0 
1441623449  0  0  0  0  0  0  0  0  0  3742977  0  0  0  0  0  0  0  0  0  21  0  0  0  0  0  46  0  0  0  0  0  0  0 
1441623449  0  0  0  0  0  0  0  0  0  3742977  0  0  0  0  0  0  0  0  0  21  0  0  0  0  0  46  0  0  0  0  0  0  0 
1441623450  0  0  0  0  0  0  0  0  0  3742977  0  0  0  0  0  0  0  0  0  21  0  0  0  0  0  46  0  0  0  0  0  0  0 
1441623450  0  0  0  0  0  0  0  0  0  3742977  0  0  0  0  0  0  0  0  0  21  0  0  0  0  0  46  0  0  0  0  0  0  0 
1441623451  0  0  0  0  0  0  0  0  0  3742977  0  0  0  0  0  0  0  0  0  21  0  0  0  0  0  46  0  0  0  0  0  0  0 
1441623451  0  0  0  0  0  0  0  0  0  3742977  0  0  0  0  0  0  0  0  0  21  0  0  0  0  0  46  0  0  0  0  0  0  0 
1441623452  0  0  0  0  0  0  0  0  0  3742977  0  0  0  0  0  0  0  0  0  21  0  0  0  0  0  46  0  0  0  0  0  0  0 
1441623452  0  0  0  0  0  0  0  0  0  3742977  0  0  0  0  0  0  0  0  0  21  0  0  0  0  0  46  0  0  0  0  0  0  0 
1441623453  0  0  0  0  0  0  0  0  0  3742977  0  0  0  0  0  0  0  0  0  21  0  0  0  0  0  46  0  0  0  0  0  0  0 
1441623453  0  0  0  0  0  0  0  0  0  3742977  0  0  0  0  0  0  0  0  0  21  0  0  0  0  0  46  0  0  0  0  0  0  0 
1441623454  0  0  0  0  0  0  0  0  0  3742977  0  0  0  0  0  0  0  0  0  21  0  0  0  0  0  46  0  0  0  0  0  0  0 
1441623454  0  0  0  0  0  0  0  0  0  3742977  0  0  0  0  0  0  0  0  0  21  0  0  0  0  0  46  0  0  0  0  0  0  0 
1441623455  0  0  0  0  0  0  0  0  0  3742977  0  0  0  0  0  0  0  0  0  21  0  0  0  0  0  46  0  0  0  0  0  0  0 
1441623455  0  0  0  0  0  0  0  0  0  3742977  0  0  0  0  0  0  0  0  0  21  0  0  0  0  0  46  0  0  0  0  0  0  0 
1441623456  0  0  0  0  0  0  0  0  0  3742977  0  0  0  0  0  0  0  0  0  21  0  0  0  0  0  46  0  0  0  0  0  0  0 
1441623456  0  0  0  0  0  0  0  0  0  3742977  0  0  0  0  0  0  0  0  0  21  0  0  0  0  0  46  0  0  0  0  0  0  0 
1441623457  0  0  0  0  0  0  0  0  0  3742977  0  0  0  0  0  0  0  0  0  21  0  0  0  0  0  46  0  0  0  0  0  0  0 
1441623457  0  0  0  0  0  0  0  0  0  3742977  0  0  0  0  0  0  0  0  0  21  0  0  0  0  0  46  0  0  0  0  0  0  0 
1441623458  0  0  0  0  0  0  0  0  0  3742977  0  0  0  0  0  0  0  0  0  21  0  0  0  0  0  46  0  0  0  0  0  0  0 
1441623458  0  0  0  0  0  0  0  0  0  3742977  0  0  0  0  0  0  0  0  0  21  0  0  0  0  0  46  0  0  0  0  0  0  0 
1441623459  0  0  0  0  0  0  0  0  0  3742977  0  0  0  0  0  0  0  0  0  21  0  0  0  0  0  46  0  0  0  0  0  0  0 
1441623459  0  0  0  0  0  0  0  0  0  3742977  0  0  0  0  0  0  0  0  0  21  0  0  0  0  0  46  0  0  0  0  0  0  0 
1441623460  0  0  0  0  0  0  0  0  0  3742977  0  0  0  0  0  0  0  0  0  21  0  0  0  0  0  46  0  0  0  0  0  0  0 
1441623460  0  0  0  0  0  0  0  0  0  3742977  0  0  0  0  0  0  0  0  0  21  0  0  0  0  0  46  0  0  0  0  0  0  0 
1441623461  0  0  0  0  0  0  0  0  0  3742977  0  0  0  0  0  0  0  0  0  21  0  0  0  0  0  46  0  0  0  0  0  0  0 
1441623461  0  0  0  0  0  0  0  0  0  3742977  0  0  0  0  0  0  0  0  0  21  0  0  0  0  0  46  0  0  0  0  0  0  0 
1441623462  0  0  0  0  0  0  0  0  0  3742977  0  0  0  0  0  0  0  0  0  21  0  0  0  0  0  46  0  0  0  0  0  0  0 
1441623462  0  0  0  0  0  0  0  0  0  3742977  0  0  0  0  0  0  0  0  0  21  0  0  0  0  0  46  0  0  0  0  0  0  0 
1441623463  0  0  0  0  0  0  0  0  0  3742977  0  0  0  0  0  0  0  0  0  21  0  0  0  0  0  46  0  0  0  0  0  0  0 
1441623463  0  0  0  0  0  0  0  0  0  3742977  0  0  0  0  0  0  0  0  0  21  0  0  0  0  0  46  0  0  0  0  0  0  0 
1441623464  0  0  0  0  0  0  0  0  0  3742977  0  0  0  0  0  0  0  0  0  21  0  0  0  0  0  46  0  0  0  0  0  0  0 
1441623464  0  0  0  0  0  0  0  0  0  3742977  0  0  0  0  0  0  0  0  0  21  0  0  0  0  0  46  0  0  0  0  0  0  0 
1441623465  0  0  0  0  0  0  0  0  0  3742977  0  0  0  0  0  0  0  0  0  21  0  0  0  0  0  46  0  0  0  0  0  0  0 
1441623465  0  0  0  0  0  0  0  0  0  3742977  0  0  0  0  0  0  0  0  0  21  0  0  0  0  0  46  0  0  0  0  0  0  0 
1441623466  0  0  0  0  0  0  0  0  0  3742977  0  0  0  0  0  0  0  0  0  21  0  0  0  0  0  46  0  0  0  0  0  0  0 
1441623466  0  0  0  0  0  0  0  0  0  3742977  0  0  0  0  0  0  0  0  0  21  0  0  0  0  0  46  0  0  0  0  0  0  0 
1441623467  0  0  0  0  0  0  0  0  0  3742977  0  0  0  0  0  0  0  0  0  21  0  0  0  0  0  46  0  0  0  0  0  0  0 
1441623467  0  0  0  0  0  0  0  0  0  3742977  0  0  0  0  0  0  0  0  0  21  0  0  0  0  0  46  0  0  0  0  0  0  0 
1441623468  0  0  0  0  0  0  0  0  0  3742977  0  0  0  0  0  0  0  0  0  21  0  0  0  0  0  46  0  0  0  0  0  0  0 
1441623468  0  0  0  0  0  0  0  0  0  3742977  0  0  0  0  0  0  0  0  0  21  0  0  0  0  0  46  0  0  0  0  0  0  0 
1441623469  0  0  0  0  0  0  0  0  0  3742977  0  0  0  0  0  0  0  0  0  21  0  0  0  0  0  46  0  0  0  0  0  0  0 
1441623469  0  0  0  0  0  0  0  0  0  3742977  0  0  0  0  0  0  0  0  0  21  0  0  0  0  0  46  0  0  0  0  0  0  0 
1441623470  0  0  0  0  0  0  0  0  0  3742977  0  0  0  0  0  0  0  0  0  21  0  0  0  0  0  46  0  0  0  0  0  0  0 
1441623471  0  0  0  0  0  0  0  0  0  3742977  0  0  0  0  0  0  0  0  0  21  0  0  0  0  0  46  0  0  0  0  0  0  0 
1441623471  0  0  0  0  0  0  0  0  0  3742977  0  0  0  0  0  0  0  0  0  21  0  0  0  0  0  46  0  0  0  0  0  0  0 
1441623472  0  0  0  0  0  0  0  0  0  3742977  0  0  0  0  0  0  0  0  0  21  0  0  0  0  0  46  0  0  0  0  0  0  0 
1441623472  0  0  0  0  0  0  0  0  0  3742977  0  0  0  0  0  0  0  0  0  21  0  0  0  0  0  46  0  0  0  0  0  0  0 
1441623473  0  0  0  0  0  0  0  0  0  3742977  0  0  0  0  0  0  0  0  0  21  0  0  0  0  0  46  0  0  0  0  0  0  0 
1441623473  0  0  0  0  0  0  0  0  0  3742977  0  0  0  0  0  0  0  0  0  21  0  0  0  0  0  46  0  0  0  0  0  0  0 
1441623474  0  0  0  0  0  0  0  0  0  3742977  0  0  0  0  0  0  0  0  0  21  0  0  0  0  0  46  0  0  0  0  0  0  0 
1441623474  0  0  0  0  0  0  0  0  0  3742977  0  0  0  0  0  0  0  0  0  21  0  0  0  0  0  46  0  0  0  0  0  0  0 
1441623475  0  0  0  0  0  0  0  0  0  3742977  0  0  0  0  0  0  0  0  0  21  0  0  0  0  0  46  0  0  0  0  0  0  0 
1441623475  0  0  0  0  0  0  0  0  0  3742977  0  0  0  0  0  0  0  0  0  21  0  0  0  0  0  46  0  0  0  0  0  0  0 
1441623476  0  0  0  0  0  0  0  0  0  3742977  0  0  0  0  0  0  0  0  0  21  0  0  0  0  0  46  0  0  0  0  0  0  0 
1441623476  0  0  0  0  0  0  0  0  0  3742977  0  0  0  0  0  0  0  0  0  21  0  0  0  0  0  46  0  0  0  0  0  0  0 
1441623477  0  0  0  0  0  0  0  0  0  3742977  0  0  0  0  0  0  0  0  0  21  0  0  0  0  0  46  0  0  0  0  0  0  0 
1441623477  0  0  0  0  0  0  0  0  0  3742977  0  0  0  0  0  0  0  0  0  21  0  0  0  0  0  46  0  0  0  0  0  0  0 
1441623478  0  0  0  0  0  0  0  0  0  3742977  0  0  0  0  0  0  0  0  0  21  0  0  0  0  0  46  0  0  0  0  0  0  0 
1441623478  0  0  0  0  0  0  0  0  0  3742977  0  0  0  0  0  0  0  0  0  21  0  0  0  0  0  46  0  0  0  0  0  0  0 
1441623479  0  0  0  0  0  0  0  0  0  3742977  0  0  0  0  0  0  0  0  0  21  0  0  0  0  0  46  0  0  0  0  0  0  0 
1441623479  0  0  0  0  0  0  0  0  0  3742977  0  0  0  0  0  0  0  0  0  21  0  0  0  0  0  46  0  0  0  0  0  0  0 
1441623480  0  0  0  0  0  0  0  0  0  3742977  0  0  0  0  0  0  0  0  0  21  0  0  0  0  0  46  0  0  0  0  0  0  0 
1441623480  0  0  0  0  0  0  0  0  0  3742977  0  0  0  0  0  0  0  0  0  21  0  0  0  0  0  46  0  0  0  0  0  0  0 
1441623481  0  0  0  0  0  0  0  0  0  3742977  0  0  0  0  0  0  0  0  0  21  0  0  0  0  0  46  0  0  0  0  0  0  0 
1441623481  0  0  0  0  0  0  0  0  0  3742977  0  0  0  0  0  0  0  0  0  21  0  0  0  0  0  46  0  0  0  0  0  0  0 
1441623482  0  0  0  0  0  0  0  0  0  3742977  0  0  0  0  0  0  0  0  0  21  0  0  0  0  0  46  0  0  0  0  0  0  0 
1441623482  0  0  0  0  0  0  0  0  0  3742977  0  0  0  0  0  0  0  0  0  21  0  0  0  0  0  46  0  0  0  0  0  0  0 
1441623483  0  0  0  0  0  0  0  0  0  3742977  0  0  0  0  0  0  0  0  0  21  0  0  0  0  0  46  0  0  0  0  0  0  0 
1441623483  0  0  0  0  0  0  0  0  0  3742977  0  0  0  0  0  0  0  0  0  21  0  0  0  0  0  46  0  0  0  0  0  0  0 
1441623484  0  0  0  0  0  0  0  0  0  3742977  0  0  0  0  0  0  0  0  0  21  0  0  0  0  0  46  0  0  0  0  0  0  0 
1441623484  0  0  0  0  0  0  0  0  0  3742977  0  0  0  0  0  0  0  0  0  21  0  0  0  0  0  46  0  0  0  0  0  0  0 
1441623485  0  0  0  0  0  0  0  0  0  3742977  0  0  0  0  0  0  0  0  0  21  0  0  0  0  0  46  0  0  0  0  0  0  0 
1441623485  0  0  0  0  0  0  0  0  0  3742977  0  0  0  0  0  0  0  0  0  21  0  0  0  0  0  46  0  0  0  0  0  0  0 
1441623486  0  0  0  0  0  0  0  0  0  3742977  0  0  0  0  0  0  0  0  0  21  0  0  0  0  0  46  0  0  0  0  0  0  0 
1441623486  0  0  0  0  0  0  0  0  0  3742977  0  0  0  0  0  0  0  0  0  21  0  0  0  0  0  46  0  0  0  0  0  0  0 
1441623487  0  0  0  0  0  0  0  0  0  3742977  0  0  0  0  0  0  0  0  0  21  0  0  0  0  0  46  0  0  0  0  0  0  0 
1441623487  0  0  0  0  0  0  0  0  0  3742977  0  0  0  0  0  0  0  0  0  21  0  0  0  0  0  46  0  0  0  0  0  0  0 
1441623488  0  0  0  0  0  0  0  0  0  3742977  0  0  0  0  0  0  0  0  0  21  0  0  0  0  0  46  0  0  0  0  0  0  0 
1441623488  0  0  0  0  0  0  0  0  0  3742977  0  0  0  0  0  0  0  0  0  21  0  0  0  0  0  46  0  0  0  0  0  0  0 
1441623489  0  0  0  0  0  0  0  0  0  3742977  0  0  0  0  0  0  0  0  0  21  0  0  0  0  0  46  0  0  0  0  0  0  0 
1441623489  0  0  0  0  0  0  0  0  0  3742977  0  0  0  0  0  0  0  0  0  21  0  0  0  0  0  46  0  0  0  0  0  0  0 
1441623490  0  0  0  0  0  0  0  0  0  3742977  0  0  0  0  0  0  0  0  0  21  0  0  0  0  0  46  0  0  0  0  0  0  0 
1441623490  0  0  0  0  0  0  0  0  0  3742977  0  0  0  0  0  0  0  0  0  21  0  0  0  0  0  46  0  0  0  0  0  0  0 
1441623491  0  0  0  0  0  0  0  0  0  3742977  0  0  0  0  0  0  0  0  0  21  0  0  0  0  0  46  0  0  0  0  0  0  0 
1441623491  0  0  0  0  0  0  0  0  0  3742977  0  0  0  0  0  0  0  0  0  21  0  0  0  0  0  46  0  0  0  0  0  0  0 
1441623492  0  0  0  0  0  0  0  0  0  3742977  0  0  0  0  0  0  0  0  0  21  0  0  0  0  0  46  0  0  0  0  0  0  0 
1441623492  0  0  0  0  0  0  0  0  0  3742977  0  0  0  0  0  0  0  0  0  21  0  0  0  0  0  46  0  0  0  0  0  0  0 
1441623493  0  0  0  0  0  0  0  0  0  3749020  0  0  0  0  0  0  0  0  0  21  0  0  0  0  0  47  0  6043  0  0  0  0  0 
1441623493  0  0  0  0  0  0  0  0  0  3749020  0  0  0  0  0  0  0  0  0  21  0  0  0  0  0  47  0  0  0  0  0  0  0 
1441623494  0  0  0  0  0  0  0  0  0  3749020  0  0  0  0  0  0  0  0  0  21  0  0  0  0  0  47  0  0  0  0  0  0  0 
1441623494  0  0  0  0  0  0  0  0  0  3749020  0  0  0  0  0  0  0  0  0  21  0  0  0  0  0  47  0  0  0  0  0  0  0 
1441623495  0  0  0  0  0  0  0  0  0  3749020  0  0  0  0  0  0  0  0  0  21  0  0  0  0  0  47  0  0  0  0  0  0  0 
1441623495  0  0  0  0  0  0  0  0  0  3749020  0  0  0  0  0  0  0  0  0  21  0  0  0  0  0  47  0  0  0  0  0  0  0 
1441623496  0  0  0  0  0  0  0  0  0  3749020  0  0  0  0  0  0  0  0  0  21  0  0  0  0  0  47  0  0  0  0  0  0  0 
1441623496  0  0  0  0  0  0  0  0  0  3749020  0  0  0  0  0  0  0  0  0  21  0  0  0  0  0  47  0  0  0  0  0  0  0 
1441623497  0  0  0  0  0  0  0  0  0  3749020  0  0  0  0  0  0  0  0  0  21  0  0  0  0  0  47  0  0  0  0  0  0  0 
1441623497  0  0  0  0  0  0  0  0  0  3749020  0  0  0  0  0  0  0  0  0  21  0  0  0  0  0  47  0  0  0  0  0  0  0 
1441623498  0  0  0  0  0  0  0  0  0  3749020  0  0  0  0  0  0  0  0  0  21  0  0  0  0  0  47  0  0  0  0  0  0  0 
1441623498  0  0  0  0  0  0  0  0  0  3749020  0  0  0  0  0  0  0  0  0  21  0  0  0  0  0  47  0  0  0  0  0  0  0 
1441623499  0  0  0  0  0  0  0  0  0  3749020  0  0  0  0  0  0  0  0  0  21  0  0  0  0  0  47  0  0  0  0  0  0  0 
1441623499  0  0  0  0  0  0  0  0  0  3749020  0  0  0  0  0  0  0  0  0  21  0  0  0  0  0  47  0  0  0  0  0  0  0 
1441623500  0  0  0  0  0  0  0  0  0  3749020  0  0  0  0  0  0  0  0  0  21  0  0  0  0  0  47  0  0  0  0  0  0  0 
1441623500  0  0  0  0  0  0  0  0  0  3749020  0  0  0  0  0  0  0  0  0  21  0  0  0  0  0  47  0  0  0  0  0  0  0 
1441623501  0  0  0  0  0  0  0  0  0  3749020  0  0  0  0  0  0  0  0  0  21  0  0  0  0  0  47  0  0  0  0  0  0  0 
1441623501  0  0  0  0  0  0  0  0  0  3749020  0  0  0  0  0  0  0  0  0  21  0  0  0  0  0  47  0  0  0  0  0  0  0 
1441623502  0  0  0  0  0  0  0  0  0  3749020  0  0  0  0  0  0  0  0  0  21  0  0  0  0  0  47  0  0  0  0  0  0  0 
1441623502  0  0  0  0  0  0  0  0  0  3751536  0  0  0  0  0  0  0  0  0  21  0  0  0  0  0  48  0  2516  0  0  0  0  0 
1441623503  0  0  0  0  0  0  0  0  0  3751536  0  0  0  0  0  0  0  0  0  21  0  0  0  0  0  48  0  0  0  0  0  0  0 
1441623503  0  0  0  0  0  0  0  0  0  3751536  0  0  0  0  0  0  0  0  0  21  0  0  0  0  0  48  0  0  0  0  0  0  0 
1441623504  0  0  0  0  0  0  0  0  0  3751536  0  0  0  0  0  0  0  0  0  21  0  0  0  0  0  48  0  0  0  0  0  0  0 
1441623504  0  0  0  0  0  0  0  0  0  3751536  0  0  0  0  0  0  0  0  0  21  0  0  0  0  0  48  0  0  0  0  0  0  0 
1441623505  0  0  0  0  0  0  0  0  0  3751536  0  0  0  0  0  0  0  0  0  21  0  0  0  0  0  48  0  0  0  0  0  0  0 
1441623505  0  0  0  0  0  0  0  0  0  3751536  0  0  0  0  0  0  0  0  0  21  0  0  0  0  0  48  0  0  0  0  0  0  0 
1441623506  0  0  0  0  0  0  0  0  0  3751536  0  0  0  0  0  0  0  0  0  21  0  0  0  0  0  48  0  0  0  0  0  0  0 
1441623506  0  0  0  0  0  0  0  0  0  3751536  0  0  0  0  0  0  0  0  0  21  0  0  0  0  0  48  0  0  0  0  0  0  0 
1441623507  0  0  0  0  0  0  0  0  0  3751536  0  0  0  0  0  0  0  0  0  21  0  0  0  0  0  48  0  0  0  0  0  0  0 
1441623507  0  0  0  0  0  0  0  0  0  3751536  0  0  0  0  0  0  0  0  0  21  0  0  0  0  0  48  0  0  0  0  0  0  0 
1441623508  0  0  0  0  0  0  0  0  0  3751536  0  0  0  0  0  0  0  0  0  21  0  0  0  0  0  48  0  0  0  0  0  0  0 
1441623508  0  0  0  0  0  0  0  0  0  3751536  0  0  0  0  0  0  0  0  0  21  0  0  0  0  0  48  0  0  0  0  0  0  0 
1441623509  0  0  0  0  0  0  0  0  0  3751536  0  0  0  0  0  0  0  0  0  21  0  0  0  0  0  48  0  0  0  0  0  0  0 
1441623509  0  0  0  0  0  0  0  0  0  3751536  0  0  0  0  0  0  0  0  0  21  0  0  0  0  0  48  0  0  0  0  0  0  0 
1441623510  0  0  0  0  0  0  0  0  0  3751536  0  0  0  0  0  0  0  0  0  21  0  0  0  0  0  48  0  0  0  0  0  0  0 
1441623510  0  0  0  0  0  0  0  0  0  3751536  0  0  0  0  0  0  0  0  0  21  0  0  0  0  0  48  0  0  0  0  0  0  0 
1441623511  0  0  0  0  0  0  0  0  0  3751536  0  0  0  0  0  0  0  0  0  21  0  0  0  0  0  48  0  0  0  0  0  0  0 
1441623511  0  0  0  0  0  0  0  0  0  3751536  0  0  0  0  0  0  0  0  0  21  0  0  0  0  0  48  0  0  0  0  0  0  0 
1441623512  0  0  0  0  0  0  0  0  0  3751536  0  0  0  0  0  0  0  0  0  21  0  0  0  0  0  48  0  0  0  0  0  0  0 
1441623512  0  0  0  0  0  0  0  0  0  3756203  0  0  0  0  0  0  0  0  0  21  0  0  0  0  0  49  0  4667  0  0  0  0  0 
1441623513  0  0  0  0  0  0  0  0  0  3756203  0  0  0  0  0  0  0  0  0  21  0  0  0  0  0  49  0  0  0  0  0  0  0 
1441623513  0  0  0  0  0  0  0  0  0  3756203  0  0  0  0  0  0  0  0  0  21  0  0  0  0  0  49  0  0  0  0  0  0  0 
1441623514  0  0  0  0  0  0  0  0  0  3756203  0  0  0  0  0  0  0  0  0  21  0  0  0  0  0  49  0  0  0  0  0  0  0 
1441623514  0  0  0  0  0  0  0  0  0  3756203  0  0  0  0  0  0  0  0  0  21  0  0  0  0  0  49  0  0  0  0  0  0  0 
1441623515  0  0  0  0  0  0  0  0  0  3756203  0  0  0  0  0  0  0  0  0  21  0  0  0  0  0  49  0  0  0  0  0  0  0 
1441623516  0  0  0  0  0  0  0  0  0  3756203  0  0  0  0  0  0  0  0  0  21  0  0  0  0  0  49  0  0  0  0  0  0  0 
1441623516  0  0  0  0  0  0  0  0  0  3756203  0  0  0  0  0  0  0  0  0  21  0  0  0  0  0  49  0  0  0  0  0  0  0 
1441623517  0  0  0  0  0  0  0  0  0  3756203  0  0  0  0  0  0  0  0  0  21  0  0  0  0  0  49  0  0  0  0  0  0  0 
1441623517  0  0  0  0  0  0  0  0  0  3756203  0  0  0  0  0  0  0  0  0  21  0  0  0  0  0  49  0  0  0  0  0  0  0 
1441623518  0  0  0  0  0  0  0  0  0  3756203  0  0  0  0  0  0  0  0  0  21  0  0  0  0  0  49  0  0  0  0  0  0  0 
1441623518  0  0  0  0  0  0  0  0  0  3756203  0  0  0  0  0  0  0  0  0  21  0  0  0  0  0  49  0  0  0  0  0  0  0 
1441623519  0  0  0  0  0  0  0  0  0  3756203  0  0  0  0  0  0  0  0  0  21  0  0  0  0  0  49  0  0  0  0  0  0  0 
1441623519  0  0  0  0  0  0  0  0  0  3756203  0  0  0  0  0  0  0  0  0  21  0  0  0  0  0  49  0  0  0  0  0  0  0 
1441623520  0  0  0  0  0  0  0  0  0  3756203  0  0  0  0  0  0  0  0  0  21  0  0  0  0  0  49  0  0  0  0  0  0  0 
1441623520  0  0  0  0  0  0  0  0  0  3756203  0  0  0  0  0  0  0  0  0  21  0  0  0  0  0  49  0  0  0  0  0  0  0 
1441623521  0  0  0  0  0  0  0  0  0  3756203  0  0  0  0  0  0  0  0  0  21  0  0  0  0  0  49  0  0  0  0  0  0  0 
1441623521  0  0  0  0  0  0  0  0  0  3756203  0  0  0  0  0  0  0  0  0  21  0  0  0  0  0  49  0  0  0  0  0  0  0 
1441623522  0  0  0  0  0  0  0  0  0  3756203  0  0  0  0  0  0  0  0  0  21  0  0  0  0  0  49  0  0  0  0  0  0  0 
1441623522  0  0  0  0  0  0  0  0  0  3756203  0  0  0  0  0  0  0  0  0  21  0  0  0  0  0  49  0  0  0  0  0  0  0 
1441623523  0  0  0  0  0  0  0  0  0  3758967  0  0  0  0  0  0  0  0  0  21  0  0  0  0  0  50  0  2764  0  0  0  0  0 
1441623523  0  0  0  0  0  0  0  0  0  3758967  0  0  0  0  0  0  0  0  0  21  0  0  0  0  0  50  0  0  0  0  0  0  0 
1441623524  0  0  0  0  0  0  0  0  0  3758967  0  0  0  0  0  0  0  0  0  21  0  0  0  0  0  50  0  0  0  0  0  0  0 
1441623524  0  0  0  0  0  0  0  0  0  3758967  0  0  0  0  0  0  0  0  0  21  0  0  0  0  0  50  0  0  0  0  0  0  0 
1441623525  0  0  0  0  0  0  0  0  0  3758967  0  0  0  0  0  0  0  0  0  21  0  0  0  0  0  50  0  0  0  0  0  0  0 
1441623525  0  0  0  0  0  0  0  0  0  3758967  0  0  0  0  0  0  0  0  0  21  0  0  0  0  0  50  0  0  0  0  0  0  0 
1441623526  0  0  0  0  0  0  0  0  0  3758967  0  0  0  0  0  0  0  0  0  21  0  0  0  0  0  50  0  0  0  0  0  0  0 
1441623526  0  0  0  0  0  0  0  0  0  3758967  0  0  0  0  0  0  0  0  0  21  0  0  0  0  0  50  0  0  0  0  0  0  0 
1441623527  0  0  0  0  0  0  0  0  0  3758967  0  0  0  0  0  0  0  0  0  21  0  0  0  0  0  50  0  0  0  0  0  0  0 
1441623527  0  0  0  0  0  0  0  0  0  3758967  0  0  0  0  0  0  0  0  0  21  0  0  0  0  0  50  0  0  0  0  0  0  0 
1441623528  0  0  0  0  0  0  0  0  0  3758967  0  0  0  0  0  0  0  0  0  21  0  0  0  0  0  50  0  0  0  0  0  0  0 
1441623528  0  0  0  0  0  0  0  0  0  3758967  0  0  0  0  0  0  0  0  0  21  0  0  0  0  0  50  0  0  0  0  0  0  0 
1441623529  0  0  0  0  0  0  0  0  0  3758967  0  0  0  0  0  0  0  0  0  21  0  0  0  0  0  50  0  0  0  0  0  0  0 
1441623529  0  0  0  0  0  0  0  0  0  3758967  0  0  0  0  0  0  0  0  0  21  0  0  0  0  0  50  0  0  0  0  0  0  0 
1441623530  0  0  0  0  0  0  0  0  0  3758967  0  0  0  0  0  0  0  0  0  21  0  0  0  0  0  50  0  0  0  0  0  0  0 
1441623530  0  0  0  0  0  0  0  0  0  3758967  0  0  0  0  0  0  0  0  0  21  0  0  0  0  0  50  0  0  0  0  0  0  0 
1441623531  0  0  0  0  0  0  0  0  0  3758967  0  0  0  0  0  0  0  0  0  21  0  0  0  0  0  50  0  0  0  0  0  0  0 
1441623531  0  0  0  0  0  0  0  0  0  3758967  0  0  0  0  0  0  0  0  0  21  0  0  0  0  0  50  0  0  0  0  0  0  0 
1441623532  0  0  0  0  0  0  0  0  0  3758967  0  0  0  0  0  0  0  0  0  21  0  0  0  0  0  50  0  0  0  0  0  0  0 
1441623532  0  0  0  0  0  0  0  0  0  3758967  0  0  0  0  0  0  0  0  0  21  0  0  0  0  0  50  0  0  0  0  0  0  0 
1441623533  0  0  0  0  0  0  0  0  0  3761692  0  0  0  0  0  0  0  0  0  21  0  0  0  0  0  51  0  2725  0  0  0  0  0 
1441623533  0  0  0  0  0  0  0  0  0  3761692  0  0  0  0  0  0  0  0  0  21  0  0  0  0  0  51  0  0  0  0  0  0  0 
1441623534  0  0  0  0  0  0  0  0  0  3761692  0  0  0  0  0  0  0  0  0  21  0  0  0  0  0  51  0  0  0  0  0  0  0 
1441623534  0  0  0  0  0  0  0  0  0  3761692  0  0  0  0  0  0  0  0  0  21  0  0  0  0  0  51  0  0  0  0  0  0  0 
1441623535  0  0  0  0  0  0  0  0  0  3761692  0  0  0  0  0  0  0  0  0  21  0  0  0  0  0  51  0  0  0  0  0  0  0 
1441623535  0  0  0  0  0  0  0  0  0  3761692  0  0  0  0  0  0  0  0  0  21  0  0  0  0  0  51  0  0  0  0  0  0  0 
1441623536  0  0  0  0  0  0  0  0  0  3761692  0  0  0  0  0  0  0  0  0  21  0  0  0  0  0  51  0  0  0  0  0  0  0 
1441623536  0  0  0  0  0  0  0  0  0  3761692  0  0  0  0  0  0  0  0  0  21  0  0  0  0  0  51  0  0  0  0  0  0  0 
1441623537  0  0  0  0  0  0  0  0  0  3761692  0  0  0  0  0  0  0  0  0  21  0  0  0  0  0  51  0  0  0  0  0  0  0 
1441623537  0  0  0  0  0  0  0  0  0  3761692  0  0  0  0  0  0  0  0  0  21  0  0  0  0  0  51  0  0  0  0  0  0  0 
1441623538  0  0  0  0  0  0  0  0  0  3761692  0  0  0  0  0  0  0  0  0  21  0  0  0  0  0  51  0  0  0  0  0  0  0 
1441623538  0  0  0  0  0  0  0  0  0  3761692  0  0  0  0  0  0  0  0  0  21  0  0  0  0  0  51  0  0  0  0  0  0  0 
1441623539  0  0  0  0  0  0  0  0  0  3761692  0  0  0  0  0  0  0  0  0  21  0  0  0  0  0  51  0  0  0  0  0  0  0 
1441623539  0  0  0  0  0  0  0  0  0  3761692  0  0  0  0  0  0  0  0  0  21  0  0  0  0  0  51  0  0  0  0  0  0  0 
1441623540  0  0  0  0  0  0  0  0  0  3761692  0  0  0  0  0  0  0  0  0  21  0  0  0  0  0  51  0  0  0  0  0  0  0 
1441623540  0  0  0  0  0  0  0  0  0  3761692  0  0  0  0  0  0  0  0  0  21  0  0  0  0  0  51  0  0  0  0  0  0  0 
1441623541  0  0  0  0  0  0  0  0  0  3761692  0  0  0  0  0  0  0  0  0  21  0  0  0  0  0  51  0  0  0  0  0  0  0 
1441623541  0  0  0  0  0  0  0  0  0  3761692  0  0  0  0  0  0  0  0  0  21  0  0  0  0  0  51  0  0  0  0  0  0  0 
1441623542  0  0  0  0  0  0  0  0  0  3761692  0  0  0  0  0  0  0  0  0  21  0  0  0  0  0  51  0  0  0  0  0  0  0 
1441623542  0  0  0  0  0  0  0  0  0  3761692  0  0  0  0  0  0  0  0  0  21  0  0  0  0  0  51  0  0  0  0  0  0  0 
1441623543  0  0  0  0  0  0  0  0  0  3794932  0  0  0  0  0  0  0  0  0  21  0  0  0  0  0  51  0  33240  0  0  0  0  0 
1441623543  0  0  0  0  0  0  0  0  0  3854808  0  0  0  0  0  0  0  0  0  25  0  0  0  0  0  64  0  59876  0  0  0  0  0 
1441623544  0  0  0  0  0  0  0  0  0  3854808  0  0  0  0  0  0  0  0  0  25  0  0  0  0  0  64  0  0  0  0  0  0  0 
