#Type:X;CI:23;ww:0;ca:0;co:1;fr:0;Type:X;CI:23;PI:0;PT:EP;U0:0;U1:0;
#time  Pp  gt  gs  cn  cm  cb  Nc  Pc  cp  Tc  Nm  pr  ps  pt  px  pd  Pm  Om  fs  ft  Oc  Em  Gp  Ec  Ge  ot  os  Total_cycles_diff  Successful_get_diff  Total_get_diff  succ_put_diff  total_put_diff  get_hit  
1441624569  0  0  0  0  0  0  0  0  0  701388  0  0  0  0  0  0  0  0  0  0  0  0  0  0  0  0  0  701388  0  0  0  0  
1441624569  0  0  0  0  0  0  0  0  0  1152398  0  0  0  0  0  0  0  0  0  0  0  0  0  0  0  0  0  451010  0  0  0  0  0 
1441624570  0  0  0  0  0  0  0  0  0  1536854  0  0  0  0  0  0  0  0  0  0  0  0  0  0  0  0  0  384456  0  0  0  0  0 
1441624570  0  0  0  0  0  0  0  0  0  1792925  0  0  0  0  0  0  0  0  0  0  0  0  0  0  0  0  0  256071  0  0  0  0  0 
1441624571  0  0  0  0  0  0  0  0  0  2136441  0  0  0  0  0  0  0  0  0  0  0  0  0  0  0  0  0  343516  0  0  0  0  0 
1441624571  0  0  0  0  0  0  0  0  0  2136441  0  0  0  0  0  0  0  0  0  0  0  0  0  0  0  0  0  0  0  0  0  0  0 
1441624572  0  0  0  0  0  0  0  0  0  2733829  0  0  0  0  0  0  0  0  0  13  0  0  0  0  0  39  0  597388  0  0  0  0  0 
1441624572  0  0  0  0  0  0  0  0  0  3442973  0  0  0  0  0  0  0  0  0  15  0  0  0  0  0  41  0  709144  0  0  0  0  0 
1441624573  0  0  0  0  0  0  0  0  0  3968509  0  0  0  0  0  0  0  0  0  21  0  0  0  0  0  46  0  525536  0  0  0  0  0 
1441624573  0  0  0  0  0  0  0  0  0  4002015  0  0  0  0  0  0  0  0  0  21  0  0  0  0  0  46  0  33506  0  0  0  0  0 
1441624574  0  0  0  0  0  0  0  0  0  4002015  0  0  0  0  0  0  0  0  0  21  0  0  0  0  0  46  0  0  0  0  0  0  0 
1441624574  0  0  0  0  0  0  0  0  0  4002015  0  0  0  0  0  0  0  0  0  21  0  0  0  0  0  46  0  0  0  0  0  0  0 
1441624575  0  0  0  0  0  0  0  0  0  4002015  0  0  0  0  0  0  0  0  0  21  0  0  0  0  0  46  0  0  0  0  0  0  0 
1441624575  0  0  0  0  0  0  0  0  0  4002015  0  0  0  0  0  0  0  0  0  21  0  0  0  0  0  46  0  0  0  0  0  0  0 
1441624576  0  0  0  0  0  0  0  0  0  4002015  0  0  0  0  0  0  0  0  0  21  0  0  0  0  0  46  0  0  0  0  0  0  0 
1441624576  0  0  0  0  0  0  0  0  0  4002015  0  0  0  0  0  0  0  0  0  21  0  0  0  0  0  46  0  0  0  0  0  0  0 
1441624577  0  0  0  0  0  0  0  0  0  4002015  0  0  0  0  0  0  0  0  0  21  0  0  0  0  0  46  0  0  0  0  0  0  0 
1441624577  0  0  0  0  0  0  0  0  0  4002015  0  0  0  0  0  0  0  0  0  21  0  0  0  0  0  46  0  0  0  0  0  0  0 
1441624578  0  0  0  0  0  0  0  0  0  4002015  0  0  0  0  0  0  0  0  0  21  0  0  0  0  0  46  0  0  0  0  0  0  0 
1441624578  0  0  0  0  0  0  0  0  0  4002015  0  0  0  0  0  0  0  0  0  21  0  0  0  0  0  46  0  0  0  0  0  0  0 
1441624579  0  0  0  0  0  0  0  0  0  4002015  0  0  0  0  0  0  0  0  0  21  0  0  0  0  0  46  0  0  0  0  0  0  0 
1441624579  0  0  0  0  0  0  0  0  0  4002015  0  0  0  0  0  0  0  0  0  21  0  0  0  0  0  46  0  0  0  0  0  0  0 
1441624580  0  0  0  0  0  0  0  0  0  4002015  0  0  0  0  0  0  0  0  0  21  0  0  0  0  0  46  0  0  0  0  0  0  0 
1441624580  0  0  0  0  0  0  0  0  0  4002015  0  0  0  0  0  0  0  0  0  21  0  0  0  0  0  46  0  0  0  0  0  0  0 
1441624581  0  0  0  0  0  0  0  0  0  4002015  0  0  0  0  0  0  0  0  0  21  0  0  0  0  0  46  0  0  0  0  0  0  0 
1441624581  0  0  0  0  0  0  0  0  0  4002015  0  0  0  0  0  0  0  0  0  21  0  0  0  0  0  46  0  0  0  0  0  0  0 
1441624582  0  0  0  0  0  0  0  0  0  4002015  0  0  0  0  0  0  0  0  0  21  0  0  0  0  0  46  0  0  0  0  0  0  0 
1441624583  0  0  0  0  0  0  0  0  0  4002015  0  0  0  0  0  0  0  0  0  21  0  0  0  0  0  46  0  0  0  0  0  0  0 
1441624583  0  0  0  0  0  0  0  0  0  4002015  0  0  0  0  0  0  0  0  0  21  0  0  0  0  0  46  0  0  0  0  0  0  0 
1441624584  0  0  0  0  0  0  0  0  0  4002015  0  0  0  0  0  0  0  0  0  21  0  0  0  0  0  46  0  0  0  0  0  0  0 
1441624584  0  0  0  0  0  0  0  0  0  4002015  0  0  0  0  0  0  0  0  0  21  0  0  0  0  0  46  0  0  0  0  0  0  0 
1441624585  0  0  0  0  0  0  0  0  0  4002015  0  0  0  0  0  0  0  0  0  21  0  0  0  0  0  46  0  0  0  0  0  0  0 
1441624585  0  0  0  0  0  0  0  0  0  4002015  0  0  0  0  0  0  0  0  0  21  0  0  0  0  0  46  0  0  0  0  0  0  0 
1441624586  0  0  0  0  0  0  0  0  0  4002015  0  0  0  0  0  0  0  0  0  21  0  0  0  0  0  46  0  0  0  0  0  0  0 
1441624586  0  0  0  0  0  0  0  0  0  4002015  0  0  0  0  0  0  0  0  0  21  0  0  0  0  0  46  0  0  0  0  0  0  0 
1441624587  0  0  0  0  0  0  0  0  0  4002015  0  0  0  0  0  0  0  0  0  21  0  0  0  0  0  46  0  0  0  0  0  0  0 
1441624587  0  0  0  0  0  0  0  0  0  4002015  0  0  0  0  0  0  0  0  0  21  0  0  0  0  0  46  0  0  0  0  0  0  0 
1441624588  0  0  0  0  0  0  0  0  0  4002015  0  0  0  0  0  0  0  0  0  21  0  0  0  0  0  46  0  0  0  0  0  0  0 
1441624588  0  0  0  0  0  0  0  0  0  4002015  0  0  0  0  0  0  0  0  0  21  0  0  0  0  0  46  0  0  0  0  0  0  0 
1441624589  0  0  0  0  0  0  0  0  0  4002015  0  0  0  0  0  0  0  0  0  21  0  0  0  0  0  46  0  0  0  0  0  0  0 
1441624589  0  0  0  0  0  0  0  0  0  4002015  0  0  0  0  0  0  0  0  0  21  0  0  0  0  0  46  0  0  0  0  0  0  0 
1441624590  0  0  0  0  0  0  0  0  0  4002015  0  0  0  0  0  0  0  0  0  21  0  0  0  0  0  46  0  0  0  0  0  0  0 
1441624590  0  0  0  0  0  0  0  0  0  4002015  0  0  0  0  0  0  0  0  0  21  0  0  0  0  0  46  0  0  0  0  0  0  0 
1441624591  0  0  0  0  0  0  0  0  0  4002015  0  0  0  0  0  0  0  0  0  21  0  0  0  0  0  46  0  0  0  0  0  0  0 
1441624591  0  0  0  0  0  0  0  0  0  4002015  0  0  0  0  0  0  0  0  0  21  0  0  0  0  0  46  0  0  0  0  0  0  0 
1441624592  0  0  0  0  0  0  0  0  0  4002015  0  0  0  0  0  0  0  0  0  21  0  0  0  0  0  46  0  0  0  0  0  0  0 
1441624592  0  0  0  0  0  0  0  0  0  4002015  0  0  0  0  0  0  0  0  0  21  0  0  0  0  0  46  0  0  0  0  0  0  0 
1441624593  0  0  0  0  0  0  0  0  0  4002015  0  0  0  0  0  0  0  0  0  21  0  0  0  0  0  46  0  0  0  0  0  0  0 
1441624593  0  0  0  0  0  0  0  0  0  4002015  0  0  0  0  0  0  0  0  0  21  0  0  0  0  0  46  0  0  0  0  0  0  0 
1441624594  0  0  0  0  0  0  0  0  0  4002015  0  0  0  0  0  0  0  0  0  21  0  0  0  0  0  46  0  0  0  0  0  0  0 
1441624594  0  0  0  0  0  0  0  0  0  4002015  0  0  0  0  0  0  0  0  0  21  0  0  0  0  0  46  0  0  0  0  0  0  0 
1441624595  0  0  0  0  0  0  0  0  0  4002015  0  0  0  0  0  0  0  0  0  21  0  0  0  0  0  46  0  0  0  0  0  0  0 
1441624595  0  0  0  0  0  0  0  0  0  4002015  0  0  0  0  0  0  0  0  0  21  0  0  0  0  0  46  0  0  0  0  0  0  0 
1441624596  0  0  0  0  0  0  0  0  0  4002015  0  0  0  0  0  0  0  0  0  21  0  0  0  0  0  46  0  0  0  0  0  0  0 
1441624596  0  0  0  0  0  0  0  0  0  4002015  0  0  0  0  0  0  0  0  0  21  0  0  0  0  0  46  0  0  0  0  0  0  0 
1441624597  0  0  0  0  0  0  0  0  0  4002015  0  0  0  0  0  0  0  0  0  21  0  0  0  0  0  46  0  0  0  0  0  0  0 
1441624597  0  0  0  0  0  0  0  0  0  4002015  0  0  0  0  0  0  0  0  0  21  0  0  0  0  0  46  0  0  0  0  0  0  0 
1441624598  0  0  0  0  0  0  0  0  0  4002015  0  0  0  0  0  0  0  0  0  21  0  0  0  0  0  46  0  0  0  0  0  0  0 
1441624598  0  0  0  0  0  0  0  0  0  4002015  0  0  0  0  0  0  0  0  0  21  0  0  0  0  0  46  0  0  0  0  0  0  0 
1441624599  0  0  0  0  0  0  0  0  0  4002015  0  0  0  0  0  0  0  0  0  21  0  0  0  0  0  46  0  0  0  0  0  0  0 
1441624599  0  0  0  0  0  0  0  0  0  4002015  0  0  0  0  0  0  0  0  0  21  0  0  0  0  0  46  0  0  0  0  0  0  0 
1441624600  0  0  0  0  0  0  0  0  0  4002015  0  0  0  0  0  0  0  0  0  21  0  0  0  0  0  46  0  0  0  0  0  0  0 
1441624600  0  0  0  0  0  0  0  0  0  4002015  0  0  0  0  0  0  0  0  0  21  0  0  0  0  0  46  0  0  0  0  0  0  0 
1441624601  0  0  0  0  0  0  0  0  0  4002015  0  0  0  0  0  0  0  0  0  21  0  0  0  0  0  46  0  0  0  0  0  0  0 
1441624601  0  0  0  0  0  0  0  0  0  4002015  0  0  0  0  0  0  0  0  0  21  0  0  0  0  0  46  0  0  0  0  0  0  0 
1441624602  0  0  0  0  0  0  0  0  0  4002015  0  0  0  0  0  0  0  0  0  21  0  0  0  0  0  46  0  0  0  0  0  0  0 
1441624602  0  0  0  0  0  0  0  0  0  4002015  0  0  0  0  0  0  0  0  0  21  0  0  0  0  0  46  0  0  0  0  0  0  0 
1441624603  0  0  0  0  0  0  0  0  0  4002015  0  0  0  0  0  0  0  0  0  21  0  0  0  0  0  46  0  0  0  0  0  0  0 
1441624603  0  0  0  0  0  0  0  0  0  4002015  0  0  0  0  0  0  0  0  0  21  0  0  0  0  0  46  0  0  0  0  0  0  0 
1441624604  0  0  0  0  0  0  0  0  0  4002015  0  0  0  0  0  0  0  0  0  21  0  0  0  0  0  46  0  0  0  0  0  0  0 
1441624604  0  0  0  0  0  0  0  0  0  4002015  0  0  0  0  0  0  0  0  0  21  0  0  0  0  0  46  0  0  0  0  0  0  0 
1441624605  0  0  0  0  0  0  0  0  0  4002015  0  0  0  0  0  0  0  0  0  21  0  0  0  0  0  46  0  0  0  0  0  0  0 
1441624605  0  0  0  0  0  0  0  0  0  4002015  0  0  0  0  0  0  0  0  0  21  0  0  0  0  0  46  0  0  0  0  0  0  0 
1441624606  0  0  0  0  0  0  0  0  0  4002015  0  0  0  0  0  0  0  0  0  21  0  0  0  0  0  46  0  0  0  0  0  0  0 
1441624606  0  0  0  0  0  0  0  0  0  4002015  0  0  0  0  0  0  0  0  0  21  0  0  0  0  0  46  0  0  0  0  0  0  0 
1441624607  0  0  0  0  0  0  0  0  0  4002015  0  0  0  0  0  0  0  0  0  21  0  0  0  0  0  46  0  0  0  0  0  0  0 
1441624607  0  0  0  0  0  0  0  0  0  4002015  0  0  0  0  0  0  0  0  0  21  0  0  0  0  0  46  0  0  0  0  0  0  0 
1441624608  0  0  0  0  0  0  0  0  0  4002015  0  0  0  0  0  0  0  0  0  21  0  0  0  0  0  46  0  0  0  0  0  0  0 
1441624608  0  0  0  0  0  0  0  0  0  4002015  0  0  0  0  0  0  0  0  0  21  0  0  0  0  0  46  0  0  0  0  0  0  0 
1441624609  0  0  0  0  0  0  0  0  0  4002015  0  0  0  0  0  0  0  0  0  21  0  0  0  0  0  46  0  0  0  0  0  0  0 
1441624609  0  0  0  0  0  0  0  0  0  4002015  0  0  0  0  0  0  0  0  0  21  0  0  0  0  0  46  0  0  0  0  0  0  0 
1441624610  0  0  0  0  0  0  0  0  0  4002015  0  0  0  0  0  0  0  0  0  21  0  0  0  0  0  46  0  0  0  0  0  0  0 
1441624610  0  0  0  0  0  0  0  0  0  4002015  0  0  0  0  0  0  0  0  0  21  0  0  0  0  0  46  0  0  0  0  0  0  0 
1441624611  0  0  0  0  0  0  0  0  0  4002015  0  0  0  0  0  0  0  0  0  21  0  0  0  0  0  46  0  0  0  0  0  0  0 
1441624611  0  0  0  0  0  0  0  0  0  4002015  0  0  0  0  0  0  0  0  0  21  0  0  0  0  0  46  0  0  0  0  0  0  0 
1441624612  0  0  0  0  0  0  0  0  0  4002015  0  0  0  0  0  0  0  0  0  21  0  0  0  0  0  46  0  0  0  0  0  0  0 
1441624612  0  0  0  0  0  0  0  0  0  4002015  0  0  0  0  0  0  0  0  0  21  0  0  0  0  0  46  0  0  0  0  0  0  0 
1441624613  0  0  0  0  0  0  0  0  0  4002015  0  0  0  0  0  0  0  0  0  21  0  0  0  0  0  46  0  0  0  0  0  0  0 
1441624613  0  0  0  0  0  0  0  0  0  4002015  0  0  0  0  0  0  0  0  0  21  0  0  0  0  0  46  0  0  0  0  0  0  0 
1441624614  0  0  0  0  0  0  0  0  0  4002015  0  0  0  0  0  0  0  0  0  21  0  0  0  0  0  46  0  0  0  0  0  0  0 
1441624614  0  0  0  0  0  0  0  0  0  4002015  0  0  0  0  0  0  0  0  0  21  0  0  0  0  0  46  0  0  0  0  0  0  0 
1441624615  0  0  0  0  0  0  0  0  0  4002015  0  0  0  0  0  0  0  0  0  21  0  0  0  0  0  46  0  0  0  0  0  0  0 
1441624615  0  0  0  0  0  0  0  0  0  4002015  0  0  0  0  0  0  0  0  0  21  0  0  0  0  0  46  0  0  0  0  0  0  0 
1441624616  0  0  0  0  0  0  0  0  0  4002015  0  0  0  0  0  0  0  0  0  21  0  0  0  0  0  46  0  0  0  0  0  0  0 
1441624616  0  0  0  0  0  0  0  0  0  4002015  0  0  0  0  0  0  0  0  0  21  0  0  0  0  0  46  0  0  0  0  0  0  0 
1441624617  0  0  0  0  0  0  0  0  0  4002015  0  0  0  0  0  0  0  0  0  21  0  0  0  0  0  46  0  0  0  0  0  0  0 
1441624618  0  0  0  0  0  0  0  0  0  4002015  0  0  0  0  0  0  0  0  0  21  0  0  0  0  0  46  0  0  0  0  0  0  0 
1441624618  0  0  0  0  0  0  0  0  0  4002015  0  0  0  0  0  0  0  0  0  21  0  0  0  0  0  46  0  0  0  0  0  0  0 
1441624619  0  0  0  0  0  0  0  0  0  4002015  0  0  0  0  0  0  0  0  0  21  0  0  0  0  0  46  0  0  0  0  0  0  0 
1441624619  0  0  0  0  0  0  0  0  0  4002015  0  0  0  0  0  0  0  0  0  21  0  0  0  0  0  46  0  0  0  0  0  0  0 
1441624620  0  0  0  0  0  0  0  0  0  4002015  0  0  0  0  0  0  0  0  0  21  0  0  0  0  0  46  0  0  0  0  0  0  0 
1441624620  0  0  0  0  0  0  0  0  0  4002015  0  0  0  0  0  0  0  0  0  21  0  0  0  0  0  46  0  0  0  0  0  0  0 
1441624621  0  0  0  0  0  0  0  0  0  4002015  0  0  0  0  0  0  0  0  0  21  0  0  0  0  0  46  0  0  0  0  0  0  0 
1441624621  0  0  0  0  0  0  0  0  0  4002015  0  0  0  0  0  0  0  0  0  21  0  0  0  0  0  46  0  0  0  0  0  0  0 
1441624622  0  0  0  0  0  0  0  0  0  4002015  0  0  0  0  0  0  0  0  0  21  0  0  0  0  0  46  0  0  0  0  0  0  0 
1441624622  0  0  0  0  0  0  0  0  0  4002015  0  0  0  0  0  0  0  0  0  21  0  0  0  0  0  46  0  0  0  0  0  0  0 
1441624623  0  0  0  0  0  0  0  0  0  4002015  0  0  0  0  0  0  0  0  0  21  0  0  0  0  0  46  0  0  0  0  0  0  0 
1441624623  0  0  0  0  0  0  0  0  0  4002015  0  0  0  0  0  0  0  0  0  21  0  0  0  0  0  46  0  0  0  0  0  0  0 
1441624624  0  0  0  0  0  0  0  0  0  4002015  0  0  0  0  0  0  0  0  0  21  0  0  0  0  0  46  0  0  0  0  0  0  0 
1441624624  0  0  0  0  0  0  0  0  0  4002015  0  0  0  0  0  0  0  0  0  21  0  0  0  0  0  46  0  0  0  0  0  0  0 
1441624625  0  0  0  0  0  0  0  0  0  4012819  0  0  0  0  0  0  0  0  0  21  0  0  0  0  0  47  0  10804  0  0  0  0  0 
1441624625  0  0  0  0  0  0  0  0  0  4012819  0  0  0  0  0  0  0  0  0  21  0  0  0  0  0  47  0  0  0  0  0  0  0 
1441624626  0  0  0  0  0  0  0  0  0  4012819  0  0  0  0  0  0  0  0  0  21  0  0  0  0  0  47  0  0  0  0  0  0  0 
1441624626  0  0  0  0  0  0  0  0  0  4012819  0  0  0  0  0  0  0  0  0  21  0  0  0  0  0  47  0  0  0  0  0  0  0 
1441624627  0  0  0  0  0  0  0  0  0  4012819  0  0  0  0  0  0  0  0  0  21  0  0  0  0  0  47  0  0  0  0  0  0  0 
1441624627  0  0  0  0  0  0  0  0  0  4012819  0  0  0  0  0  0  0  0  0  21  0  0  0  0  0  47  0  0  0  0  0  0  0 
1441624628  0  0  0  0  0  0  0  0  0  4012819  0  0  0  0  0  0  0  0  0  21  0  0  0  0  0  47  0  0  0  0  0  0  0 
1441624628  0  0  0  0  0  0  0  0  0  4012819  0  0  0  0  0  0  0  0  0  21  0  0  0  0  0  47  0  0  0  0  0  0  0 
1441624629  0  0  0  0  0  0  0  0  0  4012819  0  0  0  0  0  0  0  0  0  21  0  0  0  0  0  47  0  0  0  0  0  0  0 
1441624629  0  0  0  0  0  0  0  0  0  4012819  0  0  0  0  0  0  0  0  0  21  0  0  0  0  0  47  0  0  0  0  0  0  0 
1441624630  0  0  0  0  0  0  0  0  0  4012819  0  0  0  0  0  0  0  0  0  21  0  0  0  0  0  47  0  0  0  0  0  0  0 
1441624630  0  0  0  0  0  0  0  0  0  4012819  0  0  0  0  0  0  0  0  0  21  0  0  0  0  0  47  0  0  0  0  0  0  0 
1441624631  0  0  0  0  0  0  0  0  0  4012819  0  0  0  0  0  0  0  0  0  21  0  0  0  0  0  47  0  0  0  0  0  0  0 
1441624631  0  0  0  0  0  0  0  0  0  4012819  0  0  0  0  0  0  0  0  0  21  0  0  0  0  0  47  0  0  0  0  0  0  0 
1441624632  0  0  0  0  0  0  0  0  0  4012819  0  0  0  0  0  0  0  0  0  21  0  0  0  0  0  47  0  0  0  0  0  0  0 
1441624632  0  0  0  0  0  0  0  0  0  4012819  0  0  0  0  0  0  0  0  0  21  0  0  0  0  0  47  0  0  0  0  0  0  0 
1441624633  0  0  0  0  0  0  0  0  0  4012819  0  0  0  0  0  0  0  0  0  21  0  0  0  0  0  47  0  0  0  0  0  0  0 
1441624633  0  0  0  0  0  0  0  0  0  4012819  0  0  0  0  0  0  0  0  0  21  0  0  0  0  0  47  0  0  0  0  0  0  0 
1441624634  0  0  0  0  0  0  0  0  0  4012819  0  0  0  0  0  0  0  0  0  21  0  0  0  0  0  47  0  0  0  0  0  0  0 
1441624634  0  0  0  0  0  0  0  0  0  4012819  0  0  0  0  0  0  0  0  0  21  0  0  0  0  0  47  0  0  0  0  0  0  0 
1441624635  0  0  0  0  0  0  0  0  0  4015692  0  0  0  0  0  0  0  0  0  21  0  0  0  0  0  48  0  2873  0  0  0  0  0 
1441624635  0  0  0  0  0  0  0  0  0  4015692  0  0  0  0  0  0  0  0  0  21  0  0  0  0  0  48  0  0  0  0  0  0  0 
1441624636  0  0  0  0  0  0  0  0  0  4015692  0  0  0  0  0  0  0  0  0  21  0  0  0  0  0  48  0  0  0  0  0  0  0 
1441624636  0  0  0  0  0  0  0  0  0  4015692  0  0  0  0  0  0  0  0  0  21  0  0  0  0  0  48  0  0  0  0  0  0  0 
1441624637  0  0  0  0  0  0  0  0  0  4015692  0  0  0  0  0  0  0  0  0  21  0  0  0  0  0  48  0  0  0  0  0  0  0 
1441624637  0  0  0  0  0  0  0  0  0  4015692  0  0  0  0  0  0  0  0  0  21  0  0  0  0  0  48  0  0  0  0  0  0  0 
1441624638  0  0  0  0  0  0  0  0  0  4015692  0  0  0  0  0  0  0  0  0  21  0  0  0  0  0  48  0  0  0  0  0  0  0 
1441624638  0  0  0  0  0  0  0  0  0  4015692  0  0  0  0  0  0  0  0  0  21  0  0  0  0  0  48  0  0  0  0  0  0  0 
1441624639  0  0  0  0  0  0  0  0  0  4015692  0  0  0  0  0  0  0  0  0  21  0  0  0  0  0  48  0  0  0  0  0  0  0 
1441624639  0  0  0  0  0  0  0  0  0  4015692  0  0  0  0  0  0  0  0  0  21  0  0  0  0  0  48  0  0  0  0  0  0  0 
1441624640  0  0  0  0  0  0  0  0  0  4015692  0  0  0  0  0  0  0  0  0  21  0  0  0  0  0  48  0  0  0  0  0  0  0 
1441624640  0  0  0  0  0  0  0  0  0  4015692  0  0  0  0  0  0  0  0  0  21  0  0  0  0  0  48  0  0  0  0  0  0  0 
1441624641  0  0  0  0  0  0  0  0  0  4015692  0  0  0  0  0  0  0  0  0  21  0  0  0  0  0  48  0  0  0  0  0  0  0 
1441624641  0  0  0  0  0  0  0  0  0  4015692  0  0  0  0  0  0  0  0  0  21  0  0  0  0  0  48  0  0  0  0  0  0  0 
1441624642  0  0  0  0  0  0  0  0  0  4015692  0  0  0  0  0  0  0  0  0  21  0  0  0  0  0  48  0  0  0  0  0  0  0 
1441624642  0  0  0  0  0  0  0  0  0  4015692  0  0  0  0  0  0  0  0  0  21  0  0  0  0  0  48  0  0  0  0  0  0  0 
1441624643  0  0  0  0  0  0  0  0  0  4015692  0  0  0  0  0  0  0  0  0  21  0  0  0  0  0  48  0  0  0  0  0  0  0 
1441624643  0  0  0  0  0  0  0  0  0  4015692  0  0  0  0  0  0  0  0  0  21  0  0  0  0  0  48  0  0  0  0  0  0  0 
1441624644  0  0  0  0  0  0  0  0  0  4015692  0  0  0  0  0  0  0  0  0  21  0  0  0  0  0  48  0  0  0  0  0  0  0 
1441624644  0  0  0  0  0  0  0  0  0  4015692  0  0  0  0  0  0  0  0  0  21  0  0  0  0  0  48  0  0  0  0  0  0  0 
1441624645  0  0  0  0  0  0  0  0  0  4018889  0  0  0  0  0  0  0  0  0  21  0  0  0  0  0  49  0  3197  0  0  0  0  0 
1441624645  0  0  0  0  0  0  0  0  0  4018889  0  0  0  0  0  0  0  0  0  21  0  0  0  0  0  49  0  0  0  0  0  0  0 
1441624646  0  0  0  0  0  0  0  0  0  4018889  0  0  0  0  0  0  0  0  0  21  0  0  0  0  0  49  0  0  0  0  0  0  0 
1441624646  0  0  0  0  0  0  0  0  0  4018889  0  0  0  0  0  0  0  0  0  21  0  0  0  0  0  49  0  0  0  0  0  0  0 
1441624647  0  0  0  0  0  0  0  0  0  4018889  0  0  0  0  0  0  0  0  0  21  0  0  0  0  0  49  0  0  0  0  0  0  0 
1441624647  0  0  0  0  0  0  0  0  0  4018889  0  0  0  0  0  0  0  0  0  21  0  0  0  0  0  49  0  0  0  0  0  0  0 
1441624648  0  0  0  0  0  0  0  0  0  4018889  0  0  0  0  0  0  0  0  0  21  0  0  0  0  0  49  0  0  0  0  0  0  0 
1441624648  0  0  0  0  0  0  0  0  0  4018889  0  0  0  0  0  0  0  0  0  21  0  0  0  0  0  49  0  0  0  0  0  0  0 
1441624649  0  0  0  0  0  0  0  0  0  4018889  0  0  0  0  0  0  0  0  0  21  0  0  0  0  0  49  0  0  0  0  0  0  0 
1441624649  0  0  0  0  0  0  0  0  0  4018889  0  0  0  0  0  0  0  0  0  21  0  0  0  0  0  49  0  0  0  0  0  0  0 
1441624650  0  0  0  0  0  0  0  0  0  4018889  0  0  0  0  0  0  0  0  0  21  0  0  0  0  0  49  0  0  0  0  0  0  0 
1441624650  0  0  0  0  0  0  0  0  0  4018889  0  0  0  0  0  0  0  0  0  21  0  0  0  0  0  49  0  0  0  0  0  0  0 
1441624651  0  0  0  0  0  0  0  0  0  4018889  0  0  0  0  0  0  0  0  0  21  0  0  0  0  0  49  0  0  0  0  0  0  0 
1441624652  0  0  0  0  0  0  0  0  0  4018889  0  0  0  0  0  0  0  0  0  21  0  0  0  0  0  49  0  0  0  0  0  0  0 
1441624652  0  0  0  0  0  0  0  0  0  4018889  0  0  0  0  0  0  0  0  0  21  0  0  0  0  0  49  0  0  0  0  0  0  0 
1441624653  0  0  0  0  0  0  0  0  0  4018889  0  0  0  0  0  0  0  0  0  21  0  0  0  0  0  49  0  0  0  0  0  0  0 
1441624653  0  0  0  0  0  0  0  0  0  4018889  0  0  0  0  0  0  0  0  0  21  0  0  0  0  0  49  0  0  0  0  0  0  0 
1441624654  0  0  0  0  0  0  0  0  0  4018889  0  0  0  0  0  0  0  0  0  21  0  0  0  0  0  49  0  0  0  0  0  0  0 
1441624654  0  0  0  0  0  0  0  0  0  4018889  0  0  0  0  0  0  0  0  0  21  0  0  0  0  0  49  0  0  0  0  0  0  0 
1441624655  0  0  0  0  0  0  0  0  0  4021690  0  0  0  0  0  0  0  0  0  21  0  0  0  0  0  50  0  2801  0  0  0  0  0 
1441624655  0  0  0  0  0  0  0  0  0  4021690  0  0  0  0  0  0  0  0  0  21  0  0  0  0  0  50  0  0  0  0  0  0  0 
1441624656  0  0  0  0  0  0  0  0  0  4021690  0  0  0  0  0  0  0  0  0  21  0  0  0  0  0  50  0  0  0  0  0  0  0 
1441624656  0  0  0  0  0  0  0  0  0  4021690  0  0  0  0  0  0  0  0  0  21  0  0  0  0  0  50  0  0  0  0  0  0  0 
1441624657  0  0  0  0  0  0  0  0  0  4021690  0  0  0  0  0  0  0  0  0  21  0  0  0  0  0  50  0  0  0  0  0  0  0 
1441624657  0  0  0  0  0  0  0  0  0  4021690  0  0  0  0  0  0  0  0  0  21  0  0  0  0  0  50  0  0  0  0  0  0  0 
1441624658  0  0  0  0  0  0  0  0  0  4021690  0  0  0  0  0  0  0  0  0  21  0  0  0  0  0  50  0  0  0  0  0  0  0 
1441624658  0  0  0  0  0  0  0  0  0  4021690  0  0  0  0  0  0  0  0  0  21  0  0  0  0  0  50  0  0  0  0  0  0  0 
1441624659  0  0  0  0  0  0  0  0  0  4021690  0  0  0  0  0  0  0  0  0  21  0  0  0  0  0  50  0  0  0  0  0  0  0 
1441624659  0  0  0  0  0  0  0  0  0  4021690  0  0  0  0  0  0  0  0  0  21  0  0  0  0  0  50  0  0  0  0  0  0  0 
1441624660  0  0  0  0  0  0  0  0  0  4021690  0  0  0  0  0  0  0  0  0  21  0  0  0  0  0  50  0  0  0  0  0  0  0 
1441624660  0  0  0  0  0  0  0  0  0  4021690  0  0  0  0  0  0  0  0  0  21  0  0  0  0  0  50  0  0  0  0  0  0  0 
1441624661  0  0  0  0  0  0  0  0  0  4021690  0  0  0  0  0  0  0  0  0  21  0  0  0  0  0  50  0  0  0  0  0  0  0 
1441624661  0  0  0  0  0  0  0  0  0  4021690  0  0  0  0  0  0  0  0  0  21  0  0  0  0  0  50  0  0  0  0  0  0  0 
1441624662  0  0  0  0  0  0  0  0  0  4021690  0  0  0  0  0  0  0  0  0  21  0  0  0  0  0  50  0  0  0  0  0  0  0 
1441624662  0  0  0  0  0  0  0  0  0  4021690  0  0  0  0  0  0  0  0  0  21  0  0  0  0  0  50  0  0  0  0  0  0  0 
1441624663  0  0  0  0  0  0  0  0  0  4021690  0  0  0  0  0  0  0  0  0  21  0  0  0  0  0  50  0  0  0  0  0  0  0 
1441624663  0  0  0  0  0  0  0  0  0  4021690  0  0  0  0  0  0  0  0  0  21  0  0  0  0  0  50  0  0  0  0  0  0  0 
1441624664  0  0  0  0  0  0  0  0  0  4021690  0  0  0  0  0  0  0  0  0  21  0  0  0  0  0  50  0  0  0  0  0  0  0 
1441624664  0  0  0  0  0  0  0  0  0  4021690  0  0  0  0  0  0  0  0  0  21  0  0  0  0  0  50  0  0  0  0  0  0  0 
1441624665  0  0  0  0  0  0  0  0  0  4024857  0  0  0  0  0  0  0  0  0  21  0  0  0  0  0  51  0  3167  0  0  0  0  0 
1441624665  0  0  0  0  0  0  0  0  0  4024857  0  0  0  0  0  0  0  0  0  21  0  0  0  0  0  51  0  0  0  0  0  0  0 
1441624666  0  0  0  0  0  0  0  0  0  4024857  0  0  0  0  0  0  0  0  0  21  0  0  0  0  0  51  0  0  0  0  0  0  0 
1441624666  0  0  0  0  0  0  0  0  0  4024857  0  0  0  0  0  0  0  0  0  21  0  0  0  0  0  51  0  0  0  0  0  0  0 
1441624667  0  0  0  0  0  0  0  0  0  4024857  0  0  0  0  0  0  0  0  0  21  0  0  0  0  0  51  0  0  0  0  0  0  0 
1441624667  0  0  0  0  0  0  0  0  0  4024857  0  0  0  0  0  0  0  0  0  21  0  0  0  0  0  51  0  0  0  0  0  0  0 
1441624668  0  0  0  0  0  0  0  0  0  4024857  0  0  0  0  0  0  0  0  0  21  0  0  0  0  0  51  0  0  0  0  0  0  0 
1441624668  0  0  0  0  0  0  0  0  0  4024857  0  0  0  0  0  0  0  0  0  21  0  0  0  0  0  51  0  0  0  0  0  0  0 
1441624669  0  0  0  0  0  0  0  0  0  4024857  0  0  0  0  0  0  0  0  0  21  0  0  0  0  0  51  0  0  0  0  0  0  0 
1441624669  0  0  0  0  0  0  0  0  0  4024857  0  0  0  0  0  0  0  0  0  21  0  0  0  0  0  51  0  0  0  0  0  0  0 
1441624670  0  0  0  0  0  0  0  0  0  4024857  0  0  0  0  0  0  0  0  0  21  0  0  0  0  0  51  0  0  0  0  0  0  0 
1441624670  0  0  0  0  0  0  0  0  0  4024857  0  0  0  0  0  0  0  0  0  21  0  0  0  0  0  51  0  0  0  0  0  0  0 
1441624671  0  0  0  0  0  0  0  0  0  4024857  0  0  0  0  0  0  0  0  0  21  0  0  0  0  0  51  0  0  0  0  0  0  0 
1441624671  0  0  0  0  0  0  0  0  0  4024857  0  0  0  0  0  0  0  0  0  21  0  0  0  0  0  51  0  0  0  0  0  0  0 
1441624672  0  0  0  0  0  0  0  0  0  4024857  0  0  0  0  0  0  0  0  0  21  0  0  0  0  0  51  0  0  0  0  0  0  0 
1441624672  0  0  0  0  0  0  0  0  0  4024857  0  0  0  0  0  0  0  0  0  21  0  0  0  0  0  51  0  0  0  0  0  0  0 
1441624673  0  0  0  0  0  0  0  0  0  4024857  0  0  0  0  0  0  0  0  0  21  0  0  0  0  0  51  0  0  0  0  0  0  0 
1441624673  0  0  0  0  0  0  0  0  0  4024857  0  0  0  0  0  0  0  0  0  21  0  0  0  0  0  51  0  0  0  0  0  0  0 
1441624674  0  0  0  0  0  0  0  0  0  4024857  0  0  0  0  0  0  0  0  0  21  0  0  0  0  0  51  0  0  0  0  0  0  0 
1441624674  0  0  0  0  0  0  0  0  0  4024857  0  0  0  0  0  0  0  0  0  21  0  0  0  0  0  51  0  0  0  0  0  0  0 
1441624675  0  0  0  0  0  0  0  0  0  4024857  0  0  0  0  0  0  0  0  0  21  0  0  0  0  0  51  0  0  0  0  0  0  0 
1441624675  0  0  0  0  0  0  0  0  0  4097317  0  0  0  0  0  0  0  0  0  23  0  0  0  0  0  55  0  72460  0  0  0  0  0 
1441624676  0  0  0  0  0  0  0  0  0  4151767  0  0  0  0  0  0  0  0  0  25  0  0  0  0  0  64  0  54450  0  0  0  0  0 
1441624676  0  0  0  0  0  0  0  0  0  4151767  0  0  0  0  0  0  0  0  0  25  0  0  0  0  0  64  0  0  0  0  0  0  0 
