#Type:X;CI:15;ww:0;ca:0;co:1;fr:0;Type:X;CI:15;PI:0;PT:EP;U0:0;U1:0;
#time  Pp  gt  gs  cn  cm  cb  Nc  Pc  cp  Tc  Nm  pr  ps  pt  px  pd  Pm  Om  fs  ft  Oc  Em  Gp  Ec  Ge  ot  os  Total_cycles_diff  Successful_get_diff  Total_get_diff  succ_put_diff  total_put_diff  get_hit  
1441624001  0  0  0  0  0  0  0  0  0  702139  0  0  0  0  0  0  0  0  0  0  0  0  0  0  0  0  0  702139  0  0  0  0  
1441624002  0  0  0  0  0  0  0  0  0  702139  0  0  0  0  0  0  0  0  0  0  0  0  0  0  0  0  0  0  0  0  0  0  0 
1441624002  0  0  0  0  0  0  0  0  0  1200670  0  0  0  0  0  0  0  0  0  0  0  0  0  0  0  0  0  498531  0  0  0  0  0 
1441624003  0  0  0  0  0  0  0  0  0  1586339  0  0  0  0  0  0  0  0  0  0  0  0  0  0  0  0  0  385669  0  0  0  0  0 
1441624003  0  0  0  0  0  0  0  0  0  1789938  0  0  0  0  0  0  0  0  0  0  0  0  0  0  0  0  0  203599  0  0  0  0  0 
1441624004  0  0  0  0  0  0  0  0  0  2229277  0  0  0  0  0  0  0  0  0  3  0  0  0  0  0  10  0  439339  0  0  0  0  0 
1441624005  0  0  0  0  0  0  0  0  0  2716631  0  0  0  0  0  0  0  0  0  13  0  0  0  0  0  39  0  487354  0  0  0  0  0 
1441624005  0  0  0  0  0  0  0  0  0  3427219  0  0  0  0  0  0  0  0  0  15  0  0  0  0  0  41  0  710588  0  0  0  0  0 
1441624006  0  0  0  0  0  0  0  0  0  3427219  0  0  0  0  0  0  0  0  0  15  0  0  0  0  0  41  0  0  0  0  0  0  0 
1441624006  0  0  0  0  0  0  0  0  0  4003997  0  0  0  0  0  0  0  0  0  21  0  0  0  0  0  46  0  576778  0  0  0  0  0 
1441624007  0  0  0  0  0  0  0  0  0  4098384  0  0  0  0  0  0  0  0  0  21  0  0  0  0  0  46  0  94387  0  0  0  0  0 
1441624007  0  0  0  0  0  0  0  0  0  4098384  0  0  0  0  0  0  0  0  0  21  0  0  0  0  0  46  0  0  0  0  0  0  0 
1441624008  0  0  0  0  0  0  0  0  0  4098384  0  0  0  0  0  0  0  0  0  21  0  0  0  0  0  46  0  0  0  0  0  0  0 
1441624008  0  0  0  0  0  0  0  0  0  4098384  0  0  0  0  0  0  0  0  0  21  0  0  0  0  0  46  0  0  0  0  0  0  0 
1441624009  0  0  0  0  0  0  0  0  0  4098384  0  0  0  0  0  0  0  0  0  21  0  0  0  0  0  46  0  0  0  0  0  0  0 
1441624009  0  0  0  0  0  0  0  0  0  4098384  0  0  0  0  0  0  0  0  0  21  0  0  0  0  0  46  0  0  0  0  0  0  0 
1441624010  0  0  0  0  0  0  0  0  0  4098384  0  0  0  0  0  0  0  0  0  21  0  0  0  0  0  46  0  0  0  0  0  0  0 
1441624010  0  0  0  0  0  0  0  0  0  4098384  0  0  0  0  0  0  0  0  0  21  0  0  0  0  0  46  0  0  0  0  0  0  0 
1441624011  0  0  0  0  0  0  0  0  0  4098384  0  0  0  0  0  0  0  0  0  21  0  0  0  0  0  46  0  0  0  0  0  0  0 
1441624011  0  0  0  0  0  0  0  0  0  4098384  0  0  0  0  0  0  0  0  0  21  0  0  0  0  0  46  0  0  0  0  0  0  0 
1441624012  0  0  0  0  0  0  0  0  0  4098384  0  0  0  0  0  0  0  0  0  21  0  0  0  0  0  46  0  0  0  0  0  0  0 
1441624012  0  0  0  0  0  0  0  0  0  4098384  0  0  0  0  0  0  0  0  0  21  0  0  0  0  0  46  0  0  0  0  0  0  0 
1441624013  0  0  0  0  0  0  0  0  0  4098384  0  0  0  0  0  0  0  0  0  21  0  0  0  0  0  46  0  0  0  0  0  0  0 
1441624013  0  0  0  0  0  0  0  0  0  4098384  0  0  0  0  0  0  0  0  0  21  0  0  0  0  0  46  0  0  0  0  0  0  0 
1441624014  0  0  0  0  0  0  0  0  0  4098384  0  0  0  0  0  0  0  0  0  21  0  0  0  0  0  46  0  0  0  0  0  0  0 
1441624014  0  0  0  0  0  0  0  0  0  4098384  0  0  0  0  0  0  0  0  0  21  0  0  0  0  0  46  0  0  0  0  0  0  0 
1441624015  0  0  0  0  0  0  0  0  0  4098384  0  0  0  0  0  0  0  0  0  21  0  0  0  0  0  46  0  0  0  0  0  0  0 
1441624015  0  0  0  0  0  0  0  0  0  4098384  0  0  0  0  0  0  0  0  0  21  0  0  0  0  0  46  0  0  0  0  0  0  0 
1441624016  0  0  0  0  0  0  0  0  0  4098384  0  0  0  0  0  0  0  0  0  21  0  0  0  0  0  46  0  0  0  0  0  0  0 
1441624016  0  0  0  0  0  0  0  0  0  4098384  0  0  0  0  0  0  0  0  0  21  0  0  0  0  0  46  0  0  0  0  0  0  0 
1441624017  0  0  0  0  0  0  0  0  0  4098384  0  0  0  0  0  0  0  0  0  21  0  0  0  0  0  46  0  0  0  0  0  0  0 
1441624017  0  0  0  0  0  0  0  0  0  4098384  0  0  0  0  0  0  0  0  0  21  0  0  0  0  0  46  0  0  0  0  0  0  0 
1441624018  0  0  0  0  0  0  0  0  0  4098384  0  0  0  0  0  0  0  0  0  21  0  0  0  0  0  46  0  0  0  0  0  0  0 
1441624018  0  0  0  0  0  0  0  0  0  4098384  0  0  0  0  0  0  0  0  0  21  0  0  0  0  0  46  0  0  0  0  0  0  0 
1441624019  0  0  0  0  0  0  0  0  0  4098384  0  0  0  0  0  0  0  0  0  21  0  0  0  0  0  46  0  0  0  0  0  0  0 
1441624019  0  0  0  0  0  0  0  0  0  4098384  0  0  0  0  0  0  0  0  0  21  0  0  0  0  0  46  0  0  0  0  0  0  0 
1441624020  0  0  0  0  0  0  0  0  0  4098384  0  0  0  0  0  0  0  0  0  21  0  0  0  0  0  46  0  0  0  0  0  0  0 
1441624020  0  0  0  0  0  0  0  0  0  4098384  0  0  0  0  0  0  0  0  0  21  0  0  0  0  0  46  0  0  0  0  0  0  0 
1441624021  0  0  0  0  0  0  0  0  0  4098384  0  0  0  0  0  0  0  0  0  21  0  0  0  0  0  46  0  0  0  0  0  0  0 
1441624021  0  0  0  0  0  0  0  0  0  4098384  0  0  0  0  0  0  0  0  0  21  0  0  0  0  0  46  0  0  0  0  0  0  0 
1441624022  0  0  0  0  0  0  0  0  0  4098384  0  0  0  0  0  0  0  0  0  21  0  0  0  0  0  46  0  0  0  0  0  0  0 
1441624022  0  0  0  0  0  0  0  0  0  4098384  0  0  0  0  0  0  0  0  0  21  0  0  0  0  0  46  0  0  0  0  0  0  0 
1441624023  0  0  0  0  0  0  0  0  0  4098384  0  0  0  0  0  0  0  0  0  21  0  0  0  0  0  46  0  0  0  0  0  0  0 
1441624023  0  0  0  0  0  0  0  0  0  4098384  0  0  0  0  0  0  0  0  0  21  0  0  0  0  0  46  0  0  0  0  0  0  0 
1441624024  0  0  0  0  0  0  0  0  0  4098384  0  0  0  0  0  0  0  0  0  21  0  0  0  0  0  46  0  0  0  0  0  0  0 
1441624024  0  0  0  0  0  0  0  0  0  4098384  0  0  0  0  0  0  0  0  0  21  0  0  0  0  0  46  0  0  0  0  0  0  0 
1441624025  0  0  0  0  0  0  0  0  0  4098384  0  0  0  0  0  0  0  0  0  21  0  0  0  0  0  46  0  0  0  0  0  0  0 
1441624025  0  0  0  0  0  0  0  0  0  4098384  0  0  0  0  0  0  0  0  0  21  0  0  0  0  0  46  0  0  0  0  0  0  0 
1441624026  0  0  0  0  0  0  0  0  0  4098384  0  0  0  0  0  0  0  0  0  21  0  0  0  0  0  46  0  0  0  0  0  0  0 
1441624026  0  0  0  0  0  0  0  0  0  4098384  0  0  0  0  0  0  0  0  0  21  0  0  0  0  0  46  0  0  0  0  0  0  0 
1441624027  0  0  0  0  0  0  0  0  0  4098384  0  0  0  0  0  0  0  0  0  21  0  0  0  0  0  46  0  0  0  0  0  0  0 
1441624027  0  0  0  0  0  0  0  0  0  4098384  0  0  0  0  0  0  0  0  0  21  0  0  0  0  0  46  0  0  0  0  0  0  0 
1441624028  0  0  0  0  0  0  0  0  0  4098384  0  0  0  0  0  0  0  0  0  21  0  0  0  0  0  46  0  0  0  0  0  0  0 
1441624028  0  0  0  0  0  0  0  0  0  4098384  0  0  0  0  0  0  0  0  0  21  0  0  0  0  0  46  0  0  0  0  0  0  0 
1441624029  0  0  0  0  0  0  0  0  0  4098384  0  0  0  0  0  0  0  0  0  21  0  0  0  0  0  46  0  0  0  0  0  0  0 
1441624030  0  0  0  0  0  0  0  0  0  4098384  0  0  0  0  0  0  0  0  0  21  0  0  0  0  0  46  0  0  0  0  0  0  0 
1441624030  0  0  0  0  0  0  0  0  0  4098384  0  0  0  0  0  0  0  0  0  21  0  0  0  0  0  46  0  0  0  0  0  0  0 
1441624031  0  0  0  0  0  0  0  0  0  4098384  0  0  0  0  0  0  0  0  0  21  0  0  0  0  0  46  0  0  0  0  0  0  0 
1441624031  0  0  0  0  0  0  0  0  0  4098384  0  0  0  0  0  0  0  0  0  21  0  0  0  0  0  46  0  0  0  0  0  0  0 
1441624032  0  0  0  0  0  0  0  0  0  4098384  0  0  0  0  0  0  0  0  0  21  0  0  0  0  0  46  0  0  0  0  0  0  0 
1441624032  0  0  0  0  0  0  0  0  0  4098384  0  0  0  0  0  0  0  0  0  21  0  0  0  0  0  46  0  0  0  0  0  0  0 
1441624033  0  0  0  0  0  0  0  0  0  4098384  0  0  0  0  0  0  0  0  0  21  0  0  0  0  0  46  0  0  0  0  0  0  0 
1441624033  0  0  0  0  0  0  0  0  0  4098384  0  0  0  0  0  0  0  0  0  21  0  0  0  0  0  46  0  0  0  0  0  0  0 
1441624034  0  0  0  0  0  0  0  0  0  4098384  0  0  0  0  0  0  0  0  0  21  0  0  0  0  0  46  0  0  0  0  0  0  0 
1441624034  0  0  0  0  0  0  0  0  0  4098384  0  0  0  0  0  0  0  0  0  21  0  0  0  0  0  46  0  0  0  0  0  0  0 
1441624035  0  0  0  0  0  0  0  0  0  4098384  0  0  0  0  0  0  0  0  0  21  0  0  0  0  0  46  0  0  0  0  0  0  0 
1441624035  0  0  0  0  0  0  0  0  0  4098384  0  0  0  0  0  0  0  0  0  21  0  0  0  0  0  46  0  0  0  0  0  0  0 
1441624036  0  0  0  0  0  0  0  0  0  4098384  0  0  0  0  0  0  0  0  0  21  0  0  0  0  0  46  0  0  0  0  0  0  0 
1441624036  0  0  0  0  0  0  0  0  0  4098384  0  0  0  0  0  0  0  0  0  21  0  0  0  0  0  46  0  0  0  0  0  0  0 
1441624037  0  0  0  0  0  0  0  0  0  4098384  0  0  0  0  0  0  0  0  0  21  0  0  0  0  0  46  0  0  0  0  0  0  0 
1441624037  0  0  0  0  0  0  0  0  0  4098384  0  0  0  0  0  0  0  0  0  21  0  0  0  0  0  46  0  0  0  0  0  0  0 
1441624038  0  0  0  0  0  0  0  0  0  4098384  0  0  0  0  0  0  0  0  0  21  0  0  0  0  0  46  0  0  0  0  0  0  0 
1441624038  0  0  0  0  0  0  0  0  0  4098384  0  0  0  0  0  0  0  0  0  21  0  0  0  0  0  46  0  0  0  0  0  0  0 
1441624039  0  0  0  0  0  0  0  0  0  4098384  0  0  0  0  0  0  0  0  0  21  0  0  0  0  0  46  0  0  0  0  0  0  0 
1441624039  0  0  0  0  0  0  0  0  0  4098384  0  0  0  0  0  0  0  0  0  21  0  0  0  0  0  46  0  0  0  0  0  0  0 
1441624040  0  0  0  0  0  0  0  0  0  4098384  0  0  0  0  0  0  0  0  0  21  0  0  0  0  0  46  0  0  0  0  0  0  0 
1441624040  0  0  0  0  0  0  0  0  0  4098384  0  0  0  0  0  0  0  0  0  21  0  0  0  0  0  46  0  0  0  0  0  0  0 
1441624041  0  0  0  0  0  0  0  0  0  4098384  0  0  0  0  0  0  0  0  0  21  0  0  0  0  0  46  0  0  0  0  0  0  0 
1441624041  0  0  0  0  0  0  0  0  0  4098384  0  0  0  0  0  0  0  0  0  21  0  0  0  0  0  46  0  0  0  0  0  0  0 
1441624042  0  0  0  0  0  0  0  0  0  4098384  0  0  0  0  0  0  0  0  0  21  0  0  0  0  0  46  0  0  0  0  0  0  0 
1441624042  0  0  0  0  0  0  0  0  0  4098384  0  0  0  0  0  0  0  0  0  21  0  0  0  0  0  46  0  0  0  0  0  0  0 
1441624043  0  0  0  0  0  0  0  0  0  4098384  0  0  0  0  0  0  0  0  0  21  0  0  0  0  0  46  0  0  0  0  0  0  0 
1441624043  0  0  0  0  0  0  0  0  0  4098384  0  0  0  0  0  0  0  0  0  21  0  0  0  0  0  46  0  0  0  0  0  0  0 
1441624044  0  0  0  0  0  0  0  0  0  4098384  0  0  0  0  0  0  0  0  0  21  0  0  0  0  0  46  0  0  0  0  0  0  0 
1441624044  0  0  0  0  0  0  0  0  0  4098384  0  0  0  0  0  0  0  0  0  21  0  0  0  0  0  46  0  0  0  0  0  0  0 
1441624045  0  0  0  0  0  0  0  0  0  4098384  0  0  0  0  0  0  0  0  0  21  0  0  0  0  0  46  0  0  0  0  0  0  0 
1441624045  0  0  0  0  0  0  0  0  0  4098384  0  0  0  0  0  0  0  0  0  21  0  0  0  0  0  46  0  0  0  0  0  0  0 
1441624046  0  0  0  0  0  0  0  0  0  4098384  0  0  0  0  0  0  0  0  0  21  0  0  0  0  0  46  0  0  0  0  0  0  0 
1441624046  0  0  0  0  0  0  0  0  0  4098384  0  0  0  0  0  0  0  0  0  21  0  0  0  0  0  46  0  0  0  0  0  0  0 
1441624047  0  0  0  0  0  0  0  0  0  4098384  0  0  0  0  0  0  0  0  0  21  0  0  0  0  0  46  0  0  0  0  0  0  0 
1441624047  0  0  0  0  0  0  0  0  0  4098384  0  0  0  0  0  0  0  0  0  21  0  0  0  0  0  46  0  0  0  0  0  0  0 
1441624048  0  0  0  0  0  0  0  0  0  4098384  0  0  0  0  0  0  0  0  0  21  0  0  0  0  0  46  0  0  0  0  0  0  0 
1441624048  0  0  0  0  0  0  0  0  0  4098384  0  0  0  0  0  0  0  0  0  21  0  0  0  0  0  46  0  0  0  0  0  0  0 
1441624049  0  0  0  0  0  0  0  0  0  4098384  0  0  0  0  0  0  0  0  0  21  0  0  0  0  0  46  0  0  0  0  0  0  0 
1441624049  0  0  0  0  0  0  0  0  0  4098384  0  0  0  0  0  0  0  0  0  21  0  0  0  0  0  46  0  0  0  0  0  0  0 
1441624050  0  0  0  0  0  0  0  0  0  4098384  0  0  0  0  0  0  0  0  0  21  0  0  0  0  0  46  0  0  0  0  0  0  0 
1441624050  0  0  0  0  0  0  0  0  0  4098384  0  0  0  0  0  0  0  0  0  21  0  0  0  0  0  46  0  0  0  0  0  0  0 
1441624051  0  0  0  0  0  0  0  0  0  4098384  0  0  0  0  0  0  0  0  0  21  0  0  0  0  0  46  0  0  0  0  0  0  0 
1441624051  0  0  0  0  0  0  0  0  0  4098384  0  0  0  0  0  0  0  0  0  21  0  0  0  0  0  46  0  0  0  0  0  0  0 
1441624052  0  0  0  0  0  0  0  0  0  4098384  0  0  0  0  0  0  0  0  0  21  0  0  0  0  0  46  0  0  0  0  0  0  0 
1441624052  0  0  0  0  0  0  0  0  0  4098384  0  0  0  0  0  0  0  0  0  21  0  0  0  0  0  46  0  0  0  0  0  0  0 
1441624053  0  0  0  0  0  0  0  0  0  4098384  0  0  0  0  0  0  0  0  0  21  0  0  0  0  0  46  0  0  0  0  0  0  0 
1441624053  0  0  0  0  0  0  0  0  0  4098384  0  0  0  0  0  0  0  0  0  21  0  0  0  0  0  46  0  0  0  0  0  0  0 
1441624054  0  0  0  0  0  0  0  0  0  4098384  0  0  0  0  0  0  0  0  0  21  0  0  0  0  0  46  0  0  0  0  0  0  0 
1441624054  0  0  0  0  0  0  0  0  0  4098384  0  0  0  0  0  0  0  0  0  21  0  0  0  0  0  46  0  0  0  0  0  0  0 
1441624055  0  0  0  0  0  0  0  0  0  4098384  0  0  0  0  0  0  0  0  0  21  0  0  0  0  0  46  0  0  0  0  0  0  0 
1441624055  0  0  0  0  0  0  0  0  0  4098384  0  0  0  0  0  0  0  0  0  21  0  0  0  0  0  46  0  0  0  0  0  0  0 
1441624056  0  0  0  0  0  0  0  0  0  4098384  0  0  0  0  0  0  0  0  0  21  0  0  0  0  0  46  0  0  0  0  0  0  0 
1441624056  0  0  0  0  0  0  0  0  0  4098384  0  0  0  0  0  0  0  0  0  21  0  0  0  0  0  46  0  0  0  0  0  0  0 
1441624057  0  0  0  0  0  0  0  0  0  4098384  0  0  0  0  0  0  0  0  0  21  0  0  0  0  0  46  0  0  0  0  0  0  0 
1441624057  0  0  0  0  0  0  0  0  0  4098384  0  0  0  0  0  0  0  0  0  21  0  0  0  0  0  46  0  0  0  0  0  0  0 
1441624058  0  0  0  0  0  0  0  0  0  4098384  0  0  0  0  0  0  0  0  0  21  0  0  0  0  0  46  0  0  0  0  0  0  0 
1441624058  0  0  0  0  0  0  0  0  0  4105142  0  0  0  0  0  0  0  0  0  21  0  0  0  0  0  47  0  6758  0  0  0  0  0 
1441624059  0  0  0  0  0  0  0  0  0  4105142  0  0  0  0  0  0  0  0  0  21  0  0  0  0  0  47  0  0  0  0  0  0  0 
1441624059  0  0  0  0  0  0  0  0  0  4105142  0  0  0  0  0  0  0  0  0  21  0  0  0  0  0  47  0  0  0  0  0  0  0 
1441624060  0  0  0  0  0  0  0  0  0  4105142  0  0  0  0  0  0  0  0  0  21  0  0  0  0  0  47  0  0  0  0  0  0  0 
1441624060  0  0  0  0  0  0  0  0  0  4105142  0  0  0  0  0  0  0  0  0  21  0  0  0  0  0  47  0  0  0  0  0  0  0 
1441624061  0  0  0  0  0  0  0  0  0  4105142  0  0  0  0  0  0  0  0  0  21  0  0  0  0  0  47  0  0  0  0  0  0  0 
1441624061  0  0  0  0  0  0  0  0  0  4105142  0  0  0  0  0  0  0  0  0  21  0  0  0  0  0  47  0  0  0  0  0  0  0 
1441624062  0  0  0  0  0  0  0  0  0  4105142  0  0  0  0  0  0  0  0  0  21  0  0  0  0  0  47  0  0  0  0  0  0  0 
1441624062  0  0  0  0  0  0  0  0  0  4105142  0  0  0  0  0  0  0  0  0  21  0  0  0  0  0  47  0  0  0  0  0  0  0 
1441624063  0  0  0  0  0  0  0  0  0  4105142  0  0  0  0  0  0  0  0  0  21  0  0  0  0  0  47  0  0  0  0  0  0  0 
1441624063  0  0  0  0  0  0  0  0  0  4105142  0  0  0  0  0  0  0  0  0  21  0  0  0  0  0  47  0  0  0  0  0  0  0 
1441624064  0  0  0  0  0  0  0  0  0  4105142  0  0  0  0  0  0  0  0  0  21  0  0  0  0  0  47  0  0  0  0  0  0  0 
1441624065  0  0  0  0  0  0  0  0  0  4105142  0  0  0  0  0  0  0  0  0  21  0  0  0  0  0  47  0  0  0  0  0  0  0 
1441624065  0  0  0  0  0  0  0  0  0  4105142  0  0  0  0  0  0  0  0  0  21  0  0  0  0  0  47  0  0  0  0  0  0  0 
1441624066  0  0  0  0  0  0  0  0  0  4105142  0  0  0  0  0  0  0  0  0  21  0  0  0  0  0  47  0  0  0  0  0  0  0 
1441624066  0  0  0  0  0  0  0  0  0  4105142  0  0  0  0  0  0  0  0  0  21  0  0  0  0  0  47  0  0  0  0  0  0  0 
1441624067  0  0  0  0  0  0  0  0  0  4105142  0  0  0  0  0  0  0  0  0  21  0  0  0  0  0  47  0  0  0  0  0  0  0 
1441624067  0  0  0  0  0  0  0  0  0  4105142  0  0  0  0  0  0  0  0  0  21  0  0  0  0  0  47  0  0  0  0  0  0  0 
1441624068  0  0  0  0  0  0  0  0  0  4105142  0  0  0  0  0  0  0  0  0  21  0  0  0  0  0  47  0  0  0  0  0  0  0 
1441624068  0  0  0  0  0  0  0  0  0  4108033  0  0  0  0  0  0  0  0  0  21  0  0  0  0  0  48  0  2891  0  0  0  0  0 
1441624069  0  0  0  0  0  0  0  0  0  4108033  0  0  0  0  0  0  0  0  0  21  0  0  0  0  0  48  0  0  0  0  0  0  0 
1441624069  0  0  0  0  0  0  0  0  0  4108033  0  0  0  0  0  0  0  0  0  21  0  0  0  0  0  48  0  0  0  0  0  0  0 
1441624070  0  0  0  0  0  0  0  0  0  4108033  0  0  0  0  0  0  0  0  0  21  0  0  0  0  0  48  0  0  0  0  0  0  0 
1441624070  0  0  0  0  0  0  0  0  0  4108033  0  0  0  0  0  0  0  0  0  21  0  0  0  0  0  48  0  0  0  0  0  0  0 
1441624071  0  0  0  0  0  0  0  0  0  4108033  0  0  0  0  0  0  0  0  0  21  0  0  0  0  0  48  0  0  0  0  0  0  0 
1441624071  0  0  0  0  0  0  0  0  0  4108033  0  0  0  0  0  0  0  0  0  21  0  0  0  0  0  48  0  0  0  0  0  0  0 
1441624072  0  0  0  0  0  0  0  0  0  4108033  0  0  0  0  0  0  0  0  0  21  0  0  0  0  0  48  0  0  0  0  0  0  0 
1441624072  0  0  0  0  0  0  0  0  0  4108033  0  0  0  0  0  0  0  0  0  21  0  0  0  0  0  48  0  0  0  0  0  0  0 
1441624073  0  0  0  0  0  0  0  0  0  4108033  0  0  0  0  0  0  0  0  0  21  0  0  0  0  0  48  0  0  0  0  0  0  0 
1441624073  0  0  0  0  0  0  0  0  0  4108033  0  0  0  0  0  0  0  0  0  21  0  0  0  0  0  48  0  0  0  0  0  0  0 
1441624074  0  0  0  0  0  0  0  0  0  4108033  0  0  0  0  0  0  0  0  0  21  0  0  0  0  0  48  0  0  0  0  0  0  0 
1441624074  0  0  0  0  0  0  0  0  0  4108033  0  0  0  0  0  0  0  0  0  21  0  0  0  0  0  48  0  0  0  0  0  0  0 
1441624075  0  0  0  0  0  0  0  0  0  4108033  0  0  0  0  0  0  0  0  0  21  0  0  0  0  0  48  0  0  0  0  0  0  0 
1441624075  0  0  0  0  0  0  0  0  0  4108033  0  0  0  0  0  0  0  0  0  21  0  0  0  0  0  48  0  0  0  0  0  0  0 
1441624076  0  0  0  0  0  0  0  0  0  4108033  0  0  0  0  0  0  0  0  0  21  0  0  0  0  0  48  0  0  0  0  0  0  0 
1441624076  0  0  0  0  0  0  0  0  0  4108033  0  0  0  0  0  0  0  0  0  21  0  0  0  0  0  48  0  0  0  0  0  0  0 
1441624077  0  0  0  0  0  0  0  0  0  4108033  0  0  0  0  0  0  0  0  0  21  0  0  0  0  0  48  0  0  0  0  0  0  0 
1441624077  0  0  0  0  0  0  0  0  0  4108033  0  0  0  0  0  0  0  0  0  21  0  0  0  0  0  48  0  0  0  0  0  0  0 
1441624078  0  0  0  0  0  0  0  0  0  4108033  0  0  0  0  0  0  0  0  0  21  0  0  0  0  0  48  0  0  0  0  0  0  0 
1441624078  0  0  0  0  0  0  0  0  0  4111245  0  0  0  0  0  0  0  0  0  21  0  0  0  0  0  49  0  3212  0  0  0  0  0 
1441624079  0  0  0  0  0  0  0  0  0  4111245  0  0  0  0  0  0  0  0  0  21  0  0  0  0  0  49  0  0  0  0  0  0  0 
1441624079  0  0  0  0  0  0  0  0  0  4111245  0  0  0  0  0  0  0  0  0  21  0  0  0  0  0  49  0  0  0  0  0  0  0 
1441624080  0  0  0  0  0  0  0  0  0  4111245  0  0  0  0  0  0  0  0  0  21  0  0  0  0  0  49  0  0  0  0  0  0  0 
1441624080  0  0  0  0  0  0  0  0  0  4111245  0  0  0  0  0  0  0  0  0  21  0  0  0  0  0  49  0  0  0  0  0  0  0 
1441624081  0  0  0  0  0  0  0  0  0  4111245  0  0  0  0  0  0  0  0  0  21  0  0  0  0  0  49  0  0  0  0  0  0  0 
1441624081  0  0  0  0  0  0  0  0  0  4111245  0  0  0  0  0  0  0  0  0  21  0  0  0  0  0  49  0  0  0  0  0  0  0 
1441624082  0  0  0  0  0  0  0  0  0  4111245  0  0  0  0  0  0  0  0  0  21  0  0  0  0  0  49  0  0  0  0  0  0  0 
1441624082  0  0  0  0  0  0  0  0  0  4111245  0  0  0  0  0  0  0  0  0  21  0  0  0  0  0  49  0  0  0  0  0  0  0 
1441624083  0  0  0  0  0  0  0  0  0  4111245  0  0  0  0  0  0  0  0  0  21  0  0  0  0  0  49  0  0  0  0  0  0  0 
1441624083  0  0  0  0  0  0  0  0  0  4111245  0  0  0  0  0  0  0  0  0  21  0  0  0  0  0  49  0  0  0  0  0  0  0 
1441624084  0  0  0  0  0  0  0  0  0  4111245  0  0  0  0  0  0  0  0  0  21  0  0  0  0  0  49  0  0  0  0  0  0  0 
1441624084  0  0  0  0  0  0  0  0  0  4111245  0  0  0  0  0  0  0  0  0  21  0  0  0  0  0  49  0  0  0  0  0  0  0 
1441624085  0  0  0  0  0  0  0  0  0  4111245  0  0  0  0  0  0  0  0  0  21  0  0  0  0  0  49  0  0  0  0  0  0  0 
1441624085  0  0  0  0  0  0  0  0  0  4111245  0  0  0  0  0  0  0  0  0  21  0  0  0  0  0  49  0  0  0  0  0  0  0 
1441624086  0  0  0  0  0  0  0  0  0  4111245  0  0  0  0  0  0  0  0  0  21  0  0  0  0  0  49  0  0  0  0  0  0  0 
1441624086  0  0  0  0  0  0  0  0  0  4111245  0  0  0  0  0  0  0  0  0  21  0  0  0  0  0  49  0  0  0  0  0  0  0 
1441624087  0  0  0  0  0  0  0  0  0  4111245  0  0  0  0  0  0  0  0  0  21  0  0  0  0  0  49  0  0  0  0  0  0  0 
1441624087  0  0  0  0  0  0  0  0  0  4111245  0  0  0  0  0  0  0  0  0  21  0  0  0  0  0  49  0  0  0  0  0  0  0 
1441624088  0  0  0  0  0  0  0  0  0  4111245  0  0  0  0  0  0  0  0  0  21  0  0  0  0  0  49  0  0  0  0  0  0  0 
1441624088  0  0  0  0  0  0  0  0  0  4111245  0  0  0  0  0  0  0  0  0  21  0  0  0  0  0  49  0  0  0  0  0  0  0 
1441624089  0  0  0  0  0  0  0  0  0  4114387  0  0  0  0  0  0  0  0  0  21  0  0  0  0  0  50  0  3142  0  0  0  0  0 
1441624089  0  0  0  0  0  0  0  0  0  4114387  0  0  0  0  0  0  0  0  0  21  0  0  0  0  0  50  0  0  0  0  0  0  0 
1441624090  0  0  0  0  0  0  0  0  0  4114387  0  0  0  0  0  0  0  0  0  21  0  0  0  0  0  50  0  0  0  0  0  0  0 
1441624090  0  0  0  0  0  0  0  0  0  4114387  0  0  0  0  0  0  0  0  0  21  0  0  0  0  0  50  0  0  0  0  0  0  0 
1441624091  0  0  0  0  0  0  0  0  0  4114387  0  0  0  0  0  0  0  0  0  21  0  0  0  0  0  50  0  0  0  0  0  0  0 
1441624091  0  0  0  0  0  0  0  0  0  4114387  0  0  0  0  0  0  0  0  0  21  0  0  0  0  0  50  0  0  0  0  0  0  0 
1441624092  0  0  0  0  0  0  0  0  0  4114387  0  0  0  0  0  0  0  0  0  21  0  0  0  0  0  50  0  0  0  0  0  0  0 
1441624092  0  0  0  0  0  0  0  0  0  4114387  0  0  0  0  0  0  0  0  0  21  0  0  0  0  0  50  0  0  0  0  0  0  0 
1441624093  0  0  0  0  0  0  0  0  0  4114387  0  0  0  0  0  0  0  0  0  21  0  0  0  0  0  50  0  0  0  0  0  0  0 
1441624093  0  0  0  0  0  0  0  0  0  4114387  0  0  0  0  0  0  0  0  0  21  0  0  0  0  0  50  0  0  0  0  0  0  0 
1441624094  0  0  0  0  0  0  0  0  0  4114387  0  0  0  0  0  0  0  0  0  21  0  0  0  0  0  50  0  0  0  0  0  0  0 
1441624094  0  0  0  0  0  0  0  0  0  4114387  0  0  0  0  0  0  0  0  0  21  0  0  0  0  0  50  0  0  0  0  0  0  0 
1441624095  0  0  0  0  0  0  0  0  0  4114387  0  0  0  0  0  0  0  0  0  21  0  0  0  0  0  50  0  0  0  0  0  0  0 
1441624095  0  0  0  0  0  0  0  0  0  4114387  0  0  0  0  0  0  0  0  0  21  0  0  0  0  0  50  0  0  0  0  0  0  0 
1441624096  0  0  0  0  0  0  0  0  0  4114387  0  0  0  0  0  0  0  0  0  21  0  0  0  0  0  50  0  0  0  0  0  0  0 
1441624096  0  0  0  0  0  0  0  0  0  4114387  0  0  0  0  0  0  0  0  0  21  0  0  0  0  0  50  0  0  0  0  0  0  0 
1441624097  0  0  0  0  0  0  0  0  0  4114387  0  0  0  0  0  0  0  0  0  21  0  0  0  0  0  50  0  0  0  0  0  0  0 
1441624097  0  0  0  0  0  0  0  0  0  4114387  0  0  0  0  0  0  0  0  0  21  0  0  0  0  0  50  0  0  0  0  0  0  0 
1441624098  0  0  0  0  0  0  0  0  0  4114387  0  0  0  0  0  0  0  0  0  21  0  0  0  0  0  50  0  0  0  0  0  0  0 
1441624098  0  0  0  0  0  0  0  0  0  4114387  0  0  0  0  0  0  0  0  0  21  0  0  0  0  0  50  0  0  0  0  0  0  0 
1441624099  0  0  0  0  0  0  0  0  0  4117039  0  0  0  0  0  0  0  0  0  21  0  0  0  0  0  51  0  2652  0  0  0  0  0 
1441624099  0  0  0  0  0  0  0  0  0  4117039  0  0  0  0  0  0  0  0  0  21  0  0  0  0  0  51  0  0  0  0  0  0  0 
1441624100  0  0  0  0  0  0  0  0  0  4117039  0  0  0  0  0  0  0  0  0  21  0  0  0  0  0  51  0  0  0  0  0  0  0 
1441624100  0  0  0  0  0  0  0  0  0  4117039  0  0  0  0  0  0  0  0  0  21  0  0  0  0  0  51  0  0  0  0  0  0  0 
1441624101  0  0  0  0  0  0  0  0  0  4117039  0  0  0  0  0  0  0  0  0  21  0  0  0  0  0  51  0  0  0  0  0  0  0 
1441624101  0  0  0  0  0  0  0  0  0  4117039  0  0  0  0  0  0  0  0  0  21  0  0  0  0  0  51  0  0  0  0  0  0  0 
1441624102  0  0  0  0  0  0  0  0  0  4117039  0  0  0  0  0  0  0  0  0  21  0  0  0  0  0  51  0  0  0  0  0  0  0 
1441624103  0  0  0  0  0  0  0  0  0  4117039  0  0  0  0  0  0  0  0  0  21  0  0  0  0  0  51  0  0  0  0  0  0  0 
1441624103  0  0  0  0  0  0  0  0  0  4117039  0  0  0  0  0  0  0  0  0  21  0  0  0  0  0  51  0  0  0  0  0  0  0 
1441624104  0  0  0  0  0  0  0  0  0  4117039  0  0  0  0  0  0  0  0  0  21  0  0  0  0  0  51  0  0  0  0  0  0  0 
1441624104  0  0  0  0  0  0  0  0  0  4117039  0  0  0  0  0  0  0  0  0  21  0  0  0  0  0  51  0  0  0  0  0  0  0 
1441624105  0  0  0  0  0  0  0  0  0  4117039  0  0  0  0  0  0  0  0  0  21  0  0  0  0  0  51  0  0  0  0  0  0  0 
1441624105  0  0  0  0  0  0  0  0  0  4117039  0  0  0  0  0  0  0  0  0  21  0  0  0  0  0  51  0  0  0  0  0  0  0 
1441624106  0  0  0  0  0  0  0  0  0  4117039  0  0  0  0  0  0  0  0  0  21  0  0  0  0  0  51  0  0  0  0  0  0  0 
1441624106  0  0  0  0  0  0  0  0  0  4117039  0  0  0  0  0  0  0  0  0  21  0  0  0  0  0  51  0  0  0  0  0  0  0 
1441624107  0  0  0  0  0  0  0  0  0  4117039  0  0  0  0  0  0  0  0  0  21  0  0  0  0  0  51  0  0  0  0  0  0  0 
1441624107  0  0  0  0  0  0  0  0  0  4117039  0  0  0  0  0  0  0  0  0  21  0  0  0  0  0  51  0  0  0  0  0  0  0 
1441624108  0  0  0  0  0  0  0  0  0  4117039  0  0  0  0  0  0  0  0  0  21  0  0  0  0  0  51  0  0  0  0  0  0  0 
1441624108  0  0  0  0  0  0  0  0  0  4117039  0  0  0  0  0  0  0  0  0  21  0  0  0  0  0  51  0  0  0  0  0  0  0 
1441624109  0  0  0  0  0  0  0  0  0  4163228  0  0  0  0  0  0  0  0  0  23  0  0  0  0  0  55  0  46189  0  0  0  0  0 
1441624109  0  0  0  0  0  0  0  0  0  4212442  0  0  0  0  0  0  0  0  0  25  0  0  0  0  0  64  0  49214  0  0  0  0  0 
1441624110  0  0  0  0  0  0  0  0  0  4212442  0  0  0  0  0  0  0  0  0  25  0  0  0  0  0  64  0  0  0  0  0  0  0 
1441624110  0  0  0  0  0  0  0  0  0  4212442  0  0  0  0  0  0  0  0  0  25  0  0  0  0  0  64  0  0  0  0  0  0  0 
