#Type:X;CI:2;ww:0;ca:0;co:1;fr:0;Type:X;CI:2;PI:0;PT:EP;U0:0;U1:0;Type:X;CI:2;PI:1;PT:EP;U0:0;U1:0;
#time  Pp  gt  gs  cn  cm  cb  Nc  Pc  cp  Tc  Nm  pr  ps  pt  px  pd  Pm  Om  fs  ft  Oc  Em  Gp  Ec  Ge  ot  os  Total_cycles_diff  Successful_get_diff  Total_get_diff  succ_put_diff  total_put_diff  get_hit  
1441169236  0  0  0  0  0  0  0  0  0  90747  0  0  0  0  0  0  0  0  0  0  0  0  0  0  0  1  0  90747  0  0  0  0  
1441169236  0  0  0  0  0  0  0  0  0  90747  0  0  0  0  0  0  0  0  0  0  0  0  0  0  0  1  0  0  0  0  0  0  0 
1441169237  0  0  0  0  0  0  0  0  0  90747  0  0  0  0  0  0  0  0  0  0  0  0  0  0  0  1  0  0  0  0  0  0  0 
1441169237  0  0  0  0  0  0  0  0  0  90747  0  0  0  0  0  0  0  0  0  0  0  0  0  0  0  1  0  0  0  0  0  0  0 
1441169238  0  0  0  0  0  0  0  0  0  90747  0  0  0  0  0  0  0  0  0  0  0  0  0  0  0  1  0  0  0  0  0  0  0 
1441169238  0  0  0  0  0  0  0  0  0  90747  0  0  0  0  0  0  0  0  0  0  0  0  0  0  0  1  0  0  0  0  0  0  0 
1441169239  0  0  0  0  0  0  0  0  0  90747  0  0  0  0  0  0  0  0  0  0  0  0  0  0  0  1  0  0  0  0  0  0  0 
1441169239  0  0  0  0  0  0  0  0  0  90747  0  0  0  0  0  0  0  0  0  0  0  0  0  0  0  1  0  0  0  0  0  0  0 
1441169240  0  0  0  0  0  0  0  0  0  90747  0  0  0  0  0  0  0  0  0  0  0  0  0  0  0  1  0  0  0  0  0  0  0 
1441169240  0  0  0  0  0  0  0  0  0  90747  0  0  0  0  0  0  0  0  0  0  0  0  0  0  0  1  0  0  0  0  0  0  0 
1441169241  0  0  0  0  0  0  0  0  0  90747  0  0  0  0  0  0  0  0  0  0  0  0  0  0  0  1  0  0  0  0  0  0  0 
1441169241  0  0  0  0  0  0  0  0  0  90747  0  0  0  0  0  0  0  0  0  0  0  0  0  0  0  1  0  0  0  0  0  0  0 
1441169242  0  0  0  0  0  0  0  0  0  90747  0  0  0  0  0  0  0  0  0  0  0  0  0  0  0  1  0  0  0  0  0  0  0 
1441169242  0  0  0  0  0  0  0  0  0  90747  0  0  0  0  0  0  0  0  0  0  0  0  0  0  0  1  0  0  0  0  0  0  0 
1441169243  0  0  0  0  0  0  0  0  0  90747  0  0  0  0  0  0  0  0  0  0  0  0  0  0  0  1  0  0  0  0  0  0  0 
1441169243  0  0  0  0  0  0  0  0  0  90747  0  0  0  0  0  0  0  0  0  0  0  0  0  0  0  1  0  0  0  0  0  0  0 
1441169244  0  0  0  0  0  0  0  0  0  90747  0  0  0  0  0  0  0  0  0  0  0  0  0  0  0  1  0  0  0  0  0  0  0 
1441169244  0  0  0  0  0  0  0  0  0  90747  0  0  0  0  0  0  0  0  0  0  0  0  0  0  0  1  0  0  0  0  0  0  0 
1441169245  0  0  0  0  0  0  0  0  0  90747  0  0  0  0  0  0  0  0  0  0  0  0  0  0  0  1  0  0  0  0  0  0  0 
1441169245  0  0  0  0  0  0  0  0  0  90747  0  0  0  0  0  0  0  0  0  0  0  0  0  0  0  1  0  0  0  0  0  0  0 
1441169246  0  0  0  0  0  0  0  0  0  90747  0  0  0  0  0  0  0  0  0  0  0  0  0  0  0  1  0  0  0  0  0  0  0 
1441169246  0  0  0  0  0  0  0  0  0  90747  0  0  0  0  0  0  0  0  0  0  0  0  0  0  0  1  0  0  0  0  0  0  0 
1441169247  0  0  0  0  0  0  0  0  0  90747  0  0  0  0  0  0  0  0  0  0  0  0  0  0  0  1  0  0  0  0  0  0  0 
1441169247  0  0  0  0  0  0  0  0  0  90747  0  0  0  0  0  0  0  0  0  0  0  0  0  0  0  1  0  0  0  0  0  0  0 
1441169248  0  0  0  0  0  0  0  0  0  90747  0  0  0  0  0  0  0  0  0  0  0  0  0  0  0  1  0  0  0  0  0  0  0 
1441169248  0  0  0  0  0  0  0  0  0  90747  0  0  0  0  0  0  0  0  0  0  0  0  0  0  0  1  0  0  0  0  0  0  0 
1441169249  0  0  0  0  0  0  0  0  0  90747  0  0  0  0  0  0  0  0  0  0  0  0  0  0  0  1  0  0  0  0  0  0  0 
1441169249  0  0  0  0  0  0  0  0  0  90747  0  0  0  0  0  0  0  0  0  0  0  0  0  0  0  1  0  0  0  0  0  0  0 
1441169250  0  0  0  0  0  0  0  0  0  90747  0  0  0  0  0  0  0  0  0  0  0  0  0  0  0  1  0  0  0  0  0  0  0 
1441169250  0  0  0  0  0  0  0  0  0  90747  0  0  0  0  0  0  0  0  0  0  0  0  0  0  0  1  0  0  0  0  0  0  0 
1441169251  0  0  0  0  0  0  0  0  0  90747  0  0  0  0  0  0  0  0  0  0  0  0  0  0  0  1  0  0  0  0  0  0  0 
1441169251  0  0  0  0  0  0  0  0  0  90747  0  0  0  0  0  0  0  0  0  0  0  0  0  0  0  1  0  0  0  0  0  0  0 
1441169252  0  0  0  0  0  0  0  0  0  90747  0  0  0  0  0  0  0  0  0  0  0  0  0  0  0  1  0  0  0  0  0  0  0 
1441169252  0  0  0  0  0  0  0  0  0  90747  0  0  0  0  0  0  0  0  0  0  0  0  0  0  0  1  0  0  0  0  0  0  0 
1441169253  0  0  0  0  0  0  0  0  0  90747  0  0  0  0  0  0  0  0  0  0  0  0  0  0  0  1  0  0  0  0  0  0  0 
1441169253  0  0  0  0  0  0  0  0  0  90747  0  0  0  0  0  0  0  0  0  0  0  0  0  0  0  1  0  0  0  0  0  0  0 
1441169254  0  0  0  0  0  0  0  0  0  90747  0  0  0  0  0  0  0  0  0  0  0  0  0  0  0  1  0  0  0  0  0  0  0 
1441169254  0  0  0  0  0  0  0  0  0  90747  0  0  0  0  0  0  0  0  0  0  0  0  0  0  0  1  0  0  0  0  0  0  0 
1441169255  0  0  0  0  0  0  0  0  0  90747  0  0  0  0  0  0  0  0  0  0  0  0  0  0  0  1  0  0  0  0  0  0  0 
1441169255  0  0  0  0  0  0  0  0  0  90747  0  0  0  0  0  0  0  0  0  0  0  0  0  0  0  1  0  0  0  0  0  0  0 
1441169256  0  0  0  0  0  0  0  0  0  90747  0  0  0  0  0  0  0  0  0  0  0  0  0  0  0  1  0  0  0  0  0  0  0 
1441169256  0  0  0  0  0  0  0  0  0  90747  0  0  0  0  0  0  0  0  0  0  0  0  0  0  0  1  0  0  0  0  0  0  0 
1441169257  0  0  0  0  0  0  0  0  0  90747  0  0  0  0  0  0  0  0  0  0  0  0  0  0  0  1  0  0  0  0  0  0  0 
1441169257  0  0  0  0  0  0  0  0  0  90747  0  0  0  0  0  0  0  0  0  0  0  0  0  0  0  1  0  0  0  0  0  0  0 
1441169258  0  0  0  0  0  0  0  0  0  90747  0  0  0  0  0  0  0  0  0  0  0  0  0  0  0  1  0  0  0  0  0  0  0 
1441169258  0  0  0  0  0  0  0  0  0  90747  0  0  0  0  0  0  0  0  0  0  0  0  0  0  0  1  0  0  0  0  0  0  0 
1441169259  0  0  0  0  0  0  0  0  0  90747  0  0  0  0  0  0  0  0  0  0  0  0  0  0  0  1  0  0  0  0  0  0  0 
1441169259  0  0  0  0  0  0  0  0  0  90747  0  0  0  0  0  0  0  0  0  0  0  0  0  0  0  1  0  0  0  0  0  0  0 
1441169260  0  0  0  0  0  0  0  0  0  90747  0  0  0  0  0  0  0  0  0  0  0  0  0  0  0  1  0  0  0  0  0  0  0 
1441169260  0  0  0  0  0  0  0  0  0  90747  0  0  0  0  0  0  0  0  0  0  0  0  0  0  0  1  0  0  0  0  0  0  0 
1441169261  0  0  0  0  0  0  0  0  0  90747  0  0  0  0  0  0  0  0  0  0  0  0  0  0  0  1  0  0  0  0  0  0  0 
1441169261  0  0  0  0  0  0  0  0  0  90747  0  0  0  0  0  0  0  0  0  0  0  0  0  0  0  1  0  0  0  0  0  0  0 
1441169262  0  0  0  0  0  0  0  0  0  90747  0  0  0  0  0  0  0  0  0  0  0  0  0  0  0  1  0  0  0  0  0  0  0 
1441169262  0  0  0  0  0  0  0  0  0  90747  0  0  0  0  0  0  0  0  0  0  0  0  0  0  0  1  0  0  0  0  0  0  0 
1441169263  0  0  0  0  0  0  0  0  0  90747  0  0  0  0  0  0  0  0  0  0  0  0  0  0  0  1  0  0  0  0  0  0  0 
1441169263  0  0  0  0  0  0  0  0  0  90747  0  0  0  0  0  0  0  0  0  0  0  0  0  0  0  1  0  0  0  0  0  0  0 
1441169264  0  0  0  0  0  0  0  0  0  90747  0  0  0  0  0  0  0  0  0  0  0  0  0  0  0  1  0  0  0  0  0  0  0 
1441169264  0  0  0  0  0  0  0  0  0  90747  0  0  0  0  0  0  0  0  0  0  0  0  0  0  0  1  0  0  0  0  0  0  0 
1441169265  0  0  0  0  0  0  0  0  0  90747  0  0  0  0  0  0  0  0  0  0  0  0  0  0  0  1  0  0  0  0  0  0  0 
1441169266  0  0  0  0  0  0  0  0  0  90747  0  0  0  0  0  0  0  0  0  0  0  0  0  0  0  1  0  0  0  0  0  0  0 
1441169266  0  0  0  0  0  0  0  0  0  90747  0  0  0  0  0  0  0  0  0  0  0  0  0  0  0  1  0  0  0  0  0  0  0 
1441169267  0  0  0  0  0  0  0  0  0  90747  0  0  0  0  0  0  0  0  0  0  0  0  0  0  0  1  0  0  0  0  0  0  0 
1441169267  0  0  0  0  0  0  0  0  0  90747  0  0  0  0  0  0  0  0  0  0  0  0  0  0  0  1  0  0  0  0  0  0  0 
1441169268  0  0  0  0  0  0  0  0  0  90747  0  0  0  0  0  0  0  0  0  0  0  0  0  0  0  1  0  0  0  0  0  0  0 
1441169268  0  0  0  0  0  0  0  0  0  90747  0  0  0  0  0  0  0  0  0  0  0  0  0  0  0  1  0  0  0  0  0  0  0 
1441169269  0  0  0  0  0  0  0  0  0  90747  0  0  0  0  0  0  0  0  0  0  0  0  0  0  0  1  0  0  0  0  0  0  0 
1441169269  0  0  0  0  0  0  0  0  0  90747  0  0  0  0  0  0  0  0  0  0  0  0  0  0  0  1  0  0  0  0  0  0  0 
1441169270  0  0  0  0  0  0  0  0  0  90747  0  0  0  0  0  0  0  0  0  0  0  0  0  0  0  1  0  0  0  0  0  0  0 
1441169270  0  0  0  0  0  0  0  0  0  90747  0  0  0  0  0  0  0  0  0  0  0  0  0  0  0  1  0  0  0  0  0  0  0 
1441169271  0  0  0  0  0  0  0  0  0  90747  0  0  0  0  0  0  0  0  0  0  0  0  0  0  0  1  0  0  0  0  0  0  0 
1441169271  0  0  0  0  0  0  0  0  0  90747  0  0  0  0  0  0  0  0  0  0  0  0  0  0  0  1  0  0  0  0  0  0  0 
1441169272  0  0  0  0  0  0  0  0  0  90747  0  0  0  0  0  0  0  0  0  0  0  0  0  0  0  1  0  0  0  0  0  0  0 
1441169272  0  0  0  0  0  0  0  0  0  90747  0  0  0  0  0  0  0  0  0  0  0  0  0  0  0  1  0  0  0  0  0  0  0 
1441169273  0  0  0  0  0  0  0  0  0  90747  0  0  0  0  0  0  0  0  0  0  0  0  0  0  0  1  0  0  0  0  0  0  0 
1441169273  0  0  0  0  0  0  0  0  0  90747  0  0  0  0  0  0  0  0  0  0  0  0  0  0  0  1  0  0  0  0  0  0  0 
1441169274  0  0  0  0  0  0  0  0  0  90747  0  0  0  0  0  0  0  0  0  0  0  0  0  0  0  1  0  0  0  0  0  0  0 
1441169274  0  0  0  0  0  0  0  0  0  90747  0  0  0  0  0  0  0  0  0  0  0  0  0  0  0  1  0  0  0  0  0  0  0 
1441169275  0  0  0  0  0  0  0  0  0  90747  0  0  0  0  0  0  0  0  0  0  0  0  0  0  0  1  0  0  0  0  0  0  0 
1441169275  0  0  0  0  0  0  0  0  0  90747  0  0  0  0  0  0  0  0  0  0  0  0  0  0  0  1  0  0  0  0  0  0  0 
1441169276  0  0  0  0  0  0  0  0  0  90747  0  0  0  0  0  0  0  0  0  0  0  0  0  0  0  1  0  0  0  0  0  0  0 
1441169276  0  0  0  0  0  0  0  0  0  119308  0  0  0  0  0  0  0  0  0  0  0  0  0  0  0  1  0  28561  0  0  0  0  0 
1441169277  0  0  0  0  0  0  0  0  0  157830  0  0  0  0  0  0  0  0  0  2  0  0  0  0  0  5  0  38522  0  0  0  0  0 
1441169277  0  0  0  0  0  0  0  0  0  157830  0  0  0  0  0  0  0  0  0  2  0  0  0  0  0  5  0  0  0  0  0  0  0 
1441169278  0  0  0  0  0  0  0  0  0  185544  0  0  0  0  0  0  0  0  0  4  0  0  0  0  0  14  0  27714  0  0  0  0  0 
1441169278  0  0  0  0  0  0  0  0  0  185544  0  0  0  0  0  0  0  0  0  4  0  0  0  0  0  14  0  0  0  0  0  0  0 
