#Type:X;CI:7;ww:0;ca:0;co:0;fr:0;Type:X;CI:7;PI:0;PT:EP;U0:0;U1:0;
#time  Pp  gt  gs  cn  cm  cb  Nc  Pc  cp  Tc  Nm  pr  ps  pt  px  pd  Pm  Om  fs  ft  Oc  Em  Gp  Ec  Ge  ot  os  Total_cycles_diff  Successful_get_diff  Total_get_diff  succ_put_diff  total_put_diff  get_hit  
1441647479  0  0  0  0  0  0  0  0  0  577385  0  0  0  0  0  0  0  0  0  0  0  0  0  0  0  0  0  577385  0  0  0  0  
1441647479  0  0  0  0  0  0  0  0  0  1075562  0  0  0  0  0  0  0  0  0  0  0  0  0  0  0  0  0  498177  0  0  0  0  0 
1441647480  0  0  0  0  0  0  0  0  0  1343366  0  0  0  0  0  0  0  0  0  0  0  0  0  0  0  0  0  267804  0  0  0  0  0 
1441647480  0  0  0  0  0  0  0  0  0  1538542  0  0  0  0  0  0  0  0  0  0  0  0  0  0  0  0  0  195176  0  0  0  0  0 
1441647481  0  0  0  0  0  0  0  0  0  1850414  0  0  0  0  0  0  0  0  0  0  0  0  0  0  0  0  0  311872  0  0  0  0  0 
1441647481  0  0  0  0  0  0  0  0  0  2396003  0  0  0  0  0  0  0  0  0  13  0  0  0  0  0  39  0  545589  0  0  0  0  0 
1441647482  0  0  0  0  0  0  0  0  0  2396003  0  0  0  0  0  0  0  0  0  13  0  0  0  0  0  39  0  0  0  0  0  0  0 
1441647482  0  0  0  0  0  0  0  0  0  3264005  0  0  0  0  0  0  0  0  0  20  0  0  0  0  0  44  0  868002  0  0  0  0  0 
1441647483  0  0  0  0  0  0  0  0  0  3848304  0  0  0  0  0  0  0  0  0  21  0  0  0  0  0  46  0  584299  0  0  0  0  0 
1441647483  0  0  0  0  0  0  0  0  0  3949329  0  0  0  0  0  0  0  0  0  21  0  0  0  0  0  46  0  101025  0  0  0  0  0 
1441647484  0  0  0  0  0  0  0  0  0  3949329  0  0  0  0  0  0  0  0  0  21  0  0  0  0  0  46  0  0  0  0  0  0  0 
1441647484  0  0  0  0  0  0  0  0  0  3949329  0  0  0  0  0  0  0  0  0  21  0  0  0  0  0  46  0  0  0  0  0  0  0 
1441647485  0  0  0  0  0  0  0  0  0  3949329  0  0  0  0  0  0  0  0  0  21  0  0  0  0  0  46  0  0  0  0  0  0  0 
1441647485  0  0  0  0  0  0  0  0  0  3949329  0  0  0  0  0  0  0  0  0  21  0  0  0  0  0  46  0  0  0  0  0  0  0 
1441647486  0  0  0  0  0  0  0  0  0  3949329  0  0  0  0  0  0  0  0  0  21  0  0  0  0  0  46  0  0  0  0  0  0  0 
1441647486  0  0  0  0  0  0  0  0  0  3949329  0  0  0  0  0  0  0  0  0  21  0  0  0  0  0  46  0  0  0  0  0  0  0 
1441647487  0  0  0  0  0  0  0  0  0  3949329  0  0  0  0  0  0  0  0  0  21  0  0  0  0  0  46  0  0  0  0  0  0  0 
1441647487  0  0  0  0  0  0  0  0  0  3949329  0  0  0  0  0  0  0  0  0  21  0  0  0  0  0  46  0  0  0  0  0  0  0 
1441647488  0  0  0  0  0  0  0  0  0  3949329  0  0  0  0  0  0  0  0  0  21  0  0  0  0  0  46  0  0  0  0  0  0  0 
1441647488  0  0  0  0  0  0  0  0  0  3949329  0  0  0  0  0  0  0  0  0  21  0  0  0  0  0  46  0  0  0  0  0  0  0 
1441647489  0  0  0  0  0  0  0  0  0  3949329  0  0  0  0  0  0  0  0  0  21  0  0  0  0  0  46  0  0  0  0  0  0  0 
1441647489  0  0  0  0  0  0  0  0  0  3949329  0  0  0  0  0  0  0  0  0  21  0  0  0  0  0  46  0  0  0  0  0  0  0 
1441647490  0  0  0  0  0  0  0  0  0  3949329  0  0  0  0  0  0  0  0  0  21  0  0  0  0  0  46  0  0  0  0  0  0  0 
1441647490  0  0  0  0  0  0  0  0  0  3949329  0  0  0  0  0  0  0  0  0  21  0  0  0  0  0  46  0  0  0  0  0  0  0 
1441647491  0  0  0  0  0  0  0  0  0  3949329  0  0  0  0  0  0  0  0  0  21  0  0  0  0  0  46  0  0  0  0  0  0  0 
1441647491  0  0  0  0  0  0  0  0  0  3949329  0  0  0  0  0  0  0  0  0  21  0  0  0  0  0  46  0  0  0  0  0  0  0 
1441647492  0  0  0  0  0  0  0  0  0  3949329  0  0  0  0  0  0  0  0  0  21  0  0  0  0  0  46  0  0  0  0  0  0  0 
1441647492  0  0  0  0  0  0  0  0  0  3949329  0  0  0  0  0  0  0  0  0  21  0  0  0  0  0  46  0  0  0  0  0  0  0 
1441647493  0  0  0  0  0  0  0  0  0  3949329  0  0  0  0  0  0  0  0  0  21  0  0  0  0  0  46  0  0  0  0  0  0  0 
1441647493  0  0  0  0  0  0  0  0  0  3949329  0  0  0  0  0  0  0  0  0  21  0  0  0  0  0  46  0  0  0  0  0  0  0 
1441647494  0  0  0  0  0  0  0  0  0  3949329  0  0  0  0  0  0  0  0  0  21  0  0  0  0  0  46  0  0  0  0  0  0  0 
1441647494  0  0  0  0  0  0  0  0  0  3949329  0  0  0  0  0  0  0  0  0  21  0  0  0  0  0  46  0  0  0  0  0  0  0 
1441647495  0  0  0  0  0  0  0  0  0  3949329  0  0  0  0  0  0  0  0  0  21  0  0  0  0  0  46  0  0  0  0  0  0  0 
1441647495  0  0  0  0  0  0  0  0  0  3949329  0  0  0  0  0  0  0  0  0  21  0  0  0  0  0  46  0  0  0  0  0  0  0 
1441647496  0  0  0  0  0  0  0  0  0  3949329  0  0  0  0  0  0  0  0  0  21  0  0  0  0  0  46  0  0  0  0  0  0  0 
1441647496  0  0  0  0  0  0  0  0  0  3949329  0  0  0  0  0  0  0  0  0  21  0  0  0  0  0  46  0  0  0  0  0  0  0 
1441647497  0  0  0  0  0  0  0  0  0  3949329  0  0  0  0  0  0  0  0  0  21  0  0  0  0  0  46  0  0  0  0  0  0  0 
1441647497  0  0  0  0  0  0  0  0  0  3949329  0  0  0  0  0  0  0  0  0  21  0  0  0  0  0  46  0  0  0  0  0  0  0 
1441647498  0  0  0  0  0  0  0  0  0  3949329  0  0  0  0  0  0  0  0  0  21  0  0  0  0  0  46  0  0  0  0  0  0  0 
1441647498  0  0  0  0  0  0  0  0  0  3949329  0  0  0  0  0  0  0  0  0  21  0  0  0  0  0  46  0  0  0  0  0  0  0 
1441647499  0  0  0  0  0  0  0  0  0  3949329  0  0  0  0  0  0  0  0  0  21  0  0  0  0  0  46  0  0  0  0  0  0  0 
1441647499  0  0  0  0  0  0  0  0  0  3949329  0  0  0  0  0  0  0  0  0  21  0  0  0  0  0  46  0  0  0  0  0  0  0 
1441647500  0  0  0  0  0  0  0  0  0  3949329  0  0  0  0  0  0  0  0  0  21  0  0  0  0  0  46  0  0  0  0  0  0  0 
1441647500  0  0  0  0  0  0  0  0  0  3949329  0  0  0  0  0  0  0  0  0  21  0  0  0  0  0  46  0  0  0  0  0  0  0 
1441647501  0  0  0  0  0  0  0  0  0  3949329  0  0  0  0  0  0  0  0  0  21  0  0  0  0  0  46  0  0  0  0  0  0  0 
1441647501  0  0  0  0  0  0  0  0  0  3949329  0  0  0  0  0  0  0  0  0  21  0  0  0  0  0  46  0  0  0  0  0  0  0 
1441647502  0  0  0  0  0  0  0  0  0  3949329  0  0  0  0  0  0  0  0  0  21  0  0  0  0  0  46  0  0  0  0  0  0  0 
1441647502  0  0  0  0  0  0  0  0  0  3949329  0  0  0  0  0  0  0  0  0  21  0  0  0  0  0  46  0  0  0  0  0  0  0 
1441647503  0  0  0  0  0  0  0  0  0  3949329  0  0  0  0  0  0  0  0  0  21  0  0  0  0  0  46  0  0  0  0  0  0  0 
1441647503  0  0  0  0  0  0  0  0  0  3949329  0  0  0  0  0  0  0  0  0  21  0  0  0  0  0  46  0  0  0  0  0  0  0 
1441647504  0  0  0  0  0  0  0  0  0  3949329  0  0  0  0  0  0  0  0  0  21  0  0  0  0  0  46  0  0  0  0  0  0  0 
1441647504  0  0  0  0  0  0  0  0  0  3949329  0  0  0  0  0  0  0  0  0  21  0  0  0  0  0  46  0  0  0  0  0  0  0 
1441647505  0  0  0  0  0  0  0  0  0  3949329  0  0  0  0  0  0  0  0  0  21  0  0  0  0  0  46  0  0  0  0  0  0  0 
1441647505  0  0  0  0  0  0  0  0  0  3949329  0  0  0  0  0  0  0  0  0  21  0  0  0  0  0  46  0  0  0  0  0  0  0 
1441647506  0  0  0  0  0  0  0  0  0  3949329  0  0  0  0  0  0  0  0  0  21  0  0  0  0  0  46  0  0  0  0  0  0  0 
1441647506  0  0  0  0  0  0  0  0  0  3949329  0  0  0  0  0  0  0  0  0  21  0  0  0  0  0  46  0  0  0  0  0  0  0 
1441647507  0  0  0  0  0  0  0  0  0  3949329  0  0  0  0  0  0  0  0  0  21  0  0  0  0  0  46  0  0  0  0  0  0  0 
1441647507  0  0  0  0  0  0  0  0  0  3949329  0  0  0  0  0  0  0  0  0  21  0  0  0  0  0  46  0  0  0  0  0  0  0 
1441647508  0  0  0  0  0  0  0  0  0  3949329  0  0  0  0  0  0  0  0  0  21  0  0  0  0  0  46  0  0  0  0  0  0  0 
1441647508  0  0  0  0  0  0  0  0  0  3949329  0  0  0  0  0  0  0  0  0  21  0  0  0  0  0  46  0  0  0  0  0  0  0 
1441647509  0  0  0  0  0  0  0  0  0  3949329  0  0  0  0  0  0  0  0  0  21  0  0  0  0  0  46  0  0  0  0  0  0  0 
1441647510  0  0  0  0  0  0  0  0  0  3949329  0  0  0  0  0  0  0  0  0  21  0  0  0  0  0  46  0  0  0  0  0  0  0 
1441647510  0  0  0  0  0  0  0  0  0  3949329  0  0  0  0  0  0  0  0  0  21  0  0  0  0  0  46  0  0  0  0  0  0  0 
1441647511  0  0  0  0  0  0  0  0  0  3949329  0  0  0  0  0  0  0  0  0  21  0  0  0  0  0  46  0  0  0  0  0  0  0 
1441647511  0  0  0  0  0  0  0  0  0  3949329  0  0  0  0  0  0  0  0  0  21  0  0  0  0  0  46  0  0  0  0  0  0  0 
1441647512  0  0  0  0  0  0  0  0  0  3949329  0  0  0  0  0  0  0  0  0  21  0  0  0  0  0  46  0  0  0  0  0  0  0 
1441647512  0  0  0  0  0  0  0  0  0  3949329  0  0  0  0  0  0  0  0  0  21  0  0  0  0  0  46  0  0  0  0  0  0  0 
1441647513  0  0  0  0  0  0  0  0  0  3949329  0  0  0  0  0  0  0  0  0  21  0  0  0  0  0  46  0  0  0  0  0  0  0 
1441647513  0  0  0  0  0  0  0  0  0  3949329  0  0  0  0  0  0  0  0  0  21  0  0  0  0  0  46  0  0  0  0  0  0  0 
1441647514  0  0  0  0  0  0  0  0  0  3949329  0  0  0  0  0  0  0  0  0  21  0  0  0  0  0  46  0  0  0  0  0  0  0 
1441647514  0  0  0  0  0  0  0  0  0  3949329  0  0  0  0  0  0  0  0  0  21  0  0  0  0  0  46  0  0  0  0  0  0  0 
1441647515  0  0  0  0  0  0  0  0  0  3949329  0  0  0  0  0  0  0  0  0  21  0  0  0  0  0  46  0  0  0  0  0  0  0 
1441647515  0  0  0  0  0  0  0  0  0  3949329  0  0  0  0  0  0  0  0  0  21  0  0  0  0  0  46  0  0  0  0  0  0  0 
1441647516  0  0  0  0  0  0  0  0  0  3949329  0  0  0  0  0  0  0  0  0  21  0  0  0  0  0  46  0  0  0  0  0  0  0 
1441647516  0  0  0  0  0  0  0  0  0  3949329  0  0  0  0  0  0  0  0  0  21  0  0  0  0  0  46  0  0  0  0  0  0  0 
1441647517  0  0  0  0  0  0  0  0  0  3949329  0  0  0  0  0  0  0  0  0  21  0  0  0  0  0  46  0  0  0  0  0  0  0 
1441647517  0  0  0  0  0  0  0  0  0  3949329  0  0  0  0  0  0  0  0  0  21  0  0  0  0  0  46  0  0  0  0  0  0  0 
1441647518  0  0  0  0  0  0  0  0  0  3949329  0  0  0  0  0  0  0  0  0  21  0  0  0  0  0  46  0  0  0  0  0  0  0 
1441647518  0  0  0  0  0  0  0  0  0  3949329  0  0  0  0  0  0  0  0  0  21  0  0  0  0  0  46  0  0  0  0  0  0  0 
1441647519  0  0  0  0  0  0  0  0  0  3949329  0  0  0  0  0  0  0  0  0  21  0  0  0  0  0  46  0  0  0  0  0  0  0 
1441647519  0  0  0  0  0  0  0  0  0  3949329  0  0  0  0  0  0  0  0  0  21  0  0  0  0  0  46  0  0  0  0  0  0  0 
1441647520  0  0  0  0  0  0  0  0  0  3949329  0  0  0  0  0  0  0  0  0  21  0  0  0  0  0  46  0  0  0  0  0  0  0 
1441647520  0  0  0  0  0  0  0  0  0  3949329  0  0  0  0  0  0  0  0  0  21  0  0  0  0  0  46  0  0  0  0  0  0  0 
1441647521  0  0  0  0  0  0  0  0  0  3949329  0  0  0  0  0  0  0  0  0  21  0  0  0  0  0  46  0  0  0  0  0  0  0 
1441647521  0  0  0  0  0  0  0  0  0  3949329  0  0  0  0  0  0  0  0  0  21  0  0  0  0  0  46  0  0  0  0  0  0  0 
1441647522  0  0  0  0  0  0  0  0  0  3949329  0  0  0  0  0  0  0  0  0  21  0  0  0  0  0  46  0  0  0  0  0  0  0 
1441647522  0  0  0  0  0  0  0  0  0  3949329  0  0  0  0  0  0  0  0  0  21  0  0  0  0  0  46  0  0  0  0  0  0  0 
1441647523  0  0  0  0  0  0  0  0  0  3949329  0  0  0  0  0  0  0  0  0  21  0  0  0  0  0  46  0  0  0  0  0  0  0 
1441647523  0  0  0  0  0  0  0  0  0  3949329  0  0  0  0  0  0  0  0  0  21  0  0  0  0  0  46  0  0  0  0  0  0  0 
1441647524  0  0  0  0  0  0  0  0  0  3949329  0  0  0  0  0  0  0  0  0  21  0  0  0  0  0  46  0  0  0  0  0  0  0 
1441647524  0  0  0  0  0  0  0  0  0  3949329  0  0  0  0  0  0  0  0  0  21  0  0  0  0  0  46  0  0  0  0  0  0  0 
1441647525  0  0  0  0  0  0  0  0  0  3949329  0  0  0  0  0  0  0  0  0  21  0  0  0  0  0  46  0  0  0  0  0  0  0 
1441647525  0  0  0  0  0  0  0  0  0  3949329  0  0  0  0  0  0  0  0  0  21  0  0  0  0  0  46  0  0  0  0  0  0  0 
1441647526  0  0  0  0  0  0  0  0  0  3949329  0  0  0  0  0  0  0  0  0  21  0  0  0  0  0  46  0  0  0  0  0  0  0 
1441647526  0  0  0  0  0  0  0  0  0  3949329  0  0  0  0  0  0  0  0  0  21  0  0  0  0  0  46  0  0  0  0  0  0  0 
1441647527  0  0  0  0  0  0  0  0  0  3949329  0  0  0  0  0  0  0  0  0  21  0  0  0  0  0  46  0  0  0  0  0  0  0 
1441647527  0  0  0  0  0  0  0  0  0  3949329  0  0  0  0  0  0  0  0  0  21  0  0  0  0  0  46  0  0  0  0  0  0  0 
1441647528  0  0  0  0  0  0  0  0  0  3949329  0  0  0  0  0  0  0  0  0  21  0  0  0  0  0  46  0  0  0  0  0  0  0 
1441647528  0  0  0  0  0  0  0  0  0  3949329  0  0  0  0  0  0  0  0  0  21  0  0  0  0  0  46  0  0  0  0  0  0  0 
1441647529  0  0  0  0  0  0  0  0  0  3949329  0  0  0  0  0  0  0  0  0  21  0  0  0  0  0  46  0  0  0  0  0  0  0 
1441647529  0  0  0  0  0  0  0  0  0  3949329  0  0  0  0  0  0  0  0  0  21  0  0  0  0  0  46  0  0  0  0  0  0  0 
1441647530  0  0  0  0  0  0  0  0  0  3949329  0  0  0  0  0  0  0  0  0  21  0  0  0  0  0  46  0  0  0  0  0  0  0 
1441647530  0  0  0  0  0  0  0  0  0  3949329  0  0  0  0  0  0  0  0  0  21  0  0  0  0  0  46  0  0  0  0  0  0  0 
1441647531  0  0  0  0  0  0  0  0  0  3949329  0  0  0  0  0  0  0  0  0  21  0  0  0  0  0  46  0  0  0  0  0  0  0 
1441647531  0  0  0  0  0  0  0  0  0  3949329  0  0  0  0  0  0  0  0  0  21  0  0  0  0  0  46  0  0  0  0  0  0  0 
1441647532  0  0  0  0  0  0  0  0  0  3949329  0  0  0  0  0  0  0  0  0  21  0  0  0  0  0  46  0  0  0  0  0  0  0 
1441647532  0  0  0  0  0  0  0  0  0  3949329  0  0  0  0  0  0  0  0  0  21  0  0  0  0  0  46  0  0  0  0  0  0  0 
1441647533  0  0  0  0  0  0  0  0  0  3949329  0  0  0  0  0  0  0  0  0  21  0  0  0  0  0  46  0  0  0  0  0  0  0 
1441647533  0  0  0  0  0  0  0  0  0  3949329  0  0  0  0  0  0  0  0  0  21  0  0  0  0  0  46  0  0  0  0  0  0  0 
1441647534  0  0  0  0  0  0  0  0  0  3949329  0  0  0  0  0  0  0  0  0  21  0  0  0  0  0  46  0  0  0  0  0  0  0 
1441647534  0  0  0  0  0  0  0  0  0  3949329  0  0  0  0  0  0  0  0  0  21  0  0  0  0  0  46  0  0  0  0  0  0  0 
1441647535  0  0  0  0  0  0  0  0  0  3949329  0  0  0  0  0  0  0  0  0  21  0  0  0  0  0  46  0  0  0  0  0  0  0 
1441647535  0  0  0  0  0  0  0  0  0  3957557  0  0  0  0  0  0  0  0  0  21  0  0  0  0  0  47  0  8228  0  0  0  0  0 
1441647536  0  0  0  0  0  0  0  0  0  3957557  0  0  0  0  0  0  0  0  0  21  0  0  0  0  0  47  0  0  0  0  0  0  0 
1441647536  0  0  0  0  0  0  0  0  0  3957557  0  0  0  0  0  0  0  0  0  21  0  0  0  0  0  47  0  0  0  0  0  0  0 
1441647537  0  0  0  0  0  0  0  0  0  3957557  0  0  0  0  0  0  0  0  0  21  0  0  0  0  0  47  0  0  0  0  0  0  0 
1441647537  0  0  0  0  0  0  0  0  0  3957557  0  0  0  0  0  0  0  0  0  21  0  0  0  0  0  47  0  0  0  0  0  0  0 
1441647538  0  0  0  0  0  0  0  0  0  3957557  0  0  0  0  0  0  0  0  0  21  0  0  0  0  0  47  0  0  0  0  0  0  0 
1441647538  0  0  0  0  0  0  0  0  0  3957557  0  0  0  0  0  0  0  0  0  21  0  0  0  0  0  47  0  0  0  0  0  0  0 
1441647539  0  0  0  0  0  0  0  0  0  3957557  0  0  0  0  0  0  0  0  0  21  0  0  0  0  0  47  0  0  0  0  0  0  0 
1441647539  0  0  0  0  0  0  0  0  0  3957557  0  0  0  0  0  0  0  0  0  21  0  0  0  0  0  47  0  0  0  0  0  0  0 
1441647540  0  0  0  0  0  0  0  0  0  3957557  0  0  0  0  0  0  0  0  0  21  0  0  0  0  0  47  0  0  0  0  0  0  0 
1441647540  0  0  0  0  0  0  0  0  0  3957557  0  0  0  0  0  0  0  0  0  21  0  0  0  0  0  47  0  0  0  0  0  0  0 
1441647541  0  0  0  0  0  0  0  0  0  3957557  0  0  0  0  0  0  0  0  0  21  0  0  0  0  0  47  0  0  0  0  0  0  0 
1441647541  0  0  0  0  0  0  0  0  0  3957557  0  0  0  0  0  0  0  0  0  21  0  0  0  0  0  47  0  0  0  0  0  0  0 
1441647542  0  0  0  0  0  0  0  0  0  3957557  0  0  0  0  0  0  0  0  0  21  0  0  0  0  0  47  0  0  0  0  0  0  0 
1441647542  0  0  0  0  0  0  0  0  0  3957557  0  0  0  0  0  0  0  0  0  21  0  0  0  0  0  47  0  0  0  0  0  0  0 
1441647543  0  0  0  0  0  0  0  0  0  3957557  0  0  0  0  0  0  0  0  0  21  0  0  0  0  0  47  0  0  0  0  0  0  0 
1441647543  0  0  0  0  0  0  0  0  0  3957557  0  0  0  0  0  0  0  0  0  21  0  0  0  0  0  47  0  0  0  0  0  0  0 
1441647544  0  0  0  0  0  0  0  0  0  3957557  0  0  0  0  0  0  0  0  0  21  0  0  0  0  0  47  0  0  0  0  0  0  0 
1441647544  0  0  0  0  0  0  0  0  0  3957557  0  0  0  0  0  0  0  0  0  21  0  0  0  0  0  47  0  0  0  0  0  0  0 
1441647545  0  0  0  0  0  0  0  0  0  3959789  0  0  0  0  0  0  0  0  0  21  0  0  0  0  0  48  0  2232  0  0  0  0  0 
1441647546  0  0  0  0  0  0  0  0  0  3959789  0  0  0  0  0  0  0  0  0  21  0  0  0  0  0  48  0  0  0  0  0  0  0 
1441647546  0  0  0  0  0  0  0  0  0  3959789  0  0  0  0  0  0  0  0  0  21  0  0  0  0  0  48  0  0  0  0  0  0  0 
1441647547  0  0  0  0  0  0  0  0  0  3959789  0  0  0  0  0  0  0  0  0  21  0  0  0  0  0  48  0  0  0  0  0  0  0 
1441647547  0  0  0  0  0  0  0  0  0  3959789  0  0  0  0  0  0  0  0  0  21  0  0  0  0  0  48  0  0  0  0  0  0  0 
1441647548  0  0  0  0  0  0  0  0  0  3959789  0  0  0  0  0  0  0  0  0  21  0  0  0  0  0  48  0  0  0  0  0  0  0 
1441647548  0  0  0  0  0  0  0  0  0  3959789  0  0  0  0  0  0  0  0  0  21  0  0  0  0  0  48  0  0  0  0  0  0  0 
1441647549  0  0  0  0  0  0  0  0  0  3959789  0  0  0  0  0  0  0  0  0  21  0  0  0  0  0  48  0  0  0  0  0  0  0 
1441647549  0  0  0  0  0  0  0  0  0  3959789  0  0  0  0  0  0  0  0  0  21  0  0  0  0  0  48  0  0  0  0  0  0  0 
1441647550  0  0  0  0  0  0  0  0  0  3959789  0  0  0  0  0  0  0  0  0  21  0  0  0  0  0  48  0  0  0  0  0  0  0 
1441647550  0  0  0  0  0  0  0  0  0  3959789  0  0  0  0  0  0  0  0  0  21  0  0  0  0  0  48  0  0  0  0  0  0  0 
1441647551  0  0  0  0  0  0  0  0  0  3959789  0  0  0  0  0  0  0  0  0  21  0  0  0  0  0  48  0  0  0  0  0  0  0 
1441647551  0  0  0  0  0  0  0  0  0  3959789  0  0  0  0  0  0  0  0  0  21  0  0  0  0  0  48  0  0  0  0  0  0  0 
1441647552  0  0  0  0  0  0  0  0  0  3959789  0  0  0  0  0  0  0  0  0  21  0  0  0  0  0  48  0  0  0  0  0  0  0 
1441647552  0  0  0  0  0  0  0  0  0  3959789  0  0  0  0  0  0  0  0  0  21  0  0  0  0  0  48  0  0  0  0  0  0  0 
1441647553  0  0  0  0  0  0  0  0  0  3959789  0  0  0  0  0  0  0  0  0  21  0  0  0  0  0  48  0  0  0  0  0  0  0 
1441647553  0  0  0  0  0  0  0  0  0  3959789  0  0  0  0  0  0  0  0  0  21  0  0  0  0  0  48  0  0  0  0  0  0  0 
1441647554  0  0  0  0  0  0  0  0  0  3959789  0  0  0  0  0  0  0  0  0  21  0  0  0  0  0  48  0  0  0  0  0  0  0 
1441647554  0  0  0  0  0  0  0  0  0  3959789  0  0  0  0  0  0  0  0  0  21  0  0  0  0  0  48  0  0  0  0  0  0  0 
1441647555  0  0  0  0  0  0  0  0  0  3959789  0  0  0  0  0  0  0  0  0  21  0  0  0  0  0  48  0  0  0  0  0  0  0 
1441647555  0  0  0  0  0  0  0  0  0  3962378  0  0  0  0  0  0  0  0  0  21  0  0  0  0  0  49  0  2589  0  0  0  0  0 
1441647556  0  0  0  0  0  0  0  0  0  3962378  0  0  0  0  0  0  0  0  0  21  0  0  0  0  0  49  0  0  0  0  0  0  0 
1441647556  0  0  0  0  0  0  0  0  0  3962378  0  0  0  0  0  0  0  0  0  21  0  0  0  0  0  49  0  0  0  0  0  0  0 
1441647557  0  0  0  0  0  0  0  0  0  3962378  0  0  0  0  0  0  0  0  0  21  0  0  0  0  0  49  0  0  0  0  0  0  0 
1441647557  0  0  0  0  0  0  0  0  0  3962378  0  0  0  0  0  0  0  0  0  21  0  0  0  0  0  49  0  0  0  0  0  0  0 
1441647558  0  0  0  0  0  0  0  0  0  3962378  0  0  0  0  0  0  0  0  0  21  0  0  0  0  0  49  0  0  0  0  0  0  0 
1441647558  0  0  0  0  0  0  0  0  0  3962378  0  0  0  0  0  0  0  0  0  21  0  0  0  0  0  49  0  0  0  0  0  0  0 
1441647559  0  0  0  0  0  0  0  0  0  3962378  0  0  0  0  0  0  0  0  0  21  0  0  0  0  0  49  0  0  0  0  0  0  0 
1441647559  0  0  0  0  0  0  0  0  0  3962378  0  0  0  0  0  0  0  0  0  21  0  0  0  0  0  49  0  0  0  0  0  0  0 
1441647560  0  0  0  0  0  0  0  0  0  3962378  0  0  0  0  0  0  0  0  0  21  0  0  0  0  0  49  0  0  0  0  0  0  0 
1441647560  0  0  0  0  0  0  0  0  0  3962378  0  0  0  0  0  0  0  0  0  21  0  0  0  0  0  49  0  0  0  0  0  0  0 
1441647561  0  0  0  0  0  0  0  0  0  3962378  0  0  0  0  0  0  0  0  0  21  0  0  0  0  0  49  0  0  0  0  0  0  0 
1441647561  0  0  0  0  0  0  0  0  0  3962378  0  0  0  0  0  0  0  0  0  21  0  0  0  0  0  49  0  0  0  0  0  0  0 
1441647562  0  0  0  0  0  0  0  0  0  3962378  0  0  0  0  0  0  0  0  0  21  0  0  0  0  0  49  0  0  0  0  0  0  0 
1441647562  0  0  0  0  0  0  0  0  0  3962378  0  0  0  0  0  0  0  0  0  21  0  0  0  0  0  49  0  0  0  0  0  0  0 
1441647563  0  0  0  0  0  0  0  0  0  3962378  0  0  0  0  0  0  0  0  0  21  0  0  0  0  0  49  0  0  0  0  0  0  0 
1441647563  0  0  0  0  0  0  0  0  0  3962378  0  0  0  0  0  0  0  0  0  21  0  0  0  0  0  49  0  0  0  0  0  0  0 
1441647564  0  0  0  0  0  0  0  0  0  3962378  0  0  0  0  0  0  0  0  0  21  0  0  0  0  0  49  0  0  0  0  0  0  0 
1441647564  0  0  0  0  0  0  0  0  0  3962378  0  0  0  0  0  0  0  0  0  21  0  0  0  0  0  49  0  0  0  0  0  0  0 
1441647565  0  0  0  0  0  0  0  0  0  3962378  0  0  0  0  0  0  0  0  0  21  0  0  0  0  0  49  0  0  0  0  0  0  0 
1441647565  0  0  0  0  0  0  0  0  0  3964897  0  0  0  0  0  0  0  0  0  21  0  0  0  0  0  50  0  2519  0  0  0  0  0 
1441647566  0  0  0  0  0  0  0  0  0  3964897  0  0  0  0  0  0  0  0  0  21  0  0  0  0  0  50  0  0  0  0  0  0  0 
1441647566  0  0  0  0  0  0  0  0  0  3964897  0  0  0  0  0  0  0  0  0  21  0  0  0  0  0  50  0  0  0  0  0  0  0 
1441647567  0  0  0  0  0  0  0  0  0  3964897  0  0  0  0  0  0  0  0  0  21  0  0  0  0  0  50  0  0  0  0  0  0  0 
1441647567  0  0  0  0  0  0  0  0  0  3964897  0  0  0  0  0  0  0  0  0  21  0  0  0  0  0  50  0  0  0  0  0  0  0 
1441647568  0  0  0  0  0  0  0  0  0  3964897  0  0  0  0  0  0  0  0  0  21  0  0  0  0  0  50  0  0  0  0  0  0  0 
1441647568  0  0  0  0  0  0  0  0  0  3964897  0  0  0  0  0  0  0  0  0  21  0  0  0  0  0  50  0  0  0  0  0  0  0 
1441647569  0  0  0  0  0  0  0  0  0  3964897  0  0  0  0  0  0  0  0  0  21  0  0  0  0  0  50  0  0  0  0  0  0  0 
1441647569  0  0  0  0  0  0  0  0  0  3964897  0  0  0  0  0  0  0  0  0  21  0  0  0  0  0  50  0  0  0  0  0  0  0 
1441647570  0  0  0  0  0  0  0  0  0  3964897  0  0  0  0  0  0  0  0  0  21  0  0  0  0  0  50  0  0  0  0  0  0  0 
1441647570  0  0  0  0  0  0  0  0  0  3964897  0  0  0  0  0  0  0  0  0  21  0  0  0  0  0  50  0  0  0  0  0  0  0 
1441647571  0  0  0  0  0  0  0  0  0  3964897  0  0  0  0  0  0  0  0  0  21  0  0  0  0  0  50  0  0  0  0  0  0  0 
1441647571  0  0  0  0  0  0  0  0  0  3964897  0  0  0  0  0  0  0  0  0  21  0  0  0  0  0  50  0  0  0  0  0  0  0 
1441647572  0  0  0  0  0  0  0  0  0  3964897  0  0  0  0  0  0  0  0  0  21  0  0  0  0  0  50  0  0  0  0  0  0  0 
1441647572  0  0  0  0  0  0  0  0  0  3964897  0  0  0  0  0  0  0  0  0  21  0  0  0  0  0  50  0  0  0  0  0  0  0 
1441647573  0  0  0  0  0  0  0  0  0  3964897  0  0  0  0  0  0  0  0  0  21  0  0  0  0  0  50  0  0  0  0  0  0  0 
1441647573  0  0  0  0  0  0  0  0  0  3964897  0  0  0  0  0  0  0  0  0  21  0  0  0  0  0  50  0  0  0  0  0  0  0 
1441647574  0  0  0  0  0  0  0  0  0  3964897  0  0  0  0  0  0  0  0  0  21  0  0  0  0  0  50  0  0  0  0  0  0  0 
1441647574  0  0  0  0  0  0  0  0  0  3964897  0  0  0  0  0  0  0  0  0  21  0  0  0  0  0  50  0  0  0  0  0  0  0 
1441647575  0  0  0  0  0  0  0  0  0  3964897  0  0  0  0  0  0  0  0  0  21  0  0  0  0  0  50  0  0  0  0  0  0  0 
1441647575  0  0  0  0  0  0  0  0  0  3964897  0  0  0  0  0  0  0  0  0  21  0  0  0  0  0  50  0  0  0  0  0  0  0 
1441647576  0  0  0  0  0  0  0  0  0  3968212  0  0  0  0  0  0  0  0  0  21  0  0  0  0  0  51  0  3315  0  0  0  0  0 
1441647576  0  0  0  0  0  0  0  0  0  3968212  0  0  0  0  0  0  0  0  0  21  0  0  0  0  0  51  0  0  0  0  0  0  0 
1441647577  0  0  0  0  0  0  0  0  0  3968212  0  0  0  0  0  0  0  0  0  21  0  0  0  0  0  51  0  0  0  0  0  0  0 
1441647577  0  0  0  0  0  0  0  0  0  3968212  0  0  0  0  0  0  0  0  0  21  0  0  0  0  0  51  0  0  0  0  0  0  0 
1441647578  0  0  0  0  0  0  0  0  0  3968212  0  0  0  0  0  0  0  0  0  21  0  0  0  0  0  51  0  0  0  0  0  0  0 
1441647578  0  0  0  0  0  0  0  0  0  3968212  0  0  0  0  0  0  0  0  0  21  0  0  0  0  0  51  0  0  0  0  0  0  0 
1441647579  0  0  0  0  0  0  0  0  0  3968212  0  0  0  0  0  0  0  0  0  21  0  0  0  0  0  51  0  0  0  0  0  0  0 
1441647579  0  0  0  0  0  0  0  0  0  3968212  0  0  0  0  0  0  0  0  0  21  0  0  0  0  0  51  0  0  0  0  0  0  0 
1441647580  0  0  0  0  0  0  0  0  0  3968212  0  0  0  0  0  0  0  0  0  21  0  0  0  0  0  51  0  0  0  0  0  0  0 
1441647580  0  0  0  0  0  0  0  0  0  3968212  0  0  0  0  0  0  0  0  0  21  0  0  0  0  0  51  0  0  0  0  0  0  0 
1441647581  0  0  0  0  0  0  0  0  0  3968212  0  0  0  0  0  0  0  0  0  21  0  0  0  0  0  51  0  0  0  0  0  0  0 
1441647582  0  0  0  0  0  0  0  0  0  3968212  0  0  0  0  0  0  0  0  0  21  0  0  0  0  0  51  0  0  0  0  0  0  0 
1441647582  0  0  0  0  0  0  0  0  0  3968212  0  0  0  0  0  0  0  0  0  21  0  0  0  0  0  51  0  0  0  0  0  0  0 
1441647583  0  0  0  0  0  0  0  0  0  3968212  0  0  0  0  0  0  0  0  0  21  0  0  0  0  0  51  0  0  0  0  0  0  0 
1441647583  0  0  0  0  0  0  0  0  0  3968212  0  0  0  0  0  0  0  0  0  21  0  0  0  0  0  51  0  0  0  0  0  0  0 
1441647584  0  0  0  0  0  0  0  0  0  3968212  0  0  0  0  0  0  0  0  0  21  0  0  0  0  0  51  0  0  0  0  0  0  0 
1441647584  0  0  0  0  0  0  0  0  0  3968212  0  0  0  0  0  0  0  0  0  21  0  0  0  0  0  51  0  0  0  0  0  0  0 
1441647585  0  0  0  0  0  0  0  0  0  3968212  0  0  0  0  0  0  0  0  0  21  0  0  0  0  0  51  0  0  0  0  0  0  0 
1441647585  0  0  0  0  0  0  0  0  0  3968212  0  0  0  0  0  0  0  0  0  21  0  0  0  0  0  51  0  0  0  0  0  0  0 
1441647586  0  0  0  0  0  0  0  0  0  4027437  0  0  0  0  0  0  0  0  0  23  0  0  0  0  0  55  0  59225  0  0  0  0  0 
1441647586  0  0  0  0  0  0  0  0  0  4060578  0  0  0  0  0  0  0  0  0  25  0  0  0  0  0  64  0  33141  0  0  0  0  0 
1441647587  0  0  0  0  0  0  0  0  0  4060578  0  0  0  0  0  0  0  0  0  25  0  0  0  0  0  64  0  0  0  0  0  0  0 
1441647587  0  0  0  0  0  0  0  0  0  4060578  0  0  0  0  0  0  0  0  0  25  0  0  0  0  0  64  0  0  0  0  0  0  0 
