#Type:X;CI:3;ww:0;ca:0;co:0;fr:0;Type:X;CI:3;PI:0;PT:EP;U0:0;U1:0;
#time  Pp  gt  gs  cn  cm  cb  Nc  Pc  cp  Tc  Nm  pr  ps  pt  px  pd  Pm  Om  fs  ft  Oc  Em  Gp  Ec  Ge  ot  os  Total_cycles_diff  Successful_get_diff  Total_get_diff  succ_put_diff  total_put_diff  get_hit  
1441647194  0  0  0  0  0  0  0  0  0  193741  0  0  0  0  0  0  0  0  0  0  0  0  0  0  0  0  0  193741  0  0  0  0  
1441647195  0  0  0  0  0  0  0  0  0  193741  0  0  0  0  0  0  0  0  0  0  0  0  0  0  0  0  0  0  0  0  0  0  0 
1441647195  0  0  0  0  0  0  0  0  0  875465  0  0  0  0  0  0  0  0  0  0  0  0  0  0  0  0  0  681724  0  0  0  0  0 
1441647196  0  0  0  0  0  0  0  0  0  1287084  0  0  0  0  0  0  0  0  0  0  0  0  0  0  0  0  0  411619  0  0  0  0  0 
1441647196  0  0  0  0  0  0  0  0  0  1573174  0  0  0  0  0  0  0  0  0  0  0  0  0  0  0  0  0  286090  0  0  0  0  0 
1441647197  0  0  0  0  0  0  0  0  0  1891858  0  0  0  0  0  0  0  0  0  0  0  0  0  0  0  0  0  318684  0  0  0  0  0 
1441647197  0  0  0  0  0  0  0  0  0  2522676  0  0  0  0  0  0  0  0  0  13  0  0  0  0  0  39  0  630818  0  0  0  0  0 
1441647198  0  0  0  0  0  0  0  0  0  3206604  0  0  0  0  0  0  0  0  0  16  0  0  0  0  0  43  0  683928  0  0  0  0  0 
1441647198  0  0  0  0  0  0  0  0  0  3206604  0  0  0  0  0  0  0  0  0  16  0  0  0  0  0  43  0  0  0  0  0  0  0 
1441647199  0  0  0  0  0  0  0  0  0  3732211  0  0  0  0  0  0  0  0  0  21  0  0  0  0  0  46  0  525607  0  0  0  0  0 
1441647199  0  0  0  0  0  0  0  0  0  3736872  0  0  0  0  0  0  0  0  0  21  0  0  0  0  0  46  0  4661  0  0  0  0  0 
1441647200  0  0  0  0  0  0  0  0  0  3736872  0  0  0  0  0  0  0  0  0  21  0  0  0  0  0  46  0  0  0  0  0  0  0 
1441647200  0  0  0  0  0  0  0  0  0  3736872  0  0  0  0  0  0  0  0  0  21  0  0  0  0  0  46  0  0  0  0  0  0  0 
1441647201  0  0  0  0  0  0  0  0  0  3736872  0  0  0  0  0  0  0  0  0  21  0  0  0  0  0  46  0  0  0  0  0  0  0 
1441647201  0  0  0  0  0  0  0  0  0  3736872  0  0  0  0  0  0  0  0  0  21  0  0  0  0  0  46  0  0  0  0  0  0  0 
1441647202  0  0  0  0  0  0  0  0  0  3736872  0  0  0  0  0  0  0  0  0  21  0  0  0  0  0  46  0  0  0  0  0  0  0 
1441647202  0  0  0  0  0  0  0  0  0  3736872  0  0  0  0  0  0  0  0  0  21  0  0  0  0  0  46  0  0  0  0  0  0  0 
1441647203  0  0  0  0  0  0  0  0  0  3736872  0  0  0  0  0  0  0  0  0  21  0  0  0  0  0  46  0  0  0  0  0  0  0 
1441647203  0  0  0  0  0  0  0  0  0  3736872  0  0  0  0  0  0  0  0  0  21  0  0  0  0  0  46  0  0  0  0  0  0  0 
1441647204  0  0  0  0  0  0  0  0  0  3736872  0  0  0  0  0  0  0  0  0  21  0  0  0  0  0  46  0  0  0  0  0  0  0 
1441647204  0  0  0  0  0  0  0  0  0  3736872  0  0  0  0  0  0  0  0  0  21  0  0  0  0  0  46  0  0  0  0  0  0  0 
1441647205  0  0  0  0  0  0  0  0  0  3736872  0  0  0  0  0  0  0  0  0  21  0  0  0  0  0  46  0  0  0  0  0  0  0 
1441647205  0  0  0  0  0  0  0  0  0  3736872  0  0  0  0  0  0  0  0  0  21  0  0  0  0  0  46  0  0  0  0  0  0  0 
1441647206  0  0  0  0  0  0  0  0  0  3736872  0  0  0  0  0  0  0  0  0  21  0  0  0  0  0  46  0  0  0  0  0  0  0 
1441647206  0  0  0  0  0  0  0  0  0  3736872  0  0  0  0  0  0  0  0  0  21  0  0  0  0  0  46  0  0  0  0  0  0  0 
1441647207  0  0  0  0  0  0  0  0  0  3736872  0  0  0  0  0  0  0  0  0  21  0  0  0  0  0  46  0  0  0  0  0  0  0 
1441647207  0  0  0  0  0  0  0  0  0  3736872  0  0  0  0  0  0  0  0  0  21  0  0  0  0  0  46  0  0  0  0  0  0  0 
1441647208  0  0  0  0  0  0  0  0  0  3736872  0  0  0  0  0  0  0  0  0  21  0  0  0  0  0  46  0  0  0  0  0  0  0 
1441647208  0  0  0  0  0  0  0  0  0  3736872  0  0  0  0  0  0  0  0  0  21  0  0  0  0  0  46  0  0  0  0  0  0  0 
1441647209  0  0  0  0  0  0  0  0  0  3736872  0  0  0  0  0  0  0  0  0  21  0  0  0  0  0  46  0  0  0  0  0  0  0 
1441647209  0  0  0  0  0  0  0  0  0  3736872  0  0  0  0  0  0  0  0  0  21  0  0  0  0  0  46  0  0  0  0  0  0  0 
1441647210  0  0  0  0  0  0  0  0  0  3736872  0  0  0  0  0  0  0  0  0  21  0  0  0  0  0  46  0  0  0  0  0  0  0 
1441647210  0  0  0  0  0  0  0  0  0  3736872  0  0  0  0  0  0  0  0  0  21  0  0  0  0  0  46  0  0  0  0  0  0  0 
1441647211  0  0  0  0  0  0  0  0  0  3736872  0  0  0  0  0  0  0  0  0  21  0  0  0  0  0  46  0  0  0  0  0  0  0 
1441647211  0  0  0  0  0  0  0  0  0  3736872  0  0  0  0  0  0  0  0  0  21  0  0  0  0  0  46  0  0  0  0  0  0  0 
1441647212  0  0  0  0  0  0  0  0  0  3736872  0  0  0  0  0  0  0  0  0  21  0  0  0  0  0  46  0  0  0  0  0  0  0 
1441647212  0  0  0  0  0  0  0  0  0  3736872  0  0  0  0  0  0  0  0  0  21  0  0  0  0  0  46  0  0  0  0  0  0  0 
1441647213  0  0  0  0  0  0  0  0  0  3736872  0  0  0  0  0  0  0  0  0  21  0  0  0  0  0  46  0  0  0  0  0  0  0 
1441647213  0  0  0  0  0  0  0  0  0  3736872  0  0  0  0  0  0  0  0  0  21  0  0  0  0  0  46  0  0  0  0  0  0  0 
1441647214  0  0  0  0  0  0  0  0  0  3736872  0  0  0  0  0  0  0  0  0  21  0  0  0  0  0  46  0  0  0  0  0  0  0 
1441647214  0  0  0  0  0  0  0  0  0  3736872  0  0  0  0  0  0  0  0  0  21  0  0  0  0  0  46  0  0  0  0  0  0  0 
1441647215  0  0  0  0  0  0  0  0  0  3736872  0  0  0  0  0  0  0  0  0  21  0  0  0  0  0  46  0  0  0  0  0  0  0 
1441647215  0  0  0  0  0  0  0  0  0  3736872  0  0  0  0  0  0  0  0  0  21  0  0  0  0  0  46  0  0  0  0  0  0  0 
1441647216  0  0  0  0  0  0  0  0  0  3736872  0  0  0  0  0  0  0  0  0  21  0  0  0  0  0  46  0  0  0  0  0  0  0 
1441647216  0  0  0  0  0  0  0  0  0  3736872  0  0  0  0  0  0  0  0  0  21  0  0  0  0  0  46  0  0  0  0  0  0  0 
1441647217  0  0  0  0  0  0  0  0  0  3736872  0  0  0  0  0  0  0  0  0  21  0  0  0  0  0  46  0  0  0  0  0  0  0 
1441647217  0  0  0  0  0  0  0  0  0  3736872  0  0  0  0  0  0  0  0  0  21  0  0  0  0  0  46  0  0  0  0  0  0  0 
1441647218  0  0  0  0  0  0  0  0  0  3736872  0  0  0  0  0  0  0  0  0  21  0  0  0  0  0  46  0  0  0  0  0  0  0 
1441647218  0  0  0  0  0  0  0  0  0  3736872  0  0  0  0  0  0  0  0  0  21  0  0  0  0  0  46  0  0  0  0  0  0  0 
1441647219  0  0  0  0  0  0  0  0  0  3736872  0  0  0  0  0  0  0  0  0  21  0  0  0  0  0  46  0  0  0  0  0  0  0 
1441647219  0  0  0  0  0  0  0  0  0  3736872  0  0  0  0  0  0  0  0  0  21  0  0  0  0  0  46  0  0  0  0  0  0  0 
1441647220  0  0  0  0  0  0  0  0  0  3736872  0  0  0  0  0  0  0  0  0  21  0  0  0  0  0  46  0  0  0  0  0  0  0 
1441647221  0  0  0  0  0  0  0  0  0  3736872  0  0  0  0  0  0  0  0  0  21  0  0  0  0  0  46  0  0  0  0  0  0  0 
1441647221  0  0  0  0  0  0  0  0  0  3736872  0  0  0  0  0  0  0  0  0  21  0  0  0  0  0  46  0  0  0  0  0  0  0 
1441647222  0  0  0  0  0  0  0  0  0  3736872  0  0  0  0  0  0  0  0  0  21  0  0  0  0  0  46  0  0  0  0  0  0  0 
1441647222  0  0  0  0  0  0  0  0  0  3736872  0  0  0  0  0  0  0  0  0  21  0  0  0  0  0  46  0  0  0  0  0  0  0 
1441647223  0  0  0  0  0  0  0  0  0  3736872  0  0  0  0  0  0  0  0  0  21  0  0  0  0  0  46  0  0  0  0  0  0  0 
1441647223  0  0  0  0  0  0  0  0  0  3736872  0  0  0  0  0  0  0  0  0  21  0  0  0  0  0  46  0  0  0  0  0  0  0 
1441647224  0  0  0  0  0  0  0  0  0  3736872  0  0  0  0  0  0  0  0  0  21  0  0  0  0  0  46  0  0  0  0  0  0  0 
1441647224  0  0  0  0  0  0  0  0  0  3736872  0  0  0  0  0  0  0  0  0  21  0  0  0  0  0  46  0  0  0  0  0  0  0 
1441647225  0  0  0  0  0  0  0  0  0  3736872  0  0  0  0  0  0  0  0  0  21  0  0  0  0  0  46  0  0  0  0  0  0  0 
1441647225  0  0  0  0  0  0  0  0  0  3736872  0  0  0  0  0  0  0  0  0  21  0  0  0  0  0  46  0  0  0  0  0  0  0 
1441647226  0  0  0  0  0  0  0  0  0  3736872  0  0  0  0  0  0  0  0  0  21  0  0  0  0  0  46  0  0  0  0  0  0  0 
1441647226  0  0  0  0  0  0  0  0  0  3736872  0  0  0  0  0  0  0  0  0  21  0  0  0  0  0  46  0  0  0  0  0  0  0 
1441647227  0  0  0  0  0  0  0  0  0  3736872  0  0  0  0  0  0  0  0  0  21  0  0  0  0  0  46  0  0  0  0  0  0  0 
1441647227  0  0  0  0  0  0  0  0  0  3736872  0  0  0  0  0  0  0  0  0  21  0  0  0  0  0  46  0  0  0  0  0  0  0 
1441647228  0  0  0  0  0  0  0  0  0  3736872  0  0  0  0  0  0  0  0  0  21  0  0  0  0  0  46  0  0  0  0  0  0  0 
1441647228  0  0  0  0  0  0  0  0  0  3736872  0  0  0  0  0  0  0  0  0  21  0  0  0  0  0  46  0  0  0  0  0  0  0 
1441647229  0  0  0  0  0  0  0  0  0  3736872  0  0  0  0  0  0  0  0  0  21  0  0  0  0  0  46  0  0  0  0  0  0  0 
1441647229  0  0  0  0  0  0  0  0  0  3736872  0  0  0  0  0  0  0  0  0  21  0  0  0  0  0  46  0  0  0  0  0  0  0 
1441647230  0  0  0  0  0  0  0  0  0  3736872  0  0  0  0  0  0  0  0  0  21  0  0  0  0  0  46  0  0  0  0  0  0  0 
1441647230  0  0  0  0  0  0  0  0  0  3736872  0  0  0  0  0  0  0  0  0  21  0  0  0  0  0  46  0  0  0  0  0  0  0 
1441647231  0  0  0  0  0  0  0  0  0  3736872  0  0  0  0  0  0  0  0  0  21  0  0  0  0  0  46  0  0  0  0  0  0  0 
1441647231  0  0  0  0  0  0  0  0  0  3736872  0  0  0  0  0  0  0  0  0  21  0  0  0  0  0  46  0  0  0  0  0  0  0 
1441647232  0  0  0  0  0  0  0  0  0  3736872  0  0  0  0  0  0  0  0  0  21  0  0  0  0  0  46  0  0  0  0  0  0  0 
1441647232  0  0  0  0  0  0  0  0  0  3736872  0  0  0  0  0  0  0  0  0  21  0  0  0  0  0  46  0  0  0  0  0  0  0 
1441647233  0  0  0  0  0  0  0  0  0  3736872  0  0  0  0  0  0  0  0  0  21  0  0  0  0  0  46  0  0  0  0  0  0  0 
1441647233  0  0  0  0  0  0  0  0  0  3736872  0  0  0  0  0  0  0  0  0  21  0  0  0  0  0  46  0  0  0  0  0  0  0 
1441647234  0  0  0  0  0  0  0  0  0  3736872  0  0  0  0  0  0  0  0  0  21  0  0  0  0  0  46  0  0  0  0  0  0  0 
1441647234  0  0  0  0  0  0  0  0  0  3736872  0  0  0  0  0  0  0  0  0  21  0  0  0  0  0  46  0  0  0  0  0  0  0 
1441647235  0  0  0  0  0  0  0  0  0  3736872  0  0  0  0  0  0  0  0  0  21  0  0  0  0  0  46  0  0  0  0  0  0  0 
1441647235  0  0  0  0  0  0  0  0  0  3736872  0  0  0  0  0  0  0  0  0  21  0  0  0  0  0  46  0  0  0  0  0  0  0 
1441647236  0  0  0  0  0  0  0  0  0  3736872  0  0  0  0  0  0  0  0  0  21  0  0  0  0  0  46  0  0  0  0  0  0  0 
1441647236  0  0  0  0  0  0  0  0  0  3736872  0  0  0  0  0  0  0  0  0  21  0  0  0  0  0  46  0  0  0  0  0  0  0 
1441647237  0  0  0  0  0  0  0  0  0  3736872  0  0  0  0  0  0  0  0  0  21  0  0  0  0  0  46  0  0  0  0  0  0  0 
1441647237  0  0  0  0  0  0  0  0  0  3736872  0  0  0  0  0  0  0  0  0  21  0  0  0  0  0  46  0  0  0  0  0  0  0 
1441647238  0  0  0  0  0  0  0  0  0  3736872  0  0  0  0  0  0  0  0  0  21  0  0  0  0  0  46  0  0  0  0  0  0  0 
1441647238  0  0  0  0  0  0  0  0  0  3736872  0  0  0  0  0  0  0  0  0  21  0  0  0  0  0  46  0  0  0  0  0  0  0 
1441647239  0  0  0  0  0  0  0  0  0  3736872  0  0  0  0  0  0  0  0  0  21  0  0  0  0  0  46  0  0  0  0  0  0  0 
1441647239  0  0  0  0  0  0  0  0  0  3736872  0  0  0  0  0  0  0  0  0  21  0  0  0  0  0  46  0  0  0  0  0  0  0 
1441647240  0  0  0  0  0  0  0  0  0  3736872  0  0  0  0  0  0  0  0  0  21  0  0  0  0  0  46  0  0  0  0  0  0  0 
1441647240  0  0  0  0  0  0  0  0  0  3736872  0  0  0  0  0  0  0  0  0  21  0  0  0  0  0  46  0  0  0  0  0  0  0 
1441647241  0  0  0  0  0  0  0  0  0  3736872  0  0  0  0  0  0  0  0  0  21  0  0  0  0  0  46  0  0  0  0  0  0  0 
1441647241  0  0  0  0  0  0  0  0  0  3736872  0  0  0  0  0  0  0  0  0  21  0  0  0  0  0  46  0  0  0  0  0  0  0 
1441647242  0  0  0  0  0  0  0  0  0  3736872  0  0  0  0  0  0  0  0  0  21  0  0  0  0  0  46  0  0  0  0  0  0  0 
1441647242  0  0  0  0  0  0  0  0  0  3736872  0  0  0  0  0  0  0  0  0  21  0  0  0  0  0  46  0  0  0  0  0  0  0 
1441647243  0  0  0  0  0  0  0  0  0  3736872  0  0  0  0  0  0  0  0  0  21  0  0  0  0  0  46  0  0  0  0  0  0  0 
1441647243  0  0  0  0  0  0  0  0  0  3736872  0  0  0  0  0  0  0  0  0  21  0  0  0  0  0  46  0  0  0  0  0  0  0 
1441647244  0  0  0  0  0  0  0  0  0  3736872  0  0  0  0  0  0  0  0  0  21  0  0  0  0  0  46  0  0  0  0  0  0  0 
1441647244  0  0  0  0  0  0  0  0  0  3736872  0  0  0  0  0  0  0  0  0  21  0  0  0  0  0  46  0  0  0  0  0  0  0 
1441647245  0  0  0  0  0  0  0  0  0  3736872  0  0  0  0  0  0  0  0  0  21  0  0  0  0  0  46  0  0  0  0  0  0  0 
1441647245  0  0  0  0  0  0  0  0  0  3736872  0  0  0  0  0  0  0  0  0  21  0  0  0  0  0  46  0  0  0  0  0  0  0 
1441647246  0  0  0  0  0  0  0  0  0  3736872  0  0  0  0  0  0  0  0  0  21  0  0  0  0  0  46  0  0  0  0  0  0  0 
1441647246  0  0  0  0  0  0  0  0  0  3736872  0  0  0  0  0  0  0  0  0  21  0  0  0  0  0  46  0  0  0  0  0  0  0 
1441647247  0  0  0  0  0  0  0  0  0  3736872  0  0  0  0  0  0  0  0  0  21  0  0  0  0  0  46  0  0  0  0  0  0  0 
1441647247  0  0  0  0  0  0  0  0  0  3736872  0  0  0  0  0  0  0  0  0  21  0  0  0  0  0  46  0  0  0  0  0  0  0 
1441647248  0  0  0  0  0  0  0  0  0  3736872  0  0  0  0  0  0  0  0  0  21  0  0  0  0  0  46  0  0  0  0  0  0  0 
1441647248  0  0  0  0  0  0  0  0  0  3736872  0  0  0  0  0  0  0  0  0  21  0  0  0  0  0  46  0  0  0  0  0  0  0 
1441647249  0  0  0  0  0  0  0  0  0  3736872  0  0  0  0  0  0  0  0  0  21  0  0  0  0  0  46  0  0  0  0  0  0  0 
1441647249  0  0  0  0  0  0  0  0  0  3736872  0  0  0  0  0  0  0  0  0  21  0  0  0  0  0  46  0  0  0  0  0  0  0 
1441647250  0  0  0  0  0  0  0  0  0  3736872  0  0  0  0  0  0  0  0  0  21  0  0  0  0  0  46  0  0  0  0  0  0  0 
1441647250  0  0  0  0  0  0  0  0  0  3736872  0  0  0  0  0  0  0  0  0  21  0  0  0  0  0  46  0  0  0  0  0  0  0 
1441647251  0  0  0  0  0  0  0  0  0  3736872  0  0  0  0  0  0  0  0  0  21  0  0  0  0  0  46  0  0  0  0  0  0  0 
1441647252  0  0  0  0  0  0  0  0  0  3745601  0  0  0  0  0  0  0  0  0  21  0  0  0  0  0  47  0  8729  0  0  0  0  0 
1441647252  0  0  0  0  0  0  0  0  0  3745601  0  0  0  0  0  0  0  0  0  21  0  0  0  0  0  47  0  0  0  0  0  0  0 
1441647253  0  0  0  0  0  0  0  0  0  3745601  0  0  0  0  0  0  0  0  0  21  0  0  0  0  0  47  0  0  0  0  0  0  0 
1441647253  0  0  0  0  0  0  0  0  0  3745601  0  0  0  0  0  0  0  0  0  21  0  0  0  0  0  47  0  0  0  0  0  0  0 
1441647254  0  0  0  0  0  0  0  0  0  3745601  0  0  0  0  0  0  0  0  0  21  0  0  0  0  0  47  0  0  0  0  0  0  0 
1441647254  0  0  0  0  0  0  0  0  0  3745601  0  0  0  0  0  0  0  0  0  21  0  0  0  0  0  47  0  0  0  0  0  0  0 
1441647255  0  0  0  0  0  0  0  0  0  3745601  0  0  0  0  0  0  0  0  0  21  0  0  0  0  0  47  0  0  0  0  0  0  0 
1441647255  0  0  0  0  0  0  0  0  0  3745601  0  0  0  0  0  0  0  0  0  21  0  0  0  0  0  47  0  0  0  0  0  0  0 
1441647256  0  0  0  0  0  0  0  0  0  3745601  0  0  0  0  0  0  0  0  0  21  0  0  0  0  0  47  0  0  0  0  0  0  0 
1441647256  0  0  0  0  0  0  0  0  0  3745601  0  0  0  0  0  0  0  0  0  21  0  0  0  0  0  47  0  0  0  0  0  0  0 
1441647257  0  0  0  0  0  0  0  0  0  3745601  0  0  0  0  0  0  0  0  0  21  0  0  0  0  0  47  0  0  0  0  0  0  0 
1441647257  0  0  0  0  0  0  0  0  0  3745601  0  0  0  0  0  0  0  0  0  21  0  0  0  0  0  47  0  0  0  0  0  0  0 
1441647258  0  0  0  0  0  0  0  0  0  3745601  0  0  0  0  0  0  0  0  0  21  0  0  0  0  0  47  0  0  0  0  0  0  0 
1441647258  0  0  0  0  0  0  0  0  0  3745601  0  0  0  0  0  0  0  0  0  21  0  0  0  0  0  47  0  0  0  0  0  0  0 
1441647259  0  0  0  0  0  0  0  0  0  3745601  0  0  0  0  0  0  0  0  0  21  0  0  0  0  0  47  0  0  0  0  0  0  0 
1441647259  0  0  0  0  0  0  0  0  0  3745601  0  0  0  0  0  0  0  0  0  21  0  0  0  0  0  47  0  0  0  0  0  0  0 
1441647260  0  0  0  0  0  0  0  0  0  3745601  0  0  0  0  0  0  0  0  0  21  0  0  0  0  0  47  0  0  0  0  0  0  0 
1441647260  0  0  0  0  0  0  0  0  0  3745601  0  0  0  0  0  0  0  0  0  21  0  0  0  0  0  47  0  0  0  0  0  0  0 
1441647261  0  0  0  0  0  0  0  0  0  3745601  0  0  0  0  0  0  0  0  0  21  0  0  0  0  0  47  0  0  0  0  0  0  0 
1441647261  0  0  0  0  0  0  0  0  0  3745601  0  0  0  0  0  0  0  0  0  21  0  0  0  0  0  47  0  0  0  0  0  0  0 
1441647262  0  0  0  0  0  0  0  0  0  3748163  0  0  0  0  0  0  0  0  0  21  0  0  0  0  0  48  0  2562  0  0  0  0  0 
1441647262  0  0  0  0  0  0  0  0  0  3748163  0  0  0  0  0  0  0  0  0  21  0  0  0  0  0  48  0  0  0  0  0  0  0 
1441647263  0  0  0  0  0  0  0  0  0  3748163  0  0  0  0  0  0  0  0  0  21  0  0  0  0  0  48  0  0  0  0  0  0  0 
1441647263  0  0  0  0  0  0  0  0  0  3748163  0  0  0  0  0  0  0  0  0  21  0  0  0  0  0  48  0  0  0  0  0  0  0 
1441647264  0  0  0  0  0  0  0  0  0  3748163  0  0  0  0  0  0  0  0  0  21  0  0  0  0  0  48  0  0  0  0  0  0  0 
1441647264  0  0  0  0  0  0  0  0  0  3748163  0  0  0  0  0  0  0  0  0  21  0  0  0  0  0  48  0  0  0  0  0  0  0 
1441647265  0  0  0  0  0  0  0  0  0  3748163  0  0  0  0  0  0  0  0  0  21  0  0  0  0  0  48  0  0  0  0  0  0  0 
1441647265  0  0  0  0  0  0  0  0  0  3748163  0  0  0  0  0  0  0  0  0  21  0  0  0  0  0  48  0  0  0  0  0  0  0 
1441647266  0  0  0  0  0  0  0  0  0  3748163  0  0  0  0  0  0  0  0  0  21  0  0  0  0  0  48  0  0  0  0  0  0  0 
1441647266  0  0  0  0  0  0  0  0  0  3748163  0  0  0  0  0  0  0  0  0  21  0  0  0  0  0  48  0  0  0  0  0  0  0 
1441647267  0  0  0  0  0  0  0  0  0  3748163  0  0  0  0  0  0  0  0  0  21  0  0  0  0  0  48  0  0  0  0  0  0  0 
1441647267  0  0  0  0  0  0  0  0  0  3748163  0  0  0  0  0  0  0  0  0  21  0  0  0  0  0  48  0  0  0  0  0  0  0 
1441647268  0  0  0  0  0  0  0  0  0  3748163  0  0  0  0  0  0  0  0  0  21  0  0  0  0  0  48  0  0  0  0  0  0  0 
1441647268  0  0  0  0  0  0  0  0  0  3748163  0  0  0  0  0  0  0  0  0  21  0  0  0  0  0  48  0  0  0  0  0  0  0 
1441647269  0  0  0  0  0  0  0  0  0  3748163  0  0  0  0  0  0  0  0  0  21  0  0  0  0  0  48  0  0  0  0  0  0  0 
1441647269  0  0  0  0  0  0  0  0  0  3748163  0  0  0  0  0  0  0  0  0  21  0  0  0  0  0  48  0  0  0  0  0  0  0 
1441647270  0  0  0  0  0  0  0  0  0  3748163  0  0  0  0  0  0  0  0  0  21  0  0  0  0  0  48  0  0  0  0  0  0  0 
1441647270  0  0  0  0  0  0  0  0  0  3748163  0  0  0  0  0  0  0  0  0  21  0  0  0  0  0  48  0  0  0  0  0  0  0 
1441647271  0  0  0  0  0  0  0  0  0  3748163  0  0  0  0  0  0  0  0  0  21  0  0  0  0  0  48  0  0  0  0  0  0  0 
1441647271  0  0  0  0  0  0  0  0  0  3748163  0  0  0  0  0  0  0  0  0  21  0  0  0  0  0  48  0  0  0  0  0  0  0 
1441647272  0  0  0  0  0  0  0  0  0  3750849  0  0  0  0  0  0  0  0  0  21  0  0  0  0  0  49  0  2686  0  0  0  0  0 
1441647272  0  0  0  0  0  0  0  0  0  3750849  0  0  0  0  0  0  0  0  0  21  0  0  0  0  0  49  0  0  0  0  0  0  0 
1441647273  0  0  0  0  0  0  0  0  0  3750849  0  0  0  0  0  0  0  0  0  21  0  0  0  0  0  49  0  0  0  0  0  0  0 
1441647273  0  0  0  0  0  0  0  0  0  3750849  0  0  0  0  0  0  0  0  0  21  0  0  0  0  0  49  0  0  0  0  0  0  0 
1441647274  0  0  0  0  0  0  0  0  0  3750849  0  0  0  0  0  0  0  0  0  21  0  0  0  0  0  49  0  0  0  0  0  0  0 
1441647274  0  0  0  0  0  0  0  0  0  3750849  0  0  0  0  0  0  0  0  0  21  0  0  0  0  0  49  0  0  0  0  0  0  0 
1441647275  0  0  0  0  0  0  0  0  0  3750849  0  0  0  0  0  0  0  0  0  21  0  0  0  0  0  49  0  0  0  0  0  0  0 
1441647275  0  0  0  0  0  0  0  0  0  3750849  0  0  0  0  0  0  0  0  0  21  0  0  0  0  0  49  0  0  0  0  0  0  0 
1441647276  0  0  0  0  0  0  0  0  0  3750849  0  0  0  0  0  0  0  0  0  21  0  0  0  0  0  49  0  0  0  0  0  0  0 
1441647276  0  0  0  0  0  0  0  0  0  3750849  0  0  0  0  0  0  0  0  0  21  0  0  0  0  0  49  0  0  0  0  0  0  0 
1441647277  0  0  0  0  0  0  0  0  0  3750849  0  0  0  0  0  0  0  0  0  21  0  0  0  0  0  49  0  0  0  0  0  0  0 
1441647277  0  0  0  0  0  0  0  0  0  3750849  0  0  0  0  0  0  0  0  0  21  0  0  0  0  0  49  0  0  0  0  0  0  0 
1441647278  0  0  0  0  0  0  0  0  0  3750849  0  0  0  0  0  0  0  0  0  21  0  0  0  0  0  49  0  0  0  0  0  0  0 
1441647278  0  0  0  0  0  0  0  0  0  3750849  0  0  0  0  0  0  0  0  0  21  0  0  0  0  0  49  0  0  0  0  0  0  0 
1441647279  0  0  0  0  0  0  0  0  0  3750849  0  0  0  0  0  0  0  0  0  21  0  0  0  0  0  49  0  0  0  0  0  0  0 
1441647279  0  0  0  0  0  0  0  0  0  3750849  0  0  0  0  0  0  0  0  0  21  0  0  0  0  0  49  0  0  0  0  0  0  0 
1441647280  0  0  0  0  0  0  0  0  0  3750849  0  0  0  0  0  0  0  0  0  21  0  0  0  0  0  49  0  0  0  0  0  0  0 
1441647280  0  0  0  0  0  0  0  0  0  3750849  0  0  0  0  0  0  0  0  0  21  0  0  0  0  0  49  0  0  0  0  0  0  0 
1441647281  0  0  0  0  0  0  0  0  0  3750849  0  0  0  0  0  0  0  0  0  21  0  0  0  0  0  49  0  0  0  0  0  0  0 
1441647281  0  0  0  0  0  0  0  0  0  3753408  0  0  0  0  0  0  0  0  0  21  0  0  0  0  0  50  0  2559  0  0  0  0  0 
1441647282  0  0  0  0  0  0  0  0  0  3753408  0  0  0  0  0  0  0  0  0  21  0  0  0  0  0  50  0  0  0  0  0  0  0 
1441647282  0  0  0  0  0  0  0  0  0  3753408  0  0  0  0  0  0  0  0  0  21  0  0  0  0  0  50  0  0  0  0  0  0  0 
1441647283  0  0  0  0  0  0  0  0  0  3753408  0  0  0  0  0  0  0  0  0  21  0  0  0  0  0  50  0  0  0  0  0  0  0 
1441647283  0  0  0  0  0  0  0  0  0  3753408  0  0  0  0  0  0  0  0  0  21  0  0  0  0  0  50  0  0  0  0  0  0  0 
1441647284  0  0  0  0  0  0  0  0  0  3753408  0  0  0  0  0  0  0  0  0  21  0  0  0  0  0  50  0  0  0  0  0  0  0 
1441647284  0  0  0  0  0  0  0  0  0  3753408  0  0  0  0  0  0  0  0  0  21  0  0  0  0  0  50  0  0  0  0  0  0  0 
1441647285  0  0  0  0  0  0  0  0  0  3753408  0  0  0  0  0  0  0  0  0  21  0  0  0  0  0  50  0  0  0  0  0  0  0 
1441647286  0  0  0  0  0  0  0  0  0  3753408  0  0  0  0  0  0  0  0  0  21  0  0  0  0  0  50  0  0  0  0  0  0  0 
1441647286  0  0  0  0  0  0  0  0  0  3753408  0  0  0  0  0  0  0  0  0  21  0  0  0  0  0  50  0  0  0  0  0  0  0 
1441647287  0  0  0  0  0  0  0  0  0  3753408  0  0  0  0  0  0  0  0  0  21  0  0  0  0  0  50  0  0  0  0  0  0  0 
1441647287  0  0  0  0  0  0  0  0  0  3753408  0  0  0  0  0  0  0  0  0  21  0  0  0  0  0  50  0  0  0  0  0  0  0 
1441647288  0  0  0  0  0  0  0  0  0  3753408  0  0  0  0  0  0  0  0  0  21  0  0  0  0  0  50  0  0  0  0  0  0  0 
1441647288  0  0  0  0  0  0  0  0  0  3753408  0  0  0  0  0  0  0  0  0  21  0  0  0  0  0  50  0  0  0  0  0  0  0 
1441647289  0  0  0  0  0  0  0  0  0  3753408  0  0  0  0  0  0  0  0  0  21  0  0  0  0  0  50  0  0  0  0  0  0  0 
1441647289  0  0  0  0  0  0  0  0  0  3753408  0  0  0  0  0  0  0  0  0  21  0  0  0  0  0  50  0  0  0  0  0  0  0 
1441647290  0  0  0  0  0  0  0  0  0  3753408  0  0  0  0  0  0  0  0  0  21  0  0  0  0  0  50  0  0  0  0  0  0  0 
1441647290  0  0  0  0  0  0  0  0  0  3753408  0  0  0  0  0  0  0  0  0  21  0  0  0  0  0  50  0  0  0  0  0  0  0 
1441647291  0  0  0  0  0  0  0  0  0  3753408  0  0  0  0  0  0  0  0  0  21  0  0  0  0  0  50  0  0  0  0  0  0  0 
1441647291  0  0  0  0  0  0  0  0  0  3753408  0  0  0  0  0  0  0  0  0  21  0  0  0  0  0  50  0  0  0  0  0  0  0 
1441647292  0  0  0  0  0  0  0  0  0  3753408  0  0  0  0  0  0  0  0  0  21  0  0  0  0  0  50  0  0  0  0  0  0  0 
1441647292  0  0  0  0  0  0  0  0  0  3756094  0  0  0  0  0  0  0  0  0  21  0  0  0  0  0  51  0  2686  0  0  0  0  0 
1441647293  0  0  0  0  0  0  0  0  0  3756094  0  0  0  0  0  0  0  0  0  21  0  0  0  0  0  51  0  0  0  0  0  0  0 
1441647293  0  0  0  0  0  0  0  0  0  3756094  0  0  0  0  0  0  0  0  0  21  0  0  0  0  0  51  0  0  0  0  0  0  0 
1441647294  0  0  0  0  0  0  0  0  0  3756094  0  0  0  0  0  0  0  0  0  21  0  0  0  0  0  51  0  0  0  0  0  0  0 
1441647294  0  0  0  0  0  0  0  0  0  3756094  0  0  0  0  0  0  0  0  0  21  0  0  0  0  0  51  0  0  0  0  0  0  0 
1441647295  0  0  0  0  0  0  0  0  0  3756094  0  0  0  0  0  0  0  0  0  21  0  0  0  0  0  51  0  0  0  0  0  0  0 
1441647295  0  0  0  0  0  0  0  0  0  3756094  0  0  0  0  0  0  0  0  0  21  0  0  0  0  0  51  0  0  0  0  0  0  0 
1441647296  0  0  0  0  0  0  0  0  0  3756094  0  0  0  0  0  0  0  0  0  21  0  0  0  0  0  51  0  0  0  0  0  0  0 
1441647296  0  0  0  0  0  0  0  0  0  3756094  0  0  0  0  0  0  0  0  0  21  0  0  0  0  0  51  0  0  0  0  0  0  0 
1441647297  0  0  0  0  0  0  0  0  0  3756094  0  0  0  0  0  0  0  0  0  21  0  0  0  0  0  51  0  0  0  0  0  0  0 
1441647297  0  0  0  0  0  0  0  0  0  3756094  0  0  0  0  0  0  0  0  0  21  0  0  0  0  0  51  0  0  0  0  0  0  0 
1441647298  0  0  0  0  0  0  0  0  0  3756094  0  0  0  0  0  0  0  0  0  21  0  0  0  0  0  51  0  0  0  0  0  0  0 
1441647298  0  0  0  0  0  0  0  0  0  3756094  0  0  0  0  0  0  0  0  0  21  0  0  0  0  0  51  0  0  0  0  0  0  0 
1441647299  0  0  0  0  0  0  0  0  0  3756094  0  0  0  0  0  0  0  0  0  21  0  0  0  0  0  51  0  0  0  0  0  0  0 
1441647299  0  0  0  0  0  0  0  0  0  3756094  0  0  0  0  0  0  0  0  0  21  0  0  0  0  0  51  0  0  0  0  0  0  0 
1441647300  0  0  0  0  0  0  0  0  0  3756094  0  0  0  0  0  0  0  0  0  21  0  0  0  0  0  51  0  0  0  0  0  0  0 
1441647300  0  0  0  0  0  0  0  0  0  3756094  0  0  0  0  0  0  0  0  0  21  0  0  0  0  0  51  0  0  0  0  0  0  0 
1441647301  0  0  0  0  0  0  0  0  0  3756094  0  0  0  0  0  0  0  0  0  21  0  0  0  0  0  51  0  0  0  0  0  0  0 
1441647301  0  0  0  0  0  0  0  0  0  3756094  0  0  0  0  0  0  0  0  0  21  0  0  0  0  0  51  0  0  0  0  0  0  0 
1441647302  0  0  0  0  0  0  0  0  0  3756094  0  0  0  0  0  0  0  0  0  21  0  0  0  0  0  51  0  0  0  0  0  0  0 
1441647302  0  0  0  0  0  0  0  0  0  3832865  0  0  0  0  0  0  0  0  0  25  0  0  0  0  0  64  0  76771  0  0  0  0  0 
1441647303  0  0  0  0  0  0  0  0  0  3843994  0  0  0  0  0  0  0  0  0  25  0  0  0  0  0  64  0  11129  0  0  0  0  0 
1441647303  0  0  0  0  0  0  0  0  0  3843994  0  0  0  0  0  0  0  0  0  25  0  0  0  0  0  64  0  0  0  0  0  0  0 
1441647304  0  0  0  0  0  0  0  0  0  3843994  0  0  0  0  0  0  0  0  0  25  0  0  0  0  0  64  0  0  0  0  0  0  0 
