#type:T;
#time  gt  cn  Pt  Px  gx  cx  gn  gm  Pn  Pm  Ft  cm  pt  Fx  px  ct  pn  Fm  Fn  pm  dn  On  Om  dm  dx  Ox  dt  Ot  Gt  Cn  Cm  Gx  Cx  Gn  Gm  Ct  
1441339870  0  0  0  0  0  0  0  2147483647  0  2147483647  0  2147483647  0  0  0  0  0  2147483647  0  2147483647  0  0  2147483647  2147483647  0  0  0  0  0  0  2147483647  0  0  0  2147483647  0  
1441339871  0  0  0  0  0  0  0  2147483647  0  2147483647  0  2147483647  0  0  0  0  0  2147483647  0  2147483647  0  0  2147483647  2147483647  0  0  0  0  0  0  2147483647  0  0  0  2147483647  0  
1441339871  0  0  0  0  0  0  0  2147483647  0  2147483647  0  2147483647  0  0  0  0  0  2147483647  0  2147483647  0  0  2147483647  2147483647  0  0  0  0  0  0  2147483647  0  0  0  2147483647  0  
1441339872  0  0  0  0  0  0  0  2147483647  0  2147483647  0  2147483647  0  0  0  0  0  2147483647  0  2147483647  0  0  2147483647  2147483647  0  0  0  0  0  0  2147483647  0  0  0  2147483647  0  
1441339872  0  0  0  0  0  0  0  2147483647  0  2147483647  0  2147483647  0  0  0  0  0  2147483647  0  2147483647  0  0  2147483647  2147483647  0  0  0  0  0  0  2147483647  0  0  0  2147483647  0  
1441339873  0  0  0  0  0  0  0  2147483647  0  2147483647  0  2147483647  0  0  0  0  0  2147483647  0  2147483647  0  0  2147483647  2147483647  0  0  0  0  0  0  2147483647  0  0  0  2147483647  0  
1441339873  0  0  0  0  0  0  0  2147483647  0  2147483647  0  2147483647  0  0  0  0  0  2147483647  0  2147483647  0  0  2147483647  2147483647  0  0  0  0  0  0  2147483647  0  0  0  2147483647  0  
1441339874  0  0  0  0  0  0  0  2147483647  0  2147483647  0  2147483647  0  0  0  0  0  2147483647  0  2147483647  0  0  2147483647  2147483647  0  0  0  0  0  0  2147483647  0  0  0  2147483647  0  
1441339874  0  0  0  0  0  0  0  2147483647  0  2147483647  0  2147483647  0  0  0  0  0  2147483647  0  2147483647  0  0  2147483647  2147483647  0  0  0  0  0  0  2147483647  0  0  0  2147483647  0  
1441339875  0  0  0  0  0  0  0  2147483647  0  2147483647  0  2147483647  0  0  0  0  0  2147483647  0  2147483647  0  0  2147483647  2147483647  0  0  0  0  0  0  2147483647  0  0  0  2147483647  0  
1441339875  0  0  0  0  0  0  0  2147483647  0  2147483647  0  2147483647  0  0  0  0  0  2147483647  0  2147483647  0  0  2147483647  2147483647  0  0  0  0  0  0  2147483647  0  0  0  2147483647  0  
1441339876  0  0  0  0  0  0  0  2147483647  0  2147483647  0  2147483647  0  0  0  0  0  2147483647  0  2147483647  0  0  2147483647  2147483647  0  0  0  0  0  0  2147483647  0  0  0  2147483647  0  
1441339876  0  0  0  0  0  0  0  2147483647  0  2147483647  0  2147483647  0  0  0  0  0  2147483647  0  2147483647  0  0  2147483647  2147483647  0  0  0  0  0  0  2147483647  0  0  0  2147483647  0  
1441339877  0  0  0  0  0  0  0  2147483647  0  2147483647  0  2147483647  0  0  0  0  0  2147483647  0  2147483647  0  0  2147483647  2147483647  0  0  0  0  0  0  2147483647  0  0  0  2147483647  0  
1441339877  0  0  0  0  0  0  0  2147483647  0  2147483647  0  2147483647  0  0  0  0  0  2147483647  0  2147483647  0  0  2147483647  2147483647  0  0  0  0  0  0  2147483647  0  0  0  2147483647  0  
1441339878  0  0  0  0  0  0  0  2147483647  0  2147483647  0  2147483647  0  0  0  0  0  2147483647  0  2147483647  0  0  2147483647  2147483647  0  0  0  0  0  0  2147483647  0  0  0  2147483647  0  
1441339878  0  0  0  0  0  0  0  2147483647  0  2147483647  0  2147483647  0  0  0  0  0  2147483647  0  2147483647  0  0  2147483647  2147483647  0  0  0  0  0  0  2147483647  0  0  0  2147483647  0  
1441339879  0  0  0  0  0  0  0  2147483647  0  2147483647  0  2147483647  0  0  0  0  0  2147483647  0  2147483647  0  0  2147483647  2147483647  0  0  0  0  0  0  2147483647  0  0  0  2147483647  0  
1441339879  0  0  0  0  0  0  0  2147483647  0  2147483647  0  2147483647  0  0  0  0  0  2147483647  0  2147483647  0  0  2147483647  2147483647  0  0  0  0  0  0  2147483647  0  0  0  2147483647  0  
1441339880  0  0  0  0  0  0  0  2147483647  0  2147483647  0  2147483647  0  0  0  0  0  2147483647  0  2147483647  0  0  2147483647  2147483647  0  0  0  0  0  0  2147483647  0  0  0  2147483647  0  
1441339880  0  0  0  0  0  0  0  2147483647  0  2147483647  0  2147483647  0  0  0  0  0  2147483647  0  2147483647  0  0  2147483647  2147483647  0  0  0  0  0  0  2147483647  0  0  0  2147483647  0  
1441339881  0  0  0  0  0  0  0  2147483647  0  2147483647  0  2147483647  0  0  0  0  0  2147483647  0  2147483647  0  0  2147483647  2147483647  0  0  0  0  0  0  2147483647  0  0  0  2147483647  0  
1441339881  0  0  0  0  0  0  0  2147483647  0  2147483647  0  2147483647  0  0  0  0  0  2147483647  0  2147483647  0  0  2147483647  2147483647  0  0  0  0  0  0  2147483647  0  0  0  2147483647  0  
1441339882  0  0  0  0  0  0  0  2147483647  0  2147483647  0  2147483647  0  0  0  0  0  2147483647  0  2147483647  0  0  2147483647  2147483647  0  0  0  0  0  0  2147483647  0  0  0  2147483647  0  
1441339882  0  0  0  0  0  0  0  2147483647  0  2147483647  0  2147483647  0  0  0  0  0  2147483647  0  2147483647  0  0  2147483647  2147483647  0  0  0  0  0  0  2147483647  0  0  0  2147483647  0  
1441339883  0  0  0  0  0  0  0  2147483647  0  2147483647  0  2147483647  0  0  0  0  0  2147483647  0  2147483647  0  0  2147483647  2147483647  0  0  0  0  0  0  2147483647  0  0  0  2147483647  0  
1441339883  0  0  0  0  0  0  0  2147483647  0  2147483647  0  2147483647  0  0  0  0  0  2147483647  0  2147483647  0  0  2147483647  2147483647  0  0  0  0  0  0  2147483647  0  0  0  2147483647  0  
1441339884  0  0  0  0  0  0  0  2147483647  0  2147483647  0  2147483647  0  0  0  0  0  2147483647  0  2147483647  0  0  2147483647  2147483647  0  0  0  0  0  0  2147483647  0  0  0  2147483647  0  
1441339884  0  0  0  0  0  0  0  2147483647  0  2147483647  0  2147483647  0  0  0  0  0  2147483647  0  2147483647  0  0  2147483647  2147483647  0  0  0  0  0  0  2147483647  0  0  0  2147483647  0  
1441339885  0  0  0  0  0  0  0  2147483647  0  2147483647  0  2147483647  0  0  0  0  0  2147483647  0  2147483647  0  0  2147483647  2147483647  0  0  0  0  0  0  2147483647  0  0  0  2147483647  0  
1441339885  0  0  0  0  0  0  0  2147483647  0  2147483647  0  2147483647  0  0  0  0  0  2147483647  0  2147483647  0  0  2147483647  2147483647  0  0  0  0  0  0  2147483647  0  0  0  2147483647  0  
1441339886  0  0  0  0  0  0  0  2147483647  0  2147483647  0  2147483647  0  0  0  0  0  2147483647  0  2147483647  0  0  2147483647  2147483647  0  0  0  0  0  0  2147483647  0  0  0  2147483647  0  
1441339886  0  0  0  0  0  0  0  2147483647  0  2147483647  0  2147483647  0  0  0  0  0  2147483647  0  2147483647  0  0  2147483647  2147483647  0  0  0  0  0  0  2147483647  0  0  0  2147483647  0  
1441339887  0  0  0  0  0  0  0  2147483647  0  2147483647  0  2147483647  0  0  0  0  0  2147483647  0  2147483647  0  0  2147483647  2147483647  0  0  0  0  0  0  2147483647  0  0  0  2147483647  0  
1441339887  0  0  0  0  0  0  0  2147483647  0  2147483647  0  2147483647  0  0  0  0  0  2147483647  0  2147483647  0  0  2147483647  2147483647  0  0  0  0  0  0  2147483647  0  0  0  2147483647  0  
1441339888  0  0  0  0  0  0  0  2147483647  0  2147483647  0  2147483647  0  0  0  0  0  2147483647  0  2147483647  0  0  2147483647  2147483647  0  0  0  0  0  0  2147483647  0  0  0  2147483647  0  
1441339888  0  0  0  0  0  0  0  2147483647  0  2147483647  0  2147483647  0  0  0  0  0  2147483647  0  2147483647  0  0  2147483647  2147483647  0  0  0  0  0  0  2147483647  0  0  0  2147483647  0  
1441339889  0  0  0  0  0  0  0  2147483647  0  2147483647  0  2147483647  0  0  0  0  0  2147483647  0  2147483647  0  0  2147483647  2147483647  0  0  0  0  0  0  2147483647  0  0  0  2147483647  0  
1441339889  0  0  0  0  0  0  0  2147483647  0  2147483647  0  2147483647  0  0  0  0  0  2147483647  0  2147483647  0  0  2147483647  2147483647  0  0  0  0  0  0  2147483647  0  0  0  2147483647  0  
1441339890  0  0  0  0  0  0  0  2147483647  0  2147483647  0  2147483647  0  0  0  0  0  2147483647  0  2147483647  0  0  2147483647  2147483647  0  0  0  0  0  0  2147483647  0  0  0  2147483647  0  
1441339890  0  0  0  0  0  0  0  2147483647  0  2147483647  0  2147483647  0  0  0  0  0  2147483647  0  2147483647  0  0  2147483647  2147483647  0  0  0  0  0  0  2147483647  0  0  0  2147483647  0  
1441339891  0  0  0  0  0  0  0  2147483647  0  2147483647  0  2147483647  0  0  0  0  0  2147483647  0  2147483647  0  0  2147483647  2147483647  0  0  0  0  0  0  2147483647  0  0  0  2147483647  0  
1441339891  0  0  0  0  0  0  0  2147483647  0  2147483647  0  2147483647  0  0  0  0  0  2147483647  0  2147483647  0  0  2147483647  2147483647  0  0  0  0  0  0  2147483647  0  0  0  2147483647  0  
1441339892  0  0  0  0  0  0  0  2147483647  0  2147483647  0  2147483647  0  0  0  0  0  2147483647  0  2147483647  0  0  2147483647  2147483647  0  0  0  0  0  0  2147483647  0  0  0  2147483647  0  
1441339892  0  0  0  0  0  0  0  2147483647  0  2147483647  0  2147483647  0  0  0  0  0  2147483647  0  2147483647  0  0  2147483647  2147483647  0  0  0  0  0  0  2147483647  0  0  0  2147483647  0  
1441339893  0  0  0  0  0  0  0  2147483647  0  2147483647  0  2147483647  0  0  0  0  0  2147483647  0  2147483647  0  0  2147483647  2147483647  0  0  0  0  0  0  2147483647  0  0  0  2147483647  0  
1441339893  0  0  0  0  0  0  0  2147483647  0  2147483647  0  2147483647  0  0  0  0  0  2147483647  0  2147483647  0  0  2147483647  2147483647  0  0  0  0  0  0  2147483647  0  0  0  2147483647  0  
1441339894  0  0  0  0  0  0  0  2147483647  0  2147483647  0  2147483647  0  0  0  0  0  2147483647  0  2147483647  0  0  2147483647  2147483647  0  0  0  0  0  0  2147483647  0  0  0  2147483647  0  
1441339895  0  0  0  0  0  0  0  2147483647  0  2147483647  0  2147483647  0  0  0  0  0  2147483647  0  2147483647  0  0  2147483647  2147483647  0  0  0  0  0  0  2147483647  0  0  0  2147483647  0  
1441339895  0  0  0  0  0  0  0  2147483647  0  2147483647  0  2147483647  0  0  0  0  0  2147483647  0  2147483647  0  0  2147483647  2147483647  0  0  0  0  0  0  2147483647  0  0  0  2147483647  0  
1441339896  0  0  0  0  0  0  0  2147483647  0  2147483647  0  2147483647  0  0  0  0  0  2147483647  0  2147483647  0  0  2147483647  2147483647  0  0  0  0  0  0  2147483647  0  0  0  2147483647  0  
1441339896  0  0  0  0  0  0  0  2147483647  0  2147483647  0  2147483647  0  0  0  0  0  2147483647  0  2147483647  0  0  2147483647  2147483647  0  0  0  0  0  0  2147483647  0  0  0  2147483647  0  
1441339897  0  0  0  0  0  0  0  2147483647  0  2147483647  0  2147483647  0  0  0  0  0  2147483647  0  2147483647  0  0  2147483647  2147483647  0  0  0  0  0  0  2147483647  0  0  0  2147483647  0  
1441339897  0  0  0  0  0  0  0  2147483647  0  2147483647  0  2147483647  0  0  0  0  0  2147483647  0  2147483647  0  0  2147483647  2147483647  0  0  0  0  0  0  2147483647  0  0  0  2147483647  0  
1441339898  0  0  0  0  0  0  0  2147483647  0  2147483647  0  2147483647  0  0  0  0  0  2147483647  0  2147483647  0  0  2147483647  2147483647  0  0  0  0  0  0  2147483647  0  0  0  2147483647  0  
1441339898  0  0  0  0  0  0  0  2147483647  0  2147483647  0  2147483647  0  0  0  0  0  2147483647  0  2147483647  0  0  2147483647  2147483647  0  0  0  0  0  0  2147483647  0  0  0  2147483647  0  
1441339899  0  0  0  0  0  0  0  2147483647  0  2147483647  0  2147483647  0  0  0  0  0  2147483647  0  2147483647  0  0  2147483647  2147483647  0  0  0  0  0  0  2147483647  0  0  0  2147483647  0  
1441339899  0  0  0  0  0  0  0  2147483647  0  2147483647  0  2147483647  0  0  0  0  0  2147483647  0  2147483647  0  0  2147483647  2147483647  0  0  0  0  0  0  2147483647  0  0  0  2147483647  0  
1441339900  0  0  0  0  0  0  0  2147483647  0  2147483647  0  2147483647  0  0  0  0  0  2147483647  0  2147483647  0  0  2147483647  2147483647  0  0  0  0  0  0  2147483647  0  0  0  2147483647  0  
1441339900  0  0  0  0  0  0  0  2147483647  0  2147483647  0  2147483647  0  0  0  0  0  2147483647  0  2147483647  0  0  2147483647  2147483647  0  0  0  0  0  0  2147483647  0  0  0  2147483647  0  
1441339901  0  0  0  0  0  0  0  2147483647  0  2147483647  0  2147483647  0  0  0  0  0  2147483647  0  2147483647  0  0  2147483647  2147483647  0  0  0  0  0  0  2147483647  0  0  0  2147483647  0  
1441339901  0  0  0  0  0  0  0  2147483647  0  2147483647  0  2147483647  0  0  0  0  0  2147483647  0  2147483647  0  0  2147483647  2147483647  0  0  0  0  0  0  2147483647  0  0  0  2147483647  0  
1441339902  0  0  0  0  0  0  0  2147483647  0  2147483647  0  2147483647  0  0  0  0  0  2147483647  0  2147483647  0  0  2147483647  2147483647  0  0  0  0  0  0  2147483647  0  0  0  2147483647  0  
1441339902  0  0  0  0  0  0  0  2147483647  0  2147483647  0  2147483647  0  0  0  0  0  2147483647  0  2147483647  0  0  2147483647  2147483647  0  0  0  0  0  0  2147483647  0  0  0  2147483647  0  
1441339903  0  0  0  0  0  0  0  2147483647  0  2147483647  0  2147483647  0  0  0  0  0  2147483647  0  2147483647  0  0  2147483647  2147483647  0  0  0  0  0  0  2147483647  0  0  0  2147483647  0  
1441339903  0  0  0  0  0  0  0  2147483647  0  2147483647  0  2147483647  0  0  0  0  0  2147483647  0  2147483647  0  0  2147483647  2147483647  0  0  0  0  0  0  2147483647  0  0  0  2147483647  0  
1441339904  0  0  0  0  0  0  0  2147483647  0  2147483647  0  2147483647  0  0  0  0  0  2147483647  0  2147483647  0  0  2147483647  2147483647  0  0  0  0  0  0  2147483647  0  0  0  2147483647  0  
1441339904  0  0  0  0  0  0  0  2147483647  0  2147483647  0  2147483647  0  0  0  0  0  2147483647  0  2147483647  0  0  2147483647  2147483647  0  0  0  0  0  0  2147483647  0  0  0  2147483647  0  
1441339905  0  0  0  0  0  0  0  2147483647  0  2147483647  0  2147483647  0  0  0  0  0  2147483647  0  2147483647  0  0  2147483647  2147483647  0  0  0  0  0  0  2147483647  0  0  0  2147483647  0  
1441339905  0  0  0  0  0  0  0  2147483647  0  2147483647  0  2147483647  0  0  0  0  0  2147483647  0  2147483647  0  0  2147483647  2147483647  0  0  0  0  0  0  2147483647  0  0  0  2147483647  0  
1441339906  0  0  0  0  0  0  0  2147483647  0  2147483647  0  2147483647  0  0  0  0  0  2147483647  0  2147483647  0  0  2147483647  2147483647  0  0  0  0  0  0  2147483647  0  0  0  2147483647  0  
1441339906  0  0  0  0  0  0  0  2147483647  0  2147483647  0  2147483647  0  0  0  0  0  2147483647  0  2147483647  0  0  2147483647  2147483647  0  0  0  0  0  0  2147483647  0  0  0  2147483647  0  
1441339907  0  0  0  0  0  0  0  2147483647  0  2147483647  0  2147483647  0  0  0  0  0  2147483647  0  2147483647  0  0  2147483647  2147483647  0  0  0  0  0  0  2147483647  0  0  0  2147483647  0  
1441339907  0  0  0  0  0  0  0  2147483647  0  2147483647  0  2147483647  0  0  0  0  0  2147483647  0  2147483647  0  0  2147483647  2147483647  0  0  0  0  0  0  2147483647  0  0  0  2147483647  0  
1441339908  0  0  0  0  0  0  0  2147483647  0  2147483647  0  2147483647  0  0  0  0  0  2147483647  0  2147483647  0  0  2147483647  2147483647  0  0  0  0  0  0  2147483647  0  0  0  2147483647  0  
1441339908  0  0  0  0  0  0  0  2147483647  0  2147483647  0  2147483647  0  0  0  0  0  2147483647  0  2147483647  0  0  2147483647  2147483647  0  0  0  0  0  0  2147483647  0  0  0  2147483647  0  
1441339909  0  0  0  0  0  0  0  2147483647  0  2147483647  0  2147483647  0  0  0  0  0  2147483647  0  2147483647  0  0  2147483647  2147483647  0  0  0  0  0  0  2147483647  0  0  0  2147483647  0  
1441339909  0  0  0  0  0  0  0  2147483647  0  2147483647  0  2147483647  0  0  0  0  0  2147483647  0  2147483647  0  0  2147483647  2147483647  0  0  0  0  0  0  2147483647  0  0  0  2147483647  0  
1441339910  0  0  0  0  0  0  0  2147483647  0  2147483647  0  2147483647  0  0  0  0  0  2147483647  0  2147483647  0  0  2147483647  2147483647  0  0  0  0  0  0  2147483647  0  0  0  2147483647  0  
1441339910  0  0  0  0  0  0  0  2147483647  0  2147483647  0  2147483647  0  0  0  0  0  2147483647  0  2147483647  0  0  2147483647  2147483647  0  0  0  0  0  0  2147483647  0  0  0  2147483647  0  
1441339911  0  0  0  0  0  0  0  2147483647  0  2147483647  0  2147483647  0  0  0  0  0  2147483647  0  2147483647  0  0  2147483647  2147483647  0  0  0  0  0  0  2147483647  0  0  0  2147483647  0  
1441339911  0  0  0  0  0  0  0  2147483647  0  2147483647  0  2147483647  0  0  0  0  0  2147483647  0  2147483647  0  0  2147483647  2147483647  0  0  0  0  0  0  2147483647  0  0  0  2147483647  0  
1441339912  0  0  0  0  0  0  0  2147483647  0  2147483647  0  2147483647  0  0  0  0  0  2147483647  0  2147483647  0  0  2147483647  2147483647  0  0  0  0  0  0  2147483647  0  0  0  2147483647  0  
1441339912  0  0  0  0  0  0  0  2147483647  0  2147483647  0  2147483647  0  0  0  0  0  2147483647  0  2147483647  0  0  2147483647  2147483647  0  0  0  0  0  0  2147483647  0  0  0  2147483647  0  
1441339913  0  0  0  0  0  0  0  2147483647  0  2147483647  0  2147483647  0  0  0  0  0  2147483647  0  2147483647  0  0  2147483647  2147483647  0  0  0  0  0  0  2147483647  0  0  0  2147483647  0  
1441339913  0  0  0  0  0  0  0  2147483647  0  2147483647  0  2147483647  0  0  0  0  0  2147483647  0  2147483647  0  0  2147483647  2147483647  0  0  0  0  0  0  2147483647  0  0  0  2147483647  0  
1441339914  0  0  0  0  0  0  0  2147483647  0  2147483647  0  2147483647  0  0  0  0  0  2147483647  0  2147483647  0  0  2147483647  2147483647  0  0  0  0  0  0  2147483647  0  0  0  2147483647  0  
1441339914  0  0  0  0  0  0  0  2147483647  0  2147483647  0  2147483647  0  0  0  0  0  2147483647  0  2147483647  0  0  2147483647  2147483647  0  0  0  0  0  0  2147483647  0  0  0  2147483647  0  
1441339915  0  0  0  0  0  0  0  2147483647  0  2147483647  0  2147483647  0  0  0  0  0  2147483647  0  2147483647  0  0  2147483647  2147483647  0  0  0  0  0  0  2147483647  0  0  0  2147483647  0  
1441339915  0  0  0  0  0  0  0  2147483647  0  2147483647  0  2147483647  0  0  0  0  0  2147483647  0  2147483647  0  0  2147483647  2147483647  0  0  0  0  0  0  2147483647  0  0  0  2147483647  0  
1441339916  0  0  0  0  0  0  0  2147483647  0  2147483647  0  2147483647  0  0  0  0  0  2147483647  0  2147483647  0  0  2147483647  2147483647  0  0  0  0  0  0  2147483647  0  0  0  2147483647  0  
1441339916  0  0  0  0  0  0  0  2147483647  0  2147483647  0  2147483647  0  0  0  0  0  2147483647  0  2147483647  0  0  2147483647  2147483647  0  0  0  0  0  0  2147483647  0  0  0  2147483647  0  
1441339917  0  0  0  0  0  0  0  2147483647  0  2147483647  0  2147483647  0  0  0  0  0  2147483647  0  2147483647  0  0  2147483647  2147483647  0  0  0  0  0  0  2147483647  0  0  0  2147483647  0  
1441339917  0  0  0  0  0  0  0  2147483647  0  2147483647  0  2147483647  0  0  0  0  0  2147483647  0  2147483647  0  0  2147483647  2147483647  0  0  0  0  0  0  2147483647  0  0  0  2147483647  0  
1441339918  0  0  0  0  0  0  0  2147483647  0  2147483647  0  2147483647  0  0  0  0  0  2147483647  0  2147483647  0  0  2147483647  2147483647  0  0  0  0  0  0  2147483647  0  0  0  2147483647  0  
1441339918  0  0  0  0  0  0  0  2147483647  0  2147483647  0  2147483647  0  0  0  0  0  2147483647  0  2147483647  0  0  2147483647  2147483647  0  0  0  0  0  0  2147483647  0  0  0  2147483647  0  
1441339919  0  0  0  0  0  0  0  2147483647  0  2147483647  0  2147483647  0  0  0  0  0  2147483647  0  2147483647  0  0  2147483647  2147483647  0  0  0  0  0  0  2147483647  0  0  0  2147483647  0  
1441339919  0  0  0  0  0  0  0  2147483647  0  2147483647  0  2147483647  0  0  0  0  0  2147483647  0  2147483647  0  0  2147483647  2147483647  0  0  0  0  0  0  2147483647  0  0  0  2147483647  0  
1441339920  0  0  0  0  0  0  0  2147483647  0  2147483647  0  2147483647  0  0  0  0  0  2147483647  0  2147483647  0  0  2147483647  2147483647  0  0  0  0  0  0  2147483647  0  0  0  2147483647  0  
1441339920  0  0  0  0  0  0  0  2147483647  0  2147483647  0  2147483647  0  0  0  0  0  2147483647  0  2147483647  0  0  2147483647  2147483647  0  0  0  0  0  0  2147483647  0  0  0  2147483647  0  
1441339921  0  0  0  0  0  0  0  2147483647  0  2147483647  0  2147483647  0  0  0  0  0  2147483647  0  2147483647  0  0  2147483647  2147483647  0  0  0  0  0  0  2147483647  0  0  0  2147483647  0  
1441339921  0  0  0  0  0  0  0  2147483647  0  2147483647  0  2147483647  0  0  0  0  0  2147483647  0  2147483647  0  0  2147483647  2147483647  0  0  0  0  0  0  2147483647  0  0  0  2147483647  0  
1441339922  0  0  0  0  0  0  0  2147483647  0  2147483647  0  2147483647  0  0  0  0  0  2147483647  0  2147483647  0  0  2147483647  2147483647  0  0  0  0  0  0  2147483647  0  0  0  2147483647  0  
1441339922  0  0  0  0  0  0  0  2147483647  0  2147483647  0  2147483647  0  0  0  0  0  2147483647  0  2147483647  0  0  2147483647  2147483647  0  0  0  0  0  0  2147483647  0  0  0  2147483647  0  
1441339923  0  0  0  0  0  0  0  2147483647  0  2147483647  0  2147483647  0  0  0  0  0  2147483647  0  2147483647  0  0  2147483647  2147483647  0  0  0  0  0  0  2147483647  0  0  0  2147483647  0  
1441339923  0  0  0  0  0  0  0  2147483647  0  2147483647  0  2147483647  0  0  0  0  0  2147483647  0  2147483647  0  0  2147483647  2147483647  0  0  0  0  0  0  2147483647  0  0  0  2147483647  0  
1441339924  0  0  0  0  0  0  0  2147483647  0  2147483647  0  2147483647  0  0  0  0  0  2147483647  0  2147483647  0  0  2147483647  2147483647  0  0  0  0  0  0  2147483647  0  0  0  2147483647  0  
1441339924  0  0  0  0  0  0  0  2147483647  0  2147483647  0  2147483647  0  0  0  0  0  2147483647  0  2147483647  0  0  2147483647  2147483647  0  0  0  0  0  0  2147483647  0  0  0  2147483647  0  
1441339925  0  0  0  0  0  0  0  2147483647  0  2147483647  0  2147483647  0  0  0  0  0  2147483647  0  2147483647  0  0  2147483647  2147483647  0  0  0  0  0  0  2147483647  0  0  0  2147483647  0  
1441339925  0  0  0  0  0  0  0  2147483647  0  2147483647  0  2147483647  0  0  0  0  0  2147483647  0  2147483647  0  0  2147483647  2147483647  0  0  0  0  0  0  2147483647  0  0  0  2147483647  0  
1441339926  0  0  0  0  0  0  0  2147483647  0  2147483647  0  2147483647  0  0  0  0  0  2147483647  0  2147483647  0  0  2147483647  2147483647  0  0  0  0  0  0  2147483647  0  0  0  2147483647  0  
1441339926  0  0  0  0  0  0  0  2147483647  0  2147483647  0  2147483647  0  0  0  0  0  2147483647  0  2147483647  0  0  2147483647  2147483647  0  0  0  0  0  0  2147483647  0  0  0  2147483647  0  
1441339927  0  0  0  0  0  0  0  2147483647  0  2147483647  0  2147483647  0  0  0  0  0  2147483647  0  2147483647  0  0  2147483647  2147483647  0  0  0  0  0  0  2147483647  0  0  0  2147483647  0  
1441339927  0  0  0  0  0  0  0  2147483647  0  2147483647  0  2147483647  0  0  0  0  0  2147483647  0  2147483647  0  0  2147483647  2147483647  0  0  0  0  0  0  2147483647  0  0  0  2147483647  0  
1441339928  0  0  0  0  0  0  0  2147483647  0  2147483647  0  2147483647  0  0  0  0  0  2147483647  0  2147483647  0  0  2147483647  2147483647  0  0  0  0  0  0  2147483647  0  0  0  2147483647  0  
1441339928  0  0  0  0  0  0  0  2147483647  0  2147483647  0  2147483647  0  0  0  0  0  2147483647  0  2147483647  0  0  2147483647  2147483647  0  0  0  0  0  0  2147483647  0  0  0  2147483647  0  
1441339929  0  0  0  0  0  0  0  2147483647  0  2147483647  0  2147483647  0  0  0  0  0  2147483647  0  2147483647  0  0  2147483647  2147483647  0  0  0  0  0  0  2147483647  0  0  0  2147483647  0  
1441339929  0  0  0  0  0  0  0  2147483647  0  2147483647  0  2147483647  0  0  0  0  0  2147483647  0  2147483647  0  0  2147483647  2147483647  0  0  0  0  0  0  2147483647  0  0  0  2147483647  0  
1441339930  0  0  0  0  0  0  0  2147483647  0  2147483647  0  2147483647  0  0  0  0  0  2147483647  0  2147483647  0  0  2147483647  2147483647  0  0  0  0  0  0  2147483647  0  0  0  2147483647  0  
1441339930  0  0  0  0  0  0  0  2147483647  0  2147483647  0  2147483647  0  0  0  0  0  2147483647  0  2147483647  0  0  2147483647  2147483647  0  0  0  0  0  0  2147483647  0  0  0  2147483647  0  
1441339931  0  0  0  0  0  0  0  2147483647  0  2147483647  0  2147483647  0  0  0  0  0  2147483647  0  2147483647  0  0  2147483647  2147483647  0  0  0  0  0  0  2147483647  0  0  0  2147483647  0  
1441339931  0  0  0  0  0  0  0  2147483647  0  2147483647  0  2147483647  0  0  0  0  0  2147483647  0  2147483647  0  0  2147483647  2147483647  0  0  0  0  0  0  2147483647  0  0  0  2147483647  0  
1441339932  0  0  0  0  0  0  0  2147483647  0  2147483647  0  2147483647  0  0  0  0  0  2147483647  0  2147483647  0  0  2147483647  2147483647  0  0  0  0  0  0  2147483647  0  0  0  2147483647  0  
1441339933  0  0  0  0  0  0  0  2147483647  0  2147483647  0  2147483647  0  0  0  0  0  2147483647  0  2147483647  0  0  2147483647  2147483647  0  0  0  0  0  0  2147483647  0  0  0  2147483647  0  
1441339933  0  0  0  0  0  0  0  2147483647  0  2147483647  0  2147483647  0  0  0  0  0  2147483647  0  2147483647  0  0  2147483647  2147483647  0  0  0  0  0  0  2147483647  0  0  0  2147483647  0  
1441339934  0  0  0  0  0  0  0  2147483647  0  2147483647  0  2147483647  0  0  0  0  0  2147483647  0  2147483647  0  0  2147483647  2147483647  0  0  0  0  0  0  2147483647  0  0  0  2147483647  0  
1441339934  0  0  0  0  0  0  0  2147483647  0  2147483647  0  2147483647  0  0  0  0  0  2147483647  0  2147483647  0  0  2147483647  2147483647  0  0  0  0  0  0  2147483647  0  0  0  2147483647  0  
1441339935  0  0  0  0  0  0  0  2147483647  0  2147483647  0  2147483647  0  0  0  0  0  2147483647  0  2147483647  0  0  2147483647  2147483647  0  0  0  0  0  0  2147483647  0  0  0  2147483647  0  
1441339935  0  0  0  0  0  0  0  2147483647  0  2147483647  0  2147483647  0  0  0  0  0  2147483647  0  2147483647  0  0  2147483647  2147483647  0  0  0  0  0  0  2147483647  0  0  0  2147483647  0  
1441339936  0  0  0  0  0  0  0  2147483647  0  2147483647  0  2147483647  0  0  0  0  0  2147483647  0  2147483647  0  0  2147483647  2147483647  0  0  0  0  0  0  2147483647  0  0  0  2147483647  0  
1441339936  0  0  0  0  0  0  0  2147483647  0  2147483647  0  2147483647  0  0  0  0  0  2147483647  0  2147483647  0  0  2147483647  2147483647  0  0  0  0  0  0  2147483647  0  0  0  2147483647  0  
1441339937  0  0  0  0  0  0  0  2147483647  0  2147483647  0  2147483647  0  0  0  0  0  2147483647  0  2147483647  0  0  2147483647  2147483647  0  0  0  0  0  0  2147483647  0  0  0  2147483647  0  
1441339937  0  0  0  0  0  0  0  2147483647  0  2147483647  0  2147483647  0  0  0  0  0  2147483647  0  2147483647  0  0  2147483647  2147483647  0  0  0  0  0  0  2147483647  0  0  0  2147483647  0  
1441339938  0  0  0  0  0  0  0  2147483647  0  2147483647  0  2147483647  0  0  0  0  0  2147483647  0  2147483647  0  0  2147483647  2147483647  0  0  0  0  0  0  2147483647  0  0  0  2147483647  0  
1441339938  0  0  0  0  0  0  0  2147483647  0  2147483647  0  2147483647  0  0  0  0  0  2147483647  0  2147483647  0  0  2147483647  2147483647  0  0  0  0  0  0  2147483647  0  0  0  2147483647  0  
1441339939  0  0  0  0  0  0  0  2147483647  0  2147483647  0  2147483647  0  0  0  0  0  2147483647  0  2147483647  0  0  2147483647  2147483647  0  0  0  0  0  0  2147483647  0  0  0  2147483647  0  
1441339939  0  0  0  0  0  0  0  2147483647  0  2147483647  0  2147483647  0  0  0  0  0  2147483647  0  2147483647  0  0  2147483647  2147483647  0  0  0  0  0  0  2147483647  0  0  0  2147483647  0  
1441339941  0  0  0  0  0  0  0  2147483647  0  2147483647  0  2147483647  0  0  0  0  0  2147483647  0  2147483647  0  0  2147483647  2147483647  0  0  0  0  0  0  2147483647  0  0  0  2147483647  0  
1441339942  0  0  0  0  0  0  0  2147483647  0  2147483647  0  2147483647  0  0  0  0  0  2147483647  0  2147483647  0  0  2147483647  2147483647  0  0  0  0  0  0  2147483647  0  0  0  2147483647  0  
1441339942  0  0  0  0  0  0  0  2147483647  0  2147483647  0  2147483647  0  0  0  0  0  2147483647  0  2147483647  0  0  2147483647  2147483647  0  0  0  0  0  0  2147483647  0  0  0  2147483647  0  
1441339943  0  0  0  0  0  0  0  2147483647  0  2147483647  0  2147483647  0  0  0  0  0  2147483647  0  2147483647  0  0  2147483647  2147483647  0  0  0  0  0  0  2147483647  0  0  0  2147483647  0  
1441339943  0  0  0  0  0  0  0  2147483647  0  2147483647  0  2147483647  0  0  0  0  0  2147483647  0  2147483647  0  0  2147483647  2147483647  0  0  0  0  0  0  2147483647  0  0  0  2147483647  0  
1441339944  0  0  0  0  0  0  0  2147483647  0  2147483647  0  2147483647  0  0  0  0  0  2147483647  0  2147483647  0  0  2147483647  2147483647  0  0  0  0  0  0  2147483647  0  0  0  2147483647  0  
1441339944  24760  0  0  0  4542  0  42  157  0  2147483647  0  2147483647  0  0  0  0  0  2147483647  0  2147483647  0  0  2147483647  2147483647  0  0  0  0  0  0  2147483647  0  0  0  2147483647  0  
1441339945  767258  0  0  0  6014  0  821  157  0  2147483647  0  2147483647  0  0  0  0  0  2147483647  0  2147483647  0  0  2147483647  2147483647  0  0  0  0  0  0  2147483647  0  0  0  2147483647  0  
1441339945  767258  0  0  0  6014  0  821  157  0  2147483647  0  2147483647  0  0  0  0  0  2147483647  0  2147483647  0  0  2147483647  2147483647  0  0  0  0  0  0  2147483647  0  0  0  2147483647  0  
1441339946  1294201  0  0  0  8370  0  1578  157  0  2147483647  0  2147483647  0  0  0  0  0  2147483647  0  2147483647  0  0  2147483647  2147483647  0  0  0  0  0  0  2147483647  0  0  0  2147483647  0  
1441339946  1540137  0  0  0  8370  0  1850  157  0  2147483647  0  2147483647  0  0  0  0  0  2147483647  0  2147483647  0  0  2147483647  2147483647  0  0  0  0  0  0  2147483647  0  0  0  2147483647  0  
1441339947  1868282  0  0  0  8370  0  2310  157  0  2147483647  0  2147483647  0  0  0  0  0  2147483647  0  2147483647  0  0  2147483647  2147483647  0  0  0  0  0  0  2147483647  0  0  0  2147483647  0  
1441339947  2289439  0  0  0  8370  0  2912  157  0  2147483647  8518  2147483647  0  1813  0  0  0  378  13  2147483647  0  39  260  2147483647  0  3858  0  32910  0  0  2147483647  0  0  0  2147483647  0  
1441339948  3054457  0  0  0  8370  0  4060  157  0  2147483647  11462  2147483647  0  1844  0  0  0  378  15  2147483647  0  41  260  2147483647  0  3858  0  36925  0  0  2147483647  0  0  0  2147483647  0  
1441339948  3533600  0  0  0  8370  0  4766  157  0  2147483647  13505  2147483647  0  1844  0  0  0  208  21  2147483647  0  46  260  2147483647  0  3860  0  43803  0  0  2147483647  0  0  0  2147483647  0  
1441339949  3723414  0  0  0  8370  0  4895  157  0  2147483647  13505  2147483647  0  1844  0  0  0  208  21  2147483647  0  46  260  2147483647  0  3860  0  43803  0  0  2147483647  0  0  0  2147483647  0  
1441339949  3723414  0  0  0  8370  0  4895  157  0  2147483647  13505  2147483647  0  1844  0  0  0  208  21  2147483647  0  46  260  2147483647  0  3860  0  43803  0  0  2147483647  0  0  0  2147483647  0  
1441339950  3723414  0  0  0  8370  0  4895  157  0  2147483647  13505  2147483647  0  1844  0  0  0  208  21  2147483647  0  46  260  2147483647  0  3860  0  43803  0  0  2147483647  0  0  0  2147483647  0  
1441339950  3723414  0  0  0  8370  0  4895  157  0  2147483647  13505  2147483647  0  1844  0  0  0  208  21  2147483647  0  46  260  2147483647  0  3860  0  43803  0  0  2147483647  0  0  0  2147483647  0  
1441339951  3723414  0  0  0  8370  0  4895  157  0  2147483647  13505  2147483647  0  1844  0  0  0  208  21  2147483647  0  46  260  2147483647  0  3860  0  43803  0  0  2147483647  0  0  0  2147483647  0  
1441339951  3723414  0  0  0  8370  0  4895  157  0  2147483647  13505  2147483647  0  1844  0  0  0  208  21  2147483647  0  46  260  2147483647  0  3860  0  43803  0  0  2147483647  0  0  0  2147483647  0  
1441339952  3723414  0  0  0  8370  0  4895  157  0  2147483647  13505  2147483647  0  1844  0  0  0  208  21  2147483647  0  46  260  2147483647  0  3860  0  43803  0  0  2147483647  0  0  0  2147483647  0  
1441339952  3723414  0  0  0  8370  0  4895  157  0  2147483647  13505  2147483647  0  1844  0  0  0  208  21  2147483647  0  46  260  2147483647  0  3860  0  43803  0  0  2147483647  0  0  0  2147483647  0  
1441339953  3723414  0  0  0  8370  0  4895  157  0  2147483647  13505  2147483647  0  1844  0  0  0  208  21  2147483647  0  46  260  2147483647  0  3860  0  43803  0  0  2147483647  0  0  0  2147483647  0  
1441339954  3723414  0  0  0  8370  0  4895  157  0  2147483647  13505  2147483647  0  1844  0  0  0  208  21  2147483647  0  46  260  2147483647  0  3860  0  43803  0  0  2147483647  0  0  0  2147483647  0  
1441339954  3723414  0  0  0  8370  0  4895  157  0  2147483647  13505  2147483647  0  1844  0  0  0  208  21  2147483647  0  46  260  2147483647  0  3860  0  43803  0  0  2147483647  0  0  0  2147483647  0  
1441339955  3723414  0  0  0  8370  0  4895  157  0  2147483647  13505  2147483647  0  1844  0  0  0  208  21  2147483647  0  46  260  2147483647  0  3860  0  43803  0  0  2147483647  0  0  0  2147483647  0  
1441339955  3723414  0  0  0  8370  0  4895  157  0  2147483647  13505  2147483647  0  1844  0  0  0  208  21  2147483647  0  46  260  2147483647  0  3860  0  43803  0  0  2147483647  0  0  0  2147483647  0  
1441339956  3723414  0  0  0  8370  0  4895  157  0  2147483647  13505  2147483647  0  1844  0  0  0  208  21  2147483647  0  46  260  2147483647  0  3860  0  43803  0  0  2147483647  0  0  0  2147483647  0  
1441339956  3723414  0  0  0  8370  0  4895  157  0  2147483647  13505  2147483647  0  1844  0  0  0  208  21  2147483647  0  46  260  2147483647  0  3860  0  43803  0  0  2147483647  0  0  0  2147483647  0  
1441339957  3723414  0  0  0  8370  0  4895  157  0  2147483647  13505  2147483647  0  1844  0  0  0  208  21  2147483647  0  46  260  2147483647  0  3860  0  43803  0  0  2147483647  0  0  0  2147483647  0  
1441339957  3723414  0  0  0  8370  0  4895  157  0  2147483647  13505  2147483647  0  1844  0  0  0  208  21  2147483647  0  46  260  2147483647  0  3860  0  43803  0  0  2147483647  0  0  0  2147483647  0  
1441339958  3723414  0  0  0  8370  0  4895  157  0  2147483647  13505  2147483647  0  1844  0  0  0  208  21  2147483647  0  46  260  2147483647  0  3860  0  43803  0  0  2147483647  0  0  0  2147483647  0  
1441339958  3723414  0  0  0  8370  0  4895  157  0  2147483647  13505  2147483647  0  1844  0  0  0  208  21  2147483647  0  46  260  2147483647  0  3860  0  43803  0  0  2147483647  0  0  0  2147483647  0  
1441339959  3723414  0  0  0  8370  0  4895  157  0  2147483647  13505  2147483647  0  1844  0  0  0  208  21  2147483647  0  46  260  2147483647  0  3860  0  43803  0  0  2147483647  0  0  0  2147483647  0  
1441339959  3723414  0  0  0  8370  0  4895  157  0  2147483647  13505  2147483647  0  1844  0  0  0  208  21  2147483647  0  46  260  2147483647  0  3860  0  43803  0  0  2147483647  0  0  0  2147483647  0  
1441339960  3723414  0  0  0  8370  0  4895  157  0  2147483647  13505  2147483647  0  1844  0  0  0  208  21  2147483647  0  46  260  2147483647  0  3860  0  43803  0  0  2147483647  0  0  0  2147483647  0  
1441339960  3723414  0  0  0  8370  0  4895  157  0  2147483647  13505  2147483647  0  1844  0  0  0  208  21  2147483647  0  46  260  2147483647  0  3860  0  43803  0  0  2147483647  0  0  0  2147483647  0  
1441339961  3723414  0  0  0  8370  0  4895  157  0  2147483647  13505  2147483647  0  1844  0  0  0  208  21  2147483647  0  46  260  2147483647  0  3860  0  43803  0  0  2147483647  0  0  0  2147483647  0  
1441339961  3723414  0  0  0  8370  0  4895  157  0  2147483647  13505  2147483647  0  1844  0  0  0  208  21  2147483647  0  46  260  2147483647  0  3860  0  43803  0  0  2147483647  0  0  0  2147483647  0  
1441339962  3723414  0  0  0  8370  0  4895  157  0  2147483647  13505  2147483647  0  1844  0  0  0  208  21  2147483647  0  46  260  2147483647  0  3860  0  43803  0  0  2147483647  0  0  0  2147483647  0  
1441339962  3723414  0  0  0  8370  0  4895  157  0  2147483647  13505  2147483647  0  1844  0  0  0  208  21  2147483647  0  46  260  2147483647  0  3860  0  43803  0  0  2147483647  0  0  0  2147483647  0  
1441339963  3723414  0  0  0  8370  0  4895  157  0  2147483647  13505  2147483647  0  1844  0  0  0  208  21  2147483647  0  46  260  2147483647  0  3860  0  43803  0  0  2147483647  0  0  0  2147483647  0  
1441339963  3723414  0  0  0  8370  0  4895  157  0  2147483647  13505  2147483647  0  1844  0  0  0  208  21  2147483647  0  46  260  2147483647  0  3860  0  43803  0  0  2147483647  0  0  0  2147483647  0  
1441339964  3723414  0  0  0  8370  0  4895  157  0  2147483647  13505  2147483647  0  1844  0  0  0  208  21  2147483647  0  46  260  2147483647  0  3860  0  43803  0  0  2147483647  0  0  0  2147483647  0  
1441339964  3723414  0  0  0  8370  0  4895  157  0  2147483647  13505  2147483647  0  1844  0  0  0  208  21  2147483647  0  46  260  2147483647  0  3860  0  43803  0  0  2147483647  0  0  0  2147483647  0  
1441339965  3723414  0  0  0  8370  0  4895  157  0  2147483647  13505  2147483647  0  1844  0  0  0  208  21  2147483647  0  46  260  2147483647  0  3860  0  43803  0  0  2147483647  0  0  0  2147483647  0  
1441339965  3723414  0  0  0  8370  0  4895  157  0  2147483647  13505  2147483647  0  1844  0  0  0  208  21  2147483647  0  46  260  2147483647  0  3860  0  43803  0  0  2147483647  0  0  0  2147483647  0  
1441339966  3723414  0  0  0  8370  0  4895  157  0  2147483647  13505  2147483647  0  1844  0  0  0  208  21  2147483647  0  46  260  2147483647  0  3860  0  43803  0  0  2147483647  0  0  0  2147483647  0  
1441339966  3723414  0  0  0  8370  0  4895  157  0  2147483647  13505  2147483647  0  1844  0  0  0  208  21  2147483647  0  46  260  2147483647  0  3860  0  43803  0  0  2147483647  0  0  0  2147483647  0  
1441339967  3723414  0  0  0  8370  0  4895  157  0  2147483647  13505  2147483647  0  1844  0  0  0  208  21  2147483647  0  46  260  2147483647  0  3860  0  43803  0  0  2147483647  0  0  0  2147483647  0  
1441339967  3723414  0  0  0  8370  0  4895  157  0  2147483647  13505  2147483647  0  1844  0  0  0  208  21  2147483647  0  46  260  2147483647  0  3860  0  43803  0  0  2147483647  0  0  0  2147483647  0  
1441339968  3723414  0  0  0  8370  0  4895  157  0  2147483647  13505  2147483647  0  1844  0  0  0  208  21  2147483647  0  46  260  2147483647  0  3860  0  43803  0  0  2147483647  0  0  0  2147483647  0  
1441339968  3723414  0  0  0  8370  0  4895  157  0  2147483647  13505  2147483647  0  1844  0  0  0  208  21  2147483647  0  46  260  2147483647  0  3860  0  43803  0  0  2147483647  0  0  0  2147483647  0  
1441339969  3723414  0  0  0  8370  0  4895  157  0  2147483647  13505  2147483647  0  1844  0  0  0  208  21  2147483647  0  46  260  2147483647  0  3860  0  43803  0  0  2147483647  0  0  0  2147483647  0  
1441339969  3723414  0  0  0  8370  0  4895  157  0  2147483647  13505  2147483647  0  1844  0  0  0  208  21  2147483647  0  46  260  2147483647  0  3860  0  43803  0  0  2147483647  0  0  0  2147483647  0  
1441339970  3723414  0  0  0  8370  0  4895  157  0  2147483647  13505  2147483647  0  1844  0  0  0  208  21  2147483647  0  46  260  2147483647  0  3860  0  43803  0  0  2147483647  0  0  0  2147483647  0  
1441339970  3723414  0  0  0  8370  0  4895  157  0  2147483647  13505  2147483647  0  1844  0  0  0  208  21  2147483647  0  46  260  2147483647  0  3860  0  43803  0  0  2147483647  0  0  0  2147483647  0  
1441339971  3723414  0  0  0  8370  0  4895  157  0  2147483647  13505  2147483647  0  1844  0  0  0  208  21  2147483647  0  46  260  2147483647  0  3860  0  43803  0  0  2147483647  0  0  0  2147483647  0  
1441339971  3723414  0  0  0  8370  0  4895  157  0  2147483647  13505  2147483647  0  1844  0  0  0  208  21  2147483647  0  46  260  2147483647  0  3860  0  43803  0  0  2147483647  0  0  0  2147483647  0  
1441339972  3723414  0  0  0  8370  0  4895  157  0  2147483647  13505  2147483647  0  1844  0  0  0  208  21  2147483647  0  46  260  2147483647  0  3860  0  43803  0  0  2147483647  0  0  0  2147483647  0  
1441339972  3723414  0  0  0  8370  0  4895  157  0  2147483647  13505  2147483647  0  1844  0  0  0  208  21  2147483647  0  46  260  2147483647  0  3860  0  43803  0  0  2147483647  0  0  0  2147483647  0  
1441339973  3723414  0  0  0  8370  0  4895  157  0  2147483647  13505  2147483647  0  1844  0  0  0  208  21  2147483647  0  46  260  2147483647  0  3860  0  43803  0  0  2147483647  0  0  0  2147483647  0  
1441339973  3723414  0  0  0  8370  0  4895  157  0  2147483647  13505  2147483647  0  1844  0  0  0  208  21  2147483647  0  46  260  2147483647  0  3860  0  43803  0  0  2147483647  0  0  0  2147483647  0  
1441339974  3723414  0  0  0  8370  0  4895  157  0  2147483647  13505  2147483647  0  1844  0  0  0  208  21  2147483647  0  46  260  2147483647  0  3860  0  43803  0  0  2147483647  0  0  0  2147483647  0  
1441339974  3723414  0  0  0  8370  0  4895  157  0  2147483647  13505  2147483647  0  1844  0  0  0  208  21  2147483647  0  46  260  2147483647  0  3860  0  43803  0  0  2147483647  0  0  0  2147483647  0  
1441339975  3723414  0  0  0  8370  0  4895  157  0  2147483647  13505  2147483647  0  1844  0  0  0  208  21  2147483647  0  46  260  2147483647  0  3860  0  43803  0  0  2147483647  0  0  0  2147483647  0  
1441339975  3723414  0  0  0  8370  0  4895  157  0  2147483647  13505  2147483647  0  1844  0  0  0  208  21  2147483647  0  46  260  2147483647  0  3860  0  43803  0  0  2147483647  0  0  0  2147483647  0  
1441339976  3723414  0  0  0  8370  0  4895  157  0  2147483647  13505  2147483647  0  1844  0  0  0  208  21  2147483647  0  46  260  2147483647  0  3860  0  43803  0  0  2147483647  0  0  0  2147483647  0  
1441339976  3723414  0  0  0  8370  0  4895  157  0  2147483647  13505  2147483647  0  1844  0  0  0  208  21  2147483647  0  46  260  2147483647  0  3860  0  43803  0  0  2147483647  0  0  0  2147483647  0  
1441339977  3723414  0  0  0  8370  0  4895  157  0  2147483647  13505  2147483647  0  1844  0  0  0  208  21  2147483647  0  46  260  2147483647  0  3860  0  43803  0  0  2147483647  0  0  0  2147483647  0  
1441339977  3723414  0  0  0  8370  0  4895  157  0  2147483647  13505  2147483647  0  1844  0  0  0  208  21  2147483647  0  46  260  2147483647  0  3860  0  43803  0  0  2147483647  0  0  0  2147483647  0  
1441339978  3723414  0  0  0  8370  0  4895  157  0  2147483647  13505  2147483647  0  1844  0  0  0  208  21  2147483647  0  46  260  2147483647  0  3860  0  43803  0  0  2147483647  0  0  0  2147483647  0  
1441339978  3723414  0  0  0  8370  0  4895  157  0  2147483647  13505  2147483647  0  1844  0  0  0  208  21  2147483647  0  46  260  2147483647  0  3860  0  43803  0  0  2147483647  0  0  0  2147483647  0  
1441339979  3723414  0  0  0  8370  0  4895  157  0  2147483647  13505  2147483647  0  1844  0  0  0  208  21  2147483647  0  46  260  2147483647  0  3860  0  43803  0  0  2147483647  0  0  0  2147483647  0  
1441339979  3723414  0  0  0  8370  0  4895  157  0  2147483647  13505  2147483647  0  1844  0  0  0  208  21  2147483647  0  46  260  2147483647  0  3860  0  43803  0  0  2147483647  0  0  0  2147483647  0  
1441339980  3723414  0  0  0  8370  0  4895  157  0  2147483647  13505  2147483647  0  1844  0  0  0  208  21  2147483647  0  46  260  2147483647  0  3860  0  43803  0  0  2147483647  0  0  0  2147483647  0  
1441339980  3723414  0  0  0  8370  0  4895  157  0  2147483647  13505  2147483647  0  1844  0  0  0  208  21  2147483647  0  46  260  2147483647  0  3860  0  43803  0  0  2147483647  0  0  0  2147483647  0  
1441339981  3723414  0  0  0  8370  0  4895  157  0  2147483647  13505  2147483647  0  1844  0  0  0  208  21  2147483647  0  46  260  2147483647  0  3860  0  43803  0  0  2147483647  0  0  0  2147483647  0  
1441339981  3723414  0  0  0  8370  0  4895  157  0  2147483647  13505  2147483647  0  1844  0  0  0  208  21  2147483647  0  46  260  2147483647  0  3860  0  43803  0  0  2147483647  0  0  0  2147483647  0  
1441339982  3723414  0  0  0  8370  0  4895  157  0  2147483647  13505  2147483647  0  1844  0  0  0  208  21  2147483647  0  46  260  2147483647  0  3860  0  43803  0  0  2147483647  0  0  0  2147483647  0  
1441339982  3723414  0  0  0  8370  0  4895  157  0  2147483647  13505  2147483647  0  1844  0  0  0  208  21  2147483647  0  46  260  2147483647  0  3860  0  43803  0  0  2147483647  0  0  0  2147483647  0  
1441339983  3723414  0  0  0  8370  0  4895  157  0  2147483647  13505  2147483647  0  1844  0  0  0  208  21  2147483647  0  46  260  2147483647  0  3860  0  43803  0  0  2147483647  0  0  0  2147483647  0  
1441339983  3723414  0  0  0  8370  0  4895  157  0  2147483647  13505  2147483647  0  1844  0  0  0  208  21  2147483647  0  46  260  2147483647  0  3860  0  43803  0  0  2147483647  0  0  0  2147483647  0  
1441339984  3723414  0  0  0  8370  0  4895  157  0  2147483647  13505  2147483647  0  1844  0  0  0  208  21  2147483647  0  46  260  2147483647  0  3860  0  43803  0  0  2147483647  0  0  0  2147483647  0  
1441339984  3723414  0  0  0  8370  0  4895  157  0  2147483647  13505  2147483647  0  1844  0  0  0  208  21  2147483647  0  46  260  2147483647  0  3860  0  43803  0  0  2147483647  0  0  0  2147483647  0  
1441339985  3723414  0  0  0  8370  0  4895  157  0  2147483647  13505  2147483647  0  1844  0  0  0  208  21  2147483647  0  46  260  2147483647  0  3860  0  43803  0  0  2147483647  0  0  0  2147483647  0  
1441339985  3723414  0  0  0  8370  0  4895  157  0  2147483647  13505  2147483647  0  1844  0  0  0  208  21  2147483647  0  46  260  2147483647  0  3860  0  43803  0  0  2147483647  0  0  0  2147483647  0  
1441339986  3723414  0  0  0  8370  0  4895  157  0  2147483647  13505  2147483647  0  1844  0  0  0  208  21  2147483647  0  46  260  2147483647  0  3860  0  43803  0  0  2147483647  0  0  0  2147483647  0  
1441339986  3723414  0  0  0  8370  0  4895  157  0  2147483647  13505  2147483647  0  1844  0  0  0  208  21  2147483647  0  46  260  2147483647  0  3860  0  43803  0  0  2147483647  0  0  0  2147483647  0  
1441339987  3723414  0  0  0  8370  0  4895  157  0  2147483647  13505  2147483647  0  1844  0  0  0  208  21  2147483647  0  46  260  2147483647  0  3860  0  43803  0  0  2147483647  0  0  0  2147483647  0  
1441339987  3723414  0  0  0  8370  0  4895  157  0  2147483647  13505  2147483647  0  1844  0  0  0  208  21  2147483647  0  46  260  2147483647  0  3860  0  43803  0  0  2147483647  0  0  0  2147483647  0  
1441339988  3723414  0  0  0  8370  0  4895  157  0  2147483647  13505  2147483647  0  1844  0  0  0  208  21  2147483647  0  46  260  2147483647  0  3860  0  43803  0  0  2147483647  0  0  0  2147483647  0  
1441339988  3723414  0  0  0  8370  0  4895  157  0  2147483647  13505  2147483647  0  1844  0  0  0  208  21  2147483647  0  46  260  2147483647  0  3860  0  43803  0  0  2147483647  0  0  0  2147483647  0  
1441339989  3723414  0  0  0  8370  0  4895  157  0  2147483647  13505  2147483647  0  1844  0  0  0  208  21  2147483647  0  46  260  2147483647  0  3860  0  43803  0  0  2147483647  0  0  0  2147483647  0  
1441339989  3723414  0  0  0  8370  0  4895  157  0  2147483647  13505  2147483647  0  1844  0  0  0  208  21  2147483647  0  46  260  2147483647  0  3860  0  43803  0  0  2147483647  0  0  0  2147483647  0  
1441339990  3723414  0  0  0  8370  0  4895  157  0  2147483647  13505  2147483647  0  1844  0  0  0  208  21  2147483647  0  46  260  2147483647  0  3860  0  43803  0  0  2147483647  0  0  0  2147483647  0  
1441339990  3723414  0  0  0  8370  0  4895  157  0  2147483647  13505  2147483647  0  1844  0  0  0  208  21  2147483647  0  46  260  2147483647  0  3860  0  43803  0  0  2147483647  0  0  0  2147483647  0  
1441339991  3723414  0  0  0  8370  0  4895  157  0  2147483647  13505  2147483647  0  1844  0  0  0  208  21  2147483647  0  46  260  2147483647  0  3860  0  43803  0  0  2147483647  0  0  0  2147483647  0  
1441339991  3723414  0  0  0  8370  0  4895  157  0  2147483647  13505  2147483647  0  1844  0  0  0  208  21  2147483647  0  46  260  2147483647  0  3860  0  43803  0  0  2147483647  0  0  0  2147483647  0  
1441339992  3723414  0  0  0  8370  0  4895  157  0  2147483647  13505  2147483647  0  1844  0  0  0  208  21  2147483647  0  46  260  2147483647  0  3860  0  43803  0  0  2147483647  0  0  0  2147483647  0  
1441339992  3723414  0  0  0  8370  0  4895  157  0  2147483647  13505  2147483647  0  1844  0  0  0  208  21  2147483647  0  46  260  2147483647  0  3860  0  43803  0  0  2147483647  0  0  0  2147483647  0  
1441339993  3723414  0  0  0  8370  0  4895  157  0  2147483647  13505  2147483647  0  1844  0  0  0  208  21  2147483647  0  46  260  2147483647  0  3860  0  43803  0  0  2147483647  0  0  0  2147483647  0  
1441339993  3723414  0  0  0  8370  0  4895  157  0  2147483647  13505  2147483647  0  1844  0  0  0  208  21  2147483647  0  46  260  2147483647  0  3860  0  43803  0  0  2147483647  0  0  0  2147483647  0  
1441339994  3723414  0  0  0  8370  0  4895  157  0  2147483647  13505  2147483647  0  1844  0  0  0  208  21  2147483647  0  46  260  2147483647  0  3860  0  43803  0  0  2147483647  0  0  0  2147483647  0  
1441339994  3723414  0  0  0  8370  0  4895  157  0  2147483647  13505  2147483647  0  1844  0  0  0  208  21  2147483647  0  46  260  2147483647  0  3860  0  43803  0  0  2147483647  0  0  0  2147483647  0  
1441339995  3723414  0  0  0  8370  0  4895  157  0  2147483647  13505  2147483647  0  1844  0  0  0  208  21  2147483647  0  46  260  2147483647  0  3860  0  43803  0  0  2147483647  0  0  0  2147483647  0  
1441339995  3723414  0  0  0  8370  0  4895  157  0  2147483647  13505  2147483647  0  1844  0  0  0  208  21  2147483647  0  46  260  2147483647  0  3860  0  43803  0  0  2147483647  0  0  0  2147483647  0  
1441339996  3723414  0  0  0  8370  0  4895  157  0  2147483647  13505  2147483647  0  1844  0  0  0  208  21  2147483647  0  46  260  2147483647  0  3860  0  43803  0  0  2147483647  0  0  0  2147483647  0  
1441339996  3723414  0  0  0  8370  0  4895  157  0  2147483647  13505  2147483647  0  1844  0  0  0  208  21  2147483647  0  46  260  2147483647  0  3860  0  43803  0  0  2147483647  0  0  0  2147483647  0  
1441339997  3723414  0  0  0  8370  0  4895  157  0  2147483647  13505  2147483647  0  1844  0  0  0  208  21  2147483647  0  46  260  2147483647  0  3860  0  43803  0  0  2147483647  0  0  0  2147483647  0  
1441339997  3723414  0  0  0  8370  0  4895  157  0  2147483647  13505  2147483647  0  1844  0  0  0  208  21  2147483647  0  46  260  2147483647  0  3860  0  43803  0  0  2147483647  0  0  0  2147483647  0  
1441339998  3723414  0  0  0  8370  0  4895  157  0  2147483647  13505  2147483647  0  1844  0  0  0  208  21  2147483647  0  46  260  2147483647  0  3860  0  43803  0  0  2147483647  0  0  0  2147483647  0  
1441339998  3723414  0  0  0  8370  0  4895  157  0  2147483647  13505  2147483647  0  1844  0  0  0  208  21  2147483647  0  46  260  2147483647  0  3860  0  43803  0  0  2147483647  0  0  0  2147483647  0  
1441339999  3723414  0  0  0  8370  0  4895  157  0  2147483647  13505  2147483647  0  1844  0  0  0  208  21  2147483647  0  46  260  2147483647  0  3860  0  43803  0  0  2147483647  0  0  0  2147483647  0  
1441339999  3723414  0  0  0  8370  0  4895  157  0  2147483647  13505  2147483647  0  1844  0  0  0  208  21  2147483647  0  46  260  2147483647  0  3860  0  43803  0  0  2147483647  0  0  0  2147483647  0  
1441340000  3723414  0  0  0  8370  0  4895  157  0  2147483647  13505  2147483647  0  1844  0  0  0  208  21  2147483647  0  46  260  2147483647  0  3860  0  43803  0  0  2147483647  0  0  0  2147483647  0  
1441340000  3723414  0  0  0  8370  0  4895  157  0  2147483647  13505  2147483647  0  1844  0  0  0  208  21  2147483647  0  46  260  2147483647  0  3860  0  43803  0  0  2147483647  0  0  0  2147483647  0  
1441340001  3723414  0  0  0  8370  0  4895  157  0  2147483647  13505  2147483647  0  1844  0  0  0  208  21  2147483647  0  46  260  2147483647  0  3860  0  43803  0  0  2147483647  0  0  0  2147483647  0  
1441340001  3723414  0  0  0  8370  0  4895  157  0  2147483647  13505  2147483647  0  1844  0  0  0  208  21  2147483647  0  46  260  2147483647  0  3860  0  43803  0  0  2147483647  0  0  0  2147483647  0  
1441340002  3728498  0  0  0  8370  0  4896  157  0  2147483647  13505  2147483647  0  1844  0  0  0  208  21  2147483647  0  47  260  2147483647  0  4758  0  48561  0  0  2147483647  0  0  0  2147483647  0  
1441340002  3728498  0  0  0  8370  0  4896  157  0  2147483647  13505  2147483647  0  1844  0  0  0  208  21  2147483647  0  47  260  2147483647  0  4758  0  48561  0  0  2147483647  0  0  0  2147483647  0  
1441340003  3728498  0  0  0  8370  0  4896  157  0  2147483647  13505  2147483647  0  1844  0  0  0  208  21  2147483647  0  47  260  2147483647  0  4758  0  48561  0  0  2147483647  0  0  0  2147483647  0  
1441340003  3728498  0  0  0  8370  0  4896  157  0  2147483647  13505  2147483647  0  1844  0  0  0  208  21  2147483647  0  47  260  2147483647  0  4758  0  48561  0  0  2147483647  0  0  0  2147483647  0  
1441340004  3728498  0  0  0  8370  0  4896  157  0  2147483647  13505  2147483647  0  1844  0  0  0  208  21  2147483647  0  47  260  2147483647  0  4758  0  48561  0  0  2147483647  0  0  0  2147483647  0  
1441340004  3728498  0  0  0  8370  0  4896  157  0  2147483647  13505  2147483647  0  1844  0  0  0  208  21  2147483647  0  47  260  2147483647  0  4758  0  48561  0  0  2147483647  0  0  0  2147483647  0  
1441340005  3728498  0  0  0  8370  0  4896  157  0  2147483647  13505  2147483647  0  1844  0  0  0  208  21  2147483647  0  47  260  2147483647  0  4758  0  48561  0  0  2147483647  0  0  0  2147483647  0  
1441340006  3728498  0  0  0  8370  0  4896  157  0  2147483647  13505  2147483647  0  1844  0  0  0  208  21  2147483647  0  47  260  2147483647  0  4758  0  48561  0  0  2147483647  0  0  0  2147483647  0  
1441340006  3728498  0  0  0  8370  0  4896  157  0  2147483647  13505  2147483647  0  1844  0  0  0  208  21  2147483647  0  47  260  2147483647  0  4758  0  48561  0  0  2147483647  0  0  0  2147483647  0  
1441340007  3728498  0  0  0  8370  0  4896  157  0  2147483647  13505  2147483647  0  1844  0  0  0  208  21  2147483647  0  47  260  2147483647  0  4758  0  48561  0  0  2147483647  0  0  0  2147483647  0  
1441340007  3728498  0  0  0  8370  0  4896  157  0  2147483647  13505  2147483647  0  1844  0  0  0  208  21  2147483647  0  47  260  2147483647  0  4758  0  48561  0  0  2147483647  0  0  0  2147483647  0  
1441340008  3728498  0  0  0  8370  0  4896  157  0  2147483647  13505  2147483647  0  1844  0  0  0  208  21  2147483647  0  47  260  2147483647  0  4758  0  48561  0  0  2147483647  0  0  0  2147483647  0  
1441340008  3728498  0  0  0  8370  0  4896  157  0  2147483647  13505  2147483647  0  1844  0  0  0  208  21  2147483647  0  47  260  2147483647  0  4758  0  48561  0  0  2147483647  0  0  0  2147483647  0  
1441340009  3728498  0  0  0  8370  0  4896  157  0  2147483647  13505  2147483647  0  1844  0  0  0  208  21  2147483647  0  47  260  2147483647  0  4758  0  48561  0  0  2147483647  0  0  0  2147483647  0  
1441340009  3728498  0  0  0  8370  0  4896  157  0  2147483647  13505  2147483647  0  1844  0  0  0  208  21  2147483647  0  47  260  2147483647  0  4758  0  48561  0  0  2147483647  0  0  0  2147483647  0  
1441340010  3728498  0  0  0  8370  0  4896  157  0  2147483647  13505  2147483647  0  1844  0  0  0  208  21  2147483647  0  47  260  2147483647  0  4758  0  48561  0  0  2147483647  0  0  0  2147483647  0  
1441340010  3728498  0  0  0  8370  0  4896  157  0  2147483647  13505  2147483647  0  1844  0  0  0  208  21  2147483647  0  47  260  2147483647  0  4758  0  48561  0  0  2147483647  0  0  0  2147483647  0  
1441340011  3728498  0  0  0  8370  0  4896  157  0  2147483647  13505  2147483647  0  1844  0  0  0  208  21  2147483647  0  47  260  2147483647  0  4758  0  48561  0  0  2147483647  0  0  0  2147483647  0  
1441340011  3728498  0  0  0  8370  0  4896  157  0  2147483647  13505  2147483647  0  1844  0  0  0  208  21  2147483647  0  47  260  2147483647  0  4758  0  48561  0  0  2147483647  0  0  0  2147483647  0  
1441340012  3728498  0  0  0  8370  0  4896  157  0  2147483647  13505  2147483647  0  1844  0  0  0  208  21  2147483647  0  47  260  2147483647  0  4758  0  48561  0  0  2147483647  0  0  0  2147483647  0  
1441340012  3854761  0  0  0  8370  0  4996  157  0  2147483647  13505  2147483647  0  1844  0  0  0  208  21  2147483647  0  52  260  2147483647  0  4758  0  62137  0  0  2147483647  0  0  0  2147483647  0  
1441340013  3997563  3432  218179783  148401  8370  144732  5140  157  3427  6490  42404  5849  292930  1844  62472  215259557  5  208  124  55706  295  270  248  3336  135160  47196  18980721  618636  20022741  16  390  144429  2698  298  2752  12745  
1441340013  3997563  3432  218179783  148401  8370  144732  5140  157  3427  6490  42404  5849  292930  1844  62472  215259557  5  208  124  55706  295  270  248  3336  135160  47196  18980721  618636  20022741  16  390  144429  2698  298  2752  12745  
1441340014  4018724  3432  218179783  148401  8370  144732  5196  157  3427  6490  42404  5849  292930  1844  62472  215259557  5  208  124  55706  326  270  248  3336  135160  47196  19698464  618636  20789764  16  390  144429  2698  329  2752  12745  
1441340014  4018724  3432  218179783  148401  8370  144732  5196  157  3427  6490  42404  5849  292930  1844  62472  215259557  5  208  124  55706  326  270  248  3336  135160  47196  19698464  618636  20789764  16  390  144429  2698  329  2752  12745  
1441340015  4018724  3432  218179783  148401  8370  144732  5196  157  3427  6490  42404  5849  292930  1844  62472  215259557  5  208  124  55706  326  270  248  3336  135160  47196  19698464  618636  20789764  16  390  144429  2698  329  2752  12745  
1441340015  4018724  3432  218179783  148401  8370  144732  5196  157  3427  6490  42404  5849  292930  1844  62472  215259557  5  208  124  55706  326  270  248  3336  135160  47196  19698464  618636  20789764  16  390  144429  2698  329  2752  12745  
1441340016  4018724  3432  218179783  148401  8370  144732  5196  157  3427  6490  42404  5849  292930  1844  62472  215259557  5  208  124  55706  326  270  248  3336  135160  47196  19698464  618636  20789764  16  390  144429  2698  329  2752  12745  
1441340016  4018724  3432  218179783  148401  8370  144732  5196  157  3427  6490  42404  5849  292930  1844  62472  215259557  5  208  124  55706  326  270  248  3336  135160  47196  19698464  618636  20789764  16  390  144429  2698  329  2752  12745  
1441340017  4018724  3432  218179783  148401  8370  144732  5196  157  3427  6490  42404  5849  292930  1844  62472  215259557  5  208  124  55706  326  270  248  3336  135160  47196  19698464  618636  20789764  16  390  144429  2698  329  2752  12745  
1441340017  4018724  3432  218179783  148401  8370  144732  5196  157  3427  6490  42404  5849  292930  1844  62472  215259557  5  208  124  55706  326  270  248  3336  135160  47196  19698464  618636  20789764  16  390  144429  2698  329  2752  12745  
1441340018  4018724  3432  218179783  148401  8370  144732  5196  157  3427  6490  42404  5849  292930  1844  62472  215259557  5  208  124  55706  326  270  248  3336  135160  47196  19698464  618636  20789764  16  390  144429  2698  329  2752  12745  
1441340018  4018724  3853  245743075  148401  8370  144732  5196  157  3836  6490  1579627  5849  1166429  3115  120011  243157558  17  205  6387  55706  326  270  248  3336  135160  47196  19698464  618636  20789764  35  390  144429  2698  329  2752  23363  
1441340019  4018724  3853  245743075  148401  8370  144732  5196  157  3836  6490  1579627  5849  1166429  3115  120011  243157558  17  205  6387  55706  326  270  248  3336  135160  47196  19698464  618636  20789764  35  390  144429  2698  329  2752  23363  
1441340019  4018724  3853  245743075  148401  8370  144732  5196  157  3836  6490  3601577  5849  1166429  4867  120011  243157558  17  205  14002  55706  326  270  248  3336  135160  47196  19698464  618636  20789764  35  390  144429  2698  329  2752  23363  
1441340020  4018724  3853  245743075  148401  8370  144732  5196  157  3836  6490  5516909  5849  1166429  4867  120011  243157558  17  205  21767  55706  326  270  248  3336  135160  47196  19698464  618636  20789764  35  390  144429  2698  329  2752  23363  
1441340020  4018724  3853  245743075  148401  8370  144732  5196  157  3836  6490  6867044  5849  1166429  8726  120011  243157558  17  205  26604  55706  326  270  248  3336  135160  47196  19698464  618636  20789764  35  390  144429  2698  329  2752  23363  
1441340021  4020832  3853  245743075  148401  8370  144732  5197  157  3836  6490  12253198  5849  1166429  8726  120011  243157558  17  205  48784  55706  407  270  248  3336  135160  47196  25693567  618636  27057271  35  390  144429  2698  410  2752  23363  
1441340021  4020832  3853  245743075  148401  8370  144732  5197  157  3836  6490  14584970  5849  1166429  8726  120011  243157558  17  205  57532  55706  407  270  248  3336  135160  47196  25693567  618636  27057271  35  390  144429  2698  410  2752  23363  
1441340022  4020832  3853  245743075  148401  8370  144732  5197  157  3836  6490  14584970  5849  1166429  8726  120011  243157558  17  205  57532  55706  407  270  248  3336  135160  47196  25693567  618636  27057271  35  390  144429  2698  410  2752  23363  
1441340022  4058293  4563  324366522  453840  8370  447175  5335  157  4546  6490  21166872  5849  1166429  8726  120011  320584069  17  205  77452  55706  410  272  248  3336  138834  47196  26085888  621403  27478453  37  390  154985  2698  413  2752  24443  
1441340023  5906991  4577  325403383  453840  8370  447175  7375  157  4559  6490  23859997  5849  1275219  8726  120011  321705123  18  205  80636  55706  410  274  248  3336  138834  47196  26085888  628396  27478453  37  390  154985  2698  413  2752  24443  
1441340023  6414604  4645  339473866  504695  8509  493489  8002  157  4627  6490  31574078  5849  1275219  10354  120011  335410577  18  205  94649  55706  410  280  248  3336  138834  47196  26085888  641685  27478453  82  390  154985  2698  413  2752  66321  
1441340024  7574940  4645  339473866  504695  8509  493489  9123  157  4627  6490  38877089  5849  1275219  10354  120011  335410577  18  205  104564  55706  410  284  248  3336  138834  47196  26085888  651401  27478453  82  390  154985  2698  413  2752  66321  
1441340024  8591460  4645  339473866  504695  8726  493489  10176  157  4627  6490  38877089  5849  1275219  10354  120011  335410577  18  205  104564  55706  410  284  248  3336  138834  47196  26085888  651401  27478453  82  390  154985  2698  413  2752  66321  
1441340025  9911785  4645  339473866  504695  10339  493489  11493  157  4627  6490  49241049  5849  1275219  10354  120011  335410577  18  205  114736  55706  410  293  248  3336  138834  47196  26085888  680744  27478453  82  390  154985  2698  413  2752  66321  
1441340025  9911785  4645  339473866  504695  10339  493489  11493  157  4627  6490  49241049  5849  1275219  10354  120011  335410577  18  205  114736  55706  410  293  248  3336  138834  47196  26085888  680744  27478453  82  390  154985  2698  413  2752  66321  
1441340026  11192121  4645  339473866  504695  10339  493489  12836  157  4627  6490  49697864  5849  1275219  10354  120011  335410577  18  205  115472  55706  410  293  248  3336  138834  47196  26085888  680744  27478453  82  390  154985  2698  413  2752  66321  
1441340026  13414547  5056  494118257  535912  10339  521311  14948  157  5038  6490  55443869  5849  1275219  10354  120011  486191585  18  205  122462  55706  410  293  248  3336  138834  47196  26085888  680744  27478453  493  390  154985  3395  413  2752  742592  
1441340027  14911503  5482  594208974  547832  12322  530797  16418  157  5463  6490  60962982  5849  1586800  13826  311581  584173053  19  205  128403  55706  410  293  248  3336  138834  47196  26085888  680744  27478453  836  381  154985  3395  413  2752  1131117  
1441340027  15974443  7121  944642883  592147  12322  565936  17952  157  7102  6490  64728650  5849  1586800  13826  311581  925523429  19  205  132776  55706  410  295  248  3336  138834  47196  26085888  685036  27478453  2473  381  154985  4371  413  2752  2901452  
1441340028  19385065  8438  1272193930  592147  12322  565936  20832  157  8419  6490  67595312  5849  1586800  13826  311581  1243641683  19  205  135824  55706  410  295  248  3336  138834  47196  26085888  685036  27478453  3790  381  154985  4371  413  2752  4689993  
1441340028  19897080  10132  1558650112  592147  12322  565936  21475  157  10113  6490  71675605  5849  1586800  13826  311581  1520786501  19  205  140511  55706  410  296  248  3336  138834  47196  26085888  690058  27478453  5359  378  154985  5952  413  2752  6433987  
1441340029  19897080  10132  1558650112  592147  12322  565936  21475  157  10113  6490  71675605  5849  1586800  13826  311581  1520786501  19  205  140511  55706  410  296  248  3336  138834  47196  26085888  690058  27478453  5359  378  154985  5952  413  2752  6433987  
1441340030  21781995  11934  2053798906  592147  12322  565936  23683  157  11915  6490  76175291  5849  1586800  13826  311581  2003004620  19  205  146174  55706  410  296  248  3336  138834  47196  26085888  690058  27478453  7160  378  154985  6619  413  2752  8866885  
1441340030  23837828  13035  2338056335  592147  12322  565936  25827  157  13016  6490  80203811  5849  1586800  13826  311581  2279957304  19  205  150523  55706  410  296  248  3336  138834  47196  26085888  690058  27478453  8258  378  154985  6619  413  2752  10258151  
1441340031  26419149  14077  2626443852  668980  38502  640677  28195  157  14058  6490  83979165  5849  1586800  13826  311581  2560887118  19  205  154769  55706  410  296  248  3336  138834  47196  26085888  690058  27478453  9289  378  154985  6619  413  2752  11656528  
1441340031  29131896  14351  2703699910  668980  38502  640677  30810  157  14332  6490  88600248  5849  1586800  13826  311581  2636439019  19  205  159739  55706  411  298  248  3336  138834  47196  26154475  694646  31371783  10006  378  154985  9905  858  2752  13669520  
1441340032  31684167  15669  3071666247  668980  38502  640677  33543  157  15650  6490  90028249  5849  1586800  13826  311581  2994708676  19  205  161374  55706  411  298  248  3336  138834  47196  26154475  694646  31371783  11132  378  154985  9905  858  2752  15378948  
1441340032  33574930  17606  3501237017  668980  38502  640677  35772  157  17587  6369  96064279  5550  1586800  15407  311581  3413349221  19  205  168296  55706  414  305  248  3336  138834  2891618  26184247  3594266  31409724  12882  378  154985  9905  861  2752  17407592  
1441340033  33574930  17606  3501237017  668980  38502  640677  35772  157  17587  6369  96064279  5550  1586800  15407  311581  3413349221  19  205  168296  55706  414  305  248  3336  138834  2891618  26184247  3594266  31409724  12882  378  154985  9905  861  2752  17407592  
1441340033  34678078  20159  3990876930  668980  38502  640677  37596  157  20140  6369  97641854  5550  1586800  15407  311581  3891981371  19  205  170536  55706  414  306  248  3336  138834  2891618  26184247  3595506  31409724  15434  378  154985  9905  861  2752  19961291  
1441340034  38228184  20301  4039853707  668980  38502  640677  40751  157  20282  6369  101444606  5550  1586800  15407  311581  3939892819  19  205  176674  55706  415  313  248  3336  138834  2891618  26250726  3611448  33658530  15829  378  154985  9905  1115  2752  21103697  
1441340034  38735411  21992  4413702540  668980  38502  640677  41337  157  21973  6369  104848930  5550  1586800  15407  311581  4304491526  19  205  183071  55706  415  315  248  3336  138834  2891618  26250726  3612661  33658530  17514  378  154985  9905  1115  2752  22914519  
1441340035  38835785  23577  4751271854  668980  38502  640677  41437  157  23558  6297  107226676  5550  1586800  15407  311581  4632611946  19  205  185873  55706  415  316  248  3336  138834  2891618  26250726  3617404  33658530  18730  378  154985  9905  1115  2752  24517851  
1441340035  38909766  26933  5349936326  668980  38502  640677  41565  157  26914  6297  110173930  5550  1586800  15407  311581  5214453303  19  205  192156  55706  539  318  248  3336  138834  2891618  28710151  3619739  36212028  21122  378  154985  9905  1239  2752  27334786  
1441340036  38999654  30344  5924186713  668980  38502  640677  41794  157  30325  6297  111902310  5550  1586800  15407  311581  5773489347  19  205  196057  55706  539  320  248  3336  138834  2891618  28710151  3621456  38962612  24683  257  154985  9905  2090  2302  31503052  
1441340036  38999654  30344  5924186713  668980  38502  640677  41794  157  30325  6297  111902310  5550  1586800  15407  311581  5773489347  19  205  196057  55706  539  320  248  3336  138834  2891618  28710151  3621456  38962612  24683  257  154985  9905  2090  2302  31503052  
1441340037  39607133  31689  6190339286  668980  38502  640677  42639  157  31670  6297  114570558  5550  1586800  15407  311581  6032993646  19  205  200172  55706  2165  323  248  3336  138834  2891618  117651664  4241326  131086408  25489  257  154985  9905  3716  2302  32670187  
1441340037  40314334  32592  6441305063  668980  38502  640677  43392  157  32573  6297  117429975  5550  1586800  15407  311581  6278369542  19  205  203321  55706  2168  323  248  3336  138834  2891618  117869749  4241326  131340143  26270  257  154985  9905  3719  2302  33839129  
1441340038  41508388  35594  6971338409  668980  38502  640677  45312  157  35575  6297  119234716  5550  1586800  15407  311581  6796208056  19  205  207947  55706  2291  324  248  3336  138834  2891618  120323901  4242218  145505593  32835  257  154985  9905  7426  1521  42422469  
1441340038  42894524  35594  6971338409  668980  38502  640677  46674  157  35575  6297  124925697  5550  1586800  15407  311581  6796208056  19  205  214674  55706  2291  330  248  3336  138834  2891618  120323901  4256347  145505593  32835  257  154985  9905  7426  1521  42422469  
1441340039  44963386  39372  7185549720  668980  38502  640677  48893  157  39353  6194  129334242  5525  1586800  15407  311581  7004110240  19  205  220586  55706  2346  332  248  3336  138834  2891618  121397348  4261059  174237270  39606  257  154985  23209  12919  1521  56066352  
1441340039  46244542  42255  7626997630  706800  38502  679737  50881  157  42236  6194  132206202  5525  1586800  15407  311581  7434467841  19  205  225220  55706  2470  336  248  3336  138834  9711571  123867282  13976733  177686201  41415  257  154985  23209  13157  1521  58386695  
1441340040  47196177  47511  8360351691  706800  38502  679737  52567  157  47492  6194  133240749  5525  1586800  15407  311581  8151361685  19  205  227037  55706  2474  343  248  3336  138834  9711571  123908604  14993180  177737818  46018  257  154985  23209  13161  1521  62206303  
1441340040  47196177  47511  8360351691  706800  38502  679737  52567  157  47492  6194  133240749  5525  1586800  15407  311581  8151361685  19  205  227037  55706  2474  343  248  3336  138834  9711571  123908604  14993180  177737818  46018  257  154985  23209  13161  1521  62206303  
1441340041  48146840  51426  9036821427  706800  38502  679737  54463  157  51407  6091  134697392  5522  1586800  15407  311581  8813405603  19  205  229379  55706  2474  343  248  3336  138834  9711571  123908604  14993180  177737818  49472  257  154985  23209  13161  1521  65537426  
1441340041  48985957  54922  9610135680  706800  38502  679737  55779  157  54903  6091  137312984  5522  1586800  15407  311581  9373388959  19  205  234778  55706  2478  345  248  3336  138834  9711571  124005448  15071472  177843148  52235  257  154985  23209  13165  1521  68402275  
1441340042  50026865  54922  9610135680  706800  38502  679737  56840  157  54903  6091  139722336  5522  1586800  15407  311581  9373388959  19  205  237717  55706  2590  350  248  3336  138834  9711571  133110845  21026293  189805722  52519  257  154985  23209  13561  1521  69456054  
1441340042  52291851  56067  9737900175  706800  38502  679737  58970  157  56048  6091  145053014  5522  1586800  15407  311581  9496934565  19  205  243276  55706  2590  352  248  3336  138834  9711571  133110845  21032881  189805722  52884  257  154985  23209  13561  1521  69961102  
1441340043  53935140  59835  10053931799  706800  38502  679737  61050  157  59815  6091  149624906  5441  1839481  15407  311581  9805380138  20  205  250161  55706  2591  354  248  3336  138834  9711571  133122945  21885828  213126716  60627  257  154985  23209  19000  1521  82468444  
1441340043  54049208  62037  10365333534  706800  38502  679737  61210  157  62017  6091  152981314  5441  1839481  15407  311581  10108592855  20  205  255090  55706  2715  356  248  3336  138834  9711571  138345366  21887159  218544863  61846  257  154985  23209  19124  1521  83879633  
1441340044  54049208  62037  10365333534  706800  38502  679737  61210  157  62017  6091  152981314  5441  1839481  15407  311581  10108592855  20  205  255090  55706  2715  356  248  3336  138834  9711571  138345366  21887159  218544863  61846  257  154985  23209  19124  1521  83879633  
1441340044  54759683  63862  10643393633  706800  38502  679737  61909  157  63842  6091  154491700  5441  1839481  15407  311581  10379867730  20  205  257036  55706  2715  356  248  3336  138834  9711571  138345366  21887159  218544863  62924  257  154985  23209  19124  1521  85124435  
1441340045  55614542  65731  10935600903  706800  38502  679737  62773  157  65711  6091  158487342  5441  1839481  15407  311581  10665347631  20  205  261294  55706  3487  361  248  3336  138834  9711571  163362564  25081970  244480230  64024  257  154985  23209  19896  1521  86286327  
1441340045  56889804  69313  11512298737  706800  38502  679737  64620  157  69293  6091  160174540  5441  1839481  15407  311581  11230061189  20  205  265283  55706  4337  365  248  3336  138834  9711571  180136283  30547918  261871167  67538  257  154985  23209  20749  1521  89243622  
1441340046  57349072  71454  11926730105  706800  38502  679737  65549  157  71434  6091  161508722  5441  1839481  15407  311581  11635709004  20  205  266750  55706  4339  367  248  3336  138834  9711571  180157797  30549670  261903213  69570  257  154985  23209  20751  1521  91237235  
1441340046  57991291  71835  11963740475  706800  38502  679737  66199  157  71815  6091  167421200  5441  1839481  15407  311581  11671480864  20  205  273526  55706  4462  370  248  3336  138834  9711571  190146710  30558428  272263974  69697  257  154985  23209  20874  1521  91379057  
1441340047  58968240  72143  12002993039  706800  38502  679737  67201  157  72123  6064  172870674  5441  1839481  15407  311581  11709564266  20  205  282538  55706  5837  374  248  3336  138834  9711571  268299966  30575722  356753111  70849  257  154985  23209  23264  1521  93305646  
1441340047  58968240  72143  12002993039  706800  38502  679737  67201  157  72123  6064  172870674  5441  1839481  15407  311581  11709564266  20  205  282538  55706  5837  374  248  3336  138834  9711571  268299966  30575722  356753111  70849  257  154985  23209  23264  1521  93305646  
1441340048  61020265  75914  12063985443  714705  38502  699360  69179  157  75894  6064  180690013  5441  1839481  15407  311581  11765306868  20  205  292551  55706  7887  375  248  3336  138834  9711571  330710988  30758435  452729965  76335  257  154985  23209  30752  1521  107467668  
1441340048  62431836  77164  12101721031  714705  38502  699360  70331  157  77144  6064  185146097  5441  1839481  15407  311581  11799351259  20  205  297125  55706  7887  375  248  3336  138834  9711571  330710988  30758435  452729965  76345  257  154985  23209  30752  1521  107484332  
1441340049  64492395  79464  12255825582  714705  38502  699360  72283  157  79444  6064  187863417  5441  1839481  15407  311581  11947540352  20  205  300023  55706  7887  375  248  3336  138834  9711571  330710988  30758435  452729965  77173  257  154985  23209  30752  1521  108117749  
1441340049  65405310  81324  12322367447  714705  38502  699360  73039  157  81304  6064  191038528  5441  1839481  15407  311581  12008957671  20  205  303345  55706  7888  378  248  3336  138834  9711571  330745429  33388754  454298185  77396  257  154985  23209  30918  1521  108843894  
1441340050  66005241  87125  12990937935  714705  38502  709962  74212  157  87105  6064  192698461  5441  1839481  15407  311581  12662887901  20  205  305548  55706  10561  378  248  3336  138834  9711571  384711593  33388754  510455713  82849  257  154985  23209  33630  1521  112602537  
1441340051  67404708  89807  13084265165  714705  38502  709962  75393  157  89787  6064  195198944  5441  1839481  15407  311581  12748692327  20  205  308151  55706  10564  380  248  3336  138834  9711571  384941907  33398720  511011053  82974  257  154985  23209  33701  1521  112835298  
1441340051  67404708  89807  13084265165  714705  38502  709962  75393  157  89787  6064  195198944  5441  1839481  15407  311581  12748692327  20  205  308151  55706  10564  380  248  3336  138834  9711571  384941907  33398720  511011053  82974  257  154985  23209  33701  1521  112835298  
1441340052  68169888  90258  13101402999  714705  38502  709962  76187  157  90238  6064  199571032  5441  1839481  15407  311581  12764431500  20  205  312716  55706  10680  380  248  3336  138834  9711571  394342131  33398720  523265941  83270  257  154985  23209  34101  1521  113901074  
1441340052  69607436  91513  13142813834  714705  38502  709962  77967  157  91493  6064  204336413  5441  1839481  15407  311581  12802701676  20  205  318701  55706  11767  381  248  3336  138834  9711571  433851560  33402022  570393561  84024  257  154985  23209  35907  1521  116572680  
1441340053  71502835  92498  13333983244  714705  38502  709962  79871  157  92478  6064  209191755  5441  1839481  15407  311581  12989623218  20  205  324471  55706  13148  382  248  3336  138834  9711571  475435499  33403210  613416433  84702  257  154985  23209  37288  1521  117434348  
1441340053  72760854  93734  13372543625  714705  38502  709962  81176  157  93714  6064  215667164  5441  1839481  15407  311581  13025291210  20  205  331002  55706  13148  386  248  3336  138834  9711571  475435499  35589548  618727936  85361  257  154985  23209  37915  1521  119722470  
1441340054  74392890  96283  13647716907  714705  38502  709962  82959  157  96263  6064  220038291  5441  1839481  15407  311581  13293869388  20  205  336430  55706  15198  393  248  3336  138834  9711571  521411671  35600002  666334199  86306  257  154985  23209  39965  1521  120909330  
1441340054  75191874  97365  13847320781  714705  38502  709962  83686  157  97345  6064  224313440  5441  1839481  15407  311581  13489208025  20  205  342077  55706  15981  399  248  3336  138834  9711571  543121344  35611301  695465046  88338  257  154985  23209  41976  1515  124786330  
1441340055  75191874  97365  13847320781  714705  38502  709962  83686  157  97345  6064  224313440  5441  1839481  15407  311581  13489208025  20  205  342077  55706  15981  399  248  3336  138834  9711571  543121344  35611301  695465046  88338  257  154985  23209  41976  1515  124786330  
1441340055  76163739  101068  13955912789  714705  39231  709962  84678  157  101048  6064  227482639  5441  1839481  15407  311581  13589068114  20  205  345786  55706  16833  402  248  3336  138834  9711571  587736368  36675605  741750869  88412  257  154985  23209  42831  1515  124917411  
1441340056  77944057  103241  14103372497  714705  39231  709962  86465  157  103221  6064  230864286  5441  1839481  15407  311581  13730267719  20  205  349774  55706  17778  404  248  3336  138834  9711571  609850292  36902835  764673423  88746  257  154985  23209  43776  1515  125390034  
1441340056  80576558  104940  14425042149  714705  39231  709962  89095  157  104919  6064  235386413  5441  1897513  15407  311581  14044233260  21  205  354554  55706  17829  404  248  3336  138834  9711571  614000621  36902835  769018924  89776  257  154985  23209  43827  1515  126766227  
1441340057  82224723  107702  14568564930  714705  39231  709962  90730  157  107681  6064  237745153  5441  1897513  15407  311581  14179580389  21  205  357556  55706  17829  407  248  3336  138834  9711571  614000621  38895081  769018924  90026  257  154985  23209  43827  1515  127109704  
1441340057  84039525  110044  14842815002  714705  39231  709962  92554  157  110023  6064  241693864  5441  1897513  15407  311581  14446700193  21  205  361647  55706  17829  407  248  3336  138834  9711571  614000621  38895081  769018924  91305  257  154985  23209  43827  1515  128336908  
1441340058  85005175  111479  14934684274  714705  39231  709962  93482  157  111458  6064  245349704  5441  1897513  15407  311581  14534453850  21  205  365679  55706  17829  408  248  3336  138834  9711571  614000621  38896530  769018924  91678  257  154985  23209  43827  1515  128649385  
1441340058  85005175  111479  14934684274  714705  39231  709962  93482  157  111458  6064  245349704  5441  1897513  15407  311581  14534453850  21  205  365679  55706  17829  408  248  3336  138834  9711571  614000621  38896530  769018924  91678  257  154985  23209  43827  1515  128649385  
1441340059  86815638  114168  15245933996  714705  39231  709962  95786  157  114147  6064  249126196  5441  1897513  15407  311581  14836249122  21  205  371180  55706  19878  410  248  3336  138834  9711571  681967541  38897948  839401690  92727  257  154985  23209  45876  1515  129905941  
1441340059  88182593  115971  15448675491  714705  39231  709962  97226  157  115950  6064  251757978  5441  1897513  15407  311581  15032627123  21  205  374482  55706  19883  410  248  3336  138834  9711571  682059062  38897948  842859003  94194  257  154985  23209  46801  1515  132309850  
1441340060  89817170  117382  15499685957  714705  39231  709962  98987  157  117361  6064  254931250  5441  1897513  15407  311581  15079570979  21  205  378060  55706  19883  412  248  3336  138834  9711571  682059062  38902908  842859003  94248  257  154985  23209  46801  1515  132375090  
1441340060  92412003  121893  15644193811  714705  39231  709962  101740  157  121872  6064  258852730  5441  1897513  15407  311581  15215073297  21  205  385866  55706  24192  416  248  3336  138834  9711571  828435074  39788032  995408242  94727  257  154985  23209  51399  1515  133159732  
1441340061  96144673  123480  15726914746  714705  39231  709962  105356  157  123459  6064  262903451  5441  1897513  15407  311581  15292829432  21  205  389816  55706  24216  418  248  3336  138834  9711571  829126169  43733650  996129040  94830  257  154985  23209  51423  1515  133333757  
1441340061  98211144  124038  15790772941  714705  39231  709962  107372  157  124017  6064  266023966  5441  1897513  15407  311581  15354550858  21  205  393064  55706  24216  418  248  3336  138834  9711571  829126169  43733650  996129040  95020  257  154985  23209  51423  1515  133587296  
1441340062  98211144  124038  15790772941  714705  39231  709962  107372  157  124017  6064  266023966  5441  1897513  15407  311581  15354550858  21  205  393064  55706  24216  418  248  3336  138834  9711571  829126169  43733650  996129040  95020  257  154985  23209  51423  1515  133587296  
1441340062  100356521  126409  16157907404  714705  39231  709962  109836  157  126388  6064  268476845  5441  1897513  15407  311581  15712111172  21  205  396262  55706  24393  418  248  3336  141779  9711571  847272004  43733650  1014869431  96358  257  154985  23209  51600  1515  135189272  
1441340063  101880748  127734  16327117479  714705  39231  709962  111660  157  127713  6064  270793832  5441  1897513  15407  311581  15876647173  21  205  399029  55706  24393  418  248  3336  141779  9711571  847272004  43733650  1014869431  96856  257  154985  23209  51600  1515  135868790  
1441340063  102318700  128536  16398237228  714705  39231  709962  112186  157  128515  6064  271886635  5441  1897513  15407  311581  15945021991  21  205  400275  55706  24396  418  248  3336  141779  9711571  847332283  43733650  1014938441  97019  257  154985  23209  51603  1515  136116792  
1441340064  102318700  128536  16398237228  714705  39231  709962  112186  157  128515  6064  271886635  5441  1897513  15407  311581  15945021991  21  205  400275  55706  24396  418  248  3336  141779  9711571  847332283  43733650  1014938441  97019  257  154985  23209  51603  1515  136116792  
