#type:G;
#time  Rt  Nm  Tt  Nc  Rx  Gz  Pc  Pf  Ra  Te  Pm  Fp  Fc  Ta  Fm  Om  Lm  Oc  Sm  Sc  Em  Af  Ea  Cf  Ec  Gd  Zt  Et  Ep  dedup_put_diff  total_eph_put_diff  dedup_factor  dedup_curr  compression_saving  tze_saving  
1441339870  0  0  5  0  0  0  0  0  0  0  0  0  0  0  0  0  0  0  0  0  0  0  0  0  0  0  0  0  0  0  0  0 0 0 0 
1441339871  0  0  6  0  0  0  0  0  0  0  0  0  0  0  0  0  0  0  0  0  0  0  0  0  0  0  0  0  0  0  0  0 0 0 0 
1441339871  0  0  6  0  0  0  0  0  0  0  0  0  0  0  0  0  0  0  0  0  0  0  0  0  0  0  0  0  0  0  0  0 0 0 0 
1441339872  0  0  7  0  0  0  0  0  0  0  0  0  0  0  0  0  0  0  0  0  0  0  0  0  0  0  0  0  0  0  0  0 0 0 0 
1441339872  0  0  8  0  0  0  0  0  0  0  0  0  0  0  0  0  0  0  0  0  0  0  0  0  0  0  0  0  0  0  0  0 0 0 0 
1441339873  0  0  9  0  0  0  0  0  0  0  0  0  0  0  0  0  0  0  0  0  0  0  0  0  0  0  0  0  0  0  0  0 0 0 0 
1441339873  0  0  10  0  0  0  0  0  0  0  0  0  0  0  0  0  0  0  0  0  0  0  0  0  0  0  0  0  0  0  0  0 0 0 0 
1441339874  0  0  11  0  0  0  0  0  0  0  0  0  0  0  0  0  0  0  0  0  0  0  0  0  0  0  0  0  0  0  0  0 0 0 0 
1441339874  0  0  12  0  0  0  0  0  0  0  0  0  0  0  0  0  0  0  0  0  0  0  0  0  0  0  0  0  0  0  0  0 0 0 0 
1441339875  0  0  13  0  0  0  0  0  0  0  0  0  0  0  0  0  0  0  0  0  0  0  0  0  0  0  0  0  0  0  0  0 0 0 0 
1441339875  0  0  13  0  0  0  0  0  0  0  0  0  0  0  0  0  0  0  0  0  0  0  0  0  0  0  0  0  0  0  0  0 0 0 0 
1441339876  0  0  14  0  0  0  0  0  0  0  0  0  0  0  0  0  0  0  0  0  0  0  0  0  0  0  0  0  0  0  0  0 0 0 0 
1441339876  0  0  15  0  0  0  0  0  0  0  0  0  0  0  0  0  0  0  0  0  0  0  0  0  0  0  0  0  0  0  0  0 0 0 0 
1441339877  0  0  16  0  0  0  0  0  0  0  0  0  0  0  0  0  0  0  0  0  0  0  0  0  0  0  0  0  0  0  0  0 0 0 0 
1441339877  0  0  17  0  0  0  0  0  0  0  0  0  0  0  0  0  0  0  0  0  0  0  0  0  0  0  0  0  0  0  0  0 0 0 0 
1441339878  0  0  18  0  0  0  0  0  0  0  0  0  0  0  0  0  0  0  0  0  0  0  0  0  0  0  0  0  0  0  0  0 0 0 0 
1441339878  0  0  19  0  0  0  0  0  0  0  0  0  0  0  0  0  0  0  0  0  0  0  0  0  0  0  0  0  0  0  0  0 0 0 0 
1441339879  0  0  20  0  0  0  0  0  0  0  0  0  0  0  0  0  0  0  0  0  0  0  0  0  0  0  0  0  0  0  0  0 0 0 0 
1441339879  0  0  20  0  0  0  0  0  0  0  0  0  0  0  0  0  0  0  0  0  0  0  0  0  0  0  0  0  0  0  0  0 0 0 0 
1441339880  0  0  21  0  0  0  0  0  0  0  0  0  0  0  0  0  0  0  0  0  0  0  0  0  0  0  0  0  0  0  0  0 0 0 0 
1441339880  0  0  22  0  0  0  0  0  0  0  0  0  0  0  0  0  0  0  0  0  0  0  0  0  0  0  0  0  0  0  0  0 0 0 0 
1441339881  0  0  23  0  0  0  0  0  0  0  0  0  0  0  0  0  0  0  0  0  0  0  0  0  0  0  0  0  0  0  0  0 0 0 0 
1441339881  0  0  24  0  0  0  0  0  0  0  0  0  0  0  0  0  0  0  0  0  0  0  0  0  0  0  0  0  0  0  0  0 0 0 0 
1441339882  0  0  25  0  0  0  0  0  0  0  0  0  0  0  0  0  0  0  0  0  0  0  0  0  0  0  0  0  0  0  0  0 0 0 0 
1441339882  0  0  26  0  0  0  0  0  0  0  0  0  0  0  0  0  0  0  0  0  0  0  0  0  0  0  0  0  0  0  0  0 0 0 0 
1441339883  0  0  27  0  0  0  0  0  0  0  0  0  0  0  0  0  0  0  0  0  0  0  0  0  0  0  0  0  0  0  0  0 0 0 0 
1441339883  0  0  27  0  0  0  0  0  0  0  0  0  0  0  0  0  0  0  0  0  0  0  0  0  0  0  0  0  0  0  0  0 0 0 0 
1441339884  0  0  28  0  0  0  0  0  0  0  0  0  0  0  0  0  0  0  0  0  0  0  0  0  0  0  0  0  0  0  0  0 0 0 0 
1441339884  0  0  29  0  0  0  0  0  0  0  0  0  0  0  0  0  0  0  0  0  0  0  0  0  0  0  0  0  0  0  0  0 0 0 0 
1441339885  0  0  30  0  0  0  0  0  0  0  0  0  0  0  0  0  0  0  0  0  0  0  0  0  0  0  0  0  0  0  0  0 0 0 0 
1441339885  0  0  31  0  0  0  0  0  0  0  0  0  0  0  0  0  0  0  0  0  0  0  0  0  0  0  0  0  0  0  0  0 0 0 0 
1441339886  0  0  32  0  0  0  0  0  0  0  0  0  0  0  0  0  0  0  0  0  0  0  0  0  0  0  0  0  0  0  0  0 0 0 0 
1441339886  0  0  33  0  0  0  0  0  0  0  0  0  0  0  0  0  0  0  0  0  0  0  0  0  0  0  0  0  0  0  0  0 0 0 0 
1441339887  0  0  34  0  0  0  0  0  0  0  0  0  0  0  0  0  0  0  0  0  0  0  0  0  0  0  0  0  0  0  0  0 0 0 0 
1441339887  0  0  34  0  0  0  0  0  0  0  0  0  0  0  0  0  0  0  0  0  0  0  0  0  0  0  0  0  0  0  0  0 0 0 0 
1441339888  0  0  35  0  0  0  0  0  0  0  0  0  0  0  0  0  0  0  0  0  0  0  0  0  0  0  0  0  0  0  0  0 0 0 0 
1441339888  0  0  36  0  0  0  0  0  0  0  0  0  0  0  0  0  0  0  0  0  0  0  0  0  0  0  0  0  0  0  0  0 0 0 0 
1441339889  0  0  37  0  0  0  0  0  0  0  0  0  0  0  0  0  0  0  0  0  0  0  0  0  0  0  0  0  0  0  0  0 0 0 0 
1441339889  0  0  38  0  0  0  0  0  0  0  0  0  0  0  0  0  0  0  0  0  0  0  0  0  0  0  0  0  0  0  0  0 0 0 0 
1441339890  0  0  39  0  0  0  0  0  0  0  0  0  0  0  0  0  0  0  0  0  0  0  0  0  0  0  0  0  0  0  0  0 0 0 0 
1441339890  0  0  40  0  0  0  0  0  0  0  0  0  0  0  0  0  0  0  0  0  0  0  0  0  0  0  0  0  0  0  0  0 0 0 0 
1441339891  0  0  40  0  0  0  0  0  0  0  0  0  0  0  0  0  0  0  0  0  0  0  0  0  0  0  0  0  0  0  0  0 0 0 0 
1441339891  0  0  41  0  0  0  0  0  0  0  0  0  0  0  0  0  0  0  0  0  0  0  0  0  0  0  0  0  0  0  0  0 0 0 0 
1441339892  0  0  42  0  0  0  0  0  0  0  0  0  0  0  0  0  0  0  0  0  0  0  0  0  0  0  0  0  0  0  0  0 0 0 0 
1441339892  0  0  43  0  0  0  0  0  0  0  0  0  0  0  0  0  0  0  0  0  0  0  0  0  0  0  0  0  0  0  0  0 0 0 0 
1441339893  0  0  44  0  0  0  0  0  0  0  0  0  0  0  0  0  0  0  0  0  0  0  0  0  0  0  0  0  0  0  0  0 0 0 0 
1441339893  0  0  45  0  0  0  0  0  0  0  0  0  0  0  0  0  0  0  0  0  0  0  0  0  0  0  0  0  0  0  0  0 0 0 0 
1441339894  0  0  46  0  0  0  0  0  0  0  0  0  0  0  0  0  0  0  0  0  0  0  0  0  0  0  0  0  0  0  0  0 0 0 0 
1441339895  0  0  47  0  0  0  0  0  0  0  0  0  0  0  0  0  0  0  0  0  0  0  0  0  0  0  0  0  0  0  0  0 0 0 0 
1441339895  0  0  47  0  0  0  0  0  0  0  0  0  0  0  0  0  0  0  0  0  0  0  0  0  0  0  0  0  0  0  0  0 0 0 0 
1441339896  0  0  48  0  0  0  0  0  0  0  0  0  0  0  0  0  0  0  0  0  0  0  0  0  0  0  0  0  0  0  0  0 0 0 0 
1441339896  0  0  49  0  0  0  0  0  0  0  0  0  0  0  0  0  0  0  0  0  0  0  0  0  0  0  0  0  0  0  0  0 0 0 0 
1441339897  0  0  50  0  0  0  0  0  0  0  0  0  0  0  0  0  0  0  0  0  0  0  0  0  0  0  0  0  0  0  0  0 0 0 0 
1441339897  0  0  51  0  0  0  0  0  0  0  0  0  0  0  0  0  0  0  0  0  0  0  0  0  0  0  0  0  0  0  0  0 0 0 0 
1441339898  0  0  52  0  0  0  0  0  0  0  0  0  0  0  0  0  0  0  0  0  0  0  0  0  0  0  0  0  0  0  0  0 0 0 0 
1441339898  0  0  53  0  0  0  0  0  0  0  0  0  0  0  0  0  0  0  0  0  0  0  0  0  0  0  0  0  0  0  0  0 0 0 0 
1441339899  0  0  53  0  0  0  0  0  0  0  0  0  0  0  0  0  0  0  0  0  0  0  0  0  0  0  0  0  0  0  0  0 0 0 0 
1441339899  0  0  54  0  0  0  0  0  0  0  0  0  0  0  0  0  0  0  0  0  0  0  0  0  0  0  0  0  0  0  0  0 0 0 0 
1441339900  0  0  55  0  0  0  0  0  0  0  0  0  0  0  0  0  0  0  0  0  0  0  0  0  0  0  0  0  0  0  0  0 0 0 0 
1441339900  0  0  56  0  0  0  0  0  0  0  0  0  0  0  0  0  0  0  0  0  0  0  0  0  0  0  0  0  0  0  0  0 0 0 0 
1441339901  0  0  57  0  0  0  0  0  0  0  0  0  0  0  0  0  0  0  0  0  0  0  0  0  0  0  0  0  0  0  0  0 0 0 0 
1441339901  0  0  58  0  0  0  0  0  0  0  0  0  0  0  0  0  0  0  0  0  0  0  0  0  0  0  0  0  0  0  0  0 0 0 0 
1441339902  0  0  59  0  0  0  0  0  0  0  0  0  0  0  0  0  0  0  0  0  0  0  0  0  0  0  0  0  0  0  0  0 0 0 0 
1441339902  0  0  60  0  0  0  0  0  0  0  0  0  0  0  0  0  0  0  0  0  0  0  0  0  0  0  0  0  0  0  0  0 0 0 0 
1441339903  0  0  60  0  0  0  0  0  0  0  0  0  0  0  0  0  0  0  0  0  0  0  0  0  0  0  0  0  0  0  0  0 0 0 0 
1441339903  0  0  61  0  0  0  0  0  0  0  0  0  0  0  0  0  0  0  0  0  0  0  0  0  0  0  0  0  0  0  0  0 0 0 0 
1441339904  0  0  62  0  0  0  0  0  0  0  0  0  0  0  0  0  0  0  0  0  0  0  0  0  0  0  0  0  0  0  0  0 0 0 0 
1441339904  0  0  63  0  0  0  0  0  0  0  0  0  0  0  0  0  0  0  0  0  0  0  0  0  0  0  0  0  0  0  0  0 0 0 0 
1441339905  0  0  64  0  0  0  0  0  0  0  0  0  0  0  0  0  0  0  0  0  0  0  0  0  0  0  0  0  0  0  0  0 0 0 0 
1441339905  0  0  65  0  0  0  0  0  0  0  0  0  0  0  0  0  0  0  0  0  0  0  0  0  0  0  0  0  0  0  0  0 0 0 0 
1441339906  0  0  66  0  0  0  0  0  0  0  0  0  0  0  0  0  0  0  0  0  0  0  0  0  0  0  0  0  0  0  0  0 0 0 0 
1441339906  0  0  66  0  0  0  0  0  0  0  0  0  0  0  0  0  0  0  0  0  0  0  0  0  0  0  0  0  0  0  0  0 0 0 0 
1441339907  0  0  67  0  0  0  0  0  0  0  0  0  0  0  0  0  0  0  0  0  0  0  0  0  0  0  0  0  0  0  0  0 0 0 0 
1441339907  0  0  68  0  0  0  0  0  0  0  0  0  0  0  0  0  0  0  0  0  0  0  0  0  0  0  0  0  0  0  0  0 0 0 0 
1441339908  0  0  69  0  0  0  0  0  0  0  0  0  0  0  0  0  0  0  0  0  0  0  0  0  0  0  0  0  0  0  0  0 0 0 0 
1441339908  0  0  70  0  0  0  0  0  0  0  0  0  0  0  0  0  0  0  0  0  0  0  0  0  0  0  0  0  0  0  0  0 0 0 0 
1441339909  0  0  71  0  0  0  0  0  0  0  0  0  0  0  0  0  0  0  0  0  0  0  0  0  0  0  0  0  0  0  0  0 0 0 0 
1441339909  0  0  72  0  0  0  0  0  0  0  0  0  0  0  0  0  0  0  0  0  0  0  0  0  0  0  0  0  0  0  0  0 0 0 0 
1441339910  0  0  73  0  0  0  0  0  0  0  0  0  0  0  0  0  0  0  0  0  0  0  0  0  0  0  0  0  0  0  0  0 0 0 0 
1441339910  0  0  73  0  0  0  0  0  0  0  0  0  0  0  0  0  0  0  0  0  0  0  0  0  0  0  0  0  0  0  0  0 0 0 0 
1441339911  0  0  74  0  0  0  0  0  0  0  0  0  0  0  0  0  0  0  0  0  0  0  0  0  0  0  0  0  0  0  0  0 0 0 0 
1441339911  0  0  75  0  0  0  0  0  0  0  0  0  0  0  0  0  0  0  0  0  0  0  0  0  0  0  0  0  0  0  0  0 0 0 0 
1441339912  0  0  76  0  0  0  0  0  0  0  0  0  0  0  0  0  0  0  0  0  0  0  0  0  0  0  0  0  0  0  0  0 0 0 0 
1441339912  0  0  77  0  0  0  0  0  0  0  0  0  0  0  0  0  0  0  0  0  0  0  0  0  0  0  0  0  0  0  0  0 0 0 0 
1441339913  0  0  77  0  0  0  0  0  0  0  0  0  0  0  0  0  0  0  0  0  0  0  0  0  0  0  0  0  0  0  0  0 0 0 0 
1441339913  0  0  78  0  0  0  0  0  0  0  0  0  0  0  0  0  0  0  0  0  0  0  0  0  0  0  0  0  0  0  0  0 0 0 0 
1441339914  0  0  79  0  0  0  0  0  0  0  0  0  0  0  0  0  0  0  0  0  0  0  0  0  0  0  0  0  0  0  0  0 0 0 0 
1441339914  0  0  80  0  0  0  0  0  0  0  0  0  0  0  0  0  0  0  0  0  0  0  0  0  0  0  0  0  0  0  0  0 0 0 0 
1441339915  0  0  81  0  0  0  0  0  0  0  0  0  0  0  0  0  0  0  0  0  0  0  0  0  0  0  0  0  0  0  0  0 0 0 0 
1441339915  0  0  82  0  0  0  0  0  0  0  0  0  0  0  0  0  0  0  0  0  0  0  0  0  0  0  0  0  0  0  0  0 0 0 0 
1441339916  0  0  83  0  0  0  0  0  0  0  0  0  0  0  0  0  0  0  0  0  0  0  0  0  0  0  0  0  0  0  0  0 0 0 0 
1441339916  0  0  84  0  0  0  0  0  0  0  0  0  0  0  0  0  0  0  0  0  0  0  0  0  0  0  0  0  0  0  0  0 0 0 0 
1441339917  0  0  84  0  0  0  0  0  0  0  0  0  0  0  0  0  0  0  0  0  0  0  0  0  0  0  0  0  0  0  0  0 0 0 0 
1441339917  0  0  85  0  0  0  0  0  0  0  0  0  0  0  0  0  0  0  0  0  0  0  0  0  0  0  0  0  0  0  0  0 0 0 0 
1441339918  0  0  86  0  0  0  0  0  0  0  0  0  0  0  0  0  0  0  0  0  0  0  0  0  0  0  0  0  0  0  0  0 0 0 0 
1441339918  0  0  87  0  0  0  0  0  0  0  0  0  0  0  0  0  0  0  0  0  0  0  0  0  0  0  0  0  0  0  0  0 0 0 0 
1441339919  0  0  88  0  0  0  0  0  0  0  0  0  0  0  0  0  0  0  0  0  0  0  0  0  0  0  0  0  0  0  0  0 0 0 0 
1441339919  0  0  89  0  0  0  0  0  0  0  0  0  0  0  0  0  0  0  0  0  0  0  0  0  0  0  0  0  0  0  0  0 0 0 0 
1441339920  0  0  90  0  0  0  0  0  0  0  0  0  0  0  0  0  0  0  0  0  0  0  0  0  0  0  0  0  0  0  0  0 0 0 0 
1441339920  0  0  91  0  0  0  0  0  0  0  0  0  0  0  0  0  0  0  0  0  0  0  0  0  0  0  0  0  0  0  0  0 0 0 0 
1441339921  0  0  91  0  0  0  0  0  0  0  0  0  0  0  0  0  0  0  0  0  0  0  0  0  0  0  0  0  0  0  0  0 0 0 0 
1441339921  0  0  92  0  0  0  0  0  0  0  0  0  0  0  0  0  0  0  0  0  0  0  0  0  0  0  0  0  0  0  0  0 0 0 0 
1441339922  0  0  93  0  0  0  0  0  0  0  0  0  0  0  0  0  0  0  0  0  0  0  0  0  0  0  0  0  0  0  0  0 0 0 0 
1441339922  0  0  94  0  0  0  0  0  0  0  0  0  0  0  0  0  0  0  0  0  0  0  0  0  0  0  0  0  0  0  0  0 0 0 0 
1441339923  0  0  95  0  0  0  0  0  0  0  0  0  0  0  0  0  0  0  0  0  0  0  0  0  0  0  0  0  0  0  0  0 0 0 0 
1441339923  0  0  96  0  0  0  0  0  0  0  0  0  0  0  0  0  0  0  0  0  0  0  0  0  0  0  0  0  0  0  0  0 0 0 0 
1441339924  0  0  97  0  0  0  0  0  0  0  0  0  0  0  0  0  0  0  0  0  0  0  0  0  0  0  0  0  0  0  0  0 0 0 0 
1441339924  0  0  97  0  0  0  0  0  0  0  0  0  0  0  0  0  0  0  0  0  0  0  0  0  0  0  0  0  0  0  0  0 0 0 0 
1441339925  0  0  98  0  0  0  0  0  0  0  0  0  0  0  0  0  0  0  0  0  0  0  0  0  0  0  0  0  0  0  0  0 0 0 0 
1441339925  0  0  99  0  0  0  0  0  0  0  0  0  0  0  0  0  0  0  0  0  0  0  0  0  0  0  0  0  0  0  0  0 0 0 0 
1441339926  0  0  100  0  0  0  0  0  0  0  0  0  0  0  0  0  0  0  0  0  0  0  0  0  0  0  0  0  0  0  0  0 0 0 0 
1441339926  0  0  101  0  0  0  0  0  0  0  0  0  0  0  0  0  0  0  0  0  0  0  0  0  0  0  0  0  0  0  0  0 0 0 0 
1441339927  0  0  102  0  0  0  0  0  0  0  0  0  0  0  0  0  0  0  0  0  0  0  0  0  0  0  0  0  0  0  0  0 0 0 0 
1441339927  0  0  103  0  0  0  0  0  0  0  0  0  0  0  0  0  0  0  0  0  0  0  0  0  0  0  0  0  0  0  0  0 0 0 0 
1441339928  0  0  104  0  0  0  0  0  0  0  0  0  0  0  0  0  0  0  0  0  0  0  0  0  0  0  0  0  0  0  0  0 0 0 0 
1441339928  0  0  104  0  0  0  0  0  0  0  0  0  0  0  0  0  0  0  0  0  0  0  0  0  0  0  0  0  0  0  0  0 0 0 0 
1441339929  0  0  105  0  0  0  0  0  0  0  0  0  0  0  0  0  0  0  0  0  0  0  0  0  0  0  0  0  0  0  0  0 0 0 0 
1441339929  0  0  106  0  0  0  0  0  0  0  0  0  0  0  0  0  0  0  0  0  0  0  0  0  0  0  0  0  0  0  0  0 0 0 0 
1441339930  0  0  107  0  0  0  0  0  0  0  0  0  0  0  0  0  0  0  0  0  0  0  0  0  0  0  0  0  0  0  0  0 0 0 0 
1441339930  0  0  108  0  0  0  0  0  0  0  0  0  0  0  0  0  0  0  0  0  0  0  0  0  0  0  0  0  0  0  0  0 0 0 0 
1441339931  0  0  109  0  0  0  0  0  0  0  0  0  0  0  0  0  0  0  0  0  0  0  0  0  0  0  0  0  0  0  0  0 0 0 0 
1441339931  0  0  110  0  0  0  0  0  0  0  0  0  0  0  0  0  0  0  0  0  0  0  0  0  0  0  0  0  0  0  0  0 0 0 0 
1441339932  0  0  111  0  0  0  0  0  0  0  0  0  0  0  0  0  0  0  0  0  0  0  0  0  0  0  0  0  0  0  0  0 0 0 0 
1441339933  0  0  111  0  0  0  0  0  0  0  0  0  0  0  0  0  0  0  0  0  0  0  0  0  0  0  0  0  0  0  0  0 0 0 0 
1441339933  0  0  112  0  0  0  0  0  0  0  0  0  0  0  0  0  0  0  0  0  0  0  0  0  0  0  0  0  0  0  0  0 0 0 0 
1441339934  0  0  113  0  0  0  0  0  0  0  0  0  0  0  0  0  0  0  0  0  0  0  0  0  0  0  0  0  0  0  0  0 0 0 0 
1441339934  0  0  114  0  0  0  0  0  0  0  0  0  0  0  0  0  0  0  0  0  0  0  0  0  0  0  0  0  0  0  0  0 0 0 0 
1441339935  0  0  115  0  0  0  0  0  0  0  0  0  0  0  0  0  0  0  0  0  0  0  0  0  0  0  0  0  0  0  0  0 0 0 0 
1441339935  0  0  116  0  0  0  0  0  0  0  0  0  0  0  0  0  0  0  0  0  0  0  0  0  0  0  0  0  0  0  0  0 0 0 0 
1441339936  0  0  117  0  0  0  0  0  0  0  0  0  0  0  0  0  0  0  0  0  0  0  0  0  0  0  0  0  0  0  0  0 0 0 0 
1441339936  0  0  118  0  0  0  0  0  0  0  0  0  0  0  0  0  0  0  0  0  0  0  0  0  0  0  0  0  0  0  0  0 0 0 0 
1441339937  0  0  118  0  0  0  0  0  0  0  0  0  0  0  0  0  0  0  0  0  0  0  0  0  0  0  0  0  0  0  0  0 0 0 0 
1441339937  0  0  119  0  0  0  0  0  0  0  0  0  0  0  0  0  0  0  0  0  0  0  0  0  0  0  0  0  0  0  0  0 0 0 0 
1441339938  0  0  120  0  0  0  0  0  0  0  0  0  0  0  0  0  0  0  0  0  0  0  0  0  0  0  0  0  0  0  0  0 0 0 0 
1441339938  0  0  121  0  0  0  0  0  0  0  0  0  0  0  0  0  0  0  0  0  0  0  0  0  0  0  0  0  0  0  0  0 0 0 0 
1441339939  0  0  124  0  0  0  0  0  0  0  0  0  0  0  0  0  0  0  0  0  0  0  0  0  0  0  0  0  0  0  0  0 0 0 0 
1441339939  0  0  125  0  0  0  0  0  0  0  0  0  0  0  0  0  0  0  0  0  0  0  0  0  0  0  0  0  0  0  0  0 0 0 0 
1441339941  0  0  128  0  0  0  0  0  0  0  0  0  0  0  0  0  0  0  0  0  0  0  0  0  0  0  0  0  0  0  0  0 0 0 0 
1441339942  0  0  128  0  0  0  0  0  0  0  0  0  0  0  0  0  0  0  0  0  0  0  0  0  0  0  0  0  0  0  0  0 0 0 0 
1441339942  0  0  129  0  0  0  0  0  0  0  0  0  0  0  0  0  0  0  0  0  0  0  0  0  0  0  0  0  0  0  0  0 0 0 0 
1441339943  0  0  130  0  0  0  0  0  0  0  0  0  0  0  0  0  0  0  0  0  0  0  0  0  0  0  0  0  0  0  0  0 0 0 0 
1441339943  0  0  131  0  0  0  0  0  0  0  0  0  0  0  0  0  0  0  0  0  0  0  0  0  0  0  0  0  0  0  0  0 0 0 0 
1441339944  0  0  132  0  0  0  0  0  0  0  0  0  0  0  0  0  0  0  0  0  0  0  0  0  0  0  0  0  0  0  0  0 0 0 0 
1441339944  0  0  176  0  0  0  0  0  0  42  0  0  0  0  0  0  0  0  0  0  0  0  0  0  0  0  0  0  0  0  0  0 0 0 0 
1441339945  0  0  956  0  0  0  0  0  0  821  0  0  0  0  0  0  0  0  0  0  0  0  0  0  0  0  0  0  0  0  0  0 0 0 0 
1441339945  0  0  956  0  0  0  0  0  0  821  0  0  0  0  0  0  0  0  0  0  0  0  0  0  0  0  0  0  0  0  0  0 0 0 0 
1441339946  0  0  1714  0  0  0  0  0  0  1578  0  0  0  0  0  0  0  0  0  0  0  0  0  0  0  0  0  0  0  0  0  0 0 0 0 
1441339946  0  0  1987  0  0  0  0  0  0  1850  0  0  0  0  0  0  0  0  0  0  0  0  0  0  0  0  0  0  0  0  0  0 0 0 0 
1441339947  0  0  2448  0  0  0  0  0  0  2310  0  0  0  0  0  0  0  0  0  0  0  0  0  0  0  0  0  0  0  0  0  0 0 0 0 
1441339947  0  0  3104  0  0  0  0  0  0  2912  0  0  0  0  0  0  0  0  0  0  0  0  0  0  0  0  0  0  0  0  0  0 0 0 0 
1441339948  0  0  4257  0  0  0  0  0  0  4060  0  0  0  0  0  0  0  0  0  0  0  0  0  0  0  0  0  0  0  0  0  0 0 0 0 
1441339948  0  0  4975  0  0  0  0  0  0  4766  0  0  0  0  0  0  0  0  0  0  0  0  0  0  0  0  0  0  0  0  0  0 0 0 0 
1441339949  0  0  5105  0  0  0  0  0  0  4895  0  0  0  0  0  0  0  0  0  0  0  0  0  0  0  0  0  0  0  0  0  0 0 0 0 
1441339949  0  0  5105  0  0  0  0  0  0  4895  0  0  0  0  0  0  0  0  0  0  0  0  0  0  0  0  0  0  0  0  0  0 0 0 0 
1441339950  0  0  5106  0  0  0  0  0  0  4895  0  0  0  0  0  0  0  0  0  0  0  0  0  0  0  0  0  0  0  0  0  0 0 0 0 
1441339950  0  0  5107  0  0  0  0  0  0  4895  0  0  0  0  0  0  0  0  0  0  0  0  0  0  0  0  0  0  0  0  0  0 0 0 0 
1441339951  0  0  5108  0  0  0  0  0  0  4895  0  0  0  0  0  0  0  0  0  0  0  0  0  0  0  0  0  0  0  0  0  0 0 0 0 
1441339951  0  0  5109  0  0  0  0  0  0  4895  0  0  0  0  0  0  0  0  0  0  0  0  0  0  0  0  0  0  0  0  0  0 0 0 0 
1441339952  0  0  5110  0  0  0  0  0  0  4895  0  0  0  0  0  0  0  0  0  0  0  0  0  0  0  0  0  0  0  0  0  0 0 0 0 
1441339952  0  0  5111  0  0  0  0  0  0  4895  0  0  0  0  0  0  0  0  0  0  0  0  0  0  0  0  0  0  0  0  0  0 0 0 0 
1441339953  0  0  5111  0  0  0  0  0  0  4895  0  0  0  0  0  0  0  0  0  0  0  0  0  0  0  0  0  0  0  0  0  0 0 0 0 
1441339954  0  0  5112  0  0  0  0  0  0  4895  0  0  0  0  0  0  0  0  0  0  0  0  0  0  0  0  0  0  0  0  0  0 0 0 0 
1441339954  0  0  5113  0  0  0  0  0  0  4895  0  0  0  0  0  0  0  0  0  0  0  0  0  0  0  0  0  0  0  0  0  0 0 0 0 
1441339955  0  0  5114  0  0  0  0  0  0  4895  0  0  0  0  0  0  0  0  0  0  0  0  0  0  0  0  0  0  0  0  0  0 0 0 0 
1441339955  0  0  5115  0  0  0  0  0  0  4895  0  0  0  0  0  0  0  0  0  0  0  0  0  0  0  0  0  0  0  0  0  0 0 0 0 
1441339956  0  0  5116  0  0  0  0  0  0  4895  0  0  0  0  0  0  0  0  0  0  0  0  0  0  0  0  0  0  0  0  0  0 0 0 0 
1441339956  0  0  5117  0  0  0  0  0  0  4895  0  0  0  0  0  0  0  0  0  0  0  0  0  0  0  0  0  0  0  0  0  0 0 0 0 
1441339957  0  0  5117  0  0  0  0  0  0  4895  0  0  0  0  0  0  0  0  0  0  0  0  0  0  0  0  0  0  0  0  0  0 0 0 0 
1441339957  0  0  5118  0  0  0  0  0  0  4895  0  0  0  0  0  0  0  0  0  0  0  0  0  0  0  0  0  0  0  0  0  0 0 0 0 
1441339958  0  0  5119  0  0  0  0  0  0  4895  0  0  0  0  0  0  0  0  0  0  0  0  0  0  0  0  0  0  0  0  0  0 0 0 0 
1441339958  0  0  5120  0  0  0  0  0  0  4895  0  0  0  0  0  0  0  0  0  0  0  0  0  0  0  0  0  0  0  0  0  0 0 0 0 
1441339959  0  0  5121  0  0  0  0  0  0  4895  0  0  0  0  0  0  0  0  0  0  0  0  0  0  0  0  0  0  0  0  0  0 0 0 0 
1441339959  0  0  5122  0  0  0  0  0  0  4895  0  0  0  0  0  0  0  0  0  0  0  0  0  0  0  0  0  0  0  0  0  0 0 0 0 
1441339960  0  0  5123  0  0  0  0  0  0  4895  0  0  0  0  0  0  0  0  0  0  0  0  0  0  0  0  0  0  0  0  0  0 0 0 0 
1441339960  0  0  5123  0  0  0  0  0  0  4895  0  0  0  0  0  0  0  0  0  0  0  0  0  0  0  0  0  0  0  0  0  0 0 0 0 
1441339961  0  0  5124  0  0  0  0  0  0  4895  0  0  0  0  0  0  0  0  0  0  0  0  0  0  0  0  0  0  0  0  0  0 0 0 0 
1441339961  0  0  5125  0  0  0  0  0  0  4895  0  0  0  0  0  0  0  0  0  0  0  0  0  0  0  0  0  0  0  0  0  0 0 0 0 
1441339962  0  0  5126  0  0  0  0  0  0  4895  0  0  0  0  0  0  0  0  0  0  0  0  0  0  0  0  0  0  0  0  0  0 0 0 0 
1441339962  0  0  5127  0  0  0  0  0  0  4895  0  0  0  0  0  0  0  0  0  0  0  0  0  0  0  0  0  0  0  0  0  0 0 0 0 
1441339963  0  0  5128  0  0  0  0  0  0  4895  0  0  0  0  0  0  0  0  0  0  0  0  0  0  0  0  0  0  0  0  0  0 0 0 0 
1441339963  0  0  5129  0  0  0  0  0  0  4895  0  0  0  0  0  0  0  0  0  0  0  0  0  0  0  0  0  0  0  0  0  0 0 0 0 
1441339964  0  0  5129  0  0  0  0  0  0  4895  0  0  0  0  0  0  0  0  0  0  0  0  0  0  0  0  0  0  0  0  0  0 0 0 0 
1441339964  0  0  5130  0  0  0  0  0  0  4895  0  0  0  0  0  0  0  0  0  0  0  0  0  0  0  0  0  0  0  0  0  0 0 0 0 
1441339965  0  0  5131  0  0  0  0  0  0  4895  0  0  0  0  0  0  0  0  0  0  0  0  0  0  0  0  0  0  0  0  0  0 0 0 0 
1441339965  0  0  5132  0  0  0  0  0  0  4895  0  0  0  0  0  0  0  0  0  0  0  0  0  0  0  0  0  0  0  0  0  0 0 0 0 
1441339966  0  0  5133  0  0  0  0  0  0  4895  0  0  0  0  0  0  0  0  0  0  0  0  0  0  0  0  0  0  0  0  0  0 0 0 0 
1441339966  0  0  5134  0  0  0  0  0  0  4895  0  0  0  0  0  0  0  0  0  0  0  0  0  0  0  0  0  0  0  0  0  0 0 0 0 
1441339967  0  0  5135  0  0  0  0  0  0  4895  0  0  0  0  0  0  0  0  0  0  0  0  0  0  0  0  0  0  0  0  0  0 0 0 0 
1441339967  0  0  5135  0  0  0  0  0  0  4895  0  0  0  0  0  0  0  0  0  0  0  0  0  0  0  0  0  0  0  0  0  0 0 0 0 
1441339968  0  0  5136  0  0  0  0  0  0  4895  0  0  0  0  0  0  0  0  0  0  0  0  0  0  0  0  0  0  0  0  0  0 0 0 0 
1441339968  0  0  5137  0  0  0  0  0  0  4895  0  0  0  0  0  0  0  0  0  0  0  0  0  0  0  0  0  0  0  0  0  0 0 0 0 
1441339969  0  0  5138  0  0  0  0  0  0  4895  0  0  0  0  0  0  0  0  0  0  0  0  0  0  0  0  0  0  0  0  0  0 0 0 0 
1441339969  0  0  5139  0  0  0  0  0  0  4895  0  0  0  0  0  0  0  0  0  0  0  0  0  0  0  0  0  0  0  0  0  0 0 0 0 
1441339970  0  0  5140  0  0  0  0  0  0  4895  0  0  0  0  0  0  0  0  0  0  0  0  0  0  0  0  0  0  0  0  0  0 0 0 0 
1441339970  0  0  5141  0  0  0  0  0  0  4895  0  0  0  0  0  0  0  0  0  0  0  0  0  0  0  0  0  0  0  0  0  0 0 0 0 
1441339971  0  0  5141  0  0  0  0  0  0  4895  0  0  0  0  0  0  0  0  0  0  0  0  0  0  0  0  0  0  0  0  0  0 0 0 0 
1441339971  0  0  5142  0  0  0  0  0  0  4895  0  0  0  0  0  0  0  0  0  0  0  0  0  0  0  0  0  0  0  0  0  0 0 0 0 
1441339972  0  0  5143  0  0  0  0  0  0  4895  0  0  0  0  0  0  0  0  0  0  0  0  0  0  0  0  0  0  0  0  0  0 0 0 0 
1441339972  0  0  5144  0  0  0  0  0  0  4895  0  0  0  0  0  0  0  0  0  0  0  0  0  0  0  0  0  0  0  0  0  0 0 0 0 
1441339973  0  0  5145  0  0  0  0  0  0  4895  0  0  0  0  0  0  0  0  0  0  0  0  0  0  0  0  0  0  0  0  0  0 0 0 0 
1441339973  0  0  5146  0  0  0  0  0  0  4895  0  0  0  0  0  0  0  0  0  0  0  0  0  0  0  0  0  0  0  0  0  0 0 0 0 
1441339974  0  0  5147  0  0  0  0  0  0  4895  0  0  0  0  0  0  0  0  0  0  0  0  0  0  0  0  0  0  0  0  0  0 0 0 0 
1441339974  0  0  5147  0  0  0  0  0  0  4895  0  0  0  0  0  0  0  0  0  0  0  0  0  0  0  0  0  0  0  0  0  0 0 0 0 
1441339975  0  0  5148  0  0  0  0  0  0  4895  0  0  0  0  0  0  0  0  0  0  0  0  0  0  0  0  0  0  0  0  0  0 0 0 0 
1441339975  0  0  5149  0  0  0  0  0  0  4895  0  0  0  0  0  0  0  0  0  0  0  0  0  0  0  0  0  0  0  0  0  0 0 0 0 
1441339976  0  0  5150  0  0  0  0  0  0  4895  0  0  0  0  0  0  0  0  0  0  0  0  0  0  0  0  0  0  0  0  0  0 0 0 0 
1441339976  0  0  5151  0  0  0  0  0  0  4895  0  0  0  0  0  0  0  0  0  0  0  0  0  0  0  0  0  0  0  0  0  0 0 0 0 
1441339977  0  0  5152  0  0  0  0  0  0  4895  0  0  0  0  0  0  0  0  0  0  0  0  0  0  0  0  0  0  0  0  0  0 0 0 0 
1441339977  0  0  5153  0  0  0  0  0  0  4895  0  0  0  0  0  0  0  0  0  0  0  0  0  0  0  0  0  0  0  0  0  0 0 0 0 
1441339978  0  0  5153  0  0  0  0  0  0  4895  0  0  0  0  0  0  0  0  0  0  0  0  0  0  0  0  0  0  0  0  0  0 0 0 0 
1441339978  0  0  5154  0  0  0  0  0  0  4895  0  0  0  0  0  0  0  0  0  0  0  0  0  0  0  0  0  0  0  0  0  0 0 0 0 
1441339979  0  0  5155  0  0  0  0  0  0  4895  0  0  0  0  0  0  0  0  0  0  0  0  0  0  0  0  0  0  0  0  0  0 0 0 0 
1441339979  0  0  5156  0  0  0  0  0  0  4895  0  0  0  0  0  0  0  0  0  0  0  0  0  0  0  0  0  0  0  0  0  0 0 0 0 
1441339980  0  0  5157  0  0  0  0  0  0  4895  0  0  0  0  0  0  0  0  0  0  0  0  0  0  0  0  0  0  0  0  0  0 0 0 0 
1441339980  0  0  5158  0  0  0  0  0  0  4895  0  0  0  0  0  0  0  0  0  0  0  0  0  0  0  0  0  0  0  0  0  0 0 0 0 
1441339981  0  0  5159  0  0  0  0  0  0  4895  0  0  0  0  0  0  0  0  0  0  0  0  0  0  0  0  0  0  0  0  0  0 0 0 0 
1441339981  0  0  5159  0  0  0  0  0  0  4895  0  0  0  0  0  0  0  0  0  0  0  0  0  0  0  0  0  0  0  0  0  0 0 0 0 
1441339982  0  0  5160  0  0  0  0  0  0  4895  0  0  0  0  0  0  0  0  0  0  0  0  0  0  0  0  0  0  0  0  0  0 0 0 0 
1441339982  0  0  5161  0  0  0  0  0  0  4895  0  0  0  0  0  0  0  0  0  0  0  0  0  0  0  0  0  0  0  0  0  0 0 0 0 
1441339983  0  0  5162  0  0  0  0  0  0  4895  0  0  0  0  0  0  0  0  0  0  0  0  0  0  0  0  0  0  0  0  0  0 0 0 0 
1441339983  0  0  5163  0  0  0  0  0  0  4895  0  0  0  0  0  0  0  0  0  0  0  0  0  0  0  0  0  0  0  0  0  0 0 0 0 
1441339984  0  0  5164  0  0  0  0  0  0  4895  0  0  0  0  0  0  0  0  0  0  0  0  0  0  0  0  0  0  0  0  0  0 0 0 0 
1441339984  0  0  5165  0  0  0  0  0  0  4895  0  0  0  0  0  0  0  0  0  0  0  0  0  0  0  0  0  0  0  0  0  0 0 0 0 
1441339985  0  0  5165  0  0  0  0  0  0  4895  0  0  0  0  0  0  0  0  0  0  0  0  0  0  0  0  0  0  0  0  0  0 0 0 0 
1441339985  0  0  5166  0  0  0  0  0  0  4895  0  0  0  0  0  0  0  0  0  0  0  0  0  0  0  0  0  0  0  0  0  0 0 0 0 
1441339986  0  0  5167  0  0  0  0  0  0  4895  0  0  0  0  0  0  0  0  0  0  0  0  0  0  0  0  0  0  0  0  0  0 0 0 0 
1441339986  0  0  5168  0  0  0  0  0  0  4895  0  0  0  0  0  0  0  0  0  0  0  0  0  0  0  0  0  0  0  0  0  0 0 0 0 
1441339987  0  0  5169  0  0  0  0  0  0  4895  0  0  0  0  0  0  0  0  0  0  0  0  0  0  0  0  0  0  0  0  0  0 0 0 0 
1441339987  0  0  5170  0  0  0  0  0  0  4895  0  0  0  0  0  0  0  0  0  0  0  0  0  0  0  0  0  0  0  0  0  0 0 0 0 
1441339988  0  0  5171  0  0  0  0  0  0  4895  0  0  0  0  0  0  0  0  0  0  0  0  0  0  0  0  0  0  0  0  0  0 0 0 0 
1441339988  0  0  5171  0  0  0  0  0  0  4895  0  0  0  0  0  0  0  0  0  0  0  0  0  0  0  0  0  0  0  0  0  0 0 0 0 
1441339989  0  0  5172  0  0  0  0  0  0  4895  0  0  0  0  0  0  0  0  0  0  0  0  0  0  0  0  0  0  0  0  0  0 0 0 0 
1441339989  0  0  5173  0  0  0  0  0  0  4895  0  0  0  0  0  0  0  0  0  0  0  0  0  0  0  0  0  0  0  0  0  0 0 0 0 
1441339990  0  0  5174  0  0  0  0  0  0  4895  0  0  0  0  0  0  0  0  0  0  0  0  0  0  0  0  0  0  0  0  0  0 0 0 0 
1441339990  0  0  5175  0  0  0  0  0  0  4895  0  0  0  0  0  0  0  0  0  0  0  0  0  0  0  0  0  0  0  0  0  0 0 0 0 
1441339991  0  0  5176  0  0  0  0  0  0  4895  0  0  0  0  0  0  0  0  0  0  0  0  0  0  0  0  0  0  0  0  0  0 0 0 0 
1441339991  0  0  5177  0  0  0  0  0  0  4895  0  0  0  0  0  0  0  0  0  0  0  0  0  0  0  0  0  0  0  0  0  0 0 0 0 
1441339992  0  0  5177  0  0  0  0  0  0  4895  0  0  0  0  0  0  0  0  0  0  0  0  0  0  0  0  0  0  0  0  0  0 0 0 0 
1441339992  0  0  5178  0  0  0  0  0  0  4895  0  0  0  0  0  0  0  0  0  0  0  0  0  0  0  0  0  0  0  0  0  0 0 0 0 
1441339993  0  0  5179  0  0  0  0  0  0  4895  0  0  0  0  0  0  0  0  0  0  0  0  0  0  0  0  0  0  0  0  0  0 0 0 0 
1441339993  0  0  5180  0  0  0  0  0  0  4895  0  0  0  0  0  0  0  0  0  0  0  0  0  0  0  0  0  0  0  0  0  0 0 0 0 
1441339994  0  0  5181  0  0  0  0  0  0  4895  0  0  0  0  0  0  0  0  0  0  0  0  0  0  0  0  0  0  0  0  0  0 0 0 0 
1441339994  0  0  5182  0  0  0  0  0  0  4895  0  0  0  0  0  0  0  0  0  0  0  0  0  0  0  0  0  0  0  0  0  0 0 0 0 
1441339995  0  0  5183  0  0  0  0  0  0  4895  0  0  0  0  0  0  0  0  0  0  0  0  0  0  0  0  0  0  0  0  0  0 0 0 0 
1441339995  0  0  5183  0  0  0  0  0  0  4895  0  0  0  0  0  0  0  0  0  0  0  0  0  0  0  0  0  0  0  0  0  0 0 0 0 
1441339996  0  0  5184  0  0  0  0  0  0  4895  0  0  0  0  0  0  0  0  0  0  0  0  0  0  0  0  0  0  0  0  0  0 0 0 0 
1441339996  0  0  5185  0  0  0  0  0  0  4895  0  0  0  0  0  0  0  0  0  0  0  0  0  0  0  0  0  0  0  0  0  0 0 0 0 
1441339997  0  0  5186  0  0  0  0  0  0  4895  0  0  0  0  0  0  0  0  0  0  0  0  0  0  0  0  0  0  0  0  0  0 0 0 0 
1441339997  0  0  5187  0  0  0  0  0  0  4895  0  0  0  0  0  0  0  0  0  0  0  0  0  0  0  0  0  0  0  0  0  0 0 0 0 
1441339998  0  0  5188  0  0  0  0  0  0  4895  0  0  0  0  0  0  0  0  0  0  0  0  0  0  0  0  0  0  0  0  0  0 0 0 0 
1441339998  0  0  5189  0  0  0  0  0  0  4895  0  0  0  0  0  0  0  0  0  0  0  0  0  0  0  0  0  0  0  0  0  0 0 0 0 
1441339999  0  0  5189  0  0  0  0  0  0  4895  0  0  0  0  0  0  0  0  0  0  0  0  0  0  0  0  0  0  0  0  0  0 0 0 0 
1441339999  0  0  5190  0  0  0  0  0  0  4895  0  0  0  0  0  0  0  0  0  0  0  0  0  0  0  0  0  0  0  0  0  0 0 0 0 
1441340000  0  0  5191  0  0  0  0  0  0  4895  0  0  0  0  0  0  0  0  0  0  0  0  0  0  0  0  0  0  0  0  0  0 0 0 0 
1441340000  0  0  5192  0  0  0  0  0  0  4895  0  0  0  0  0  0  0  0  0  0  0  0  0  0  0  0  0  0  0  0  0  0 0 0 0 
1441340001  0  0  5193  0  0  0  0  0  0  4895  0  0  0  0  0  0  0  0  0  0  0  0  0  0  0  0  0  0  0  0  0  0 0 0 0 
1441340001  0  0  5194  0  0  0  0  0  0  4895  0  0  0  0  0  0  0  0  0  0  0  0  0  0  0  0  0  0  0  0  0  0 0 0 0 
1441340002  0  0  5197  0  0  0  0  0  0  4896  0  0  0  0  0  0  0  0  0  0  0  0  0  0  0  0  0  0  0  0  0  0 0 0 0 
1441340002  0  0  5197  0  0  0  0  0  0  4896  0  0  0  0  0  0  0  0  0  0  0  0  0  0  0  0  0  0  0  0  0  0 0 0 0 
1441340003  0  0  5198  0  0  0  0  0  0  4896  0  0  0  0  0  0  0  0  0  0  0  0  0  0  0  0  0  0  0  0  0  0 0 0 0 
1441340003  0  0  5199  0  0  0  0  0  0  4896  0  0  0  0  0  0  0  0  0  0  0  0  0  0  0  0  0  0  0  0  0  0 0 0 0 
1441340004  0  0  5200  0  0  0  0  0  0  4896  0  0  0  0  0  0  0  0  0  0  0  0  0  0  0  0  0  0  0  0  0  0 0 0 0 
1441340004  0  0  5201  0  0  0  0  0  0  4896  0  0  0  0  0  0  0  0  0  0  0  0  0  0  0  0  0  0  0  0  0  0 0 0 0 
1441340005  0  0  5202  0  0  0  0  0  0  4896  0  0  0  0  0  0  0  0  0  0  0  0  0  0  0  0  0  0  0  0  0  0 0 0 0 
1441340006  0  0  5203  0  0  0  0  0  0  4896  0  0  0  0  0  0  0  0  0  0  0  0  0  0  0  0  0  0  0  0  0  0 0 0 0 
1441340006  0  0  5203  0  0  0  0  0  0  4896  0  0  0  0  0  0  0  0  0  0  0  0  0  0  0  0  0  0  0  0  0  0 0 0 0 
1441340007  0  0  5204  0  0  0  0  0  0  4896  0  0  0  0  0  0  0  0  0  0  0  0  0  0  0  0  0  0  0  0  0  0 0 0 0 
1441340007  0  0  5205  0  0  0  0  0  0  4896  0  0  0  0  0  0  0  0  0  0  0  0  0  0  0  0  0  0  0  0  0  0 0 0 0 
1441340008  0  0  5206  0  0  0  0  0  0  4896  0  0  0  0  0  0  0  0  0  0  0  0  0  0  0  0  0  0  0  0  0  0 0 0 0 
1441340008  0  0  5207  0  0  0  0  0  0  4896  0  0  0  0  0  0  0  0  0  0  0  0  0  0  0  0  0  0  0  0  0  0 0 0 0 
1441340009  0  0  5208  0  0  0  0  0  0  4896  0  0  0  0  0  0  0  0  0  0  0  0  0  0  0  0  0  0  0  0  0  0 0 0 0 
1441340009  0  0  5209  0  0  0  0  0  0  4896  0  0  0  0  0  0  0  0  0  0  0  0  0  0  0  0  0  0  0  0  0  0 0 0 0 
1441340010  0  0  5209  0  0  0  0  0  0  4896  0  0  0  0  0  0  0  0  0  0  0  0  0  0  0  0  0  0  0  0  0  0 0 0 0 
1441340010  0  0  5210  0  0  0  0  0  0  4896  0  0  0  0  0  0  0  0  0  0  0  0  0  0  0  0  0  0  0  0  0  0 0 0 0 
1441340011  0  0  5211  0  0  0  0  0  0  4896  0  0  0  0  0  0  0  0  0  0  0  0  0  0  0  0  0  0  0  0  0  0 0 0 0 
1441340011  0  0  5212  0  0  0  0  0  0  4896  0  0  0  0  0  0  0  0  0  0  0  0  0  0  0  0  0  0  0  0  0  0 0 0 0 
1441340012  0  0  5213  0  0  0  0  0  0  4896  0  0  0  0  0  0  0  0  0  0  0  0  0  0  0  0  0  0  0  0  0  0 0 0 0 
1441340012  0  0  5319  0  0  0  0  0  0  4996  0  0  0  0  0  0  0  0  0  0  0  0  0  0  0  0  0  0  0  0  0  0 0 0 0 
1441340013  0  234  9515  183  0  0  2647  0  0  5014  3427  0  6  337  13  354  0  192  0  0  3427  5  0  0  2647  0  0  0  3427  0  3427  0.0  100.0  0 0 
1441340013  0  234  9515  183  0  0  2647  0  0  5014  3427  0  6  337  13  354  0  192  0  0  3427  5  0  0  2647  0  0  0  3427  0  0  0.0  100.0  0 0 
1441340014  0  234  9603  179  0  0  2616  0  0  5014  3427  0  6  357  13  354  0  190  0  0  3427  5  0  0  2616  0  0  0  3427  0  0  0.0  100.0  0 0 
1441340014  0  234  9604  179  0  0  2616  0  0  5014  3427  0  6  357  13  354  0  190  0  0  3427  5  0  0  2616  0  0  0  3427  0  0  0.0  100.0  0 0 
1441340015  0  234  9605  179  0  0  2616  0  0  5014  3427  0  6  357  13  354  0  190  0  0  3427  5  0  0  2616  0  0  0  3427  0  0  0.0  100.0  0 0 
1441340015  0  234  9606  179  0  0  2616  0  0  5014  3427  0  6  357  13  354  0  190  0  0  3427  5  0  0  2616  0  0  0  3427  0  0  0.0  100.0  0 0 
1441340016  0  234  9607  179  0  0  2616  0  0  5014  3427  0  6  357  13  354  0  190  0  0  3427  5  0  0  2616  0  0  0  3427  0  0  0.0  100.0  0 0 
1441340016  0  234  9607  179  0  0  2616  0  0  5014  3427  0  6  357  13  354  0  190  0  0  3427  5  0  0  2616  0  0  0  3427  0  0  0.0  100.0  0 0 
1441340017  0  234  9608  179  0  0  2616  0  0  5014  3427  0  6  357  13  354  0  190  0  0  3427  5  0  0  2616  0  0  0  3427  0  0  0.0  100.0  0 0 
1441340017  0  234  9609  179  0  0  2616  0  0  5014  3427  0  6  357  13  354  0  190  0  0  3427  5  0  0  2616  0  0  0  3427  0  0  0.0  100.0  0 0 
1441340018  0  234  9610  179  0  0  2616  0  0  5014  3427  0  6  357  13  354  0  190  0  0  3427  5  0  0  2616  0  0  0  3427  0  0  0.0  100.0  0 0 
1441340018  0  234  16295  209  0  0  3025  0  0  5026  3427  0  25  179  25  354  0  227  0  0  3427  17  0  0  3025  0  0  0  3836  0  409  0.0  100.0  0 0 
1441340019  0  234  16295  209  0  0  3025  0  0  5026  3427  0  25  179  25  354  0  227  0  0  3427  17  0  0  3025  0  0  0  3836  0  0  0.0  100.0  0 0 
1441340019  0  234  23911  209  0  0  3025  0  0  5026  3427  0  25  179  25  354  0  227  0  0  3427  17  0  0  3025  0  0  0  3836  0  0  0.0  100.0  0 0 
1441340020  0  234  31677  209  0  0  3025  0  0  5026  3427  0  25  179  25  354  0  227  0  0  3427  17  0  0  3025  0  0  0  3836  0  0  0.0  100.0  0 0 
1441340020  0  234  36515  209  0  0  3025  0  0  5026  3427  0  25  179  25  354  0  227  0  0  3427  17  0  0  3025  0  0  0  3836  0  0  0.0  100.0  0 0 
1441340021  0  234  58778  206  0  0  2944  0  0  5026  3427  0  25  204  25  354  0  223  0  0  3427  17  0  0  2944  0  0  0  3836  0  0  0.0  100.0  0 0 
1441340021  0  234  67527  206  0  0  2944  0  0  5026  3427  0  25  204  25  354  0  223  0  0  3427  17  0  0  2944  0  0  0  3836  0  0  0.0  100.0  0 0 
1441340022  0  234  67527  206  0  0  2944  0  0  5026  3427  0  25  204  25  354  0  223  0  0  3427  17  0  0  2944  0  0  0  3836  0  0  0.0  100.0  0 0 
1441340022  0  234  88301  207  0  0  3651  0  0  5026  3651  0  27  0  27  354  0  224  0  0  3651  17  0  0  3651  0  0  0  4546  0  710  0.0  100.0  0 0 
1441340023  0  234  93542  208  0  0  3664  0  0  5027  3664  0  27  0  27  354  0  224  0  0  3664  18  0  0  3664  0  0  0  4559  0  13  0.0  100.0  0 0 
1441340023  0  234  108257  214  0  0  3732  0  0  5027  3732  0  72  0  72  354  0  226  0  0  3732  18  0  0  3732  0  0  0  4627  0  68  0.0  100.0  0 0 
1441340024  0  234  119298  214  0  0  3732  0  0  5027  3732  0  72  0  72  354  0  226  0  0  3732  18  0  0  3732  0  0  0  4627  0  0  0.0  100.0  0 0 
1441340024  0  234  120352  214  0  0  3732  0  0  5027  3732  0  72  0  72  354  0  226  0  0  3732  18  0  0  3732  0  0  0  4627  0  0  0.0  100.0  0 0 
1441340025  0  234  131851  214  0  0  3732  0  0  5027  3732  0  72  0  72  354  0  226  0  0  3732  18  0  0  3732  0  0  0  4627  0  0  0.0  100.0  0 0 
1441340025  0  234  131851  214  0  0  3732  0  0  5027  3732  0  72  0  72  354  0  226  0  0  3732  18  0  0  3732  0  0  0  4627  0  0  0.0  100.0  0 0 
1441340026  0  234  133931  214  0  0  3732  0  0  5027  3732  0  72  0  72  354  0  226  0  0  3732  18  0  0  3732  0  0  0  4627  0  0  0.0  100.0  0 0 
1441340026  0  234  143445  232  0  0  4143  0  0  5027  4143  0  483  0  483  354  0  228  0  0  4143  18  0  0  4143  0  0  0  5038  0  411  0.0  100.0  0 0 
1441340027  0  242  151283  242  0  0  4568  0  0  5028  4568  0  826  0  826  354  0  232  0  0  4568  19  0  0  4568  0  0  0  5463  0  425  0.0  100.0  0 0 
1441340027  0  266  158832  266  0  0  6207  0  0  5028  6207  0  2463  0  2463  354  0  234  0  0  6207  19  0  0  6207  0  0  0  7102  0  1639  0.0  100.0  0 0 
1441340028  0  297  166078  297  0  0  7524  0  0  5028  7524  0  3780  0  3780  354  0  234  0  0  7524  19  0  0  7524  0  0  0  8419  0  1317  0.0  100.0  0 0 
1441340028  0  334  173104  334  0  0  9218  0  0  5028  9218  0  5349  0  5349  354  0  236  0  0  9218  19  0  0  9218  0  0  0  10113  0  1694  0.0  100.0  0 0 
1441340029  0  334  173104  334  0  0  9218  0  0  5028  9218  0  5349  0  5349  354  0  236  0  0  9218  19  0  0  9218  0  0  0  10113  0  0  0.0  100.0  0 0 
1441340030  0  359  182778  359  0  0  11020  0  0  5028  11020  0  7150  0  7150  354  0  236  0  0  11020  19  0  0  11020  0  0  0  11915  0  1802  0.0  100.0  0 0 
1441340030  0  376  190373  376  0  0  12121  0  0  5028  12121  0  8248  0  8248  354  0  237  0  0  12121  19  0  0  12121  0  0  0  13016  0  1101  0.0  100.0  0 0 
1441340031  0  397  198030  397  0  0  13163  0  0  5028  13163  0  9279  0  9279  354  0  238  0  0  13163  19  0  0  13163  0  0  0  14058  0  1042  0.0  100.0  0 0 
1441340031  0  402  206337  402  0  0  12992  0  0  5028  13163  0  9108  171  9279  354  0  239  0  0  13163  19  0  0  12992  0  0  0  14332  0  274  0.0  100.0  0 0 
1441340032  0  436  212024  436  0  0  14310  0  0  5028  14310  0  10234  0  10234  354  0  243  0  0  14310  19  0  0  14310  0  0  0  15650  0  1318  0.0  100.0  0 0 
1441340032  0  474  223123  428  0  0  13859  0  0  5028  16244  0  9599  2385  11984  354  0  242  0  0  16244  19  0  0  13859  0  0  0  17587  0  1937  0.0  100.0  0 0 
1441340033  0  474  223123  428  0  0  13859  0  0  5028  16244  0  9599  2385  11984  354  0  242  0  0  16244  19  0  0  13859  0  0  0  17587  0  0  0.0  100.0  0 0 
1441340033  0  474  229742  462  0  0  16412  0  0  5028  16412  0  12151  0  12151  354  0  243  0  0  16412  19  0  0  16412  0  0  0  20140  0  2553  0.0  100.0  0 0 
1441340034  0  474  239439  458  0  0  16300  0  0  5028  16412  0  12040  111  12151  354  0  242  0  0  16412  19  0  0  16300  0  0  0  20282  0  142  0.0  100.0  0 0 
1441340034  0  486  248116  486  0  0  17991  0  0  5028  17991  0  13725  0  13725  354  0  242  0  0  17991  19  0  0  17991  0  0  0  21973  0  1691  0.0  100.0  0 0 
1441340035  0  509  252605  509  0  0  19576  0  0  5028  19576  0  14941  0  14941  354  0  242  0  0  19576  19  0  0  19576  0  0  0  23558  0  1585  0.0  100.0  0 0 
1441340035  0  562  262499  557  0  0  22807  0  0  5028  22907  0  17333  0  17333  354  0  242  0  0  22907  19  0  0  22807  0  0  0  26914  0  3356  0.0  100.0  0 0 
1441340036  0  599  270894  594  0  0  25367  0  0  5028  25679  0  19192  450  19643  354  0  243  0  0  25679  19  0  0  25367  0  0  0  30325  0  3411  0.0  100.0  0 0 
1441340036  0  599  270894  594  0  0  25367  0  0  5028  25679  0  19192  450  19643  354  0  243  0  0  25679  19  0  0  25367  0  0  0  30325  0  0  0.0  100.0  0 0 
1441340037  0  599  278829  561  0  0  23254  0  0  5028  25679  0  18168  1505  19643  354  0  243  0  0  25679  19  0  0  23254  0  0  0  31670  0  1345  0.0  100.0  0 0 
1441340037  0  599  283638  572  0  0  24154  0  0  5028  25679  0  18949  724  19643  354  0  243  0  0  25679  19  0  0  24154  0  0  0  32573  0  903  0.0  100.0  0 0 
1441340038  0  609  296895  573  0  0  23449  0  0  5028  26472  0  18346  2948  21256  354  0  245  0  0  26472  19  0  0  23449  0  0  0  35575  0  3002  0.0  100.0  0 0 
1441340038  0  609  304991  573  0  0  23449  0  0  5028  26472  0  18346  2948  21256  354  0  245  0  0  26472  19  0  0  23449  0  0  0  35575  0  0  0.0  100.0  0 0 
1441340039  0  609  322396  579  0  0  21733  0  0  5028  26472  0  14241  7055  21256  354  0  249  0  0  26472  19  0  0  21733  0  0  0  39353  0  3778  0.0  100.0  0 0 
1441340039  0  609  332144  545  0  0  16054  0  0  5028  26472  0  7498  13807  21256  354  0  250  0  0  26472  19  0  0  16054  0  0  0  42236  0  2883  0.0  100.0  0 0 
1441340040  0  609  340915  571  0  0  19112  0  0  5028  26472  0  11187  10232  21256  354  0  247  0  0  26472  19  0  0  19112  0  0  0  47492  0  5256  0.0  100.0  0 0 
1441340040  0  609  340915  571  0  0  19112  0  0  5028  26472  0  11187  10232  21256  354  0  247  0  0  26472  19  0  0  19112  0  0  0  47492  0  0  0.0  100.0  0 0 
1441340041  0  609  349069  606  0  0  23027  0  0  5028  26472  0  14641  6680  21256  354  0  247  0  0  26472  19  0  0  23027  0  0  0  51407  0  3915  0.0  100.0  0 0 
1441340041  0  651  359287  639  0  0  26397  0  0  5028  26519  0  17404  3810  21256  354  0  246  0  0  26519  19  0  0  26397  0  0  0  54903  0  3496  0.0  100.0  0 0 
1441340042  0  651  363689  535  0  0  21104  0  0  5028  26519  0  12224  8991  21256  354  0  241  0  0  26519  19  0  0  21104  0  0  0  54903  0  0  0.0  100.0  0 0 
1441340042  0  651  372526  553  0  0  22249  0  0  5028  26519  0  12589  8626  21256  354  0  242  0  0  26519  19  0  0  22249  0  0  0  56048  0  1145  0.0  100.0  0 0 
1441340043  0  651  390701  501  0  0  18114  0  0  5029  26519  0  6994  14221  21256  354  0  241  0  0  26519  20  0  0  18114  0  0  0  59815  0  3767  0.0  100.0  0 0 
1441340043  0  651  398119  574  0  0  20192  0  0  5029  26519  0  8213  13002  21256  354  0  245  0  0  26519  20  0  0  20192  0  0  0  62017  0  2202  0.0  100.0  0 0 
1441340044  0  651  398119  574  0  0  20192  0  0  5029  26519  0  8213  13002  21256  354  0  245  0  0  26519  20  0  0  20192  0  0  0  62017  0  0  0.0  100.0  0 0 
1441340044  0  651  402590  599  0  0  22017  0  0  5029  26519  0  9291  11924  21256  354  0  245  0  0  26519  20  0  0  22017  0  0  0  63842  0  1825  0.0  100.0  0 0 
1441340045  0  651  410359  554  0  0  19689  0  0  5029  26519  0  10391  10780  21256  354  0  249  0  0  26519  20  0  0  19689  0  0  0  65711  0  1869  0.0  100.0  0 0 
1441340045  0  651  420635  475  0  0  15270  0  0  5029  26519  0  6754  14426  21256  354  0  251  0  0  26519  20  0  0  15270  0  0  0  69293  0  3582  0.0  100.0  0 0 
1441340046  0  651  425177  501  0  0  17409  0  0  5029  26519  0  8786  12394  21256  354  0  251  0  0  26519  20  0  0  17409  0  0  0  71434  0  2141  0.0  100.0  0 0 
1441340046  0  651  433111  507  0  0  17667  0  0  5029  26519  0  8913  12269  21256  354  0  251  0  0  26519  20  0  0  17667  0  0  0  71815  0  381  0.0  100.0  0 0 
1441340047  0  651  445828  480  0  0  15575  0  0  5029  26519  0  8035  13182  21256  354  0  251  0  0  26519  20  0  0  15575  0  0  0  72123  0  308  0.0  100.0  0 0 
1441340047  0  651  445828  480  0  0  15575  0  0  5029  26519  0  8035  13182  21256  354  0  251  0  0  26519  20  0  0  15575  0  0  0  72123  0  0  0.0  100.0  0 0 
1441340048  0  651  469080  418  0  0  11312  0  0  5029  26519  0  2099  19147  21256  354  0  250  0  0  26519  20  0  0  11312  0  0  0  75894  0  3771  0.0  100.0  0 0 
1441340048  0  651  476057  442  0  0  12562  0  0  5029  26519  0  2109  19137  21256  354  0  252  0  0  26519  20  0  0  12562  0  0  0  77144  0  1250  0.0  100.0  0 0 
1441340049  0  651  483208  482  0  0  14861  0  0  5029  26519  0  2937  18309  21256  354  0  253  0  0  26519  20  0  0  14861  0  0  0  79444  0  2300  0.0  100.0  0 0 
1441340049  0  651  489316  466  0  0  14766  0  0  5029  26519  0  2830  18426  21256  354  0  249  0  0  26519  20  0  0  14766  0  0  0  81304  0  1860  0.0  100.0  0 0 
1441340050  0  651  501206  504  0  0  17855  0  0  5029  26519  0  8205  13059  21256  354  0  251  0  0  26519  20  0  0  17855  0  0  0  87105  0  5801  0.0  100.0  0 0 
1441340051  0  651  507746  551  0  0  20466  0  0  5029  26519  0  8194  13070  21256  354  0  251  0  0  26519  20  0  0  20466  0  0  0  89787  0  2682  0.0  100.0  0 0 
1441340051  0  651  507746  551  0  0  20466  0  0  5029  26519  0  8194  13070  21256  354  0  251  0  0  26519  20  0  0  20466  0  0  0  89787  0  0  0.0  100.0  0 0 
1441340052  0  651  513957  542  0  0  20517  0  0  5029  26519  0  7922  13330  21256  354  0  251  0  0  26519  20  0  0  20517  0  0  0  90238  0  451  0.0  100.0  0 0 
1441340052  0  651  524785  527  0  0  19966  0  0  5029  26519  0  7238  14019  21256  354  0  252  0  0  26519  20  0  0  19966  0  0  0  91493  0  1255  0.0  100.0  0 0 
1441340053  0  651  534827  546  0  0  19570  0  0  5029  26519  0  7916  13343  21256  354  0  254  0  0  26519  20  0  0  19570  0  0  0  92478  0  985  0.0  100.0  0 0 
1441340053  0  651  544531  530  0  0  18638  0  0  5029  26519  0  7318  13946  21256  354  0  252  0  0  26519  20  0  0  18638  0  0  0  93714  0  1236  0.0  100.0  0 0 
1441340054  0  651  556349  535  0  0  19137  0  0  5029  26519  0  8263  13001  21256  354  0  251  0  0  26519  20  0  0  19137  0  0  0  96263  0  2549  0.0  100.0  0 0 
1441340054  0  651  565823  525  0  0  18208  0  0  5029  26519  0  7839  13429  21256  354  0  250  0  0  26519  20  0  0  18208  0  0  0  97345  0  1082  0.0  100.0  0 0 
1441340055  0  651  565823  525  0  0  18208  0  0  5029  26519  0  7839  13429  21256  354  0  250  0  0  26519  20  0  0  18208  0  0  0  97345  0  0  0.0  100.0  0 0 
1441340055  0  651  575086  533  0  0  18843  0  0  5029  26519  0  7907  13345  21256  354  0  251  0  0  26519  20  0  0  18843  0  0  0  101048  0  3703  0.0  100.0  0 0 
1441340056  0  651  583982  555  0  0  19911  0  0  5029  26519  0  8081  13171  21256  354  0  253  0  0  26519  20  0  0  19911  0  0  0  103221  0  2173  0.0  100.0  0 0 
1441340056  0  651  593143  594  0  0  21558  0  0  5030  26519  0  9111  12114  21256  354  0  256  0  0  26519  21  0  0  21558  0  0  0  104919  0  1698  0.0  100.0  0 0 
1441340057  0  651  600546  613  0  0  22945  0  0  5030  26519  0  9361  11810  21256  354  0  255  0  0  26519  21  0  0  22945  0  0  0  107681  0  2762  0.0  100.0  0 0 
1441340057  0  661  608804  661  0  0  25287  0  0  5030  26519  0  10640  10446  21256  354  0  257  0  0  26519  21  0  0  25287  0  0  0  110023  0  2342  0.0  100.0  0 0 
1441340058  0  697  615201  697  0  0  26722  0  0  5030  26722  0  11013  10015  21256  354  0  257  0  0  26722  21  0  0  26722  0  0  0  111458  0  1435  0.0  100.0  0 0 
1441340058  0  697  615201  697  0  0  26722  0  0  5030  26722  0  11013  10015  21256  354  0  257  0  0  26722  21  0  0  26722  0  0  0  111458  0  0  0.0  100.0  0 0 
1441340059  0  701  627747  694  0  0  27362  0  0  5030  27362  0  12062  8954  21256  354  0  257  0  0  27362  21  0  0  27362  0  0  0  114147  0  2689  0.0  100.0  0 0 
1441340059  0  728  635218  728  0  0  28239  0  0  5030  28239  0  11689  9284  21256  354  0  257  0  0  28239  21  0  0  28239  0  0  0  115950  0  1803  0.0  100.0  0 0 
1441340060  0  754  641971  754  0  0  29650  0  0  5030  29650  0  11743  9170  21256  354  0  258  0  0  29650  21  0  0  29650  0  0  0  117361  0  1411  0.0  100.0  0 0 
1441340060  0  755  661644  676  0  0  27659  0  0  5030  29881  0  11644  9308  21256  354  0  255  0  0  29881  21  0  0  27659  0  0  0  121872  0  4511  0.0  100.0  0 0 
1441340061  0  755  670824  656  0  0  26323  0  0  5030  29881  0  11747  9217  21256  354  0  254  0  0  29881  21  0  0  26323  0  0  0  123459  0  1587  0.0  100.0  0 0 
1441340061  0  755  676647  689  0  0  26881  0  0  5030  29881  0  11937  9027  21256  354  0  254  0  0  29881  21  0  0  26881  0  0  0  124017  0  558  0.0  100.0  0 0 
1441340062  0  755  676647  689  0  0  26881  0  0  5030  29881  0  11937  9027  21256  354  0  254  0  0  29881  21  0  0  26881  0  0  0  124017  0  0  0.0  100.0  0 0 
1441340062  0  755  684858  723  0  0  29075  0  0  5030  29881  0  13275  7695  21256  354  0  253  0  0  29881  21  0  0  29075  0  0  0  126388  0  2371  0.0  100.0  0 0 
1441340063  0  755  690775  741  0  0  30400  0  0  5030  30400  0  13773  7197  21256  354  0  253  0  0  30400  21  0  0  30400  0  0  0  127713  0  1325  0.0  100.0  0 0 
1441340063  0  755  693353  754  0  0  31199  0  0  5030  31199  0  13936  7034  21256  354  0  253  0  0  31199  21  0  0  31199  0  0  0  128515  0  802  0.0  100.0  0 0 
1441340064  0  755  693354  754  0  0  31199  0  0  5030  31199  0  13936  7034  21256  354  0  253  0  0  31199  21  0  0  31199  0  0  0  128515  0  0  0.0  100.0  0 0 
