#Type:X;CI:2;ww:0;ca:0;co:1;fr:0;Type:X;CI:2;PI:0;PT:EP;U0:0;U1:0;Type:X;CI:2;PI:1;PT:EP;U0:0;U1:0;
#time  Pp  gt  gs  cn  cm  cb  Nc  Pc  cp  Tc  Nm  pr  ps  pt  px  pd  Pm  Om  fs  ft  Oc  Em  Gp  Ec  Ge  ot  os  Total_cycles_diff  Successful_get_diff  Total_get_diff  succ_put_diff  total_put_diff  get_hit  
1441657855  0  0  0  0  0  0  0  0  0  4370145  0  0  0  0  0  0  0  0  0  21  0  0  0  0  0  46  0  4370145  0  0  0  0  
1441657856  0  0  0  0  0  0  0  0  0  4375254  0  0  0  0  0  0  0  0  0  21  0  0  0  0  0  47  0  5109  0  0  0  0  0 
1441657857  0  0  0  0  0  0  0  0  0  4375254  0  0  0  0  0  0  0  0  0  21  0  0  0  0  0  47  0  0  0  0  0  0  0 
1441657857  0  0  0  0  0  0  0  0  0  4375254  0  0  0  0  0  0  0  0  0  21  0  0  0  0  0  47  0  0  0  0  0  0  0 
1441657858  0  0  0  0  0  0  0  0  0  4375254  0  0  0  0  0  0  0  0  0  21  0  0  0  0  0  47  0  0  0  0  0  0  0 
1441657858  0  0  0  0  0  0  0  0  0  4375254  0  0  0  0  0  0  0  0  0  21  0  0  0  0  0  47  0  0  0  0  0  0  0 
1441657859  0  0  0  0  0  0  0  0  0  4375254  0  0  0  0  0  0  0  0  0  21  0  0  0  0  0  47  0  0  0  0  0  0  0 
1441657859  0  0  0  0  0  0  0  0  0  4375254  0  0  0  0  0  0  0  0  0  21  0  0  0  0  0  47  0  0  0  0  0  0  0 
1441657860  0  0  0  0  0  0  0  0  0  4375254  0  0  0  0  0  0  0  0  0  21  0  0  0  0  0  47  0  0  0  0  0  0  0 
1441657860  0  0  0  0  0  0  0  0  0  4375254  0  0  0  0  0  0  0  0  0  21  0  0  0  0  0  47  0  0  0  0  0  0  0 
1441657861  0  0  0  0  0  0  0  0  0  4375254  0  0  0  0  0  0  0  0  0  21  0  0  0  0  0  47  0  0  0  0  0  0  0 
1441657861  0  0  0  0  0  0  0  0  0  4375254  0  0  0  0  0  0  0  0  0  21  0  0  0  0  0  47  0  0  0  0  0  0  0 
1441657862  0  0  0  0  0  0  0  0  0  4375254  0  0  0  0  0  0  0  0  0  21  0  0  0  0  0  47  0  0  0  0  0  0  0 
1441657862  0  0  0  0  0  0  0  0  0  4375254  0  0  0  0  0  0  0  0  0  21  0  0  0  0  0  47  0  0  0  0  0  0  0 
1441657863  0  0  0  0  0  0  0  0  0  4375254  0  0  0  0  0  0  0  0  0  21  0  0  0  0  0  47  0  0  0  0  0  0  0 
1441657863  0  0  0  0  0  0  0  0  0  4375254  0  0  0  0  0  0  0  0  0  21  0  0  0  0  0  47  0  0  0  0  0  0  0 
1441657864  0  0  0  0  0  0  0  0  0  4375254  0  0  0  0  0  0  0  0  0  21  0  0  0  0  0  47  0  0  0  0  0  0  0 
1441657864  0  0  0  0  0  0  0  0  0  4375254  0  0  0  0  0  0  0  0  0  21  0  0  0  0  0  47  0  0  0  0  0  0  0 
1441657865  0  0  0  0  0  0  0  0  0  4375254  0  0  0  0  0  0  0  0  0  21  0  0  0  0  0  47  0  0  0  0  0  0  0 
1441657865  0  0  0  0  0  0  0  0  0  4375254  0  0  0  0  0  0  0  0  0  21  0  0  0  0  0  47  0  0  0  0  0  0  0 
1441657866  0  0  0  0  0  0  0  0  0  4377318  0  0  0  0  0  0  0  0  0  21  0  0  0  0  0  48  0  2064  0  0  0  0  0 
1441657866  0  0  0  0  0  0  0  0  0  4377318  0  0  0  0  0  0  0  0  0  21  0  0  0  0  0  48  0  0  0  0  0  0  0 
1441657867  0  0  0  0  0  0  0  0  0  4377318  0  0  0  0  0  0  0  0  0  21  0  0  0  0  0  48  0  0  0  0  0  0  0 
1441657867  0  0  0  0  0  0  0  0  0  4377318  0  0  0  0  0  0  0  0  0  21  0  0  0  0  0  48  0  0  0  0  0  0  0 
1441657868  0  0  0  0  0  0  0  0  0  4377318  0  0  0  0  0  0  0  0  0  21  0  0  0  0  0  48  0  0  0  0  0  0  0 
1441657868  0  0  0  0  0  0  0  0  0  4377318  0  0  0  0  0  0  0  0  0  21  0  0  0  0  0  48  0  0  0  0  0  0  0 
1441657869  0  0  0  0  0  0  0  0  0  4377318  0  0  0  0  0  0  0  0  0  21  0  0  0  0  0  48  0  0  0  0  0  0  0 
1441657869  0  0  0  0  0  0  0  0  0  4377318  0  0  0  0  0  0  0  0  0  21  0  0  0  0  0  48  0  0  0  0  0  0  0 
1441657870  0  0  0  0  0  0  0  0  0  4377318  0  0  0  0  0  0  0  0  0  21  0  0  0  0  0  48  0  0  0  0  0  0  0 
1441657870  0  0  0  0  0  0  0  0  0  4377318  0  0  0  0  0  0  0  0  0  21  0  0  0  0  0  48  0  0  0  0  0  0  0 
1441657871  0  0  0  0  0  0  0  0  0  4377318  0  0  0  0  0  0  0  0  0  21  0  0  0  0  0  48  0  0  0  0  0  0  0 
1441657871  0  0  0  0  0  0  0  0  0  4377318  0  0  0  0  0  0  0  0  0  21  0  0  0  0  0  48  0  0  0  0  0  0  0 
1441657872  0  0  0  0  0  0  0  0  0  4377318  0  0  0  0  0  0  0  0  0  21  0  0  0  0  0  48  0  0  0  0  0  0  0 
1441657872  0  0  0  0  0  0  0  0  0  4377318  0  0  0  0  0  0  0  0  0  21  0  0  0  0  0  48  0  0  0  0  0  0  0 
1441657873  0  0  0  0  0  0  0  0  0  4377318  0  0  0  0  0  0  0  0  0  21  0  0  0  0  0  48  0  0  0  0  0  0  0 
1441657873  0  0  0  0  0  0  0  0  0  4377318  0  0  0  0  0  0  0  0  0  21  0  0  0  0  0  48  0  0  0  0  0  0  0 
1441657874  0  0  0  0  0  0  0  0  0  4377318  0  0  0  0  0  0  0  0  0  21  0  0  0  0  0  48  0  0  0  0  0  0  0 
1441657874  0  0  0  0  0  0  0  0  0  4377318  0  0  0  0  0  0  0  0  0  21  0  0  0  0  0  48  0  0  0  0  0  0  0 
1441657875  0  0  0  0  0  0  0  0  0  4377318  0  0  0  0  0  0  0  0  0  21  0  0  0  0  0  48  0  0  0  0  0  0  0 
1441657875  0  0  0  0  0  0  0  0  0  4377318  0  0  0  0  0  0  0  0  0  21  0  0  0  0  0  48  0  0  0  0  0  0  0 
1441657876  0  0  0  0  0  0  0  0  0  4377318  0  0  0  0  0  0  0  0  0  21  0  0  0  0  0  48  0  0  0  0  0  0  0 
1441657876  0  0  0  0  0  0  0  0  0  4379736  0  0  0  0  0  0  0  0  0  21  0  0  0  0  0  49  0  2418  0  0  0  0  0 
1441657877  0  0  0  0  0  0  0  0  0  4379736  0  0  0  0  0  0  0  0  0  21  0  0  0  0  0  49  0  0  0  0  0  0  0 
1441657877  0  0  0  0  0  0  0  0  0  4379736  0  0  0  0  0  0  0  0  0  21  0  0  0  0  0  49  0  0  0  0  0  0  0 
1441657878  0  0  0  0  0  0  0  0  0  4379736  0  0  0  0  0  0  0  0  0  21  0  0  0  0  0  49  0  0  0  0  0  0  0 
1441657878  0  0  0  0  0  0  0  0  0  4379736  0  0  0  0  0  0  0  0  0  21  0  0  0  0  0  49  0  0  0  0  0  0  0 
1441657879  0  0  0  0  0  0  0  0  0  4379736  0  0  0  0  0  0  0  0  0  21  0  0  0  0  0  49  0  0  0  0  0  0  0 
1441657879  0  0  0  0  0  0  0  0  0  4379736  0  0  0  0  0  0  0  0  0  21  0  0  0  0  0  49  0  0  0  0  0  0  0 
1441657880  0  0  0  0  0  0  0  0  0  4379736  0  0  0  0  0  0  0  0  0  21  0  0  0  0  0  49  0  0  0  0  0  0  0 
1441657880  0  0  0  0  0  0  0  0  0  4379736  0  0  0  0  0  0  0  0  0  21  0  0  0  0  0  49  0  0  0  0  0  0  0 
1441657881  0  0  0  0  0  0  0  0  0  4379736  0  0  0  0  0  0  0  0  0  21  0  0  0  0  0  49  0  0  0  0  0  0  0 
1441657881  0  0  0  0  0  0  0  0  0  4379736  0  0  0  0  0  0  0  0  0  21  0  0  0  0  0  49  0  0  0  0  0  0  0 
1441657882  0  0  0  0  0  0  0  0  0  4379736  0  0  0  0  0  0  0  0  0  21  0  0  0  0  0  49  0  0  0  0  0  0  0 
1441657882  0  0  0  0  0  0  0  0  0  4379736  0  0  0  0  0  0  0  0  0  21  0  0  0  0  0  49  0  0  0  0  0  0  0 
1441657883  0  0  0  0  0  0  0  0  0  4379736  0  0  0  0  0  0  0  0  0  21  0  0  0  0  0  49  0  0  0  0  0  0  0 
1441657883  0  0  0  0  0  0  0  0  0  4379736  0  0  0  0  0  0  0  0  0  21  0  0  0  0  0  49  0  0  0  0  0  0  0 
1441657884  0  0  0  0  0  0  0  0  0  4379736  0  0  0  0  0  0  0  0  0  21  0  0  0  0  0  49  0  0  0  0  0  0  0 
1441657884  0  0  0  0  0  0  0  0  0  4379736  0  0  0  0  0  0  0  0  0  21  0  0  0  0  0  49  0  0  0  0  0  0  0 
1441657885  0  0  0  0  0  0  0  0  0  4379736  0  0  0  0  0  0  0  0  0  21  0  0  0  0  0  49  0  0  0  0  0  0  0 
1441657885  0  0  0  0  0  0  0  0  0  4379736  0  0  0  0  0  0  0  0  0  21  0  0  0  0  0  49  0  0  0  0  0  0  0 
1441657886  0  0  0  0  0  0  0  0  0  4382207  0  0  0  0  0  0  0  0  0  21  0  0  0  0  0  50  0  2471  0  0  0  0  0 
1441657886  0  0  0  0  0  0  0  0  0  4382207  0  0  0  0  0  0  0  0  0  21  0  0  0  0  0  50  0  0  0  0  0  0  0 
1441657887  0  0  0  0  0  0  0  0  0  4382207  0  0  0  0  0  0  0  0  0  21  0  0  0  0  0  50  0  0  0  0  0  0  0 
1441657887  0  0  0  0  0  0  0  0  0  4382207  0  0  0  0  0  0  0  0  0  21  0  0  0  0  0  50  0  0  0  0  0  0  0 
1441657888  0  0  0  0  0  0  0  0  0  4382207  0  0  0  0  0  0  0  0  0  21  0  0  0  0  0  50  0  0  0  0  0  0  0 
1441657888  0  0  0  0  0  0  0  0  0  4382207  0  0  0  0  0  0  0  0  0  21  0  0  0  0  0  50  0  0  0  0  0  0  0 
1441657889  0  0  0  0  0  0  0  0  0  4382207  0  0  0  0  0  0  0  0  0  21  0  0  0  0  0  50  0  0  0  0  0  0  0 
1441657889  0  0  0  0  0  0  0  0  0  4382207  0  0  0  0  0  0  0  0  0  21  0  0  0  0  0  50  0  0  0  0  0  0  0 
1441657890  0  0  0  0  0  0  0  0  0  4382207  0  0  0  0  0  0  0  0  0  21  0  0  0  0  0  50  0  0  0  0  0  0  0 
1441657891  0  0  0  0  0  0  0  0  0  4382207  0  0  0  0  0  0  0  0  0  21  0  0  0  0  0  50  0  0  0  0  0  0  0 
1441657891  0  0  0  0  0  0  0  0  0  4382207  0  0  0  0  0  0  0  0  0  21  0  0  0  0  0  50  0  0  0  0  0  0  0 
1441657892  0  0  0  0  0  0  0  0  0  4382207  0  0  0  0  0  0  0  0  0  21  0  0  0  0  0  50  0  0  0  0  0  0  0 
1441657892  0  0  0  0  0  0  0  0  0  4382207  0  0  0  0  0  0  0  0  0  21  0  0  0  0  0  50  0  0  0  0  0  0  0 
1441657893  0  0  0  0  0  0  0  0  0  4382207  0  0  0  0  0  0  0  0  0  21  0  0  0  0  0  50  0  0  0  0  0  0  0 
1441657893  0  0  0  0  0  0  0  0  0  4382207  0  0  0  0  0  0  0  0  0  21  0  0  0  0  0  50  0  0  0  0  0  0  0 
1441657894  0  0  0  0  0  0  0  0  0  4382207  0  0  0  0  0  0  0  0  0  21  0  0  0  0  0  50  0  0  0  0  0  0  0 
1441657894  0  0  0  0  0  0  0  0  0  4382207  0  0  0  0  0  0  0  0  0  21  0  0  0  0  0  50  0  0  0  0  0  0  0 
1441657895  0  0  0  0  0  0  0  0  0  4382207  0  0  0  0  0  0  0  0  0  21  0  0  0  0  0  50  0  0  0  0  0  0  0 
1441657895  0  0  0  0  0  0  0  0  0  4382207  0  0  0  0  0  0  0  0  0  21  0  0  0  0  0  50  0  0  0  0  0  0  0 
1441657896  0  0  0  0  0  0  0  0  0  4382207  0  0  0  0  0  0  0  0  0  21  0  0  0  0  0  50  0  0  0  0  0  0  0 
1441657896  0  0  0  0  0  0  0  0  0  4385251  0  0  0  0  0  0  0  0  0  21  0  0  0  0  0  50  0  3044  0  0  0  0  0 
1441657897  0  0  0  0  0  0  0  0  0  4457321  0  0  0  0  0  0  0  0  0  23  0  0  0  0  0  54  0  72070  0  0  0  0  0 
1441657897  0  0  0  0  0  0  0  0  0  4506705  0  0  0  0  0  0  0  0  0  25  0  0  0  0  0  63  0  49384  0  0  0  0  0 
1441657898  0  0  0  0  0  0  0  0  0  4511355  0  0  0  0  0  0  0  0  0  25  0  0  0  0  0  63  0  4650  0  0  0  0  0 
1441657898  0  0  0  0  0  0  0  0  0  4511355  0  0  0  0  0  0  0  0  0  25  0  0  0  0  0  63  0  0  0  0  0  0  0 
1441657899  0  0  0  0  0  0  0  0  0  4511355  0  0  0  0  0  0  0  0  0  25  0  0  0  0  0  63  0  0  0  0  0  0  0 
