#Type:X;CI:3;ww:0;ca:0;co:0;fr:0;Type:X;CI:3;PI:0;PT:EP;U0:0;U1:0;
#time  Pp  gt  gs  cn  cm  cb  Nc  Pc  cp  Tc  Nm  pr  ps  pt  px  pd  Pm  Om  fs  ft  Oc  Em  Gp  Ec  Ge  ot  os  Total_cycles_diff  Successful_get_diff  Total_get_diff  succ_put_diff  total_put_diff  get_hit  
1441616170  0  0  0  0  0  0  0  0  0  7766  0  0  0  0  0  0  0  0  0  0  0  0  0  0  0  0  0  7766  0  0  0  0  
1441616170  0  0  0  0  0  0  0  0  0  7766  0  0  0  0  0  0  0  0  0  0  0  0  0  0  0  0  0  0  0  0  0  0  0 
1441616171  0  0  0  0  0  0  0  0  0  745752  0  0  0  0  0  0  0  0  0  0  0  0  0  0  0  0  0  737986  0  0  0  0  0 
1441616171  0  0  0  0  0  0  0  0  0  1340509  0  0  0  0  0  0  0  0  0  0  0  0  0  0  0  0  0  594757  0  0  0  0  0 
1441616172  0  0  0  0  0  0  0  0  0  1580157  0  0  0  0  0  0  0  0  0  0  0  0  0  0  0  0  0  239648  0  0  0  0  0 
1441616172  0  0  0  0  0  0  0  0  0  1981418  0  0  0  0  0  0  0  0  0  0  0  0  0  0  0  0  0  401261  0  0  0  0  0 
1441616173  0  0  0  0  0  0  0  0  0  2305490  0  0  0  0  0  0  0  0  0  13  0  0  0  0  0  39  0  324072  0  0  0  0  0 
1441616173  0  0  0  0  0  0  0  0  0  2305490  0  0  0  0  0  0  0  0  0  13  0  0  0  0  0  39  0  0  0  0  0  0  0 
1441616174  0  0  0  0  0  0  0  0  0  3075123  0  0  0  0  0  0  0  0  0  15  0  0  0  0  0  41  0  769633  0  0  0  0  0 
1441616174  0  0  0  0  0  0  0  0  0  3725760  0  0  0  0  0  0  0  0  0  21  0  0  0  0  0  46  0  650637  0  0  0  0  0 
1441616175  0  0  0  0  0  0  0  0  0  3941151  0  0  0  0  0  0  0  0  0  21  0  0  0  0  0  46  0  215391  0  0  0  0  0 
1441616175  0  0  0  0  0  0  0  0  0  3941151  0  0  0  0  0  0  0  0  0  21  0  0  0  0  0  46  0  0  0  0  0  0  0 
1441616176  0  0  0  0  0  0  0  0  0  3941151  0  0  0  0  0  0  0  0  0  21  0  0  0  0  0  46  0  0  0  0  0  0  0 
1441616176  0  0  0  0  0  0  0  0  0  3941151  0  0  0  0  0  0  0  0  0  21  0  0  0  0  0  46  0  0  0  0  0  0  0 
1441616177  0  0  0  0  0  0  0  0  0  3941151  0  0  0  0  0  0  0  0  0  21  0  0  0  0  0  46  0  0  0  0  0  0  0 
1441616177  0  0  0  0  0  0  0  0  0  3941151  0  0  0  0  0  0  0  0  0  21  0  0  0  0  0  46  0  0  0  0  0  0  0 
1441616178  0  0  0  0  0  0  0  0  0  3941151  0  0  0  0  0  0  0  0  0  21  0  0  0  0  0  46  0  0  0  0  0  0  0 
1441616178  0  0  0  0  0  0  0  0  0  3941151  0  0  0  0  0  0  0  0  0  21  0  0  0  0  0  46  0  0  0  0  0  0  0 
1441616179  0  0  0  0  0  0  0  0  0  3941151  0  0  0  0  0  0  0  0  0  21  0  0  0  0  0  46  0  0  0  0  0  0  0 
1441616179  0  0  0  0  0  0  0  0  0  3941151  0  0  0  0  0  0  0  0  0  21  0  0  0  0  0  46  0  0  0  0  0  0  0 
1441616180  0  0  0  0  0  0  0  0  0  3941151  0  0  0  0  0  0  0  0  0  21  0  0  0  0  0  46  0  0  0  0  0  0  0 
1441616180  0  0  0  0  0  0  0  0  0  3941151  0  0  0  0  0  0  0  0  0  21  0  0  0  0  0  46  0  0  0  0  0  0  0 
1441616181  0  0  0  0  0  0  0  0  0  3941151  0  0  0  0  0  0  0  0  0  21  0  0  0  0  0  46  0  0  0  0  0  0  0 
1441616181  0  0  0  0  0  0  0  0  0  3941151  0  0  0  0  0  0  0  0  0  21  0  0  0  0  0  46  0  0  0  0  0  0  0 
1441616182  0  0  0  0  0  0  0  0  0  3941151  0  0  0  0  0  0  0  0  0  21  0  0  0  0  0  46  0  0  0  0  0  0  0 
1441616182  0  0  0  0  0  0  0  0  0  3941151  0  0  0  0  0  0  0  0  0  21  0  0  0  0  0  46  0  0  0  0  0  0  0 
1441616183  0  0  0  0  0  0  0  0  0  3941151  0  0  0  0  0  0  0  0  0  21  0  0  0  0  0  46  0  0  0  0  0  0  0 
1441616183  0  0  0  0  0  0  0  0  0  3941151  0  0  0  0  0  0  0  0  0  21  0  0  0  0  0  46  0  0  0  0  0  0  0 
1441616184  0  0  0  0  0  0  0  0  0  3941151  0  0  0  0  0  0  0  0  0  21  0  0  0  0  0  46  0  0  0  0  0  0  0 
1441616184  0  0  0  0  0  0  0  0  0  3941151  0  0  0  0  0  0  0  0  0  21  0  0  0  0  0  46  0  0  0  0  0  0  0 
1441616185  0  0  0  0  0  0  0  0  0  3941151  0  0  0  0  0  0  0  0  0  21  0  0  0  0  0  46  0  0  0  0  0  0  0 
1441616185  0  0  0  0  0  0  0  0  0  3941151  0  0  0  0  0  0  0  0  0  21  0  0  0  0  0  46  0  0  0  0  0  0  0 
1441616186  0  0  0  0  0  0  0  0  0  3941151  0  0  0  0  0  0  0  0  0  21  0  0  0  0  0  46  0  0  0  0  0  0  0 
1441616186  0  0  0  0  0  0  0  0  0  3941151  0  0  0  0  0  0  0  0  0  21  0  0  0  0  0  46  0  0  0  0  0  0  0 
1441616187  0  0  0  0  0  0  0  0  0  3941151  0  0  0  0  0  0  0  0  0  21  0  0  0  0  0  46  0  0  0  0  0  0  0 
1441616187  0  0  0  0  0  0  0  0  0  3941151  0  0  0  0  0  0  0  0  0  21  0  0  0  0  0  46  0  0  0  0  0  0  0 
1441616188  0  0  0  0  0  0  0  0  0  3941151  0  0  0  0  0  0  0  0  0  21  0  0  0  0  0  46  0  0  0  0  0  0  0 
1441616188  0  0  0  0  0  0  0  0  0  3941151  0  0  0  0  0  0  0  0  0  21  0  0  0  0  0  46  0  0  0  0  0  0  0 
1441616189  0  0  0  0  0  0  0  0  0  3941151  0  0  0  0  0  0  0  0  0  21  0  0  0  0  0  46  0  0  0  0  0  0  0 
1441616189  0  0  0  0  0  0  0  0  0  3941151  0  0  0  0  0  0  0  0  0  21  0  0  0  0  0  46  0  0  0  0  0  0  0 
1441616190  0  0  0  0  0  0  0  0  0  3941151  0  0  0  0  0  0  0  0  0  21  0  0  0  0  0  46  0  0  0  0  0  0  0 
1441616190  0  0  0  0  0  0  0  0  0  3941151  0  0  0  0  0  0  0  0  0  21  0  0  0  0  0  46  0  0  0  0  0  0  0 
1441616191  0  0  0  0  0  0  0  0  0  3941151  0  0  0  0  0  0  0  0  0  21  0  0  0  0  0  46  0  0  0  0  0  0  0 
1441616192  0  0  0  0  0  0  0  0  0  3941151  0  0  0  0  0  0  0  0  0  21  0  0  0  0  0  46  0  0  0  0  0  0  0 
1441616192  0  0  0  0  0  0  0  0  0  3941151  0  0  0  0  0  0  0  0  0  21  0  0  0  0  0  46  0  0  0  0  0  0  0 
1441616193  0  0  0  0  0  0  0  0  0  3941151  0  0  0  0  0  0  0  0  0  21  0  0  0  0  0  46  0  0  0  0  0  0  0 
1441616193  0  0  0  0  0  0  0  0  0  3941151  0  0  0  0  0  0  0  0  0  21  0  0  0  0  0  46  0  0  0  0  0  0  0 
1441616194  0  0  0  0  0  0  0  0  0  3941151  0  0  0  0  0  0  0  0  0  21  0  0  0  0  0  46  0  0  0  0  0  0  0 
1441616194  0  0  0  0  0  0  0  0  0  3941151  0  0  0  0  0  0  0  0  0  21  0  0  0  0  0  46  0  0  0  0  0  0  0 
1441616195  0  0  0  0  0  0  0  0  0  3941151  0  0  0  0  0  0  0  0  0  21  0  0  0  0  0  46  0  0  0  0  0  0  0 
1441616195  0  0  0  0  0  0  0  0  0  3941151  0  0  0  0  0  0  0  0  0  21  0  0  0  0  0  46  0  0  0  0  0  0  0 
1441616196  0  0  0  0  0  0  0  0  0  3941151  0  0  0  0  0  0  0  0  0  21  0  0  0  0  0  46  0  0  0  0  0  0  0 
1441616196  0  0  0  0  0  0  0  0  0  3941151  0  0  0  0  0  0  0  0  0  21  0  0  0  0  0  46  0  0  0  0  0  0  0 
1441616197  0  0  0  0  0  0  0  0  0  3941151  0  0  0  0  0  0  0  0  0  21  0  0  0  0  0  46  0  0  0  0  0  0  0 
1441616197  0  0  0  0  0  0  0  0  0  3941151  0  0  0  0  0  0  0  0  0  21  0  0  0  0  0  46  0  0  0  0  0  0  0 
1441616198  0  0  0  0  0  0  0  0  0  3941151  0  0  0  0  0  0  0  0  0  21  0  0  0  0  0  46  0  0  0  0  0  0  0 
1441616198  0  0  0  0  0  0  0  0  0  3941151  0  0  0  0  0  0  0  0  0  21  0  0  0  0  0  46  0  0  0  0  0  0  0 
1441616199  0  0  0  0  0  0  0  0  0  3941151  0  0  0  0  0  0  0  0  0  21  0  0  0  0  0  46  0  0  0  0  0  0  0 
1441616199  0  0  0  0  0  0  0  0  0  3941151  0  0  0  0  0  0  0  0  0  21  0  0  0  0  0  46  0  0  0  0  0  0  0 
1441616200  0  0  0  0  0  0  0  0  0  3941151  0  0  0  0  0  0  0  0  0  21  0  0  0  0  0  46  0  0  0  0  0  0  0 
1441616200  0  0  0  0  0  0  0  0  0  3941151  0  0  0  0  0  0  0  0  0  21  0  0  0  0  0  46  0  0  0  0  0  0  0 
1441616201  0  0  0  0  0  0  0  0  0  3941151  0  0  0  0  0  0  0  0  0  21  0  0  0  0  0  46  0  0  0  0  0  0  0 
1441616201  0  0  0  0  0  0  0  0  0  3941151  0  0  0  0  0  0  0  0  0  21  0  0  0  0  0  46  0  0  0  0  0  0  0 
1441616202  0  0  0  0  0  0  0  0  0  3941151  0  0  0  0  0  0  0  0  0  21  0  0  0  0  0  46  0  0  0  0  0  0  0 
1441616202  0  0  0  0  0  0  0  0  0  3941151  0  0  0  0  0  0  0  0  0  21  0  0  0  0  0  46  0  0  0  0  0  0  0 
1441616203  0  0  0  0  0  0  0  0  0  3941151  0  0  0  0  0  0  0  0  0  21  0  0  0  0  0  46  0  0  0  0  0  0  0 
1441616203  0  0  0  0  0  0  0  0  0  3941151  0  0  0  0  0  0  0  0  0  21  0  0  0  0  0  46  0  0  0  0  0  0  0 
1441616204  0  0  0  0  0  0  0  0  0  3941151  0  0  0  0  0  0  0  0  0  21  0  0  0  0  0  46  0  0  0  0  0  0  0 
1441616204  0  0  0  0  0  0  0  0  0  3941151  0  0  0  0  0  0  0  0  0  21  0  0  0  0  0  46  0  0  0  0  0  0  0 
1441616205  0  0  0  0  0  0  0  0  0  3941151  0  0  0  0  0  0  0  0  0  21  0  0  0  0  0  46  0  0  0  0  0  0  0 
1441616205  0  0  0  0  0  0  0  0  0  3941151  0  0  0  0  0  0  0  0  0  21  0  0  0  0  0  46  0  0  0  0  0  0  0 
1441616206  0  0  0  0  0  0  0  0  0  3941151  0  0  0  0  0  0  0  0  0  21  0  0  0  0  0  46  0  0  0  0  0  0  0 
1441616206  0  0  0  0  0  0  0  0  0  3941151  0  0  0  0  0  0  0  0  0  21  0  0  0  0  0  46  0  0  0  0  0  0  0 
1441616207  0  0  0  0  0  0  0  0  0  3941151  0  0  0  0  0  0  0  0  0  21  0  0  0  0  0  46  0  0  0  0  0  0  0 
1441616207  0  0  0  0  0  0  0  0  0  3941151  0  0  0  0  0  0  0  0  0  21  0  0  0  0  0  46  0  0  0  0  0  0  0 
1441616208  0  0  0  0  0  0  0  0  0  3941151  0  0  0  0  0  0  0  0  0  21  0  0  0  0  0  46  0  0  0  0  0  0  0 
1441616208  0  0  0  0  0  0  0  0  0  3941151  0  0  0  0  0  0  0  0  0  21  0  0  0  0  0  46  0  0  0  0  0  0  0 
1441616209  0  0  0  0  0  0  0  0  0  3941151  0  0  0  0  0  0  0  0  0  21  0  0  0  0  0  46  0  0  0  0  0  0  0 
1441616209  0  0  0  0  0  0  0  0  0  3941151  0  0  0  0  0  0  0  0  0  21  0  0  0  0  0  46  0  0  0  0  0  0  0 
1441616210  0  0  0  0  0  0  0  0  0  3941151  0  0  0  0  0  0  0  0  0  21  0  0  0  0  0  46  0  0  0  0  0  0  0 
1441616210  0  0  0  0  0  0  0  0  0  3941151  0  0  0  0  0  0  0  0  0  21  0  0  0  0  0  46  0  0  0  0  0  0  0 
1441616211  0  0  0  0  0  0  0  0  0  3941151  0  0  0  0  0  0  0  0  0  21  0  0  0  0  0  46  0  0  0  0  0  0  0 
1441616211  0  0  0  0  0  0  0  0  0  3941151  0  0  0  0  0  0  0  0  0  21  0  0  0  0  0  46  0  0  0  0  0  0  0 
1441616212  0  0  0  0  0  0  0  0  0  3941151  0  0  0  0  0  0  0  0  0  21  0  0  0  0  0  46  0  0  0  0  0  0  0 
1441616212  0  0  0  0  0  0  0  0  0  3941151  0  0  0  0  0  0  0  0  0  21  0  0  0  0  0  46  0  0  0  0  0  0  0 
1441616213  0  0  0  0  0  0  0  0  0  3941151  0  0  0  0  0  0  0  0  0  21  0  0  0  0  0  46  0  0  0  0  0  0  0 
1441616213  0  0  0  0  0  0  0  0  0  3941151  0  0  0  0  0  0  0  0  0  21  0  0  0  0  0  46  0  0  0  0  0  0  0 
1441616214  0  0  0  0  0  0  0  0  0  3941151  0  0  0  0  0  0  0  0  0  21  0  0  0  0  0  46  0  0  0  0  0  0  0 
1441616214  0  0  0  0  0  0  0  0  0  3941151  0  0  0  0  0  0  0  0  0  21  0  0  0  0  0  46  0  0  0  0  0  0  0 
1441616215  0  0  0  0  0  0  0  0  0  3941151  0  0  0  0  0  0  0  0  0  21  0  0  0  0  0  46  0  0  0  0  0  0  0 
1441616215  0  0  0  0  0  0  0  0  0  3941151  0  0  0  0  0  0  0  0  0  21  0  0  0  0  0  46  0  0  0  0  0  0  0 
1441616216  0  0  0  0  0  0  0  0  0  3941151  0  0  0  0  0  0  0  0  0  21  0  0  0  0  0  46  0  0  0  0  0  0  0 
1441616216  0  0  0  0  0  0  0  0  0  3941151  0  0  0  0  0  0  0  0  0  21  0  0  0  0  0  46  0  0  0  0  0  0  0 
1441616217  0  0  0  0  0  0  0  0  0  3941151  0  0  0  0  0  0  0  0  0  21  0  0  0  0  0  46  0  0  0  0  0  0  0 
1441616217  0  0  0  0  0  0  0  0  0  3941151  0  0  0  0  0  0  0  0  0  21  0  0  0  0  0  46  0  0  0  0  0  0  0 
1441616218  0  0  0  0  0  0  0  0  0  3941151  0  0  0  0  0  0  0  0  0  21  0  0  0  0  0  46  0  0  0  0  0  0  0 
1441616218  0  0  0  0  0  0  0  0  0  3941151  0  0  0  0  0  0  0  0  0  21  0  0  0  0  0  46  0  0  0  0  0  0  0 
1441616219  0  0  0  0  0  0  0  0  0  3941151  0  0  0  0  0  0  0  0  0  21  0  0  0  0  0  46  0  0  0  0  0  0  0 
1441616219  0  0  0  0  0  0  0  0  0  3941151  0  0  0  0  0  0  0  0  0  21  0  0  0  0  0  46  0  0  0  0  0  0  0 
1441616220  0  0  0  0  0  0  0  0  0  3941151  0  0  0  0  0  0  0  0  0  21  0  0  0  0  0  46  0  0  0  0  0  0  0 
1441616220  0  0  0  0  0  0  0  0  0  3941151  0  0  0  0  0  0  0  0  0  21  0  0  0  0  0  46  0  0  0  0  0  0  0 
1441616221  0  0  0  0  0  0  0  0  0  3941151  0  0  0  0  0  0  0  0  0  21  0  0  0  0  0  46  0  0  0  0  0  0  0 
1441616221  0  0  0  0  0  0  0  0  0  3941151  0  0  0  0  0  0  0  0  0  21  0  0  0  0  0  46  0  0  0  0  0  0  0 
1441616222  0  0  0  0  0  0  0  0  0  3941151  0  0  0  0  0  0  0  0  0  21  0  0  0  0  0  46  0  0  0  0  0  0  0 
1441616222  0  0  0  0  0  0  0  0  0  3941151  0  0  0  0  0  0  0  0  0  21  0  0  0  0  0  46  0  0  0  0  0  0  0 
1441616223  0  0  0  0  0  0  0  0  0  3941151  0  0  0  0  0  0  0  0  0  21  0  0  0  0  0  46  0  0  0  0  0  0  0 
1441616223  0  0  0  0  0  0  0  0  0  3941151  0  0  0  0  0  0  0  0  0  21  0  0  0  0  0  46  0  0  0  0  0  0  0 
1441616224  0  0  0  0  0  0  0  0  0  3941151  0  0  0  0  0  0  0  0  0  21  0  0  0  0  0  46  0  0  0  0  0  0  0 
1441616224  0  0  0  0  0  0  0  0  0  3941151  0  0  0  0  0  0  0  0  0  21  0  0  0  0  0  46  0  0  0  0  0  0  0 
1441616225  0  0  0  0  0  0  0  0  0  3941151  0  0  0  0  0  0  0  0  0  21  0  0  0  0  0  46  0  0  0  0  0  0  0 
1441616225  0  0  0  0  0  0  0  0  0  3941151  0  0  0  0  0  0  0  0  0  21  0  0  0  0  0  46  0  0  0  0  0  0  0 
1441616226  0  0  0  0  0  0  0  0  0  3941151  0  0  0  0  0  0  0  0  0  21  0  0  0  0  0  46  0  0  0  0  0  0  0 
1441616226  0  0  0  0  0  0  0  0  0  3941151  0  0  0  0  0  0  0  0  0  21  0  0  0  0  0  46  0  0  0  0  0  0  0 
1441616227  0  0  0  0  0  0  0  0  0  3941151  0  0  0  0  0  0  0  0  0  21  0  0  0  0  0  46  0  0  0  0  0  0  0 
1441616227  0  0  0  0  0  0  0  0  0  3949205  0  0  0  0  0  0  0  0  0  21  0  0  0  0  0  47  0  8054  0  0  0  0  0 
1441616228  0  0  0  0  0  0  0  0  0  3949205  0  0  0  0  0  0  0  0  0  21  0  0  0  0  0  47  0  0  0  0  0  0  0 
1441616228  0  0  0  0  0  0  0  0  0  3949205  0  0  0  0  0  0  0  0  0  21  0  0  0  0  0  47  0  0  0  0  0  0  0 
1441616229  0  0  0  0  0  0  0  0  0  3949205  0  0  0  0  0  0  0  0  0  21  0  0  0  0  0  47  0  0  0  0  0  0  0 
1441616229  0  0  0  0  0  0  0  0  0  3949205  0  0  0  0  0  0  0  0  0  21  0  0  0  0  0  47  0  0  0  0  0  0  0 
1441616230  0  0  0  0  0  0  0  0  0  3949205  0  0  0  0  0  0  0  0  0  21  0  0  0  0  0  47  0  0  0  0  0  0  0 
1441616230  0  0  0  0  0  0  0  0  0  3949205  0  0  0  0  0  0  0  0  0  21  0  0  0  0  0  47  0  0  0  0  0  0  0 
1441616231  0  0  0  0  0  0  0  0  0  3949205  0  0  0  0  0  0  0  0  0  21  0  0  0  0  0  47  0  0  0  0  0  0  0 
1441616231  0  0  0  0  0  0  0  0  0  3949205  0  0  0  0  0  0  0  0  0  21  0  0  0  0  0  47  0  0  0  0  0  0  0 
1441616232  0  0  0  0  0  0  0  0  0  3949205  0  0  0  0  0  0  0  0  0  21  0  0  0  0  0  47  0  0  0  0  0  0  0 
1441616232  0  0  0  0  0  0  0  0  0  3949205  0  0  0  0  0  0  0  0  0  21  0  0  0  0  0  47  0  0  0  0  0  0  0 
1441616233  0  0  0  0  0  0  0  0  0  3949205  0  0  0  0  0  0  0  0  0  21  0  0  0  0  0  47  0  0  0  0  0  0  0 
1441616233  0  0  0  0  0  0  0  0  0  3949205  0  0  0  0  0  0  0  0  0  21  0  0  0  0  0  47  0  0  0  0  0  0  0 
1441616234  0  0  0  0  0  0  0  0  0  3949205  0  0  0  0  0  0  0  0  0  21  0  0  0  0  0  47  0  0  0  0  0  0  0 
1441616235  0  0  0  0  0  0  0  0  0  3949205  0  0  0  0  0  0  0  0  0  21  0  0  0  0  0  47  0  0  0  0  0  0  0 
1441616235  0  0  0  0  0  0  0  0  0  3949205  0  0  0  0  0  0  0  0  0  21  0  0  0  0  0  47  0  0  0  0  0  0  0 
1441616236  0  0  0  0  0  0  0  0  0  3949205  0  0  0  0  0  0  0  0  0  21  0  0  0  0  0  47  0  0  0  0  0  0  0 
1441616236  0  0  0  0  0  0  0  0  0  3949205  0  0  0  0  0  0  0  0  0  21  0  0  0  0  0  47  0  0  0  0  0  0  0 
1441616237  0  0  0  0  0  0  0  0  0  3949205  0  0  0  0  0  0  0  0  0  21  0  0  0  0  0  47  0  0  0  0  0  0  0 
1441616237  0  0  0  0  0  0  0  0  0  3949205  0  0  0  0  0  0  0  0  0  21  0  0  0  0  0  47  0  0  0  0  0  0  0 
1441616238  0  0  0  0  0  0  0  0  0  3951870  0  0  0  0  0  0  0  0  0  21  0  0  0  0  0  48  0  2665  0  0  0  0  0 
1441616238  0  0  0  0  0  0  0  0  0  3951870  0  0  0  0  0  0  0  0  0  21  0  0  0  0  0  48  0  0  0  0  0  0  0 
1441616239  0  0  0  0  0  0  0  0  0  3951870  0  0  0  0  0  0  0  0  0  21  0  0  0  0  0  48  0  0  0  0  0  0  0 
1441616239  0  0  0  0  0  0  0  0  0  3951870  0  0  0  0  0  0  0  0  0  21  0  0  0  0  0  48  0  0  0  0  0  0  0 
1441616240  0  0  0  0  0  0  0  0  0  3951870  0  0  0  0  0  0  0  0  0  21  0  0  0  0  0  48  0  0  0  0  0  0  0 
1441616240  0  0  0  0  0  0  0  0  0  3951870  0  0  0  0  0  0  0  0  0  21  0  0  0  0  0  48  0  0  0  0  0  0  0 
1441616241  0  0  0  0  0  0  0  0  0  3951870  0  0  0  0  0  0  0  0  0  21  0  0  0  0  0  48  0  0  0  0  0  0  0 
1441616241  0  0  0  0  0  0  0  0  0  3951870  0  0  0  0  0  0  0  0  0  21  0  0  0  0  0  48  0  0  0  0  0  0  0 
1441616242  0  0  0  0  0  0  0  0  0  3951870  0  0  0  0  0  0  0  0  0  21  0  0  0  0  0  48  0  0  0  0  0  0  0 
1441616242  0  0  0  0  0  0  0  0  0  3951870  0  0  0  0  0  0  0  0  0  21  0  0  0  0  0  48  0  0  0  0  0  0  0 
1441616243  0  0  0  0  0  0  0  0  0  3951870  0  0  0  0  0  0  0  0  0  21  0  0  0  0  0  48  0  0  0  0  0  0  0 
1441616243  0  0  0  0  0  0  0  0  0  3951870  0  0  0  0  0  0  0  0  0  21  0  0  0  0  0  48  0  0  0  0  0  0  0 
1441616244  0  0  0  0  0  0  0  0  0  3951870  0  0  0  0  0  0  0  0  0  21  0  0  0  0  0  48  0  0  0  0  0  0  0 
1441616244  0  0  0  0  0  0  0  0  0  3951870  0  0  0  0  0  0  0  0  0  21  0  0  0  0  0  48  0  0  0  0  0  0  0 
1441616245  0  0  0  0  0  0  0  0  0  3951870  0  0  0  0  0  0  0  0  0  21  0  0  0  0  0  48  0  0  0  0  0  0  0 
1441616245  0  0  0  0  0  0  0  0  0  3951870  0  0  0  0  0  0  0  0  0  21  0  0  0  0  0  48  0  0  0  0  0  0  0 
1441616246  0  0  0  0  0  0  0  0  0  3951870  0  0  0  0  0  0  0  0  0  21  0  0  0  0  0  48  0  0  0  0  0  0  0 
1441616246  0  0  0  0  0  0  0  0  0  3951870  0  0  0  0  0  0  0  0  0  21  0  0  0  0  0  48  0  0  0  0  0  0  0 
1441616247  0  0  0  0  0  0  0  0  0  3951870  0  0  0  0  0  0  0  0  0  21  0  0  0  0  0  48  0  0  0  0  0  0  0 
1441616247  0  0  0  0  0  0  0  0  0  3951870  0  0  0  0  0  0  0  0  0  21  0  0  0  0  0  48  0  0  0  0  0  0  0 
1441616248  0  0  0  0  0  0  0  0  0  3954634  0  0  0  0  0  0  0  0  0  21  0  0  0  0  0  49  0  2764  0  0  0  0  0 
1441616248  0  0  0  0  0  0  0  0  0  3954634  0  0  0  0  0  0  0  0  0  21  0  0  0  0  0  49  0  0  0  0  0  0  0 
1441616249  0  0  0  0  0  0  0  0  0  3954634  0  0  0  0  0  0  0  0  0  21  0  0  0  0  0  49  0  0  0  0  0  0  0 
1441616249  0  0  0  0  0  0  0  0  0  3954634  0  0  0  0  0  0  0  0  0  21  0  0  0  0  0  49  0  0  0  0  0  0  0 
1441616250  0  0  0  0  0  0  0  0  0  3954634  0  0  0  0  0  0  0  0  0  21  0  0  0  0  0  49  0  0  0  0  0  0  0 
1441616250  0  0  0  0  0  0  0  0  0  3954634  0  0  0  0  0  0  0  0  0  21  0  0  0  0  0  49  0  0  0  0  0  0  0 
1441616251  0  0  0  0  0  0  0  0  0  3954634  0  0  0  0  0  0  0  0  0  21  0  0  0  0  0  49  0  0  0  0  0  0  0 
1441616251  0  0  0  0  0  0  0  0  0  3954634  0  0  0  0  0  0  0  0  0  21  0  0  0  0  0  49  0  0  0  0  0  0  0 
1441616252  0  0  0  0  0  0  0  0  0  3954634  0  0  0  0  0  0  0  0  0  21  0  0  0  0  0  49  0  0  0  0  0  0  0 
1441616252  0  0  0  0  0  0  0  0  0  3954634  0  0  0  0  0  0  0  0  0  21  0  0  0  0  0  49  0  0  0  0  0  0  0 
1441616253  0  0  0  0  0  0  0  0  0  3954634  0  0  0  0  0  0  0  0  0  21  0  0  0  0  0  49  0  0  0  0  0  0  0 
1441616253  0  0  0  0  0  0  0  0  0  3954634  0  0  0  0  0  0  0  0  0  21  0  0  0  0  0  49  0  0  0  0  0  0  0 
1441616254  0  0  0  0  0  0  0  0  0  3954634  0  0  0  0  0  0  0  0  0  21  0  0  0  0  0  49  0  0  0  0  0  0  0 
1441616254  0  0  0  0  0  0  0  0  0  3954634  0  0  0  0  0  0  0  0  0  21  0  0  0  0  0  49  0  0  0  0  0  0  0 
1441616255  0  0  0  0  0  0  0  0  0  3954634  0  0  0  0  0  0  0  0  0  21  0  0  0  0  0  49  0  0  0  0  0  0  0 
1441616255  0  0  0  0  0  0  0  0  0  3954634  0  0  0  0  0  0  0  0  0  21  0  0  0  0  0  49  0  0  0  0  0  0  0 
1441616256  0  0  0  0  0  0  0  0  0  3954634  0  0  0  0  0  0  0  0  0  21  0  0  0  0  0  49  0  0  0  0  0  0  0 
1441616256  0  0  0  0  0  0  0  0  0  3954634  0  0  0  0  0  0  0  0  0  21  0  0  0  0  0  49  0  0  0  0  0  0  0 
1441616257  0  0  0  0  0  0  0  0  0  3954634  0  0  0  0  0  0  0  0  0  21  0  0  0  0  0  49  0  0  0  0  0  0  0 
1441616257  0  0  0  0  0  0  0  0  0  3957471  0  0  0  0  0  0  0  0  0  21  0  0  0  0  0  50  0  2837  0  0  0  0  0 
1441616258  0  0  0  0  0  0  0  0  0  3957471  0  0  0  0  0  0  0  0  0  21  0  0  0  0  0  50  0  0  0  0  0  0  0 
1441616258  0  0  0  0  0  0  0  0  0  3957471  0  0  0  0  0  0  0  0  0  21  0  0  0  0  0  50  0  0  0  0  0  0  0 
1441616259  0  0  0  0  0  0  0  0  0  3957471  0  0  0  0  0  0  0  0  0  21  0  0  0  0  0  50  0  0  0  0  0  0  0 
1441616259  0  0  0  0  0  0  0  0  0  3957471  0  0  0  0  0  0  0  0  0  21  0  0  0  0  0  50  0  0  0  0  0  0  0 
1441616260  0  0  0  0  0  0  0  0  0  3957471  0  0  0  0  0  0  0  0  0  21  0  0  0  0  0  50  0  0  0  0  0  0  0 
1441616260  0  0  0  0  0  0  0  0  0  3957471  0  0  0  0  0  0  0  0  0  21  0  0  0  0  0  50  0  0  0  0  0  0  0 
1441616261  0  0  0  0  0  0  0  0  0  3957471  0  0  0  0  0  0  0  0  0  21  0  0  0  0  0  50  0  0  0  0  0  0  0 
1441616261  0  0  0  0  0  0  0  0  0  3957471  0  0  0  0  0  0  0  0  0  21  0  0  0  0  0  50  0  0  0  0  0  0  0 
1441616262  0  0  0  0  0  0  0  0  0  3957471  0  0  0  0  0  0  0  0  0  21  0  0  0  0  0  50  0  0  0  0  0  0  0 
1441616262  0  0  0  0  0  0  0  0  0  3957471  0  0  0  0  0  0  0  0  0  21  0  0  0  0  0  50  0  0  0  0  0  0  0 
1441616263  0  0  0  0  0  0  0  0  0  3957471  0  0  0  0  0  0  0  0  0  21  0  0  0  0  0  50  0  0  0  0  0  0  0 
1441616263  0  0  0  0  0  0  0  0  0  3957471  0  0  0  0  0  0  0  0  0  21  0  0  0  0  0  50  0  0  0  0  0  0  0 
1441616264  0  0  0  0  0  0  0  0  0  3957471  0  0  0  0  0  0  0  0  0  21  0  0  0  0  0  50  0  0  0  0  0  0  0 
1441616264  0  0  0  0  0  0  0  0  0  3957471  0  0  0  0  0  0  0  0  0  21  0  0  0  0  0  50  0  0  0  0  0  0  0 
1441616265  0  0  0  0  0  0  0  0  0  3957471  0  0  0  0  0  0  0  0  0  21  0  0  0  0  0  50  0  0  0  0  0  0  0 
1441616265  0  0  0  0  0  0  0  0  0  3957471  0  0  0  0  0  0  0  0  0  21  0  0  0  0  0  50  0  0  0  0  0  0  0 
1441616266  0  0  0  0  0  0  0  0  0  3957471  0  0  0  0  0  0  0  0  0  21  0  0  0  0  0  50  0  0  0  0  0  0  0 
1441616266  0  0  0  0  0  0  0  0  0  3957471  0  0  0  0  0  0  0  0  0  21  0  0  0  0  0  50  0  0  0  0  0  0  0 
1441616267  0  0  0  0  0  0  0  0  0  3957471  0  0  0  0  0  0  0  0  0  21  0  0  0  0  0  50  0  0  0  0  0  0  0 
1441616267  0  0  0  0  0  0  0  0  0  3960154  0  0  0  0  0  0  0  0  0  21  0  0  0  0  0  51  0  2683  0  0  0  0  0 
1441616268  0  0  0  0  0  0  0  0  0  3960154  0  0  0  0  0  0  0  0  0  21  0  0  0  0  0  51  0  0  0  0  0  0  0 
1441616268  0  0  0  0  0  0  0  0  0  3960154  0  0  0  0  0  0  0  0  0  21  0  0  0  0  0  51  0  0  0  0  0  0  0 
1441616269  0  0  0  0  0  0  0  0  0  3960154  0  0  0  0  0  0  0  0  0  21  0  0  0  0  0  51  0  0  0  0  0  0  0 
1441616269  0  0  0  0  0  0  0  0  0  3960154  0  0  0  0  0  0  0  0  0  21  0  0  0  0  0  51  0  0  0  0  0  0  0 
1441616270  0  0  0  0  0  0  0  0  0  3960154  0  0  0  0  0  0  0  0  0  21  0  0  0  0  0  51  0  0  0  0  0  0  0 
1441616270  0  0  0  0  0  0  0  0  0  3960154  0  0  0  0  0  0  0  0  0  21  0  0  0  0  0  51  0  0  0  0  0  0  0 
1441616271  0  0  0  0  0  0  0  0  0  3960154  0  0  0  0  0  0  0  0  0  21  0  0  0  0  0  51  0  0  0  0  0  0  0 
1441616271  0  0  0  0  0  0  0  0  0  3960154  0  0  0  0  0  0  0  0  0  21  0  0  0  0  0  51  0  0  0  0  0  0  0 
1441616272  0  0  0  0  0  0  0  0  0  3960154  0  0  0  0  0  0  0  0  0  21  0  0  0  0  0  51  0  0  0  0  0  0  0 
1441616272  0  0  0  0  0  0  0  0  0  3960154  0  0  0  0  0  0  0  0  0  21  0  0  0  0  0  51  0  0  0  0  0  0  0 
1441616273  0  0  0  0  0  0  0  0  0  3960154  0  0  0  0  0  0  0  0  0  21  0  0  0  0  0  51  0  0  0  0  0  0  0 
1441616273  0  0  0  0  0  0  0  0  0  3960154  0  0  0  0  0  0  0  0  0  21  0  0  0  0  0  51  0  0  0  0  0  0  0 
1441616274  0  0  0  0  0  0  0  0  0  3960154  0  0  0  0  0  0  0  0  0  21  0  0  0  0  0  51  0  0  0  0  0  0  0 
1441616274  0  0  0  0  0  0  0  0  0  3960154  0  0  0  0  0  0  0  0  0  21  0  0  0  0  0  51  0  0  0  0  0  0  0 
1441616275  0  0  0  0  0  0  0  0  0  3960154  0  0  0  0  0  0  0  0  0  21  0  0  0  0  0  51  0  0  0  0  0  0  0 
1441616276  0  0  0  0  0  0  0  0  0  3960154  0  0  0  0  0  0  0  0  0  21  0  0  0  0  0  51  0  0  0  0  0  0  0 
1441616276  0  0  0  0  0  0  0  0  0  3960154  0  0  0  0  0  0  0  0  0  21  0  0  0  0  0  51  0  0  0  0  0  0  0 
1441616277  0  0  0  0  0  0  0  0  0  3960154  0  0  0  0  0  0  0  0  0  21  0  0  0  0  0  51  0  0  0  0  0  0  0 
1441616277  0  0  0  0  0  0  0  0  0  3960154  0  0  0  0  0  0  0  0  0  21  0  0  0  0  0  51  0  0  0  0  0  0  0 
1441616278  0  0  0  0  0  0  0  0  0  4001568  0  0  0  0  0  0  0  0  0  22  0  0  0  0  0  53  0  41414  0  0  0  0  0 
1441616278  0  0  0  0  0  0  0  0  0  4037546  0  0  0  0  0  0  0  0  0  25  0  0  0  0  0  64  0  35978  0  0  0  0  0 
1441616279  0  0  0  0  0  0  0  0  0  4037546  0  0  0  0  0  0  0  0  0  25  0  0  0  0  0  64  0  0  0  0  0  0  0 
1441616279  0  0  0  0  0  0  0  0  0  4037546  0  0  0  0  0  0  0  0  0  25  0  0  0  0  0  64  0  0  0  0  0  0  0 
