#type:G;
#time  Rt  Nm  Tt  Nc  Rx  Gz  Pc  Pf  Ra  Te  Pm  Fp  Fc  Ta  Fm  Om  Lm  Oc  Sm  Sc  Em  Af  Ea  Cf  Ec  Gd  Zt  Et  Ep  dedup_put_diff  total_eph_put_diff  dedup_factor  dedup_curr  compression_saving  tze_saving  
1441316194  0  0  4969  0  0  0  0  0  0  4895  0  0  0  0  0  0  0  0  0  0  0  0  0  0  0  0  0  0  0  0  0  0 0 0 0 
1441316194  0  0  4972  0  0  0  0  0  0  4896  0  0  0  0  0  0  0  0  0  0  0  0  0  0  0  0  0  0  0  0  0  0 0 0 0 
1441316195  0  0  4973  0  0  0  0  0  0  4896  0  0  0  0  0  0  0  0  0  0  0  0  0  0  0  0  0  0  0  0  0  0 0 0 0 
1441316195  0  0  4973  0  0  0  0  0  0  4896  0  0  0  0  0  0  0  0  0  0  0  0  0  0  0  0  0  0  0  0  0  0 0 0 0 
1441316196  0  0  4974  0  0  0  0  0  0  4896  0  0  0  0  0  0  0  0  0  0  0  0  0  0  0  0  0  0  0  0  0  0 0 0 0 
1441316196  0  0  4975  0  0  0  0  0  0  4896  0  0  0  0  0  0  0  0  0  0  0  0  0  0  0  0  0  0  0  0  0  0 0 0 0 
1441316197  0  0  4976  0  0  0  0  0  0  4896  0  0  0  0  0  0  0  0  0  0  0  0  0  0  0  0  0  0  0  0  0  0 0 0 0 
1441316197  0  0  4977  0  0  0  0  0  0  4896  0  0  0  0  0  0  0  0  0  0  0  0  0  0  0  0  0  0  0  0  0  0 0 0 0 
1441316198  0  0  4978  0  0  0  0  0  0  4896  0  0  0  0  0  0  0  0  0  0  0  0  0  0  0  0  0  0  0  0  0  0 0 0 0 
1441316198  0  0  4979  0  0  0  0  0  0  4896  0  0  0  0  0  0  0  0  0  0  0  0  0  0  0  0  0  0  0  0  0  0 0 0 0 
1441316199  0  0  4980  0  0  0  0  0  0  4896  0  0  0  0  0  0  0  0  0  0  0  0  0  0  0  0  0  0  0  0  0  0 0 0 0 
1441316199  0  0  4980  0  0  0  0  0  0  4896  0  0  0  0  0  0  0  0  0  0  0  0  0  0  0  0  0  0  0  0  0  0 0 0 0 
1441316200  0  0  4981  0  0  0  0  0  0  4896  0  0  0  0  0  0  0  0  0  0  0  0  0  0  0  0  0  0  0  0  0  0 0 0 0 
1441316200  0  0  4982  0  0  0  0  0  0  4896  0  0  0  0  0  0  0  0  0  0  0  0  0  0  0  0  0  0  0  0  0  0 0 0 0 
1441316201  0  0  4983  0  0  0  0  0  0  4896  0  0  0  0  0  0  0  0  0  0  0  0  0  0  0  0  0  0  0  0  0  0 0 0 0 
1441316201  0  0  4984  0  0  0  0  0  0  4896  0  0  0  0  0  0  0  0  0  0  0  0  0  0  0  0  0  0  0  0  0  0 0 0 0 
1441316202  0  0  4985  0  0  0  0  0  0  4896  0  0  0  0  0  0  0  0  0  0  0  0  0  0  0  0  0  0  0  0  0  0 0 0 0 
1441316202  0  0  4986  0  0  0  0  0  0  4896  0  0  0  0  0  0  0  0  0  0  0  0  0  0  0  0  0  0  0  0  0  0 0 0 0 
1441316203  0  0  4987  0  0  0  0  0  0  4896  0  0  0  0  0  0  0  0  0  0  0  0  0  0  0  0  0  0  0  0  0  0 0 0 0 
1441316203  0  0  4987  0  0  0  0  0  0  4896  0  0  0  0  0  0  0  0  0  0  0  0  0  0  0  0  0  0  0  0  0  0 0 0 0 
1441316204  0  0  4988  0  0  0  0  0  0  4896  0  0  0  0  0  0  0  0  0  0  0  0  0  0  0  0  0  0  0  0  0  0 0 0 0 
1441316204  0  234  9000  192  0  0  2783  0  0  5009  3422  0  2783  653  3422  354  0  213  0  0  3422  0  0  0  2783  0  0  0  3422  0  3422  0.0  100.0  0 0 
1441316205  0  234  9169  181  0  0  2683  0  0  5009  3422  0  2683  755  3422  354  0  188  0  0  3422  0  0  0  2683  0  0  0  3422  0  0  0.0  100.0  0 0 
1441316205  0  234  9350  177  0  0  2605  0  0  5009  3422  0  2605  835  3422  354  0  186  0  0  3422  0  0  0  2605  0  0  0  3422  0  0  0.0  100.0  0 0 
1441316206  0  234  9351  177  0  0  2605  0  0  5009  3422  0  2605  835  3422  354  0  186  0  0  3422  0  0  0  2605  0  0  0  3422  0  0  0.0  100.0  0 0 
1441316206  0  234  9352  177  0  0  2605  0  0  5009  3422  0  2605  835  3422  354  0  186  0  0  3422  0  0  0  2605  0  0  0  3422  0  0  0.0  100.0  0 0 
1441316207  0  234  9352  177  0  0  2605  0  0  5009  3422  0  2605  835  3422  354  0  186  0  0  3422  0  0  0  2605  0  0  0  3422  0  0  0.0  100.0  0 0 
1441316207  0  234  9353  177  0  0  2605  0  0  5009  3422  0  2605  835  3422  354  0  186  0  0  3422  0  0  0  2605  0  0  0  3422  0  0  0.0  100.0  0 0 
1441316208  0  234  9354  177  0  0  2605  0  0  5009  3422  0  2605  835  3422  354  0  186  0  0  3422  0  0  0  2605  0  0  0  3422  0  0  0.0  100.0  0 0 
1441316208  0  234  9355  177  0  0  2605  0  0  5009  3422  0  2605  835  3422  354  0  186  0  0  3422  0  0  0  2605  0  0  0  3422  0  0  0.0  100.0  0 0 
1441316209  0  234  9356  177  0  0  2605  0  0  5009  3422  0  2605  835  3422  354  0  186  0  0  3422  0  0  0  2605  0  0  0  3422  0  0  0.0  100.0  0 0 
1441316209  0  234  9357  177  0  0  2605  0  0  5009  3422  0  2605  835  3422  354  0  186  0  0  3422  0  0  0  2605  0  0  0  3422  0  0  0.0  100.0  0 0 
1441316210  0  234  9357  177  0  0  2605  0  0  5009  3422  0  2605  835  3422  354  0  186  0  0  3422  0  0  0  2605  0  0  0  3422  0  0  0.0  100.0  0 0 
1441316210  0  234  16439  207  0  0  3037  0  0  5009  3422  0  3037  403  3422  354  0  223  0  0  3422  0  0  0  3037  0  0  0  3854  0  432  0.0  100.0  0 0 
1441316211  0  234  25759  207  0  0  3037  0  0  5009  3422  0  3037  403  3422  354  0  223  0  0  3422  0  0  0  3037  0  0  0  3854  0  0  0.0  100.0  0 0 
1441316211  0  234  29476  207  0  0  3037  0  0  5009  3422  0  3037  403  3422  354  0  223  0  0  3422  0  0  0  3037  0  0  0  3854  0  0  0.0  100.0  0 0 
1441316212  0  234  39304  207  0  0  3037  0  0  5009  3422  0  3037  403  3422  354  0  223  0  0  3422  0  0  0  3037  0  0  0  3854  0  0  0.0  100.0  0 0 
1441316212  0  234  47947  207  0  0  3037  0  0  5009  3422  0  3037  403  3422  354  0  223  0  0  3422  0  0  0  3037  0  0  0  3854  0  0  0.0  100.0  0 0 
1441316213  0  234  53228  207  0  0  3037  0  0  5009  3422  0  3037  403  3422  354  0  223  0  0  3422  0  0  0  3037  0  0  0  3854  0  0  0.0  100.0  0 0 
1441316214  0  234  61872  207  0  0  3037  0  0  5009  3422  0  3037  403  3422  354  0  223  0  0  3422  0  0  0  3037  0  0  0  3854  0  0  0.0  100.0  0 0 
1441316214  0  234  61872  207  0  0  3037  0  0  5009  3422  0  3037  403  3422  354  0  223  0  0  3422  0  0  0  3037  0  0  0  3854  0  0  0.0  100.0  0 0 
1441316215  0  234  69180  207  0  0  3037  0  0  5009  3422  0  3037  403  3422  354  0  223  0  0  3422  0  0  0  3037  0  0  0  3854  0  0  0.0  100.0  0 0 
1441316215  0  234  78771  207  0  0  3037  0  0  5009  3422  0  3037  403  3422  354  0  223  0  0  3422  0  0  0  3037  0  0  0  3854  0  0  0.0  100.0  0 0 
1441316216  0  234  107050  206  0  0  3703  0  0  5009  3703  0  3703  0  3703  354  0  221  0  0  3703  0  0  0  3703  0  0  0  4602  0  748  0.0  100.0  0 0 
1441316216  0  234  107051  206  0  0  3703  0  0  5009  3703  0  3703  0  3703  354  0  221  0  0  3703  0  0  0  3703  0  0  0  4602  0  0  0.0  100.0  0 0 
1441316217  0  234  125427  205  0  0  3685  0  0  5009  3703  0  3685  18  3703  354  0  220  0  0  3703  0  0  0  3685  0  0  0  4602  0  0  0.0  100.0  0 0 
1441316217  0  234  132208  207  0  0  3705  0  0  5009  3705  0  3705  0  3705  354  0  221  0  0  3705  0  0  0  3705  0  0  0  4622  0  20  0.0  100.0  0 0 
1441316218  0  234  139278  213  0  0  3792  0  0  5009  3792  0  3792  0  3792  354  0  224  0  0  3792  0  0  0  3792  0  0  0  4709  0  87  0.0  100.0  0 0 
1441316218  0  234  139278  213  0  0  3792  0  0  5009  3792  0  3792  0  3792  354  0  224  0  0  3792  0  0  0  3792  0  0  0  4709  0  0  0.0  100.0  0 0 
1441316219  0  234  149107  230  0  0  4011  0  0  5009  4011  0  4011  0  4011  354  0  228  0  0  4011  0  0  0  4011  0  0  0  4928  0  219  0.0  100.0  0 0 
1441316219  0  235  157659  235  0  0  4041  0  0  5009  4041  0  4041  0  4041  354  0  229  0  0  4041  0  0  0  4041  0  0  0  4979  0  51  0.0  100.0  0 0 
1441316220  0  251  166098  251  0  0  4358  0  0  5009  4358  0  4358  0  4358  354  0  230  0  0  4358  0  0  0  4358  0  0  0  5296  0  317  0.0  100.0  0 0 
1441316220  0  260  172139  260  0  0  4548  0  0  5009  4548  0  4548  0  4548  354  0  230  0  0  4548  0  0  0  4548  0  0  0  5486  0  190  0.0  100.0  0 0 
1441316221  0  280  180839  280  0  0  4961  0  0  5009  4961  0  4961  0  4961  354  0  230  0  0  4961  0  0  0  4961  0  0  0  5899  0  413  0.0  100.0  0 0 
1441316221  0  299  188809  299  0  0  5252  0  0  5009  5252  0  5252  0  5252  354  0  234  0  0  5252  0  0  0  5252  0  0  0  6194  0  295  0.0  100.0  0 0 
1441316222  0  299  188809  299  0  0  5252  0  0  5009  5252  0  5252  0  5252  354  0  234  0  0  5252  0  0  0  5252  0  0  0  6194  0  0  0.0  100.0  0 0 
1441316222  0  308  197957  308  0  0  5370  0  0  5009  5370  0  5370  0  5370  354  0  234  0  0  5370  0  0  0  5370  0  0  0  6312  0  118  0.0  100.0  0 0 
1441316223  0  318  203531  318  0  0  5482  0  0  5009  5482  0  5482  0  5482  354  0  236  0  0  5482  0  0  0  5482  0  0  0  6424  0  112  0.0  100.0  0 0 
1441316223  0  361  214243  361  0  0  7409  0  0  5009  7409  0  7409  0  7409  354  0  239  0  0  7409  0  0  0  7409  0  0  0  8351  0  1927  0.0  100.0  0 0 
1441316224  0  420  222369  420  0  0  10966  0  0  5009  10966  0  10966  0  10966  354  0  240  0  0  10966  0  0  0  10966  0  0  0  11908  0  3557  0.0  100.0  0 0 
1441316224  0  471  230859  471  0  0  14676  0  0  5009  14676  0  14676  0  14676  354  0  239  0  0  14676  0  0  0  14676  0  0  0  15872  0  3964  0.0  100.0  0 0 
1441316225  0  490  237812  490  0  0  16246  0  0  5009  16246  0  16246  0  16246  354  0  239  0  0  16246  0  0  0  16246  0  0  0  18508  0  2636  0.0  100.0  0 0 
1441316225  0  530  243592  530  0  0  19297  0  0  5009  19297  0  19297  0  19297  354  0  239  0  0  19297  0  0  0  19297  0  0  0  21559  0  3051  0.0  100.0  0 0 
1441316226  0  530  243592  530  0  0  19297  0  0  5009  19297  0  19297  0  19297  354  0  239  0  0  19297  0  0  0  19297  0  0  0  21559  0  0  0.0  100.0  0 0 
1441316226  0  535  253321  466  0  0  15779  0  0  5009  19471  0  15779  3749  19471  354  0  238  0  0  19471  0  0  0  15779  0  0  0  22813  0  1254  0.0  100.0  0 0 
1441316227  0  535  264936  441  0  0  12961  0  0  5009  19471  0  12961  6615  19471  354  0  240  0  0  19471  0  0  0  12961  0  0  0  25082  0  2269  0.0  100.0  0 0 
1441316227  0  535  273673  499  0  0  16093  0  0  5009  19471  0  16093  3476  19471  354  0  243  0  0  19471  0  0  0  16093  0  0  0  28214  0  3132  0.0  100.0  0 0 
1441316228  0  539  283176  539  0  0  18631  0  0  5009  19471  0  18631  861  19471  354  0  245  0  0  19471  0  0  0  18631  0  0  0  30944  0  2730  0.0  100.0  0 0 
1441316230  0  577  291784  577  0  0  20858  0  0  5009  20858  0  20858  0  20858  354  0  245  0  0  20858  0  0  0  20858  0  0  0  33171  0  2227  0.0  100.0  0 0 
1441316230  0  649  313608  645  0  0  24194  0  0  5009  24611  0  24194  425  24611  354  0  248  0  0  24611  0  0  0  24194  0  0  0  37638  0  4467  0.0  100.0  0 0 
1441316231  0  666  322677  666  0  0  25586  0  0  5009  25586  0  25586  0  25586  354  0  247  0  0  25586  0  0  0  25586  0  0  0  39261  0  1623  0.0  100.0  0 0 
1441316231  0  694  330678  694  0  0  26696  0  0  5009  26696  0  26696  0  26696  354  0  249  0  0  26696  0  0  0  26696  0  0  0  40371  0  1110  0.0  100.0  0 0 
1441316232  0  694  330678  694  0  0  26696  0  0  5009  26696  0  26696  0  26696  354  0  249  0  0  26696  0  0  0  26696  0  0  0  40371  0  0  0.0  100.0  0 0 
1441316232  0  757  340199  757  0  0  29942  0  0  5009  29942  0  29942  0  29942  354  0  249  0  0  29942  0  0  0  29942  0  0  0  43617  0  3246  0.0  100.0  0 0 
1441316233  0  840  349894  840  0  0  34311  0  0  5009  34311  0  34311  0  34311  354  0  250  0  0  34311  0  0  0  34311  0  0  0  47986  0  4369  0.0  100.0  0 0 
1441316233  0  876  359800  876  0  0  35984  0  0  5009  35984  0  35984  0  35984  354  0  250  0  0  35984  0  0  0  35984  0  0  0  50603  0  2617  0.0  100.0  0 0 
1441316234  0  929  367317  929  0  0  39721  0  0  5009  39721  0  39721  0  39721  354  0  250  0  0  39721  0  0  0  39721  0  0  0  54340  0  3737  0.0  100.0  0 0 
1441316234  0  965  375510  965  0  0  42606  0  0  5009  42606  0  42606  0  42606  354  0  250  0  0  42606  0  0  0  42606  0  0  0  58019  0  3679  0.0  100.0  0 0 
1441316235  0  986  381869  986  0  0  44320  0  0  5009  44320  0  44320  0  44320  354  0  250  0  0  44320  0  0  0  44320  0  0  0  59733  0  1714  0.0  100.0  0 0 
1441316235  0  986  381869  986  0  0  44320  0  0  5009  44320  0  44320  0  44320  354  0  250  0  0  44320  0  0  0  44320  0  0  0  59733  0  0  0.0  100.0  0 0 
1441316236  0  987  387731  857  0  0  36110  0  0  5009  44449  0  36110  8453  44449  354  0  251  0  0  44449  0  0  0  36110  0  0  0  61851  0  2118  0.0  100.0  0 0 
1441316236  0  987  406708  790  0  0  34307  0  0  5009  44449  0  34307  10316  44449  354  0  250  0  0  44449  0  0  0  34307  0  0  0  67273  0  5422  0.0  100.0  0 0 
1441316237  0  987  414466  835  0  0  37628  0  0  5009  44449  0  37628  6995  44449  354  0  252  0  0  44449  0  0  0  37628  0  0  0  70594  0  3321  0.0  100.0  0 0 
1441316237  0  987  420208  866  0  0  39912  0  0  5009  44449  0  39912  4679  44449  354  0  252  0  0  44449  0  0  0  39912  0  0  0  72878  0  2284  0.0  100.0  0 0 
1441316238  0  987  425842  827  0  0  39319  0  0  5009  44449  0  39319  5277  44449  354  0  249  0  0  44449  0  0  0  39319  0  0  0  73000  0  122  0.0  100.0  0 0 
1441316238  0  987  431945  832  0  0  39659  0  0  5009  44449  0  39659  4937  44449  354  0  249  0  0  44449  0  0  0  39659  0  0  0  73340  0  340  0.0  100.0  0 0 
1441316239  0  987  431945  832  0  0  39659  0  0  5009  44449  0  39659  4937  44449  354  0  249  0  0  44449  0  0  0  39659  0  0  0  73340  0  0  0.0  100.0  0 0 
1441316239  0  987  440310  727  0  0  32072  0  0  5009  44449  0  32072  12606  44449  354  0  251  0  0  44449  0  0  0  32072  0  0  0  74832  0  1492  0.0  100.0  0 0 
1441316240  0  987  457011  740  0  0  32190  0  0  5009  44449  0  32190  12504  44449  354  0  252  0  0  44449  0  0  0  32190  0  0  0  77956  0  3124  0.0  100.0  0 0 
1441316241  0  987  464463  771  0  0  33788  0  0  5009  44449  0  33788  10906  44449  354  0  252  0  0  44449  0  0  0  33788  0  0  0  79569  0  1613  0.0  100.0  0 0 
1441316241  0  987  471209  837  0  0  37054  0  0  5009  44449  0  37054  7620  44449  354  0  253  0  0  44449  0  0  0  37054  0  0  0  82835  0  3266  0.0  100.0  0 0 
1441316242  0  987  484031  868  0  0  38008  0  0  5009  44449  0  38008  6616  44449  354  0  253  0  0  44449  0  0  0  38008  0  0  0  85825  0  2990  0.0  100.0  0 0 
1441316242  0  987  492840  907  0  0  39969  0  0  5009  44449  0  39969  4614  44449  354  0  254  0  0  44449  0  0  0  39969  0  0  0  87788  0  1963  0.0  100.0  0 0 
1441316243  0  987  499227  933  0  0  41446  0  0  5009  44449  0  41446  3093  44449  354  0  254  0  0  44449  0  0  0  41446  0  0  0  89267  0  1479  0.0  100.0  0 0 
1441316243  0  987  499227  933  0  0  41446  0  0  5009  44449  0  41446  3093  44449  354  0  254  0  0  44449  0  0  0  41446  0  0  0  89267  0  0  0.0  100.0  0 0 
1441316244  0  987  509645  967  0  0  43714  0  0  5009  44449  0  43714  757  44449  354  0  254  0  0  44449  0  0  0  43714  0  0  0  91561  0  2294  0.0  100.0  0 0 
1441316244  0  987  517835  947  0  0  42687  0  0  5009  44449  0  42687  1786  44449  354  0  254  0  0  44449  0  0  0  42687  0  0  0  93198  0  1637  0.0  100.0  0 0 
1441316245  0  987  539633  939  0  0  41430  0  0  5009  44449  0  41430  3059  44449  354  0  253  0  0  44449  0  0  0  41430  0  0  0  101273  0  8075  0.0  100.0  0 0 
1441316245  0  1018  553053  1008  0  0  45131  0  0  5009  45670  0  45131  542  45670  354  0  255  0  0  45670  0  0  0  45131  0  0  0  105606  0  4333  0.0  100.0  0 0 
1441316246  0  1024  559535  1024  0  0  46534  0  0  5009  46534  0  46534  0  46534  354  0  253  0  0  46534  0  0  0  46534  0  0  0  107556  0  1950  0.0  100.0  0 0 
1441316246  0  1046  565745  1046  0  0  48049  0  0  5009  48049  0  48049  0  48049  354  0  254  0  0  48049  0  0  0  48049  0  0  0  109071  0  1515  0.0  100.0  0 0 
1441316247  0  1046  565745  1046  0  0  48049  0  0  5009  48049  0  48049  0  48049  354  0  254  0  0  48049  0  0  0  48049  0  0  0  109071  0  0  0.0  100.0  0 0 
1441316247  0  1082  576281  1082  0  0  49471  0  0  5009  49471  0  49471  0  49471  354  0  256  0  0  49471  0  0  0  49471  0  0  0  110493  0  1422  0.0  100.0  0 0 
1441316248  0  1093  586125  1093  0  0  50170  0  0  5009  50170  0  50170  0  50170  354  0  253  0  0  50170  0  0  0  50170  0  0  0  113551  0  3058  0.0  100.0  0 0 
1441316248  0  1143  595453  1143  0  0  52722  0  0  5009  52723  0  52722  1  52723  354  0  253  0  0  52723  0  0  0  52722  0  0  0  116104  0  2553  0.0  100.0  0 0 
1441316249  0  1189  613935  1150  0  0  54861  0  0  5009  56502  0  54861  1659  56502  354  0  254  0  0  56502  0  0  0  54861  0  0  0  125542  0  9438  0.0  100.0  0 0 
1441316249  0  1189  628222  1187  0  0  56834  0  0  5009  57191  0  56834  367  57191  354  0  254  0  0  57191  0  0  0  56834  0  0  0  130783  0  5241  0.0  100.0  0 0 
1441316250  0  1240  635885  1240  0  0  59928  0  0  5009  59928  0  59928  0  59928  354  0  256  0  0  59928  0  0  0  59928  0  0  0  133877  0  3094  0.0  100.0  0 0 
1441316250  0  1240  635885  1240  0  0  59928  0  0  5009  59928  0  59928  0  59928  354  0  256  0  0  59928  0  0  0  59928  0  0  0  133877  0  0  0.0  100.0  0 0 
1441316251  0  1275  646163  1271  0  0  62167  0  0  5009  62308  0  62167  143  62308  354  0  255  0  0  62308  0  0  0  62167  0  0  0  137060  0  3183  0.0  100.0  0 0 
1441316251  0  1334  653209  1334  0  0  66449  0  0  5009  66449  0  66449  0  66449  354  0  257  0  0  66449  0  0  0  66449  0  0  0  141342  0  4282  0.0  100.0  0 0 
1441316252  0  1359  660415  1359  0  0  67742  0  0  5009  67742  0  67742  0  67742  354  0  257  0  0  67742  0  0  0  67742  0  0  0  142635  0  1293  0.0  100.0  0 0 
1441316252  0  1395  668641  1395  0  0  69844  0  0  5009  69844  0  69844  0  69844  354  0  258  0  0  69844  0  0  0  69844  0  0  0  144737  0  2102  0.0  100.0  0 0 
1441316253  0  1440  677803  1403  0  0  70027  0  0  5009  72158  0  70027  2142  72158  354  0  257  0  0  72158  0  0  0  70027  0  0  0  147051  0  2314  0.0  100.0  0 0 
1441316253  0  1440  688822  1437  0  0  71693  0  0  5009  72158  0  71693  478  72158  354  0  256  0  0  72158  0  0  0  71693  0  0  0  152190  0  5139  0.0  100.0  0 0 
1441316254  0  1440  688822  1437  0  0  71693  0  0  5009  72158  0  71693  478  72158  354  0  256  0  0  72158  0  0  0  71693  0  0  0  152190  0  0  0.0  100.0  0 0 
1441316254  0  1440  717013  1336  0  0  66889  0  0  5009  72158  0  66889  5365  72158  354  0  255  0  0  72158  0  0  0  66889  0  0  0  160479  0  8289  0.0  100.0  0 0 
1441316255  0  1440  723155  1373  0  0  69247  0  0  5009  72158  0  69247  3001  72158  354  0  255  0  0  72158  0  0  0  69247  0  0  0  162837  0  2358  0.0  100.0  0 0 
1441316256  0  1440  738715  1256  0  0  63122  0  0  5009  72158  0  63122  9172  72158  354  0  254  0  0  72158  0  0  0  63122  0  0  0  164018  0  1181  0.0  100.0  0 0 
1441316256  0  1440  745535  1284  0  0  64720  0  0  5009  72158  0  64720  7574  72158  354  0  256  0  0  72158  0  0  0  64720  0  0  0  165616  0  1598  0.0  100.0  0 0 
1441316257  0  1440  776480  1160  0  0  55971  0  0  5009  72158  0  55971  16484  72158  354  0  257  0  0  72158  0  0  0  55971  0  0  0  177072  0  11456  0.0  100.0  0 0 
1441316257  0  1440  783337  1218  0  0  59080  0  0  5009  72158  0  59080  13375  72158  354  0  257  0  0  72158  0  0  0  59080  0  0  0  180181  0  3109  0.0  100.0  0 0 
1441316258  0  1440  789176  1261  0  0  62389  0  0  5009  72158  0  62389  10063  72158  354  0  257  0  0  72158  0  0  0  62389  0  0  0  183490  0  3309  0.0  100.0  0 0 
1441316258  0  1440  795909  1269  0  0  63023  0  0  5009  72158  0  63023  9411  72158  354  0  257  0  0  72158  0  0  0  63023  0  0  0  184124  0  634  0.0  100.0  0 0 
1441316259  0  1440  802203  1278  0  0  63127  0  0  5009  72158  0  63127  9303  72158  354  0  258  0  0  72158  0  0  0  63127  0  0  0  184228  0  104  0.0  100.0  0 0 
1441316259  0  1440  802203  1278  0  0  63127  0  0  5009  72158  0  63127  9303  72158  354  0  258  0  0  72158  0  0  0  63127  0  0  0  184228  0  0  0.0  100.0  0 0 
1441316260  0  1440  812211  1301  0  0  63167  0  0  5009  72158  0  63167  9258  72158  354  0  260  0  0  72158  0  0  0  63167  0  0  0  188716  0  4488  0.0  100.0  0 0 
1441316260  0  1440  819231  1351  0  0  65508  0  0  5009  72158  0  65508  6845  72158  354  0  260  0  0  72158  0  0  0  65508  0  0  0  191057  0  2341  0.0  100.0  0 0 
1441316261  0  1440  843419  1321  0  0  63209  0  0  5009  72158  0  63209  9213  72158  354  0  261  0  0  72158  0  0  0  63209  0  0  0  201389  0  10332  0.0  100.0  0 0 
1441316261  0  1440  852864  1379  0  0  66969  0  0  5009  72158  0  66969  5340  72158  354  0  262  0  0  72158  0  0  0  66969  0  0  0  205333  0  3944  0.0  100.0  0 0 
1441316262  0  1440  862587  1435  0  0  70589  0  0  5009  72158  0  70589  1612  72158  354  0  262  0  0  72158  0  0  0  70589  0  0  0  208954  0  3621  0.0  100.0  0 0 
1441316262  0  1457  868303  1457  0  0  72659  0  0  5009  72659  0  72659  0  72659  354  0  262  0  0  72659  0  0  0  72659  0  0  0  211024  0  2070  0.0  100.0  0 0 
1441316263  0  1457  868303  1457  0  0  72659  0  0  5009  72659  0  72659  0  72659  354  0  262  0  0  72659  0  0  0  72659  0  0  0  211024  0  0  0.0  100.0  0 0 
1441316263  0  1548  878272  1548  0  0  78360  0  0  5009  78360  0  78360  0  78360  354  0  263  0  0  78360  0  0  0  78360  0  0  0  216725  0  5701  0.0  100.0  0 0 
1441316264  0  1548  882848  1547  0  0  78593  0  0  5009  78593  0  78593  0  78593  354  0  262  0  0  78593  0  0  0  78593  0  0  0  217217  0  492  0.0  100.0  0 0 
1441316264  0  1577  905751  1396  0  0  69461  0  0  5009  80616  0  69461  11283  80616  354  0  261  0  0  80616  0  0  0  69461  0  0  0  228205  0  10988  0.0  100.0  0 0 
1441316265  0  1577  912419  1429  0  0  71841  0  0  5009  80616  0  71841  8903  80616  354  0  261  0  0  80616  0  0  0  71841  0  0  0  230585  0  2380  0.0  100.0  0 0 
1441316267  0  1577  926031  1440  0  0  72629  0  0  5009  80616  0  72629  8166  80616  354  0  262  0  0  80616  0  0  0  72629  0  0  0  233877  0  3292  0.0  100.0  0 0 
1441316267  0  1577  953049  1392  0  0  70070  0  0  5009  80616  0  70070  10714  80616  354  0  258  0  0  80616  0  0  0  70070  0  0  0  239847  0  5970  0.0  100.0  0 0 
1441316268  0  1577  958480  1398  0  0  70100  0  0  5009  80616  0  70100  10690  80616  354  0  257  0  0  80616  0  0  0  70100  0  0  0  241157  0  1310  0.0  100.0  0 0 
1441316268  0  1577  965552  1455  0  0  73903  0  0  5009  80616  0  73903  6887  80616  354  0  258  0  0  80616  0  0  0  73903  0  0  0  244960  0  3803  0.0  100.0  0 0 
1441316269  0  1577  969410  1482  0  0  76042  0  0  5009  80616  0  76042  4714  80616  354  0  258  0  0  80616  0  0  0  76042  0  0  0  247099  0  2139  0.0  100.0  0 0 
1441316269  0  1577  989977  1378  0  0  68530  0  0  5009  80616  0  68530  12237  80616  354  0  256  0  0  80616  0  0  0  68530  0  0  0  249953  0  2854  0.0  100.0  0 0 
1441316270  0  1577  989977  1378  0  0  68530  0  0  5009  80616  0  68530  12237  80616  354  0  256  0  0  80616  0  0  0  68530  0  0  0  249953  0  0  0.0  100.0  0 0 
1441316270  0  1577  1003533  1420  0  0  70784  0  0  5009  80616  0  70784  9998  80616  354  0  259  0  0  80616  0  0  0  70784  0  0  0  255053  0  5100  0.0  100.0  0 0 
1441316271  0  1577  1009655  1456  0  0  73487  0  0  5009  80616  0  73487  7295  80616  354  0  259  0  0  80616  0  0  0  73487  0  0  0  257756  0  2703  0.0  100.0  0 0 
1441316271  0  1577  1036821  1329  0  0  64926  0  0  5009  80616  0  64926  15951  80616  354  0  260  0  0  80616  0  0  0  64926  0  0  0  264297  0  6541  0.0  100.0  0 0 
1441316272  0  1577  1046006  1260  0  0  60891  0  0  5009  80616  0  60891  20067  80616  354  0  257  0  0  80616  0  0  0  60891  0  0  0  264752  0  455  0.0  100.0  0 0 
1441316272  0  1577  1051813  1307  0  0  63246  0  0  5009  80616  0  63246  17712  80616  354  0  260  0  0  80616  0  0  0  63246  0  0  0  267107  0  2355  0.0  100.0  0 0 
1441316273  0  1577  1057993  1359  0  0  67100  0  0  5009  80616  0  67100  13858  80616  354  0  260  0  0  80616  0  0  0  67100  0  0  0  270961  0  3854  0.0  100.0  0 0 
1441316273  0  1577  1057993  1359  0  0  67100  0  0  5009  80616  0  67100  13858  80616  354  0  260  0  0  80616  0  0  0  67100  0  0  0  270961  0  0  0.0  100.0  0 0 
1441316274  0  1577  1067525  1409  0  0  70105  0  0  5009  80616  0  70105  10825  80616  354  0  260  0  0  80616  0  0  0  70105  0  0  0  273966  0  3005  0.0  100.0  0 0 
1441316274  0  1577  1074933  1426  0  0  71209  0  0  5009  80616  0  71209  9688  80616  354  0  260  0  0  80616  0  0  0  71209  0  0  0  276132  0  2166  0.0  100.0  0 0 
1441316275  0  1577  1083445  1487  0  0  74670  0  0  5009  80616  0  74670  6122  80616  354  0  260  0  0  80616  0  0  0  74670  0  0  0  279622  0  3490  0.0  100.0  0 0 
1441316275  0  1577  1091867  1567  0  0  79798  0  0  5009  80616  0  79798  841  80616  354  0  261  0  0  80616  0  0  0  79798  0  0  0  284751  0  5129  0.0  100.0  0 0 
1441316276  0  1624  1098453  1624  0  0  84228  0  0  5009  84228  0  84228  0  84228  354  0  261  0  0  84228  0  0  0  84228  0  0  0  289181  0  4430  0.0  100.0  0 0 
1441316276  0  1642  1121387  1580  0  0  81313  0  0  5009  84499  0  81313  3192  84499  354  0  261  0  0  84499  0  0  0  81313  0  0  0  294997  0  5816  0.0  100.0  0 0 
1441316277  0  1642  1121387  1580  0  0  81313  0  0  5009  84499  0  81313  3192  84499  354  0  261  0  0  84499  0  0  0  81313  0  0  0  294997  0  0  0.0  100.0  0 0 
1441316277  0  1642  1142815  1555  0  0  80363  0  0  5009  84499  0  80363  4212  84499  354  0  260  0  0  84499  0  0  0  80363  0  0  0  301477  0  6480  0.0  100.0  0 0 
1441316278  0  1642  1153356  1408  0  0  71722  0  0  5009  84499  0  71722  13072  84499  354  0  259  0  0  84499  0  0  0  71722  0  0  0  304224  0  2747  0.0  100.0  0 0 
1441316278  0  1642  1160427  1426  0  0  73027  0  0  5009  84499  0  73027  11767  84499  354  0  261  0  0  84499  0  0  0  73027  0  0  0  305529  0  1305  0.0  100.0  0 0 
1441316279  0  1642  1191440  1400  0  0  69472  0  0  5009  84499  0  69472  15355  84499  354  0  263  0  0  84499  0  0  0  69472  0  0  0  313494  0  7965  0.0  100.0  0 0 
1441316279  0  1642  1199430  1432  0  0  71170  0  0  5009  84499  0  71170  13657  84499  354  0  264  0  0  84499  0  0  0  71170  0  0  0  315192  0  1698  0.0  100.0  0 0 
1441316280  0  1642  1207862  1489  0  0  74551  0  0  5009  84499  0  74551  10244  84499  354  0  265  0  0  84499  0  0  0  74551  0  0  0  318575  0  3383  0.0  100.0  0 0 
1441316281  0  1642  1207862  1489  0  0  74551  0  0  5009  84499  0  74551  10244  84499  354  0  265  0  0  84499  0  0  0  74551  0  0  0  318575  0  0  0.0  100.0  0 0 
1441316281  0  1642  1223096  1590  0  0  79547  0  0  5009  84499  0  79547  5095  84499  354  0  265  0  0  84499  0  0  0  79547  0  0  0  325891  0  7316  0.0  100.0  0 0 
1441316282  0  1648  1231787  1648  0  0  83465  0  0  5009  84499  0  83465  1060  84499  354  0  264  0  0  84499  0  0  0  83465  0  0  0  329814  0  3923  0.0  100.0  0 0 
1441316282  0  1696  1238071  1696  0  0  86759  0  0  5009  86759  0  86759  0  86759  354  0  264  0  0  86759  0  0  0  86759  0  0  0  333108  0  3294  0.0  100.0  0 0 
1441316283  0  1725  1245709  1717  0  0  88520  0  0  5009  88942  0  88520  422  88942  354  0  264  0  0  88942  0  0  0  88520  0  0  0  336662  0  3554  0.0  100.0  0 0 
1441316283  0  1785  1253561  1766  0  0  91616  0  0  5009  92771  0  91616  1156  92771  354  0  264  0  0  92771  0  0  0  91616  0  0  0  341733  0  5071  0.0  100.0  0 0 
1441316284  0  1818  1260069  1818  0  0  94912  0  0  5009  94912  0  94912  0  94912  354  0  265  0  0  94912  0  0  0  94912  0  0  0  345029  0  3296  0.0  100.0  0 0 
1441316284  0  1818  1260069  1818  0  0  94912  0  0  5009  94912  0  94912  0  94912  354  0  265  0  0  94912  0  0  0  94912  0  0  0  345029  0  0  0.0  100.0  0 0 
1441316285  0  1855  1269029  1855  0  0  97988  0  0  5009  97988  0  97988  0  97988  354  0  266  0  0  97988  0  0  0  97988  0  0  0  350157  0  5128  0.0  100.0  0 0 
1441316285  0  1873  1292442  1728  0  0  90772  0  0  5009  99285  0  90772  8602  99285  354  0  263  0  0  99285  0  0  0  90772  0  0  0  355970  0  5813  0.0  100.0  0 0 
1441316286  0  1873  1301746  1754  0  0  92118  0  0  5009  99285  0  92118  7260  99285  354  0  265  0  0  99285  0  0  0  92118  0  0  0  358084  0  2114  0.0  100.0  0 0 
1441316286  0  1873  1308974  1742  0  0  91031  0  0  5009  99285  0  91031  8414  99285  354  0  265  0  0  99285  0  0  0  91031  0  0  0  359557  0  1473  0.0  100.0  0 0 
1441316287  0  1873  1327720  1518  0  0  77962  0  0  5009  99285  0  77962  21595  99285  354  0  260  0  0  99285  0  0  0  77962  0  0  0  363171  0  3614  0.0  100.0  0 0 
1441316287  0  1873  1337091  1539  0  0  80071  0  0  5009  99285  0  80071  19488  99285  354  0  259  0  0  99285  0  0  0  80071  0  0  0  366260  0  3089  0.0  100.0  0 0 
1441316288  0  1873  1337091  1539  0  0  80071  0  0  5009  99285  0  80071  19488  99285  354  0  259  0  0  99285  0  0  0  80071  0  0  0  366260  0  0  0.0  100.0  0 0 
1441316288  0  1873  1345223  1578  0  0  82497  0  0  5009  99285  0  82497  17062  99285  354  0  261  0  0  99285  0  0  0  82497  0  0  0  368940  0  2680  0.0  100.0  0 0 
1441316289  0  1873  1367868  1590  0  0  83548  0  0  5009  99285  0  83548  16067  99285  354  0  261  0  0  99285  0  0  0  83548  0  0  0  377586  0  8646  0.0  100.0  0 0 
1441316289  0  1873  1374382  1640  0  0  85917  0  0  5009  99285  0  85917  13698  99285  354  0  262  0  0  99285  0  0  0  85917  0  0  0  379955  0  2369  0.0  100.0  0 0 
1441316290  0  1873  1380606  1672  0  0  87667  0  0  5009  99285  0  87667  11948  99285  354  0  262  0  0  99285  0  0  0  87667  0  0  0  381705  0  1750  0.0  100.0  0 0 
1441316290  0  1873  1399367  1594  0  0  83442  0  0  5009  99285  0  83442  16177  99285  354  0  264  0  0  99285  0  0  0  83442  0  0  0  387619  0  5914  0.0  100.0  0 0 
1441316291  0  1873  1406396  1606  0  0  83720  0  0  5009  99285  0  83720  15899  99285  354  0  263  0  0  99285  0  0  0  83720  0  0  0  388666  0  1047  0.0  100.0  0 0 
1441316291  0  1873  1406396  1606  0  0  83720  0  0  5009  99285  0  83720  15899  99285  354  0  263  0  0  99285  0  0  0  83720  0  0  0  388666  0  0  0.0  100.0  0 0 
1441316292  0  1873  1414269  1619  0  0  84112  0  0  5009  99285  0  84112  15508  99285  354  0  263  0  0  99285  0  0  0  84112  0  0  0  389059  0  393  0.0  100.0  0 0 
1441316292  0  1873  1418216  1640  0  0  85326  0  0  5009  99285  0  85326  14294  99285  354  0  264  0  0  99285  0  0  0  85326  0  0  0  390273  0  1214  0.0  100.0  0 0 
1441316293  0  1873  1432149  1508  0  0  76748  0  0  5009  99285  0  76748  22920  99285  354  0  263  0  0  99285  0  0  0  76748  0  0  0  394243  0  3970  0.0  100.0  0 0 
1441316293  0  1873  1443038  1598  0  0  83082  0  0  5009  99285  0  83082  16586  99285  354  0  263  0  0  99285  0  0  0  83082  0  0  0  400577  0  6334  0.0  100.0  0 0 
1441316294  0  1873  1450470  1498  0  0  77262  0  0  5009  99285  0  77262  22525  99285  354  0  263  0  0  99285  0  0  0  77262  0  0  0  403411  0  2834  0.0  100.0  0 0 
1441316294  0  1873  1462198  1522  0  0  78333  0  0  5009  99285  0  78333  21456  99285  354  0  263  0  0  99285  0  0  0  78333  0  0  0  407541  0  4130  0.0  100.0  0 0 
1441316295  0  1873  1462198  1522  0  0  78333  0  0  5009  99285  0  78333  21456  99285  354  0  263  0  0  99285  0  0  0  78333  0  0  0  407541  0  0  0.0  100.0  0 0 
1441316295  0  1873  1468058  1567  0  0  80950  0  0  5009  99285  0  80950  18839  99285  354  0  263  0  0  99285  0  0  0  80950  0  0  0  410158  0  2617  0.0  100.0  0 0 
1441316296  0  1873  1491046  1394  0  0  69840  0  0  5009  99285  0  69840  29979  99285  354  0  260  0  0  99285  0  0  0  69840  0  0  0  415976  0  5818  0.0  100.0  0 0 
1441316296  0  1873  1510916  1401  0  0  70116  0  0  5009  99285  0  70116  29731  99285  354  0  260  0  0  99285  0  0  0  70116  0  0  0  421887  0  5911  0.0  100.0  0 0 
1441316297  0  1873  1524374  1330  0  0  66111  0  0  5009  99285  0  66111  33756  99285  354  0  260  0  0  99285  0  0  0  66111  0  0  0  424515  0  2628  0.0  100.0  0 0 
1441316302  0  1873  1535580  1226  0  0  59302  0  0  5009  99285  0  59302  40577  99285  354  0  260  0  0  99285  0  0  0  59302  0  0  0  426848  0  2333  0.0  100.0  0 0 
1441316303  0  1873  1640641  1479  0  0  75149  0  0  5009  99285  0  75149  24727  99285  354  0  260  0  0  99285  0  0  0  75149  0  0  0  464166  0  37318  0.0  100.0  0 0 
1441316304  0  1873  1640641  1479  0  0  75149  0  0  5009  99285  0  75149  24727  99285  354  0  260  0  0  99285  0  0  0  75149  0  0  0  464166  0  0  0.0  100.0  0 0 
1441316304  0  1873  1649524  1497  0  0  76431  0  0  5009  99285  0  76431  23452  99285  354  0  259  0  0  99285  0  0  0  76431  0  0  0  466472  0  2306  0.0  100.0  0 0 
1441316305  0  1873  1655709  1530  0  0  79075  0  0  5009  99285  0  79075  20808  99285  354  0  259  0  0  99285  0  0  0  79075  0  0  0  469116  0  2644  0.0  100.0  0 0 
1441316305  0  1873  1671480  1523  0  0  77759  0  0  5009  99285  0  77759  22109  99285  354  0  260  0  0  99285  0  0  0  77759  0  0  0  473852  0  4736  0.0  100.0  0 0 
1441316306  0  1873  1686396  1581  0  0  81929  0  0  5009  99285  0  81929  17879  99285  354  0  260  0  0  99285  0  0  0  81929  0  0  0  480840  0  6988  0.0  100.0  0 0 
1441316306  0  1873  1691986  1600  0  0  82993  0  0  5009  99285  0  82993  16783  99285  354  0  263  0  0  99285  0  0  0  82993  0  0  0  481904  0  1064  0.0  100.0  0 0 
1441316307  0  1873  1712362  1579  0  0  80887  0  0  5009  99285  0  80887  18877  99285  354  0  263  0  0  99285  0  0  0  80887  0  0  0  489690  0  7786  0.0  100.0  0 0 
1441316307  0  1873  1712362  1579  0  0  80887  0  0  5009  99285  0  80887  18877  99285  354  0  263  0  0  99285  0  0  0  80887  0  0  0  489690  0  0  0.0  100.0  0 0 
1441316308  0  1873  1722614  1630  0  0  84045  0  0  5009  99285  0  84045  15698  99285  354  0  264  0  0  99285  0  0  0  84045  0  0  0  492849  0  3159  0.0  100.0  0 0 
1441316308  0  1873  1730220  1550  0  0  78973  0  0  5009  99285  0  78973  20739  99285  354  0  263  0  0  99285  0  0  0  78973  0  0  0  494177  0  1328  0.0  100.0  0 0 
1441316309  0  1873  1738562  1528  0  0  78222  0  0  5009  99285  0  78222  21493  99285  354  0  260  0  0  99285  0  0  0  78222  0  0  0  495523  0  1346  0.0  100.0  0 0 
1441316309  0  1873  1748216  1569  0  0  80483  0  0  5009  99285  0  80483  19234  99285  354  0  263  0  0  99285  0  0  0  80483  0  0  0  499064  0  3541  0.0  100.0  0 0 
1441316310  0  1873  1772912  1604  0  0  82109  0  0  5009  99285  0  82109  17616  99285  354  0  264  0  0  99285  0  0  0  82109  0  0  0  508380  0  9316  0.0  100.0  0 0 
1441316310  0  1873  1779761  1670  0  0  86655  0  0  5009  99285  0  86655  13009  99285  354  0  264  0  0  99285  0  0  0  86655  0  0  0  512926  0  4546  0.0  100.0  0 0 
1441316311  0  1873  1779761  1670  0  0  86655  0  0  5009  99285  0  86655  13009  99285  354  0  264  0  0  99285  0  0  0  86655  0  0  0  512926  0  0  0.0  100.0  0 0 
1441316311  0  1873  1788857  1707  0  0  89304  0  0  5009  99285  0  89304  10281  99285  354  0  264  0  0  99285  0  0  0  89304  0  0  0  516344  0  3418  0.0  100.0  0 0 
1441316312  0  1873  1797925  1585  0  0  83859  0  0  5009  99285  0  83859  15729  99285  354  0  260  0  0  99285  0  0  0  83859  0  0  0  518205  0  1861  0.0  100.0  0 0 
1441316312  0  1873  1806640  1512  0  0  79352  0  0  5009  99285  0  79352  20315  99285  354  0  259  0  0  99285  0  0  0  79352  0  0  0  519372  0  1167  0.0  100.0  0 0 
1441316313  0  1873  1825206  1500  0  0  78671  0  0  5009  99285  0  78671  21026  99285  354  0  261  0  0  99285  0  0  0  78671  0  0  0  524067  0  4695  0.0  100.0  0 0 
1441316313  0  1873  1839368  1539  0  0  81496  0  0  5009  99285  0  81496  18204  99285  354  0  261  0  0  99285  0  0  0  81496  0  0  0  530988  0  6921  0.0  100.0  0 0 
1441316314  0  1873  1861440  1463  0  0  75920  0  0  5009  99285  0  75920  23805  99285  354  0  261  0  0  99285  0  0  0  75920  0  0  0  536164  0  5176  0.0  100.0  0 0 
1441316314  0  1873  1861440  1463  0  0  75920  0  0  5009  99285  0  75920  23805  99285  354  0  261  0  0  99285  0  0  0  75920  0  0  0  536164  0  0  0.0  100.0  0 0 
1441316315  0  1873  1871061  1518  0  0  78318  0  0  5009  99285  0  78318  21408  99285  354  0  261  0  0  99285  0  0  0  78318  0  0  0  539510  0  3346  0.0  100.0  0 0 
1441316315  0  1873  1878244  1446  0  0  73799  0  0  5009  99285  0  73799  25936  99285  354  0  259  0  0  99285  0  0  0  73799  0  0  0  539890  0  380  0.0  100.0  0 0 
1441316316  0  1873  1892017  1426  0  0  72322  0  0  5009  99285  0  72322  27428  99285  354  0  259  0  0  99285  0  0  0  72322  0  0  0  542007  0  2117  0.0  100.0  0 0 
1441316316  0  1873  1915923  1458  0  0  74080  0  0  5009  99285  0  74080  25713  99285  354  0  259  0  0  99285  0  0  0  74080  0  0  0  552243  0  10236  0.0  100.0  0 0 
1441316317  0  1873  1923137  1471  0  0  75038  0  0  5009  99285  0  75038  24761  99285  354  0  259  0  0  99285  0  0  0  75038  0  0  0  554231  0  1988  0.0  100.0  0 0 
1441316317  0  1873  1941727  1237  0  0  59321  0  0  5009  99285  0  59321  40604  99285  354  0  255  0  0  99285  0  0  0  59321  0  0  0  558022  0  3791  0.0  100.0  0 0 
1441316318  0  1873  1941727  1237  0  0  59321  0  0  5009  99285  0  59321  40604  99285  354  0  255  0  0  99285  0  0  0  59321  0  0  0  558022  0  0  0.0  100.0  0 0 
1441316318  0  1873  1959838  1128  0  0  53670  0  0  5009  99285  0  53670  46367  99285  354  0  255  0  0  99285  0  0  0  53670  0  0  0  564151  0  6129  0.0  100.0  0 0 
1441316319  0  1873  1969005  1095  0  0  51076  0  0  5009  99285  0  51076  49043  99285  354  0  255  0  0  99285  0  0  0  51076  0  0  0  565878  0  1727  0.0  100.0  0 0 
1441316319  0  1873  1976182  1138  0  0  54572  0  0  5009  99285  0  54572  45548  99285  354  0  254  0  0  99285  0  0  0  54572  0  0  0  569580  0  3702  0.0  100.0  0 0 
1441316320  0  1873  1983263  1164  0  0  56575  0  0  5009  99285  0  56575  43545  99285  354  0  254  0  0  99285  0  0  0  56575  0  0  0  571584  0  2004  0.0  100.0  0 0 
1441316320  0  1873  1999505  1178  0  0  59549  0  0  5009  99285  0  59549  40603  99285  354  0  253  0  0  99285  0  0  0  59549  0  0  0  580971  0  9387  0.0  100.0  0 0 
1441316321  0  1873  2007799  1195  0  0  61501  0  0  5009  99285  0  61501  38655  99285  354  0  254  0  0  99285  0  0  0  61501  0  0  0  583894  0  2923  0.0  100.0  0 0 
1441316321  0  1873  2007799  1195  0  0  61501  0  0  5009  99285  0  61501  38655  99285  354  0  254  0  0  99285  0  0  0  61501  0  0  0  583894  0  0  0.0  100.0  0 0 
1441316322  0  1873  2014420  1230  0  0  63261  0  0  5009  99285  0  63261  36895  99285  354  0  256  0  0  99285  0  0  0  63261  0  0  0  585654  0  1760  0.0  100.0  0 0 
1441316322  0  1873  2017036  1233  0  0  63421  0  0  5009  99285  0  63421  36735  99285  354  0  256  0  0  99285  0  0  0  63421  0  0  0  585814  0  160  0.0  100.0  0 0 
1441316323  0  1873  2027916  1111  0  0  55345  0  0  5009  99285  0  55345  44841  99285  354  0  256  0  0  99285  0  0  0  55345  0  0  0  586710  0  896  0.0  100.0  0 0 
1441316323  0  1873  2040946  1016  0  0  49632  0  0  5009  99285  0  49632  50592  99285  354  0  257  0  0  99285  0  0  0  49632  0  0  0  592339  0  5629  0.0  100.0  0 0 
1441316324  0  1873  2046581  979  0  0  47340  0  0  5009  99285  0  47340  52928  99285  354  0  257  0  0  99285  0  0  0  47340  0  0  0  593892  0  1553  0.0  100.0  0 0 
1441316324  0  1873  2051751  980  0  0  47450  0  0  5009  99285  0  47450  52818  99285  354  0  257  0  0  99285  0  0  0  47450  0  0  0  594004  0  112  0.0  100.0  0 0 
1441316325  0  1873  2051751  980  0  0  47450  0  0  5009  99285  0  47450  52818  99285  354  0  257  0  0  99285  0  0  0  47450  0  0  0  594004  0  0  0.0  100.0  0 0 
1441316325  0  1873  2062969  966  0  0  45973  0  0  5009  99285  0  45973  54304  99285  354  0  257  0  0  99285  0  0  0  45973  0  0  0  594831  0  827  0.0  100.0  0 0 
1441316326  0  1873  2078785  991  0  0  47179  0  0  5009  99285  0  47179  53129  99285  354  0  258  0  0  99285  0  0  0  47179  0  0  0  599621  0  4790  0.0  100.0  0 0 
1441316326  0  1873  2086100  1014  0  0  48138  0  0  5009  99285  0  48138  52170  99285  354  0  259  0  0  99285  0  0  0  48138  0  0  0  600580  0  959  0.0  100.0  0 0 
1441316327  0  1873  2093654  842  0  0  37086  0  0  5009  99285  0  37086  63374  99285  354  0  258  0  0  99285  0  0  0  37086  0  0  0  601827  0  1247  0.0  100.0  0 0 
1441316327  0  1873  2099169  856  0  0  38172  0  0  5009  99285  0  38172  62288  99285  354  0  258  0  0  99285  0  0  0  38172  0  0  0  602913  0  1086  0.0  100.0  0 0 
1441316328  0  1873  2102811  866  0  0  38832  0  0  5009  99285  0  38832  61628  99285  354  0  258  0  0  99285  0  0  0  38832  0  0  0  603573  0  660  0.0  100.0  0 0 
1441316328  0  1873  2102811  866  0  0  38832  0  0  5009  99285  0  38832  61628  99285  354  0  258  0  0  99285  0  0  0  38832  0  0  0  603573  0  0  0.0  100.0  0 0 
1441316329  0  1873  2119682  822  0  0  37170  0  0  5009  99285  0  37170  63360  99285  354  0  255  0  0  99285  0  0  0  37170  0  0  0  610592  0  7019  0.0  100.0  0 0 
1441316329  0  1873  2131316  789  0  0  35024  0  0  5009  99285  0  35024  65563  99285  354  0  255  0  0  99285  0  0  0  35024  0  0  0  613322  0  2730  0.0  100.0  0 0 
1441316330  0  1873  2138227  797  0  0  35441  0  0  5009  99285  0  35441  65146  99285  354  0  255  0  0  99285  0  0  0  35441  0  0  0  613739  0  417  0.0  100.0  0 0 
1441316330  0  1873  2146399  827  0  0  37489  0  0  5009  99285  0  37489  63115  99285  354  0  255  0  0  99285  0  0  0  37489  0  0  0  616814  0  3075  0.0  100.0  0 0 
1441316331  0  1873  2152389  853  0  0  38725  0  0  5009  99285  0  38725  61879  99285  354  0  257  0  0  99285  0  0  0  38725  0  0  0  618050  0  1236  0.0  100.0  0 0 
1441316332  0  1873  2170006  845  0  0  38269  0  0  5009  99285  0  38269  62377  99285  354  0  256  0  0  99285  0  0  0  38269  0  0  0  624337  0  6287  0.0  100.0  0 0 
1441316332  0  1873  2170006  845  0  0  38269  0  0  5009  99285  0  38269  62377  99285  354  0  256  0  0  99285  0  0  0  38269  0  0  0  624337  0  0  0.0  100.0  0 0 
1441316333  0  1873  2179829  831  0  0  37410  0  0  5009  99285  0  37410  63261  99285  354  0  256  0  0  99285  0  0  0  37410  0  0  0  627062  0  2725  0.0  100.0  0 0 
1441316333  0  1873  2185293  837  0  0  37792  0  0  5009  99285  0  37792  62879  99285  354  0  256  0  0  99285  0  0  0  37792  0  0  0  627444  0  382  0.0  100.0  0 0 
1441316334  0  1873  2205849  797  0  0  34574  0  0  5009  99285  0  34574  66130  99285  354  0  254  0  0  99285  0  0  0  34574  0  0  0  633507  0  6063  0.0  100.0  0 0 
1441316334  0  1873  2216436  861  0  0  38347  0  0  5009  99285  0  38347  62357  99285  354  0  256  0  0  99285  0  0  0  38347  0  0  0  637280  0  3773  0.0  100.0  0 0 
1441316335  0  1873  2226380  872  0  0  39050  0  0  5009  99285  0  39050  61654  99285  354  0  255  0  0  99285  0  0  0  39050  0  0  0  638190  0  910  0.0  100.0  0 0 
1441316335  0  1873  2230126  877  0  0  39445  0  0  5009  99285  0  39445  61259  99285  354  0  255  0  0  99285  0  0  0  39445  0  0  0  638585  0  395  0.0  100.0  0 0 
1441316336  0  1873  2237374  874  0  0  39363  0  0  5009  99285  0  39363  61357  99285  354  0  255  0  0  99285  0  0  0  39363  0  0  0  640426  0  1841  0.0  100.0  0 0 
1441316336  0  1873  2237374  874  0  0  39363  0  0  5009  99285  0  39363  61357  99285  354  0  255  0  0  99285  0  0  0  39363  0  0  0  640426  0  0  0.0  100.0  0 0 
1441316337  0  1873  2244372  923  0  0  42985  0  0  5009  99285  0  42985  57735  99285  354  0  255  0  0  99285  0  0  0  42985  0  0  0  644048  0  3622  0.0  100.0  0 0 
1441316337  0  1873  2250163  982  0  0  46942  0  0  5009  99285  0  46942  53778  99285  354  0  255  0  0  99285  0  0  0  46942  0  0  0  648005  0  3957  0.0  100.0  0 0 
1441316338  0  1873  2276687  928  0  0  44157  0  0  5009  99285  0  44157  56591  99285  354  0  255  0  0  99285  0  0  0  44157  0  0  0  655938  0  7933  0.0  100.0  0 0 
1441316338  0  1873  2285461  864  0  0  39767  0  0  5009  99285  0  39767  60999  99285  354  0  255  0  0  99285  0  0  0  39767  0  0  0  658640  0  2702  0.0  100.0  0 0 
1441316339  0  1873  2290218  875  0  0  40243  0  0  5009  99285  0  40243  60523  99285  354  0  256  0  0  99285  0  0  0  40243  0  0  0  659116  0  476  0.0  100.0  0 0 
1441316339  0  1873  2299467  920  0  0  42529  0  0  5009  99285  0  42529  58237  99285  354  0  256  0  0  99285  0  0  0  42529  0  0  0  661848  0  2732  0.0  100.0  0 0 
1441316340  0  1873  2299467  920  0  0  42529  0  0  5009  99285  0  42529  58237  99285  354  0  256  0  0  99285  0  0  0  42529  0  0  0  661848  0  0  0.0  100.0  0 0 
1441316340  0  1873  2309488  927  0  0  42052  0  0  5009  99285  0  42052  58715  99285  354  0  257  0  0  99285  0  0  0  42052  0  0  0  663548  0  1700  0.0  100.0  0 0 
1441316341  0  1873  2317872  950  0  0  42940  0  0  5009  99285  0  42940  57827  99285  354  0  257  0  0  99285  0  0  0  42940  0  0  0  664436  0  888  0.0  100.0  0 0 
1441316341  0  1873  2327737  949  0  0  42987  0  0  5009  99285  0  42987  57780  99285  354  0  256  0  0  99285  0  0  0  42987  0  0  0  665224  0  788  0.0  100.0  0 0 
1441316342  0  1873  2348032  901  0  0  40912  0  0  5009  99285  0  40912  59952  99285  354  0  254  0  0  99285  0  0  0  40912  0  0  0  671490  0  6266  0.0  100.0  0 0 
1441316342  0  1873  2353176  946  0  0  42789  0  0  5009  99285  0  42789  58075  99285  354  0  253  0  0  99285  0  0  0  42789  0  0  0  673573  0  2083  0.0  100.0  0 0 
1441316343  0  1873  2374929  911  0  0  42155  0  0  5009  99285  0  42155  58733  99285  354  0  252  0  0  99285  0  0  0  42155  0  0  0  679872  0  6299  0.0  100.0  0 0 
1441316343  0  1873  2374929  911  0  0  42155  0  0  5009  99285  0  42155  58733  99285  354  0  252  0  0  99285  0  0  0  42155  0  0  0  679872  0  0  0.0  100.0  0 0 
1441316344  0  1873  2387302  915  0  0  43541  0  0  5009  99285  0  43541  57349  99285  354  0  252  0  0  99285  0  0  0  43541  0  0  0  683944  0  4072  0.0  100.0  0 0 
1441316344  0  1873  2393101  858  0  0  40265  0  0  5009  99285  0  40265  60632  99285  354  0  252  0  0  99285  0  0  0  40265  0  0  0  684873  0  929  0.0  100.0  0 0 
1441316345  0  1873  2402507  905  0  0  42505  0  0  5009  99285  0  42505  58392  99285  354  0  252  0  0  99285  0  0  0  42505  0  0  0  687113  0  2240  0.0  100.0  0 0 
1441316345  0  1873  2417726  963  0  0  45793  0  0  5009  99285  0  45793  55093  99285  354  0  252  0  0  99285  0  0  0  45793  0  0  0  693473  0  6360  0.0  100.0  0 0 
1441316346  0  1873  2425637  983  0  0  46380  0  0  5009  99285  0  46380  54449  99285  354  0  252  0  0  99285  0  0  0  46380  0  0  0  696620  0  3147  0.0  100.0  0 0 
1441316346  0  1873  2431495  1019  0  0  48082  0  0  5009  99285  0  48082  52746  99285  354  0  254  0  0  99285  0  0  0  48082  0  0  0  698322  0  1702  0.0  100.0  0 0 
1441316347  0  1873  2431495  1019  0  0  48082  0  0  5009  99285  0  48082  52746  99285  354  0  254  0  0  99285  0  0  0  48082  0  0  0  698322  0  0  0.0  100.0  0 0 
1441316347  0  1873  2444363  1024  0  0  49325  0  0  5009  99285  0  49325  51429  99285  354  0  257  0  0  99285  0  0  0  49325  0  0  0  702271  0  3949  0.0  100.0  0 0 
1441316348  0  1873  2453134  1115  0  0  53895  0  0  5009  99285  0  53895  46758  99285  354  0  258  0  0  99285  0  0  0  53895  0  0  0  706841  0  4570  0.0  100.0  0 0 
1441316348  0  1873  2462521  1174  0  0  57832  0  0  5009  99285  0  57832  42703  99285  354  0  258  0  0  99285  0  0  0  57832  0  0  0  710779  0  3938  0.0  100.0  0 0 
1441316349  0  1873  2470242  1203  0  0  59428  0  0  5009  99285  0  59428  41059  99285  354  0  259  0  0  99285  0  0  0  59428  0  0  0  712375  0  1596  0.0  100.0  0 0 
1441316349  0  1873  2478341  1241  0  0  61441  0  0  5009  99285  0  61441  38985  99285  354  0  260  0  0  99285  0  0  0  61441  0  0  0  714901  0  2526  0.0  100.0  0 0 
1441316350  0  1873  2490257  1275  0  0  63138  0  0  5009  99285  0  63138  37236  99285  354  0  261  0  0  99285  0  0  0  63138  0  0  0  717546  0  2645  0.0  100.0  0 0 
1441316350  0  1873  2490257  1275  0  0  63138  0  0  5009  99285  0  63138  37236  99285  354  0  261  0  0  99285  0  0  0  63138  0  0  0  717546  0  0  0.0  100.0  0 0 
1441316351  0  1873  2503819  1269  0  0  62213  0  0  5009  99285  0  62213  38148  99285  354  0  261  0  0  99285  0  0  0  62213  0  0  0  719424  0  1878  0.0  100.0  0 0 
1441316351  0  1873  2511244  1339  0  0  65294  0  0  5009  99285  0  65294  35011  99285  354  0  262  0  0  99285  0  0  0  65294  0  0  0  722505  0  3081  0.0  100.0  0 0 
1441316352  0  1873  2526099  1217  0  0  57358  0  0  5009  99285  0  57358  43015  99285  354  0  260  0  0  99285  0  0  0  57358  0  0  0  725821  0  3316  0.0  100.0  0 0 
1441316352  0  1873  2537275  1254  0  0  59666  0  0  5009  99285  0  59666  40718  99285  354  0  262  0  0  99285  0  0  0  59666  0  0  0  728897  0  3076  0.0  100.0  0 0 
1441316353  0  1873  2544473  1305  0  0  62807  0  0  5009  99285  0  62807  37572  99285  354  0  262  0  0  99285  0  0  0  62807  0  0  0  732038  0  3141  0.0  100.0  0 0 
1441316353  0  1873  2555751  1327  0  0  63748  0  0  5009  99285  0  63748  36602  99285  354  0  262  0  0  99285  0  0  0  63748  0  0  0  735283  0  3245  0.0  100.0  0 0 
1441316354  0  1873  2555751  1327  0  0  63748  0  0  5009  99285  0  63748  36602  99285  354  0  262  0  0  99285  0  0  0  63748  0  0  0  735283  0  0  0.0  100.0  0 0 
1441316354  0  1873  2566229  1223  0  0  57987  0  0  5009  99285  0  57987  42427  99285  354  0  261  0  0  99285  0  0  0  57987  0  0  0  738740  0  3457  0.0  100.0  0 0 
1441316355  0  1873  2576237  1210  0  0  57863  0  0  5009  99285  0  57863  42561  99285  354  0  262  0  0  99285  0  0  0  57863  0  0  0  742388  0  3648  0.0  100.0  0 0 
1441316355  0  1873  2587944  1232  0  0  59252  0  0  5009  99285  0  59252  41176  99285  354  0  261  0  0  99285  0  0  0  59252  0  0  0  746594  0  4206  0.0  100.0  0 0 
1441316356  0  1873  2601965  1292  0  0  62434  0  0  5009  99285  0  62434  37957  99285  354  0  260  0  0  99285  0  0  0  62434  0  0  0  752481  0  5887  0.0  100.0  0 0 
1441316356  0  1873  2610911  1338  0  0  65261  0  0  5009  99285  0  65261  35045  99285  354  0  261  0  0  99285  0  0  0  65261  0  0  0  755308  0  2827  0.0  100.0  0 0 
1441316357  0  1873  2618795  1390  0  0  68831  0  0  5009  99285  0  68831  31369  99285  354  0  261  0  0  99285  0  0  0  68831  0  0  0  758878  0  3570  0.0  100.0  0 0 
1441316357  0  1873  2618795  1390  0  0  68831  0  0  5009  99285  0  68831  31369  99285  354  0  261  0  0  99285  0  0  0  68831  0  0  0  758878  0  0  0.0  100.0  0 0 
1441316358  0  1873  2626796  1444  0  0  72463  0  0  5009  99285  0  72463  27629  99285  354  0  261  0  0  99285  0  0  0  72463  0  0  0  762511  0  3633  0.0  100.0  0 0 
1441316358  0  1873  2638531  1369  0  0  68936  0  0  5009  99285  0  68936  31120  99285  354  0  259  0  0  99285  0  0  0  68936  0  0  0  766539  0  4028  0.0  100.0  0 0 
1441316359  0  1873  2653581  1330  0  0  67284  0  0  5009  99285  0  67284  32831  99285  354  0  259  0  0  99285  0  0  0  67284  0  0  0  770883  0  4344  0.0  100.0  0 0 
1441316359  0  1873  2664798  1367  0  0  69032  0  0  5009  99285  0  69032  31086  99285  354  0  260  0  0  99285  0  0  0  69032  0  0  0  775202  0  4319  0.0  100.0  0 0 
1441316360  0  1873  2680749  1252  0  0  62510  0  0  5009  99285  0  62510  37706  99285  354  0  257  0  0  99285  0  0  0  62510  0  0  0  777191  0  1989  0.0  100.0  0 0 
1441316361  0  1873  2688852  1291  0  0  64557  0  0  5009  99285  0  64557  35659  99285  354  0  258  0  0  99285  0  0  0  64557  0  0  0  779251  0  2060  0.0  100.0  0 0 
1441316361  0  1873  2688852  1291  0  0  64557  0  0  5009  99285  0  64557  35659  99285  354  0  258  0  0  99285  0  0  0  64557  0  0  0  779251  0  0  0.0  100.0  0 0 
