#Type:X;CI:1;ww:0;ca:0;co:0;fr:0;Type:X;CI:1;PI:0;PT:EP;U0:0;U1:0;Type:X;CI:1;PI:1;PT:EP;U0:0;U1:0;
#time  Pp  gt  gs  cn  cm  cb  Nc  Pc  cp  Tc  Nm  pr  ps  pt  px  pd  Pm  Om  fs  ft  Oc  Em  Gp  Ec  Ge  ot  os  Total_cycles_diff  Successful_get_diff  Total_get_diff  succ_put_diff  total_put_diff  get_hit  
1441674242  0  0  0  0  0  0  0  0  0  4176691  0  0  0  0  0  0  0  0  0  21  0  0  0  0  0  46  0  4176691  0  0  0  0  
1441674242  0  0  0  0  0  0  0  0  0  4184099  0  0  0  0  0  0  0  0  0  21  0  0  0  0  0  47  0  7408  0  0  0  0  0 
1441674243  0  0  0  0  0  0  0  0  0  4184099  0  0  0  0  0  0  0  0  0  21  0  0  0  0  0  47  0  0  0  0  0  0  0 
1441674243  0  0  0  0  0  0  0  0  0  4184099  0  0  0  0  0  0  0  0  0  21  0  0  0  0  0  47  0  0  0  0  0  0  0 
1441674244  0  0  0  0  0  0  0  0  0  4184099  0  0  0  0  0  0  0  0  0  21  0  0  0  0  0  47  0  0  0  0  0  0  0 
1441674244  0  0  0  0  0  0  0  0  0  4184099  0  0  0  0  0  0  0  0  0  21  0  0  0  0  0  47  0  0  0  0  0  0  0 
1441674245  0  0  0  0  0  0  0  0  0  4184099  0  0  0  0  0  0  0  0  0  21  0  0  0  0  0  47  0  0  0  0  0  0  0 
1441674245  0  0  0  0  0  0  0  0  0  4184099  0  0  0  0  0  0  0  0  0  21  0  0  0  0  0  47  0  0  0  0  0  0  0 
1441674246  0  0  0  0  0  0  0  0  0  4184099  0  0  0  0  0  0  0  0  0  21  0  0  0  0  0  47  0  0  0  0  0  0  0 
1441674246  0  0  0  0  0  0  0  0  0  4184099  0  0  0  0  0  0  0  0  0  21  0  0  0  0  0  47  0  0  0  0  0  0  0 
1441674247  0  0  0  0  0  0  0  0  0  4184099  0  0  0  0  0  0  0  0  0  21  0  0  0  0  0  47  0  0  0  0  0  0  0 
1441674247  0  0  0  0  0  0  0  0  0  4184099  0  0  0  0  0  0  0  0  0  21  0  0  0  0  0  47  0  0  0  0  0  0  0 
1441674248  0  0  0  0  0  0  0  0  0  4184099  0  0  0  0  0  0  0  0  0  21  0  0  0  0  0  47  0  0  0  0  0  0  0 
1441674249  0  0  0  0  0  0  0  0  0  4184099  0  0  0  0  0  0  0  0  0  21  0  0  0  0  0  47  0  0  0  0  0  0  0 
1441674249  0  0  0  0  0  0  0  0  0  4184099  0  0  0  0  0  0  0  0  0  21  0  0  0  0  0  47  0  0  0  0  0  0  0 
1441674250  0  0  0  0  0  0  0  0  0  4184099  0  0  0  0  0  0  0  0  0  21  0  0  0  0  0  47  0  0  0  0  0  0  0 
1441674250  0  0  0  0  0  0  0  0  0  4184099  0  0  0  0  0  0  0  0  0  21  0  0  0  0  0  47  0  0  0  0  0  0  0 
1441674251  0  0  0  0  0  0  0  0  0  4184099  0  0  0  0  0  0  0  0  0  21  0  0  0  0  0  47  0  0  0  0  0  0  0 
1441674251  0  0  0  0  0  0  0  0  0  4184099  0  0  0  0  0  0  0  0  0  21  0  0  0  0  0  47  0  0  0  0  0  0  0 
1441674252  0  0  0  0  0  0  0  0  0  4184099  0  0  0  0  0  0  0  0  0  21  0  0  0  0  0  47  0  0  0  0  0  0  0 
1441674252  0  0  0  0  0  0  0  0  0  4184099  0  0  0  0  0  0  0  0  0  21  0  0  0  0  0  47  0  0  0  0  0  0  0 
1441674253  0  0  0  0  0  0  0  0  0  4186540  0  0  0  0  0  0  0  0  0  21  0  0  0  0  0  48  0  2441  0  0  0  0  0 
1441674253  0  0  0  0  0  0  0  0  0  4186540  0  0  0  0  0  0  0  0  0  21  0  0  0  0  0  48  0  0  0  0  0  0  0 
1441674254  0  0  0  0  0  0  0  0  0  4186540  0  0  0  0  0  0  0  0  0  21  0  0  0  0  0  48  0  0  0  0  0  0  0 
1441674254  0  0  0  0  0  0  0  0  0  4186540  0  0  0  0  0  0  0  0  0  21  0  0  0  0  0  48  0  0  0  0  0  0  0 
1441674255  0  0  0  0  0  0  0  0  0  4186540  0  0  0  0  0  0  0  0  0  21  0  0  0  0  0  48  0  0  0  0  0  0  0 
1441674255  0  0  0  0  0  0  0  0  0  4186540  0  0  0  0  0  0  0  0  0  21  0  0  0  0  0  48  0  0  0  0  0  0  0 
1441674256  0  0  0  0  0  0  0  0  0  4186540  0  0  0  0  0  0  0  0  0  21  0  0  0  0  0  48  0  0  0  0  0  0  0 
1441674256  0  0  0  0  0  0  0  0  0  4186540  0  0  0  0  0  0  0  0  0  21  0  0  0  0  0  48  0  0  0  0  0  0  0 
1441674257  0  0  0  0  0  0  0  0  0  4186540  0  0  0  0  0  0  0  0  0  21  0  0  0  0  0  48  0  0  0  0  0  0  0 
1441674257  0  0  0  0  0  0  0  0  0  4186540  0  0  0  0  0  0  0  0  0  21  0  0  0  0  0  48  0  0  0  0  0  0  0 
1441674258  0  0  0  0  0  0  0  0  0  4186540  0  0  0  0  0  0  0  0  0  21  0  0  0  0  0  48  0  0  0  0  0  0  0 
1441674258  0  0  0  0  0  0  0  0  0  4186540  0  0  0  0  0  0  0  0  0  21  0  0  0  0  0  48  0  0  0  0  0  0  0 
1441674259  0  0  0  0  0  0  0  0  0  4186540  0  0  0  0  0  0  0  0  0  21  0  0  0  0  0  48  0  0  0  0  0  0  0 
1441674259  0  0  0  0  0  0  0  0  0  4186540  0  0  0  0  0  0  0  0  0  21  0  0  0  0  0  48  0  0  0  0  0  0  0 
1441674260  0  0  0  0  0  0  0  0  0  4186540  0  0  0  0  0  0  0  0  0  21  0  0  0  0  0  48  0  0  0  0  0  0  0 
1441674260  0  0  0  0  0  0  0  0  0  4186540  0  0  0  0  0  0  0  0  0  21  0  0  0  0  0  48  0  0  0  0  0  0  0 
1441674261  0  0  0  0  0  0  0  0  0  4186540  0  0  0  0  0  0  0  0  0  21  0  0  0  0  0  48  0  0  0  0  0  0  0 
1441674261  0  0  0  0  0  0  0  0  0  4186540  0  0  0  0  0  0  0  0  0  21  0  0  0  0  0  48  0  0  0  0  0  0  0 
1441674262  0  0  0  0  0  0  0  0  0  4186540  0  0  0  0  0  0  0  0  0  21  0  0  0  0  0  48  0  0  0  0  0  0  0 
1441674262  0  0  0  0  0  0  0  0  0  4188790  0  0  0  0  0  0  0  0  0  21  0  0  0  0  0  49  0  2250  0  0  0  0  0 
1441674263  0  0  0  0  0  0  0  0  0  4188790  0  0  0  0  0  0  0  0  0  21  0  0  0  0  0  49  0  0  0  0  0  0  0 
1441674263  0  0  0  0  0  0  0  0  0  4188790  0  0  0  0  0  0  0  0  0  21  0  0  0  0  0  49  0  0  0  0  0  0  0 
1441674264  0  0  0  0  0  0  0  0  0  4188790  0  0  0  0  0  0  0  0  0  21  0  0  0  0  0  49  0  0  0  0  0  0  0 
1441674264  0  0  0  0  0  0  0  0  0  4188790  0  0  0  0  0  0  0  0  0  21  0  0  0  0  0  49  0  0  0  0  0  0  0 
1441674265  0  0  0  0  0  0  0  0  0  4188790  0  0  0  0  0  0  0  0  0  21  0  0  0  0  0  49  0  0  0  0  0  0  0 
1441674265  0  0  0  0  0  0  0  0  0  4188790  0  0  0  0  0  0  0  0  0  21  0  0  0  0  0  49  0  0  0  0  0  0  0 
1441674266  0  0  0  0  0  0  0  0  0  4188790  0  0  0  0  0  0  0  0  0  21  0  0  0  0  0  49  0  0  0  0  0  0  0 
1441674266  0  0  0  0  0  0  0  0  0  4188790  0  0  0  0  0  0  0  0  0  21  0  0  0  0  0  49  0  0  0  0  0  0  0 
1441674267  0  0  0  0  0  0  0  0  0  4188790  0  0  0  0  0  0  0  0  0  21  0  0  0  0  0  49  0  0  0  0  0  0  0 
1441674267  0  0  0  0  0  0  0  0  0  4188790  0  0  0  0  0  0  0  0  0  21  0  0  0  0  0  49  0  0  0  0  0  0  0 
1441674268  0  0  0  0  0  0  0  0  0  4188790  0  0  0  0  0  0  0  0  0  21  0  0  0  0  0  49  0  0  0  0  0  0  0 
1441674268  0  0  0  0  0  0  0  0  0  4188790  0  0  0  0  0  0  0  0  0  21  0  0  0  0  0  49  0  0  0  0  0  0  0 
1441674269  0  0  0  0  0  0  0  0  0  4188790  0  0  0  0  0  0  0  0  0  21  0  0  0  0  0  49  0  0  0  0  0  0  0 
1441674269  0  0  0  0  0  0  0  0  0  4188790  0  0  0  0  0  0  0  0  0  21  0  0  0  0  0  49  0  0  0  0  0  0  0 
1441674270  0  0  0  0  0  0  0  0  0  4188790  0  0  0  0  0  0  0  0  0  21  0  0  0  0  0  49  0  0  0  0  0  0  0 
1441674270  0  0  0  0  0  0  0  0  0  4188790  0  0  0  0  0  0  0  0  0  21  0  0  0  0  0  49  0  0  0  0  0  0  0 
1441674271  0  0  0  0  0  0  0  0  0  4188790  0  0  0  0  0  0  0  0  0  21  0  0  0  0  0  49  0  0  0  0  0  0  0 
1441674271  0  0  0  0  0  0  0  0  0  4188790  0  0  0  0  0  0  0  0  0  21  0  0  0  0  0  49  0  0  0  0  0  0  0 
1441674272  0  0  0  0  0  0  0  0  0  4188790  0  0  0  0  0  0  0  0  0  21  0  0  0  0  0  49  0  0  0  0  0  0  0 
1441674272  0  0  0  0  0  0  0  0  0  4191361  0  0  0  0  0  0  0  0  0  21  0  0  0  0  0  50  0  2571  0  0  0  0  0 
1441674273  0  0  0  0  0  0  0  0  0  4191361  0  0  0  0  0  0  0  0  0  21  0  0  0  0  0  50  0  0  0  0  0  0  0 
1441674273  0  0  0  0  0  0  0  0  0  4191361  0  0  0  0  0  0  0  0  0  21  0  0  0  0  0  50  0  0  0  0  0  0  0 
1441674274  0  0  0  0  0  0  0  0  0  4191361  0  0  0  0  0  0  0  0  0  21  0  0  0  0  0  50  0  0  0  0  0  0  0 
1441674274  0  0  0  0  0  0  0  0  0  4191361  0  0  0  0  0  0  0  0  0  21  0  0  0  0  0  50  0  0  0  0  0  0  0 
1441674275  0  0  0  0  0  0  0  0  0  4191361  0  0  0  0  0  0  0  0  0  21  0  0  0  0  0  50  0  0  0  0  0  0  0 
1441674275  0  0  0  0  0  0  0  0  0  4191361  0  0  0  0  0  0  0  0  0  21  0  0  0  0  0  50  0  0  0  0  0  0  0 
1441674276  0  0  0  0  0  0  0  0  0  4191361  0  0  0  0  0  0  0  0  0  21  0  0  0  0  0  50  0  0  0  0  0  0  0 
1441674276  0  0  0  0  0  0  0  0  0  4191361  0  0  0  0  0  0  0  0  0  21  0  0  0  0  0  50  0  0  0  0  0  0  0 
1441674277  0  0  0  0  0  0  0  0  0  4191361  0  0  0  0  0  0  0  0  0  21  0  0  0  0  0  50  0  0  0  0  0  0  0 
1441674277  0  0  0  0  0  0  0  0  0  4191361  0  0  0  0  0  0  0  0  0  21  0  0  0  0  0  50  0  0  0  0  0  0  0 
1441674278  0  0  0  0  0  0  0  0  0  4191361  0  0  0  0  0  0  0  0  0  21  0  0  0  0  0  50  0  0  0  0  0  0  0 
1441674278  0  0  0  0  0  0  0  0  0  4191361  0  0  0  0  0  0  0  0  0  21  0  0  0  0  0  50  0  0  0  0  0  0  0 
1441674279  0  0  0  0  0  0  0  0  0  4191361  0  0  0  0  0  0  0  0  0  21  0  0  0  0  0  50  0  0  0  0  0  0  0 
1441674280  0  0  0  0  0  0  0  0  0  4191361  0  0  0  0  0  0  0  0  0  21  0  0  0  0  0  50  0  0  0  0  0  0  0 
1441674280  0  0  0  0  0  0  0  0  0  4191361  0  0  0  0  0  0  0  0  0  21  0  0  0  0  0  50  0  0  0  0  0  0  0 
1441674281  0  0  0  0  0  0  0  0  0  4191361  0  0  0  0  0  0  0  0  0  21  0  0  0  0  0  50  0  0  0  0  0  0  0 
1441674281  0  0  0  0  0  0  0  0  0  4191361  0  0  0  0  0  0  0  0  0  21  0  0  0  0  0  50  0  0  0  0  0  0  0 
1441674282  0  0  0  0  0  0  0  0  0  4191361  0  0  0  0  0  0  0  0  0  21  0  0  0  0  0  50  0  0  0  0  0  0  0 
1441674282  0  0  0  0  0  0  0  0  0  4208008  0  0  0  0  0  0  0  0  0  21  0  0  0  0  0  50  0  16647  0  0  0  0  0 
1441674283  0  0  0  0  0  0  0  0  0  4294264  0  0  0  0  0  0  0  0  0  25  0  0  0  0  0  63  0  86256  0  0  0  0  0 
1441674283  0  0  0  0  0  0  0  0  0  4294264  0  0  0  0  0  0  0  0  0  25  0  0  0  0  0  63  0  0  0  0  0  0  0 
1441674284  0  0  0  0  0  0  0  0  0  4307687  0  0  0  0  0  0  0  0  0  25  0  0  0  0  0  63  0  13423  0  0  0  0  0 
