#Type:X;CI:3;ww:0;ca:0;co:0;fr:0;Type:X;CI:3;PI:0;PT:EP;U0:0;U1:0;
#time  Pp  gt  gs  cn  cm  cb  Nc  Pc  cp  Tc  Nm  pr  ps  pt  px  pd  Pm  Om  fs  ft  Oc  Em  Gp  Ec  Ge  ot  os  Total_cycles_diff  Successful_get_diff  Total_get_diff  succ_put_diff  total_put_diff  get_hit  
1441674317  0  0  0  0  0  0  0  0  0  38307  0  0  0  0  0  0  0  0  0  0  0  0  0  0  0  0  0  38307  0  0  0  0  
1441674318  0  0  0  0  0  0  0  0  0  38307  0  0  0  0  0  0  0  0  0  0  0  0  0  0  0  0  0  0  0  0  0  0  0 
1441674318  0  0  0  0  0  0  0  0  0  793505  0  0  0  0  0  0  0  0  0  0  0  0  0  0  0  0  0  755198  0  0  0  0  0 
1441674319  0  0  0  0  0  0  0  0  0  1325949  0  0  0  0  0  0  0  0  0  0  0  0  0  0  0  0  0  532444  0  0  0  0  0 
1441674319  0  0  0  0  0  0  0  0  0  1547805  0  0  0  0  0  0  0  0  0  0  0  0  0  0  0  0  0  221856  0  0  0  0  0 
1441674320  0  0  0  0  0  0  0  0  0  1817131  0  0  0  0  0  0  0  0  0  0  0  0  0  0  0  0  0  269326  0  0  0  0  0 
1441674320  0  0  0  0  0  0  0  0  0  2170946  0  0  0  0  0  0  0  0  0  13  0  0  0  0  0  38  0  353815  0  0  0  0  0 
1441674321  0  0  0  0  0  0  0  0  0  2170946  0  0  0  0  0  0  0  0  0  13  0  0  0  0  0  38  0  0  0  0  0  0  0 
1441674321  0  0  0  0  0  0  0  0  0  2991961  0  0  0  0  0  0  0  0  0  15  0  0  0  0  0  41  0  821015  0  0  0  0  0 
1441674322  0  0  0  0  0  0  0  0  0  3596413  0  0  0  0  0  0  0  0  0  21  0  0  0  0  0  46  0  604452  0  0  0  0  0 
1441674322  0  0  0  0  0  0  0  0  0  3816117  0  0  0  0  0  0  0  0  0  21  0  0  0  0  0  46  0  219704  0  0  0  0  0 
1441674323  0  0  0  0  0  0  0  0  0  3816117  0  0  0  0  0  0  0  0  0  21  0  0  0  0  0  46  0  0  0  0  0  0  0 
1441674323  0  0  0  0  0  0  0  0  0  3816117  0  0  0  0  0  0  0  0  0  21  0  0  0  0  0  46  0  0  0  0  0  0  0 
1441674324  0  0  0  0  0  0  0  0  0  3816117  0  0  0  0  0  0  0  0  0  21  0  0  0  0  0  46  0  0  0  0  0  0  0 
1441674324  0  0  0  0  0  0  0  0  0  3816117  0  0  0  0  0  0  0  0  0  21  0  0  0  0  0  46  0  0  0  0  0  0  0 
1441674325  0  0  0  0  0  0  0  0  0  3816117  0  0  0  0  0  0  0  0  0  21  0  0  0  0  0  46  0  0  0  0  0  0  0 
1441674325  0  0  0  0  0  0  0  0  0  3816117  0  0  0  0  0  0  0  0  0  21  0  0  0  0  0  46  0  0  0  0  0  0  0 
1441674326  0  0  0  0  0  0  0  0  0  3816117  0  0  0  0  0  0  0  0  0  21  0  0  0  0  0  46  0  0  0  0  0  0  0 
1441674326  0  0  0  0  0  0  0  0  0  3816117  0  0  0  0  0  0  0  0  0  21  0  0  0  0  0  46  0  0  0  0  0  0  0 
1441674327  0  0  0  0  0  0  0  0  0  3816117  0  0  0  0  0  0  0  0  0  21  0  0  0  0  0  46  0  0  0  0  0  0  0 
1441674327  0  0  0  0  0  0  0  0  0  3816117  0  0  0  0  0  0  0  0  0  21  0  0  0  0  0  46  0  0  0  0  0  0  0 
1441674328  0  0  0  0  0  0  0  0  0  3816117  0  0  0  0  0  0  0  0  0  21  0  0  0  0  0  46  0  0  0  0  0  0  0 
1441674328  0  0  0  0  0  0  0  0  0  3816117  0  0  0  0  0  0  0  0  0  21  0  0  0  0  0  46  0  0  0  0  0  0  0 
1441674329  0  0  0  0  0  0  0  0  0  3816117  0  0  0  0  0  0  0  0  0  21  0  0  0  0  0  46  0  0  0  0  0  0  0 
1441674329  0  0  0  0  0  0  0  0  0  3816117  0  0  0  0  0  0  0  0  0  21  0  0  0  0  0  46  0  0  0  0  0  0  0 
1441674330  0  0  0  0  0  0  0  0  0  3816117  0  0  0  0  0  0  0  0  0  21  0  0  0  0  0  46  0  0  0  0  0  0  0 
1441674330  0  0  0  0  0  0  0  0  0  3816117  0  0  0  0  0  0  0  0  0  21  0  0  0  0  0  46  0  0  0  0  0  0  0 
1441674331  0  0  0  0  0  0  0  0  0  3816117  0  0  0  0  0  0  0  0  0  21  0  0  0  0  0  46  0  0  0  0  0  0  0 
1441674331  0  0  0  0  0  0  0  0  0  3816117  0  0  0  0  0  0  0  0  0  21  0  0  0  0  0  46  0  0  0  0  0  0  0 
1441674332  0  0  0  0  0  0  0  0  0  3816117  0  0  0  0  0  0  0  0  0  21  0  0  0  0  0  46  0  0  0  0  0  0  0 
1441674332  0  0  0  0  0  0  0  0  0  3816117  0  0  0  0  0  0  0  0  0  21  0  0  0  0  0  46  0  0  0  0  0  0  0 
1441674333  0  0  0  0  0  0  0  0  0  3816117  0  0  0  0  0  0  0  0  0  21  0  0  0  0  0  46  0  0  0  0  0  0  0 
1441674333  0  0  0  0  0  0  0  0  0  3816117  0  0  0  0  0  0  0  0  0  21  0  0  0  0  0  46  0  0  0  0  0  0  0 
1441674334  0  0  0  0  0  0  0  0  0  3816117  0  0  0  0  0  0  0  0  0  21  0  0  0  0  0  46  0  0  0  0  0  0  0 
1441674334  0  0  0  0  0  0  0  0  0  3816117  0  0  0  0  0  0  0  0  0  21  0  0  0  0  0  46  0  0  0  0  0  0  0 
1441674335  0  0  0  0  0  0  0  0  0  3816117  0  0  0  0  0  0  0  0  0  21  0  0  0  0  0  46  0  0  0  0  0  0  0 
1441674335  0  0  0  0  0  0  0  0  0  3816117  0  0  0  0  0  0  0  0  0  21  0  0  0  0  0  46  0  0  0  0  0  0  0 
1441674336  0  0  0  0  0  0  0  0  0  3816117  0  0  0  0  0  0  0  0  0  21  0  0  0  0  0  46  0  0  0  0  0  0  0 
1441674336  0  0  0  0  0  0  0  0  0  3816117  0  0  0  0  0  0  0  0  0  21  0  0  0  0  0  46  0  0  0  0  0  0  0 
1441674337  0  0  0  0  0  0  0  0  0  3816117  0  0  0  0  0  0  0  0  0  21  0  0  0  0  0  46  0  0  0  0  0  0  0 
1441674337  0  0  0  0  0  0  0  0  0  3816117  0  0  0  0  0  0  0  0  0  21  0  0  0  0  0  46  0  0  0  0  0  0  0 
1441674338  0  0  0  0  0  0  0  0  0  3816117  0  0  0  0  0  0  0  0  0  21  0  0  0  0  0  46  0  0  0  0  0  0  0 
1441674338  0  0  0  0  0  0  0  0  0  3816117  0  0  0  0  0  0  0  0  0  21  0  0  0  0  0  46  0  0  0  0  0  0  0 
1441674339  0  0  0  0  0  0  0  0  0  3816117  0  0  0  0  0  0  0  0  0  21  0  0  0  0  0  46  0  0  0  0  0  0  0 
1441674339  0  0  0  0  0  0  0  0  0  3816117  0  0  0  0  0  0  0  0  0  21  0  0  0  0  0  46  0  0  0  0  0  0  0 
1441674340  0  0  0  0  0  0  0  0  0  3816117  0  0  0  0  0  0  0  0  0  21  0  0  0  0  0  46  0  0  0  0  0  0  0 
1441674340  0  0  0  0  0  0  0  0  0  3816117  0  0  0  0  0  0  0  0  0  21  0  0  0  0  0  46  0  0  0  0  0  0  0 
1441674341  0  0  0  0  0  0  0  0  0  3816117  0  0  0  0  0  0  0  0  0  21  0  0  0  0  0  46  0  0  0  0  0  0  0 
1441674341  0  0  0  0  0  0  0  0  0  3816117  0  0  0  0  0  0  0  0  0  21  0  0  0  0  0  46  0  0  0  0  0  0  0 
1441674342  0  0  0  0  0  0  0  0  0  3816117  0  0  0  0  0  0  0  0  0  21  0  0  0  0  0  46  0  0  0  0  0  0  0 
1441674342  0  0  0  0  0  0  0  0  0  3816117  0  0  0  0  0  0  0  0  0  21  0  0  0  0  0  46  0  0  0  0  0  0  0 
1441674343  0  0  0  0  0  0  0  0  0  3816117  0  0  0  0  0  0  0  0  0  21  0  0  0  0  0  46  0  0  0  0  0  0  0 
1441674343  0  0  0  0  0  0  0  0  0  3816117  0  0  0  0  0  0  0  0  0  21  0  0  0  0  0  46  0  0  0  0  0  0  0 
1441674344  0  0  0  0  0  0  0  0  0  3816117  0  0  0  0  0  0  0  0  0  21  0  0  0  0  0  46  0  0  0  0  0  0  0 
1441674344  0  0  0  0  0  0  0  0  0  3816117  0  0  0  0  0  0  0  0  0  21  0  0  0  0  0  46  0  0  0  0  0  0  0 
1441674345  0  0  0  0  0  0  0  0  0  3816117  0  0  0  0  0  0  0  0  0  21  0  0  0  0  0  46  0  0  0  0  0  0  0 
1441674345  0  0  0  0  0  0  0  0  0  3816117  0  0  0  0  0  0  0  0  0  21  0  0  0  0  0  46  0  0  0  0  0  0  0 
1441674346  0  0  0  0  0  0  0  0  0  3816117  0  0  0  0  0  0  0  0  0  21  0  0  0  0  0  46  0  0  0  0  0  0  0 
1441674346  0  0  0  0  0  0  0  0  0  3816117  0  0  0  0  0  0  0  0  0  21  0  0  0  0  0  46  0  0  0  0  0  0  0 
1441674347  0  0  0  0  0  0  0  0  0  3816117  0  0  0  0  0  0  0  0  0  21  0  0  0  0  0  46  0  0  0  0  0  0  0 
1441674347  0  0  0  0  0  0  0  0  0  3816117  0  0  0  0  0  0  0  0  0  21  0  0  0  0  0  46  0  0  0  0  0  0  0 
1441674348  0  0  0  0  0  0  0  0  0  3816117  0  0  0  0  0  0  0  0  0  21  0  0  0  0  0  46  0  0  0  0  0  0  0 
1441674348  0  0  0  0  0  0  0  0  0  3816117  0  0  0  0  0  0  0  0  0  21  0  0  0  0  0  46  0  0  0  0  0  0  0 
1441674349  0  0  0  0  0  0  0  0  0  3816117  0  0  0  0  0  0  0  0  0  21  0  0  0  0  0  46  0  0  0  0  0  0  0 
1441674349  0  0  0  0  0  0  0  0  0  3816117  0  0  0  0  0  0  0  0  0  21  0  0  0  0  0  46  0  0  0  0  0  0  0 
1441674350  0  0  0  0  0  0  0  0  0  3816117  0  0  0  0  0  0  0  0  0  21  0  0  0  0  0  46  0  0  0  0  0  0  0 
1441674350  0  0  0  0  0  0  0  0  0  3816117  0  0  0  0  0  0  0  0  0  21  0  0  0  0  0  46  0  0  0  0  0  0  0 
1441674351  0  0  0  0  0  0  0  0  0  3816117  0  0  0  0  0  0  0  0  0  21  0  0  0  0  0  46  0  0  0  0  0  0  0 
1441674352  0  0  0  0  0  0  0  0  0  3816117  0  0  0  0  0  0  0  0  0  21  0  0  0  0  0  46  0  0  0  0  0  0  0 
1441674352  0  0  0  0  0  0  0  0  0  3816117  0  0  0  0  0  0  0  0  0  21  0  0  0  0  0  46  0  0  0  0  0  0  0 
1441674353  0  0  0  0  0  0  0  0  0  3816117  0  0  0  0  0  0  0  0  0  21  0  0  0  0  0  46  0  0  0  0  0  0  0 
1441674353  0  0  0  0  0  0  0  0  0  3816117  0  0  0  0  0  0  0  0  0  21  0  0  0  0  0  46  0  0  0  0  0  0  0 
1441674354  0  0  0  0  0  0  0  0  0  3816117  0  0  0  0  0  0  0  0  0  21  0  0  0  0  0  46  0  0  0  0  0  0  0 
1441674354  0  0  0  0  0  0  0  0  0  3816117  0  0  0  0  0  0  0  0  0  21  0  0  0  0  0  46  0  0  0  0  0  0  0 
1441674355  0  0  0  0  0  0  0  0  0  3816117  0  0  0  0  0  0  0  0  0  21  0  0  0  0  0  46  0  0  0  0  0  0  0 
1441674355  0  0  0  0  0  0  0  0  0  3816117  0  0  0  0  0  0  0  0  0  21  0  0  0  0  0  46  0  0  0  0  0  0  0 
1441674356  0  0  0  0  0  0  0  0  0  3816117  0  0  0  0  0  0  0  0  0  21  0  0  0  0  0  46  0  0  0  0  0  0  0 
1441674356  0  0  0  0  0  0  0  0  0  3816117  0  0  0  0  0  0  0  0  0  21  0  0  0  0  0  46  0  0  0  0  0  0  0 
1441674357  0  0  0  0  0  0  0  0  0  3816117  0  0  0  0  0  0  0  0  0  21  0  0  0  0  0  46  0  0  0  0  0  0  0 
1441674357  0  0  0  0  0  0  0  0  0  3816117  0  0  0  0  0  0  0  0  0  21  0  0  0  0  0  46  0  0  0  0  0  0  0 
1441674358  0  0  0  0  0  0  0  0  0  3816117  0  0  0  0  0  0  0  0  0  21  0  0  0  0  0  46  0  0  0  0  0  0  0 
1441674358  0  0  0  0  0  0  0  0  0  3816117  0  0  0  0  0  0  0  0  0  21  0  0  0  0  0  46  0  0  0  0  0  0  0 
1441674359  0  0  0  0  0  0  0  0  0  3816117  0  0  0  0  0  0  0  0  0  21  0  0  0  0  0  46  0  0  0  0  0  0  0 
1441674359  0  0  0  0  0  0  0  0  0  3816117  0  0  0  0  0  0  0  0  0  21  0  0  0  0  0  46  0  0  0  0  0  0  0 
1441674360  0  0  0  0  0  0  0  0  0  3816117  0  0  0  0  0  0  0  0  0  21  0  0  0  0  0  46  0  0  0  0  0  0  0 
1441674360  0  0  0  0  0  0  0  0  0  3816117  0  0  0  0  0  0  0  0  0  21  0  0  0  0  0  46  0  0  0  0  0  0  0 
1441674361  0  0  0  0  0  0  0  0  0  3816117  0  0  0  0  0  0  0  0  0  21  0  0  0  0  0  46  0  0  0  0  0  0  0 
1441674361  0  0  0  0  0  0  0  0  0  3816117  0  0  0  0  0  0  0  0  0  21  0  0  0  0  0  46  0  0  0  0  0  0  0 
1441674362  0  0  0  0  0  0  0  0  0  3816117  0  0  0  0  0  0  0  0  0  21  0  0  0  0  0  46  0  0  0  0  0  0  0 
1441674362  0  0  0  0  0  0  0  0  0  3816117  0  0  0  0  0  0  0  0  0  21  0  0  0  0  0  46  0  0  0  0  0  0  0 
1441674363  0  0  0  0  0  0  0  0  0  3816117  0  0  0  0  0  0  0  0  0  21  0  0  0  0  0  46  0  0  0  0  0  0  0 
1441674363  0  0  0  0  0  0  0  0  0  3816117  0  0  0  0  0  0  0  0  0  21  0  0  0  0  0  46  0  0  0  0  0  0  0 
1441674364  0  0  0  0  0  0  0  0  0  3816117  0  0  0  0  0  0  0  0  0  21  0  0  0  0  0  46  0  0  0  0  0  0  0 
1441674364  0  0  0  0  0  0  0  0  0  3816117  0  0  0  0  0  0  0  0  0  21  0  0  0  0  0  46  0  0  0  0  0  0  0 
1441674365  0  0  0  0  0  0  0  0  0  3816117  0  0  0  0  0  0  0  0  0  21  0  0  0  0  0  46  0  0  0  0  0  0  0 
1441674365  0  0  0  0  0  0  0  0  0  3816117  0  0  0  0  0  0  0  0  0  21  0  0  0  0  0  46  0  0  0  0  0  0  0 
1441674366  0  0  0  0  0  0  0  0  0  3816117  0  0  0  0  0  0  0  0  0  21  0  0  0  0  0  46  0  0  0  0  0  0  0 
1441674366  0  0  0  0  0  0  0  0  0  3816117  0  0  0  0  0  0  0  0  0  21  0  0  0  0  0  46  0  0  0  0  0  0  0 
1441674367  0  0  0  0  0  0  0  0  0  3816117  0  0  0  0  0  0  0  0  0  21  0  0  0  0  0  46  0  0  0  0  0  0  0 
1441674367  0  0  0  0  0  0  0  0  0  3816117  0  0  0  0  0  0  0  0  0  21  0  0  0  0  0  46  0  0  0  0  0  0  0 
1441674368  0  0  0  0  0  0  0  0  0  3816117  0  0  0  0  0  0  0  0  0  21  0  0  0  0  0  46  0  0  0  0  0  0  0 
1441674368  0  0  0  0  0  0  0  0  0  3816117  0  0  0  0  0  0  0  0  0  21  0  0  0  0  0  46  0  0  0  0  0  0  0 
1441674369  0  0  0  0  0  0  0  0  0  3816117  0  0  0  0  0  0  0  0  0  21  0  0  0  0  0  46  0  0  0  0  0  0  0 
1441674369  0  0  0  0  0  0  0  0  0  3816117  0  0  0  0  0  0  0  0  0  21  0  0  0  0  0  46  0  0  0  0  0  0  0 
1441674370  0  0  0  0  0  0  0  0  0  3816117  0  0  0  0  0  0  0  0  0  21  0  0  0  0  0  46  0  0  0  0  0  0  0 
1441674370  0  0  0  0  0  0  0  0  0  3816117  0  0  0  0  0  0  0  0  0  21  0  0  0  0  0  46  0  0  0  0  0  0  0 
1441674371  0  0  0  0  0  0  0  0  0  3816117  0  0  0  0  0  0  0  0  0  21  0  0  0  0  0  46  0  0  0  0  0  0  0 
1441674371  0  0  0  0  0  0  0  0  0  3816117  0  0  0  0  0  0  0  0  0  21  0  0  0  0  0  46  0  0  0  0  0  0  0 
1441674372  0  0  0  0  0  0  0  0  0  3816117  0  0  0  0  0  0  0  0  0  21  0  0  0  0  0  46  0  0  0  0  0  0  0 
1441674372  0  0  0  0  0  0  0  0  0  3816117  0  0  0  0  0  0  0  0  0  21  0  0  0  0  0  46  0  0  0  0  0  0  0 
1441674373  0  0  0  0  0  0  0  0  0  3816117  0  0  0  0  0  0  0  0  0  21  0  0  0  0  0  46  0  0  0  0  0  0  0 
1441674373  0  0  0  0  0  0  0  0  0  3816117  0  0  0  0  0  0  0  0  0  21  0  0  0  0  0  46  0  0  0  0  0  0  0 
1441674374  0  0  0  0  0  0  0  0  0  3816117  0  0  0  0  0  0  0  0  0  21  0  0  0  0  0  46  0  0  0  0  0  0  0 
1441674374  0  0  0  0  0  0  0  0  0  3822861  0  0  0  0  0  0  0  0  0  21  0  0  0  0  0  47  0  6744  0  0  0  0  0 
1441674375  0  0  0  0  0  0  0  0  0  3822861  0  0  0  0  0  0  0  0  0  21  0  0  0  0  0  47  0  0  0  0  0  0  0 
1441674375  0  0  0  0  0  0  0  0  0  3822861  0  0  0  0  0  0  0  0  0  21  0  0  0  0  0  47  0  0  0  0  0  0  0 
1441674376  0  0  0  0  0  0  0  0  0  3822861  0  0  0  0  0  0  0  0  0  21  0  0  0  0  0  47  0  0  0  0  0  0  0 
1441674376  0  0  0  0  0  0  0  0  0  3822861  0  0  0  0  0  0  0  0  0  21  0  0  0  0  0  47  0  0  0  0  0  0  0 
1441674377  0  0  0  0  0  0  0  0  0  3822861  0  0  0  0  0  0  0  0  0  21  0  0  0  0  0  47  0  0  0  0  0  0  0 
1441674377  0  0  0  0  0  0  0  0  0  3822861  0  0  0  0  0  0  0  0  0  21  0  0  0  0  0  47  0  0  0  0  0  0  0 
1441674378  0  0  0  0  0  0  0  0  0  3822861  0  0  0  0  0  0  0  0  0  21  0  0  0  0  0  47  0  0  0  0  0  0  0 
1441674378  0  0  0  0  0  0  0  0  0  3822861  0  0  0  0  0  0  0  0  0  21  0  0  0  0  0  47  0  0  0  0  0  0  0 
1441674379  0  0  0  0  0  0  0  0  0  3822861  0  0  0  0  0  0  0  0  0  21  0  0  0  0  0  47  0  0  0  0  0  0  0 
1441674379  0  0  0  0  0  0  0  0  0  3822861  0  0  0  0  0  0  0  0  0  21  0  0  0  0  0  47  0  0  0  0  0  0  0 
1441674380  0  0  0  0  0  0  0  0  0  3822861  0  0  0  0  0  0  0  0  0  21  0  0  0  0  0  47  0  0  0  0  0  0  0 
1441674380  0  0  0  0  0  0  0  0  0  3822861  0  0  0  0  0  0  0  0  0  21  0  0  0  0  0  47  0  0  0  0  0  0  0 
1441674381  0  0  0  0  0  0  0  0  0  3822861  0  0  0  0  0  0  0  0  0  21  0  0  0  0  0  47  0  0  0  0  0  0  0 
1441674381  0  0  0  0  0  0  0  0  0  3822861  0  0  0  0  0  0  0  0  0  21  0  0  0  0  0  47  0  0  0  0  0  0  0 
1441674382  0  0  0  0  0  0  0  0  0  3822861  0  0  0  0  0  0  0  0  0  21  0  0  0  0  0  47  0  0  0  0  0  0  0 
1441674382  0  0  0  0  0  0  0  0  0  3822861  0  0  0  0  0  0  0  0  0  21  0  0  0  0  0  47  0  0  0  0  0  0  0 
1441674383  0  0  0  0  0  0  0  0  0  3822861  0  0  0  0  0  0  0  0  0  21  0  0  0  0  0  47  0  0  0  0  0  0  0 
1441674383  0  0  0  0  0  0  0  0  0  3822861  0  0  0  0  0  0  0  0  0  21  0  0  0  0  0  47  0  0  0  0  0  0  0 
1441674384  0  0  0  0  0  0  0  0  0  3825531  0  0  0  0  0  0  0  0  0  21  0  0  0  0  0  48  0  2670  0  0  0  0  0 
1441674384  0  0  0  0  0  0  0  0  0  3825531  0  0  0  0  0  0  0  0  0  21  0  0  0  0  0  48  0  0  0  0  0  0  0 
1441674385  0  0  0  0  0  0  0  0  0  3825531  0  0  0  0  0  0  0  0  0  21  0  0  0  0  0  48  0  0  0  0  0  0  0 
1441674386  0  0  0  0  0  0  0  0  0  3825531  0  0  0  0  0  0  0  0  0  21  0  0  0  0  0  48  0  0  0  0  0  0  0 
1441674386  0  0  0  0  0  0  0  0  0  3825531  0  0  0  0  0  0  0  0  0  21  0  0  0  0  0  48  0  0  0  0  0  0  0 
1441674387  0  0  0  0  0  0  0  0  0  3825531  0  0  0  0  0  0  0  0  0  21  0  0  0  0  0  48  0  0  0  0  0  0  0 
1441674387  0  0  0  0  0  0  0  0  0  3825531  0  0  0  0  0  0  0  0  0  21  0  0  0  0  0  48  0  0  0  0  0  0  0 
1441674388  0  0  0  0  0  0  0  0  0  3825531  0  0  0  0  0  0  0  0  0  21  0  0  0  0  0  48  0  0  0  0  0  0  0 
1441674388  0  0  0  0  0  0  0  0  0  3825531  0  0  0  0  0  0  0  0  0  21  0  0  0  0  0  48  0  0  0  0  0  0  0 
1441674389  0  0  0  0  0  0  0  0  0  3825531  0  0  0  0  0  0  0  0  0  21  0  0  0  0  0  48  0  0  0  0  0  0  0 
1441674389  0  0  0  0  0  0  0  0  0  3825531  0  0  0  0  0  0  0  0  0  21  0  0  0  0  0  48  0  0  0  0  0  0  0 
1441674390  0  0  0  0  0  0  0  0  0  3825531  0  0  0  0  0  0  0  0  0  21  0  0  0  0  0  48  0  0  0  0  0  0  0 
1441674390  0  0  0  0  0  0  0  0  0  3825531  0  0  0  0  0  0  0  0  0  21  0  0  0  0  0  48  0  0  0  0  0  0  0 
1441674391  0  0  0  0  0  0  0  0  0  3825531  0  0  0  0  0  0  0  0  0  21  0  0  0  0  0  48  0  0  0  0  0  0  0 
1441674391  0  0  0  0  0  0  0  0  0  3825531  0  0  0  0  0  0  0  0  0  21  0  0  0  0  0  48  0  0  0  0  0  0  0 
1441674392  0  0  0  0  0  0  0  0  0  3825531  0  0  0  0  0  0  0  0  0  21  0  0  0  0  0  48  0  0  0  0  0  0  0 
1441674392  0  0  0  0  0  0  0  0  0  3825531  0  0  0  0  0  0  0  0  0  21  0  0  0  0  0  48  0  0  0  0  0  0  0 
1441674393  0  0  0  0  0  0  0  0  0  3825531  0  0  0  0  0  0  0  0  0  21  0  0  0  0  0  48  0  0  0  0  0  0  0 
1441674393  0  0  0  0  0  0  0  0  0  3825531  0  0  0  0  0  0  0  0  0  21  0  0  0  0  0  48  0  0  0  0  0  0  0 
1441674394  0  0  0  0  0  0  0  0  0  3825531  0  0  0  0  0  0  0  0  0  21  0  0  0  0  0  48  0  0  0  0  0  0  0 
1441674394  0  0  0  0  0  0  0  0  0  3830364  0  0  0  0  0  0  0  0  0  21  0  0  0  0  0  49  0  4833  0  0  0  0  0 
1441674395  0  0  0  0  0  0  0  0  0  3830364  0  0  0  0  0  0  0  0  0  21  0  0  0  0  0  49  0  0  0  0  0  0  0 
1441674395  0  0  0  0  0  0  0  0  0  3830364  0  0  0  0  0  0  0  0  0  21  0  0  0  0  0  49  0  0  0  0  0  0  0 
1441674396  0  0  0  0  0  0  0  0  0  3830364  0  0  0  0  0  0  0  0  0  21  0  0  0  0  0  49  0  0  0  0  0  0  0 
1441674396  0  0  0  0  0  0  0  0  0  3830364  0  0  0  0  0  0  0  0  0  21  0  0  0  0  0  49  0  0  0  0  0  0  0 
1441674397  0  0  0  0  0  0  0  0  0  3830364  0  0  0  0  0  0  0  0  0  21  0  0  0  0  0  49  0  0  0  0  0  0  0 
1441674397  0  0  0  0  0  0  0  0  0  3830364  0  0  0  0  0  0  0  0  0  21  0  0  0  0  0  49  0  0  0  0  0  0  0 
1441674398  0  0  0  0  0  0  0  0  0  3830364  0  0  0  0  0  0  0  0  0  21  0  0  0  0  0  49  0  0  0  0  0  0  0 
1441674398  0  0  0  0  0  0  0  0  0  3830364  0  0  0  0  0  0  0  0  0  21  0  0  0  0  0  49  0  0  0  0  0  0  0 
1441674399  0  0  0  0  0  0  0  0  0  3830364  0  0  0  0  0  0  0  0  0  21  0  0  0  0  0  49  0  0  0  0  0  0  0 
1441674399  0  0  0  0  0  0  0  0  0  3830364  0  0  0  0  0  0  0  0  0  21  0  0  0  0  0  49  0  0  0  0  0  0  0 
1441674400  0  0  0  0  0  0  0  0  0  3830364  0  0  0  0  0  0  0  0  0  21  0  0  0  0  0  49  0  0  0  0  0  0  0 
1441674400  0  0  0  0  0  0  0  0  0  3830364  0  0  0  0  0  0  0  0  0  21  0  0  0  0  0  49  0  0  0  0  0  0  0 
1441674401  0  0  0  0  0  0  0  0  0  3830364  0  0  0  0  0  0  0  0  0  21  0  0  0  0  0  49  0  0  0  0  0  0  0 
1441674401  0  0  0  0  0  0  0  0  0  3830364  0  0  0  0  0  0  0  0  0  21  0  0  0  0  0  49  0  0  0  0  0  0  0 
1441674402  0  0  0  0  0  0  0  0  0  3830364  0  0  0  0  0  0  0  0  0  21  0  0  0  0  0  49  0  0  0  0  0  0  0 
1441674402  0  0  0  0  0  0  0  0  0  3830364  0  0  0  0  0  0  0  0  0  21  0  0  0  0  0  49  0  0  0  0  0  0  0 
1441674403  0  0  0  0  0  0  0  0  0  3830364  0  0  0  0  0  0  0  0  0  21  0  0  0  0  0  49  0  0  0  0  0  0  0 
1441674403  0  0  0  0  0  0  0  0  0  3830364  0  0  0  0  0  0  0  0  0  21  0  0  0  0  0  49  0  0  0  0  0  0  0 
1441674404  0  0  0  0  0  0  0  0  0  3833183  0  0  0  0  0  0  0  0  0  21  0  0  0  0  0  50  0  2819  0  0  0  0  0 
1441674404  0  0  0  0  0  0  0  0  0  3833183  0  0  0  0  0  0  0  0  0  21  0  0  0  0  0  50  0  0  0  0  0  0  0 
1441674405  0  0  0  0  0  0  0  0  0  3833183  0  0  0  0  0  0  0  0  0  21  0  0  0  0  0  50  0  0  0  0  0  0  0 
1441674405  0  0  0  0  0  0  0  0  0  3833183  0  0  0  0  0  0  0  0  0  21  0  0  0  0  0  50  0  0  0  0  0  0  0 
1441674406  0  0  0  0  0  0  0  0  0  3833183  0  0  0  0  0  0  0  0  0  21  0  0  0  0  0  50  0  0  0  0  0  0  0 
1441674406  0  0  0  0  0  0  0  0  0  3833183  0  0  0  0  0  0  0  0  0  21  0  0  0  0  0  50  0  0  0  0  0  0  0 
1441674407  0  0  0  0  0  0  0  0  0  3833183  0  0  0  0  0  0  0  0  0  21  0  0  0  0  0  50  0  0  0  0  0  0  0 
1441674407  0  0  0  0  0  0  0  0  0  3833183  0  0  0  0  0  0  0  0  0  21  0  0  0  0  0  50  0  0  0  0  0  0  0 
1441674408  0  0  0  0  0  0  0  0  0  3833183  0  0  0  0  0  0  0  0  0  21  0  0  0  0  0  50  0  0  0  0  0  0  0 
1441674408  0  0  0  0  0  0  0  0  0  3833183  0  0  0  0  0  0  0  0  0  21  0  0  0  0  0  50  0  0  0  0  0  0  0 
1441674409  0  0  0  0  0  0  0  0  0  3833183  0  0  0  0  0  0  0  0  0  21  0  0  0  0  0  50  0  0  0  0  0  0  0 
1441674409  0  0  0  0  0  0  0  0  0  3833183  0  0  0  0  0  0  0  0  0  21  0  0  0  0  0  50  0  0  0  0  0  0  0 
1441674410  0  0  0  0  0  0  0  0  0  3833183  0  0  0  0  0  0  0  0  0  21  0  0  0  0  0  50  0  0  0  0  0  0  0 
1441674410  0  0  0  0  0  0  0  0  0  3833183  0  0  0  0  0  0  0  0  0  21  0  0  0  0  0  50  0  0  0  0  0  0  0 
1441674411  0  0  0  0  0  0  0  0  0  3833183  0  0  0  0  0  0  0  0  0  21  0  0  0  0  0  50  0  0  0  0  0  0  0 
1441674411  0  0  0  0  0  0  0  0  0  3833183  0  0  0  0  0  0  0  0  0  21  0  0  0  0  0  50  0  0  0  0  0  0  0 
1441674412  0  0  0  0  0  0  0  0  0  3833183  0  0  0  0  0  0  0  0  0  21  0  0  0  0  0  50  0  0  0  0  0  0  0 
1441674412  0  0  0  0  0  0  0  0  0  3833183  0  0  0  0  0  0  0  0  0  21  0  0  0  0  0  50  0  0  0  0  0  0  0 
1441674413  0  0  0  0  0  0  0  0  0  3833183  0  0  0  0  0  0  0  0  0  21  0  0  0  0  0  50  0  0  0  0  0  0  0 
1441674413  0  0  0  0  0  0  0  0  0  3833183  0  0  0  0  0  0  0  0  0  21  0  0  0  0  0  50  0  0  0  0  0  0  0 
1441674414  0  0  0  0  0  0  0  0  0  3833183  0  0  0  0  0  0  0  0  0  21  0  0  0  0  0  50  0  0  0  0  0  0  0 
1441674414  0  0  0  0  0  0  0  0  0  3835959  0  0  0  0  0  0  0  0  0  21  0  0  0  0  0  51  0  2776  0  0  0  0  0 
1441674415  0  0  0  0  0  0  0  0  0  3835959  0  0  0  0  0  0  0  0  0  21  0  0  0  0  0  51  0  0  0  0  0  0  0 
1441674415  0  0  0  0  0  0  0  0  0  3835959  0  0  0  0  0  0  0  0  0  21  0  0  0  0  0  51  0  0  0  0  0  0  0 
1441674416  0  0  0  0  0  0  0  0  0  3835959  0  0  0  0  0  0  0  0  0  21  0  0  0  0  0  51  0  0  0  0  0  0  0 
1441674416  0  0  0  0  0  0  0  0  0  3835959  0  0  0  0  0  0  0  0  0  21  0  0  0  0  0  51  0  0  0  0  0  0  0 
1441674417  0  0  0  0  0  0  0  0  0  3835959  0  0  0  0  0  0  0  0  0  21  0  0  0  0  0  51  0  0  0  0  0  0  0 
1441674417  0  0  0  0  0  0  0  0  0  3835959  0  0  0  0  0  0  0  0  0  21  0  0  0  0  0  51  0  0  0  0  0  0  0 
1441674418  0  0  0  0  0  0  0  0  0  3835959  0  0  0  0  0  0  0  0  0  21  0  0  0  0  0  51  0  0  0  0  0  0  0 
1441674418  0  0  0  0  0  0  0  0  0  3835959  0  0  0  0  0  0  0  0  0  21  0  0  0  0  0  51  0  0  0  0  0  0  0 
1441674419  0  0  0  0  0  0  0  0  0  3835959  0  0  0  0  0  0  0  0  0  21  0  0  0  0  0  51  0  0  0  0  0  0  0 
1441674419  0  0  0  0  0  0  0  0  0  3835959  0  0  0  0  0  0  0  0  0  21  0  0  0  0  0  51  0  0  0  0  0  0  0 
1441674420  0  0  0  0  0  0  0  0  0  3835959  0  0  0  0  0  0  0  0  0  21  0  0  0  0  0  51  0  0  0  0  0  0  0 
1441674421  0  0  0  0  0  0  0  0  0  3835959  0  0  0  0  0  0  0  0  0  21  0  0  0  0  0  51  0  0  0  0  0  0  0 
1441674421  0  0  0  0  0  0  0  0  0  3835959  0  0  0  0  0  0  0  0  0  21  0  0  0  0  0  51  0  0  0  0  0  0  0 
1441674422  0  0  0  0  0  0  0  0  0  3835959  0  0  0  0  0  0  0  0  0  21  0  0  0  0  0  51  0  0  0  0  0  0  0 
1441674422  0  0  0  0  0  0  0  0  0  3835959  0  0  0  0  0  0  0  0  0  21  0  0  0  0  0  51  0  0  0  0  0  0  0 
1441674423  0  0  0  0  0  0  0  0  0  3835959  0  0  0  0  0  0  0  0  0  21  0  0  0  0  0  51  0  0  0  0  0  0  0 
1441674423  0  0  0  0  0  0  0  0  0  3835959  0  0  0  0  0  0  0  0  0  21  0  0  0  0  0  51  0  0  0  0  0  0  0 
1441674424  0  0  0  0  0  0  0  0  0  3835959  0  0  0  0  0  0  0  0  0  21  0  0  0  0  0  51  0  0  0  0  0  0  0 
1441674424  0  0  0  0  0  0  0  0  0  3835959  0  0  0  0  0  0  0  0  0  21  0  0  0  0  0  51  0  0  0  0  0  0  0 
1441674425  0  0  0  0  0  0  0  0  0  3894401  0  0  0  0  0  0  0  0  0  23  0  0  0  0  0  55  0  58442  0  0  0  0  0 
1441674425  0  0  0  0  0  0  0  0  0  3950617  0  0  0  0  0  0  0  0  0  25  0  0  0  0  0  64  0  56216  0  0  0  0  0 
1441674426  0  0  0  0  0  0  0  0  0  3950617  0  0  0  0  0  0  0  0  0  25  0  0  0  0  0  64  0  0  0  0  0  0  0 
