#type:G;
#time  Rt  Nm  Tt  Nc  Rx  Gz  Pc  Pf  Ra  Te  Pm  Fp  Fc  Ta  Fm  Om  Lm  Oc  Sm  Sc  Em  Af  Ea  Cf  Ec  Gd  Zt  Et  Ep  dedup_put_diff  total_eph_put_diff  dedup_factor  dedup_curr  compression_saving  tze_saving  
1441332044  0  0  4969  0  0  0  0  0  0  4895  0  0  0  0  0  0  0  0  0  0  0  0  0  0  0  0  0  0  0  0  0  0 0 0 0 
1441332044  0  0  4972  0  0  0  0  0  0  4896  0  0  0  0  0  0  0  0  0  0  0  0  0  0  0  0  0  0  0  0  0  0 0 0 0 
1441332045  0  0  4973  0  0  0  0  0  0  4896  0  0  0  0  0  0  0  0  0  0  0  0  0  0  0  0  0  0  0  0  0  0 0 0 0 
1441332045  0  0  4973  0  0  0  0  0  0  4896  0  0  0  0  0  0  0  0  0  0  0  0  0  0  0  0  0  0  0  0  0  0 0 0 0 
1441332046  0  0  4974  0  0  0  0  0  0  4896  0  0  0  0  0  0  0  0  0  0  0  0  0  0  0  0  0  0  0  0  0  0 0 0 0 
1441332046  0  0  4975  0  0  0  0  0  0  4896  0  0  0  0  0  0  0  0  0  0  0  0  0  0  0  0  0  0  0  0  0  0 0 0 0 
1441332047  0  0  4976  0  0  0  0  0  0  4896  0  0  0  0  0  0  0  0  0  0  0  0  0  0  0  0  0  0  0  0  0  0 0 0 0 
1441332047  0  0  4977  0  0  0  0  0  0  4896  0  0  0  0  0  0  0  0  0  0  0  0  0  0  0  0  0  0  0  0  0  0 0 0 0 
1441332048  0  0  4978  0  0  0  0  0  0  4896  0  0  0  0  0  0  0  0  0  0  0  0  0  0  0  0  0  0  0  0  0  0 0 0 0 
1441332048  0  0  4979  0  0  0  0  0  0  4896  0  0  0  0  0  0  0  0  0  0  0  0  0  0  0  0  0  0  0  0  0  0 0 0 0 
1441332049  0  0  4980  0  0  0  0  0  0  4896  0  0  0  0  0  0  0  0  0  0  0  0  0  0  0  0  0  0  0  0  0  0 0 0 0 
1441332049  0  0  4980  0  0  0  0  0  0  4896  0  0  0  0  0  0  0  0  0  0  0  0  0  0  0  0  0  0  0  0  0  0 0 0 0 
1441332050  0  0  4981  0  0  0  0  0  0  4896  0  0  0  0  0  0  0  0  0  0  0  0  0  0  0  0  0  0  0  0  0  0 0 0 0 
1441332050  0  0  4982  0  0  0  0  0  0  4896  0  0  0  0  0  0  0  0  0  0  0  0  0  0  0  0  0  0  0  0  0  0 0 0 0 
1441332051  0  0  4983  0  0  0  0  0  0  4896  0  0  0  0  0  0  0  0  0  0  0  0  0  0  0  0  0  0  0  0  0  0 0 0 0 
1441332051  0  0  4984  0  0  0  0  0  0  4896  0  0  0  0  0  0  0  0  0  0  0  0  0  0  0  0  0  0  0  0  0  0 0 0 0 
1441332052  0  0  4985  0  0  0  0  0  0  4896  0  0  0  0  0  0  0  0  0  0  0  0  0  0  0  0  0  0  0  0  0  0 0 0 0 
1441332052  0  0  4986  0  0  0  0  0  0  4896  0  0  0  0  0  0  0  0  0  0  0  0  0  0  0  0  0  0  0  0  0  0 0 0 0 
1441332053  0  0  4987  0  0  0  0  0  0  4896  0  0  0  0  0  0  0  0  0  0  0  0  0  0  0  0  0  0  0  0  0  0 0 0 0 
1441332054  0  0  4987  0  0  0  0  0  0  4896  0  0  0  0  0  0  0  0  0  0  0  0  0  0  0  0  0  0  0  0  0  0 0 0 0 
1441332054  0  0  4988  0  0  0  0  0  0  4896  0  0  0  0  0  0  0  0  0  0  0  0  0  0  0  0  0  0  0  0  0  0 0 0 0 
1441332055  0  123  6833  123  0  3750899  1608  0  0  5009  1608  0  6  0  6  143  0  143  1606  1606  1608  0  0  0  1608  2  0  0  1608  2  1608  0.124378109453  0.124378109453  42.979649678  100.0  
1441332055  0  234  9171  182  0  6427619  2696  0  0  5014  3416  0  9  294  13  354  0  190  3414  2694  3416  5  0  0  2696  2  0  0  3416  0  1808  0.0585480093677  0.0741839762611  41.7504484068  100.0  
1441332056  0  234  9365  178  0  6176973  2608  0  0  5014  3416  0  6  355  13  354  0  188  3414  2606  3416  5  0  0  2608  2  0  0  3416  0  0  0.0585480093677  0.0766871165644  42.1316174663  100.0  
1441332056  0  234  9366  178  0  6176973  2608  0  0  5014  3416  0  6  355  13  354  0  188  3414  2606  3416  5  0  0  2608  2  0  0  3416  0  0  0.0585480093677  0.0766871165644  42.1316174663  100.0  
1441332057  0  234  9366  178  0  6176973  2608  0  0  5014  3416  0  6  355  13  354  0  188  3414  2606  3416  5  0  0  2608  2  0  0  3416  0  0  0.0585480093677  0.0766871165644  42.1316174663  100.0  
1441332057  0  234  9367  178  0  6176973  2608  0  0  5014  3416  0  6  355  13  354  0  188  3414  2606  3416  5  0  0  2608  2  0  0  3416  0  0  0.0585480093677  0.0766871165644  42.1316174663  100.0  
1441332058  0  234  9368  178  0  6176973  2608  0  0  5014  3416  0  6  355  13  354  0  188  3414  2606  3416  5  0  0  2608  2  0  0  3416  0  0  0.0585480093677  0.0766871165644  42.1316174663  100.0  
1441332058  0  234  9369  178  0  6176973  2608  0  0  5014  3416  0  6  355  13  354  0  188  3414  2606  3416  5  0  0  2608  2  0  0  3416  0  0  0.0585480093677  0.0766871165644  42.1316174663  100.0  
1441332059  0  234  9370  178  0  6176973  2608  0  0  5014  3416  0  6  355  13  354  0  188  3414  2606  3416  5  0  0  2608  2  0  0  3416  0  0  0.0585480093677  0.0766871165644  42.1316174663  100.0  
1441332059  0  234  9371  178  0  6176973  2608  0  0  5014  3416  0  6  355  13  354  0  188  3414  2606  3416  5  0  0  2608  2  0  0  3416  0  0  0.0585480093677  0.0766871165644  42.1316174663  100.0  
1441332060  0  234  9372  178  0  6176973  2608  0  0  5014  3416  0  6  355  13  354  0  188  3414  2606  3416  5  0  0  2608  2  0  0  3416  0  0  0.0585480093677  0.0766871165644  42.1316174663  100.0  
1441332060  0  234  9373  178  0  6176973  2608  0  0  5014  3416  0  6  355  13  354  0  188  3414  2606  3416  5  0  0  2608  2  0  0  3416  0  0  0.0585480093677  0.0766871165644  42.1316174663  100.0  
1441332061  0  234  9881  204  0  6739800  2856  0  0  5015  3416  0  6  320  13  354  0  223  3414  2854  3416  6  0  0  2856  2  0  0  3664  0  248  0.0545851528384  0.0700280112045  42.3455156141  100.0  
1441332062  0  234  20461  208  0  7218490  3006  0  0  5026  3416  0  25  183  25  354  0  225  3414  3004  3416  17  0  0  3006  2  0  0  3814  0  150  0.0524383848977  0.0665335994677  41.333999329  100.0  
1441332062  0  234  20461  208  0  7218490  3006  0  0  5026  3416  0  25  183  25  354  0  225  3414  3004  3416  17  0  0  3006  2  0  0  3814  0  0  0.0524383848977  0.0665335994677  41.333999329  100.0  
1441332063  0  234  28364  208  0  7218490  3006  0  0  5026  3416  0  25  183  25  354  0  225  3414  3004  3416  17  0  0  3006  2  0  0  3814  0  0  0.0524383848977  0.0665335994677  41.333999329  100.0  
1441332063  0  234  33543  208  0  7218490  3006  0  0  5026  3416  0  25  183  25  354  0  225  3414  3004  3416  17  0  0  3006  2  0  0  3814  0  0  0.0524383848977  0.0665335994677  41.333999329  100.0  
1441332064  0  234  44060  208  0  7218490  3006  0  0  5026  3416  0  25  183  25  354  0  225  3414  3004  3416  17  0  0  3006  2  0  0  3814  0  0  0.0524383848977  0.0665335994677  41.333999329  100.0  
1441332064  0  234  53860  208  0  7218490  3006  0  0  5026  3416  0  25  183  25  354  0  225  3414  3004  3416  17  0  0  3006  2  0  0  3814  0  0  0.0524383848977  0.0665335994677  41.333999329  100.0  
1441332065  0  234  53860  208  0  7218490  3006  0  0  5026  3416  0  25  183  25  354  0  225  3414  3004  3416  17  0  0  3006  2  0  0  3814  0  0  0.0524383848977  0.0665335994677  41.333999329  100.0  
1441332065  0  234  56914  208  0  7218490  3006  0  0  5026  3416  0  25  183  25  354  0  225  3414  3004  3416  17  0  0  3006  2  0  0  3814  0  0  0.0524383848977  0.0665335994677  41.333999329  100.0  
1441332066  0  234  56915  208  0  7218490  3006  0  0  5026  3416  0  25  183  25  354  0  225  3414  3004  3416  17  0  0  3006  2  0  0  3814  0  0  0.0524383848977  0.0665335994677  41.333999329  100.0  
1441332066  0  234  67827  208  0  7218490  3006  0  0  5026  3416  0  25  183  25  354  0  225  3414  3004  3416  17  0  0  3006  2  0  0  3814  0  0  0.0524383848977  0.0665335994677  41.333999329  100.0  
1441332067  0  234  78686  208  0  7218490  3006  0  0  5026  3416  0  25  183  25  354  0  225  3414  3004  3416  17  0  0  3006  2  0  0  3814  0  0  0.0524383848977  0.0665335994677  41.333999329  100.0  
1441332067  0  234  107117  207  0  8917473  3677  0  0  5027  3677  0  30  0  30  354  0  222  3675  3675  3677  18  0  0  3677  2  0  0  4566  0  752  0.0438020148927  0.0543921675279  40.7587093431  100.0  
1441332068  0  234  107144  207  0  8876977  3661  0  0  5027  3677  0  30  9  30  354  0  222  3675  3659  3677  18  0  0  3661  2  0  0  4566  0  0  0.0438020148927  0.0546298825458  40.7698629983  100.0  
1441332068  0  234  107144  207  0  8876977  3661  0  0  5027  3677  0  30  9  30  354  0  222  3675  3659  3677  18  0  0  3661  2  0  0  4566  0  0  0.0438020148927  0.0546298825458  40.7698629983  100.0  
1441332069  0  234  129601  207  0  8876977  3661  0  0  5027  3677  0  30  9  30  354  0  222  3675  3659  3677  18  0  0  3661  2  0  0  4566  0  0  0.0438020148927  0.0546298825458  40.7698629983  100.0  
1441332069  0  234  140155  220  0  9379176  3783  0  0  5027  3783  0  154  0  154  354  0  225  3781  3781  3783  18  0  0  3783  2  0  0  4690  0  124  0.0426439232409  0.0528680941052  39.4382996396  100.0  
1441332070  0  234  145581  222  0  9620840  3842  0  0  5027  3842  0  213  0  213  354  0  226  3840  3840  3842  18  0  0  3842  2  0  0  4749  0  59  0.0421141292904  0.0520562207184  38.8323465983  100.0  
1441332070  0  234  152695  233  0  10554728  4097  0  0  5027  4097  0  441  0  441  354  0  227  4068  4068  4097  18  0  0  4097  29  0  0  5004  27  255  0.579536370903  0.70783500122  36.6559023937  100.0  
1441332071  0  241  161417  241  0  11156840  4252  0  0  5027  4252  0  588  0  588  354  0  230  4215  4215  4252  18  0  0  4252  37  0  0  5178  8  174  0.714561606798  0.870178739417  35.3775114917  100.0  
1441332071  0  255  172219  255  0  12094824  4522  0  0  5027  4522  0  817  0  817  354  0  230  4444  4444  4522  18  0  0  4522  78  0  0  5451  41  273  1.43093010457  1.72490048651  33.5545029112  100.0  
1441332072  0  255  172219  255  0  12094824  4522  0  0  5027  4522  0  817  0  817  354  0  230  4444  4444  4522  18  0  0  4522  78  0  0  5451  0  0  1.43093010457  1.72490048651  33.5545029112  100.0  
1441332072  0  269  180359  269  0  13688168  4911  0  0  5027  4911  0  1206  0  1206  354  0  230  4833  4833  4911  18  0  0  4911  78  0  0  5840  0  389  1.33561643836  1.58827122786  30.8537576945  100.0  
1441332073  0  278  187621  278  0  14106036  5056  0  0  5028  5056  0  1258  0  1258  354  0  235  4978  4978  5056  19  0  0  5056  78  0  0  5985  0  145  1.30325814536  1.54272151899  30.8184723722  100.0  
1441332073  0  286  194240  286  0  14433716  5145  0  0  5028  5145  0  1338  0  1338  354  0  236  5058  5058  5145  19  0  0  5145  87  0  0  6074  9  89  1.43233454067  1.69096209913  30.3310311326  100.0  
1441332074  0  304  202373  304  0  15535540  5447  0  0  5028  5447  0  1607  0  1607  354  0  240  5327  5327  5447  19  0  0  5447  120  0  0  6376  33  302  1.88205771644  2.20304754911  28.7993909271  100.0  
1441332074  0  356  211643  356  0  25904618  8015  0  0  5028  8015  0  4138  0  4138  354  0  240  7859  7859  8015  19  0  0  8015  156  0  0  8944  36  2568  1.74418604651  1.94635059264  19.5270437854  100.0  
1441332075  0  397  216714  397  0  35963488  10488  0  0  5028  10488  0  6593  0  6593  354  0  240  10316  10316  10488  19  0  0  10488  172  0  0  11417  16  2473  1.50652535692  1.63996948894  14.8880531456  100.0  
1441332075  0  397  216714  397  0  35963488  10488  0  0  5028  10488  0  6593  0  6593  354  0  240  10316  10316  10488  19  0  0  10488  172  0  0  11417  0  0  1.50652535692  1.63996948894  14.8880531456  100.0  
1441332076  0  420  223771  420  0  39792206  11439  0  0  5028  11439  0  7527  0  7527  354  0  242  11251  11251  11439  19  0  0  11439  188  0  0  12368  16  951  1.52005174644  1.64350030597  13.6530615681  100.0  
1441332076  0  474  237299  474  0  48925503  13818  0  0  5028  13818  0  9756  0  9756  354  0  243  13481  13481  13818  19  0  0  13818  337  0  0  14747  149  2379  2.2852105513  2.43884787958  11.3960174997  100.0  
1441332077  0  524  245589  524  0  60659824  16774  0  0  5028  16774  0  12619  0  12619  354  0  245  16346  16346  16774  19  0  0  16774  428  0  0  17703  91  2956  2.41766932158  2.55156790271  9.3996858941  100.0  
1441332077  0  589  254732  589  0  77461554  20877  0  0  5028  20877  0  16720  0  16720  354  0  246  20449  20449  20877  19  0  0  20877  428  0  0  21806  0  4103  1.96276254242  2.05010298415  7.51864537615  100.0  
1441332078  0  619  263768  619  0  84469810  22651  0  0  5028  22651  0  18431  0  18431  354  0  246  22160  22160  22651  19  0  0  22651  491  0  0  23580  63  1774  2.08227311281  2.16767471635  6.93812180943  100.0  
1441332078  0  661  275281  632  0  82953925  22419  0  0  5028  24187  0  18060  1808  19827  354  0  246  23568  21800  24187  19  0  0  22419  619  0  0  25116  128  1536  2.46456442109  2.76105089433  7.09897662522  100.0  
1441332079  0  661  275281  632  0  82953925  22419  0  0  5028  24187  0  18060  1808  19827  354  0  246  23568  21800  24187  19  0  0  22419  619  0  0  25116  0  0  2.46456442109  2.76105089433  7.09897662522  100.0  
1441332080  0  671  280240  671  0  94016251  25179  0  0  5028  25179  0  20761  0  20761  354  0  248  24497  24497  25179  19  0  0  25179  682  0  0  27880  63  2764  2.44619799139  2.70860637833  6.30205217252  100.0  
1441332080  0  689  306493  665  0  94143343  25313  0  0  5028  26939  0  20792  1678  22417  354  0  248  26155  24529  26939  19  0  0  25313  784  0  0  38145  102  10265  2.05531524446  3.09722277091  6.2977920029  100.0  
1441332081  0  699  312890  699  0  101897071  27206  0  0  5028  27206  0  22685  0  22685  354  0  249  26422  26422  27206  19  0  0  27206  784  0  0  40038  0  1893  1.95813976722  2.88171726825  5.84658769355  100.0  
1441332081  0  711  318503  711  0  105206510  28014  0  0  5028  28014  0  23493  0  23493  354  0  249  27230  27230  28014  19  0  0  28014  784  0  0  40847  0  809  1.91935760276  2.79860069965  5.6732166527  100.0  
1441332082  0  787  326386  787  0  122358286  32443  0  0  5028  32443  0  27682  0  27682  354  0  251  31417  31417  32443  19  0  0  32443  1026  0  0  45301  242  4454  2.26485066555  3.162469562  4.91571945772  100.0  
1441332082  0  844  336584  844  0  133879156  35933  0  0  5028  35933  0  30493  0  30493  354  0  253  34232  34232  35933  19  0  0  35933  1701  0  0  48791  675  3490  3.48629870263  4.73381014666  4.51816773688  100.0  
1441332083  0  890  345198  890  0  143500357  38645  0  0  5028  38645  0  32841  0  32841  354  0  253  36582  36582  38645  19  0  0  38645  2063  0  0  51503  362  2712  4.00559190727  5.33833613663  4.23085986085  100.0  
1441332083  0  921  352618  921  0  150554073  40408  0  0  5028  40408  0  34563  0  34563  354  0  254  38305  38305  40408  19  0  0  40408  2103  0  0  53267  40  1764  3.94803536899  5.20441496733  4.04290437667  100.0  
1441332084  0  921  352618  921  0  150554073  40408  0  0  5028  40408  0  34563  0  34563  354  0  254  38305  38305  40408  19  0  0  40408  2103  0  0  53267  0  0  3.94803536899  5.20441496733  4.04290437667  100.0  
1441332084  0  951  359955  927  0  157677521  41949  0  0  5028  42156  0  36302  0  36302  354  0  253  40047  40047  42156  19  0  0  41949  2109  0  0  55015  6  1748  3.83349995456  4.53407709361  3.87422647042  100.0  
1441332085  0  960  379412  960  0  166343651  44197  0  0  5028  44197  0  38417  0  38417  354  0  253  42162  42162  44197  19  0  0  44197  2242  0  0  64197  133  9182  3.4923750331  4.604384913  3.67809183644  100.0  
1441332085  0  975  386861  975  0  169202659  45346  0  0  5028  45346  0  39115  0  39115  354  0  254  42860  42860  45346  19  0  0  45346  2693  0  0  65346  451  1149  4.12113977902  5.48229171261  3.61819197405  100.0  
1441332086  0  989  393096  989  0  170562531  46332  0  0  5028  46332  0  39447  1  39448  354  0  254  43192  43192  46332  19  0  0  46332  3347  0  0  66332  654  986  5.04583006694  6.77717344384  3.59038034839  100.0  
1441332086  0  1003  403259  965  0  159419559  44419  0  0  5028  47245  0  36728  3379  40036  354  0  253  43781  40471  47245  19  0  0  44419  4922  0  0  68641  1575  2309  7.17064145336  8.88808843063  3.83041987723  100.0  
1441332087  0  1006  409815  1006  0  161448890  47063  0  0  5028  47245  0  37223  2874  40036  354  0  254  43781  40966  47245  19  0  0  47063  7071  0  0  71286  2149  2645  9.91919872065  12.9549752459  3.78305690046  100.0  
1441332087  0  1029  417906  1027  0  158967183  48561  0  0  5028  48585  0  36618  3447  40036  354  0  255  43781  40360  48585  19  0  0  48561  9225  0  0  74133  2154  2847  12.4438509166  16.8880377257  3.8395752921  100.0  
1441332088  0  1029  417906  1027  0  158967183  48561  0  0  5028  48585  0  36618  3447  40036  354  0  255  43781  40360  48585  19  0  0  48561  9225  0  0  74133  0  0  12.4438509166  16.8880377257  3.8395752921  100.0  
1441332088  0  1064  426589  1064  0  162796943  51121  0  0  5028  51121  0  37553  2418  40036  354  0  255  43781  41295  51121  19  0  0  51121  10850  0  0  76693  1625  2560  14.147314618  19.2210637507  3.75263975758  100.0  
1441332089  0  1112  435560  1112  0  167774064  53480  0  0  5028  53480  0  38768  1106  40036  354  0  256  43781  42511  53480  19  0  0  53480  11993  0  0  79052  1143  2359  15.171026666  20.5104712042  3.6473739885  100.0  
1441332089  0  1169  443194  1155  0  178102559  56322  0  0  5028  57049  0  41289  812  42076  354  0  256  45820  45029  57049  19  0  0  56322  12317  0  0  82818  324  3766  14.8723707407  20.0507794468  3.43540814062  100.0  
1441332090  0  1201  449071  1201  0  190541756  59433  0  0  5028  59433  0  44326  0  44326  354  0  257  48065  48065  59433  19  0  0  59433  12392  0  0  85930  75  3112  14.4210403817  19.1274207932  3.21651222628  100.0  
1441332090  0  1211  488984  908  0  140070692  42211  0  0  5028  60074  0  32004  13416  44939  354  0  254  48678  35743  60074  19  0  0  42211  15951  0  0  91856  3559  5926  17.3652238286  15.3230200659  4.32547271057  100.0  
1441332091  0  1211  500652  908  0  139847158  42815  0  0  5028  60074  0  31951  13515  44939  354  0  252  48678  35687  60074  19  0  0  42815  16767  0  0  93775  816  1919  17.8800319915  16.648370898  4.32826362935  100.0  
1441332091  0  1211  500652  908  0  139847158  42815  0  0  5028  60074  0  31951  13515  44939  354  0  252  48678  35687  60074  19  0  0  42815  16767  0  0  93775  0  0  17.8800319915  16.648370898  4.32826362935  100.0  
1441332092  0  1211  510671  950  0  138106358  44957  0  0  5028  60074  0  31526  13945  44939  354  0  253  48678  35262  60074  19  0  0  44957  19334  0  0  96957  2567  3182  19.9407984983  21.5650510488  4.38043060917  100.0  
1441332094  0  1211  518722  982  0  137561590  46758  0  0  5028  60074  0  31393  14086  44939  354  0  253  48678  35129  60074  19  0  0  46758  21780  0  0  99526  2446  2569  21.8837288749  24.8706103768  4.39701511972  100.0  
1441332094  0  1211  549659  1073  0  130887622  53768  0  0  5029  60074  0  29764  15619  44939  354  0  253  48678  33502  60074  20  0  0  53768  30715  0  0  113069  8935  13543  27.164828556  37.6915637554  4.61767703467  100.0  
1441332095  0  1211  556300  1067  0  121704825  53047  0  0  5029  60074  0  27522  17898  44939  354  0  253  48678  31261  60074  20  0  0  53047  32600  0  0  116247  1885  3178  28.043734462  41.0692404849  4.95156251874  100.0  
1441332095  0  1211  563305  1142  0  139190649  57607  0  0  5029  60074  0  31791  13465  44939  354  0  254  48678  35530  60074  20  0  0  57607  32891  0  0  120807  291  4560  27.2260713369  38.3234676341  4.35662245703  100.0  
1441332096  0  1211  566753  1172  0  144343417  59688  0  0  5029  60074  0  33049  12120  44939  354  0  254  48678  36788  60074  20  0  0  59688  33714  0  0  122888  823  2081  27.4347373218  38.3661707546  4.2076436854  100.0  
1441332096  0  1211  580633  1191  0  152861103  61066  0  0  5029  61316  0  35129  9959  44939  354  0  255  48678  38868  61316  20  0  0  61066  36328  0  0  127584  2614  4696  28.4737898169  36.3508335244  3.98372639547  100.0  
1441332097  0  1211  609360  1060  0  109801090  52668  0  0  5029  62656  0  24616  20799  44939  354  0  255  48678  28355  62656  20  0  0  52668  38444  0  0  132871  2116  5287  28.933326309  46.1627553733  5.45968351867  100.0  
1441332097  0  1211  614965  1116  0  123164437  56315  0  0  5029  62656  0  27878  17494  44939  354  0  255  48678  31618  62656  20  0  0  56315  38828  0  0  136518  384  3647  28.4416706954  43.8551007724  4.8977081822  100.0  
1441332098  0  1211  614965  1116  0  123164437  56315  0  0  5029  62656  0  27878  17494  44939  354  0  255  48678  31618  62656  20  0  0  56315  38828  0  0  136518  0  0  28.4416706954  43.8551007724  4.8977081822  100.0  
1441332098  0  1211  622871  1137  0  123500309  57139  0  0  5029  62656  0  27960  17384  44939  354  0  257  48678  31700  62656  20  0  0  57139  39776  0  0  137548  948  1030  28.9179050222  44.5212551847  4.88503903169  100.0  
1441332099  0  1211  636095  1135  0  114722581  56173  0  0  5029  62656  0  25817  19596  44939  354  0  260  48678  29557  62656  20  0  0  56173  40953  0  0  139645  1177  2097  29.3265064986  47.3821942926  5.23922378133  100.0  
1441332099  0  1211  643308  1173  0  118085397  58156  0  0  5029  62656  0  26638  18699  44939  354  0  262  48678  30378  62656  20  0  0  58156  42115  0  0  141628  1162  1983  29.7363515689  47.7646330559  5.09762779988  100.0  
1441332100  0  1229  649831  1229  0  118953749  61231  0  0  5029  62656  0  26850  18390  44939  354  0  263  48678  30590  62656  20  0  0  61231  44978  0  0  144703  2863  3075  31.082976856  50.0416455717  5.06229935615  100.0  
1441332100  0  1237  661792  1214  0  123135765  60300  0  0  5029  62656  0  27871  17369  44939  354  0  262  48678  31611  62656  20  0  0  60300  45138  0  0  146851  160  2148  30.7372779212  47.5771144279  4.89879274002  100.0  
1441332101  0  1237  661792  1214  0  123135765  60300  0  0  5029  62656  0  27871  17369  44939  354  0  262  48678  31611  62656  20  0  0  60300  45138  0  0  146851  0  0  30.7372779212  47.5771144279  4.89879274002  100.0  
1441332101  0  1259  670174  1259  0  139204373  63455  0  0  5029  63455  0  31794  13282  44939  354  0  262  48678  35534  63455  20  0  0  63455  45164  0  0  150800  26  3949  29.949602122  44.001260736  4.35795962472  100.0  
1441332102  0  1304  677767  1304  0  151611157  66509  0  0  5029  66509  0  34823  10102  44939  354  0  261  48678  38563  66509  20  0  0  66509  45189  0  0  155027  25  4227  29.1491159604  42.0183734532  4.01565586974  100.0  
1441332102  0  1329  685881  1225  0  131245537  61628  0  0  5029  67967  0  29850  15149  44939  354  0  260  48678  33591  67967  20  0  0  61628  45280  0  0  156485  91  1458  28.9356807362  45.4939313299  4.61026039225  100.0  
1441332103  0  1329  691867  1223  0  131966433  61979  0  0  5029  67967  0  30026  14973  44939  354  0  259  48678  33767  67967  20  0  0  61979  45455  0  0  156896  175  411  28.9714205588  45.5186434115  4.58623084183  100.0  
1441332103  0  1329  698348  1244  0  133771229  62558  0  0  5029  67967  0  30466  14533  44939  354  0  262  48678  34208  67967  20  0  0  62558  45593  0  0  157475  138  579  28.952532148  45.3179449471  4.52820552187  100.0  
1441332104  0  1329  710828  1127  0  105866148  55917  0  0  5029  67967  0  23655  21598  44939  354  0  260  48678  27394  67967  20  0  0  55917  45826  0  0  162001  233  4526  28.2874797069  51.0095319849  5.6500418374  100.0  
1441332104  0  1329  719280  1159  0  111006628  57639  0  0  5029  67967  0  24910  20343  44939  354  0  263  48678  28649  67967  20  0  0  57639  46293  0  0  163723  467  1722  28.275196521  50.2958066587  5.40253572878  100.0  
1441332105  0  1329  719280  1159  0  111006628  57639  0  0  5029  67967  0  24910  20343  44939  354  0  263  48678  28649  67967  20  0  0  57639  46293  0  0  163723  0  0  28.275196521  50.2958066587  5.40253572878  100.0  
1441332105  0  1329  725917  1200  0  117740452  60394  0  0  5029  67967  0  26554  18699  44939  354  0  264  48678  30293  67967  20  0  0  60394  47404  0  0  166478  1111  2755  28.4746332849  49.8410438123  5.10934031274  100.0  
1441332106  0  1329  732883  1242  0  120849538  62699  0  0  5029  67967  0  27313  17875  44939  354  0  264  48678  31053  67967  20  0  0  62699  48949  0  0  168783  1545  2305  29.0011434801  50.4728943045  4.98733862016  100.0  
1441332106  0  1329  737953  1283  0  122422402  65218  0  0  5029  67967  0  27697  17408  44939  354  0  264  48678  31437  67967  20  0  0  65218  51085  0  0  171303  2136  2520  29.821427529  51.7970498942  4.92641874771  100.0  
1441332107  0  1351  750243  1351  0  130994452  69052  0  0  5030  69052  0  29789  15158  44939  354  0  264  48678  33531  69052  21  0  0  69052  52825  0  0  175137  1740  3834  30.162101669  51.4409430574  4.62238709608  100.0  
1441332107  0  1377  757484  1377  0  133443860  70685  0  0  5030  70685  0  30387  14499  44939  354  0  264  48678  34129  70685  21  0  0  70685  53860  0  0  176770  1035  1633  30.4689709792  51.7167715923  4.54139475867  100.0  
1441332108  0  1387  763690  1387  0  134258700  71494  0  0  5030  71494  0  30585  14273  44939  354  0  264  48678  34328  71494  21  0  0  71494  54471  0  0  177580  611  810  30.6740623944  51.9847819397  4.51525597271  100.0  
1441332109  0  1408  769034  1408  0  134500364  72875  0  0  5030  72875  0  30644  14171  44939  354  0  264  48678  34387  72875  21  0  0  72875  55793  0  0  178961  1322  1381  31.1760662938  52.8137221269  4.507508856  100.0  
1441332109  0  1408  769034  1408  0  134500364  72875  0  0  5030  72875  0  30644  14171  44939  354  0  264  48678  34387  72875  21  0  0  72875  55793  0  0  178961  0  0  31.1760662938  52.8137221269  4.507508856  100.0  
1441332110  0  1435  786046  1433  0  119863149  73681  0  0  5030  73863  0  27070  17789  44939  354  0  264  48678  30813  73863  21  0  0  73681  60298  0  0  185076  4505  6115  32.5801292442  58.180535009  5.02883811596  100.0  
1441332110  0  1443  805725  1423  0  119727759  72457  0  0  5030  74265  0  27037  17839  44939  354  0  264  48678  30779  74265  21  0  0  72457  64932  0  0  189740  4634  4664  34.221566354  57.5210124626  5.03132034144  100.0  
1441332111  0  1452  813397  1451  0  119733560  74591  0  0  5030  74610  0  27052  17780  44939  354  0  265  48678  30776  74610  21  0  0  74591  67069  0  0  191893  2137  2153  34.9512488731  58.7403306029  5.01746109996  100.0  
1441332111  0  1487  819955  1487  0  119789421  76680  0  0  5030  76680  0  27052  17716  44939  354  0  266  48678  30795  76680  21  0  0  76680  69139  0  0  193982  2070  2089  35.6419667804  59.8395931142  5.03177752451  100.0  
1441332112  0  1546  824208  1546  0  119863149  77640  0  0  5030  77640  0  27070  17663  44939  354  0  268  48678  30813  77640  21  0  0  77640  70081  0  0  194942  942  960  35.9496670805  60.3129829985  5.02883811596  100.0  
1441332112  0  1571  832793  1571  0  119865125  79489  0  0  5030  79489  0  27070  17608  44939  354  0  268  48678  30814  79489  21  0  0  79489  71929  0  0  196791  1848  1849  36.5509601557  61.2348878461  5.03035460115  100.0  
1441332113  0  1571  832793  1571  0  119865125  79489  0  0  5030  79489  0  27070  17608  44939  354  0  268  48678  30814  79489  21  0  0  79489  71929  0  0  196791  0  0  36.5509601557  61.2348878461  5.03035460115  100.0  
1441332113  0  1599  841666  1594  0  119963429  79965  0  0  5030  80424  0  27094  17556  44939  354  0  270  48678  30838  80424  21  0  0  79965  73149  0  0  198035  1220  1244  36.9374100538  61.4356280873  5.02643967442  100.0  
1441332114  0  1606  855683  1594  0  121783894  80360  0  0  5030  81087  0  27539  17092  44939  354  0  269  48678  31282  81087  21  0  0  80360  75003  0  0  200334  1854  2299  37.4389769086  61.0726729716  4.95366026439  100.0  
1441332114  0  1624  866789  1608  0  132109910  81414  0  0  5030  82392  0  30060  14498  44939  354  0  270  48678  33803  82392  21  0  0  81414  76061  0  0  203913  1058  3579  37.300711578  58.4801139853  4.58422034703  100.0  
1441332115  0  1629  877774  1594  0  130940661  80542  0  0  5030  82582  0  29775  14773  44939  354  0  269  48678  33518  82582  21  0  0  80542  79128  0  0  208069  3067  4156  38.0296920733  58.3844453825  4.62457540888  100.0  
1441332115  0  1649  894019  1580  0  126568298  80184  0  0  5030  84149  0  28707  15825  44939  354  0  268  48678  32450  84149  21  0  0  80184  83853  0  0  213030  4725  4961  39.3620616815  59.5305796668  4.77515137471  100.0  
1441332116  0  1649  917464  1543  0  127549143  77793  0  0  5030  84149  0  28947  15623  44939  354  0  269  48678  32689  84149  21  0  0  77793  90020  0  0  219437  6167  6407  41.0231638238  57.9795097245  4.73881889861  100.0  
1441332116  0  1649  917464  1543  0  127549143  77793  0  0  5030  84149  0  28947  15623  44939  354  0  269  48678  32689  84149  21  0  0  77793  90020  0  0  219437  0  0  41.0231638238  57.9795097245  4.73881889861  100.0  
1441332117  0  1649  926108  1582  0  127917783  80819  0  0  5030  84149  0  29037  15533  44939  354  0  269  48678  32779  84149  21  0  0  80819  92956  0  0  222463  2936  3026  41.7849260326  59.4414679716  4.72580771154  100.0  
1441332117  0  1649  936345  1550  0  109722947  78733  0  0  5030  84149  0  24596  20015  44939  354  0  267  48678  28336  84149  21  0  0  78733  96164  0  0  225740  3208  3277  42.5994506955  64.0100085098  5.46361922141  100.0  
1441332118  0  1649  945973  1602  0  110918633  82540  0  0  5030  84149  0  24887  19725  44939  354  0  267  48678  28628  84149  21  0  0  82540  100447  0  0  230315  4283  4575  43.6128780149  65.3162103223  5.40818644416  100.0  
1441332118  0  1673  955273  1673  0  110918633  87632  0  0  5030  87632  0  24887  19593  44939  354  0  267  48678  28628  87632  21  0  0  87632  105539  0  0  235407  5092  5092  44.8325665762  67.3315683768  5.40818644416  100.0  
1441332119  0  1695  964732  1695  0  108243945  89525  0  0  5030  89525  0  24234  20197  44939  354  0  267  48678  27975  89525  21  0  0  89525  108219  0  0  238093  2680  2686  45.4524072526  68.7517453225  5.53442579172  100.0  
1441332119  0  1710  972611  1677  0  109677545  88682  0  0  5030  90286  0  24584  19873  44939  354  0  266  48678  28325  90286  21  0  0  88682  109638  0  0  239862  1419  1769  45.70878255  68.0600347308  5.46603924178  100.0  
1441332120  0  1710  972611  1677  0  109677545  88682  0  0  5030  90286  0  24584  19873  44939  354  0  266  48678  28325  90286  21  0  0  88682  109638  0  0  239862  0  0  45.70878255  68.0600347308  5.46603924178  100.0  
1441332120  0  1710  983983  1632  0  111055206  86493  0  0  5030  90286  0  24921  19514  44939  354  0  263  48678  28662  90286  21  0  0  86493  114000  0  0  245010  4362  5148  46.5287131138  66.8620582012  5.40406321142  100.0  
1441332121  0  1710  995372  1645  0  103438655  87317  0  0  5030  90286  0  23062  21415  44939  354  0  263  48678  26803  90286  21  0  0  87317  118986  0  0  250216  4986  5206  47.5533139368  69.3038010926  5.78077871559  100.0  
1441332121  0  1710  1008994  1439  0  101083245  76101  0  0  5030  90286  0  22490  22041  44939  354  0  258  48678  26226  90286  21  0  0  76101  119893  0  0  251123  907  907  47.7427396137  65.5379035755  5.9005314904  100.0  
1441332122  0  1710  1010565  1389  0  101083245  72913  0  0  5030  90286  0  22490  22129  44939  354  0  257  48678  26226  90286  21  0  0  72913  120033  0  0  251263  140  140  47.7718565806  64.0311055642  5.9005314904  100.0  
1441332122  0  1710  1025390  1400  0  101361773  73267  0  0  5030  90286  0  22558  22093  44939  354  0  259  48678  26294  90286  21  0  0  73267  122888  0  0  254186  2855  2923  48.3456996058  64.1120832025  5.88527188207  100.0  
1441332123  0  1710  1030446  1443  0  105118473  75520  0  0  5030  90286  0  23475  21176  44939  354  0  260  48678  27212  90286  21  0  0  75520  124223  0  0  256439  1335  2253  48.4415397034  63.9671610169  5.68980708046  100.0  
1441332123  0  1710  1030446  1443  0  105118473  75520  0  0  5030  90286  0  23475  21176  44939  354  0  260  48678  27212  90286  21  0  0  75520  124223  0  0  256439  0  0  48.4415397034  63.9671610169  5.68980708046  100.0  
1441332124  0  1710  1054588  1438  0  103316604  73858  0  0  5030  90286  0  23035  21689  44939  354  0  260  48678  26772  90286  21  0  0  73858  130969  0  0  263885  6746  7446  49.6310893003  63.7520647729  5.78298119887  100.0  
1441332124  0  1710  1065687  1446  0  96360633  73873  0  0  5030  90286  0  21337  23446  44939  354  0  260  48678  25073  90286  21  0  0  73873  133163  0  0  266426  2194  2541  49.9812330628  66.0593180188  6.17179768669  100.0  
1441332125  0  1710  1072522  1483  0  96360633  76472  0  0  5030  90286  0  21337  23446  44939  354  0  260  48678  25073  90286  21  0  0  76472  135762  0  0  269025  2599  2599  50.4644549763  67.2128360707  6.17179768669  100.0  
1441332125  0  1710  1080394  1541  0  104944988  80351  0  0  5030  90286  0  23430  21301  44939  354  0  263  48678  27172  90286  21  0  0  80351  137542  0  0  272904  1780  3879  50.3994078504  66.1833704621  5.70684910593  100.0  
1441332126  0  1710  1097538  1542  0  106960220  80752  0  0  5030  90286  0  23922  20788  44939  354  0  264  48678  27664  90286  21  0  0  80752  142059  0  0  277913  4517  5009  51.1163565576  65.7420249653  5.60535366925  100.0  
1441332126  0  1710  1097538  1542  0  106960220  80752  0  0  5030  90286  0  23922  20788  44939  354  0  264  48678  27664  90286  21  0  0  80752  142059  0  0  277913  0  0  51.1163565576  65.7420249653  5.60535366925  100.0  
1441332127  0  1710  1109176  1548  0  98165621  81287  0  0  5030  90286  0  21775  22887  44939  354  0  265  48678  25516  90286  21  0  0  81287  144992  0  0  281294  2933  3381  51.5446472374  68.6099868368  6.0737730661  100.0  
1441332127  0  1710  1125766  1425  0  91963503  74099  0  0  5030  90286  0  20262  24453  44939  354  0  262  48678  24002  90286  21  0  0  74099  149416  0  0  287714  4424  6420  51.9321270428  67.6081998408  6.4576822781  100.0  
1441332128  0  1710  1137732  1447  0  92098671  75927  0  0  5030  90286  0  20295  24435  44939  354  0  264  48678  24035  90286  21  0  0  75927  154027  0  0  292358  4611  4644  52.6843801093  68.3445941496  6.44881589511  100.0  
1441332128  0  1710  1149443  1440  0  99880360  75776  0  0  5030  90286  0  22194  22553  44939  354  0  264  48678  25936  90286  21  0  0  75776  154311  0  0  294603  284  2245  52.3793036731  65.7728040541  5.98066966523  100.0  
1441332129  0  1710  1155871  1443  0  99880360  75986  0  0  5030  90286  0  22194  22553  44939  354  0  264  48678  25936  90286  21  0  0  75986  154521  0  0  294813  210  210  52.4132246543  65.8673966257  5.98066966523  100.0  
1441332129  0  1710  1162178  1447  0  99880360  76084  0  0  5030  90286  0  22194  22553  44939  354  0  265  48678  25936  90286  21  0  0  76084  154619  0  0  294911  98  98  52.4290379131  65.9113611272  5.98066966523  100.0  
1441332130  0  1710  1182605  1463  0  77284921  75703  0  0  5030  90286  0  16676  28266  44939  354  0  267  48678  20420  90286  21  0  0  75703  159765  0  0  300365  5146  5454  53.1902851531  73.0261680515  7.59848718895  100.0  
1441332131  0  1710  1182605  1463  0  77284921  75703  0  0  5030  90286  0  16676  28266  44939  354  0  267  48678  20420  90286  21  0  0  75703  159765  0  0  300365  0  0  53.1902851531  73.0261680515  7.59848718895  100.0  
1441332131  0  1710  1193302  1509  0  82720800  78543  0  0  5030  90286  0  18003  26886  44939  354  0  267  48678  21748  90286  21  0  0  78543  161277  0  0  303205  1512  2840  53.1907455352  72.3107087837  7.13855153347  100.0  
1441332132  0  1710  1200396  1466  0  99245405  76609  0  0  5030  90286  0  22036  22748  44939  354  0  266  48678  25784  90286  21  0  0  76609  161912  0  0  307876  635  4671  52.5900037678  66.3433800206  6.0276326207  100.0  
1441332132  0  1710  1205657  1493  0  100498781  78430  0  0  5031  90286  0  22342  22442  44939  354  0  266  48678  26090  90286  22  0  0  78430  163427  0  0  309697  1515  1821  52.7699654824  66.7346678567  5.95693673791  100.0  
1441332133  0  1710  1215749  1509  0  96607581  79328  0  0  5031  90286  0  21392  23402  44939  354  0  266  48678  25140  90286  22  0  0  79328  165275  0  0  311634  1848  1937  53.0349705103  68.3087938685  6.18203975705  100.0  
1441332133  0  1710  1227889  1563  0  88291126  82603  0  0  5031  90286  0  19362  25372  44939  354  0  267  48678  23109  90286  22  0  0  82603  170582  0  0  317031  5307  5397  53.8060946721  72.0240184981  6.72270248131  100.0  
1441332134  0  1710  1246390  1522  0  86177103  80435  0  0  5031  90286  0  18846  25886  44939  354  0  266  48678  22592  90286  22  0  0  80435  173795  0  0  320270  3213  3239  54.2651512786  71.9127245602  6.87264612646  100.0  
1441332134  0  1710  1246390  1522  0  86177103  80435  0  0  5031  90286  0  18846  25886  44939  354  0  266  48678  22592  90286  22  0  0  80435  173795  0  0  320270  0  0  54.2651512786  71.9127245602  6.87264612646  100.0  
1441332135  0  1710  1273467  1487  0  109450575  78351  0  0  5031  90286  0  24528  20139  44939  354  0  266  48678  28274  90286  22  0  0  78351  177292  0  0  329450  3497  9180  53.8145393838  63.9136705339  5.49150531545  100.0  
1441332135  0  1710  1285416  1509  0  108547502  78256  0  0  5031  90286  0  24308  20359  44939  354  0  267  48678  28053  90286  22  0  0  78256  179214  0  0  331403  1922  1953  54.0773620034  64.1522694745  5.53290207654  100.0  
1441332136  0  1710  1291361  1531  0  108547502  79317  0  0  5031  90286  0  24308  20359  44939  354  0  268  48678  28053  90286  22  0  0  79317  180275  0  0  332464  1061  1061  54.2239159729  64.6317939408  5.53290207654  100.0  
1441332136  0  1710  1301722  1485  0  111412289  76737  0  0  5031  90286  0  25007  19723  44939  354  0  265  48678  28753  90286  22  0  0  76737  180764  0  0  333910  489  1446  54.1355455063  62.5304611856  5.40025086377  100.0  
1441332137  0  1710  1316231  1477  0  117113921  76042  0  0  5031  90286  0  26399  18334  44939  354  0  265  48678  30145  90286  22  0  0  76042  182585  0  0  337190  1821  3280  54.148996115  60.3574340496  5.15088449447  100.0  
1441332137  0  1710  1341685  1517  0  99399834  76553  0  0  5031  90286  0  22075  22729  44939  354  0  265  48678  25821  90286  22  0  0  76553  190442  0  0  346553  7857  9363  54.95321062  66.2704270244  6.01627513398  100.0  
1441332138  0  1710  1341685  1517  0  99399834  76553  0  0  5031  90286  0  22075  22729  44939  354  0  265  48678  25821  90286  22  0  0  76553  190442  0  0  346553  0  0  54.95321062  66.2704270244  6.01627513398  100.0  
1441332138  0  1710  1366069  1546  0  100181928  79022  0  0  5031  90286  0  22265  22517  44939  354  0  265  48678  26012  90286  22  0  0  79022  201169  0  0  357471  10727  10918  56.2756139659  67.0825845967  5.97232617398  100.0  
1441332139  0  1710  1375749  1577  0  96454061  81810  0  0  5031  90286  0  21354  23335  44939  354  0  265  48678  25102  90286  22  0  0  81810  204871  0  0  361207  3702  3736  56.7184467632  69.3167094487  6.18932859402  100.0  
1441332139  0  1710  1383276  1606  0  96605613  83684  0  0  5031  90286  0  21391  23265  44939  354  0  266  48678  25139  90286  22  0  0  83684  206709  0  0  363082  1838  1875  56.9317674795  69.9596099613  6.18021903684  100.0  
1441332140  0  1710  1400431  1625  0  97538051  84844  0  0  5031  90286  0  21619  22972  44939  354  0  267  48678  25366  90286  22  0  0  84844  213721  0  0  370386  7012  7304  57.7022349657  70.1027768611  6.12236563738  100.0  
1441332140  0  1710  1412103  1658  0  109367299  87918  0  0  5031  90286  0  24507  19968  44939  354  0  267  48678  28254  90286  22  0  0  87918  216467  0  0  376020  2746  5634  57.5679485134  67.8632361974  5.49656426551  100.0  
1441332141  0  1710  1430632  1687  0  111025197  89502  0  0  5031  90286  0  24927  19456  44939  354  0  268  48678  28652  90286  22  0  0  89502  220472  0  0  382774  4005  6754  57.5984784755  67.9873075462  5.39661808485  100.0  
1441332141  0  1710  1430632  1687  0  111025197  89502  0  0  5031  90286  0  24927  19456  44939  354  0  268  48678  28652  90286  22  0  0  89502  220472  0  0  382774  0  0  57.5984784755  67.9873075462  5.39661808485  100.0  
1441332142  0  1735  1436665  1735  0  111053869  93100  0  0  5031  93100  0  24934  19392  44939  354  0  268  48678  28659  93100  22  0  0  93100  224063  0  0  386372  3591  3598  57.9915211247  69.2169709989  5.39529995349  100.0  
1441332142  0  1748  1439375  1748  0  111053869  94135  0  0  5031  94135  0  24934  19361  44939  354  0  268  48678  28659  94135  22  0  0  94135  225098  0  0  387407  1035  1035  58.1037513519  69.5554257184  5.39529995349  100.0  
1441332143  0  1761  1457024  1581  0  110532627  83150  0  0  5031  94935  0  24806  19597  44939  354  0  266  48678  28532  94935  22  0  0  83150  229219  0  0  391658  4121  4251  58.5252950278  65.6861094408  5.4202136595  100.0  
1441332143  0  1761  1475684  1558  0  91593391  80829  0  0  5031  94935  0  20182  24378  44939  354  0  267  48678  23909  94935  22  0  0  80829  231526  0  0  395166  2307  3508  58.5895547694  70.4202699526  6.47175655774  100.0  
1441332144  0  1761  1482335  1591  0  91746019  82915  0  0  5031  94935  0  20219  24341  44939  354  0  267  48678  23947  94935  22  0  0  82915  233574  0  0  397252  2048  2086  58.7974384018  71.1186154496  6.46456583321  100.0  
1441332144  0  1761  1489299  1649  0  91836131  86117  0  0  5031  94935  0  20241  24319  44939  354  0  267  48678  23969  94935  22  0  0  86117  236754  0  0  400454  3180  3202  59.1213972142  72.1669356805  6.45863231707  100.0  
1441332145  0  1761  1496141  1705  0  91836131  89780  0  0  5031  94935  0  20241  24274  44939  354  0  269  48678  23969  94935  22  0  0  89780  240421  0  0  404121  3667  3667  59.4923302674  73.3025172644  6.45863231707  100.0  
1441332145  0  1761  1496141  1705  0  91836131  89780  0  0  5031  94935  0  20241  24274  44939  354  0  269  48678  23969  94935  22  0  0  89780  240421  0  0  404121  0  0  59.4923302674  73.3025172644  6.45863231707  100.0  
1441332146  0  1761  1507534  1743  0  85645070  92109  0  0  5031  94935  0  18722  25746  44939  354  0  270  48678  22460  94935  22  0  0  92109  244522  0  0  408494  4101  4373  59.8593859396  75.6158464428  6.90364684787  100.0  
1441332146  0  1796  1515146  1796  0  93947662  95474  0  0  5031  95474  0  20749  23579  44939  354  0  270  48678  24487  95474  22  0  0  95474  245860  0  0  411859  1338  3365  59.695186945  74.352179651  6.33217250799  100.0  
1441332147  0  1797  1533372  1786  0  86343797  94857  0  0  5031  95691  0  18892  25429  44939  354  0  271  48678  22631  95691  22  0  0  94857  250877  0  0  417141  5017  5282  60.1420143309  76.1419821415  6.85330491603  100.0  
1441332147  0  1820  1540113  1820  0  86343797  96585  0  0  5031  96585  0  18892  25429  44939  354  0  271  48678  22631  96585  22  0  0  96585  253437  0  0  419701  2560  2560  60.3851313197  76.568825387  6.85330491603  100.0  
1441332148  0  1850  1550597  1850  0  93818775  98990  0  0  5031  98990  0  20717  23506  44939  354  0  270  48678  24455  98990  22  0  0  98990  255235  0  0  423387  1798  3686  60.2840899697  75.2954843924  6.33827697716  100.0  
1441332148  0  1877  1560851  1857  0  106319606  99648  0  0  5031  100527  0  23770  20351  44939  354  0  270  48678  27506  100527  22  0  0  99648  256045  0  0  427867  810  4480  59.8421939528  72.3968368658  5.63173468118  100.0  
1441332149  0  1877  1560851  1857  0  106319606  99648  0  0  5031  100527  0  23770  20351  44939  354  0  270  48678  27506  100527  22  0  0  99648  256045  0  0  427867  0  0  59.8421939528  72.3968368658  5.63173468118  100.0  
1441332149  0  1877  1581290  1571  0  105279222  83142  0  0  5031  100527  0  23516  20664  44939  354  0  263  48678  27252  100527  22  0  0  83142  257303  0  0  429130  1258  1263  59.9592198168  67.2223424984  5.684224796  100.0  
1441332150  0  1877  1584942  1555  0  105279222  82358  0  0  5031  100527  0  23516  20668  44939  354  0  262  48678  27252  100527  22  0  0  82358  257687  0  0  429514  384  384  59.9950176246  66.9103183662  5.684224796  100.0  
1441332150  0  1877  1610543  1542  0  89373459  76516  0  0  5031  100527  0  19626  24771  44939  354  0  265  48678  23372  100527  22  0  0  76516  259708  0  0  433480  2021  3966  59.9123373627  69.4547545611  6.64174166237  100.0  
1441332151  0  1877  1637789  1517  0  91470944  75561  0  0  5031  100527  0  20138  24361  44939  354  0  265  48678  23884  100527  22  0  0  75561  266944  0  0  443010  7236  9530  60.2568790772  68.3911012295  6.49902261975  100.0  
1441332151  0  1877  1647134  1564  0  93902975  79410  0  0  5032  100527  0  20729  23770  44939  354  0  265  48678  24478  100527  23  0  0  79410  270199  0  0  446860  3255  3850  60.4661415208  69.1751668556  6.34230326882  100.0  
1441332152  0  1877  1656385  1625  0  94873727  84740  0  0  5032  100527  0  20966  23533  44939  354  0  266  48678  24715  100527  23  0  0  84740  275292  0  0  452190  5093  5330  60.8797187023  70.8343167335  6.28148490447  100.0  
1441332153  0  1877  1656385  1625  0  94873727  84740  0  0  5032  100527  0  20966  23533  44939  354  0  266  48678  24715  100527  23  0  0  84740  275292  0  0  452190  0  0  60.8797187023  70.8343167335  6.28148490447  100.0  
1441332153  0  1877  1673133  1577  0  91631560  81685  0  0  5032  100527  0  20175  24336  44939  354  0  266  48678  23921  100527  23  0  0  81685  275850  0  0  453701  558  1511  60.7999541548  70.7155536512  6.47971937576  100.0  
1441332154  0  1877  1687781  1509  0  86772469  79122  0  0  5032  100527  0  18991  25692  44939  354  0  264  48678  22734  100527  23  0  0  79122  278576  0  0  461055  2726  7354  60.4214247758  71.2671570486  6.81496958541  100.0  
1441332154  0  1877  1696746  1546  0  86772469  81911  0  0  5032  100527  0  18991  25712  44939  354  0  266  48678  22734  100527  23  0  0  81911  282390  0  0  464869  3814  3814  60.7461456884  72.2454859543  6.81496958541  100.0  
1441332155  0  1877  1707002  1556  0  85953269  83209  0  0  5032  100527  0  18791  25935  44939  354  0  266  48678  22534  100527  23  0  0  83209  286502  0  0  468987  4112  4118  61.0895397953  72.9187948419  6.87545569161  100.0  
1441332155  0  1877  1713008  1579  0  91523829  84612  0  0  5032  100527  0  20151  24511  44939  354  0  267  48678  23894  100527  23  0  0  84612  286545  0  0  470390  43  1403  60.9164735645  71.7605067839  6.48411812818  100.0  
1441332156  0  1877  1719089  1593  0  92962488  85366  0  0  5032  100527  0  20502  24130  44939  354  0  268  48678  24246  100527  23  0  0  85366  286947  0  0  471144  402  754  60.9043095105  71.597591547  6.39313733451  100.0  
1441332156  0  1877  1719089  1593  0  92962488  85366  0  0  5032  100527  0  20502  24130  44939  354  0  268  48678  24246  100527  23  0  0  85366  286947  0  0  471144  0  0  60.9043095105  71.597591547  6.39313733451  100.0  
1441332157  0  1877  1740779  1460  0  93060792  76322  0  0  5032  100527  0  20526  24163  44939  354  0  269  48678  24270  100527  23  0  0  76322  287236  0  0  471575  289  431  60.9099294916  68.2005188543  6.38681531984  100.0  
1441332157  0  1877  1747534  1423  0  80420420  73886  0  0  5032  100527  0  17440  27284  44939  354  0  268  48678  21183  100527  23  0  0  73886  288003  0  0  473252  767  1677  60.8561611995  71.3301572693  7.31297926846  100.0  
1441332158  0  1877  1750720  1436  0  83027707  74883  0  0  5032  100527  0  18076  26648  44939  354  0  268  48678  21822  100527  23  0  0  74883  288361  0  0  474249  358  997  60.8037128175  70.8585393213  7.11008945423  100.0  
1441332158  0  1877  1759190  1438  0  74990087  74973  0  0  5032  100527  0  16114  28690  44939  354  0  268  48678  19859  100527  23  0  0  74973  290948  0  0  476887  2587  2638  61.0098409057  73.5117975805  7.80942288643  100.0  
1441332159  0  1877  1772702  1511  0  72514420  78841  0  0  5032  100527  0  15510  29296  44939  354  0  269  48678  19254  100527  23  0  0  78841  295421  0  0  481795  4473  4908  61.316742598  75.5786963636  8.0517512189  100.0  
1441332160  0  1877  1787061  1516  0  72514420  79231  0  0  5032  100527  0  15510  29300  44939  354  0  269  48678  19254  100527  23  0  0  79231  298499  0  0  484873  3078  3078  61.5623060059  75.6989057313  8.0517512189  100.0  
1441332161  0  1877  1819823  1409  0  70215353  71622  0  0  5032  100527  0  14949  29887  44939  354  0  266  48678  18692  100527  23  0  0  71622  309054  0  0  495630  10555  10757  62.3557896011  73.901873726  8.29006973028  100.0  
1441332161  0  1877  1837583  1337  0  60270573  68140  0  0  5032  100527  0  12522  32421  44939  354  0  262  48678  16264  100527  23  0  0  68140  312409  0  0  498998  3355  3368  62.607264959  76.131493983  9.52720510743  100.0  
1441332162  0  1877  1845285  1381  0  60613125  71084  0  0  5032  100527  0  12604  32339  44939  354  0  262  48678  16348  100527  23  0  0  71084  315270  0  0  501943  2861  2945  62.8099206484  77.001856958  9.48051002751  100.0  
1441332162  0  1877  1854346  1391  0  63617176  71913  0  0  5032  100527  0  13337  31606  44939  354  0  261  48678  17082  100527  23  0  0  71913  316645  0  0  504308  1375  2365  62.7880184332  76.2462976096  9.07658875205  100.0  
1441332163  0  1877  1858792  1383  0  63932568  71287  0  0  5032  100527  0  13414  31531  44939  354  0  261  48678  17159  100527  23  0  0  71287  318052  0  0  505792  1407  1484  62.8819751993  75.9296926508  9.03585809561  100.0  
1441332163  0  1877  1871395  1376  0  64141464  70643  0  0  5032  100527  0  13465  31485  44939  354  0  261  48678  17210  100527  23  0  0  70643  322509  0  0  510300  4457  4508  63.1998824221  75.638067466  9.00908129358  100.0  
1441332164  0  1877  1879096  1446  0  67213951  75772  0  0  5032  100527  0  14215  30735  44939  354  0  262  48678  17961  100527  23  0  0  75772  326887  0  0  515429  4378  5129  63.4203740961  76.2959932429  8.63729187763  100.0  
1441332164  0  1877  1879096  1446  0  67213951  75772  0  0  5032  100527  0  14215  30735  44939  354  0  262  48678  17961  100527  23  0  0  75772  326887  0  0  515429  0  0  63.4203740961  76.2959932429  8.63729187763  100.0  
1441332165  0  1877  1887091  1498  0  67264082  79226  0  0  5032  100527  0  14227  30711  44939  354  0  262  48678  17974  100527  23  0  0  79226  330328  0  0  518883  3441  3454  63.6613648934  77.313003307  8.63527862729  100.0  
1441332165  0  1877  1893137  1523  0  67346002  80855  0  0  5032  100527  0  14247  30642  44939  354  0  263  48678  17994  100527  23  0  0  80855  331937  0  0  520512  1609  1629  63.7712483094  77.7453466081  8.62568067394  100.0  
1441332166  0  1877  1913988  1554  0  77106977  81839  0  0  5032  100527  0  16629  28175  44939  354  0  264  48678  20378  100527  23  0  0  81839  337705  0  0  528664  5768  8152  63.878947687  75.0998912499  7.62123095181  100.0  
1441332166  0  1877  1928303  1564  0  73243781  82233  0  0  5032  100527  0  15686  29090  44939  354  0  263  48678  19434  100527  23  0  0  82233  342120  0  0  533079  4415  4415  64.1781049338  76.3671518733  7.98712323401  100.0  
1441332167  0  1877  1936153  1580  0  73475198  83217  0  0  5032  100527  0  15743  29032  44939  354  0  263  48678  19489  100527  23  0  0  83217  344069  0  0  535086  1949  2007  64.3016262806  76.5805063869  7.95689485495  100.0  
1441332167  0  1877  1936153  1580  0  73475198  83217  0  0  5032  100527  0  15743  29032  44939  354  0  263  48678  19489  100527  23  0  0  83217  344069  0  0  535086  0  0  64.3016262806  76.5805063869  7.95689485495  100.0  
1441332168  0  1877  1949736  1584  0  73490211  83371  0  0  5032  100527  0  15746  29029  44939  354  0  264  48678  19493  100527  23  0  0  83371  348060  0  0  539081  3991  3995  64.565436363  76.6189682264  7.95697919806  100.0  
1441332169  0  1877  1968273  1556  0  65039956  81040  0  0  5032  100527  0  13684  31081  44939  354  0  266  48678  17429  100527  23  0  0  81040  351637  0  0  542673  3577  3592  64.7972167401  78.4933366239  8.89382346771  100.0  
1441332169  0  1877  1974280  1588  0  65318484  82531  0  0  5032  100527  0  13752  31013  44939  354  0  267  48678  17497  100527  23  0  0  82531  353060  0  0  544164  1423  1491  64.881175528  78.799481407  8.85925868542  100.0  
1441332170  0  1877  1984011  1482  0  65329567  75590  0  0  5032  100527  0  13754  31038  44939  354  0  266  48678  17500  100527  23  0  0  75590  354115  0  0  545223  1055  1059  64.948654037  76.8487895224  8.85942103795  100.0  
1441332170  0  1877  1996206  1503  0  65332586  77396  0  0  5032  100527  0  13754  31038  44939  354  0  265  48678  17502  100527  23  0  0  77396  357455  0  0  548565  3340  3342  65.1618313235  77.3864282392  8.86562462058  100.0  
1441332171  0  1877  2005014  1587  0  65276725  82432  0  0  5032  100527  0  13754  31038  44939  354  0  266  48678  17483  100527  23  0  0  82432  362510  0  0  553620  5055  5055  65.4799320834  78.7910034938  8.84458937566  100.0  
1441332171  0  1877  2005014  1587  0  65276725  82432  0  0  5032  100527  0  13754  31038  44939  354  0  266  48678  17483  100527  23  0  0  82432  362510  0  0  553620  0  0  65.4799320834  78.7910034938  8.84458937566  100.0  
1441332172  0  1877  2012933  1482  0  64325773  75720  0  0  5032  100527  0  13521  31285  44939  354  0  265  48678  17251  100527  23  0  0  75720  364859  0  0  555973  2349  2353  65.6253091427  77.2173798204  8.96449815183  100.0  
1441332172  0  1877  2020657  1513  0  68054877  77751  0  0  5032  100527  0  14431  30375  44939  354  0  265  48678  18163  100527  23  0  0  77751  365978  0  0  558004  1119  2031  65.5869850395  76.639528752  8.5230402187  100.0  
1441332173  0  1877  2028349  1563  0  68054390  81066  0  0  5032  100527  0  14431  30375  44939  354  0  266  48678  18162  100527  23  0  0  81066  369294  0  0  561320  3316  3316  65.7902800542  77.5960328621  8.51865814011  100.0  
1441332173  0  1877  2033465  1577  0  68274253  82035  0  0  5032  100527  0  14484  30322  44939  354  0  266  48678  18217  100527  23  0  0  82035  370208  0  0  562289  914  969  65.8394526658  77.7936246724  8.50019872192  100.0  
1441332174  0  1877  2041374  1601  0  68274253  83829  0  0  5032  100527  0  14484  30318  44939  354  0  265  48678  18217  100527  23  0  0  83829  372705  0  0  564786  2497  2497  65.9904813505  78.2688568395  8.50019872192  100.0  
1441332174  0  1877  2049683  1679  0  76462361  89394  0  0  5032  100527  0  16481  28115  44939  354  0  266  48678  20218  100527  23  0  0  89394  376269  0  0  570351  3564  5565  65.9714807198  77.3832695707  7.66856957406  100.0  
1441332175  0  1877  2063953  1656  0  75800929  88199  0  0  5032  100527  0  16319  28272  44939  354  0  266  48678  20057  100527  23  0  0  88199  380356  0  0  574534  4087  4183  66.2025223921  77.259379358  7.73253137737  100.0  
1441332175  0  1877  2063953  1656  0  75800929  88199  0  0  5032  100527  0  16319  28272  44939  354  0  266  48678  20057  100527  23  0  0  88199  380356  0  0  574534  0  0  66.2025223921  77.259379358  7.73253137737  100.0  
1441332176  0  1877  2080203  1518  0  76501140  79844  0  0  5033  100527  0  16490  28140  44939  354  0  265  48678  20227  100527  24  0  0  79844  384898  0  0  579251  4542  4717  66.4475331074  74.6668503582  7.66284603346  100.0  
1441332176  0  1877  2092201  1508  0  68018592  79907  0  0  5033  100527  0  14413  30330  44939  354  0  263  48678  18158  100527  24  0  0  79907  388058  0  0  582421  3160  3170  66.6284354445  77.276083447  8.54663750138  100.0  
1441332177  0  1877  2100181  1508  0  68474453  79875  0  0  5033  100527  0  14525  30218  44939  354  0  263  48678  18269  100527  24  0  0  79875  389254  0  0  583733  1196  1312  66.6835693716  77.1280125196  8.49309895477  100.0  
1441332177  0  1877  2106410  1504  0  68474453  79346  0  0  5033  100527  0  14525  30219  44939  354  0  264  48678  18269  100527  24  0  0  79346  391037  0  0  585516  1783  1783  66.7850238081  76.9755249162  8.49309895477  100.0  
1441332178  0  1877  2113427  1487  0  68471323  78267  0  0  5033  100527  0  14525  30229  44939  354  0  264  48678  18268  100527  24  0  0  78267  393286  0  0  587765  2249  2249  66.9121162369  76.6593839038  8.49227287171  100.0  
1441332178  0  1877  2113427  1487  0  68471323  78267  0  0  5033  100527  0  14525  30229  44939  354  0  264  48678  18268  100527  24  0  0  78267  393286  0  0  587765  0  0  66.9121162369  76.6593839038  8.49227287171  100.0  
1441332179  0  1877  2129648  1450  0  68459683  75521  0  0  5033  100527  0  14522  30271  44939  354  0  264  48678  18264  100527  24  0  0  75521  395920  0  0  590400  2634  2635  67.0596205962  75.8159981992  8.4877913112  100.0  
1441332179  0  1877  2139404  1514  0  69132503  79310  0  0  5033  100527  0  14686  30107  44939  354  0  268  48678  18429  100527  24  0  0  79310  399544  0  0  594189  3624  3789  67.2419045119  76.7633337536  8.41579852279  100.0  
1441332180  0  1877  2147180  1450  0  69132503  75646  0  0  5033  100527  0  14686  30132  44939  354  0  267  48678  18429  100527  24  0  0  75646  402283  0  0  596928  2739  2739  67.3922148065  75.6378394099  8.41579852279  100.0  
1441332180  0  1877  2155296  1514  0  69147566  80219  0  0  5033  100527  0  14689  30129  44939  354  0  267  48678  18434  100527  24  0  0  80219  406851  0  0  601501  4568  4573  67.6392890452  77.0204066368  8.42069013525  100.0  
1441332181  0  1877  2162038  1526  0  69147566  80867  0  0  5033  100527  0  14689  30129  44939  354  0  267  48678  18434  100527  24  0  0  80867  407499  0  0  602149  648  648  67.6741138821  77.2045457356  8.42069013525  100.0  
1441332181  0  1877  2167346  1536  0  66555348  81680  0  0  5033  100527  0  14053  30765  44939  354  0  266  48678  17801  100527  24  0  0  81680  408946  0  0  604008  1447  1859  67.7053946305  78.2064152791  8.71937386769  100.0  
1441332182  0  1877  2167346  1536  0  66555348  81680  0  0  5033  100527  0  14053  30765  44939  354  0  266  48678  17801  100527  24  0  0  81680  408946  0  0  604008  0  0  67.7053946305  78.2064152791  8.71937386769  100.0  
1441332182  0  1877  2186598  1406  0  68139809  73189  0  0  5033  100527  0  14437  30371  44939  354  0  265  48678  18186  100527  24  0  0  73189  411802  0  0  608498  2856  4490  67.6751608058  75.1520037164  8.52471375431  100.0  
1441332183  0  1877  2209156  1398  0  67104760  72631  0  0  5033  100527  0  14186  30637  44939  354  0  265  48678  17932  100527  24  0  0  72631  418924  0  0  615620  7122  7122  68.0491212111  75.3108176949  8.63819960476  100.0  
1441332183  0  1877  2217354  1394  0  67498131  72009  0  0  5033  100527  0  14282  30563  44939  354  0  264  48678  18028  100527  24  0  0  72009  420773  0  0  617568  1849  1948  68.1338735168  74.964240581  8.59199085494  100.0  
1441332184  0  1877  2225963  1346  0  66639893  69262  0  0  5033  100527  0  14074  30805  44939  354  0  262  48678  17818  100527  24  0  0  69262  422198  0  0  618994  1425  1426  68.2071231708  74.2744939505  8.69062113058  100.0  
1441332184  0  1877  2238576  1262  0  65595413  64787  0  0  5033  100527  0  13819  31069  44939  354  0  260  48678  17563  100527  24  0  0  64787  424172  0  0  620969  1974  1975  68.3080797914  72.8911664377  8.81680164577  100.0  
1441332185  0  1877  2247310  1228  0  65595413  62704  0  0  5033  100527  0  13819  31073  44939  354  0  259  48678  17563  100527  24  0  0  62704  424649  0  0  621446  477  477  68.33240539  71.9906226078  8.81680164577  100.0  
1441332185  0  1877  2247310  1228  0  65595413  62704  0  0  5033  100527  0  13819  31073  44939  354  0  259  48678  17563  100527  24  0  0  62704  424649  0  0  621446  0  0  68.33240539  71.9906226078  8.81680164577  100.0  
1441332186  0  1877  2255052  1246  0  65700272  63549  0  0  5033  100527  0  13844  31048  44939  354  0  262  48678  17590  100527  24  0  0  63549  425468  0  0  622292  819  846  68.3711183817  72.3205715275  8.81122530557  100.0  
1441332186  0  1877  2266355  1287  0  70613903  66222  0  0  5033  100527  0  15044  29852  44939  354  0  263  48678  18791  100527  24  0  0  66222  428426  0  0  626452  2958  4160  68.3892780293  71.6242336384  8.25542859822  100.0  
1441332187  0  1877  2273279  1345  0  70997749  69851  0  0  5033  100527  0  15137  29759  44939  354  0  263  48678  18886  100527  24  0  0  69851  431960  0  0  630081  3534  3629  68.5562649882  72.9624486407  8.22072003361  100.0  
1441332187  0  1877  2282737  1408  0  71002823  74303  0  0  5033  100527  0  15138  29758  44939  354  0  263  48678  18888  100527  24  0  0  74303  436410  0  0  634533  4450  4452  68.7765648122  74.5797612479  8.22387979678  100.0  
1441332188  0  1877  2290618  1442  0  71677091  76690  0  0  5033  100527  0  15301  29595  44939  354  0  263  48678  19054  100527  24  0  0  76690  439142  0  0  637432  2732  2899  68.8923681271  75.1545181901  8.15949514579  100.0  
1441332188  0  1877  2296651  1468  0  71696071  78444  0  0  5033  100527  0  15304  29592  44939  354  0  263  48678  19059  100527  24  0  0  78444  440891  0  0  639186  1749  1754  68.9769488068  75.7036867064  8.15927601666  100.0  
1441332189  0  1877  2296651  1468  0  71696071  78444  0  0  5033  100527  0  15304  29592  44939  354  0  263  48678  19059  100527  24  0  0  78444  440891  0  0  639186  0  0  68.9769488068  75.7036867064  8.15927601666  100.0  
1441332189  0  1877  2305988  1406  0  59948708  73701  0  0  5033  100527  0  12437  32459  44939  354  0  261  48678  16188  100527  24  0  0  73701  441075  0  0  639567  184  381  68.9646276309  78.0355761794  9.58787349232  100.0  
1441332190  0  1877  2336226  1295  0  59159245  65480  0  0  5033  100527  0  12244  32749  44939  354  0  261  48678  15994  100527  24  0  0  65480  446116  0  0  644929  5041  5362  69.1728856975  75.5742211362  9.69629205434  100.0  
1441332190  0  1877  2343241  1319  0  59152598  67091  0  0  5033  100527  0  12241  32752  44939  354  0  262  48678  15992  100527  24  0  0  67091  447732  0  0  646547  1616  1618  69.2497219846  76.1637179353  9.69514603493  100.0  
1441332191  0  1877  2355097  1305  0  58893767  66700  0  0  5033  100527  0  12177  32820  44939  354  0  260  48678  15929  100527  24  0  0  66700  449089  0  0  647905  1357  1358  69.3140198023  76.1184407796  9.73469091604  100.0  
1441332191  0  1877  2359111  1213  0  35038663  61203  0  0  5033  100527  0  6353  38667  44939  354  0  259  48678  10105  100527  24  0  0  61203  449417  0  0  648233  328  328  69.3295466291  83.489371436  15.3452638893  100.0  
1441332192  0  1877  2368264  1174  0  35251655  58244  0  0  5033  100527  0  6405  38623  44939  354  0  261  48678  10157  100527  24  0  0  58244  450502  0  0  649373  1085  1140  69.3749201152  82.5612938672  15.2667019397  100.0  
1441332193  0  1877  2377727  1240  0  35251655  61294  0  0  5033  100527  0  6405  38623  44939  354  0  264  48678  10157  100527  24  0  0  61294  453552  0  0  652423  3050  3050  69.5180887246  83.4290468888  15.2667019397  100.0  
1441332193  0  1877  2377727  1240  0  35251655  61294  0  0  5033  100527  0  6405  38623  44939  354  0  264  48678  10157  100527  24  0  0  61294  453552  0  0  652423  0  0  69.5180887246  83.4290468888  15.2667019397  100.0  
1441332194  0  1877  2384775  1263  0  35251655  63035  0  0  5033  100527  0  6405  38623  44939  354  0  264  48678  10157  100527  24  0  0  63035  455293  0  0  654164  1741  1741  69.5992136528  83.8867295947  15.2667019397  100.0  
1441332194  0  1877  2390015  1283  0  38352995  64558  0  0  5033  100527  0  7162  37866  44939  354  0  264  48678  10915  100527  24  0  0  64558  456058  0  0  655687  765  1523  69.5542232803  83.0927228229  14.2141624377  100.0  
1441332195  0  1877  2405919  1304  0  39312757  66146  0  0  5033  100527  0  7396  37640  44939  354  0  264  48678  11151  100527  24  0  0  66146  461442  0  0  661307  5384  5620  69.7772743975  83.1418377528  13.9284273657  100.0  
1441332195  0  1877  2426916  1244  0  39582538  62492  0  0  5033  100527  0  7462  37612  44939  354  0  263  48678  11218  100527  24  0  0  62492  468536  0  0  668473  7094  7166  70.0904898178  82.0489022595  13.8553613264  100.0  
1441332196  0  1877  2435729  1246  0  36483562  62155  0  0  5033  100527  0  6707  38369  44939  354  0  264  48678  10461  100527  24  0  0  62155  468960  0  0  669086  424  613  70.0896446795  83.1694956158  14.8540327989  100.0  
1441332196  0  1877  2435729  1246  0  36483562  62155  0  0  5033  100527  0  6707  38369  44939  354  0  264  48678  10461  100527  24  0  0  62155  468960  0  0  669086  0  0  70.0896446795  83.1694956158  14.8540327989  100.0  
1441332197  0  1877  2456470  1241  0  36528117  61364  0  0  5033  100527  0  6717  38376  44939  354  0  265  48678  10472  100527  24  0  0  61364  474690  0  0  674827  5730  5741  70.3424729597  82.9346196467  14.8395978375  100.0  
1441332197  0  1877  2474035  1268  0  35793458  62703  0  0  5033  100527  0  6538  38562  44939  354  0  265  48678  10292  100527  24  0  0  62703  479447  0  0  679630  4757  4803  70.5452967056  83.5861123072  15.092914817  100.0  
1441332198  0  1877  2483707  1299  0  35793458  64236  0  0  5033  100527  0  6538  38562  44939  354  0  265  48678  10292  100527  24  0  0  64236  481748  0  0  681931  2301  2301  70.644683993  83.9778317454  15.092914817  100.0  
1441332198  0  1877  2494546  1336  0  28514866  66234  0  0  5033  100527  0  4761  40363  44939  354  0  265  48678  8515  100527  24  0  0  66234  485779  0  0  686012  4031  4081  70.8120266118  87.1440649817  18.2426634524  100.0  
1441332199  0  1877  2499434  1343  0  28801865  67075  0  0  5033  100527  0  4832  40292  44939  354  0  263  48678  8584  100527  24  0  0  67075  488471  0  0  688780  2692  2768  70.9182903104  87.2023853895  18.0835819867  100.0  
1441332199  0  1877  2504563  1384  0  28769877  69930  0  0  5033  100527  0  4832  40294  44939  354  0  264  48678  8571  100527  24  0  0  69930  491339  0  0  691648  2868  2868  71.0388810493  87.7434577435  18.0504520832  100.0  
1441332200  0  1877  2511018  1452  0  28789176  74168  0  0  5033  100527  0  4835  40291  44939  354  0  264  48678  8576  100527  24  0  0  74168  495572  0  0  695886  4233  4238  71.2145380134  88.4370618056  18.0432903233  100.0  
1441332200  0  1877  2511018  1452  0  28789176  74168  0  0  5033  100527  0  4835  40291  44939  354  0  264  48678  8576  100527  24  0  0  74168  495572  0  0  695886  0  0  71.2145380134  88.4370618056  18.0432903233  100.0  
