#type:T;
#time  gt  cn  Pt  Px  gx  cx  gn  gm  Pn  Pm  Ft  cm  pt  Fx  px  ct  pn  Fm  Fn  pm  dn  On  Om  dm  dx  Ox  dt  Ot  Gt  Cn  Cm  Gx  Cx  Gn  Gm  Ct  
1441332044  4325161  0  0  0  7967  0  4895  157  0  2147483647  17451  2147483647  0  2170  0  0  0  214  21  2147483647  0  46  257  2147483647  0  3767  0  48761  0  0  2147483647  0  0  0  2147483647  0  
1441332044  4327499  0  0  0  7967  0  4896  157  0  2147483647  17451  2147483647  0  2170  0  0  0  214  21  2147483647  0  47  257  2147483647  0  3767  0  50938  0  0  2147483647  0  0  0  2147483647  0  
1441332045  4327499  0  0  0  7967  0  4896  157  0  2147483647  17451  2147483647  0  2170  0  0  0  214  21  2147483647  0  47  257  2147483647  0  3767  0  50938  0  0  2147483647  0  0  0  2147483647  0  
1441332045  4327499  0  0  0  7967  0  4896  157  0  2147483647  17451  2147483647  0  2170  0  0  0  214  21  2147483647  0  47  257  2147483647  0  3767  0  50938  0  0  2147483647  0  0  0  2147483647  0  
1441332046  4327499  0  0  0  7967  0  4896  157  0  2147483647  17451  2147483647  0  2170  0  0  0  214  21  2147483647  0  47  257  2147483647  0  3767  0  50938  0  0  2147483647  0  0  0  2147483647  0  
1441332046  4327499  0  0  0  7967  0  4896  157  0  2147483647  17451  2147483647  0  2170  0  0  0  214  21  2147483647  0  47  257  2147483647  0  3767  0  50938  0  0  2147483647  0  0  0  2147483647  0  
1441332047  4327499  0  0  0  7967  0  4896  157  0  2147483647  17451  2147483647  0  2170  0  0  0  214  21  2147483647  0  47  257  2147483647  0  3767  0  50938  0  0  2147483647  0  0  0  2147483647  0  
1441332047  4327499  0  0  0  7967  0  4896  157  0  2147483647  17451  2147483647  0  2170  0  0  0  214  21  2147483647  0  47  257  2147483647  0  3767  0  50938  0  0  2147483647  0  0  0  2147483647  0  
1441332048  4327499  0  0  0  7967  0  4896  157  0  2147483647  17451  2147483647  0  2170  0  0  0  214  21  2147483647  0  47  257  2147483647  0  3767  0  50938  0  0  2147483647  0  0  0  2147483647  0  
1441332048  4327499  0  0  0  7967  0  4896  157  0  2147483647  17451  2147483647  0  2170  0  0  0  214  21  2147483647  0  47  257  2147483647  0  3767  0  50938  0  0  2147483647  0  0  0  2147483647  0  
1441332049  4327499  0  0  0  7967  0  4896  157  0  2147483647  17451  2147483647  0  2170  0  0  0  214  21  2147483647  0  47  257  2147483647  0  3767  0  50938  0  0  2147483647  0  0  0  2147483647  0  
1441332049  4327499  0  0  0  7967  0  4896  157  0  2147483647  17451  2147483647  0  2170  0  0  0  214  21  2147483647  0  47  257  2147483647  0  3767  0  50938  0  0  2147483647  0  0  0  2147483647  0  
1441332050  4327499  0  0  0  7967  0  4896  157  0  2147483647  17451  2147483647  0  2170  0  0  0  214  21  2147483647  0  47  257  2147483647  0  3767  0  50938  0  0  2147483647  0  0  0  2147483647  0  
1441332050  4327499  0  0  0  7967  0  4896  157  0  2147483647  17451  2147483647  0  2170  0  0  0  214  21  2147483647  0  47  257  2147483647  0  3767  0  50938  0  0  2147483647  0  0  0  2147483647  0  
1441332051  4327499  0  0  0  7967  0  4896  157  0  2147483647  17451  2147483647  0  2170  0  0  0  214  21  2147483647  0  47  257  2147483647  0  3767  0  50938  0  0  2147483647  0  0  0  2147483647  0  
1441332051  4327499  0  0  0  7967  0  4896  157  0  2147483647  17451  2147483647  0  2170  0  0  0  214  21  2147483647  0  47  257  2147483647  0  3767  0  50938  0  0  2147483647  0  0  0  2147483647  0  
1441332052  4327499  0  0  0  7967  0  4896  157  0  2147483647  17451  2147483647  0  2170  0  0  0  214  21  2147483647  0  47  257  2147483647  0  3767  0  50938  0  0  2147483647  0  0  0  2147483647  0  
1441332052  4327499  0  0  0  7967  0  4896  157  0  2147483647  17451  2147483647  0  2170  0  0  0  214  21  2147483647  0  47  257  2147483647  0  3767  0  50938  0  0  2147483647  0  0  0  2147483647  0  
1441332053  4327499  0  0  0  7967  0  4896  157  0  2147483647  17451  2147483647  0  2170  0  0  0  214  21  2147483647  0  47  257  2147483647  0  3767  0  50938  0  0  2147483647  0  0  0  2147483647  0  
1441332054  4327499  0  0  0  7967  0  4896  157  0  2147483647  17451  2147483647  0  2170  0  0  0  214  21  2147483647  0  47  257  2147483647  0  3767  0  50938  0  0  2147483647  0  0  0  2147483647  0  
1441332054  4327499  0  0  0  7967  0  4896  157  0  2147483647  17451  2147483647  0  2170  0  0  0  214  21  2147483647  0  47  257  2147483647  0  3767  0  50938  0  0  2147483647  0  0  0  2147483647  0  
1441332055  4475100  1608  114566867  417508  7967  414315  5009  157  1608  6662  32870  6015  0  2170  0  112946876  0  208  70  2147483647  0  121  257  2147483647  0  5781  0  204339  0  6  393  0  2156  0  2147483647  4886  
1441332055  4535103  3421  232279105  417508  7967  414315  5091  157  3416  6662  52064  6015  380612  2170  118710  229502167  5  208  134  60666  0  270  257  2147483647  0  84958  0  918446  18048608  13  393  152768  2156  229  4137  8388  
1441332056  4685018  3421  232279105  417508  9037  414315  5196  157  3416  6662  52064  6015  380612  2170  118710  229502167  5  208  134  60666  0  270  257  2147483647  0  84958  0  918446  26746002  16  393  155899  4138  317  4137  19593  
1441332056  4685018  3421  232279105  417508  9037  414315  5196  157  3416  6662  52064  6015  380612  2170  118710  229502167  5  208  134  60666  0  270  257  2147483647  0  84958  0  918446  26746002  16  393  155899  4138  317  4137  19593  
1441332057  4685018  3421  232279105  417508  9037  414315  5196  157  3416  6662  52064  6015  380612  2170  118710  229502167  5  208  134  60666  0  270  257  2147483647  0  84958  0  918446  26746002  16  393  155899  4138  317  4137  19593  
1441332057  4685018  3421  232279105  417508  9037  414315  5196  157  3416  6662  52064  6015  380612  2170  118710  229502167  5  208  134  60666  0  270  257  2147483647  0  84958  0  918446  26746002  16  393  155899  4138  317  4137  19593  
1441332058  4685018  3421  232279105  417508  9037  414315  5196  157  3416  6662  52064  6015  380612  2170  118710  229502167  5  208  134  60666  0  270  257  2147483647  0  84958  0  918446  26746002  16  393  155899  4138  317  4137  19593  
1441332058  4685018  3421  232279105  417508  9037  414315  5196  157  3416  6662  52064  6015  380612  2170  118710  229502167  5  208  134  60666  0  270  257  2147483647  0  84958  0  918446  26746002  16  393  155899  4138  317  4137  19593  
1441332059  4685018  3421  232279105  417508  9037  414315  5196  157  3416  6662  52064  6015  380612  2170  118710  229502167  5  208  134  60666  0  270  257  2147483647  0  84958  0  918446  26746002  16  393  155899  4138  317  4137  19593  
1441332059  4685018  3421  232279105  417508  9037  414315  5196  157  3416  6662  52064  6015  380612  2170  118710  229502167  5  208  134  60666  0  270  257  2147483647  0  84958  0  918446  26746002  16  393  155899  4138  317  4137  19593  
1441332060  4685018  3421  232279105  417508  9037  414315  5196  157  3416  6662  52064  6015  380612  2170  118710  229502167  5  208  134  60666  0  270  257  2147483647  0  84958  0  918446  26746002  16  393  155899  4138  317  4137  19593  
1441332060  4685018  3421  232279105  417508  9037  414315  5196  157  3416  6662  52064  6015  380612  2170  118710  229502167  5  208  134  60666  0  270  257  2147483647  0  84958  0  918446  26746002  16  393  155899  4138  317  4137  19593  
1441332061  4685018  3670  249254219  417508  9037  414315  5196  157  3664  6662  115369  6015  473437  2170  118710  246284502  6  205  392  60666  0  270  257  2147483647  0  84958  0  918446  26746002  16  393  155899  4138  317  4137  19593  
1441332062  4685018  3831  260357387  417508  9037  414315  5196  157  3814  6662  2712701  6015  1191849  5132  118710  257895178  17  205  10810  60388  0  270  257  2147483647  0  84958  0  918446  26746002  35  393  155899  4138  317  4137  31230  
1441332062  4685018  3831  260357387  417508  9037  414315  5196  157  3814  6662  2712701  6015  1191849  5132  118710  257895178  17  205  10810  60388  0  270  257  2147483647  0  84958  0  918446  26746002  35  393  155899  4138  317  4137  31230  
1441332063  4685018  3831  260357387  417508  9037  414315  5196  157  3814  6662  4678999  6015  1191849  5132  118710  257895178  17  205  18712  60388  0  270  257  2147483647  0  84958  0  918446  26746002  35  393  155899  4138  317  4137  31230  
1441332063  4685018  3831  260357387  417508  9037  414315  5196  157  3814  6662  6179390  6015  1191849  5983  118710  257895178  17  205  23890  60388  0  270  257  2147483647  0  84958  0  918446  26746002  35  393  155899  4138  317  4137  31230  
1441332064  4685018  3831  260357387  417508  9037  414315  5196  157  3814  6662  8758734  6015  1191849  5983  118710  257895178  17  205  34406  60388  0  270  257  2147483647  0  84958  0  918446  26746002  35  393  155899  4138  317  4137  31230  
1441332064  4685018  3831  260357387  417508  9037  414315  5196  157  3814  6662  11478519  6015  1191849  8060  118710  257895178  17  205  44205  60388  0  270  257  2147483647  0  84958  0  918446  26746002  35  393  155899  4138  317  4137  31230  
1441332065  4685018  3831  260357387  417508  9037  414315  5196  157  3814  6662  11478519  6015  1191849  8060  118710  257895178  17  205  44205  60388  0  270  257  2147483647  0  84958  0  918446  26746002  35  393  155899  4138  317  4137  31230  
1441332065  4685018  3831  260357387  417508  9037  414315  5196  157  3814  6662  12395715  6015  1191849  8060  118710  257895178  17  205  47258  60388  0  270  257  2147483647  0  84958  0  918446  26746002  35  393  155899  4138  317  4137  31230  
1441332066  4685018  3831  260357387  417508  9037  414315  5196  157  3814  6662  12395715  6015  1191849  8060  118710  257895178  17  205  47258  60388  0  270  257  2147483647  0  84958  0  918446  26746002  35  393  155899  4138  317  4137  31230  
1441332066  4685018  3831  260357387  417508  9037  414315  5196  157  3814  6662  15131355  6015  1191849  8060  118710  257895178  17  205  58169  60388  0  270  257  2147483647  0  84958  0  918446  26746002  35  393  155899  4138  317  4137  31230  
1441332067  4685018  3831  260357387  417508  9037  414315  5196  157  3814  6662  17837441  6015  1191849  8060  118710  257895178  17  205  69027  60388  0  270  257  2147483647  0  84958  0  918446  26746002  35  393  155899  4138  317  4137  31230  
1441332067  4685487  4584  310144015  417508  9037  414315  5197  157  4566  6662  24682072  6015  1309724  9129  118710  307138802  18  205  96622  60388  0  270  257  2147483647  0  84958  0  918446  28700880  40  393  155899  4138  398  4137  34218  
1441332068  4688723  4584  310144015  417508  9037  414315  5207  157  4566  6662  24682072  6015  1309724  9129  118710  307138802  18  205  96622  60388  0  270  257  2147483647  0  84958  0  918446  29153788  40  393  155899  4138  414  4137  34218  
1441332068  4688723  4584  310144015  417508  9037  414315  5207  157  4566  6662  24682072  6015  1309724  9129  118710  307138802  18  205  96622  60388  0  270  257  2147483647  0  84958  0  918446  29153788  40  393  155899  4138  414  4137  34218  
1441332069  5041011  4584  310144015  417508  9037  414315  5527  157  4566  6662  36044583  6015  1309724  14399  118710  307138802  18  205  118758  60388  0  270  257  2147483647  0  84958  0  918446  29153788  40  393  155899  4138  414  4137  34218  
1441332069  9570147  4708  358763326  634771  14043  600051  10049  157  4690  6662  41007009  6015  1309724  15903  118710  354061593  18  205  124660  60388  0  273  257  2147483647  0  84958  0  931683  29436338  164  393  155899  4138  416  4137  238510  
1441332070  10709466  4767  372789535  634771  14043  600051  11265  157  4749  6662  44626834  6015  1309724  15903  118710  367520677  18  205  128810  60388  0  273  257  2147483647  0  84958  0  931683  29436338  223  384  155899  4138  416  4137  305746  
1441332070  11763908  5022  431081527  634771  14043  600051  12297  157  5004  6662  48991564  6015  1309724  15903  118710  423615764  18  205  134636  60388  0  273  257  2147483647  0  84958  0  931683  29436338  451  381  155899  4138  416  4137  571379  
1441332071  13868536  5196  486687071  669631  14043  623736  14292  157  5178  6662  54019595  6015  1309724  15903  118710  477117726  18  205  141166  60388  0  276  257  2147483647  0  84958  0  936176  29665456  636  381  155899  5657  435  4137  890814  
1441332071  19911480  5469  569296036  669631  14043  623736  19498  157  5451  6662  59415707  6015  1309724  15903  118710  556438128  18  205  146481  60388  0  280  257  2147483647  0  84958  0  948979  29710453  871  381  155899  6556  438  4137  1285237  
1441332072  19911480  5469  569296036  669631  14043  623736  19498  157  5451  6662  59415707  6015  1309724  15903  118710  556438128  18  205  146481  60388  0  280  257  2147483647  0  84958  0  948979  29710453  871  381  155899  6556  438  4137  1285237  
1441332072  21237580  5858  678452864  669631  14043  623736  20906  157  5840  6662  64196550  6015  1309724  15903  118710  661284774  18  205  152823  60388  0  280  257  2147483647  0  84958  0  948979  29710453  1260  378  155899  6556  438  4137  1780761  
1441332073  22216082  6004  721565468  669631  14043  623736  21968  157  5985  6662  69551604  6015  1751226  15903  441502  703674640  19  205  158876  60388  0  280  257  2147483647  0  84958  0  948979  29710453  1312  378  155899  6556  438  4137  1865903  
1441332073  23802121  6093  753227051  675320  14043  628882  23547  157  6074  6662  74053044  6015  1751226  17499  441502  734011644  19  205  163826  60388  0  280  257  2147483647  0  84958  0  948979  29710453  1392  378  155899  6556  438  4137  1997823  
1441332074  26610979  6395  841738586  675320  14043  628882  26322  157  6376  6662  78202874  6015  1751226  17499  441502  818850645  19  205  168881  60388  0  280  257  2147483647  0  84958  0  948979  29710453  1661  378  155899  6556  438  4137  2383470  
1441332074  29307797  8963  1290659615  675320  14043  629982  29990  157  8944  6662  80969205  6015  1751226  17499  441502  1247867016  19  205  171913  60388  0  281  257  2147483647  0  84958  0  950712  29710453  4192  378  155899  6556  438  4137  4648842  
1441332075  31215530  11436  1677356209  675320  14043  629982  32474  157  11417  6533  81070829  5837  1751226  17499  441502  1615130140  19  205  172026  60388  0  281  257  2147483647  0  84958  0  950712  29710453  6647  378  155899  6556  438  4137  6707449  
1441332075  31215530  11436  1677356209  675320  14043  629982  32474  157  11417  6533  81070829  5837  1751226  17499  441502  1615130140  19  205  172026  60388  0  281  257  2147483647  0  84958  0  950712  29710453  6647  378  155899  6556  438  4137  6707449  
1441332076  34467830  12387  1920012508  675320  14043  629982  36062  157  12368  6533  83339366  5837  1751226  17499  441502  1846252623  19  205  174543  60388  0  281  257  2147483647  0  84958  0  950712  29710453  7581  378  155899  6556  438  4137  7873680  
1441332076  37303497  14766  2373169444  675320  14043  629982  39454  157  14747  6324  89718298  5689  1751226  17499  441502  2278016635  19  205  182294  60388  0  286  257  2147483647  0  84958  0  964449  29710453  9810  378  155899  7006  438  4137  9961567  
1441332077  39389249  17722  2975408876  675320  14043  629982  42462  157  17703  6324  91494118  5689  1751226  17499  441502  2850538465  19  205  184619  60388  0  286  257  2147483647  0  84958  0  964449  29710453  12673  378  155899  7006  438  4137  12864683  
1441332077  41222821  21825  3684233276  675320  14043  629982  45925  157  21806  6324  92445749  5689  1751226  17499  441502  3522056884  19  205  186193  60388  0  287  257  2147483647  0  84958  0  965332  29710453  16774  375  155899  7006  438  4137  16448799  
1441332078  44076001  23599  4114895800  675320  37807  629982  49148  157  23580  6324  95602141  5689  1751226  17499  441502  3930325443  19  205  190230  60388  0  289  257  2147483647  0  84958  0  969406  29710453  18485  372  155899  7006  438  4137  18567799  
1441332078  46490370  25135  4536642668  675320  37807  629982  51822  157  25116  6324  99770313  5689  1751226  17499  441502  4331768909  19  205  197528  60388  0  293  257  2147483647  0  2094850  0  3066363  29710453  19881  372  155899  7006  438  4137  20454041  
1441332079  46490370  25135  4536642668  675320  37807  629982  51822  157  25116  6324  99770313  5689  1751226  17499  441502  4331768909  19  205  197528  60388  0  293  257  2147483647  0  2094850  0  3066363  29710453  19881  372  155899  7006  438  4137  20454041  
1441332080  47714596  27899  4942381230  675320  37807  629982  53529  157  27880  6324  100173948  5689  1751226  17499  441502  4716236690  19  205  198009  60388  0  295  257  2147483647  0  2094850  0  3070436  29810028  22582  314  155899  7285  442  4137  22455848  
1441332080  48266070  38164  5896975173  675320  37807  629982  54905  157  38145  6324  102056299  5689  1751226  17499  441502  5616587173  19  205  202486  60388  0  298  257  2147483647  0  2094850  0  3072263  70031484  42873  257  155899  15881  10573  2069  42605588  
1441332081  49399732  40057  6372047015  675320  37807  629982  56320  157  40038  6324  104488823  5689  1751226  17499  441502  6069990543  19  205  205573  60388  0  299  257  2147483647  0  2094850  0  3073246  70031484  44766  257  155899  15881  10573  2069  44797032  
1441332081  50236678  40866  6611566265  675320  37807  629982  57408  157  40847  6324  108106439  5689  1751226  17499  441502  6297987199  19  205  209286  60388  0  301  257  2147483647  0  2094850  0  3081399  70031484  45574  257  155899  15881  10573  2069  45887049  
1441332082  50870183  45320  7306148642  675320  37807  629982  59180  157  45301  6324  108893669  5689  1751226  17499  441502  6955137616  19  205  210917  60388  0  301  257  2147483647  0  2094850  0  3081399  70756564  49928  254  155899  15881  10598  2069  49108491  
1441332082  52666887  48810  8003346723  675320  37807  629982  62592  157  48791  6324  110668350  5689  1751226  17499  441502  7616392719  19  205  214212  60388  0  301  257  2147483647  0  2094850  0  3081399  70756564  53223  254  155899  15881  10598  2069  52131935  
1441332083  54681947  51522  8651562752  675320  37807  629982  65312  157  51503  6324  113032156  5689  1751226  17499  441502  8232411214  19  205  217393  60388  0  301  257  2147483647  0  2094850  0  3081399  70756564  55763  254  155899  15881  10598  2069  54904554  
1441332083  56099412  53286  9162033900  675320  37807  629982  67360  157  53267  6324  116017482  5689  1751226  17499  441502  8717832242  19  205  220999  60388  0  302  257  2147483647  0  2094850  0  3082176  70756564  57485  254  155899  15881  10598  2069  57167751  
1441332084  56099412  53286  9162033900  675320  37807  629982  67360  157  53267  6324  116017482  5689  1751226  17499  441502  8717832242  19  205  220999  60388  0  302  257  2147483647  0  2094850  0  3082176  70756564  57485  254  155899  15881  10598  2069  57167751  
1441332084  57622145  55034  9581152770  675320  37807  629982  69216  157  55015  6324  117876580  5689  1751226  17499  441502  9116184128  19  205  224729  60388  0  304  257  2147483647  0  2094850  0  3213412  70756564  59224  254  155899  15881  10598  2069  59046710  
1441332085  58326866  64216  10618252858  675320  37807  629982  70588  157  64197  6324  118606302  5689  1751226  17499  441502  10094628476  19  205  226693  60388  0  308  257  2147483647  0  2094850  0  3220059  98814865  75338  254  155899  28693  17532  2069  74473899  
1441332085  60297383  65365  10966912786  675320  37807  629982  72824  157  65346  6324  122136877  5689  1751226  17499  441502  10425938961  19  205  230755  60388  0  309  257  2147483647  0  2094850  0  3224213  98814865  76462  254  155899  28693  17532  2069  75849074  
1441332086  61013471  66351  11199704993  702987  37807  662888  73848  157  66332  6324  125751860  5689  1751226  17499  441502  10646782857  19  205  234979  60388  0  309  257  2147483647  0  2094850  0  3224213  98814865  77321  251  155899  28693  17532  2069  76687611  
1441332086  62311670  68660  11608225573  702987  37807  662888  75068  157  68641  6245  129601357  5637  1751226  17499  441502  11033829118  19  205  240044  60388  0  315  257  2147483647  0  9288344  0  12523261  107593470  80311  251  155899  28693  19094  2069  81529600  
1441332087  63231086  71305  11977181098  702987  37807  662888  75964  157  71286  6245  132335868  5637  1751226  17499  441502  11383644258  19  205  243058  60388  0  315  257  2147483647  0  9288344  0  12523261  107593470  81294  248  155899  28693  19094  2069  82778306  
1441332087  65228241  74152  12316508827  702987  37807  662888  78156  157  74133  6224  135007660  5628  1751226  17499  441502  11704344060  19  205  246108  60388  0  316  257  2147483647  0  9288344  0  17331035  107593470  82413  248  155899  28693  19094  2069  83967811  
1441332088  65228241  74152  12316508827  702987  37807  662888  78156  157  74133  6224  135007660  5628  1751226  17499  441502  11704344060  19  205  246108  60388  0  316  257  2147483647  0  9288344  0  17331035  107593470  82413  248  155899  28693  19094  2069  83967811  
1441332088  67317656  76712  12677582325  702987  37807  662888  80364  157  76693  6224  138591043  5516  1751226  17499  441502  12046890365  19  205  250022  60388  0  316  257  2147483647  0  9288344  0  17331035  107593470  83444  248  155899  28693  19094  2069  85393417  
1441332089  69836155  79071  13085001368  706335  37807  663493  82796  157  79052  6224  142580607  5516  1751226  17499  441502  12434164175  19  205  254201  60388  0  316  257  2147483647  0  9288344  0  17331035  107593470  84659  248  155899  28693  19094  2069  87021968  
1441332089  71079186  82837  13786747971  706335  37807  663493  85452  157  82818  6224  143262263  5516  1751226  17499  441502  13100831734  19  205  255407  60388  0  317  257  2147483647  0  9288344  0  18634695  107639012  88124  248  155899  28693  19098  2069  90113855  
1441332090  71996973  85949  14395351777  706335  37807  663493  87470  157  85930  6224  143864018  5516  1751226  19468  441502  13678705764  19  205  256152  60388  0  318  257  2147483647  0  9288344  0  18636279  107639012  91162  248  155899  28693  19098  2069  92793466  
1441332090  73048798  91875  14885300885  706335  37807  663493  88943  157  91856  6118  149922542  5516  1751226  19468  441502  14140453076  19  205  272729  60388  0  328  257  2147483647  0  9288344  0  27060614  308301271  104500  248  155899  28693  35024  2069  116018402  
1441332091  74821724  93794  15105095336  706335  37807  663493  91087  157  93775  6118  153932946  5516  1751226  19468  441502  14348624013  19  205  279016  60388  0  331  257  2147483647  0  9288344  0  27064946  320389344  106915  248  155899  28693  36338  2069  121215950  
1441332091  74821724  93794  15105095336  706335  37807  663493  91087  157  93775  6118  153932946  5516  1751226  19468  441502  14348624013  19  205  279016  60388  0  331  257  2147483647  0  9288344  0  27064946  320389344  106915  248  155899  28693  36338  2069  121215950  
1441332092  76517516  96976  15499886684  706335  37807  663493  93275  157  96957  6118  156386880  5516  1751226  19468  441502  14723015039  19  205  282624  60388  0  331  257  2147483647  0  9288344  0  27064946  324368330  109263  239  155899  28693  37378  2069  124281809  
1441332094  78474966  99545  15823390182  706335  37807  663493  95452  157  99526  6118  158355306  5516  1751226  19468  441502  15029185561  19  205  285924  60388  0  335  257  2147483647  0  9288344  0  28621574  324368330  110235  239  155899  28693  37378  2069  125243989  
1441332094  80227101  113089  17229008704  706335  37807  663493  97507  157  113069  6118  165624534  5516  1841776  19468  441502  16359353002  20  205  295812  60388  0  343  257  2147483647  0  9288344  0  29921329  347709659  122711  239  155899  28693  42817  2069  139225465  
1441332095  80880319  116267  17545222836  706335  37807  663493  98413  157  116247  6118  166567213  5516  1841776  28996  441502  16659794931  20  205  298255  60388  0  346  257  2147483647  0  9288344  0  33932327  348081426  124234  239  155899  28693  42927  2069  140686840  
1441332095  81431680  120827  18281332325  706335  37807  663493  99839  157  120807  6118  167186037  5516  1841776  28996  441502  17358171605  20  205  299273  60388  0  346  257  2147483647  0  9288344  0  33932327  348081426  128730  239  155899  28693  42927  2069  144242851  
1441332096  82368587  122908  18669610363  706335  37807  663493  100759  157  122888  6118  167526175  5516  1841776  28996  441502  17727945574  20  205  299716  60388  0  349  257  2147483647  0  9288344  0  33939210  348081426  130383  239  155899  28693  42927  2069  145754718  
1441332096  83032577  127604  19171920129  706335  37807  663493  101528  157  127584  6118  169442221  5516  1841776  28996  441502  18202968449  20  205  304812  60388  0  351  257  2147483647  0  9288344  0  33940556  429966176  133740  239  155899  28693  46243  2069  147649737  
1441332097  83275295  132891  19833118312  706335  37807  663493  101912  157  132871  6118  173602270  5516  1841776  28996  441502  18828592166  20  205  316758  60388  0  354  257  2147483647  0  9288344  0  37077557  476992885  149535  239  155899  28693  57349  2069  168615081  
1441332097  83389887  136538  20503042702  706335  37807  663493  102103  157  136518  6118  174891285  5516  1841776  28996  441502  19467101055  20  205  318524  60388  0  354  257  2147483647  0  9288344  0  37077557  476992885  153181  239  155899  28693  57349  2069  171507679  
1441332098  83389887  136538  20503042702  706335  37807  663493  102103  157  136518  6118  174891285  5516  1841776  28996  441502  19467101055  20  205  318524  60388  0  354  257  2147483647  0  9288344  0  37077557  476992885  153181  239  155899  28693  57349  2069  171507679  
1441332098  83871914  137568  20780205584  706335  37807  663493  102551  157  137548  6118  180639458  5516  1841776  28996  441502  19731191480  20  205  324744  60388  0  355  257  2147483647  0  9288344  0  37080703  477829624  154406  239  155899  28693  57555  2069  172791195  
1441332099  85032407  139665  21192077758  706335  37807  663493  104158  157  139645  6118  184908781  5516  1841776  28996  441502  20122799356  20  205  331200  60388  0  355  257  2147483647  0  9288344  0  37080703  499757804  159442  239  155899  28693  60618  2069  181900150  
1441332099  86978975  141648  21587797398  706335  37807  663493  106174  157  141628  6118  187884644  5516  1841776  28996  441502  20500954373  20  205  334413  60388  0  355  257  2147483647  0  9288344  0  37080703  499757804  160688  239  155899  28693  60618  2069  183347211  
1441332100  89290464  144723  21782296072  706335  37807  663493  108126  157  144703  6118  189152495  5516  1841776  28996  441502  20682769505  20  205  335905  60388  0  357  257  2147483647  0  9288344  0  37085814  499757804  161172  239  155899  28693  60618  2069  183809203  
1441332100  91623665  146871  22099602755  706335  37807  663493  110174  157  146851  6118  194946122  5516  1841776  28996  441502  20983618642  20  205  341557  60388  0  358  257  2147483647  0  9288344  0  40785091  572879670  163319  239  155899  28693  62730  2069  185176372  
1441332101  91623665  146871  22099602755  706335  37807  663493  110174  157  146851  6118  194946122  5516  1841776  28996  441502  20983618642  20  205  341557  60388  0  358  257  2147483647  0  9288344  0  40785091  572879670  163319  239  155899  28693  62730  2069  185176372  
1441332101  93142778  150820  22713233595  706335  37807  663493  112434  157  150800  6118  195594382  5516  1841776  28996  441502  21567269642  20  205  343279  60388  0  360  257  2147483647  0  9288344  0  40914014  582010976  167242  239  155899  28693  63178  2069  187906536  
1441332102  94157566  155047  23347177684  706335  37807  663493  113904  157  155027  6118  196550459  5516  1841776  28996  441502  22169056827  20  205  344543  60388  0  364  257  2147483647  0  9288344  0  41816670  585199629  172071  239  155899  28693  63805  2069  191902712  
1441332102  95518817  156505  23635325809  706335  37807  663493  115472  157  156485  6118  201052447  5516  1841776  28996  441502  22443654242  20  205  349628  60388  0  366  257  2147483647  0  20623107  0  62441343  585199629  173477  239  155899  28693  63805  2069  193139318  
1441332103  96490621  156916  23783452427  706335  37807  663493  116385  157  156896  6118  205158522  5516  1841776  28996  441502  22585351619  20  205  354228  60388  0  367  257  2147483647  0  20623107  0  62441963  585492897  173937  239  155899  28693  63865  2069  193798133  
1441332103  98354738  157495  23989448681  706335  37807  663493  118113  157  157475  6118  209016585  5516  1841776  28996  441502  22782410100  20  205  358401  60388  0  367  257  2147483647  0  20623107  0  62441963  585492897  174514  239  155899  28693  63865  2069  194597438  
1441332104  100439183  162021  24724921705  706335  37807  663493  121906  157  162001  6118  210343702  5516  1841776  28996  441502  23481353660  20  205  361154  60388  0  371  257  2147483647  0  20623107  0  73123747  591855781  180435  239  155899  28693  65268  2069  200163359  
1441332104  102249821  163743  25149436275  706335  37807  663493  124122  157  163723  6118  213246899  5516  1841776  28996  441502  23887292246  20  205  365665  60388  0  373  257  2147483647  0  20623107  0  73126119  591855781  182070  239  155899  28693  65268  2069  201869915  
1441332105  102249821  163743  25149436275  706335  37807  663493  124122  157  163723  6118  213246899  5516  1841776  28996  441502  23887292246  20  205  365665  60388  0  373  257  2147483647  0  20623107  0  73126119  591855781  182070  239  155899  28693  65268  2069  201869915  
1441332105  103188539  166498  25810715685  706335  37807  663493  125666  157  166478  6118  215198868  5516  1841776  28996  441502  24519105852  20  205  368002  60388  0  373  257  2147483647  0  20623107  0  73126119  591855781  184772  239  155899  28693  65268  2069  204351505  
1441332106  105010472  168803  26141529883  706335  37807  663493  127778  157  168783  6118  217419395  5516  1841776  28996  441502  24834264704  20  205  370550  60388  0  373  257  2147483647  0  20623107  0  73126119  591855781  185929  239  155899  28693  65268  2069  205552251  
1441332106  106774656  171323  26351771346  706335  37807  663493  129378  157  171303  6118  218259828  5516  1841776  28996  441502  25032236580  20  205  371499  60388  0  373  257  2147483647  0  20623107  0  73126119  591855781  186643  239  155899  28693  65268  2069  206147730  
1441332107  108669221  175158  26913068344  706335  37807  663493  132898  157  175137  6118  220655717  5516  1906812  28996  441502  25565491277  21  205  376431  60388  0  375  257  2147483647  0  20623107  0  73127107  591855781  189960  239  155899  28693  65268  2069  208301742  
1441332107  110042958  176791  27323864210  706335  37807  663493  134502  157  176770  6118  223710245  5516  1906812  28996  441502  25957662941  21  205  380434  60388  0  375  257  2147483647  0  20623107  0  73127107  591855781  191346  239  155899  28693  65268  2069  209761017  
1441332108  110886039  177601  27567242872  706335  48096  663493  135499  157  177580  6118  227546054  5516  1906812  28996  441502  26190302004  21  205  384832  60388  0  375  257  2147483647  0  20623107  0  73127107  591855781  192147  239  155899  28693  65268  2069  210606305  
1441332109  111456994  178982  27938495369  706335  48096  663493  136235  157  178961  6118  230390864  5516  1906812  28996  441502  26544452342  21  205  388057  60388  0  376  257  2147483647  0  20623107  0  73130927  591855781  193527  239  155899  28693  65268  2069  211800939  
1441332109  111456994  178982  27938495369  706335  48096  663493  136235  157  178961  6118  230390864  5516  1906812  28996  441502  26544452342  21  205  388057  60388  0  376  257  2147483647  0  20623107  0  73130927  591855781  193527  239  155899  28693  65268  2069  211800939  
1441332110  112225273  185097  28770690245  706335  48096  663493  138027  157  185076  6118  232673463  5516  1906812  28996  441502  27334278334  21  205  392997  60388  0  382  257  2147483647  0  20623107  0  74652090  613754719  203574  239  155899  28693  69426  2069  222896622  
1441332110  113389661  189761  29475876602  706335  48096  663493  139807  157  189740  6118  235971993  5516  1906812  28996  441502  28003332551  21  205  400340  60388  0  385  257  2147483647  0  20623107  0  74657331  660651882  212236  239  155899  28693  75314  1600  231688318  
1441332111  114678814  191914  29851168177  706335  48096  663493  141503  157  191893  6118  239076472  5516  1906812  28996  441502  28360052330  21  205  404143  60388  0  385  257  2147483647  0  20623107  0  74657331  661260892  213757  239  155899  28693  75333  1600  232833755  
1441332111  115947932  194003  30348748792  706335  48096  663493  143231  157  193982  6118  241496695  5516  1906812  38399  441502  28835012403  21  205  406883  60388  0  385  257  2147483647  0  20623107  0  74657331  661260892  215283  239  155899  28693  75333  1600  234340956  
1441332112  117561760  194963  30571652163  706335  48096  663493  144991  157  194942  6118  242861312  5516  1906812  38399  441502  29047419238  21  205  408415  60388  0  385  257  2147483647  0  20623107  0  74657331  661260892  216002  239  155899  28693  75333  1600  235015567  
1441332112  120560812  196812  30985260085  706335  48096  663493  148420  157  196791  6118  245952016  5516  1906812  38399  441502  29441481375  21  205  411721  60388  0  385  257  2147483647  0  20623107  0  74657331  661260892  217237  239  155899  28693  75333  1600  236273764  
1441332113  120560812  196812  30985260085  706335  48096  663493  148420  157  196791  6118  245952016  5516  1906812  38399  441502  29441481375  21  205  411721  60388  0  385  257  2147483647  0  20623107  0  74657331  661260892  217237  239  155899  28693  75333  1600  236273764  
1441332113  123921921  198056  31256475387  706335  48096  663493  151940  157  198035  6118  249613512  5516  1906812  38399  441502  29699723573  21  205  415828  60388  0  386  257  2147483647  0  20623107  0  75606706  661260892  218229  239  155899  28693  75333  1600  237119337  
1441332114  126848397  200355  31597293184  706335  48096  663493  155140  157  200334  6118  254245151  5516  1906812  38399  441502  30022668146  21  205  422549  60388  0  390  257  2147483647  0  20623107  0  75676064  668392019  221877  239  155899  28693  77125  1600  241160150  
1441332114  129056896  203934  32158291072  706335  48096  663493  157700  157  203913  6118  255578770  5516  1906812  38399  441502  30555480447  21  205  424990  60388  0  390  257  2147483647  0  20623107  0  75676064  684477778  227232  239  155899  28693  79649  1600  246569755  
1441332115  131724906  208090  32806402726  706335  48096  663493  161156  157  208069  6118  257515880  5516  1906812  38399  441502  31171362808  21  205  427557  60388  0  392  257  2147483647  0  20623107  0  77844355  689951990  231542  239  155899  28693  80453  1563  249467229  
1441332115  133416106  213051  33460178493  706335  48096  663493  164100  157  213030  6118  259753469  5516  1906812  38399  441502  31793296789  21  205  432394  60388  0  397  257  2147483647  0  20623107  0  78605850  749811275  236269  239  155899  28693  83950  1563  255164490  
1441332116  135611367  219458  34095292420  706335  48096  663493  167396  157  219437  6118  262785290  5516  1906812  38399  441502  32395025252  21  205  440074  60388  0  399  257  2147483647  0  20623107  0  79530645  873814507  239139  239  155899  28693  90009  1563  257071998  
1441332116  135611367  219458  34095292420  706335  48096  663493  167396  157  219437  6118  262785290  5516  1906812  38399  441502  32395025252  21  205  440074  60388  0  399  257  2147483647  0  20623107  0  79530645  873814507  239139  239  155899  28693  90009  1563  257071998  
1441332117  138051396  222484  34631244750  706335  48096  663493  171240  157  222463  6118  264116741  5516  1906812  38399  441502  32903996027  21  205  441847  60388  0  399  257  2147483647  0  20623107  0  79530645  873814507  241415  239  155899  28693  90009  1563  258710940  
1441332117  139210432  225761  35182035245  706335  48096  663493  173352  157  225740  6118  266522061  5516  1906812  38399  441502  33426534628  21  205  445741  60388  0  404  257  2147483647  0  20623107  0  83831125  878303252  244703  239  155899  28693  90957  1563  262044222  
1441332118  141081256  230336  35870113859  706335  48096  663493  176072  157  230315  6118  267544887  5516  1906812  38399  441502  34079683781  21  205  447304  60388  0  405  257  2147483647  0  20623107  0  83832030  883033667  248806  239  155899  28693  91725  1557  264905362  
1441332118  142584696  235428  36587073610  706335  48096  663493  179016  157  235407  6118  268400742  5516  1906812  38399  441502  34762023453  21  205  448567  60388  0  405  257  2147483647  0  20623107  0  83832030  883033667  252630  239  155899  28693  91725  1557  267075860  
1441332119  144991844  238114  37087733705  706335  48096  663493  181965  157  238093  6118  270775617  5516  1906812  38399  441502  35237324243  21  205  451597  60388  0  405  257  2147483647  0  20623107  0  83832030  891660766  255266  239  155899  28693  92518  1557  271537800  
1441332119  146976442  239883  37363785684  706335  48096  663493  184205  157  239862  6118  272820982  5516  1906812  38399  441502  35499004274  21  205  455461  60388  0  410  257  2147483647  0  20623107  0  86764082  891660766  256568  239  155899  28693  92518  1557  272413248  
1441332120  146976442  239883  37363785684  706335  48096  663493  184205  157  239862  6118  272820982  5516  1906812  38399  441502  35499004274  21  205  455461  60388  0  410  257  2147483647  0  20623107  0  86764082  891660766  256568  239  155899  28693  92518  1557  272413248  
1441332120  148202152  245031  37680965527  706335  48096  663493  185741  157  245010  6118  274433555  5516  1906812  38399  441502  35797425914  21  205  458095  60388  0  415  257  2147483647  0  20623107  0  89047775  906474205  259764  239  155899  28693  94566  1557  278108322  
1441332121  149524180  250237  38049172604  706335  48096  663493  187265  157  250216  6118  276484962  5516  1906812  38399  441502  36145005835  21  205  460674  60388  0  416  257  2147483647  0  20623107  0  91152730  922407965  263012  239  155899  28693  96644  1557  284596431  
1441332121  151384923  251144  38191755475  706335  48096  663493  189093  157  251123  6118  285335790  5516  1906812  38399  441502  36280228143  21  205  469698  60388  0  422  257  2147483647  0  20623107  0  104086798  938827572  265407  239  155899  28693  98500  1557  290579826  
1441332122  152504980  251284  38221504102  706335  48096  663493  190085  157  251263  6118  285629471  5516  1906812  38399  441502  36308496088  21  205  470135  60388  0  423  257  2147483647  0  20623107  0  107876703  938827572  265528  239  155899  28693  98500  1557  290673244  
1441332122  153752342  254207  38685925721  706335  48096  663493  192102  157  254186  6118  289049371  5516  1906812  38399  441502  36749462789  21  205  477448  60388  0  426  257  2147483647  0  20623107  0  107878884  1012655316  267666  239  155899  28693  101068  1557  292083247  
1441332123  154505284  256460  39142027356  706335  48096  663493  193286  157  256439  6118  290389305  5516  1906812  38399  441502  37184339727  21  205  479066  60388  0  426  257  2147483647  0  20623107  0  107878884  1012655316  269299  239  155899  28693  101068  1557  293698120  
1441332123  154505284  256460  39142027356  706335  48096  663493  193286  157  256439  6118  290389305  5516  1906812  38399  441502  37184339727  21  205  479066  60388  0  426  257  2147483647  0  20623107  0  107878884  1012655316  269299  239  155899  28693  101068  1557  293698120  
1441332124  155386175  263906  39849844819  706335  48096  663493  194311  157  263885  6118  293762516  5516  1906812  38399  441502  37851619081  21  205  485624  60388  0  430  257  2147483647  0  20623107  0  107888795  1212234011  276009  239  155899  28693  110176  1557  298420915  
1441332124  155543873  266447  40320732947  706335  48096  663493  194562  157  266426  6118  297091338  5516  1906812  38399  441502  38298679188  21  205  491401  60388  0  433  257  2147483647  0  20623107  0  107891242  1231829906  280359  239  155899  28693  112702  1557  303672521  
1441332125  155608629  269046  40888200843  706335  48096  663493  194753  157  269025  6118  300600874  5516  1906812  38399  441502  38839321905  21  205  495442  60388  0  436  257  2147483647  0  20623107  0  107896272  1231829906  282918  239  155899  28693  112702  1557  305405498  
1441332125  155608629  272925  41552785498  706335  48096  663493  194753  157  272904  6118  303773218  5516  1906812  38399  441502  39472622368  21  205  499434  60388  0  436  257  2147483647  0  20623107  0  107896272  1231829906  286130  239  155899  28693  112702  1557  307860196  
1441332126  155856868  277934  42241514264  706335  48096  663493  195233  157  277913  6118  307061197  5516  1906812  38399  441502  40126115433  21  205  506478  60388  0  438  257  2147483647  0  20623107  0  107898491  1244110284  295152  239  155899  28693  117310  1557  315002144  
1441332126  155856868  277934  42241514264  706335  48096  663493  195233  157  277913  6118  307061197  5516  1906812  38399  441502  40126115433  21  205  506478  60388  0  438  257  2147483647  0  20623107  0  107898491  1244110284  295152  239  155899  28693  117310  1557  315002144  
1441332127  156697756  281315  42548831378  706335  48096  663493  196097  157  281294  6118  309867783  5516  1906812  38399  441502  40415959569  21  205  511022  60388  0  439  257  2147483647  0  20623107  0  107901544  1261186255  299211  239  155899  28693  120156  1557  322147737  
1441332127  157559814  287735  42942102914  706335  48096  663493  197256  157  287714  6118  311941646  5516  1906812  38399  441502  40785963267  21  205  514986  60388  0  445  257  2147483647  0  20623107  0  110745121  1322922879  305851  239  155899  28693  125197  1557  331102746  
1441332128  158211290  292379  43109714084  706335  48096  663493  197901  157  292358  6118  314145598  5516  1906812  38399  441502  40941010993  21  205  518846  60388  0  445  257  2147483647  0  20623107  0  110745121  1330646530  309047  220  155899  28693  128013  1536  334684171  
1441332128  159366548  294624  43446438500  706335  48096  663493  199283  157  294603  6118  317116768  5516  1906812  38399  441502  41261841697  21  205  524531  60388  0  447  257  2147483647  0  20623107  0  110746947  1426156601  311214  220  155899  28693  130409  1536  336252252  
1441332129  161254116  294834  43512315846  706335  48096  663493  201011  157  294813  6118  321147021  5516  1906812  38399  441502  41324840737  21  205  529018  60388  0  449  257  2147483647  0  20623107  0  110752527  1426156601  311405  220  155899  28693  130409  1536  336448784  
1441332129  161991396  294932  43550324523  706335  48096  663493  201619  157  294911  6118  326371522  5516  1906812  38399  441502  41361127306  21  205  534618  60388  0  449  257  2147483647  0  20623107  0  110752527  1426156601  311503  220  155899  28693  130409  1536  336565109  
1441332130  164272223  300386  44191515640  708241  48096  665601  204397  157  300365  6118  329992064  5516  1906812  38399  441502  41970922735  21  205  540974  60388  0  452  257  2147483647  0  20623107  0  110763241  1455692325  322709  220  155899  28693  136244  1536  349304652  
1441332131  164272223  300386  44191515640  708241  48096  665601  204397  157  300365  6118  329992064  5516  1906812  38399  441502  41970922735  21  205  540974  60388  0  452  257  2147483647  0  20623107  0  110763241  1455692325  322709  220  155899  28693  136244  1536  349304652  
1441332131  166606950  303226  44738153834  708241  48096  665601  206934  157  303205  6118  334517662  5516  1906812  38399  441502  42492580836  21  205  546291  60388  0  454  257  2147483647  0  20623107  0  110769546  1455692325  325430  220  155899  28693  136244  1536  351244776  
1441332132  167066055  307897  45506628221  708241  48096  665601  207931  157  307876  6118  335275971  5516  1906812  38399  441502  43226152366  21  205  547510  60388  0  455  257  2147483647  0  20623107  0  118843605  1456462119  330244  220  155899  28693  136449  1536  354840041  
1441332132  167986002  309719  45793835123  708241  48096  665601  208763  157  309697  6109  337690472  5516  2152254  38399  441502  43500883958  22  205  550116  60388  0  455  257  2147483647  0  20623107  0  118843605  1456462119  331377  220  155899  28693  136449  1536  355774219  
1441332133  169080533  311656  46141870592  708241  48096  665601  209692  157  311634  6109  343661516  5516  2152254  38399  441502  43832853721  22  205  556298  60388  0  459  257  2147483647  0  20623107  0  118861662  1468498777  333847  220  155899  28693  137488  1536  360746662  
1441332133  170086588  317053  46699088222  708241  48096  665601  210940  157  317031  6109  345989407  5516  2152254  38399  441502  44363239242  22  205  559669  60388  0  460  257  2147483647  0  20623107  0  118862845  1478201537  338741  220  155899  28693  139610  1536  365996885  
1441332134  171271392  320292  47206968493  708241  48096  665601  212348  157  320270  6109  351210303  5516  2152254  38399  441502  44846600197  22  205  568114  60388  0  462  257  2147483647  0  20623107  0  118864983  1493765670  346617  220  155899  28693  145016  1536  373839562  
1441332134  171271392  320292  47206968493  708241  48096  665601  212348  157  320270  6109  351210303  5516  2152254  38399  441502  44846600197  22  205  568114  60388  0  462  257  2147483647  0  20623107  0  118864983  1493765670  346617  220  155899  28693  145016  1536  373839562  
1441332135  172057259  329472  48177929793  708241  48096  665601  213957  157  329450  6109  353349694  5516  2152254  38399  441502  45766140846  22  205  574672  60388  0  463  257  2147483647  0  20623107  0  119379053  1530057675  364156  220  155899  28693  154744  1536  389523091  
1441332135  173980451  331425  48571797779  708241  48096  665601  216389  157  331403  6109  357335683  5516  2152254  38399  441502  46140822646  22  205  580186  60388  0  464  257  2147483647  0  20623107  0  119380030  1538747330  367777  220  155899  28693  156792  1536  393708713  
1441332136  175586337  332486  48886935951  715790  48096  674467  217957  157  332464  6109  360158814  5516  2152254  38399  441502  46441509055  22  205  583501  60388  0  464  257  2147483647  0  20623107  0  119380030  1538747330  368786  220  155899  28693  156792  1536  394664864  
1441332136  176752608  333932  49167803420  715790  48096  674467  218958  157  333910  6109  363846911  5516  2152254  38399  441502  46709038550  22  205  588663  60388  0  468  257  2147483647  0  20623107  0  120884366  1547090620  372895  220  155899  28693  159538  1536  399325547  
1441332137  177694045  337212  49673380548  715790  48096  674467  220399  157  337190  6109  366887988  5516  2152254  38399  441502  47189234774  22  205  594471  60388  0  473  257  2147483647  0  20623107  0  120901364  1636306280  377537  220  155899  28693  163513  1536  403653453  
1441332137  178580185  346575  50694239673  715790  48096  674467  221871  157  346553  6109  368861896  5516  2152254  38399  441502  48156605399  22  205  600444  60388  0  477  257  2147483647  0  20623107  0  121007929  1716367777  392593  220  155899  28693  172154  1536  416099726  
1441332138  178580185  346575  50694239673  715790  48096  674467  221871  157  346553  6109  368861896  5516  2152254  38399  441502  48156605399  22  205  600444  60388  0  477  257  2147483647  0  20623107  0  121007929  1716367777  392593  220  155899  28693  172154  1536  416099726  
1441332138  179189002  357493  51744496012  715790  48096  674467  223375  157  357471  6109  370004024  5516  2152254  38399  441502  49151877710  22  205  603955  60388  0  479  257  2147483647  0  20623107  0  121009148  1890076776  402726  220  155899  28693  180602  1536  419247986  
1441332139  180168387  361229  52354596381  715790  48096  674467  224879  157  361207  6109  372807411  5516  2152254  38399  441502  49731726259  22  205  607444  60388  0  481  257  2147483647  0  20623107  0  121012417  1897505115  406587  220  155899  28693  181550  1536  423541283  
1441332139  180993088  363104  52742743246  715790  48096  674467  225839  157  363082  6109  376753988  5516  2152254  38399  441502  50101690109  22  205  612135  60388  0  481  257  2147483647  0  20623107  0  121012417  1897505115  407946  220  155899  28693  181550  1536  424705761  
1441332140  181553121  370408  53442677913  715790  48096  674467  226992  157  370386  6109  378110591  5516  2152254  38399  441502  50765180924  22  205  615965  60388  0  484  257  2147483647  0  20623107  0  121464654  1948359900  416484  220  155899  28693  186414  1530  432011432  
1441332140  182190071  376042  54175200117  715790  48096  674467  228080  157  376020  6109  379507850  5516  2152254  38812  441502  51463357196  22  205  618353  60388  0  485  257  2147483647  0  20623107  0  121465733  1964366104  422112  220  155899  28693  188974  1530  437206306  
1441332141  183414408  382796  54801938289  715790  48096  674467  229873  157  382774  6109  382726189  5516  2152254  38812  441502  52057135039  22  205  623161  60388  0  488  257  2147483647  0  20623107  0  121467569  2007979276  430020  220  155899  41093  194144  1530  447410935  
1441332141  183414408  382796  54801938289  715790  48096  674467  229873  157  382774  6109  382726189  5516  2152254  38812  441502  52057135039  22  205  623161  60388  0  488  257  2147483647  0  20623107  0  121467569  2007979276  430020  220  155899  41093  194144  1530  447410935  
1441332142  184137542  386394  54945094719  715790  48096  674467  230577  157  386372  6109  384373579  5516  2152254  38812  441502  52189767755  22  205  624891  60388  0  488  257  2147483647  0  20623107  0  121467569  2007979276  430189  220  155899  41093  194144  1530  447618976  
1441332142  185211191  387429  55001384695  715790  48096  674467  231633  157  387407  6109  384859555  5516  2152254  38812  441502  52242339418  22  205  625509  60388  0  488  257  2147483647  0  20623107  0  121467569  2007979276  430274  220  155899  41093  194144  1530  447720529  
1441332143  187118458  391680  55280094995  715790  48096  674467  234069  157  391658  6109  387135945  5516  2152254  38812  441502  52504956883  22  205  631968  60388  0  494  257  2147483647  0  20623107  0  124837781  2035028748  435843  220  155899  41093  198640  1530  456142167  
1441332143  189096789  395188  55721421347  715790  48096  674467  236171  157  395166  6109  391112583  5516  2152254  38812  441502  52924079317  22  205  639186  60388  0  496  257  2147483647  0  20623107  0  124839608  2061724462  444060  220  155899  41093  204469  1530  468047078  
1441332144  190346677  397274  56118506403  715790  48096  674467  237643  157  397252  6109  393727473  5516  2152254  38812  441502  53303174215  22  205  642278  60388  0  496  257  2147483647  0  20623107  0  124839608  2061724462  445533  220  155899  41093  204469  1530  469209312  
1441332144  191196755  400476  56609335463  715790  48096  674467  239125  157  400454  6109  395517502  5516  2152254  38812  441502  53771136526  22  205  644553  60388  0  500  257  2147483647  0  20623107  0  124846425  2061724462  448223  220  155899  41093  204469  1530  470692803  
1441332145  192210008  404143  57136053630  715790  48096  674467  240404  157  404121  6109  397388124  5516  2152254  38812  441502  54272848028  22  205  646445  60388  0  500  257  2147483647  0  20623107  0  124846425  2061745878  450490  220  155899  41093  204472  1530  472216919  
1441332145  192210008  404143  57136053630  715790  48096  674467  240404  157  404121  6109  397388124  5516  2152254  38812  441502  54272848028  22  205  646445  60388  0  500  257  2147483647  0  20623107  0  124846425  2061745878  450490  220  155899  41093  204472  1530  472216919  
1441332146  193486743  408516  57680441405  715790  48096  674467  242122  157  408494  6109  399867498  5516  2152254  54498  441502  54789928997  22  205  649699  60388  0  503  257  2147483647  0  20623107  0  124854246  2073919730  455500  220  155899  41093  206516  1530  478268766  
1441332146  194699391  411881  58301136109  715790  48096  674467  243786  157  411859  6109  401928957  5516  2152254  54498  441502  55383075407  22  205  652281  60388  0  503  257  2147483647  0  20623107  0  124854246  2073919730  458239  220  155899  41093  206516  1530  480606011  
1441332147  195786114  417163  58836097124  715790  48096  674467  245194  157  417141  6109  406455550  5516  2152254  54498  441502  55890442284  22  205  657917  60388  0  504  257  2147483647  0  20623107  0  124855607  2103885175  468270  220  155899  41093  212414  1530  493498037  
1441332147  197109625  419723  59205268350  715790  86118  674467  246765  157  419701  6109  407652158  5516  2152254  54498  441502  56241982063  22  205  659691  60388  0  507  257  2147483647  0  20623107  0  124860289  2105979470  471511  220  155899  41093  213246  1530  495470383  
1441332148  198196939  423409  59905134642  715790  86118  674467  248461  157  423387  6109  409685454  5516  2152254  54498  441502  56910330047  22  205  663511  60388  0  508  257  2147483647  0  20623107  0  124860997  2126558681  475211  220  155899  41093  214526  1530  498357928  
1441332148  199004381  427889  60527912137  715790  86118  674467  249509  157  427867  6109  410882247  5516  2152254  54498  441502  57503287568  22  205  665558  60388  0  511  257  2147483647  0  20623107  0  125598685  2135789846  482229  220  155899  41093  217201  1530  504540261  
1441332149  199004381  427889  60527912137  715790  86118  674467  249509  157  427867  6109  410882247  5516  2152254  54498  441502  57503287568  22  205  665558  60388  0  511  257  2147483647  0  20623107  0  125598685  2135789846  482229  220  155899  41093  217201  1530  504540261  
1441332149  199290414  429152  60693927829  715790  86118  674467  249897  157  429130  6109  420612674  5516  2152254  54498  441502  57661078060  22  205  678633  60388  0  523  257  2147483647  0  20623107  0  140659482  2225211810  486467  220  155899  41093  222901  1530  510668446  
1441332150  199754702  429536  60755721529  715790  86118  674467  250313  157  429514  6109  423371629  5516  2152254  54498  441502  57719880063  22  205  681482  60388  0  525  257  2147483647  0  20623107  0  142265143  2225211810  486627  220  155899  41093  222901  1530  510840059  
1441332150  199754702  433502  61239197420  715790  86118  674467  250313  157  433480  6109  429737146  5516  2152254  54498  441502  58179090398  22  205  694469  60388  0  531  257  2147483647  0  20623107  0  142760303  2310227915  495772  220  155899  41093  231542  1530  523395915  
1441332151  199754702  443032  61983335581  715790  86118  674467  250313  157  443010  6109  432528891  5510  2152254  54498  441502  58883247116  22  205  701698  60388  0  533  257  2147483647  0  20623107  0  142763313  2530598570  504875  220  155899  41093  242026  1530  529314610  
1441332151  199754702  446883  62560639490  715790  86118  674467  250313  157  446860  6109  436167675  5510  2298881  54498  441502  59432701621  23  205  707191  60388  0  533  257  2147483647  0  20623107  0  142763313  2530598570  508139  220  155899  41093  242026  1530  531153643  
1441332152  199754702  452213  63128573439  715790  86118  674467  250313  157  452190  6109  439240015  5510  2298881  54498  441502  59971547447  23  205  711111  60388  0  533  257  2147483647  0  20623107  0  142763313  2530598570  511739  220  155899  41093  242026  1530  532798586  
1441332153  199754702  452213  63128573439  715790  86118  674467  250313  157  452190  6109  439240015  5510  2298881  54498  441502  59971547447  23  205  711111  60388  0  533  257  2147483647  0  20623107  0  142763313  2530598570  511739  220  155899  41093  242026  1530  532798586  
1441332153  200120955  453724  63401633309  715790  86118  674467  250670  157  453701  6109  447097324  5510  2298881  54498  441502  60231466994  23  205  721420  60388  0  536  257  2147483647  0  20623107  0  142769180  2563627701  517656  220  155899  41093  246592  1530  543813399  
1441332154  200417775  461078  64158837651  715790  86118  674467  251379  157  461055  6109  448353414  5510  2298881  54498  441502  60951960867  23  205  724163  60388  0  538  257  2147483647  0  20623107  0  148969661  2577370868  526174  220  155899  41093  250432  1500  552433980  
1441332154  201481077  464892  64271656838  715790  86118  674467  252435  157  464869  6109  450990735  5510  2298881  54498  441502  61055046843  23  205  727232  60388  0  538  257  2147483647  0  20623107  0  148969661  2644137966  526236  220  155899  41093  251457  1500  552503062  
1441332155  202032368  469010  64358267766  715790  86118  674467  252920  157  468987  6109  453134166  5510  2298881  54498  441502  61133968471  23  205  730063  60388  0  539  257  2147483647  0  20623107  0  148975691  2658151131  529115  220  155899  41093  254277  1500  557810507  
1441332155  202994791  470413  64676763427  715790  86118  674467  254072  157  470390  6109  455266110  5510  2298881  54498  441502  61438889700  23  205  733510  60388  0  542  257  2147483647  0  20623107  0  148978727  2658151131  530518  220  155899  41093  254277  1500  559156620  
1441332156  204357204  471167  64870917073  715790  86118  674467  255576  157  471144  6109  458787520  5510  2298881  54498  441502  61624708041  23  205  737332  60388  0  542  257  2147483647  0  20623107  0  148978727  2658151131  531271  220  155899  41093  254277  1500  559851463  
1441332156  204357204  471167  64870917073  715790  86118  674467  255576  157  471144  6109  458787520  5510  2298881  54498  441502  61624708041  23  205  737332  60388  0  542  257  2147483647  0  20623107  0  148978727  2658151131  531271  220  155899  41093  254277  1500  559851463  
1441332157  205717229  471598  64994224923  715790  86118  674467  257151  157  471575  6109  466218501  5510  2298881  54498  441502  61742559229  23  205  750100  60388  0  545  257  2147483647  0  20623107  0  151957520  2694499432  538614  220  155899  41093  261189  1500  573502494  
1441332157  206668139  473275  65227328256  715790  86118  674467  258335  157  473252  6109  470118363  5510  2298881  54498  441502  61964094609  23  205  753991  60388  0  547  257  2147483647  0  20623107  0  157255818  2694499432  540093  220  155899  41093  261189  1500  574375356  
1441332158  207432330  474272  65486595573  715790  86118  674467  259135  157  474249  6109  471228852  5510  2298881  54498  441502  62212451077  23  205  755379  60388  0  547  257  2147483647  0  20623107  0  157255818  2694499432  541000  220  155899  41093  261189  1500  575363209  
1441332158  209965552  476910  65811505562  715790  86118  674467  261568  157  476887  6109  473631978  5510  2298881  54498  441502  62520199373  23  205  758264  60388  0  548  257  2147483647  0  20623107  0  159475055  2696193804  544082  220  155899  41093  261701  1500  577148804  
1441332159  212241749  481818  66499211294  715790  86118  674467  265056  157  481795  6109  476667443  5510  2298881  54498  441502  63174860403  23  205  762338  60388  0  549  257  2147483647  0  20623107  0  159476570  2700594230  549969  220  155899  41093  262741  1500  580981123  
1441332159  214689478  484896  66958767473  715790  86118  674467  267872  157  484873  6109  480875462  5510  2298881  54498  441502  63612316893  23  205  768113  60388  0  550  257  2147483647  0  20623107  0  159478073  2712633992  554581  220  155899  41093  265429  1500  587122661  
1441332161  217917198  495653  68466508098  715790  86118  674467  273083  157  495630  6109  485834969  5510  2298881  54498  441502  65045524722  23  205  777557  60388  0  557  257  2147483647  0  20623107  0  164200652  2759972994  571243  220  155899  41093  272770  1500  600026510  
1441332161  218958773  499021  69046322302  715790  86118  674467  275080  157  498998  6109  489396621  5510  2298881  54498  441502  65597948718  23  205  784898  60388  0  562  257  2147483647  0  20623107  0  164856658  2793442383  578989  220  155899  41093  277818  1500  609545338  
1441332162  220074708  501966  69546274979  715790  86118  674467  276808  157  501943  6109  491728068  5510  2298881  54498  441502  66074378842  23  205  787925  60388  0  563  257  2147483647  0  20623107  0  164858935  2793442383  581205  220  155899  41093  277818  1500  611033647  
1441332162  220550924  504331  69906482345  715790  86118  674467  277352  157  504308  6109  494150633  5510  2298881  54498  441502  66417343558  23  205  792538  60388  0  565  257  2147483647  0  20623107  0  164860044  2798613796  584858  220  155899  41093  279354  1500  614411673  
1441332163  221043355  505815  70201161142  715790  86118  674467  277896  157  505792  6109  495570833  5510  2298881  54498  441502  66698255297  23  205  794953  60388  0  567  257  2147483647  0  20623107  0  165605926  2798613796  586053  220  155899  41093  279354  1500  615319319  
1441332163  221918155  510323  70894457949  715790  86118  674467  279276  157  510300  6109  497465710  5510  2298881  54498  441502  67358399755  23  205  798849  60388  0  569  257  2147483647  0  20623107  0  166688476  2856263339  590086  220  155899  41093  282170  1500  617412973  
1441332164  222561481  515452  71705394502  715790  86118  674467  281100  157  515429  6109  497843776  5510  2298881  54498  441502  68131360514  23  205  799596  60388  0  569  257  2147483647  0  20623107  0  166688476  2856263339  595213  220  155899  41093  282170  1500  619986896  
1441332164  222561481  515452  71705394502  715790  86118  674467  281100  157  515429  6109  497843776  5510  2298881  54498  441502  68131360514  23  205  799596  60388  0  569  257  2147483647  0  20623107  0  166688476  2856263339  595213  220  155899  41093  282170  1500  619986896  
1441332165  223731134  518906  72365591772  715790  86118  674467  283148  157  518883  6109  499431193  5510  2298881  54498  441502  68761076638  23  205  802088  60388  0  569  257  2147483647  0  20623107  0  166688476  2856263339  598647  220  155899  41093  282170  1500  621988654  
1441332165  224210411  520535  72786875917  715790  86118  674467  284016  157  520512  6109  502371880  5510  2298881  54498  441502  69163211509  23  205  805635  60388  0  570  257  2147483647  0  20623107  0  166690768  2856263339  600264  220  155899  41093  282170  1500  623296881  
1441332166  224931620  528687  73613492191  715790  86118  674467  285232  157  528664  6109  504264931  5510  2298881  54498  441502  69945843775  23  205  809949  60388  0  570  257  2147483647  0  20623107  0  166690768  3037079553  606801  220  155899  41093  289338  1500  626056615  
1441332166  225974800  533102  74335335340  715790  86118  674467  286684  157  533079  6109  508011075  5510  2298881  54498  441502  70632285961  23  205  815652  60388  0  573  257  2147483647  0  20623107  0  167124680  3073354211  612408  220  155899  41093  292079  1500  631979204  
1441332167  226197486  535109  74740021109  715790  86118  674467  286972  157  535086  6109  511630194  5510  2298881  54498  441502  71018227159  23  205  820435  60388  0  575  257  2147483647  0  20623107  0  167251373  3079298230  615028  220  155899  41093  292848  1500  634120879  
1441332167  226197486  535109  74740021109  715790  86118  674467  286972  157  535086  6109  511630194  5510  2298881  54498  441502  71018227159  23  205  820435  60388  0  575  257  2147483647  0  20623107  0  167251373  3079298230  615028  220  155899  41093  292848  1500  634120879  
1441332168  226831570  539104  75022875597  715790  86118  674467  287716  157  539081  6109  513702617  5510  2298881  54498  441502  71283167145  23  205  825437  60388  0  576  257  2147483647  0  20623107  0  167252386  3115693017  618560  220  155899  41093  296688  1500  637281059  
1441332169  227711555  542696  75575281240  715790  86118  674467  289292  157  542673  6109  517466856  5510  2298881  54498  441502  71806682030  23  205  832878  60388  0  580  257  2147483647  0  20623107  0  167261559  3151695568  627252  220  155899  41093  302611  1500  646109365  
1441332169  228752918  544187  76007959526  715790  86118  674467  290828  157  544164  6109  519623321  5510  2298881  54498  441502  72220268947  23  205  835857  60388  0  580  257  2147483647  0  20623107  0  167261559  3151695568  628743  220  155899  41093  302611  1500  647449727  
1441332170  230031723  545246  76218558283  715790  86118  674467  291892  157  545223  6109  522693522  5510  2298881  54498  441502  72420855946  23  205  841091  60388  0  585  257  2147483647  0  20623107  0  174490393  3214706435  629754  220  155899  41093  304979  1500  648304319  
1441332170  232643178  548588  76389572361  715790  86118  674467  294367  157  548565  6109  524529410  5510  2298881  54498  441502  72580254781  23  205  845930  60388  0  587  257  2147483647  0  20623107  0  174491506  3218717140  631974  220  155899  41093  306515  1500  650224889  
1441332171  235276148  553643  76687652167  715790  86118  674467  296927  157  553620  6109  525769752  5510  2298881  54498  441502  72859228918  23  205  847103  60388  0  587  257  2147483647  0  20623107  0  174491506  3221134984  632549  220  155899  41093  306534  1500  650790546  
1441332171  235276148  553643  76687652167  715790  86118  674467  296927  157  553620  6109  525769752  5510  2298881  54498  441502  72859228918  23  205  847103  60388  0  587  257  2147483647  0  20623107  0  174491506  3221134984  632549  220  155899  41093  306534  1500  650790546  
1441332172  237118165  555996  77085320288  715790  86118  674467  298847  157  555973  6109  528692009  5510  2298881  54498  441502  73238076002  23  205  850743  60388  0  592  257  2147483647  0  20623107  0  182739604  3221134984  633919  220  155899  41093  306534  1500  651951167  
1441332172  238864630  558027  77526502521  715790  86118  674467  300991  157  558004  6109  531462234  5510  2298881  54498  441502  73660752574  23  205  854291  60388  0  592  257  2147483647  0  20623107  0  182739604  3221134984  635770  220  155899  41093  306534  1500  653514617  
1441332173  240163713  561343  77929669268  715790  86118  674467  302719  157  561320  6109  534052365  5510  2298881  54498  441502  74044686930  23  205  856938  60388  0  592  257  2147483647  0  20623107  0  182739604  3221134984  637767  220  155899  41093  306534  1500  654653738  
1441332173  241548104  562312  78205617776  715790  86118  674467  304095  157  562289  6109  536595317  5510  2298881  54498  441502  74308881524  23  205  859708  60388  0  592  257  2147483647  0  20623107  0  182739604  3221134984  638597  220  155899  41093  306534  1500  655499643  
1441332174  243097787  564809  78679245522  715790  86118  674467  305567  157  564786  6109  539077678  5510  2298881  54498  441502  74761130733  23  205  863128  60388  0  597  257  2147483647  0  20623107  0  183021885  3222834619  641341  220  155899  41093  307047  1500  657646380  
1441332174  243705040  570374  79534808607  715790  86118  674467  306975  157  570351  6109  539698771  5510  2298881  54498  441502  75578755173  23  205  864463  60388  0  598  257  2147483647  0  20623107  0  183024791  3222834619  646353  220  155899  41093  307047  1500  660713454  
1441332175  244662327  574557  79939511075  715790  86118  674467  308255  157  574534  6109  542406122  5510  2298881  54498  441502  75960562534  23  205  869681  60388  0  601  257  2147483647  0  20623107  0  183640104  3245114187  651740  220  155899  41093  310632  1500  666857383  
1441332175  244662327  574557  79939511075  715790  86118  674467  308255  157  574534  6109  542406122  5510  2298881  54498  441502  75960562534  23  205  869681  60388  0  601  257  2147483647  0  20623107  0  183640104  3245114187  651740  220  155899  41093  310632  1500  666857383  
1441332176  245160536  579275  80612518553  715790  86118  674467  309091  157  579251  6109  545259282  5510  2503933  54498  441502  76600223398  24  205  875747  60388  0  606  257  2147483647  0  20623107  0  190846747  3267300578  660458  220  155899  41093  315256  1488  674038598  
1441332176  245483996  582445  81165839683  715790  86118  674467  309732  157  582421  6109  548105512  5510  2503933  54498  441502  77127491510  24  205  880825  60388  0  607  257  2147483647  0  20623107  0  190848250  3308806601  665066  220  155899  41093  318363  1488  679185209  
1441332177  246336571  583757  81403263385  715790  86118  674467  310664  157  583733  6109  551748989  5510  2503933  54498  441502  77354094310  24  205  885213  60388  0  610  257  2147483647  0  20623107  0  190856930  3317786279  667095  220  155899  41093  319707  1488  681459257  
1441332177  246884473  585540  81813023032  715790  86118  674467  311336  157  585516  6109  555059971  5510  2503933  54498  441502  77745469062  24  205  888985  60388  0  611  257  2147483647  0  20623107  0  193400449  3317786279  668392  220  155899  41093  319707  1488  682682263  
1441332178  247715084  587789  82358127728  715790  86118  674467  312552  157  587765  6109  557753653  5510  2503933  54498  441502  78266266403  24  205  892534  60388  0  613  257  2147483647  0  20623107  0  197598221  3317786279  670062  220  155899  41093  319707  1488  684301182  
1441332178  247715084  587789  82358127728  715790  86118  674467  312552  157  587765  6109  557753653  5510  2503933  54498  441502  78266266403  24  205  892534  60388  0  613  257  2147483647  0  20623107  0  197598221  3317786279  670062  220  155899  41093  319707  1488  684301182  
1441332179  248706898  590424  82546792768  715790  86118  674467  313740  157  590400  6109  559613925  5510  2503933  54498  441502  78443426479  24  205  899546  60388  0  618  257  2147483647  0  20623107  0  197603782  3462005675  671947  220  175569  41093  325087  1488  684853347  
1441332179  250148320  594213  83212105517  715790  86118  674467  316108  157  594189  6109  562165681  5510  2503933  54498  441502  79077654222  24  205  903144  60388  0  618  257  2147483647  0  20623107  0  197603782  3462005675  675151  220  175569  41093  325087  1488  686855287  
1441332180  251682989  596952  83652443228  715790  86118  674467  317850  157  596928  6109  565053910  5510  2503933  54498  441502  79496619084  24  205  906436  60388  0  620  257  2147483647  0  20623107  0  205663285  3462005675  677408  220  175569  41093  325087  1488  688143809  
1441332180  252609163  601525  84339122261  715790  86118  674467  319738  157  601501  6109  566124941  5510  2503933  54498  441502  80152169458  24  205  908090  60388  0  620  257  2147483647  0  20623107  0  205663285  3462005675  681338  220  175569  41093  325087  1488  690203806  
1441332181  253706605  602173  84502089579  715790  86118  674467  320730  157  602149  6109  570774735  5510  2503933  54498  441502  80307844037  24  205  913191  60388  0  620  257  2147483647  0  20623107  0  205663285  3462005675  681755  220  175569  41093  325087  1488  690676737  
1441332181  254175730  604032  84722618862  715790  86118  674467  321310  157  604008  6109  573597387  5510  2503933  54498  441502  80517150360  24  205  916054  60388  0  621  257  2147483647  0  20623107  0  208711112  3462116661  682579  220  175569  41093  325091  1488  691320193  
1441332182  254175730  604032  84722618862  715790  86118  674467  321310  157  604008  6109  573597387  5510  2503933  54498  441502  80517150360  24  205  916054  60388  0  621  257  2147483647  0  20623107  0  208711112  3462116661  682579  220  175569  41093  325091  1488  691320193  
1441332182  254765441  608522  85360061771  715790  86118  674467  322558  157  608498  6109  576749036  5510  2503933  54498  441502  81125197384  24  205  923749  60388  0  626  257  2147483647  0  20623107  0  211367813  3501493035  691490  220  175569  41186  330904  1488  699612793  
1441332183  255195895  615644  85828911254  715790  86118  674467  323424  157  615620  6109  580150840  5504  2503933  54498  441502  81568763816  24  205  930636  60388  0  628  257  2147483647  0  20623107  0  211368932  3527980725  701363  220  175569  41186  338584  1488  709865498  
1441332183  255959018  617592  86233273954  715790  86118  674467  324416  157  617568  6109  583420519  5504  2503933  54498  441502  81954700319  24  205  934865  60388  0  631  257  2147483647  0  20623107  0  212677299  3569233684  703078  220  175569  41186  339609  1488  711094252  
1441332184  256631692  619018  86492168641  715790  86118  674467  325152  157  618994  6109  587556499  5504  2503933  54498  441502  82200981744  24  205  939959  60388  0  635  257  2147483647  0  20623107  0  216304236  3583181357  705586  220  175569  41186  340957  1488  714063655  
1441332184  257099866  620993  87033574338  715790  86118  674467  325760  157  620969  6109  591125320  5504  2503933  54498  441502  82718231125  24  205  948448  60388  0  639  257  2147483647  0  20623107  0  218384348  3587893895  709095  220  175569  41186  342493  1488  717715936  
1441332185  257563346  621470  87157204013  715790  86118  674467  326240  157  621446  6109  593306980  5504  2503933  54498  441502  82836202709  24  205  953662  60388  0  641  257  2147483647  0  20623107  0  218385461  3670841059  709570  220  175569  41186  345053  1488  718093933  
1441332185  257563346  621470  87157204013  715790  86118  674467  326240  157  621446  6109  593306980  5504  2503933  54498  441502  82836202709  24  205  953662  60388  0  641  257  2147483647  0  20623107  0  218385461  3670841059  709570  220  175569  41186  345053  1488  718093933  
1441332186  258149414  622316  87395359484  715790  86118  674467  326848  157  622292  6109  598500603  5504  2503933  54498  441502  83063742669  24  205  959949  60388  0  641  257  2147483647  0  20623107  0  218385461  3670841059  710208  220  175569  41186  345053  1488  718821835  
1441332186  258573411  626476  88044953396  715790  86118  674467  327840  157  626452  6109  600283209  5504  2503933  54498  441502  83683294698  24  205  964610  60388  0  644  257  2147483647  0  20623107  0  218387989  3677685800  715700  220  175569  41186  346539  1488  723849451  
1441332187  259208262  630105  88612835814  715790  86118  674467  328832  157  630081  6109  601886098  5504  2503933  54498  441502  84223318598  24  205  966912  60388  0  644  257  2147483647  0  20623107  0  218387989  3677685800  718325  220  175569  41186  346539  1488  725547407  
1441332187  260605847  634557  89327189022  715790  86118  674467  330944  157  634533  6109  603883904  5504  2503933  54498  441502  84904765185  24  205  969805  60388  0  644  257  2147483647  0  20623107  0  218387989  3677685800  722691  220  175569  41186  346539  1488  727698250  
1441332188  261244064  637456  89675600708  715790  86118  674467  331777  157  637432  6109  607258313  5504  2503933  54498  441502  85235569521  24  205  973441  60388  0  644  257  2147483647  0  20623107  0  218387989  3679206011  725355  220  175569  41186  347051  1488  729440257  
1441332188  262497117  639210  90072370906  715790  86118  674467  333153  157  639186  6109  610013857  5504  2503933  54498  441502  85615315041  24  205  976342  60388  0  645  257  2147483647  0  20623107  0  218394313  3679206011  726590  220  175569  41186  347051  1488  730617976  
1441332189  262497117  639210  90072370906  715790  86118  674467  333153  157  639186  6109  610013857  5504  2503933  54498  441502  85615315041  24  205  976342  60388  0  645  257  2147483647  0  20623107  0  218394313  3679206011  726590  220  175569  41186  347051  1488  730617976  
1441332189  262918981  639591  90161389646  715790  86118  674467  333665  157  639567  6109  615979646  5504  2503933  54498  441502  85700365703  24  205  983060  60388  0  649  257  2147483647  0  20623107  0  226509881  3708390327  728462  220  175569  41186  348772  1488  736764213  
1441332190  263534287  644953  90595455178  715790  86118  674467  334341  157  644929  6109  620722670  5504  2503933  54498  441502  86111386491  24  205  995723  60388  0  653  257  2147483647  0  20623107  0  227392898  3771710371  740974  220  175569  41186  360304  1488  748576567  
1441332190  264087609  646571  90993709462  715790  86118  674467  334951  157  646547  6109  624846162  5504  2503933  54498  441502  86492270879  24  205  1000500  60388  0  655  257  2147483647  0  20623107  0  227397567  3771812556  742523  220  175569  41186  360311  1488  749778016  
1441332191  264671295  647929  91296213188  715790  86118  674467  335759  157  647905  6109  629148613  5504  2503933  54498  441502  86780656458  24  205  1008586  60388  0  659  257  2147483647  0  20623107  0  227611466  3776717986  745399  220  175569  41186  361910  1488  752631320  
1441332191  266657270  648257  91388654532  715790  86118  674467  337583  157  648233  6109  630255140  5504  2503933  54498  441502  86869049623  24  205  1010445  60388  0  661  257  2147483647  0  20623107  0  233284025  3776717986  745672  220  175569  41186  361910  1488  752910294  
1441332192  267924005  649397  91706644817  715790  86118  674467  339183  157  649373  6109  633671144  5504  2503933  54498  441502  87173853306  24  205  1015574  60388  0  664  257  2147483647  0  20623107  0  235846917  3786964564  747929  220  175569  41186  363190  1488  757789319  
1441332193  269793228  652447  92331166237  715790  86118  674467  342127  157  652423  6109  636254177  5504  2503933  54498  441502  87771310780  24  205  1019042  60388  0  664  257  2147483647  0  20623107  0  235846917  3786964564  750639  220  175569  41186  363190  1488  759650030  
1441332193  269793228  652447  92331166237  715790  86118  674467  342127  157  652423  6109  636254177  5504  2503933  54498  441502  87771310780  24  205  1019042  60388  0  664  257  2147483647  0  20623107  0  235846917  3786964564  750639  220  175569  41186  363190  1488  759650030  
1441332194  271064117  654188  92694419751  715790  86118  674467  343791  157  654164  6109  639693144  5504  2503933  54498  441502  88118501776  24  205  1022684  60388  0  664  257  2147483647  0  20623107  0  235846917  3786964564  752216  220  175569  41186  363190  1488  760745994  
1441332194  272704313  655711  93015784038  715790  86118  674467  345295  157  655687  6109  641618014  5504  2503933  54498  441502  88426970302  24  205  1024895  60388  0  665  257  2147483647  0  20623107  0  235849866  3786964564  753622  220  175569  41186  363190  1488  761962302  
1441332195  274103794  661331  93747911154  715790  86118  674467  347407  157  661307  6109  643848844  5504  2503933  54498  441502  89125032481  24  205  1029034  60388  0  665  257  2147483647  0  20623107  0  235849866  3869532614  758159  220  175569  41186  367222  1488  764181855  
1441332195  275072187  668497  94368340688  715790  86118  674467  349424  157  668473  6109  646400111  5504  2503933  54498  441502  89715063572  24  205  1034378  60388  0  666  257  2147483647  0  20623107  0  237381998  3965962125  766106  220  175569  41186  373690  1488  768562671  
1441332196  276193194  669110  94463706272  715790  86118  674467  350608  157  669086  6109  651716973  5504  2503933  54498  441502  89806115266  24  205  1040444  60388  0  667  257  2147483647  0  20623107  0  237385889  3976672093  767299  220  175569  41186  374638  1488  772514922  
1441332196  276193194  669110  94463706272  715790  86118  674467  350608  157  669086  6109  651716973  5504  2503933  54498  441502  89806115266  24  205  1040444  60388  0  667  257  2147483647  0  20623107  0  237385889  3976672093  767299  220  175569  41186  374638  1488  772514922  
1441332197  277793729  674851  95289684842  715790  86118  674467  352811  157  674827  6109  654282168  5504  2503933  54498  441502  90594630098  24  205  1046707  60388  0  668  257  2147483647  0  20623107  0  237388066  3994460136  778884  220  175569  41186  381170  1488  782235973  
1441332197  279596476  679654  95872616324  715790  86118  674467  355403  157  679630  6109  657911674  5504  2503933  54498  441502  91150217047  24  205  1053408  60388  0  672  257  2147483647  0  20623107  0  237391508  4015943547  785528  220  175569  41186  384634  1488  787426942  
1441332198  281278021  681955  96231234613  715790  86118  674467  357259  157  681931  6109  661593892  5504  2503933  54498  441502  91492692787  24  205  1058153  60388  0  673  257  2147483647  0  20623107  0  237392721  4049957303  787063  220  175569  41186  385402  1488  788466738  
1441332198  282878554  686036  96658894134  715790  86118  674467  359115  157  686012  6109  663603773  5504  2503933  54498  441502  91900143362  24  205  1060969  60388  0  675  257  2147483647  0  20623107  0  237399012  4062563818  790636  220  175569  41186  387485  1488  794075028  
1441332199  284087756  688804  96868201056  715790  86118  674467  360301  157  688780  6109  664395143  5504  2503933  54498  441502  92097693935  24  205  1061766  60388  0  676  257  2147483647  0  20623107  0  239702870  4065185332  791139  220  175569  41186  387620  1488  795005695  
1441332199  285337465  691672  97076594732  715790  86118  674467  361805  157  691648  6109  665155601  5504  2503933  54498  441502  92294140541  24  205  1062509  60388  0  676  257  2147483647  0  20623107  0  239702870  4065540004  791513  220  175569  41186  387633  1488  795440725  
1441332200  285756856  695910  97618807214  715790  86118  674467  362573  157  695886  6109  666191315  5504  2503933  54498  441502  92811811570  24  205  1063957  60388  0  676  257  2147483647  0  20623107  0  239702870  4065540004  794059  220  175569  41186  387633  1488  796979710  
1441332200  285756856  695910  97618807214  715790  86118  674467  362573  157  695886  6109  666191315  5504  2503933  54498  441502  92811811570  24  205  1063957  60388  0  676  257  2147483647  0  20623107  0  239702870  4065540004  794059  220  175569  41186  387633  1488  796979710  
