#Type:X;CI:2;ww:0;ca:0;co:1;fr:0;Type:X;CI:2;PI:0;PT:EP;U0:0;U1:0;
#time  Pp  gt  gs  cn  cm  cb  Nc  Pc  cp  Tc  Nm  pr  ps  pt  px  pd  Pm  Om  fs  ft  Oc  Em  Gp  Ec  Ge  ot  os  Total_cycles_diff  Successful_get_diff  Total_get_diff  succ_put_diff  total_put_diff  get_hit  
1441501113  0  0  0  0  0  0  0  0  0  3082  0  0  0  0  0  0  0  0  0  0  0  0  0  0  0  0  0  3082  0  0  0  0  
1441501114  0  0  0  0  0  0  0  0  0  3082  0  0  0  0  0  0  0  0  0  0  0  0  0  0  0  0  0  0  0  0  0  0  0 
1441501114  0  0  0  0  0  0  0  0  0  690467  0  0  0  0  0  0  0  0  0  0  0  0  0  0  0  0  0  687385  0  0  0  0  0 
1441501115  0  0  0  0  0  0  0  0  0  1206823  0  0  0  0  0  0  0  0  0  0  0  0  0  0  0  0  0  516356  0  0  0  0  0 
1441501115  0  0  0  0  0  0  0  0  0  1424829  0  0  0  0  0  0  0  0  0  0  0  0  0  0  0  0  0  218006  0  0  0  0  0 
1441501116  0  0  0  0  0  0  0  0  0  1574754  0  0  0  0  0  0  0  0  0  0  0  0  0  0  0  0  0  149925  0  0  0  0  0 
1441501116  0  0  0  0  0  0  0  0  0  2033011  0  0  0  0  0  0  0  0  0  13  0  0  0  0  0  38  0  458257  0  0  0  0  0 
1441501117  0  0  0  0  0  0  0  0  0  2640422  0  0  0  0  0  0  0  0  0  15  0  0  0  0  0  41  0  607411  0  0  0  0  0 
1441501117  0  0  0  0  0  0  0  0  0  2640422  0  0  0  0  0  0  0  0  0  15  0  0  0  0  0  41  0  0  0  0  0  0  0 
1441501118  0  0  0  0  0  0  0  0  0  3145047  0  0  0  0  0  0  0  0  0  21  0  0  0  0  0  46  0  504625  0  0  0  0  0 
1441501118  0  0  0  0  0  0  0  0  0  3449433  0  0  0  0  0  0  0  0  0  21  0  0  0  0  0  46  0  304386  0  0  0  0  0 
1441501119  0  0  0  0  0  0  0  0  0  3449433  0  0  0  0  0  0  0  0  0  21  0  0  0  0  0  46  0  0  0  0  0  0  0 
1441501119  0  0  0  0  0  0  0  0  0  3449433  0  0  0  0  0  0  0  0  0  21  0  0  0  0  0  46  0  0  0  0  0  0  0 
1441501120  0  0  0  0  0  0  0  0  0  3449433  0  0  0  0  0  0  0  0  0  21  0  0  0  0  0  46  0  0  0  0  0  0  0 
1441501120  0  0  0  0  0  0  0  0  0  3449433  0  0  0  0  0  0  0  0  0  21  0  0  0  0  0  46  0  0  0  0  0  0  0 
1441501121  0  0  0  0  0  0  0  0  0  3449433  0  0  0  0  0  0  0  0  0  21  0  0  0  0  0  46  0  0  0  0  0  0  0 
1441501121  0  0  0  0  0  0  0  0  0  3449433  0  0  0  0  0  0  0  0  0  21  0  0  0  0  0  46  0  0  0  0  0  0  0 
1441501122  0  0  0  0  0  0  0  0  0  3449433  0  0  0  0  0  0  0  0  0  21  0  0  0  0  0  46  0  0  0  0  0  0  0 
1441501122  0  0  0  0  0  0  0  0  0  3449433  0  0  0  0  0  0  0  0  0  21  0  0  0  0  0  46  0  0  0  0  0  0  0 
1441501123  0  0  0  0  0  0  0  0  0  3449433  0  0  0  0  0  0  0  0  0  21  0  0  0  0  0  46  0  0  0  0  0  0  0 
1441501123  0  0  0  0  0  0  0  0  0  3449433  0  0  0  0  0  0  0  0  0  21  0  0  0  0  0  46  0  0  0  0  0  0  0 
1441501124  0  0  0  0  0  0  0  0  0  3449433  0  0  0  0  0  0  0  0  0  21  0  0  0  0  0  46  0  0  0  0  0  0  0 
1441501124  0  0  0  0  0  0  0  0  0  3449433  0  0  0  0  0  0  0  0  0  21  0  0  0  0  0  46  0  0  0  0  0  0  0 
1441501125  0  0  0  0  0  0  0  0  0  3449433  0  0  0  0  0  0  0  0  0  21  0  0  0  0  0  46  0  0  0  0  0  0  0 
1441501125  0  0  0  0  0  0  0  0  0  3449433  0  0  0  0  0  0  0  0  0  21  0  0  0  0  0  46  0  0  0  0  0  0  0 
1441501126  0  0  0  0  0  0  0  0  0  3449433  0  0  0  0  0  0  0  0  0  21  0  0  0  0  0  46  0  0  0  0  0  0  0 
1441501126  0  0  0  0  0  0  0  0  0  3449433  0  0  0  0  0  0  0  0  0  21  0  0  0  0  0  46  0  0  0  0  0  0  0 
1441501127  0  0  0  0  0  0  0  0  0  3449433  0  0  0  0  0  0  0  0  0  21  0  0  0  0  0  46  0  0  0  0  0  0  0 
1441501127  0  0  0  0  0  0  0  0  0  3449433  0  0  0  0  0  0  0  0  0  21  0  0  0  0  0  46  0  0  0  0  0  0  0 
1441501128  0  0  0  0  0  0  0  0  0  3449433  0  0  0  0  0  0  0  0  0  21  0  0  0  0  0  46  0  0  0  0  0  0  0 
1441501128  0  0  0  0  0  0  0  0  0  3449433  0  0  0  0  0  0  0  0  0  21  0  0  0  0  0  46  0  0  0  0  0  0  0 
1441501129  0  0  0  0  0  0  0  0  0  3449433  0  0  0  0  0  0  0  0  0  21  0  0  0  0  0  46  0  0  0  0  0  0  0 
1441501129  0  0  0  0  0  0  0  0  0  3449433  0  0  0  0  0  0  0  0  0  21  0  0  0  0  0  46  0  0  0  0  0  0  0 
1441501130  0  0  0  0  0  0  0  0  0  3449433  0  0  0  0  0  0  0  0  0  21  0  0  0  0  0  46  0  0  0  0  0  0  0 
1441501130  0  0  0  0  0  0  0  0  0  3449433  0  0  0  0  0  0  0  0  0  21  0  0  0  0  0  46  0  0  0  0  0  0  0 
1441501131  0  0  0  0  0  0  0  0  0  3449433  0  0  0  0  0  0  0  0  0  21  0  0  0  0  0  46  0  0  0  0  0  0  0 
1441501131  0  0  0  0  0  0  0  0  0  3449433  0  0  0  0  0  0  0  0  0  21  0  0  0  0  0  46  0  0  0  0  0  0  0 
1441501132  0  0  0  0  0  0  0  0  0  3449433  0  0  0  0  0  0  0  0  0  21  0  0  0  0  0  46  0  0  0  0  0  0  0 
1441501132  0  0  0  0  0  0  0  0  0  3449433  0  0  0  0  0  0  0  0  0  21  0  0  0  0  0  46  0  0  0  0  0  0  0 
1441501133  0  0  0  0  0  0  0  0  0  3449433  0  0  0  0  0  0  0  0  0  21  0  0  0  0  0  46  0  0  0  0  0  0  0 
1441501133  0  0  0  0  0  0  0  0  0  3449433  0  0  0  0  0  0  0  0  0  21  0  0  0  0  0  46  0  0  0  0  0  0  0 
1441501134  0  0  0  0  0  0  0  0  0  3449433  0  0  0  0  0  0  0  0  0  21  0  0  0  0  0  46  0  0  0  0  0  0  0 
1441501134  0  0  0  0  0  0  0  0  0  3449433  0  0  0  0  0  0  0  0  0  21  0  0  0  0  0  46  0  0  0  0  0  0  0 
1441501135  0  0  0  0  0  0  0  0  0  3449433  0  0  0  0  0  0  0  0  0  21  0  0  0  0  0  46  0  0  0  0  0  0  0 
1441501135  0  0  0  0  0  0  0  0  0  3449433  0  0  0  0  0  0  0  0  0  21  0  0  0  0  0  46  0  0  0  0  0  0  0 
1441501136  0  0  0  0  0  0  0  0  0  3449433  0  0  0  0  0  0  0  0  0  21  0  0  0  0  0  46  0  0  0  0  0  0  0 
1441501136  0  0  0  0  0  0  0  0  0  3449433  0  0  0  0  0  0  0  0  0  21  0  0  0  0  0  46  0  0  0  0  0  0  0 
1441501137  0  0  0  0  0  0  0  0  0  3449433  0  0  0  0  0  0  0  0  0  21  0  0  0  0  0  46  0  0  0  0  0  0  0 
1441501137  0  0  0  0  0  0  0  0  0  3449433  0  0  0  0  0  0  0  0  0  21  0  0  0  0  0  46  0  0  0  0  0  0  0 
1441501138  0  0  0  0  0  0  0  0  0  3449433  0  0  0  0  0  0  0  0  0  21  0  0  0  0  0  46  0  0  0  0  0  0  0 
1441501138  0  0  0  0  0  0  0  0  0  3449433  0  0  0  0  0  0  0  0  0  21  0  0  0  0  0  46  0  0  0  0  0  0  0 
1441501139  0  0  0  0  0  0  0  0  0  3449433  0  0  0  0  0  0  0  0  0  21  0  0  0  0  0  46  0  0  0  0  0  0  0 
1441501139  0  0  0  0  0  0  0  0  0  3449433  0  0  0  0  0  0  0  0  0  21  0  0  0  0  0  46  0  0  0  0  0  0  0 
1441501140  0  0  0  0  0  0  0  0  0  3449433  0  0  0  0  0  0  0  0  0  21  0  0  0  0  0  46  0  0  0  0  0  0  0 
1441501140  0  0  0  0  0  0  0  0  0  3449433  0  0  0  0  0  0  0  0  0  21  0  0  0  0  0  46  0  0  0  0  0  0  0 
1441501141  0  0  0  0  0  0  0  0  0  3449433  0  0  0  0  0  0  0  0  0  21  0  0  0  0  0  46  0  0  0  0  0  0  0 
1441501141  0  0  0  0  0  0  0  0  0  3449433  0  0  0  0  0  0  0  0  0  21  0  0  0  0  0  46  0  0  0  0  0  0  0 
1441501142  0  0  0  0  0  0  0  0  0  3449433  0  0  0  0  0  0  0  0  0  21  0  0  0  0  0  46  0  0  0  0  0  0  0 
1441501142  0  0  0  0  0  0  0  0  0  3449433  0  0  0  0  0  0  0  0  0  21  0  0  0  0  0  46  0  0  0  0  0  0  0 
1441501143  0  0  0  0  0  0  0  0  0  3449433  0  0  0  0  0  0  0  0  0  21  0  0  0  0  0  46  0  0  0  0  0  0  0 
1441501143  0  0  0  0  0  0  0  0  0  3449433  0  0  0  0  0  0  0  0  0  21  0  0  0  0  0  46  0  0  0  0  0  0  0 
1441501144  0  0  0  0  0  0  0  0  0  3449433  0  0  0  0  0  0  0  0  0  21  0  0  0  0  0  46  0  0  0  0  0  0  0 
1441501144  0  0  0  0  0  0  0  0  0  3449433  0  0  0  0  0  0  0  0  0  21  0  0  0  0  0  46  0  0  0  0  0  0  0 
1441501145  0  0  0  0  0  0  0  0  0  3449433  0  0  0  0  0  0  0  0  0  21  0  0  0  0  0  46  0  0  0  0  0  0  0 
1441501145  0  0  0  0  0  0  0  0  0  3449433  0  0  0  0  0  0  0  0  0  21  0  0  0  0  0  46  0  0  0  0  0  0  0 
1441501146  0  0  0  0  0  0  0  0  0  3449433  0  0  0  0  0  0  0  0  0  21  0  0  0  0  0  46  0  0  0  0  0  0  0 
1441501146  0  0  0  0  0  0  0  0  0  3449433  0  0  0  0  0  0  0  0  0  21  0  0  0  0  0  46  0  0  0  0  0  0  0 
1441501147  0  0  0  0  0  0  0  0  0  3449433  0  0  0  0  0  0  0  0  0  21  0  0  0  0  0  46  0  0  0  0  0  0  0 
1441501147  0  0  0  0  0  0  0  0  0  3449433  0  0  0  0  0  0  0  0  0  21  0  0  0  0  0  46  0  0  0  0  0  0  0 
1441501148  0  0  0  0  0  0  0  0  0  3449433  0  0  0  0  0  0  0  0  0  21  0  0  0  0  0  46  0  0  0  0  0  0  0 
1441501148  0  0  0  0  0  0  0  0  0  3449433  0  0  0  0  0  0  0  0  0  21  0  0  0  0  0  46  0  0  0  0  0  0  0 
1441501149  0  0  0  0  0  0  0  0  0  3449433  0  0  0  0  0  0  0  0  0  21  0  0  0  0  0  46  0  0  0  0  0  0  0 
1441501149  0  0  0  0  0  0  0  0  0  3449433  0  0  0  0  0  0  0  0  0  21  0  0  0  0  0  46  0  0  0  0  0  0  0 
1441501150  0  0  0  0  0  0  0  0  0  3449433  0  0  0  0  0  0  0  0  0  21  0  0  0  0  0  46  0  0  0  0  0  0  0 
1441501150  0  0  0  0  0  0  0  0  0  3449433  0  0  0  0  0  0  0  0  0  21  0  0  0  0  0  46  0  0  0  0  0  0  0 
1441501151  0  0  0  0  0  0  0  0  0  3449433  0  0  0  0  0  0  0  0  0  21  0  0  0  0  0  46  0  0  0  0  0  0  0 
1441501151  0  0  0  0  0  0  0  0  0  3449433  0  0  0  0  0  0  0  0  0  21  0  0  0  0  0  46  0  0  0  0  0  0  0 
1441501152  0  0  0  0  0  0  0  0  0  3449433  0  0  0  0  0  0  0  0  0  21  0  0  0  0  0  46  0  0  0  0  0  0  0 
1441501152  0  0  0  0  0  0  0  0  0  3449433  0  0  0  0  0  0  0  0  0  21  0  0  0  0  0  46  0  0  0  0  0  0  0 
1441501153  0  0  0  0  0  0  0  0  0  3449433  0  0  0  0  0  0  0  0  0  21  0  0  0  0  0  46  0  0  0  0  0  0  0 
1441501153  0  0  0  0  0  0  0  0  0  3449433  0  0  0  0  0  0  0  0  0  21  0  0  0  0  0  46  0  0  0  0  0  0  0 
1441501154  0  0  0  0  0  0  0  0  0  3449433  0  0  0  0  0  0  0  0  0  21  0  0  0  0  0  46  0  0  0  0  0  0  0 
1441501155  0  0  0  0  0  0  0  0  0  3449433  0  0  0  0  0  0  0  0  0  21  0  0  0  0  0  46  0  0  0  0  0  0  0 
1441501155  0  0  0  0  0  0  0  0  0  3449433  0  0  0  0  0  0  0  0  0  21  0  0  0  0  0  46  0  0  0  0  0  0  0 
1441501156  0  0  0  0  0  0  0  0  0  3449433  0  0  0  0  0  0  0  0  0  21  0  0  0  0  0  46  0  0  0  0  0  0  0 
1441501156  0  0  0  0  0  0  0  0  0  3449433  0  0  0  0  0  0  0  0  0  21  0  0  0  0  0  46  0  0  0  0  0  0  0 
1441501157  0  0  0  0  0  0  0  0  0  3449433  0  0  0  0  0  0  0  0  0  21  0  0  0  0  0  46  0  0  0  0  0  0  0 
1441501157  0  0  0  0  0  0  0  0  0  3449433  0  0  0  0  0  0  0  0  0  21  0  0  0  0  0  46  0  0  0  0  0  0  0 
1441501158  0  0  0  0  0  0  0  0  0  3449433  0  0  0  0  0  0  0  0  0  21  0  0  0  0  0  46  0  0  0  0  0  0  0 
1441501158  0  0  0  0  0  0  0  0  0  3449433  0  0  0  0  0  0  0  0  0  21  0  0  0  0  0  46  0  0  0  0  0  0  0 
1441501159  0  0  0  0  0  0  0  0  0  3449433  0  0  0  0  0  0  0  0  0  21  0  0  0  0  0  46  0  0  0  0  0  0  0 
1441501159  0  0  0  0  0  0  0  0  0  3449433  0  0  0  0  0  0  0  0  0  21  0  0  0  0  0  46  0  0  0  0  0  0  0 
1441501160  0  0  0  0  0  0  0  0  0  3449433  0  0  0  0  0  0  0  0  0  21  0  0  0  0  0  46  0  0  0  0  0  0  0 
1441501160  0  0  0  0  0  0  0  0  0  3449433  0  0  0  0  0  0  0  0  0  21  0  0  0  0  0  46  0  0  0  0  0  0  0 
1441501161  0  0  0  0  0  0  0  0  0  3449433  0  0  0  0  0  0  0  0  0  21  0  0  0  0  0  46  0  0  0  0  0  0  0 
1441501161  0  0  0  0  0  0  0  0  0  3449433  0  0  0  0  0  0  0  0  0  21  0  0  0  0  0  46  0  0  0  0  0  0  0 
1441501162  0  0  0  0  0  0  0  0  0  3449433  0  0  0  0  0  0  0  0  0  21  0  0  0  0  0  46  0  0  0  0  0  0  0 
1441501162  0  0  0  0  0  0  0  0  0  3449433  0  0  0  0  0  0  0  0  0  21  0  0  0  0  0  46  0  0  0  0  0  0  0 
1441501163  0  0  0  0  0  0  0  0  0  3449433  0  0  0  0  0  0  0  0  0  21  0  0  0  0  0  46  0  0  0  0  0  0  0 
1441501163  0  0  0  0  0  0  0  0  0  3449433  0  0  0  0  0  0  0  0  0  21  0  0  0  0  0  46  0  0  0  0  0  0  0 
1441501164  0  0  0  0  0  0  0  0  0  3449433  0  0  0  0  0  0  0  0  0  21  0  0  0  0  0  46  0  0  0  0  0  0  0 
1441501164  0  0  0  0  0  0  0  0  0  3449433  0  0  0  0  0  0  0  0  0  21  0  0  0  0  0  46  0  0  0  0  0  0  0 
1441501165  0  0  0  0  0  0  0  0  0  3449433  0  0  0  0  0  0  0  0  0  21  0  0  0  0  0  46  0  0  0  0  0  0  0 
1441501165  0  0  0  0  0  0  0  0  0  3449433  0  0  0  0  0  0  0  0  0  21  0  0  0  0  0  46  0  0  0  0  0  0  0 
1441501166  0  0  0  0  0  0  0  0  0  3449433  0  0  0  0  0  0  0  0  0  21  0  0  0  0  0  46  0  0  0  0  0  0  0 
1441501166  0  0  0  0  0  0  0  0  0  3449433  0  0  0  0  0  0  0  0  0  21  0  0  0  0  0  46  0  0  0  0  0  0  0 
1441501167  0  0  0  0  0  0  0  0  0  3449433  0  0  0  0  0  0  0  0  0  21  0  0  0  0  0  46  0  0  0  0  0  0  0 
1441501167  0  0  0  0  0  0  0  0  0  3449433  0  0  0  0  0  0  0  0  0  21  0  0  0  0  0  46  0  0  0  0  0  0  0 
1441501168  0  0  0  0  0  0  0  0  0  3449433  0  0  0  0  0  0  0  0  0  21  0  0  0  0  0  46  0  0  0  0  0  0  0 
1441501168  0  0  0  0  0  0  0  0  0  3449433  0  0  0  0  0  0  0  0  0  21  0  0  0  0  0  46  0  0  0  0  0  0  0 
1441501169  0  0  0  0  0  0  0  0  0  3449433  0  0  0  0  0  0  0  0  0  21  0  0  0  0  0  46  0  0  0  0  0  0  0 
1441501169  0  0  0  0  0  0  0  0  0  3449433  0  0  0  0  0  0  0  0  0  21  0  0  0  0  0  46  0  0  0  0  0  0  0 
1441501170  0  0  0  0  0  0  0  0  0  3449433  0  0  0  0  0  0  0  0  0  21  0  0  0  0  0  46  0  0  0  0  0  0  0 
1441501170  0  0  0  0  0  0  0  0  0  3449433  0  0  0  0  0  0  0  0  0  21  0  0  0  0  0  46  0  0  0  0  0  0  0 
1441501171  0  0  0  0  0  0  0  0  0  3449433  0  0  0  0  0  0  0  0  0  21  0  0  0  0  0  46  0  0  0  0  0  0  0 
1441501171  0  0  0  0  0  0  0  0  0  3449433  0  0  0  0  0  0  0  0  0  21  0  0  0  0  0  46  0  0  0  0  0  0  0 
1441501172  0  0  0  0  0  0  0  0  0  3449433  0  0  0  0  0  0  0  0  0  21  0  0  0  0  0  46  0  0  0  0  0  0  0 
1441501172  0  0  0  0  0  0  0  0  0  3449433  0  0  0  0  0  0  0  0  0  21  0  0  0  0  0  46  0  0  0  0  0  0  0 
1441501173  0  0  0  0  0  0  0  0  0  3449433  0  0  0  0  0  0  0  0  0  21  0  0  0  0  0  46  0  0  0  0  0  0  0 
1441501173  0  0  0  0  0  0  0  0  0  3449433  0  0  0  0  0  0  0  0  0  21  0  0  0  0  0  46  0  0  0  0  0  0  0 
1441501174  0  0  0  0  0  0  0  0  0  3449433  0  0  0  0  0  0  0  0  0  21  0  0  0  0  0  46  0  0  0  0  0  0  0 
1441501174  0  0  0  0  0  0  0  0  0  3449433  0  0  0  0  0  0  0  0  0  21  0  0  0  0  0  46  0  0  0  0  0  0  0 
1441501175  0  0  0  0  0  0  0  0  0  3449433  0  0  0  0  0  0  0  0  0  21  0  0  0  0  0  46  0  0  0  0  0  0  0 
1441501175  0  0  0  0  0  0  0  0  0  3449433  0  0  0  0  0  0  0  0  0  21  0  0  0  0  0  46  0  0  0  0  0  0  0 
1441501176  0  0  0  0  0  0  0  0  0  3449433  0  0  0  0  0  0  0  0  0  21  0  0  0  0  0  46  0  0  0  0  0  0  0 
1441501176  0  0  0  0  0  0  0  0  0  3449433  0  0  0  0  0  0  0  0  0  21  0  0  0  0  0  46  0  0  0  0  0  0  0 
1441501177  0  0  0  0  0  0  0  0  0  3449433  0  0  0  0  0  0  0  0  0  21  0  0  0  0  0  46  0  0  0  0  0  0  0 
1441501177  0  0  0  0  0  0  0  0  0  3449433  0  0  0  0  0  0  0  0  0  21  0  0  0  0  0  46  0  0  0  0  0  0  0 
1441501178  0  0  0  0  0  0  0  0  0  3449433  0  0  0  0  0  0  0  0  0  21  0  0  0  0  0  46  0  0  0  0  0  0  0 
1441501178  0  0  0  0  0  0  0  0  0  3449433  0  0  0  0  0  0  0  0  0  21  0  0  0  0  0  46  0  0  0  0  0  0  0 
1441501179  0  0  0  0  0  0  0  0  0  3449433  0  0  0  0  0  0  0  0  0  21  0  0  0  0  0  46  0  0  0  0  0  0  0 
1441501179  0  0  0  0  0  0  0  0  0  3449433  0  0  0  0  0  0  0  0  0  21  0  0  0  0  0  46  0  0  0  0  0  0  0 
1441501180  0  0  0  0  0  0  0  0  0  3449433  0  0  0  0  0  0  0  0  0  21  0  0  0  0  0  46  0  0  0  0  0  0  0 
1441501180  0  0  0  0  0  0  0  0  0  3449433  0  0  0  0  0  0  0  0  0  21  0  0  0  0  0  46  0  0  0  0  0  0  0 
1441501181  0  0  0  0  0  0  0  0  0  3449433  0  0  0  0  0  0  0  0  0  21  0  0  0  0  0  46  0  0  0  0  0  0  0 
1441501181  0  0  0  0  0  0  0  0  0  3449433  0  0  0  0  0  0  0  0  0  21  0  0  0  0  0  46  0  0  0  0  0  0  0 
1441501182  0  0  0  0  0  0  0  0  0  3449433  0  0  0  0  0  0  0  0  0  21  0  0  0  0  0  46  0  0  0  0  0  0  0 
1441501182  0  0  0  0  0  0  0  0  0  3449433  0  0  0  0  0  0  0  0  0  21  0  0  0  0  0  46  0  0  0  0  0  0  0 
1441501183  0  0  0  0  0  0  0  0  0  3449433  0  0  0  0  0  0  0  0  0  21  0  0  0  0  0  46  0  0  0  0  0  0  0 
1441501183  0  0  0  0  0  0  0  0  0  3449433  0  0  0  0  0  0  0  0  0  21  0  0  0  0  0  46  0  0  0  0  0  0  0 
1441501184  0  0  0  0  0  0  0  0  0  3449433  0  0  0  0  0  0  0  0  0  21  0  0  0  0  0  46  0  0  0  0  0  0  0 
1441501184  0  0  0  0  0  0  0  0  0  3449433  0  0  0  0  0  0  0  0  0  21  0  0  0  0  0  46  0  0  0  0  0  0  0 
1441501185  0  0  0  0  0  0  0  0  0  3449433  0  0  0  0  0  0  0  0  0  21  0  0  0  0  0  46  0  0  0  0  0  0  0 
1441501185  0  0  0  0  0  0  0  0  0  3449433  0  0  0  0  0  0  0  0  0  21  0  0  0  0  0  46  0  0  0  0  0  0  0 
1441501186  0  0  0  0  0  0  0  0  0  3449433  0  0  0  0  0  0  0  0  0  21  0  0  0  0  0  46  0  0  0  0  0  0  0 
1441501186  0  0  0  0  0  0  0  0  0  3449433  0  0  0  0  0  0  0  0  0  21  0  0  0  0  0  46  0  0  0  0  0  0  0 
1441501187  0  0  0  0  0  0  0  0  0  3449433  0  0  0  0  0  0  0  0  0  21  0  0  0  0  0  46  0  0  0  0  0  0  0 
1441501187  0  0  0  0  0  0  0  0  0  3449433  0  0  0  0  0  0  0  0  0  21  0  0  0  0  0  46  0  0  0  0  0  0  0 
1441501188  0  0  0  0  0  0  0  0  0  3449433  0  0  0  0  0  0  0  0  0  21  0  0  0  0  0  46  0  0  0  0  0  0  0 
1441501188  0  0  0  0  0  0  0  0  0  3449433  0  0  0  0  0  0  0  0  0  21  0  0  0  0  0  46  0  0  0  0  0  0  0 
1441501189  0  0  0  0  0  0  0  0  0  3449433  0  0  0  0  0  0  0  0  0  21  0  0  0  0  0  46  0  0  0  0  0  0  0 
1441501189  0  0  0  0  0  0  0  0  0  3449433  0  0  0  0  0  0  0  0  0  21  0  0  0  0  0  46  0  0  0  0  0  0  0 
1441501190  0  0  0  0  0  0  0  0  0  3449433  0  0  0  0  0  0  0  0  0  21  0  0  0  0  0  46  0  0  0  0  0  0  0 
1441501190  0  0  0  0  0  0  0  0  0  3449433  0  0  0  0  0  0  0  0  0  21  0  0  0  0  0  46  0  0  0  0  0  0  0 
1441501191  0  0  0  0  0  0  0  0  0  3449433  0  0  0  0  0  0  0  0  0  21  0  0  0  0  0  46  0  0  0  0  0  0  0 
1441501191  0  0  0  0  0  0  0  0  0  3449433  0  0  0  0  0  0  0  0  0  21  0  0  0  0  0  46  0  0  0  0  0  0  0 
1441501192  0  0  0  0  0  0  0  0  0  3449433  0  0  0  0  0  0  0  0  0  21  0  0  0  0  0  46  0  0  0  0  0  0  0 
1441501192  0  0  0  0  0  0  0  0  0  3449433  0  0  0  0  0  0  0  0  0  21  0  0  0  0  0  46  0  0  0  0  0  0  0 
1441501193  0  0  0  0  0  0  0  0  0  3449433  0  0  0  0  0  0  0  0  0  21  0  0  0  0  0  46  0  0  0  0  0  0  0 
1441501193  0  0  0  0  0  0  0  0  0  3449433  0  0  0  0  0  0  0  0  0  21  0  0  0  0  0  46  0  0  0  0  0  0  0 
1441501194  0  0  0  0  0  0  0  0  0  3449433  0  0  0  0  0  0  0  0  0  21  0  0  0  0  0  46  0  0  0  0  0  0  0 
1441501195  0  0  0  0  0  0  0  0  0  3449433  0  0  0  0  0  0  0  0  0  21  0  0  0  0  0  46  0  0  0  0  0  0  0 
1441501195  0  0  0  0  0  0  0  0  0  3449433  0  0  0  0  0  0  0  0  0  21  0  0  0  0  0  46  0  0  0  0  0  0  0 
1441501196  0  0  0  0  0  0  0  0  0  3449433  0  0  0  0  0  0  0  0  0  21  0  0  0  0  0  46  0  0  0  0  0  0  0 
1441501196  0  0  0  0  0  0  0  0  0  3449433  0  0  0  0  0  0  0  0  0  21  0  0  0  0  0  46  0  0  0  0  0  0  0 
1441501197  0  0  0  0  0  0  0  0  0  3449433  0  0  0  0  0  0  0  0  0  21  0  0  0  0  0  46  0  0  0  0  0  0  0 
1441501197  0  0  0  0  0  0  0  0  0  3449433  0  0  0  0  0  0  0  0  0  21  0  0  0  0  0  46  0  0  0  0  0  0  0 
1441501198  0  0  0  0  0  0  0  0  0  3449433  0  0  0  0  0  0  0  0  0  21  0  0  0  0  0  46  0  0  0  0  0  0  0 
1441501198  0  0  0  0  0  0  0  0  0  3449433  0  0  0  0  0  0  0  0  0  21  0  0  0  0  0  46  0  0  0  0  0  0  0 
1441501199  0  0  0  0  0  0  0  0  0  3449433  0  0  0  0  0  0  0  0  0  21  0  0  0  0  0  46  0  0  0  0  0  0  0 
1441501199  0  0  0  0  0  0  0  0  0  3449433  0  0  0  0  0  0  0  0  0  21  0  0  0  0  0  46  0  0  0  0  0  0  0 
1441501200  0  0  0  0  0  0  0  0  0  3449433  0  0  0  0  0  0  0  0  0  21  0  0  0  0  0  46  0  0  0  0  0  0  0 
1441501200  0  0  0  0  0  0  0  0  0  3449433  0  0  0  0  0  0  0  0  0  21  0  0  0  0  0  46  0  0  0  0  0  0  0 
1441501201  0  0  0  0  0  0  0  0  0  3449433  0  0  0  0  0  0  0  0  0  21  0  0  0  0  0  46  0  0  0  0  0  0  0 
1441501201  0  0  0  0  0  0  0  0  0  3449433  0  0  0  0  0  0  0  0  0  21  0  0  0  0  0  46  0  0  0  0  0  0  0 
1441501202  0  0  0  0  0  0  0  0  0  3449433  0  0  0  0  0  0  0  0  0  21  0  0  0  0  0  46  0  0  0  0  0  0  0 
1441501202  0  0  0  0  0  0  0  0  0  3449433  0  0  0  0  0  0  0  0  0  21  0  0  0  0  0  46  0  0  0  0  0  0  0 
1441501203  0  0  0  0  0  0  0  0  0  3449433  0  0  0  0  0  0  0  0  0  21  0  0  0  0  0  46  0  0  0  0  0  0  0 
1441501203  0  0  0  0  0  0  0  0  0  3449433  0  0  0  0  0  0  0  0  0  21  0  0  0  0  0  46  0  0  0  0  0  0  0 
1441501204  0  0  0  0  0  0  0  0  0  3449433  0  0  0  0  0  0  0  0  0  21  0  0  0  0  0  46  0  0  0  0  0  0  0 
1441501204  0  0  0  0  0  0  0  0  0  3449433  0  0  0  0  0  0  0  0  0  21  0  0  0  0  0  46  0  0  0  0  0  0  0 
1441501205  0  0  0  0  0  0  0  0  0  3449433  0  0  0  0  0  0  0  0  0  21  0  0  0  0  0  46  0  0  0  0  0  0  0 
1441501205  0  0  0  0  0  0  0  0  0  3449433  0  0  0  0  0  0  0  0  0  21  0  0  0  0  0  46  0  0  0  0  0  0  0 
1441501206  0  0  0  0  0  0  0  0  0  3449433  0  0  0  0  0  0  0  0  0  21  0  0  0  0  0  46  0  0  0  0  0  0  0 
1441501206  0  0  0  0  0  0  0  0  0  3449433  0  0  0  0  0  0  0  0  0  21  0  0  0  0  0  46  0  0  0  0  0  0  0 
1441501207  0  0  0  0  0  0  0  0  0  3449433  0  0  0  0  0  0  0  0  0  21  0  0  0  0  0  46  0  0  0  0  0  0  0 
1441501207  0  0  0  0  0  0  0  0  0  3449433  0  0  0  0  0  0  0  0  0  21  0  0  0  0  0  46  0  0  0  0  0  0  0 
1441501208  0  0  0  0  0  0  0  0  0  3449433  0  0  0  0  0  0  0  0  0  21  0  0  0  0  0  46  0  0  0  0  0  0  0 
1441501208  0  0  0  0  0  0  0  0  0  3449433  0  0  0  0  0  0  0  0  0  21  0  0  0  0  0  46  0  0  0  0  0  0  0 
1441501209  0  0  0  0  0  0  0  0  0  3449433  0  0  0  0  0  0  0  0  0  21  0  0  0  0  0  46  0  0  0  0  0  0  0 
1441501209  0  0  0  0  0  0  0  0  0  3449433  0  0  0  0  0  0  0  0  0  21  0  0  0  0  0  46  0  0  0  0  0  0  0 
1441501210  0  0  0  0  0  0  0  0  0  3449433  0  0  0  0  0  0  0  0  0  21  0  0  0  0  0  46  0  0  0  0  0  0  0 
1441501210  0  0  0  0  0  0  0  0  0  3449433  0  0  0  0  0  0  0  0  0  21  0  0  0  0  0  46  0  0  0  0  0  0  0 
1441501211  0  0  0  0  0  0  0  0  0  3449433  0  0  0  0  0  0  0  0  0  21  0  0  0  0  0  46  0  0  0  0  0  0  0 
1441501211  0  0  0  0  0  0  0  0  0  3449433  0  0  0  0  0  0  0  0  0  21  0  0  0  0  0  46  0  0  0  0  0  0  0 
1441501212  0  0  0  0  0  0  0  0  0  3449433  0  0  0  0  0  0  0  0  0  21  0  0  0  0  0  46  0  0  0  0  0  0  0 
1441501212  0  0  0  0  0  0  0  0  0  3449433  0  0  0  0  0  0  0  0  0  21  0  0  0  0  0  46  0  0  0  0  0  0  0 
1441501213  0  0  0  0  0  0  0  0  0  3449433  0  0  0  0  0  0  0  0  0  21  0  0  0  0  0  46  0  0  0  0  0  0  0 
1441501213  0  0  0  0  0  0  0  0  0  3449433  0  0  0  0  0  0  0  0  0  21  0  0  0  0  0  46  0  0  0  0  0  0  0 
1441501214  0  0  0  0  0  0  0  0  0  3449433  0  0  0  0  0  0  0  0  0  21  0  0  0  0  0  46  0  0  0  0  0  0  0 
1441501214  0  0  0  0  0  0  0  0  0  3449433  0  0  0  0  0  0  0  0  0  21  0  0  0  0  0  46  0  0  0  0  0  0  0 
1441501215  0  0  0  0  0  0  0  0  0  3449433  0  0  0  0  0  0  0  0  0  21  0  0  0  0  0  46  0  0  0  0  0  0  0 
1441501215  0  0  0  0  0  0  0  0  0  3449433  0  0  0  0  0  0  0  0  0  21  0  0  0  0  0  46  0  0  0  0  0  0  0 
1441501216  0  0  0  0  0  0  0  0  0  3449433  0  0  0  0  0  0  0  0  0  21  0  0  0  0  0  46  0  0  0  0  0  0  0 
1441501216  0  0  0  0  0  0  0  0  0  3449433  0  0  0  0  0  0  0  0  0  21  0  0  0  0  0  46  0  0  0  0  0  0  0 
1441501217  0  0  0  0  0  0  0  0  0  3449433  0  0  0  0  0  0  0  0  0  21  0  0  0  0  0  46  0  0  0  0  0  0  0 
1441501217  0  0  0  0  0  0  0  0  0  3449433  0  0  0  0  0  0  0  0  0  21  0  0  0  0  0  46  0  0  0  0  0  0  0 
1441501218  0  0  0  0  0  0  0  0  0  3449433  0  0  0  0  0  0  0  0  0  21  0  0  0  0  0  46  0  0  0  0  0  0  0 
1441501218  0  0  0  0  0  0  0  0  0  3449433  0  0  0  0  0  0  0  0  0  21  0  0  0  0  0  46  0  0  0  0  0  0  0 
1441501219  0  0  0  0  0  0  0  0  0  3449433  0  0  0  0  0  0  0  0  0  21  0  0  0  0  0  46  0  0  0  0  0  0  0 
1441501219  0  0  0  0  0  0  0  0  0  3449433  0  0  0  0  0  0  0  0  0  21  0  0  0  0  0  46  0  0  0  0  0  0  0 
1441501220  0  0  0  0  0  0  0  0  0  3449433  0  0  0  0  0  0  0  0  0  21  0  0  0  0  0  46  0  0  0  0  0  0  0 
1441501220  0  0  0  0  0  0  0  0  0  3449433  0  0  0  0  0  0  0  0  0  21  0  0  0  0  0  46  0  0  0  0  0  0  0 
1441501221  0  0  0  0  0  0  0  0  0  3518647  0  0  0  0  0  0  0  0  0  25  0  0  0  0  0  59  0  69214  0  0  0  0  0 
1441501221  0  0  0  0  0  0  0  0  0  3529652  0  0  0  0  0  0  0  0  0  25  0  0  0  0  0  59  0  11005  0  0  0  0  0 
1441501222  0  0  0  0  0  0  0  0  0  3529652  0  0  0  0  0  0  0  0  0  25  0  0  0  0  0  59  0  0  0  0  0  0  0 
