#type:T;
#time  gt  cn  Pt  Px  gx  cx  gn  gm  Pn  Pm  Ft  cm  pt  Fx  px  ct  pn  Fm  Fn  pm  dn  On  Om  dm  dx  Ox  dt  Ot  Gt  Cn  Cm  Gx  Cx  Gn  Gm  Ct  
1441326243  4139574  0  0  0  9827  0  4895  157  0  2147483647  17091  2147483647  0  2093  0  0  0  245  21  2147483647  0  46  257  2147483647  0  3813  0  41685  0  0  2147483647  0  0  0  2147483647  0  
1441326243  4144301  0  0  0  9827  0  4896  157  0  2147483647  17091  2147483647  0  2093  0  0  0  245  21  2147483647  0  47  257  2147483647  0  5456  0  47141  0  0  2147483647  0  0  0  2147483647  0  
1441326244  4144301  0  0  0  9827  0  4896  157  0  2147483647  17091  2147483647  0  2093  0  0  0  245  21  2147483647  0  47  257  2147483647  0  5456  0  47141  0  0  2147483647  0  0  0  2147483647  0  
1441326244  4144301  0  0  0  9827  0  4896  157  0  2147483647  17091  2147483647  0  2093  0  0  0  245  21  2147483647  0  47  257  2147483647  0  5456  0  47141  0  0  2147483647  0  0  0  2147483647  0  
1441326245  4144301  0  0  0  9827  0  4896  157  0  2147483647  17091  2147483647  0  2093  0  0  0  245  21  2147483647  0  47  257  2147483647  0  5456  0  47141  0  0  2147483647  0  0  0  2147483647  0  
1441326245  4144301  0  0  0  9827  0  4896  157  0  2147483647  17091  2147483647  0  2093  0  0  0  245  21  2147483647  0  47  257  2147483647  0  5456  0  47141  0  0  2147483647  0  0  0  2147483647  0  
1441326246  4144301  0  0  0  9827  0  4896  157  0  2147483647  17091  2147483647  0  2093  0  0  0  245  21  2147483647  0  47  257  2147483647  0  5456  0  47141  0  0  2147483647  0  0  0  2147483647  0  
1441326246  4144301  0  0  0  9827  0  4896  157  0  2147483647  17091  2147483647  0  2093  0  0  0  245  21  2147483647  0  47  257  2147483647  0  5456  0  47141  0  0  2147483647  0  0  0  2147483647  0  
1441326247  4144301  0  0  0  9827  0  4896  157  0  2147483647  17091  2147483647  0  2093  0  0  0  245  21  2147483647  0  47  257  2147483647  0  5456  0  47141  0  0  2147483647  0  0  0  2147483647  0  
1441326247  4144301  0  0  0  9827  0  4896  157  0  2147483647  17091  2147483647  0  2093  0  0  0  245  21  2147483647  0  47  257  2147483647  0  5456  0  47141  0  0  2147483647  0  0  0  2147483647  0  
1441326248  4144301  0  0  0  9827  0  4896  157  0  2147483647  17091  2147483647  0  2093  0  0  0  245  21  2147483647  0  47  257  2147483647  0  5456  0  47141  0  0  2147483647  0  0  0  2147483647  0  
1441326248  4144301  0  0  0  9827  0  4896  157  0  2147483647  17091  2147483647  0  2093  0  0  0  245  21  2147483647  0  47  257  2147483647  0  5456  0  47141  0  0  2147483647  0  0  0  2147483647  0  
1441326249  4144301  0  0  0  9827  0  4896  157  0  2147483647  17091  2147483647  0  2093  0  0  0  245  21  2147483647  0  47  257  2147483647  0  5456  0  47141  0  0  2147483647  0  0  0  2147483647  0  
1441326249  4144301  0  0  0  9827  0  4896  157  0  2147483647  17091  2147483647  0  2093  0  0  0  245  21  2147483647  0  47  257  2147483647  0  5456  0  47141  0  0  2147483647  0  0  0  2147483647  0  
1441326250  4144301  0  0  0  9827  0  4896  157  0  2147483647  17091  2147483647  0  2093  0  0  0  245  21  2147483647  0  47  257  2147483647  0  5456  0  47141  0  0  2147483647  0  0  0  2147483647  0  
1441326250  4144301  0  0  0  9827  0  4896  157  0  2147483647  17091  2147483647  0  2093  0  0  0  245  21  2147483647  0  47  257  2147483647  0  5456  0  47141  0  0  2147483647  0  0  0  2147483647  0  
1441326251  4144301  0  0  0  9827  0  4896  157  0  2147483647  17091  2147483647  0  2093  0  0  0  245  21  2147483647  0  47  257  2147483647  0  5456  0  47141  0  0  2147483647  0  0  0  2147483647  0  
1441326251  4144301  0  0  0  9827  0  4896  157  0  2147483647  17091  2147483647  0  2093  0  0  0  245  21  2147483647  0  47  257  2147483647  0  5456  0  47141  0  0  2147483647  0  0  0  2147483647  0  
1441326252  4144301  0  0  0  9827  0  4896  157  0  2147483647  17091  2147483647  0  2093  0  0  0  245  21  2147483647  0  47  257  2147483647  0  5456  0  47141  0  0  2147483647  0  0  0  2147483647  0  
1441326252  4144301  0  0  0  9827  0  4896  157  0  2147483647  17091  2147483647  0  2093  0  0  0  245  21  2147483647  0  47  257  2147483647  0  5456  0  47141  0  0  2147483647  0  0  0  2147483647  0  
1441326253  4144301  0  0  0  9827  0  4896  157  0  2147483647  17091  2147483647  0  2093  0  0  0  245  21  2147483647  0  47  257  2147483647  0  5456  0  47141  0  0  2147483647  0  0  0  2147483647  0  
1441326253  4307965  0  15647434  86711  9827  0  5022  157  3422  2655  43760  2147483647  0  2761  0  0  0  211  109  2147483647  0  253  257  2147483647  0  56118  0  636418  1308641  3615  562  32736  7129  193  1924  6239146  
1441326254  4460875  0  15647434  86711  9827  0  5167  157  3422  2655  43760  2147483647  0  2761  0  0  0  211  109  2147483647  0  253  257  2147483647  0  56118  0  636418  2109888  3714  562  34658  7129  292  1924  6478173  
1441326254  4467974  0  15647434  86711  9827  0  5191  157  3422  2655  43760  2147483647  0  2761  0  0  0  211  109  2147483647  0  253  257  2147483647  0  56118  0  636418  2433515  3744  562  34658  9688  322  1924  6580644  
1441326255  4467974  0  15647434  86711  9827  0  5191  157  3422  2655  43760  2147483647  0  2761  0  0  0  211  109  2147483647  0  253  257  2147483647  0  56118  0  636418  2433515  3744  562  34658  9688  322  1924  6580644  
1441326255  4467974  0  15647434  86711  9827  0  5191  157  3422  2655  43760  2147483647  0  2761  0  0  0  211  109  2147483647  0  253  257  2147483647  0  56118  0  636418  2433515  3744  562  34658  9688  322  1924  6580644  
1441326256  4467974  0  15647434  86711  9827  0  5191  157  3422  2655  43760  2147483647  0  2761  0  0  0  211  109  2147483647  0  253  257  2147483647  0  56118  0  636418  2433515  3744  562  34658  9688  322  1924  6580644  
1441326257  4467974  0  15647434  86711  9827  0  5191  157  3422  2655  43760  2147483647  0  2761  0  0  0  211  109  2147483647  0  253  257  2147483647  0  56118  0  636418  2433515  3744  562  34658  9688  322  1924  6580644  
1441326257  4467974  0  15647434  86711  9827  0  5191  157  3422  2655  43760  2147483647  0  2761  0  0  0  211  109  2147483647  0  253  257  2147483647  0  56118  0  636418  2433515  3744  562  34658  9688  322  1924  6580644  
1441326258  4467974  0  15647434  86711  9827  0  5191  157  3422  2655  43760  2147483647  0  2761  0  0  0  211  109  2147483647  0  253  257  2147483647  0  56118  0  636418  2433515  3744  562  34658  9688  322  1924  6580644  
1441326258  4467974  0  15647434  86711  9827  0  5191  157  3422  2655  43760  2147483647  0  2761  0  0  0  211  109  2147483647  0  253  257  2147483647  0  56118  0  636418  2433515  3744  562  34658  9688  322  1924  6580644  
1441326259  4467974  0  15647434  86711  9827  0  5191  157  3422  2655  43760  2147483647  0  2761  0  0  0  211  109  2147483647  0  253  257  2147483647  0  56118  0  636418  2433515  3744  562  34658  9688  322  1924  6580644  
1441326259  4467974  0  15647434  86711  9827  0  5191  157  3422  2655  43760  2147483647  0  2761  0  0  0  211  109  2147483647  0  253  257  2147483647  0  56118  0  636418  2433515  3744  562  34658  9688  322  1924  6580644  
1441326260  4467974  0  15647434  86711  9827  0  5191  157  3422  2655  43760  2147483647  0  2761  0  0  0  211  109  2147483647  0  253  257  2147483647  0  56118  0  636418  2433515  3744  562  34658  9688  322  1924  6580644  
1441326260  4467974  0  18046190  86711  9827  0  5191  157  3832  2655  1600721  2147483647  0  5922  0  0  0  205  6427  2147483647  0  253  257  2147483647  0  56118  0  636418  2433515  4154  562  34658  9688  322  1924  7319301  
1441326261  4467974  0  18046190  86711  9827  0  5191  157  3832  2655  2640293  2147483647  0  8122  0  0  0  205  9730  2147483647  0  253  257  2147483647  0  56118  0  636418  2433515  4154  562  34658  9688  322  1924  7319301  
1441326261  4467974  0  18046190  86711  9827  0  5191  157  3832  2655  2640293  2147483647  0  8122  0  0  0  205  9730  2147483647  0  253  257  2147483647  0  56118  0  636418  2433515  4154  562  34658  9688  322  1924  7319301  
1441326262  4467974  0  18046190  86711  9827  0  5191  157  3832  2655  4211865  2147483647  0  8122  0  0  0  205  15236  2147483647  0  253  257  2147483647  0  56118  0  636418  2433515  4154  562  34658  9688  322  1924  7319301  
1441326262  4467974  0  18046190  86711  9827  0  5191  157  3832  2655  6711105  2147483647  0  8122  0  0  0  205  24536  2147483647  0  253  257  2147483647  0  56118  0  636418  2433515  4154  562  34658  9688  322  1924  7319301  
1441326263  4467974  0  18251096  86711  9827  0  5191  157  3869  2655  14675157  2147483647  0  8122  0  0  0  205  57359  2147483647  0  253  257  2147483647  0  56118  0  636418  2778913  4273  562  34658  9688  404  1924  7492888  
1441326263  4467974  0  18251096  86711  9827  0  5191  157  3869  2655  14775428  2147483647  0  8122  0  0  0  205  57618  2147483647  0  253  257  2147483647  0  56118  0  636418  2778913  4273  562  34658  9688  404  1924  7492888  
1441326264  4577577  0  18251096  86711  9827  0  5383  157  3869  2655  19936806  2147483647  0  8122  0  0  0  205  70496  2147483647  0  254  257  2147483647  0  56118  0  641052  2835938  4276  562  34658  9688  407  1924  7507164  
1441326264  4577577  0  18251096  86711  9827  0  5383  157  3869  2655  19936806  2147483647  0  8122  0  0  0  205  70496  2147483647  0  254  257  2147483647  0  56118  0  641052  2835938  4276  562  34658  9688  407  1924  7507164  
1441326265  5493816  0  30397429  115537  9827  0  6503  157  4694  2655  25972573  2147483647  0  15810  0  0  0  205  76967  2147483647  0  254  257  2147483647  0  56118  0  641052  2835938  5101  562  34658  16120  407  1924  10750313  
1441326265  6475507  0  31134113  115537  11160  0  7431  157  4741  2655  30918962  2147483647  0  15810  0  0  0  205  82021  2147483647  0  255  257  2147483647  0  56118  0  644509  2835938  5148  562  34658  16120  407  1924  10911031  
1441326266  9843765  0  32518977  115537  11160  0  10779  157  4842  2655  36398223  2147483647  0  15810  0  0  0  205  88248  2147483647  0  258  257  2147483647  0  56118  0  656521  2835938  5249  562  34658  16120  407  1924  11236474  
1441326266  13167534  0  35280766  115537  11160  0  13682  157  5011  2655  41381294  2147483647  0  15810  0  0  0  205  93667  2147483647  0  258  257  2147483647  0  56118  0  656521  2835938  5418  562  34658  16120  407  1924  11887594  
1441326267  13620631  0  36482863  115537  11160  0  14034  157  5098  2655  47638313  2147483647  0  15810  0  0  0  205  102348  2147483647  0  262  257  2147483647  0  56118  0  674762  2835938  5505  562  34658  16120  407  1924  12160666  
1441326267  16539888  0  36943337  115537  11160  0  16464  157  5125  2655  50767690  2147483647  0  15810  0  0  0  205  105799  2147483647  0  262  257  2147483647  0  56118  0  674762  2835938  5532  562  34658  16120  407  1924  12268286  
1441326268  16539888  0  36943337  115537  11160  0  16464  157  5125  2655  50767690  2147483647  0  15810  0  0  0  205  105799  2147483647  0  262  257  2147483647  0  56118  0  674762  2835938  5532  562  34658  16120  407  1924  12268286  
1441326268  19998188  0  42525690  115537  11160  0  19658  157  5509  2655  55343502  2147483647  0  15810  0  0  0  205  110806  2147483647  0  266  257  2147483647  0  56118  0  689363  2835938  5916  562  34658  16120  407  1924  13577530  
1441326269  22111003  0  45195185  115537  22723  0  21675  157  5690  2655  64248632  2147483647  0  15810  0  0  0  205  119709  2147483647  0  268  257  2147483647  0  56118  0  695625  2835938  6097  562  34658  16120  407  1924  14185288  
1441326271  26357865  0  46907964  115537  22723  0  25487  157  5839  2655  66858051  2147483647  0  15810  0  0  0  205  122613  2147483647  0  270  257  2147483647  0  56118  0  700493  2835938  6246  562  34658  16120  407  1924  14580435  
1441326271  33201352  0  182109633  115537  22723  0  32059  157  14870  2655  76235903  2147483647  0  26306  0  0  0  205  132679  2147483647  0  277  257  2147483647  0  937546  0  1647912  17816673  16736  562  34658  17701  1866  1924  53488025  
1441326272  34708804  0  201750955  115537  22723  0  33241  157  16173  2655  80574325  2147483647  0  26306  0  0  0  205  137092  2147483647  0  277  257  2147483647  0  937546  0  1647912  17816673  18039  562  34658  17701  1866  1924  58323521  
1441326272  37575766  0  252434241  115537  22723  0  35907  157  19451  2655  84170261  2147483647  0  26306  0  0  0  205  141207  2147483647  0  279  257  2147483647  0  937546  0  1656111  17816673  21317  562  34658  17701  1866  1924  69903530  
1441326273  40544755  0  303073153  121784  22723  0  38275  157  22553  2655  87101458  2147483647  0  26306  0  0  0  205  144234  2147483647  0  279  257  2147483647  0  937546  0  1656111  17816673  24419  562  34658  18336  1866  1924  81737928  
1441326273  43439277  0  337845320  121784  22723  0  40775  157  24658  2655  91088308  2147483647  0  26306  0  0  0  205  148657  2147483647  0  279  257  2147483647  0  937546  0  1656111  17816673  26524  562  34658  18336  1866  1924  89484492  
1441326274  45557625  0  355924451  121784  22723  0  42501  157  25706  2655  93487789  2147483647  0  26306  0  0  0  205  151226  2147483647  0  281  257  2147483647  0  937546  0  1662295  17816673  27572  562  34658  18336  1866  1924  93322620  
1441326274  45557625  0  355924451  121784  22723  0  42501  157  25706  2655  93487789  2147483647  0  26306  0  0  0  205  151226  2147483647  0  281  257  2147483647  0  937546  0  1662295  17816673  27572  562  34658  18336  1866  1924  93322620  
1441326275  48108949  0  394288043  121784  38548  0  44555  157  28172  2655  96333863  2147483647  0  26306  0  0  0  205  154278  2147483647  0  281  257  2147483647  0  937546  0  1662295  17816673  30038  562  34658  18336  1866  1924  101715112  
1441326275  50420665  0  448296410  121784  38548  0  46412  157  31559  2655  98304858  2147483647  0  26306  0  0  0  205  156271  2147483647  0  283  257  2147483647  0  4564998  0  6228672  17816673  33425  562  34658  18336  1866  1924  114354980  
1441326276  52596492  0  462555009  121784  49368  0  48333  157  32710  2655  103104347  2147483647  0  26306  0  0  0  205  163675  2147483647  0  287  257  2147483647  0  4564998  0  6354711  31872884  37236  562  34658  18336  4526  1924  122787369  
1441326276  54318232  0  516468172  121784  49368  0  50308  157  37070  2655  108239700  2147483647  0  26306  0  0  0  205  172973  2147483647  0  293  257  2147483647  0  4564998  0  6366341  92873738  48114  562  40827  18336  11044  1924  155892699  
1441326277  55892295  0  536758792  121784  49368  0  51778  157  38455  2655  114297390  2147483647  0  26306  0  0  0  205  179433  2147483647  0  297  257  2147483647  0  4564998  0  6377826  108773547  50941  562  40827  18336  12486  1924  165573898  
1441326277  57179944  0  596212381  121784  49368  0  53180  157  43231  2655  116753560  2147483647  0  26306  0  0  0  205  182507  2147483647  0  299  257  2147483647  0  4564998  0  6382114  118109461  57896  281  40827  37479  14665  1309  181268665  
1441326278  57179944  0  596212381  121784  49368  0  53180  157  43231  2655  116753560  2147483647  0  26306  0  0  0  205  182507  2147483647  0  299  257  2147483647  0  4564998  0  6382114  118109461  57896  281  40827  37479  14665  1309  181268665  
1441326278  59295392  0  639866237  121784  49368  0  55159  157  46005  2655  118776751  2147483647  0  26306  0  0  0  205  184954  2147483647  0  299  257  2147483647  0  4564998  0  6382114  118109461  60670  281  40827  37479  14665  1309  191105038  
1441326279  61569577  0  676897027  121784  49368  0  57116  157  48543  2655  121251622  2147483647  0  26306  0  0  0  205  187505  2147483647  0  299  257  2147483647  0  4564998  0  6382114  118109461  63208  281  40827  37479  14665  1309  198568748  
1441326279  63085932  0  705872175  121784  49368  0  58524  157  50602  2655  122372169  2147483647  0  26306  0  0  0  205  191309  2147483647  0  305  248  2147483647  0  4564998  0  6385898  119420253  65933  281  40827  37479  15331  1309  205475293  
1441326280  64534217  0  778976263  121784  49368  0  59906  157  57478  2655  125958597  2147483647  0  26306  0  0  0  205  195450  2147483647  0  311  248  2147483647  0  4564998  0  12265711  144165884  77353  281  40827  37479  19875  1309  231316733  
1441326280  65173451  0  811975852  121784  49368  0  60418  157  59662  2655  131344284  2147483647  0  26306  0  0  0  205  200929  2147483647  0  311  248  2147483647  0  4564998  0  12265711  144165884  79537  281  40827  37479  19875  1309  237799370  
1441326281  66315824  0  886013434  121784  49368  0  61412  157  63947  2655  134489631  2147483647  0  26306  0  0  0  205  204109  2147483647  0  313  248  2147483647  0  15568030  0  27836965  151530556  84475  281  40827  37479  20528  1309  252473373  
1441326281  66315824  0  886013434  121784  49368  0  61412  157  63947  2655  134489631  2147483647  0  26306  0  0  0  205  204109  2147483647  0  313  248  2147483647  0  15568030  0  27836965  151530556  84475  281  40827  37479  20528  1309  252473373  
1441326282  66995766  0  905436077  121784  49368  0  62020  157  65152  2655  138464859  2147483647  0  26306  0  0  0  205  208217  2147483647  0  315  248  2147483647  0  15568030  0  27841739  151559758  85681  281  40827  37479  20529  1309  255698358  
1441326282  67845686  0  951354393  121784  49368  0  62756  157  67963  2655  142717742  2147483647  0  26306  0  0  0  205  212596  2147483647  0  316  248  2147483647  0  15568030  0  27845133  151559758  88492  281  40827  37479  20529  1309  263559802  
1441326283  68478303  0  983440965  121784  49368  0  63364  157  70215  2655  147002243  2147483647  0  38440  0  0  0  205  216973  2147483647  0  319  248  2147483647  0  15568030  0  27850863  152040800  90811  281  40827  37479  20596  1309  269838193  
1441326283  69635543  0  1037457365  121784  49368  0  64996  157  74221  2655  151049544  2147483647  0  38440  0  0  0  205  221915  2147483647  0  321  248  2147483647  0  15568030  0  32387787  169175312  96939  281  40827  37479  22718  1309  288119551  
1441326284  72408754  0  1051414134  121784  49368  0  67556  157  74988  2655  155224544  2147483647  0  38440  0  0  0  205  226236  2147483647  0  321  248  2147483647  0  15568030  0  32387787  169175312  97706  281  40827  37479  22718  1309  290312443  
1441326284  75282675  0  1059119076  121784  49368  0  70308  157  75434  2655  159405445  2147483647  0  38440  0  0  0  205  230522  2147483647  0  323  248  2147483647  0  15568030  0  42287187  169219238  98154  281  40827  37479  22720  1309  291607073  
1441326285  75282675  0  1059119076  121784  49368  0  70308  157  75434  2655  159405445  2147483647  0  38440  0  0  0  205  230522  2147483647  0  323  248  2147483647  0  15568030  0  42287187  169219238  98154  281  40827  37479  22720  1309  291607073  
1441326285  78506383  0  1080883392  121784  49368  0  73120  157  76720  2655  163686732  2147483647  0  38440  0  0  0  205  235106  2147483647  0  324  248  2147483647  0  15568030  0  43057661  169219238  99440  281  40827  37479  22720  1309  295648570  
1441326286  79980286  0  1091947854  121784  49368  0  74345  157  77291  2655  167151262  2147483647  0  38440  0  0  0  205  238877  2147483647  0  324  248  2147483647  0  15568030  0  43057661  169219238  100011  281  40827  37479  22720  1309  297086136  
1441326286  82327762  0  1105193658  121784  49368  0  76405  157  78045  2655  171177973  2147483647  0  38440  0  0  0  205  243338  2147483647  0  326  248  2147483647  0  15568030  0  43067689  169219238  100765  281  40827  37479  22720  1309  298948117  
1441326287  85439723  0  1119018324  121784  49368  0  79400  157  78845  2655  177098107  2147483647  0  38440  0  0  0  205  249484  2147483647  0  327  248  2147483647  0  15568030  0  43072075  169219238  101565  281  40827  37479  22720  1309  300887523  
1441326287  87150421  0  1148797103  121784  49368  0  81178  157  81110  2655  180542095  2147483647  0  38440  0  0  0  205  253173  2147483647  0  329  248  2147483647  0  15568030  0  43394319  169219238  103830  281  40827  37479  22720  1309  308004878  
1441326288  90007573  0  1174771659  121784  49368  0  83675  157  82699  2655  183897453  2147483647  0  38440  0  0  0  205  256379  2147483647  0  329  248  2147483647  0  15568030  0  43394319  169219238  105419  281  40827  37479  22720  1309  312076804  
1441326288  90007573  0  1174771659  121784  49368  0  83675  157  82699  2655  183897453  2147483647  0  38440  0  0  0  205  256379  2147483647  0  329  248  2147483647  0  15568030  0  43394319  169219238  105419  281  40827  37479  22720  1309  312076804  
1441326289  92145488  0  1185472526  121784  49368  0  85852  157  83445  2655  185301211  2147483647  0  38440  0  0  0  205  260102  2147483647  0  335  248  2147483647  0  15568030  0  43516332  169903626  106490  281  40827  37479  23045  1303  314037606  
1441326289  93619768  0  1246435442  121784  49368  0  87228  157  87291  2655  188485938  2147483647  0  38440  0  0  0  205  263904  2147483647  0  338  248  2147483647  0  15568030  0  43523680  174561976  111002  281  40827  37479  23711  1303  324274960  
1441326290  95593419  0  1324275798  121784  49368  0  89504  157  92349  2655  194254986  2147483647  0  38440  0  0  0  205  271091  2147483647  0  342  248  2147483647  0  16027790  0  64124351  201200152  120684  278  40827  37479  28335  1303  343900733  
1441326290  97796058  0  1364754862  121784  49368  0  91645  157  94751  2655  197536677  2147483647  0  38440  0  0  0  205  274923  2147483647  0  342  248  2147483647  0  16027790  0  64124351  201932470  123183  278  40827  37479  28432  1303  350041145  
1441326291  100787928  0  1395805471  121784  49368  0  94317  157  96683  2655  200940052  2147483647  0  38440  0  0  0  205  278452  2147483647  0  343  248  2147483647  0  16027790  0  64128582  201932470  125115  278  40827  37479  28432  1303  354568609  
1441326291  102529851  0  1417159554  121784  49368  0  95954  157  98431  2655  206391099  2147483647  0  38440  0  0  0  205  285944  2147483647  0  351  248  2147483647  0  16027790  0  64141471  205514407  128227  278  40827  37479  29796  1303  359576999  
1441326292  102529851  0  1417159554  121784  49368  0  95954  157  98431  2655  206391099  2147483647  0  38440  0  0  0  205  285944  2147483647  0  351  248  2147483647  0  16027790  0  64141471  205514407  128227  278  40827  37479  29796  1303  359576999  
1441326292  104730736  0  1461025473  121784  49368  0  97874  157  100877  2655  207864785  2147483647  0  38440  0  0  0  205  287386  2147483647  0  351  248  2147483647  0  16027790  0  64141471  205514407  130673  278  40827  37479  29796  1303  366062561  
1441326293  105806510  0  1494380158  121784  49368  0  98798  157  102740  2655  211512808  2147483647  0  38440  0  0  0  205  291299  2147483647  0  351  248  2147483647  0  16027790  0  64141471  205530511  132540  278  40827  37479  29800  1303  370694901  
1441326293  106263233  0  1535651094  121784  49368  0  99182  157  105313  2655  212555686  2147483647  0  38440  0  0  0  205  292595  2147483647  0  351  248  2147483647  0  16027790  0  64141471  205559635  135114  278  40827  37479  29801  1303  377292982  
1441326294  107145464  0  1590050484  121784  49368  0  100082  157  109106  2655  215584379  2147483647  0  38440  0  0  0  205  295688  2147483647  0  354  248  2147483647  0  16027790  0  64239431  216820961  141345  278  40827  37479  32239  1303  387970599  
1441326294  108148148  0  1623112462  121784  49368  0  101027  157  112740  2655  218616661  2147483647  0  38440  0  0  0  205  303129  2147483647  0  358  248  2147483647  0  16027790  0  65919371  229370139  147918  257  40827  37479  35178  1303  398328096  
1441326295  110469923  0  1652510364  121784  49368  0  103331  157  114611  2655  220405980  2147483647  0  38440  0  0  0  205  305155  2147483647  0  358  248  2147483647  0  16027790  0  65919371  229370139  149789  257  40827  37479  35178  1303  403242877  
1441326295  110469923  0  1652510364  121784  49368  0  103331  157  114611  2655  220405980  2147483647  0  38440  0  0  0  205  305155  2147483647  0  358  248  2147483647  0  16027790  0  65919371  229370139  149789  257  40827  37479  35178  1303  403242877  
1441326296  113352708  0  1700757403  121784  49368  0  105901  157  117785  2655  223366331  2147483647  0  38440  0  0  0  205  308300  2147483647  0  360  248  2147483647  0  16027790  0  65927369  229370139  152963  257  40827  37479  35178  1303  411557686  
1441326296  114354445  0  1724750333  121784  49368  0  107021  157  119298  2655  227160638  2147483647  0  38440  0  0  0  205  312514  2147483647  0  360  248  2147483647  0  16027790  0  65927369  229370139  154476  257  40827  37479  35178  1303  415601197  
1441326297  116958189  0  1732519568  121784  49368  0  109453  157  119816  2655  233033414  2147483647  0  38440  0  0  0  205  318878  2147483647  0  364  248  2147483647  0  16027790  0  75044221  232041211  155622  257  40827  42377  35806  1303  418160553  
1441326297  118674148  0  1733803518  121784  49368  0  111533  157  120020  2655  235066230  2147483647  0  38440  0  0  0  205  327217  2147483647  0  366  248  2147483647  0  16027790  0  75045445  232041211  155826  257  40827  42377  35806  1303  418453166  
1441326298  121697599  0  1788680728  121784  49368  0  114317  157  124058  2655  236525562  2147483647  0  38440  0  0  0  205  329837  2147483647  0  366  248  2147483647  0  16027790  0  75045445  244562465  162648  257  40827  42377  38590  1303  431700325  
1441326298  124556688  0  1856861144  121784  49368  0  117366  157  130684  2655  240540419  2147483647  0  38440  0  0  0  205  335029  2147483647  0  370  248  2147483647  0  16027790  0  75433988  277986511  175364  257  40827  42377  44680  1303  456791368  
1441326299  124556688  0  1856861144  121784  49368  0  117366  157  130684  2655  240540419  2147483647  0  38440  0  0  0  205  335029  2147483647  0  370  248  2147483647  0  16027790  0  75433988  277986511  175364  257  40827  42377  44680  1303  456791368  
1441326299  126183913  0  1890873647  121784  49368  0  119030  157  133118  2655  243388044  2147483647  0  38440  0  0  0  205  338127  2147483647  0  370  248  2147483647  0  16027790  0  75433988  277986511  177798  257  40827  42377  44680  1303  462447682  
1441326300  128819812  0  1902778587  121784  49368  0  121430  157  133915  2655  244763807  2147483647  0  38440  0  0  0  205  339886  2147483647  0  370  248  2147483647  0  16027790  0  75433988  277986511  178595  257  40827  42377  44680  1303  464315431  
1441326300  130448932  0  2001697330  121784  49368  0  123254  157  144447  2655  251282357  2147483647  0  38440  0  0  0  205  348797  2147483647  0  378  248  2147483647  0  16027790  0  78899809  326981664  201029  242  40827  42377  56582  1276  501213182  
1441326305  130632242  0  2074921356  121784  49368  0  123446  157  149135  2655  252501907  2147483647  0  38440  0  0  0  205  350345  2147483647  0  378  248  2147483647  0  16027790  0  78899809  327011347  205718  242  40827  42377  56583  1276  518188115  
1441326305  139864416  0  2348584320  121784  49368  0  131503  157  166778  2655  278414536  2147483647  0  38440  0  0  0  205  383845  2147483647  0  402  248  2147483647  0  19427654  0  106700000  389213959  234755  242  40827  42377  67977  1276  578993733  
1441326306  140488948  0  2380198657  121784  49368  0  132143  157  169006  2655  282313966  2147483647  0  38440  0  0  0  205  387783  2147483647  0  402  248  2147483647  0  19427654  0  106700000  389213959  236983  242  40827  42377  67977  1276  584585750  
1441326306  141608914  0  2440167729  121784  49368  0  133137  157  173914  2655  286919226  2147483647  0  38440  0  0  0  205  394077  2147483647  0  402  248  2147483647  0  19427654  0  106700000  415048776  246506  242  40827  42377  72592  1276  605240903  
1441326307  143383824  0  2444960463  121784  49368  0  134654  157  174216  2655  292509374  2147483647  0  38440  0  0  0  205  400109  2147483647  0  404  248  2147483647  0  19427654  0  108009207  415126895  246817  242  40827  42377  72601  1276  606052552  
1441326307  144059125  0  2523278925  121784  49368  0  135486  157  178812  2655  294215193  2147483647  0  38440  0  0  0  205  402395  2147483647  0  406  248  2147483647  0  19427654  0  108016306  415126895  251413  242  40827  42377  72601  1276  616818610  
1441326308  145408440  0  2532671706  121784  49368  0  136728  157  179452  2655  299022262  2147483647  0  38440  0  0  0  205  407514  2147483647  0  406  248  2147483647  0  19427654  0  108016306  415126895  252053  242  40827  42377  72601  1276  618354826  
1441326308  145408440  0  2532671706  121784  49368  0  136728  157  179452  2655  299022262  2147483647  0  38440  0  0  0  205  407514  2147483647  0  406  248  2147483647  0  19427654  0  108016306  415126895  252053  242  40827  42377  72601  1276  618354826  
1441326309  146165941  0  2600745003  121784  49368  0  137630  157  184004  2655  303589100  2147483647  0  38440  0  0  0  205  414027  2147483647  0  409  248  2147483647  0  19427654  0  108021893  449645030  262936  242  40827  42377  78932  1276  638215652  
1441326309  149124510  0  2611926385  121784  49368  0  140734  157  184664  2655  307323588  2147483647  0  38440  0  0  0  205  418360  2147483647  0  409  248  2147483647  0  19427654  0  108021893  449645030  263596  242  40827  42377  78932  1276  639931169  
1441326310  151665335  0  2660896740  121784  49368  0  143454  157  191249  2655  313265432  2147483647  0  38440  0  0  0  205  426837  2147483647  0  413  248  2147483647  0  19427654  0  109084494  477322391  279831  242  40827  42377  88582  1276  657241037  
1441326310  154102251  0  2670187002  121784  49368  0  145855  157  191860  2655  315634495  2147483647  0  38440  0  0  0  205  429682  2147483647  0  413  248  2147483647  0  19427654  0  109084494  477322391  280442  242  40827  42377  88582  1276  658815931  
1441326311  155777037  0  2710892589  121784  49368  0  147487  157  194609  2655  321104410  2147483647  0  38440  0  0  0  205  435279  2147483647  0  418  248  2147483647  0  19427654  0  109098553  477322391  283191  242  40827  42377  88582  1276  665427281  
1441326311  156423119  0  2794821749  121784  49368  0  148096  157  199905  2655  323381015  2147483647  0  38440  0  0  0  205  438308  2147483647  0  420  248  2147483647  0  19427654  0  109100037  485619308  290155  242  40827  42377  90250  1276  680742081  
1441326312  157826522  0  2852794463  121784  49368  0  149504  157  203419  2655  325617020  2147483647  0  38440  0  0  0  205  440637  2147483647  0  420  248  2147483647  0  19427654  0  109100037  485619308  293669  242  40827  42377  90250  1276  689505227  
1441326312  157826522  0  2852794463  121784  49368  0  149504  157  203419  2655  325617020  2147483647  0  38440  0  0  0  205  440637  2147483647  0  420  248  2147483647  0  19427654  0  109100037  485619308  293669  242  40827  42377  90250  1276  689505227  
1441326313  158357503  0  2947699038  121784  49368  0  150070  157  209274  2655  326346288  2147483647  0  38440  0  0  0  205  441356  2147483647  0  423  248  2147483647  0  19427654  0  109109825  500295514  301143  242  40827  42377  91869  1276  708177857  
1441326313  158443625  0  2992904440  121784  49368  0  150134  157  212129  2655  328240262  2147483647  0  38440  0  0  0  205  443320  2147483647  0  423  248  2147483647  0  19427654  0  109109825  500295514  303998  242  40827  42377  91869  1276  714804772  
1441326314  159604889  0  3028152157  121784  49368  0  151096  157  214595  2655  331712323  2147483647  0  38440  0  0  0  205  446881  2147483647  0  423  248  2147483647  0  19427654  0  109109825  515754647  307906  242  40827  42377  93311  1276  726109953  
1441326314  160109352  0  3059835842  121784  49368  0  151544  157  216785  2655  338122735  2147483647  0  38440  0  0  0  205  453556  2147483647  0  430  248  2147483647  0  19427654  0  111664690  527371674  311801  242  40827  42377  95016  1276  734682999  
1441326315  163432769  0  3065472254  121784  49368  0  154776  157  217179  2655  347128947  2147483647  0  38440  0  0  0  205  465456  2147483647  0  434  248  2147483647  0  19427654  0  114951770  532034408  313990  242  40827  42377  96811  1276  737473285  
1441326315  165233376  0  3065472254  121784  49368  0  156408  157  217179  2655  347128947  2147483647  0  38440  0  0  0  205  465456  2147483647  0  434  248  2147483647  0  19427654  0  114951770  532200214  314003  242  40827  42377  96824  1276  737523507  
1441326316  165233376  0  3065472254  121784  49368  0  156408  157  217179  2655  347128947  2147483647  0  38440  0  0  0  205  465456  2147483647  0  434  248  2147483647  0  19427654  0  114951770  532200214  314003  242  40827  42377  96824  1276  737523507  
1441326316  166280961  0  3094772623  121784  49368  0  157720  157  219247  2655  350064544  2147483647  0  38440  0  0  0  205  469106  2147483647  0  434  248  2147483647  0  19427654  0  114951770  532200214  316071  242  40827  42377  96824  1276  742846336  
1441326317  167369647  0  3113513221  121784  49368  0  158584  157  220463  2655  351310495  2147483647  0  38440  0  0  0  205  470267  2147483647  0  434  248  2147483647  0  19427654  0  114951770  533044573  317362  242  40827  42377  96899  1276  746595195  
1441326317  167369647  0  3113513221  121784  49368  0  158584  157  220463  2655  351385730  2147483647  0  38440  0  0  0  205  470343  2147483647  0  436  248  2147483647  0  19427654  0  114958993  533044573  317362  242  40827  42377  96899  1276  746595195  
